0 21 11 20 15 2 2 2 1 1 2 
1 14 0 17 21 6 1 1 2 2 2 
2 24 26 10 11 1 2 0 2 1 2 
3 1 8 2 22 18 2 2 2 1 0 
4 19 29 7 5 2 1 0 0 1 2 
5 24 7 15 4 20 0 1 2 2 2 
6 0 11 18 27 24 1 2 2 2 1 
7 21 12 17 22 29 1 2 1 2 2 
8 1 25 2 18 28 2 0 1 1 1 
9 23 10 11 3 15 2 1 2 2 1 
10 26 28 5 0 29 2 2 1 2 2 
11 12 21 14 2 28 0 0 2 0 0 
12 18 4 8 2 19 1 2 1 2 2 
13 2 6 29 17 25 0 1 1 0 2 
14 18 4 3 16 6 2 1 2 2 1 
15 21 18 19 0 16 0 1 2 1 2 
16 3 14 22 20 6 1 1 0 0 0 
17 22 28 15 26 1 0 2 0 1 2 
18 6 4 25 16 22 0 1 0 0 0 
19 23 11 9 7 8 1 2 0 2 0 
20 0 4 28 16 15 0 1 0 0 0 
21 16 5 8 19 14 1 2 1 2 0 
22 6 1 0 18 11 0 0 0 0 0 
23 25 11 18 20 13 2 1 2 1 1 
24 25 0 16 13 28 2 1 2 1 0 
25 19 6 10 3 2 0 2 0 2 0 
26 17 20 19 29 4 2 1 2 0 1 
27 3 29 5 11 4 2 1 2 0 2 
28 10 7 2 8 25 2 1 0 1 0 
29 9 13 6 7 14 1 0 0 0 2 
