1.90725

1 0.0992554
2 -0.195285
3 -0.170373
4 0.124481
5 -0.0574708
6 -0.116487
7 0.0361383
8 -0.187336
9 0.150129
10 0.0130869
11 0.12124
12 0.0297675
13 0.11466
14 -0.0170656
15 -0.0712584
16 0.12545
17 -0.184508
18 0.120387
19 -0.127642
20 0.0913047
21 -0.0855179
22 0.0518999
23 0.10852
24 0.172363
25 -0.150189
26 0.0751183
27 0.113413
28 -0.124101
29 0.0235904
30 -0.117612
31 -0.00714401
32 0.0807881
33 -0.0377968
34 -0.196937
35 0.165302
36 -0.0787679
37 0.156428
38 -0.0704549
39 0.106908
40 0.0219434
41 -0.0826105
42 0.184434
43 -0.0498439
44 -0.0294809
45 -0.0619936
46 0.0597352
47 0.179304
48 -0.174838
49 0.160753
50 -0.0369908
51 0.168491
52 0.177935
53 -0.129645
54 0.15245
55 0.0850455
56 0.158089
57 -0.0470746
58 0.0693633
59 -0.157834
60 0.0810776
61 0.0397339
62 -0.0455536
63 0.0210236
64 -0.0225576
65 -0.0869448
66 -0.130227
67 0.0111897
68 0.0549735
69 0.100322
70 0.146546
71 0.189902
72 -0.142177
73 -0.160734
74 0.109353
75 -0.0730767
76 0.195532
77 -0.0555709
78 0.0579147
79 0.159153
80 -0.181255
81 -0.0379482
82 0.0182788
83 0.121877
84 -0.0794721
85 0.0574009
86 0.0506383
87 -0.0881595
88 0.189433
89 -0.0195733
90 -0.0479674
91 -0.155177
92 0.0751633
93 0.0320384
94 -0.160537
95 -0.0809138
96 -0.169811
97 -0.165221
98 -0.126983
99 0.13165
100 0.0778104
101 0.0245153
102 -0.0277421
103 -0.161465
104 0.1786
105 0.144885
106 -0.126082
107 -0.126912
108 -0.0796646
109 -0.0233934
110 -0.087913
111 -0.0193448
112 -0.077357
113 -0.140465
114 -0.0716508
115 -0.114898
116 0.0344084
117 -0.0505516
118 -0.114552
119 -0.0856926
120 -0.10583
121 -0.174259
122 0.0463463
123 0.15871
124 -0.0215034
125 0.0680237
126 0.091165
127 -0.169614
128 -0.00946722
129 0.0132748
130 -0.199226
131 -0.175701
132 0.0643107
133 -0.134407
134 -0.193022
135 -0.0764979
136 0.127102
137 -0.000801063
138 0.0566833
139 0.120427
140 0.127443
141 -0.0155335
142 0.167801
143 -0.137012
144 -0.14664
145 -0.0378477
146 0.00697596
147 0.178403
148 0.140157
149 -0.0238444
150 -0.139764
151 0.0773976
152 -0.173137
153 0.132602
154 0.110165
155 0.044133
156 -0.0864629
157 -0.179639
158 -0.0456133
159 -0.159481
160 -0.0646166
161 0.025006
162 0.103557
163 0.146376
164 -0.135948
165 -0.0253487
166 0.132708
167 -0.0149432
168 0.0130272
169 0.0799821
170 0.147489
171 -0.0225168
172 -0.0299443
173 -0.17164
174 -0.0515625
175 0.156642
176 -0.101425
177 -0.0350422
178 0.176531
179 0.0178248
180 -0.1789
181 0.0575689
182 -0.00619186
183 0.152878
184 -0.104392
185 -0.119586
186 0.00457359
187 -0.0414664
188 0.128329
189 -0.0203655
190 0.0719156
191 0.0832698
192 0.0344995
193 0.156435
194 0.0947603
195 0.151533
196 -0.164851
197 -0.16181
198 -0.148845
199 -0.0854034
200 0.159697
201 -0.131145
202 -0.132048
203 -0.192736
204 -0.175279
205 0.0984351
206 -0.141379
207 -0.116019
208 0.138052
209 0.183081
210 -0.0156999
211 -0.120686
212 0.152289
213 -0.0320019
214 0.142364
215 -0.0897682
216 0.0612427
217 -0.183535
218 -0.0747706
219 0.046208
220 -0.1754
221 0.139326
222 -0.143823
223 -0.171361
224 0.0385815
225 -0.143031
226 0.0153703
227 0.12802
228 -0.024533
229 -0.0957516
230 0.157901
231 -0.0898892
232 -0.0802885
233 0.179264
234 0.139962
235 0.107493
236 -0.0735854
237 0.0697822
238 0.191239
239 0.0943051
240 0.159169
241 0.019926
242 0.0544526
243 0.192286
244 0.0814889
245 -0.190048
246 -0.123498
247 0.090547
248 0.170202
249 0.138099
250 -0.152712
251 0.00107423
252 -0.0225175
253 -0.12556
254 -0.049976
255 0.014245
256 0.0137347
257 0.10757
258 0.0151202
259 0.159503
260 0.154307
261 -0.0101566
262 -0.00338067
263 -0.00869578
264 0.185519
265 -0.138139
266 0.197936
267 -0.0939416
268 0.113499
269 0.0950259
270 -0.044752
271 0.0768533
272 0.0619349
273 0.0777167
274 0.100744
275 -0.0363938
276 -0.0732382
277 0.0797965
278 0.183452
279 -0.0470148
280 0.104424
281 0.194417
282 0.0383482
283 0.0710672
284 -0.127696
285 -0.136232
286 -0.101372
287 0.151794
288 0.19987
289 0.0435713
290 -0.0850679
291 0.14717
292 0.0189789
293 -0.0319275
294 0.183035
295 0.0635495
296 0.142699
297 -0.0172007
298 0.143227
299 0.0643338
300 -0.129256
301 0.05512
302 -0.128972
303 -0.181867
304 -0.0503103
305 -0.129575
306 -0.0963608
307 0.085392
308 -0.112914
309 -0.197056
310 0.0319687
311 0.107942
312 0.00526726
313 0.0499064
314 0.104483
315 0.0560888
316 -0.00297408
317 -0.00100724
318 0.0708564
319 -0.0381979
320 0.138763
321 -0.0336269
322 -0.011809
323 -0.0967392
324 -0.0382008
325 -0.153978
326 0.147718
327 -0.163022
328 0.03409
329 0.123452
330 0.121121
331 -0.0992523
332 -0.0342422
333 0.138633
334 -0.0157769
335 0.124648
336 -0.127804
337 -0.156087
338 0.162788
339 -0.0817554
340 -0.0283243
341 0.154311
342 0.199544
343 0.120509
344 -0.1651
345 -0.00949547
346 0.0294625
347 0.157846
348 -0.0288269
349 -0.018142
350 0.00550468
351 0.0401284
352 -0.111319
353 0.197692
354 -0.0474599
355 0.0144213
356 0.128691
357 -0.112062
358 -0.063719
359 -0.148942
360 0.113405
361 0.157277
362 0.0279982
363 0.117313
364 0.124923
365 -0.163458
366 0.015228
367 -0.165438
368 0.199977
369 0.176588
370 -0.120628
371 0.0251598
372 0.103397
373 0.156711
374 -0.0400807
375 -0.029317
376 0.0929312
377 0.168693
378 0.0201078
379 0.0851854
380 -0.0280396
381 -0.115356
382 -0.152871
383 0.0149596
384 -0.181756
385 0.185026
386 -0.183307
387 -0.0468379
388 -0.174281
389 0.19873
390 0.149318
391 -0.0411243
392 0.0843657
393 -0.113701
394 -0.0589454
395 -0.0820884
396 0.120162
397 -0.0283391
398 -0.104628
399 -0.0737029
400 -0.134806
401 -0.121209
402 0.0578032
403 0.00829753
404 -0.0822087
405 0.147514
406 0.187486
407 -0.10566
408 0.0416474
409 -0.127748
410 -0.00132983
411 0.0866662
412 0.0819179
413 -0.139951
414 0.0242168
415 0.11652
416 0.0222805
417 -0.00765953
418 -0.118135
419 0.0354564
420 0.159555
421 -0.168009
422 0.0971902
423 -0.0071072
424 -0.0559992
425 -0.097121
426 0.0134587
427 0.124504
428 -0.0140999
429 0.131898
430 -0.0155811
431 -0.0971867
432 -0.126814
433 0.0446128
434 0.190349
435 0.0795196
436 0.0918888
437 -0.0155758
438 0.0804877
439 0.188541
440 0.069314
441 -0.0286088
442 0.0753809
443 0.0752488
444 -0.0679023
445 0.00939206
446 0.128703
447 -0.149606
448 -0.142797
449 0.195605
450 -0.0333229
451 -0.0397967
452 -0.150569
453 0.0205327
454 -0.149846
455 0.174188
456 -0.147601
457 -0.184978
458 0.148519
459 -0.183417
460 -0.168116
461 -0.0510338
462 -0.120009
463 -0.14452
464 -0.198527
465 0.0750528
466 0.0389143
467 -0.00660183
468 -0.151995
469 -0.0866562
470 0.163221
471 0.0385111
472 -0.129543
473 0.0658502
474 -0.0955549
475 0.111671
476 -0.135065
477 0.176551
478 -0.0665627
479 0.0883654
480 -0.147688
481 -0.183736
482 0.0290645
483 0.163683
484 0.0167668
485 -0.111656
486 -0.0805461
487 -0.0850271
488 0.0841835
489 0.195918
490 0.0257548
491 -0.0617065
492 0.00377926
493 -0.127049
494 -0.0975544
495 -0.0281523
496 -0.154596
497 -0.101212
498 -0.147962
499 -0.195258
500 0.0207056
501 -0.0979293
502 -0.0358578
503 0.105198
504 0.0466536
505 -0.126255
506 -0.172707
507 0.0746448
508 -0.113468
509 0.0166322
510 0.160305
511 -0.198877
512 0.0479148
513 -0.188745
514 -0.109083
515 -0.0155623
516 -0.00277602
517 -0.149397
518 0.108201
519 0.0713205
520 0.164581
521 0.0837814
522 0.185812
523 -0.0972217
524 0.137547
525 0.057349
526 -0.102794
527 0.0297369
528 -0.0408777
529 -0.100996
530 0.142807
531 -0.0119109
532 -0.155655
533 -0.166262
534 -0.0530972
535 0.195874
536 -0.107523
537 -0.0710205
538 0.174956
539 -0.158736
540 0.000152505
541 0.199544
542 0.0229707
543 -0.196294
544 -0.0763762
545 0.130752
546 -0.0021546
547 0.0488316
548 0.121369
549 -0.0520563
550 -0.00898721
551 -0.159096
552 -0.19412
553 -0.0432269
554 0.0417754
555 -0.022362
556 0.136496
557 0.170819
558 -0.0713648
559 0.145333
560 0.114725
561 -0.0494865
562 0.127911
563 -0.0823991
564 0.0683682
565 -0.15433
566 -0.00778554
567 -0.0829982
568 -0.0478086
569 0.177565
570 0.100095
571 0.163874
572 -0.0889886
573 -0.190931
574 -0.0561932
575 -0.0171275
576 0.0414556
577 -0.183645
578 0.0237781
579 -0.0620608
580 -0.158665
581 0.111351
582 0.198903
583 -0.0875665
584 0.182879
585 -0.155059
586 0.0826236
587 -0.0319749
588 0.105281
589 -0.180103
590 -0.0261141
591 0.193295
592 -0.144368
593 0.0531257
594 0.0683462
595 -0.168019
596 -0.170818
597 0.145751
598 0.0693917
599 -0.0911066
600 -0.0452968
601 -0.161046
602 -0.0698749
603 -0.187108
604 0.151324
605 -0.141916
606 0.095788
607 0.0544479
608 0.143439
609 -0.0774666
610 0.0169471
611 -0.00657614
612 0.119984
613 -0.0900812
614 0.148451
615 0.0630316
616 -0.157978
617 -0.0689542
618 0.155048
619 0.141797
620 -0.196119
621 0.0334966
622 -0.00390955
623 0.0634748
624 -0.0902774
625 0.10559
626 0.109097
627 0.0958589
628 -0.0543885
629 0.143312
630 -0.127404
631 -0.00909817
632 0.0361558
633 0.169177
634 -0.114149
635 0.0639423
636 -0.0662089
637 -0.155153
638 0.00369529
639 -0.0733844
640 0.151213
641 -0.037196
642 0.0746821
643 -0.1274
644 0.182262
645 -0.0610862
646 0.15072
647 0.135945
648 0.0798233
649 0.169787
650 -0.189818
651 0.0588743
652 -0.0310489
653 0.168949
654 -0.00705557
655 0.062371
656 -0.0548658
657 -0.0556883
658 -0.0528525
659 0.0465975
660 -0.119691
661 -0.132691
662 0.111211
663 -0.0409171
664 -0.0857614
665 0.190081
666 0.172588
667 0.195777
668 -0.0661997
669 -0.0582211
670 -0.0997031
671 -0.0479681
672 0.0496106
673 -0.0167724
674 0.0137533
675 0.164808
676 0.0541585
677 0.11753
678 -0.119424
679 -0.146673
680 -0.101657
681 0.141118
682 0.115177
683 0.00542456
684 0.107425
685 -0.0677001
686 0.1941
687 0.0837528
688 -0.116599
689 -0.197383
690 0.152992
691 -0.199567
692 -0.0226172
693 -0.197712
694 0.109258
695 -0.107613
696 0.025342
697 0.0153527
698 -0.0522811
699 0.0786788
700 0.0264673
701 -0.0510061
702 0.149539
703 -0.114067
704 0.0419176
705 0.182641
706 0.0544317
707 0.0465122
708 0.0894411
709 0.196856
710 0.0325976
711 -0.0556181
712 0.18975
713 -0.0852793
714 -0.0514098
715 0.193815
716 0.0774774
717 -0.0889423
718 -0.182189
719 -0.0927472
720 0.0449199
721 -0.131112
722 -0.146213
723 -0.0473924
724 -0.0701018
725 -0.115876
726 -0.1594
727 -0.051999
728 -0.0772943
729 -0.0373463
730 -0.171603
731 -0.152778
732 -0.185892
733 -0.115828
734 -0.195227
735 0.0444806
736 0.131652
737 0.125515
738 -0.164438
739 -0.190862
740 -0.123464
741 -0.0659569
742 0.193275
743 -0.130026
744 -0.0850489
745 -0.0668725
746 -0.100052
747 -0.132742
748 0.0468204
749 -0.0744909
750 -0.119826
751 0.136222
752 0.044795
753 0.0895608
754 0.0302907
755 -0.149919
756 -0.108701
757 -0.068435
758 -0.005823
759 -0.125915
760 0.19232
761 -0.141506
762 0.0188857
763 -0.0168317
764 -0.0615154
765 0.182779
766 0.134391
767 0.100423
768 0.191696
769 -0.115385
770 0.083041
771 -0.170418
772 -0.0602931
773 -0.0310109
774 0.0462432
775 -0.186115
776 -0.0813877
777 -0.0717908
778 -0.0949601
779 0.119889
780 -0.10742
781 -0.0182221
782 -0.125151
783 -0.156175
784 0.176975
785 0.152101
786 0.0487102
787 -0.03348
788 -0.194687
789 -0.0372551
790 0.0425552
791 -0.170925
792 0.0442032
793 0.169364
794 -0.0504183
795 0.0219361
796 0.140021
797 -0.0605779
798 0.174961
799 0.0215796
800 0.0423956
801 -0.089829
802 0.196632
803 0.0563697
804 -0.0984752
805 -0.0255537
806 -0.0564926
807 -0.0809643
808 0.0160323
809 -0.165701
810 0.134019
811 0.141941
812 -0.141935
813 -0.196522
814 -0.0097696
815 -0.0716587
816 -0.0321522
817 -0.0976037
818 -0.00656109
819 0.0505435
820 0.0233807
821 -0.190096
822 0.0477261
823 -0.0682386
824 0.12279
825 0.0910135
826 -0.198653
827 -0.0450438
828 0.0197071
829 0.0447277
830 -0.137673
831 0.179265
832 0.0166404
833 0.0441239
834 -0.0153375
835 0.0237739
836 -0.129118
837 -0.129564
838 -0.108198
839 -0.127159
840 0.0604497
841 0.0037098
842 -0.131505
843 -0.0585904
844 0.151338
845 -0.079937
846 0.157401
847 -0.00635484
848 0.107057
849 -0.124324
850 0.00591607
851 0.1534
852 -0.103688
853 0.126243
854 -0.104893
855 0.11632
856 0.11224
857 -0.0580938
858 -0.147147
859 -0.10492
860 -0.0545174
861 0.03633
862 0.111726
863 0.0276989
864 -0.19409
865 -0.0336202
866 0.100555
867 -0.075351
868 -0.149194
869 -0.0200207
870 0.0664775
871 0.185092
872 -0.145582
873 0.0936122
874 -0.0423653
875 0.136571
876 -0.0774118
877 0.062457
878 -0.13765
879 -0.0526541
880 -0.121177
881 -0.150999
882 -0.010505
883 0.176044
884 0.0275214
885 -0.126038
886 -0.17196
887 0.181014
888 0.0514924
889 0.0284193
890 -0.172522
891 0.178922
892 -0.0526135
893 -0.0213448
894 0.044894
895 0.0197888
896 0.0158766
897 -0.186644
898 0.106761
899 0.0418373
900 -0.08875
901 0.143507
902 -0.0883653
903 -0.0165297
904 0.140691
905 -0.111064
906 -0.188924
907 0.138757
908 0.0662422
909 0.118631
910 -0.179958
911 -0.0731079
912 -0.12029
913 0.0289826
914 -0.0850942
915 -0.117543
916 0.142049
917 -0.000527881
918 0.0804687
919 0.109573
920 0.0106416
921 -0.0448291
922 0.0154044
923 0.169666
924 -0.121178
925 -0.0147667
926 0.0323244
927 0.084091
928 -0.0466954
929 0.115786
930 0.139252
931 0.0391573
932 0.119264
933 -0.00328765
934 -0.175576
935 0.190152
936 0.131905
937 -0.156154
938 -0.126964
939 -0.0847495
940 0.0993857
941 -0.0110913
942 -0.0545462
943 0.0670431
944 0.00919779
945 0.154156
946 0.0574733
947 0.0271407
948 -0.157907
949 -0.0405978
950 -0.167485
951 -0.0572444
952 0.161908
953 0.178798
954 0.199383
955 0.182238
956 0.145443
957 -0.0139587
958 0.0605855
959 0.0400282
960 -0.115475
961 -0.0629528
962 -0.0472242
963 0.121931
964 0.0382695
965 0.14844
966 0.137529
967 0.0307831
968 -0.139466
969 -0.127366
970 -0.0865992
971 -0.0515133
972 0.0220527
973 0.152367
974 0.0725277
975 0.0552087
976 0.146055
977 -0.041445
978 -0.189181
979 0.00987282
980 0.0831336
981 0.104756
982 -0.071741
983 -0.0422003
984 0.107127
985 -0.024024
986 0.0132983
987 -0.00768818
988 0.0500341
989 -0.0844575
990 -0.126886
991 -0.122389
992 -0.0592374
993 0.0793966
994 0.0823075
995 -0.124078
996 -0.199825
997 -0.10267
998 -0.0899204
999 -0.0871784
1000 -0.119305
1001 -0.00393952
1002 -0.157078
1003 -0.0260448
1004 -0.190105
1005 -0.0449381
1006 -0.176423
1007 0.174503
1008 0.171676
1009 -0.0493042
1010 -0.0858193
1011 -0.135011
1012 0.0401486
1013 0.0494396
1014 -0.117853
1015 0.101115
1016 0.0134588
1017 -0.0939264
1018 0.193454
1019 0.112765
1020 0.06718
1021 -0.189883
1022 0.0349561
1023 0.0742816
1024 -0.169992
1025 0.0280931
1026 -0.121106
1027 -0.111695
1028 0.154373
1029 0.152538
1030 0.0123197
1031 -0.0404394
1032 0.198931
1033 0.131586
1034 0.190615
1035 -0.0395732
1036 -0.101198
1037 -0.191521
1038 0.0423126
1039 -0.0758144
1040 -0.187149
1041 -0.00756302
1042 0.181514
1043 0.0309321
1044 -0.0495875
1045 0.0571123
1046 -0.0989557
1047 0.0670924
1048 0.111817
1049 -0.18757
1050 -0.0633473
1051 -0.00810569
1052 -0.04998
1053 -0.0675684
1054 -0.176179
1055 -0.100736
1056 -0.0866787
1057 -0.0486581
1058 -0.0772413
1059 -0.0236211
1060 -0.0257086
1061 0.0743163
1062 -0.0544603
1063 -0.179203
1064 0.0347535
1065 0.121985
1066 -0.154635
1067 0.0504957
1068 -0.114871
1069 0.0450645
1070 0.0772331
1071 -0.160044
1072 -0.0627507
1073 -0.198769
1074 0.0640442
1075 0.111748
1076 -0.111225
1077 -0.0689836
1078 0.174305
1079 -0.195857
1080 -0.0279888
1081 0.156642
1082 -0.0691235
1083 0.167222
1084 2.08639e-05
1085 -0.0752392
1086 0.038892
1087 0.113988
1088 -0.169043
1089 0.00203005
1090 0.131479
1091 -0.188664
1092 0.194291
1093 -0.0438873
1094 -0.0742593
1095 0.00273169
1096 0.129096
1097 -0.0780375
1098 -0.0139308
1099 -0.108682
1100 0.046823
1101 0.1106
1102 0.0203382
1103 -0.0850969
1104 0.0929783
1105 -0.00488707
1106 -0.180301
1107 0.116254
1108 -0.141073
1109 0.129634
1110 -0.0636663
1111 -0.0726083
1112 0.073131
1113 0.171113
1114 0.0994324
1115 -0.105241
1116 -0.0745664
1117 0.197702
1118 -0.0236861
1119 -0.121667
1120 0.0573129
1121 0.0676
1122 -0.164149
1123 0.162755
1124 0.0644635
1125 -0.0480003
1126 -0.111863
1127 0.142579
1128 0.0285125
1129 0.178676
1130 -0.0333091
1131 0.0902268
1132 -0.172513
1133 0.0677099
1134 -0.175753
1135 -0.177073
1136 0.147722
1137 -0.0441808
1138 -0.131727
1139 -0.090485
1140 -0.057994
1141 -0.0662903
1142 0.0573426
1143 0.00591905
1144 -0.195857
1145 -0.0943089
1146 -0.128993
1147 0.134605
1148 -0.000110151
1149 -0.0819662
1150 -0.0401396
1151 -0.138639
1152 -0.0611135
1153 0.104869
1154 -0.107049
1155 0.141218
1156 0.133032
1157 -0.147596
1158 -0.0502052
1159 -0.157338
1160 0.0353353
1161 -0.0850307
1162 0.0717979
1163 0.0314474
1164 -0.0361461
1165 0.00981875
1166 -0.057761
1167 0.186987
1168 0.0390984
1169 -0.101091
1170 0.153652
1171 0.0239709
1172 -0.0505964
1173 0.178304
1174 -0.194939
1175 -0.0974367
1176 0.148251
1177 0.190973
1178 0.067628
1179 -0.0304443
1180 0.0310296
1181 0.0712255
1182 -0.101589
1183 0.163976
1184 -0.106096
1185 0.0017667
1186 0.0864216
1187 -0.169277
1188 -0.172316
1189 -0.00190382
1190 -0.0242398
1191 -0.142231
1192 0.0169088
1193 0.145512
1194 -0.0136453
1195 0.151539
1196 0.169471
1197 0.149335
1198 -0.03962
1199 -0.138234
1200 0.069829
1201 -0.0129355
1202 0.181983
1203 0.190381
1204 -0.0507439
1205 0.164717
1206 0.197283
1207 -0.0269728
1208 0.100396
1209 0.19511
1210 -0.0474232
1211 -0.164453
1212 0.0267131
1213 -0.194278
1214 -0.175514
1215 -0.047297
1216 0.13931
1217 0.182069
1218 0.0167104
1219 -0.0942467
1220 0.0652887
1221 -0.167005
1222 0.122309
1223 0.0543297
1224 0.137739
1225 -0.042781
1226 -0.142523
1227 0.0364704
1228 0.0522673
1229 0.0270618
1230 0.196903
1231 -0.1808
1232 -0.141657
1233 0.0516369
1234 -0.0109802
1235 -0.0873149
1236 -0.130647
1237 -0.0982295
1238 0.0912456
1239 -0.000204543
1240 0.00148496
1241 0.127581
1242 -0.15819
1243 -0.0487359
1244 -0.105944
1245 0.125863
1246 -0.0817341
1247 -0.0131849
1248 0.189104
1249 0.0205656
1250 0.150468
1251 -0.139718
1252 0.0232716
1253 0.0363559
1254 0.000640271
1255 0.113632
1256 -0.0732038
1257 -0.0140706
1258 0.138381
1259 -0.00900429
1260 0.144037
1261 0.0878202
1262 0.17833
1263 -0.158321
1264 0.0856976
1265 -0.167794
1266 0.0595114
1267 -0.103252
1268 0.0304437
1269 0.139147
1270 -0.00415887
1271 -0.0727305
1272 -0.116048
1273 0.0834761
1274 0.0333579
1275 -0.0547486
1276 0.0564577
1277 -0.0172885
1278 -0.160057
1279 -0.194292
1280 0.159379
1281 -0.0574948
1282 -0.151145
1283 -0.116553
1284 0.120696
1285 0.0659687
1286 -0.10252
1287 -0.179489
1288 0.0559266
1289 0.0264584
1290 0.073794
1291 0.141612
1292 0.155747
1293 -0.197308
1294 -0.158102
1295 -0.0579739
1296 0.0898638
1297 -0.0954728
1298 0.0930322
1299 0.0267809
1300 -0.0752203
1301 -0.0182596
1302 -0.0904744
1303 -0.100691
1304 0.156632
1305 -0.0414138
1306 0.0273504
1307 -0.0383927
1308 -0.0303556
1309 -0.159092
1310 -0.0170949
1311 0.0839279
1312 0.154143
1313 -0.103982
1314 -0.0826802
1315 -0.00434869
1316 -0.111535
1317 -0.127376
1318 0.162209
1319 0.114383
1320 0.0162023
1321 -0.0222835
1322 -0.0910105
1323 -0.0734761
1324 0.0505733
1325 0.175168
1326 0.0668179
1327 -0.187618
1328 -0.178809
1329 -0.107696
1330 0.111073
1331 0.126602
1332 -0.0572133
1333 0.0619741
1334 -0.00112597
1335 -0.0643852
1336 -0.101473
1337 0.102588
1338 -0.0612811
1339 -0.156903
1340 0.172155
1341 0.0774818
1342 -0.185531
1343 -0.19058
1344 0.077984
1345 0.156727
1346 0.0656527
1347 -0.0768208
1348 0.121023
1349 0.163558
1350 0.0804669
1351 0.000556519
1352 -0.00108951
1353 -0.0138892
1354 0.140451
1355 0.0996316
1356 0.0972642
1357 0.0664858
1358 -0.0749358
1359 0.0248426
1360 0.0369557
1361 -0.0429824
1362 0.105006
1363 -0.147825
1364 -0.144349
1365 0.0599221
1366 0.12566
1367 0.0793997
1368 -0.041826
1369 0.152767
1370 0.153278
1371 0.181734
1372 -0.163234
1373 0.0435961
1374 -0.0704224
1375 0.162048
1376 -0.0767713
1377 -0.0190827
1378 -0.0518608
1379 0.0749165
1380 -0.0954007
1381 0.0771313
1382 -0.19412
1383 0.00266738
1384 -0.113316
1385 0.0478079
1386 0.0120005
1387 0.0924734
1388 -0.149615
1389 0.176462
1390 -0.0756411
1391 -0.197286
1392 0.126128
1393 0.0987397
1394 0.0472382
1395 -0.175116
1396 0.109967
1397 0.197116
1398 0.0814807
1399 -0.0277949
1400 -0.104839
1401 -0.190696
1402 0.199774
1403 0.00941581
1404 0.0719536
1405 0.16555
1406 0.161682
1407 -0.0779969
1408 0.150358
1409 0.0151535
1410 -0.0556484
1411 -0.185573
1412 0.10175
1413 -0.00809496
1414 0.167531
1415 0.141692
1416 -0.194716
1417 -0.0542158
1418 -0.0143311
1419 0.119047
1420 0.17514
1421 0.130658
1422 -0.0112666
1423 -0.10399
1424 -0.130951
1425 0.0893422
1426 0.0967361
1427 0.165965
1428 0.140728
1429 0.103427
1430 0.168534
1431 -0.160868
1432 -0.0917998
1433 0.106757
1434 -0.15669
1435 0.0595597
1436 0.135583
1437 0.0961886
1438 0.0966165
1439 -0.0564832
1440 -0.168895
1441 0.104722
1442 0.198606
1443 0.177653
1444 0.00531384
1445 0.146041
1446 -0.0312884
1447 -0.142089
1448 0.132127
1449 0.0897174
1450 0.0835905
1451 0.0383423
1452 -0.152853
1453 -0.134094
1454 0.0413191
1455 0.0290262
1456 -0.197095
1457 0.179196
1458 -0.147327
1459 0.0669287
1460 0.141432
1461 0.129988
1462 0.0660352
1463 0.0131849
1464 -0.112879
1465 0.120442
1466 0.198628
1467 -0.133654
1468 0.055925
1469 -0.119473
1470 -0.114143
1471 0.0730468
1472 -0.111324
1473 -0.0574619
1474 0.00779734
1475 -0.0183531
1476 0.0624512
1477 -0.182933
1478 0.1357
1479 0.169155
1480 0.092347
1481 -0.0585582
1482 -0.162491
1483 -0.0165579
1484 -0.0668566
1485 0.167954
1486 -0.0128026
1487 0.114109
1488 0.0780442
1489 0.091513
1490 0.160485
1491 0.0134579
1492 0.0903439
1493 -0.0123332
1494 -0.165535
1495 -0.138663
1496 0.104968
1497 -0.143975
1498 0.143197
1499 -0.138878
1500 0.155649
1501 0.0899557
1502 0.134249
1503 0.140851
1504 -0.166405
1505 -0.0304002
1506 0.0748386
1507 0.177414
1508 0.0646827
1509 0.00226318
1510 0.0203876
1511 0.010313
1512 0.175063
1513 0.0591526
1514 -0.198538
1515 -0.107685
1516 0.000168119
1517 0.0616204
1518 0.192421
1519 0.168147
1520 -0.175179
1521 0.0150186
1522 0.176311
1523 0.0707386
1524 -0.0663137
1525 -0.0736813
1526 -0.0379788
1527 -0.0249999
1528 -0.172201
1529 -0.0316278
1530 0.11489
1531 -0.0552957
1532 0.173474
1533 0.0326838
1534 0.183474
1535 0.0705447
1536 -0.086913
1537 0.186937
1538 -0.088405
1539 -0.106864
1540 0.0674554
1541 0.190042
1542 -0.172413
1543 0.0611545
1544 -0.126732
1545 0.179243
1546 -0.16839
1547 0.0644689
1548 -0.0638385
1549 -0.0933162
1550 -0.13053
1551 -0.190139
1552 -0.138526
1553 -0.0751674
1554 0.149723
1555 0.0835029
1556 -0.0345502
1557 0.114724
1558 -0.132132
1559 -0.145562
1560 -0.0603617
1561 0.110945
1562 0.181683
1563 0.0915182
1564 -0.0955335
1565 0.00206952
1566 0.0612594
1567 -0.104591
1568 -0.0320888
1569 -0.107274
1570 0.11076
1571 0.0313196
1572 0.177895
1573 0.0981034
1574 -0.170695
1575 0.108005
1576 -0.190405
1577 -0.132871
1578 -0.0275957
1579 0.0628909
1580 0.175478
1581 -0.074724
1582 -0.0812437
1583 0.0399272
1584 0.0109374
1585 -0.00643051
1586 0.100134
1587 0.0362219
1588 -0.0810226
1589 -0.110511
1590 0.121034
1591 0.154903
1592 0.18151
1593 0.159633
1594 -0.160489
1595 0.134129
1596 -0.0357109
1597 -0.192882
1598 0.130399
1599 0.0948848
1600 -0.0758492
1601 0.0397473
1602 -0.106381
1603 0.0567826
1604 0.128722
1605 0.175913
1606 -0.152855
1607 -0.0829898
1608 0.16283
1609 -0.076395
1610 -0.183475
1611 0.0359548
1612 0.0656072
1613 0.161283
1614 0.0342495
1615 0.0579975
1616 0.182394
1617 -0.0602677
1618 -0.191953
1619 0.161102
1620 -0.0381515
1621 0.0642078
1622 0.184299
1623 -0.157933
1624 0.177738
1625 0.0237962
1626 -0.0158589
1627 0.183944
1628 0.104135
1629 -0.0024085
1630 0.0335803
1631 -0.0754369
1632 -0.112592
1633 0.189544
1634 0.0920897
1635 0.0286404
1636 -0.0287913
1637 0.117353
1638 -0.149151
1639 -0.081349
1640 -0.180313
1641 -0.181793
1642 0.00128946
1643 -0.166467
1644 -0.0693731
1645 0.0635076
1646 -0.048484
1647 0.158773
1648 0.145561
1649 -0.165968
1650 0.170133
1651 -0.0475018
1652 -0.023547
1653 0.147321
1654 -0.0936187
1655 -0.0152527
1656 -0.115643
1657 -0.0561559
1658 0.177976
1659 -0.0838127
1660 -0.136851
1661 -0.00704358
1662 -0.0620755
1663 -0.122794
1664 -0.102426
1665 0.163908
1666 -0.137626
1667 -0.116239
1668 -0.136486
1669 0.154385
1670 0.0609892
1671 -0.0254732
1672 0.0818816
1673 -0.00822653
1674 0.128205
1675 0.0377071
1676 -0.170128
1677 -0.157521
1678 0.0554968
1679 -0.126346
1680 0.0884461
1681 0.0411352
1682 -0.0328525
1683 0.196806
1684 0.113744
1685 0.105841
1686 -0.101613
1687 -0.178709
1688 -0.1379
1689 0.165282
1690 0.105774


1691 5
1692 5
1693 5
1694 5
1695 5
1696 5
1697 5
1698 5
1699 5
1700 5
1701 5
1702 5
1703 5
1704 5
1705 5
1706 5
1707 5
1708 5
1709 5
1710 5
1711 5
1712 5
1713 5
1714 5
1715 5
1716 5
1717 5
1718 5
1719 5
1720 5
1721 5
1722 5
1723 5
1724 5
1725 5
1726 5
1727 5
1728 5
1729 5
1730 5
1731 5
1732 5
1733 5
1734 5
1735 5
1736 5
1737 5
1738 5
1739 5
1740 5
1741 5
