2.48509

1 0.151959
2 -0.0165819
3 -0.101285
4 0.0311629
5 0.156883
6 -0.128092
7 0.039262
8 -0.119359
9 0.132788
10 0.155832
11 -0.192619
12 0.112263
13 -0.062356
14 0.18166
15 -0.0706144
16 -0.189853
17 -0.0171046
18 -0.0691843
19 0.14121
20 -0.174014
21 -0.108387
22 -0.110365
23 -0.145769
24 0.0822707
25 -0.0526679
26 -0.00882583
27 -0.137717
28 -0.172601
29 -0.180327
30 -0.127682
31 0.0136109
32 0.191715
33 0.128548
34 0.0201836
35 -0.138645
36 0.190132
37 -0.0714659
38 0.199264
39 0.0527176
40 0.106656
41 -0.196943
42 0.0611729
43 0.0348539
44 0.0851997
45 -0.123262
46 0.088145
47 -0.0611429
48 0.163678
49 0.117104
50 0.108484
51 0.0981238
52 -0.195559
53 0.0215441
54 -0.0617913
55 -0.0646926
56 -0.10113
57 0.160802
58 -0.144019
59 -0.0368424
60 -0.1828
61 -0.140912
62 0.0891095
63 -0.104722
64 0.18294
65 -0.168598
66 0.0369098
67 -0.088151
68 -0.134945
69 0.0483726
70 0.12628
71 0.071923
72 -0.0721872
73 0.0993714
74 -0.188445
75 0.0385897
76 -0.029135
77 0.0134082
78 -0.10768
79 0.137825
80 0.144939
81 0.182192
82 0.0873764
83 -0.0180515
84 -0.0782549
85 0.0155023
86 0.0610905
87 -0.182823
88 -0.00160991
89 -0.0826152
90 0.0571087
91 0.0483526
92 0.0802967
93 0.0678488
94 -0.189029
95 -0.0449898
96 -0.196789
97 -0.158443
98 0.09597
99 0.0159816
100 -0.0498233
101 0.0637835
102 0.0627004
103 -0.0863523
104 0.0261804
105 -0.163798
106 -0.0741777
107 -0.0392067
108 -0.00692859
109 -0.194417
110 -0.111315
111 -0.0477608
112 -0.160927
113 0.0277086
114 0.112195
115 -0.112214
116 -0.119441
117 0.118312
118 -0.01042
119 -0.179025
120 -0.0703589
121 -0.0396236
122 -0.103864
123 -0.0432302
124 0.161132
125 0.197337
126 -0.135641
127 0.127676
128 0.14671
129 0.0462335
130 -0.141948
131 0.114624
132 0.142839
133 -0.0955236
134 -0.0666436
135 0.1807
136 -0.0728845
137 0.059973
138 -0.00356158
139 0.168828
140 -0.0112243
141 0.0531983
142 0.0509257
143 0.0194582
144 -0.0128235
145 0.0164993
146 -0.0384136
147 0.0983777
148 -0.077119
149 -0.0060758
150 -0.0948075
151 -0.0121427
152 -0.0926059
153 0.0858977
154 0.184818
155 -0.0675791
156 -0.067484
157 0.11477
158 -0.100427
159 -0.163963
160 0.00717382
161 -0.0571123
162 -0.139731
163 -0.0103135
164 -0.0358479
165 -0.109094
166 0.126788
167 -0.188594
168 -0.0474945
169 0.124755
170 0.131971
171 -0.188653
172 0.196544
173 -0.0768414
174 0.15473
175 0.105601
176 -0.0143304
177 -0.160603
178 -0.110911
179 0.141851
180 -0.0284935
181 -0.00154766
182 -0.0296096
183 -0.0128461
184 0.0662945
185 0.145607
186 0.0088154
187 0.150421
188 0.0132814
189 0.193603
190 0.0410913
191 0.108415
192 0.0685621
193 -0.114067
194 0.155186
195 -0.195619
196 0.146697
197 -0.120254
198 0.119397
199 -0.0796082
200 -0.00788028
201 -0.0806686
202 0.113317
203 0.0214186
204 -0.0707106
205 0.0611891
206 -0.0552853
207 0.00182383
208 0.127358
209 -0.141101
210 0.129879
211 -0.0289984
212 0.0558655
213 0.106088
214 0.0625312
215 0.077852
216 -0.0951565
217 -0.138943
218 0.156457
219 -0.091183
220 -0.0996867
221 -0.193352
222 0.069924
223 0.128202
224 0.0579846
225 -0.0327238
226 -0.00615815
227 -0.117296
228 0.163209
229 0.00218577
230 0.0161438
231 -0.0450865
232 0.132981
233 -0.189568
234 0.158767
235 -0.0114192
236 0.16349
237 -0.100928
238 -0.19975
239 0.121672
240 -0.0140175
241 0.0829397
242 -0.143584
243 0.14469
244 -0.125654
245 -0.07698
246 -0.113119
247 0.0746815
248 0.098382
249 0.0869096
250 0.0553872
251 0.0347902
252 0.150952
253 0.147297
254 0.170035
255 -0.107383
256 0.18239
257 -0.16926
258 0.167001
259 0.0978476
260 0.00957351
261 -0.0969939
262 -0.123672
263 0.116139
264 0.00669464
265 -0.102353
266 0.0987643
267 0.0109155
268 -0.114857
269 -0.16283
270 -0.0354654
271 0.0759603
272 0.0536284
273 -0.133271
274 -0.05666
275 -0.154459
276 -0.183359
277 -0.112923
278 0.0265562
279 -0.121867
280 0.175853
281 -0.180367
282 0.0265831
283 -0.106843
284 -0.0374396
285 0.151698
286 0.0346022
287 -0.0692849
288 0.132647
289 -0.149641
290 0.119932
291 0.0971646
292 0.0193101
293 0.0597407
294 0.0963216
295 0.0497309
296 -0.0636846
297 0.0624225
298 -0.053999
299 0.186408
300 -0.144855
301 -0.151726
302 -0.167959
303 0.0422458
304 -0.161069
305 -0.143557
306 0.00162571
307 -0.132932
308 -0.139784
309 -0.0238732
310 -0.020979
311 -0.0395737
312 0.00532424
313 0.0978313
314 0.128633
315 0.0220003
316 -0.00448648
317 -0.0147105
318 -0.135368
319 -0.15714
320 0.0614282
321 0.0557432
322 -0.156896
323 -0.0945624
324 -0.120819
325 0.103387
326 0.0744947
327 0.101604
328 0.0645259
329 -0.00378275
330 -0.113638
331 0.0127818
332 -0.195832
333 0.109186
334 -0.145413
335 -0.0801529
336 -0.126825
337 -0.10224
338 0.0496722
339 -0.164626
340 0.148073
341 0.127524
342 -0.0999458
343 -0.0246458
344 0.148372
345 0.0880672
346 0.191944
347 -0.117402
348 -0.171627
349 0.107771
350 0.182901
351 0.0576936
352 0.153458
353 0.192741
354 -0.052935
355 0.0942379
356 0.0252856
357 0.11508
358 0.149617
359 0.0691027
360 0.0456754
361 -0.0130996
362 -0.194956
363 0.0231436
364 0.199168
365 0.0884956
366 0.0642676
367 0.0319175
368 0.0275001
369 0.170329
370 0.192787
371 0.129892
372 0.011214
373 0.0712184
374 -0.128843
375 -0.106428
376 0.127526
377 0.18675
378 -0.0300899
379 -0.117541
380 0.136836
381 0.00604472
382 0.168247
383 0.157823
384 0.0244991
385 -0.117836
386 -0.0766162
387 0.172111
388 -0.0462816
389 0.136528
390 -0.181866
391 0.131415
392 -0.0623261
393 0.0961402
394 -0.00790588
395 0.0414238
396 0.081264
397 -0.0282875
398 -0.0607157
399 0.191982
400 -0.0183738
401 0.0208168
402 -0.105042
403 0.145937
404 -0.164483
405 -0.0411243
406 0.0150564
407 0.135945
408 -0.0862102
409 -0.134471
410 0.0839206
411 0.178617
412 -0.0456784
413 0.189767
414 0.14085
415 0.0253448
416 0.137103
417 0.119407
418 0.051613
419 -0.0442612
420 0.0727657
421 0.072797
422 0.194214
423 -0.0741024
424 0.0554727
425 0.0861735
426 -0.0991717
427 -0.195433
428 -0.182459
429 -0.114259
430 0.164071
431 -0.0916833
432 0.0428394
433 0.0678526
434 -0.0559555
435 -0.00499776
436 0.0837416
437 -0.00418528
438 0.133706
439 0.0955843
440 -0.00320645
441 -0.102493
442 -0.0887523
443 -0.166611
444 -0.107207
445 -0.124636
446 -0.196905
447 -0.0236288
448 0.0387443
449 0.0199699
450 0.119673
451 -0.127808
452 -0.0358095
453 -0.0189613
454 0.099268
455 0.088455
456 -0.0681171
457 -0.120998
458 -0.194538
459 0.121334
460 -0.116796
461 -0.0126361
462 -0.193017
463 0.160473
464 0.159431
465 -0.021739
466 -0.190598
467 0.191643
468 -0.126418
469 -0.167328
470 0.130212
471 0.0121811
472 0.0196504
473 -0.0265941
474 -0.194582
475 0.171779
476 -0.134325
477 0.0715188
478 0.130362
479 0.0228523
480 -0.00803713
481 -0.0648207
482 0.114747
483 -0.0919502
484 -0.00240495
485 -0.0710158
486 -0.149587
487 -0.183087
488 -0.120479
489 -0.18115
490 0.00508493
491 -0.0927244
492 -0.121381
493 -0.00955154
494 0.0773292
495 0.117106
496 0.13033
497 -0.173796
498 0.145168
499 0.149836
500 -0.195109
501 -0.0791502
502 -0.119361
503 -0.103954
504 -0.0524106
505 0.19771
506 0.104089
507 0.187737
508 0.149528
509 -0.129614
510 -0.144955
511 0.0629786
512 -0.0416033
513 0.0830886
514 0.168236
515 0.113811
516 -0.15589
517 0.124263
518 0.090207
519 0.0580907
520 -0.0696792
521 -0.0625125
522 -0.129598
523 -0.126668
524 -0.13893
525 0.154586
526 -0.0933867
527 -0.0983583
528 0.144329
529 -0.17394
530 -0.185946
531 0.0149007
532 -0.185582
533 0.0149814
534 -0.0369892
535 0.145118
536 -0.186567
537 0.063225
538 0.0704635
539 0.147646
540 0.173301
541 -0.048357
542 0.0669054
543 -0.179582
544 0.0383097
545 0.180397
546 -0.0507456
547 0.0898278
548 0.194298
549 0.0405277
550 -0.155693
551 -0.0667725
552 0.142835
553 -0.118612
554 0.193196
555 0.0213382
556 0.172772
557 0.0191815
558 0.0963601
559 0.135482
560 0.0538269
561 0.014609
562 -0.161381
563 -0.0670857
564 0.0718746
565 0.04536
566 0.107816
567 0.0812767
568 0.172109
569 0.143141
570 0.0189714
571 0.171457
572 0.196404
573 -0.144982
574 -0.0286298
575 0.158937
576 0.0485178
577 0.108533
578 0.0591298
579 -0.0720875
580 -0.185926
581 0.160817
582 -0.171395
583 -0.11816
584 -0.0390021
585 0.0910264
586 0.144008
587 0.0932269
588 0.0813971
589 0.190554
590 0.0827632
591 -0.142508
592 -0.00779077
593 -0.0950379
594 -0.132974
595 0.0185517
596 -0.183707
597 -0.181916
598 -0.00174597
599 -0.0487933
600 -0.177563
601 -0.0126943
602 0.0361148
603 -0.0315504
604 -0.0823958
605 0.164425
606 -0.121321
607 -0.12669
608 0.0765643
609 0.138186
610 0.0435817
611 0.0235437
612 0.0824914
613 0.179861
614 -0.0120062
615 0.050603
616 -0.0202652
617 0.165651
618 -0.161351
619 -0.18861
620 -0.153828
621 0.0042712
622 -0.0651109
623 -0.176946
624 -0.13172
625 -0.0572767
626 -0.085709
627 0.0777037
628 0.158157
629 -0.174195
630 0.00966875
631 0.0273595
632 -0.171267
633 0.022619
634 0.0981882
635 -0.0795177
636 0.196203
637 -0.129125
638 -0.0664096
639 -0.196081
640 0.0375931
641 -0.128661
642 0.0736418
643 0.0677982
644 -0.100998
645 0.000132666
646 -0.129279
647 -0.0129729
648 0.101027
649 0.180759
650 -0.0937064
651 -0.00906711
652 0.0557122
653 0.199886
654 -0.137859
655 0.13454
656 0.0526972
657 -0.0753611
658 0.125648
659 0.129114
660 0.15292
661 0.0118648
662 -0.0360093
663 0.0302518
664 -0.183269
665 -0.13782
666 -0.0471105
667 0.195751
668 0.169683
669 -0.0582679
670 -0.0634767
671 0.0971749
672 0.119356
673 -0.163095
674 0.118774
675 0.144757
676 -0.00209593
677 0.0328139
678 -0.109824
679 -0.0955773
680 0.175784
681 -0.131501
682 0.196534
683 0.159184
684 -0.0959608
685 -0.136778
686 0.110639
687 0.184754
688 -0.150004
689 0.10252
690 -0.129468
691 0.0926081
692 -0.000153473
693 -0.0141828
694 0.13523
695 0.153352
696 0.00369748
697 0.0819374
698 0.179571
699 0.0443704
700 0.0917869
701 0.125639
702 0.0743488
703 0.13721
704 0.166386
705 -0.153886
706 0.00885847
707 -0.167367
708 -0.193481
709 -0.148879
710 0.0975683
711 -0.0577867
712 0.197801
713 0.10703
714 -0.0739865
715 0.0930646
716 -0.095124
717 -0.0580897
718 0.0636755
719 -0.191269
720 0.0585468
721 0.183489
722 -0.190198
723 -0.0343175
724 0.038549
725 -0.0435404
726 -0.0664755
727 -0.188072
728 0.138583
729 -0.165847
730 0.0620448
731 -0.0298682
732 0.0552521
733 -0.124332
734 -0.0929673
735 0.0178921
736 0.00699153
737 -0.0186116
738 0.157622
739 0.0369638
740 0.0947243
741 0.00529776
742 -0.163826
743 -0.0781575
744 0.0291028
745 0.0928399
746 -0.152526
747 -0.0451649
748 0.0895745
749 0.175812
750 -0.114313
751 -0.118828
752 -0.0464506
753 -0.026605
754 0.183452
755 -0.191979
756 -0.138019
757 -0.167185
758 -0.180524
759 -0.169503
760 -0.197486
761 -0.0656837
762 0.0056924
763 -0.0748604
764 0.174295
765 0.0203436
766 -0.16581
767 0.0510269
768 -0.13205
769 -0.180806
770 0.0924113
771 -0.0410498
772 0.1825
773 0.0858479
774 0.133117
775 -0.121856
776 -0.0579623
777 -0.16227
778 -0.183244
779 0.0634968
780 0.184708
781 -0.0923768
782 0.177139
783 0.124909
784 0.0696034
785 0.167764
786 0.141578
787 -0.0750204
788 -0.0145298
789 -0.157647
790 0.124679
791 0.00987696
792 -0.017863
793 0.178548
794 -0.0791377
795 -0.122192
796 0.189183
797 -0.164382
798 -0.146263
799 0.0162322
800 0.00875909
801 -0.0235867
802 -0.170782
803 -0.128934
804 0.161757
805 -0.0394206
806 0.153566
807 -0.0140578
808 -0.114
809 -0.151221
810 0.128081
811 0.174206
812 0.0563351
813 0.135876
814 -0.168848
815 -0.0254837
816 -0.0129648
817 -0.0423297
818 -0.00669746
819 -0.117002
820 0.175353
821 0.130226
822 0.126799
823 0.0906125
824 0.0332202
825 0.159938
826 0.162883
827 -0.0773952
828 -0.0565985
829 0.173456
830 -0.176952
831 -0.187028
832 0.193983
833 0.149305
834 0.0305144
835 0.00500551
836 0.19934
837 -0.124124
838 -0.0162994
839 0.174173
840 0.0106054
841 -0.187536
842 -0.196844
843 0.189219
844 -0.0573436
845 -0.133942
846 0.196831
847 -0.11754
848 0.179893
849 -0.161593
850 -0.198823
851 0.155226
852 0.076643
853 -0.0396796
854 0.0262081
855 0.123299
856 0.182668
857 -0.188612
858 -0.10462
859 0.106618
860 0.173105
861 0.00439062
862 -0.161025
863 -0.00507262
864 -0.000112232
865 0.0981506
866 0.179769
867 0.10569
868 0.109926
869 -0.0492087
870 -0.0525801
871 -0.0817965
872 -0.0241221
873 0.150861
874 0.00700617
875 0.186103
876 -0.196011
877 -0.0272527
878 -0.180432
879 0.142009
880 -0.0515316
881 0.140261
882 -0.0477746
883 -0.13624
884 -0.0713719
885 -0.150507
886 -0.0623232
887 0.174065
888 0.00906888
889 0.15852
890 -0.0317668
891 -0.0457116
892 -0.192773
893 0.0328664
894 0.0140022
895 -0.174851
896 0.0217003
897 -0.0898861
898 0.0128401
899 -0.192971
900 -0.173343
901 -0.00930835
902 -0.154316
903 -0.100199
904 0.136924
905 0.117906
906 0.163625
907 0.0556596
908 0.142863
909 0.0407124
910 -0.120698
911 -0.175751
912 -0.166253
913 -0.126251
914 -0.180901
915 0.172363
916 -0.0657976
917 -0.0344018
918 0.0596974
919 0.0973074
920 0.164888
921 -0.00215148
922 -0.0198177
923 0.0292996
924 0.068847
925 0.126385
926 -0.0991183
927 0.178149
928 -0.0933656
929 0.109196
930 -0.0260339
931 0.195156
932 -0.107468
933 -0.110891
934 0.125192
935 0.0214637
936 0.173411
937 -0.0442629
938 0.147891
939 0.023662
940 0.00829063
941 0.0798671
942 -0.114711
943 0.18599
944 0.123267
945 -0.113367
946 -0.0739157
947 0.12338
948 -0.105327
949 -0.0671909
950 -0.0501015
951 -0.177818
952 -0.0591607
953 -0.143491
954 0.152359
955 -0.0599642
956 -0.0905257
957 -0.00449936
958 0.037591
959 -0.187314
960 -0.0847528
961 -0.0136264
962 0.152541
963 0.188945
964 -0.139063
965 -0.112174
966 -0.140651
967 -0.0413174
968 0.101509
969 -0.079817
970 -0.0536464
971 -0.109191
972 -0.156389
973 -0.0252571
974 -0.105676
975 -0.0705692
976 -0.0717766
977 -0.0276814
978 0.1896
979 0.158091
980 0.0710074
981 0.0521516
982 -0.189103
983 0.112186
984 -0.197116
985 -0.0454193
986 0.128926
987 0.0427554
988 -0.19955
989 -0.0492938
990 0.118002
991 0.11746
992 0.0317179
993 -0.0729068
994 0.162628
995 -0.0100312
996 -0.161771
997 0.199142
998 0.0700419
999 -0.149131
1000 0.103539
1001 0.020081
1002 0.0782658
1003 -0.0513001
1004 -0.0803852
1005 0.164849
1006 -0.133808
1007 0.106809
1008 0.162099
1009 -0.150526
1010 0.00951043
1011 -0.101819
1012 -0.00495511
1013 0.0604223
1014 -0.131078
1015 -0.0177985
1016 0.145716
1017 -0.0533589
1018 0.153109
1019 -0.184965
1020 -0.119022
1021 -0.0515832
1022 -0.069995
1023 0.0810442
1024 -0.138433
1025 -0.015101
1026 -0.0955866
1027 -0.181354
1028 -0.107749
1029 -0.131963
1030 -0.16419
1031 0.156308
1032 -0.0646708
1033 0.114291
1034 -0.0199633
1035 -0.15796
1036 0.00387948
1037 0.176325
1038 -0.161929
1039 0.0882449
1040 -0.0823914
1041 0.110779
1042 0.0900425
1043 -0.0926975
1044 0.0173924
1045 0.157957
1046 -0.189339
1047 -0.0861636
1048 -0.193076
1049 -0.0493566
1050 0.140789
1051 0.0173302
1052 0.111788
1053 0.0563571
1054 0.0392259
1055 0.02427
1056 0.101603
1057 -0.0172202
1058 -0.113062
1059 0.0165401
1060 0.0857677
1061 0.163385
1062 -0.0151513
1063 -0.111255
1064 -0.147125
1065 -0.123447
1066 0.115364
1067 -0.117078
1068 0.122811
1069 -0.105323
1070 0.101885
1071 0.0122699
1072 -0.0594862
1073 0.156737
1074 -0.100971
1075 0.0205908
1076 0.0433934
1077 0.168592
1078 0.19503
1079 0.0651445
1080 -0.0425
1081 -0.195241
1082 0.0195926
1083 0.168414
1084 0.015262
1085 -0.0569541
1086 -0.0186586
1087 -0.120037
1088 0.0864368
1089 -0.0330922
1090 -0.149966
1091 -0.056659
1092 0.0747771
1093 0.0815098
1094 0.193357
1095 0.0876981
1096 0.118
1097 0.112306
1098 0.165009
1099 -0.119198
1100 -0.123302
1101 0.0321628
1102 0.142258
1103 -0.166624
1104 0.173262
1105 -0.0866441
1106 -0.0780712
1107 0.118894
1108 -0.0875429
1109 -0.0135302
1110 0.17614
1111 -0.114996
1112 0.196346
1113 0.0437197
1114 0.0853458
1115 0.0264785
1116 0.13053
1117 -0.130704
1118 -0.000569596
1119 -0.172208
1120 0.187796
1121 -0.130882
1122 0.0955206
1123 -0.127101
1124 -0.161464
1125 0.0587315
1126 0.17278
1127 -0.0760246
1128 -0.0783858
1129 -0.175421
1130 0.166476
1131 -0.0273875
1132 -0.112531
1133 -0.109736
1134 0.167879
1135 -0.154105
1136 -0.102592
1137 0.0928441
1138 0.0107314
1139 -0.19381
1140 0.0241861
1141 0.193394
1142 -0.19928
1143 -0.104562
1144 0.174958
1145 0.112617
1146 0.0551222
1147 0.170453
1148 0.063163
1149 -0.013871
1150 0.157691
1151 -0.112538
1152 0.0636531
1153 -0.0453531
1154 0.198404
1155 0.0341341
1156 0.0303569
1157 0.132152
1158 -0.120383
1159 0.106536
1160 -0.180115
1161 0.0789431
1162 0.0846574
1163 0.0837346
1164 -0.153664
1165 -0.0891924
1166 0.0692204
1167 -0.00668446
1168 0.170445
1169 0.172303
1170 -0.124654
1171 -0.135244
1172 -0.0533103
1173 0.193381
1174 0.00258324
1175 0.0752647
1176 -0.0989606
1177 -0.086744
1178 -0.163775
1179 0.1439
1180 0.186579
1181 0.184925
1182 -0.138219
1183 -0.116738
1184 -0.117536
1185 0.0853295
1186 0.0145874
1187 0.197608
1188 -0.0969756
1189 0.123204
1190 0.166558
1191 -0.0128467
1192 -0.00866937
1193 0.0853283
1194 0.146716
1195 -0.155667
1196 -0.170217
1197 0.0286067
1198 -0.167615
1199 -0.0261716
1200 -0.158884
1201 -0.179052
1202 -0.190514
1203 -0.157417
1204 -0.0889931
1205 0.178521
1206 -0.190072
1207 0.0285119
1208 -0.1696
1209 0.0769531
1210 0.164724
1211 -0.106087
1212 -0.0660334
1213 -0.0977076
1214 -0.15794
1215 -0.184683
1216 -0.0821621
1217 -0.196459
1218 0.0689486
1219 0.110644
1220 -0.0902811
1221 -0.167038
1222 -0.14169
1223 -0.014757
1224 0.124313
1225 -0.166898
1226 0.123275
1227 -0.121413
1228 -0.045972
1229 -0.176979
1230 -0.012862
1231 0.00532417
1232 -0.188336
1233 0.0438963
1234 0.169821
1235 -0.180289
1236 -0.0210593
1237 -0.130092
1238 -0.182175
1239 0.159361
1240 0.113297
1241 -0.188025
1242 0.156791
1243 0.0771367
1244 -0.0462716
1245 0.168409
1246 -0.122001
1247 0.0254662
1248 0.10079
1249 0.0468779
1250 0.161398
1251 -0.0340899
1252 0.121753
1253 -0.0162686
1254 0.117842
1255 0.0610474
1256 -0.0560081
1257 0.123275
1258 0.0829054
1259 0.169286
1260 0.176823
1261 0.0532735
1262 0.142648
1263 -0.172072
1264 0.0962007
1265 0.0349455
1266 0.0954015
1267 -0.165959
1268 0.0178714
1269 -0.0696497
1270 -0.0386726
1271 -0.107741
1272 0.0493577
1273 0.0905233
1274 -0.0479386
1275 -0.147102
1276 -0.0551901
1277 -0.15171
1278 0.0169075
1279 0.0653286
1280 -0.0131695
1281 0.0570469
1282 -0.168391
1283 0.014904
1284 0.126367
1285 -0.169186
1286 0.130867
1287 -0.186219
1288 0.00331764
1289 0.17093
1290 0.000222918
1291 -0.0191406
1292 0.139096
1293 0.172448
1294 -0.0689277
1295 0.143321
1296 0.156861
1297 0.0794031
1298 -0.146333
1299 0.109266
1300 0.0359986
1301 -0.0695036
1302 0.193187
1303 0.13306
1304 0.141505
1305 0.00858627
1306 0.197339
1307 -0.130128
1308 0.147467
1309 0.0656708
1310 -0.0733586
1311 -0.081754
1312 -0.150907
1313 0.0868349
1314 0.138691
1315 -0.0729537
1316 0.0323628
1317 0.117767
1318 0.0213142
1319 0.150095
1320 -0.199615
1321 -0.0137541
1322 -0.128067
1323 0.0221689
1324 -0.131839
1325 -0.0673859
1326 -0.152672
1327 -0.0437254
1328 0.175174
1329 -0.0833175
1330 -0.0583108
1331 0.178033
1332 -0.0494017
1333 0.124321
1334 0.130536
1335 -0.190224
1336 -0.141812
1337 -0.112221
1338 0.190244
1339 0.0408733
1340 0.163279
1341 0.148588
1342 0.181571
1343 0.061912
1344 -0.159122
1345 -0.0952051
1346 -0.0236409
1347 -0.165577
1348 0.0315858
1349 -0.186449
1350 -0.0839608
1351 0.0397363
1352 -0.0308453
1353 0.16243
1354 0.120407
1355 0.130426
1356 -0.0410925
1357 -0.139279
1358 -0.0404061
1359 0.180203
1360 0.102636
1361 -0.0748334
1362 0.180128
1363 -0.035858
1364 -0.184341
1365 -0.134884
1366 0.0427911
1367 0.0461954
1368 0.160373
1369 0.130857
1370 -0.0374035
1371 0.00603432
1372 -0.112977
1373 -0.142591
1374 -0.178046
1375 -0.1094
1376 -0.0846604
1377 0.0443779
1378 0.18612
1379 0.0101214
1380 0.148089
1381 -0.179516
1382 -0.140875
1383 -0.160751
1384 0.126164
1385 0.197865
1386 -0.1929
1387 0.00796965
1388 -0.11263
1389 -0.0551019
1390 0.0218186
1391 0.0256697
1392 0.1986
1393 0.08047
1394 -0.112893
1395 -0.0272756
1396 -0.0350099
1397 0.107533
1398 -0.00557961
1399 0.181959
1400 -0.033189
1401 -0.190974
1402 -0.0253788
1403 -0.124665
1404 0.00355386
1405 0.0282918
1406 0.167154
1407 -0.102449
1408 0.0392491
1409 0.0743963
1410 -0.0940884
1411 0.15618
1412 -0.0494578
1413 0.183833
1414 -0.172234
1415 -0.114501
1416 0.0447738
1417 -0.0730389
1418 0.0905034
1419 -0.108541
1420 -0.144152
1421 0.0152188
1422 -0.175095
1423 -0.16237
1424 -0.129229
1425 -0.0872608
1426 -0.116353
1427 0.0037002
1428 0.180162
1429 0.182248
1430 0.050395
1431 -0.171889
1432 -0.120453
1433 -0.0426215
1434 -0.125292
1435 -0.0502094
1436 0.0122868
1437 -0.0105015
1438 -0.187948
1439 -0.123937
1440 0.0521517
1441 -0.0271599
1442 -0.189256
1443 0.0112297
1444 -0.0700763
1445 -0.143805
1446 0.163349
1447 -0.189681
1448 -0.126189
1449 0.0161201
1450 -0.145221
1451 -0.0290393
1452 0.0536941
1453 0.0328082
1454 -0.142143
1455 0.0568863
1456 0.0360043
1457 -0.0334495
1458 -0.0291526
1459 -0.0208382
1460 0.197664
1461 -0.0676849
1462 0.0928423
1463 0.144101
1464 -0.156859
1465 -0.0774991
1466 0.073592
1467 0.0184123
1468 -0.176893
1469 0.0394211
1470 -0.0287556
1471 -0.13989
1472 -0.110711
1473 -0.19583
1474 -0.0751369
1475 0.0129399
1476 0.175407
1477 0.0805579
1478 0.165302
1479 -0.138028
1480 -0.0366553
1481 -0.0759801
1482 0.028069
1483 -0.105176
1484 0.154419
1485 0.130706
1486 -0.0616834
1487 -0.178847
1488 0.0842365
1489 0.0121833
1490 0.0283084
1491 -0.053789
1492 -0.135212
1493 0.152918
1494 0.141904
1495 0.12348
1496 -0.167979
1497 0.0782552
1498 0.181324
1499 -0.184077
1500 0.0999705
1501 -0.0465265
1502 -0.16844
1503 0.0306414
1504 0.182225
1505 -0.19831
1506 -0.184782
1507 0.0441631
1508 0.0274166
1509 -0.177312
1510 -0.07873
1511 -0.135144
1512 0.0303605
1513 -0.0267026
1514 -0.190317
1515 0.0804278
1516 0.0989219
1517 -0.102239
1518 -0.140747
1519 0.17209
1520 -0.0383966
1521 -0.135037
1522 0.119066
1523 -0.153194
1524 0.0571199
1525 0.187709
1526 0.186852
1527 -0.190013
1528 -0.114
1529 -0.187622
1530 -0.18353
1531 -0.0233909
1532 -0.0302266
1533 0.0975944
1534 -0.0415764
1535 0.187697
1536 0.0513935
1537 -0.135424
1538 0.0806891
1539 0.161436
1540 0.126463
1541 -0.157096
1542 0.0157199
1543 -0.154896
1544 0.167427
1545 -0.138228
1546 0.0876025
1547 0.155333
1548 -0.0978713
1549 0.0635272
1550 0.123684
1551 0.0730182
1552 -0.00851553
1553 0.0712394
1554 -0.152646
1555 0.0592749
1556 0.0132024
1557 0.0583677
1558 0.162012
1559 -0.162415
1560 0.0416837
1561 -0.123929
1562 -0.100794
1563 0.0605462
1564 0.117711
1565 -0.15373
1566 0.107485
1567 -0.19349
1568 -0.0108812
1569 0.0622876
1570 -0.1407
1571 -0.0352121
1572 0.0303939
1573 -0.121529
1574 0.119267
1575 -0.17616
1576 -0.0880759
1577 -0.0334618
1578 0.117819
1579 0.0726605
1580 0.0676848
1581 -0.0548064
1582 -0.0174372
1583 0.100338
1584 -0.147787
1585 0.182182
1586 -0.116138
1587 0.156399
1588 -0.142335
1589 0.0463816
1590 -0.0456913
1591 -0.0275278
1592 0.163932
1593 0.00624747
1594 0.0303753
1595 0.186202
1596 0.0703083
1597 -0.196012
1598 0.0788516
1599 0.0174575
1600 0.100425
1601 -0.0909272
1602 -0.0885162
1603 -0.16661
1604 0.00162258
1605 0.129618
1606 -0.0744974
1607 -0.192284
1608 0.154796
1609 -0.134336
1610 -0.111926
1611 0.0306589
1612 0.119462
1613 0.132857
1614 0.0650666
1615 -0.0442849
1616 0.0312517
1617 -0.1576
1618 -0.184362
1619 0.0267727
1620 0.0725289
1621 0.0602283
1622 0.0432618
1623 -0.13349
1624 -0.111494
1625 -0.0533807
1626 -0.161465
1627 -0.0350846
1628 0.141022
1629 -0.16866
1630 0.0310067
1631 -0.115888
1632 0.0314249
1633 0.0316725
1634 -0.0237339
1635 0.0334983
1636 -0.0602782
1637 -0.134709
1638 0.0391983
1639 -0.111474
1640 -0.0991278
1641 -0.128705
1642 -0.112236
1643 -0.0161404
1644 0.196833
1645 0.137235
1646 0.0954289
1647 -0.075464
1648 -0.186063
1649 -0.0639902
1650 0.0334386
1651 -0.140763
1652 0.064992
1653 -0.179359
1654 -0.0521552
1655 0.0222022
1656 -0.154389
1657 -0.0544171
1658 0.0729339
1659 -0.0269706
1660 0.195614
1661 0.0619992
1662 -0.169538
1663 0.165911
1664 -0.127638
1665 -0.0995631
1666 0.0264618
1667 0.0140419
1668 0.0404626
1669 0.113408
1670 -0.128909
1671 0.183832
1672 -0.164178
1673 -0.180006
1674 -0.126863
1675 0.122595
1676 -0.044607
1677 -0.0924989
1678 0.154435
1679 0.120572
1680 0.0481841
1681 -0.0724881
1682 0.0615356
1683 -0.0492629
1684 0.0721602
1685 -0.146485
1686 -0.173322
1687 0.133079
1688 -0.145748
1689 -0.0642581
1690 -0.0356555


1691 5
1692 5
1693 5
1694 5
1695 5
1696 5
1697 5
1698 5
1699 5
1700 5
1701 5
1702 5
1703 5
1704 5
1705 5
1706 5
1707 5
1708 5
1709 5
1710 5
1711 5
1712 5
1713 5
1714 5
1715 5
1716 5
1717 5
1718 5
1719 5
1720 5
1721 5
1722 5
1723 5
1724 5
1725 5
1726 5
1727 5
1728 5
1729 5
1730 5
1731 5
1732 5
1733 5
1734 5
1735 5
1736 5
1737 5
1738 5
1739 5
1740 5
1741 5
