1.09296

1 -0.136204
2 0.0618897
3 0.136957
4 -0.0380559
5 -0.179752
6 -0.0730964
7 0.173712
8 -0.0328748
9 0.131305
10 0.0970696
11 -0.068518
12 0.142985
13 -0.0158693
14 0.131901
15 0.0340606
16 -0.14912
17 -0.154774
18 -0.0708073
19 0.0232431
20 0.18274
21 -0.138975
22 -0.0173859
23 -0.116364
24 -0.19247
25 -0.0342619
26 0.196843
27 0.0740138
28 0.0222232
29 -0.186282
30 -0.139668
31 0.163406
32 -0.0424738
33 -0.0801962
34 0.0194934
35 0.099872
36 -0.0521172
37 -0.1577
38 0.0948232
39 0.0565483
40 0.158813
41 0.0718471
42 -0.17154
43 0.194195
44 -0.0154411
45 0.155746
46 -0.0934424
47 0.172148
48 -0.188138
49 0.0541615
50 0.176862
51 0.15721
52 0.0263363
53 -0.0169668
54 0.0588872
55 0.0210287
56 0.116576
57 -0.131499
58 0.175484
59 0.11279
60 -0.0586395
61 0.0182879
62 0.0397733
63 0.0505595
64 0.0504653
65 -0.142126
66 -0.188511
67 0.0621511
68 0.0965945
69 0.0752928
70 0.0677628
71 0.0800223
72 0.123816
73 0.087605
74 0.164667
75 -0.0857138
76 -0.143644
77 -0.0676145
78 -0.116854
79 0.0551586
80 -0.173234
81 -0.140525
82 0.00666642
83 -0.00220798
84 -0.0167402
85 0.174508
86 -0.0847412
87 -0.19257
88 -0.0696574
89 0.158972
90 0.182156
91 -0.113158
92 -0.109197
93 -0.151335
94 -0.169988
95 0.0457974
96 -0.00465748
97 -0.136742
98 0.12506
99 0.0769344
100 0.0702954
101 0.0118334
102 0.12215
103 -0.198568
104 -0.0934543
105 0.175523
106 -0.090717
107 -0.134104
108 -0.194573
109 0.0907789
110 -0.0416827
111 -0.149109
112 0.083988
113 0.0709049
114 -0.0894108
115 0.185963
116 -0.0437302
117 0.0964089
118 -0.114441
119 0.139284
120 -0.0445749
121 -0.0763077
122 0.109151
123 -0.0941277
124 0.0958969
125 -0.165914
126 -0.144487
127 -0.140811
128 -0.0506325
129 -0.0910196
130 0.0781451
131 -0.0812282
132 -0.197916
133 -0.0715253
134 -0.160563
135 0.0913674
136 -0.0839449
137 0.198314
138 -0.163485
139 -0.198869
140 0.136536
141 -0.124417
142 0.113438
143 -0.152427
144 -0.060136
145 0.00876709
146 -0.0966612
147 0.18807
148 -0.0887645
149 -0.0476658
150 0.0114057
151 -0.0986247
152 -0.00947842
153 -0.0035211
154 -0.0174476
155 0.15741
156 -0.0668169
157 0.126585
158 0.0205124
159 -0.00312742
160 -0.0802406
161 0.105722
162 0.030161
163 0.0158366
164 -0.160738
165 0.11914
166 -0.0428029
167 -0.00589713
168 -0.151751
169 -0.0324792
170 -0.0769002
171 0.121131
172 0.000582845
173 -0.0869614
174 -0.134423
175 0.153223
176 -0.0491451
177 0.192396
178 -0.148362
179 -0.0219186
180 0.196204
181 -0.121059
182 0.194472
183 -0.0781832
184 0.0787597
185 -0.139701
186 0.193194
187 -0.175922
188 0.176693
189 -0.0480439
190 -0.0360592
191 0.0390967
192 0.180733
193 0.178027
194 -0.00708162
195 0.0829141
196 -0.103826
197 -0.180456
198 -0.138317
199 -0.104331
200 -0.0105483
201 -0.163836
202 0.0961768
203 0.174997
204 -0.0964198
205 0.143547
206 0.0350561
207 0.124278
208 0.042273
209 0.172573
210 0.0564485
211 -0.112008
212 0.119383
213 0.093173
214 -0.0417858
215 0.0658141
216 -0.0733767
217 -0.116164
218 -0.0459309
219 -0.166622
220 0.00338518
221 0.0417689
222 0.165357
223 -0.143256
224 -0.0468679
225 -0.102016
226 -0.172379
227 0.0732569
228 -0.0266988
229 -0.00619721
230 0.150234
231 -0.150654
232 0.141673
233 0.0265066
234 -0.195618
235 -0.0560278
236 -0.0664144
237 -0.0736416
238 0.128154
239 0.0457077
240 0.133599
241 0.057399
242 -0.00132818
243 0.0878127
244 -0.013394
245 0.171461
246 0.0586844
247 -0.104242
248 0.0635233
249 0.137083
250 0.153548
251 -0.0749752
252 -0.0817133
253 -0.100762
254 -0.149434
255 0.0912163
256 0.0719065
257 0.114236
258 0.0449847
259 0.0305114
260 -0.162118
261 -0.0125876
262 -0.153818
263 -0.133601
264 0.0931088
265 -0.191989
266 -0.113699
267 -0.0799772
268 0.109849
269 0.15302
270 -0.0644304
271 0.0235253
272 -0.073094
273 -0.0330767
274 0.190947
275 -0.114303
276 0.0018387
277 0.0287477
278 0.121589
279 0.0609659
280 0.132077
281 0.194324
282 -0.156332
283 0.199782
284 0.109672
285 0.108121
286 -0.185125
287 0.0195415
288 -0.186726
289 0.198068
290 -0.123998
291 -0.0724512
292 -0.0309808
293 0.141293
294 -0.117429
295 -0.109692
296 0.0336565
297 -0.191579
298 0.0776154
299 -0.156949
300 0.0207107
301 -0.182413
302 0.0657207
303 -0.0292016
304 0.073531
305 -0.193339
306 0.173849
307 0.142255
308 0.0919882
309 0.118871
310 -0.0365395
311 0.020948
312 0.194544
313 -0.127178
314 0.14338
315 0.0240823
316 -0.1508
317 -0.102214
318 0.0541432
319 -0.0523165
320 -0.075666
321 0.0838847
322 0.0595981
323 -0.106688
324 0.14435
325 -0.0391483
326 -0.16901
327 0.189914
328 -0.0213215
329 -0.101603
330 0.131891
331 -0.0608828
332 -0.195905
333 -0.19557
334 0.00289159
335 0.0290841
336 0.107083
337 -0.0400575
338 0.146522
339 0.13788
340 0.171447
341 -0.0218441
342 -0.00509639
343 -0.0421582
344 -0.0339686
345 0.0781092
346 0.112737
347 0.0941263
348 -0.0284021
349 -0.116844
350 0.0695141
351 -0.160075
352 -0.0655777
353 -0.10193
354 -0.03735
355 0.171095
356 0.197556
357 -0.162111
358 -0.102876
359 0.196527
360 -0.0539137
361 -0.115616
362 0.0355464
363 0.0807933
364 -0.0792738
365 0.0842939
366 -0.0584141
367 0.161916
368 -0.0566378
369 -0.116162
370 0.0895801
371 -0.134637
372 -0.12301
373 -0.161349
374 -0.157759
375 0.106638
376 0.0355358
377 -0.0898238
378 -0.100306
379 0.155895
380 -0.198657
381 0.0642272
382 0.169958
383 0.104081
384 -0.119152
385 -0.0882058
386 0.0936556
387 0.0319314
388 0.0695435
389 0.12196
390 0.196952
391 -0.153069
392 0.0138901
393 -0.0917591
394 0.12777
395 -0.138145
396 0.0768834
397 -0.179299
398 -0.0545981
399 0.103117
400 -0.146966
401 0.106059
402 -0.194567
403 0.124442
404 0.0984392
405 -0.0167642
406 -0.196535
407 0.187705
408 0.190963
409 -0.0342794
410 -0.157937
411 0.0282782
412 0.144903
413 0.194464
414 -0.0503087
415 -0.0863604
416 0.150051
417 -0.0168096
418 0.0240865
419 -0.0274338
420 -0.124951
421 0.131614
422 0.118677
423 0.105834
424 0.058222
425 -0.0234133
426 -0.164514
427 -0.0356163
428 -0.171029
429 -0.158378
430 -0.0645804
431 -0.162819
432 -0.0975019
433 0.0353292
434 -0.0852398
435 0.0773365
436 0.125819
437 -0.0963482
438 -0.13525
439 -0.0223351
440 -0.158222
441 0.01819
442 0.193047
443 0.102251
444 -0.128882
445 0.0841343
446 0.068736
447 0.150003
448 0.19687
449 -0.16908
450 -0.135917
451 -0.0252192
452 -0.0433679
453 -0.0624709
454 -0.156911
455 0.058336
456 -0.0250704
457 0.0516254
458 -0.173393
459 -0.0911451
460 0.0373171
461 -0.123731
462 -0.001038
463 0.0679592
464 0.0328968
465 0.00422619
466 -0.0873585
467 0.0394871
468 -0.196118
469 0.0681843
470 -0.182533
471 -0.186079
472 -0.00829342
473 -0.0530532
474 0.049223
475 -0.0723082
476 0.176282
477 -0.189779
478 0.189622
479 -0.0178337
480 0.180434
481 0.0459736
482 0.143709
483 -0.102353
484 -0.126942
485 -0.185582
486 -0.058048
487 0.164995
488 -0.11622
489 -0.12403
490 -0.130811
491 0.159094
492 0.149065
493 0.186705
494 -0.0825299
495 -0.0718863
496 0.107113
497 0.0748691
498 0.156282
499 0.174268
500 -0.160515
501 0.116548
502 -0.112836
503 0.165385
504 -0.0765798
505 -0.110121
506 0.013983
507 0.00038925
508 0.0481307
509 -0.00126791
510 -0.0976087
511 -0.078549
512 0.180883
513 0.180752
514 -0.087032
515 -0.085775
516 -0.17224
517 0.0708026
518 -0.0819505
519 0.177073
520 -0.135336
521 0.0990696
522 0.109093
523 0.180672
524 0.122563
525 0.0139966
526 -0.00509932
527 -0.1905
528 -0.00318094
529 0.180274
530 0.115433
531 -0.0680989
532 -0.0477268
533 -0.135877
534 0.0891804
535 -0.00402298
536 0.0595992
537 0.0255579
538 0.0426683
539 0.00846758
540 -0.0857531
541 0.00383626
542 -0.0616704
543 0.182404
544 0.197314
545 -0.00352908
546 0.0609775
547 0.156336
548 0.0914767
549 0.177293
550 0.147345
551 -0.161669
552 -0.171821
553 0.0725976
554 -0.104078
555 0.128628
556 -0.0808324
557 -0.137604
558 0.0748719
559 -0.00159891
560 -0.110464
561 -0.180151
562 -0.180013
563 0.0781135
564 0.091094
565 -0.135554
566 -0.14434
567 0.115363
568 -0.0610461
569 -0.0231415
570 0.107339
571 -0.096283
572 -0.0308571
573 0.0806718
574 0.199541
575 0.0684928
576 -0.0143772
577 -0.0243367
578 0.0576716
579 0.000956191
580 -0.00420503
581 0.173015
582 -0.0628569
583 -0.134167
584 -0.0768458
585 0.125068
586 -0.153517
587 0.137284
588 0.0397165
589 -0.039998
590 -0.0931019
591 -0.140193
592 -0.0574921
593 0.140804
594 -0.0800978
595 0.034936
596 -0.172112
597 0.0667292
598 -0.0534279
599 -0.0138442
600 0.0803043
601 0.144117
602 0.0873906
603 0.0106081
604 -0.00980839
605 0.102004
606 0.116313
607 -0.024671
608 -0.141631
609 0.119791
610 0.0529184
611 0.0395085
612 -0.0881225
613 -0.0706284
614 -0.0504123
615 0.0300545
616 -0.0384061
617 0.0752006
618 -0.135283
619 0.0539673
620 0.162942
621 0.145696
622 0.0435801
623 0.189304
624 -0.176548
625 -0.112665
626 -0.183889
627 0.0687336
628 -0.0290035
629 -0.112595
630 -0.124563
631 -0.180942
632 0.0352364
633 -0.188233
634 -0.155615
635 -0.15806
636 -0.0163981
637 -0.00777408
638 0.111289
639 0.0290343
640 0.042483
641 0.0294458
642 -0.17938
643 0.0308292
644 -0.164795
645 -0.0679032
646 -0.0121075
647 -0.0997316
648 0.139009
649 -0.0365162
650 -0.027805
651 0.0220538
652 -0.0638313
653 0.0722316
654 -0.107925
655 -0.0162749
656 -0.184524
657 0.0911377
658 0.0668438
659 0.0274454
660 0.0494177
661 -0.10674
662 0.082502
663 0.142609
664 -0.117677
665 0.0171617
666 -0.146022
667 -0.0469027
668 -0.110232
669 -0.0646835
670 -0.167326
671 -0.185121
672 -0.0144512
673 0.0169965
674 0.0944121
675 -0.134194
676 -0.0780518
677 0.144046
678 -0.158071
679 -0.0339175
680 0.0803176
681 0.0641253
682 0.116476
683 -0.00527894
684 0.15452
685 -0.197609
686 0.171958
687 0.183979
688 -0.0278671
689 0.16157
690 0.0571327
691 0.0414724
692 -0.169092
693 0.170742
694 0.186955
695 0.0055947
696 -0.16612
697 -0.0283525
698 -0.177132
699 -0.113947
700 0.175903
701 0.183063
702 -0.115813
703 -0.143164
704 0.179404
705 0.0876678
706 -0.129743
707 0.128741
708 0.148006
709 0.0371468
710 -0.175998
711 -0.0695615
712 0.0780939
713 0.192816
714 0.0129776
715 -0.106089
716 0.0701847
717 0.170904
718 0.11994
719 0.122842
720 -0.0995299
721 0.0216803
722 -0.0632731
723 -0.161662
724 0.0135492
725 0.17257
726 0.0364748
727 0.193581
728 0.0527244
729 -0.135623
730 0.0788876
731 -0.0466065
732 -0.138029
733 -0.18708
734 -0.162186
735 0.191532
736 -0.0839564
737 0.0167318
738 -0.0149335
739 0.154085
740 0.0176274
741 -0.140773
742 -0.0921412
743 -0.0796207
744 0.158861
745 -0.17811
746 0.00878138
747 0.0220416
748 -0.0390648
749 -0.0419578
750 -0.0221384
751 0.124
752 0.0592493
753 0.168418
754 0.076524
755 0.161404
756 -0.164604
757 -0.0693883
758 0.023263
759 0.0447837
760 0.0832258
761 0.0243696
762 0.0280464
763 0.144865
764 -0.194509
765 0.170193
766 0.160249
767 0.0711979
768 0.107993
769 -0.150724
770 0.144124
771 0.0768975
772 -0.00467002
773 -0.181647
774 0.041747
775 -0.0595904
776 0.0693261
777 -0.145622
778 0.151584
779 -0.133611
780 0.180283
781 0.0778907
782 0.143487
783 -0.0668016
784 -0.0665243
785 0.125175
786 0.165766
787 -0.123082
788 0.0159288
789 0.111534
790 0.0298962
791 0.0164526
792 0.000700434
793 0.140897
794 -0.0558918
795 0.185491
796 -0.127457
797 -0.143458
798 -0.192087
799 0.17004
800 0.188123
801 -0.133385
802 0.0170774
803 0.192789
804 -0.127472
805 -0.00677604
806 -0.158377
807 0.0267676
808 0.1247
809 -0.0168293
810 -0.150147
811 -0.056245
812 0.115876
813 0.0471129
814 0.0251458
815 -0.0161559
816 -0.135517
817 -0.104872
818 -0.165636
819 0.14045
820 -0.0907737
821 0.118406
822 0.109974
823 -0.0767878
824 0.0240105
825 -0.173359
826 0.126727
827 0.00586786
828 -0.0500939
829 0.164575
830 0.039758
831 0.0759921
832 0.01589
833 -0.134519
834 -0.0191007
835 0.155268
836 -0.0413901
837 0.14291
838 -0.166971
839 0.16355
840 -0.0576048
841 -0.0465529
842 -0.129216
843 -0.136185
844 -0.0965928
845 0.125204
846 0.0247031
847 0.00196075
848 0.157146
849 -0.0145076
850 0.0946906
851 0.124407
852 -0.0213743
853 -0.131514
854 -0.0810928
855 -0.0669102
856 0.0843573
857 -0.148166
858 0.00805284
859 0.00393745
860 -0.0320451
861 -0.0757681
862 0.115203
863 0.091344
864 -0.000672195
865 0.10668
866 -0.0210533
867 0.0306079
868 0.124938
869 0.11146
870 0.105673
871 -0.123511
872 0.0833994
873 -0.114442
874 -0.0382676
875 -0.0747101
876 -0.0801438
877 0.0858896
878 0.0703133
879 -0.0236486
880 0.0365857
881 -0.0980878
882 -0.0536592
883 0.16708
884 -0.0426713
885 0.0585536
886 -0.0469757
887 -0.0878204
888 -0.060096
889 0.0996857
890 -0.104851
891 0.186029
892 -0.154442
893 0.0943037
894 -0.134538
895 -0.090803
896 -0.0239932
897 0.0280535
898 -0.00958276
899 0.00732349
900 0.0911114
901 -0.121136
902 0.180636
903 -0.0151291
904 -0.160106
905 0.0859895
906 -0.149599
907 0.112192
908 0.18218
909 -0.0867013
910 0.126453
911 0.108862
912 0.175892
913 0.0951086
914 0.0692335
915 0.0260284
916 -0.139981
917 0.0157441
918 0.103566
919 -0.102543
920 -0.0563943
921 0.134119
922 0.135534
923 -0.0993642
924 -0.146404
925 0.0212075
926 0.00743987
927 0.0671793
928 0.0890187
929 -0.0406428
930 -0.0166704
931 -0.180722
932 0.0867283
933 -0.0473506
934 -0.124214
935 -0.190662
936 -0.0393001
937 -0.117361
938 0.171542
939 -0.0397188
940 0.037883
941 0.0974243
942 -0.0547658
943 0.15211
944 0.0236146
945 -0.00357563
946 -0.193364
947 -0.173363
948 0.176583
949 0.0897978
950 0.168661
951 -0.0578222
952 -0.057578
953 0.15605
954 0.135867
955 0.114349
956 -0.1156
957 0.0112553
958 0.107291
959 0.0143773
960 -0.18484
961 0.121248
962 -0.136535
963 0.0456742
964 0.0879232
965 -0.014027
966 0.13537
967 0.055302
968 -0.124865
969 0.0117545
970 0.102575
971 0.0845018
972 -0.0999346
973 -0.166196
974 0.193085
975 -0.0980841
976 0.0796233
977 0.0136049
978 -0.0199899
979 -0.0879842
980 0.124851
981 0.00396752
982 0.0494847
983 -0.0202527
984 -0.110611
985 0.127715
986 0.0320745
987 0.00634165
988 0.145792
989 0.064657
990 -0.0868294
991 0.19737
992 0.0221737
993 -0.0300503
994 -0.197715
995 -0.182818
996 0.114535
997 -0.14092
998 0.00461589
999 0.0446239
1000 0.0299648
1001 0.0800149
1002 -0.0552029
1003 -0.192335
1004 -0.0437505
1005 0.137464
1006 -0.16193
1007 -0.0355273
1008 -0.137209
1009 -0.101326
1010 -0.13707
1011 -0.0868821
1012 0.00772514
1013 0.0819758
1014 -0.192992
1015 0.0021942
1016 -0.126992
1017 -0.185169
1018 -0.0941132
1019 0.0515879
1020 -0.177899
1021 0.0272179
1022 -0.168779
1023 -0.111757
1024 0.189609
1025 0.14004
1026 -0.0626471
1027 0.0301198
1028 -0.162182
1029 -0.137247
1030 0.159264
1031 0.0324752
1032 -0.0528174
1033 -0.0695804
1034 0.0123799
1035 -0.08706
1036 -0.0594091
1037 -0.0622086
1038 0.196724
1039 0.145439
1040 -0.119454
1041 -0.0197967
1042 0.128515
1043 -0.0147548
1044 -0.165317
1045 -0.116081
1046 0.192625
1047 -0.0496644
1048 0.117319
1049 0.0970049
1050 -0.00459028
1051 -0.0165074
1052 -0.142379
1053 0.000703204
1054 -0.191907
1055 -0.191563
1056 -0.082881
1057 0.11559
1058 -0.131178
1059 -0.191606
1060 0.112252
1061 -0.0135669
1062 -0.0979806
1063 0.0173413
1064 -0.0549751
1065 -0.0806491
1066 -0.114503
1067 -0.0348044
1068 0.097394
1069 -0.198768
1070 0.154096
1071 -0.0158281
1072 0.0757928
1073 -0.0758533
1074 0.0422544
1075 -0.00516949
1076 -0.0207113
1077 -0.0222656
1078 -0.059505
1079 -0.0254012
1080 0.139271
1081 0.053344
1082 -0.132284
1083 0.109099
1084 -0.0784392
1085 0.186115
1086 0.0978852
1087 0.0219888
1088 -0.0985236
1089 -0.0346286
1090 0.0355712
1091 -0.0319309
1092 0.167449
1093 -0.0140098
1094 0.0959302
1095 0.110704
1096 0.11527
1097 0.0438712
1098 -0.180452
1099 0.1755
1100 0.0287266
1101 0.0122589
1102 0.0284307
1103 0.182412
1104 0.0815459
1105 0.0785124
1106 0.172011
1107 -0.179013
1108 0.0531036
1109 -0.144185
1110 0.0824539
1111 -0.0726142
1112 0.184628
1113 -0.149688
1114 0.0180608
1115 0.122138
1116 -0.0820569
1117 -0.191846
1118 -0.077376
1119 0.0494504
1120 -0.102665
1121 -0.0448738
1122 0.0972962
1123 0.145621
1124 -0.00676132
1125 -0.103421
1126 -0.00618593
1127 0.159681
1128 -0.131463
1129 0.108319
1130 0.0592861
1131 -0.0949814
1132 0.0773201
1133 0.0325085
1134 0.156338
1135 0.0661836
1136 -0.100473
1137 -0.118732
1138 0.100043
1139 -0.102069
1140 0.0908651
1141 -0.169353
1142 -0.0881243
1143 -0.0766778
1144 -0.0691967
1145 -0.0336103
1146 0.130031
1147 0.149493
1148 0.101872
1149 0.171826
1150 0.07224
1151 -0.00694386
1152 -0.037068
1153 0.0876161
1154 0.0762268
1155 0.0331624
1156 -0.0539477
1157 -0.0565126
1158 -0.105597
1159 0.0571609
1160 -0.0113092
1161 -0.160166
1162 0.111824
1163 0.154274
1164 0.111534
1165 -0.113103
1166 -0.07643
1167 0.0866216
1168 0.0819384
1169 0.0436105
1170 0.0964623
1171 0.0486383
1172 -0.0631561
1173 0.020174
1174 -0.130493
1175 -0.15849
1176 0.159169
1177 -0.156782
1178 0.183599
1179 -0.0426439
1180 0.0716642
1181 -0.161154
1182 0.188846
1183 0.170334
1184 -0.145374
1185 0.164799
1186 0.183388
1187 0.103122
1188 0.096112
1189 -0.0792179
1190 -0.117928
1191 0.00741591
1192 0.046365
1193 0.113185
1194 0.0804768
1195 0.0659454
1196 -0.0703878
1197 0.0649189
1198 -0.199559
1199 0.174706
1200 -0.140513
1201 -0.196928
1202 -0.0424283
1203 -0.118706
1204 -0.149472
1205 0.182019
1206 -0.164429
1207 -0.0643261
1208 -0.0297415
1209 -0.0608656
1210 -0.113415
1211 0.148013
1212 -0.0519649
1213 0.0608154
1214 -0.132176
1215 0.160498
1216 -0.0672237
1217 -0.106972
1218 -0.10568
1219 0.0281719
1220 -0.197247
1221 0.131825
1222 -0.0577381
1223 0.12976
1224 -0.030352
1225 0.0202837
1226 0.0885327
1227 -0.0232576
1228 -0.0898573
1229 0.169548
1230 0.156186
1231 0.0196752
1232 0.0414918
1233 -0.156775
1234 0.0439793
1235 -0.00190599
1236 0.0418463
1237 0.174482
1238 -0.0802692
1239 -0.163847
1240 0.0925446
1241 0.197255
1242 -0.0322173
1243 0.18201
1244 0.188439
1245 0.00497348
1246 -0.0364839
1247 -0.109745
1248 0.104446
1249 0.00442222
1250 -0.0828049
1251 -0.0300147
1252 -0.074161
1253 0.146968
1254 0.0469799
1255 0.077829
1256 0.07272
1257 -0.143133
1258 0.0146347
1259 -0.0438345
1260 -0.196067
1261 0.163012
1262 0.196489
1263 0.0180954
1264 0.0641487
1265 0.128232
1266 -0.16095
1267 -0.0905893
1268 0.152918
1269 -0.0362119
1270 -0.0718705
1271 0.159107
1272 0.133678
1273 0.0132532
1274 0.0246983
1275 0.144694
1276 -0.199228
1277 0.082826
1278 -0.180207
1279 0.105493
1280 -0.0689094
1281 -0.042245
1282 0.0886644
1283 0.0322301
1284 0.0237139
1285 0.00549611
1286 0.177088
1287 0.0799478
1288 0.173468
1289 0.0678549
1290 0.162092
1291 -0.164677
1292 -0.0445834
1293 -0.0439677
1294 0.0871438
1295 0.119962
1296 0.0580314
1297 -0.0977546
1298 0.0433104
1299 -0.0592104
1300 -0.174998
1301 0.0595491
1302 -0.0182242
1303 0.066948
1304 0.140262
1305 0.109713
1306 0.0938033
1307 -0.114434
1308 0.0236207
1309 0.0967277
1310 -0.0811452
1311 0.0721995
1312 -0.184267
1313 0.142741
1314 -0.152752
1315 0.169986
1316 -0.057331
1317 -0.00307676
1318 -0.0698391
1319 -0.0668591
1320 0.0974892
1321 0.0354648
1322 -0.0836067
1323 -0.096806
1324 0.0390646
1325 -0.0192895
1326 0.0895957
1327 0.173861
1328 0.122372
1329 0.135983
1330 -0.0725198
1331 -0.143976
1332 0.0251536
1333 0.0508439
1334 0.18294
1335 -0.0491718
1336 0.0474213
1337 0.14231
1338 0.0324192
1339 -0.0164279
1340 -0.0192463
1341 0.197949
1342 0.0223558
1343 0.088391
1344 0.0170505
1345 -0.0758353
1346 0.0898494
1347 0.0193693
1348 0.14989
1349 0.0105212
1350 -0.148668
1351 -0.106313
1352 0.0141971
1353 -0.101214
1354 -0.0615789
1355 -0.123047
1356 0.0357269
1357 0.0568127
1358 -0.0417662
1359 0.194413
1360 -0.0326455
1361 0.0242928
1362 0.188126
1363 -0.134462
1364 -0.0763603
1365 -0.0986017
1366 -0.0967762
1367 -0.136966
1368 0.0478863
1369 -0.118768
1370 0.177287
1371 0.0995994
1372 -0.121512
1373 -0.177209
1374 0.0345219
1375 0.191327
1376 0.0192113
1377 -0.0719709
1378 -0.186601
1379 0.176555
1380 0.0570498
1381 -0.147182
1382 -0.18136
1383 -0.18547
1384 -0.172956
1385 -0.144395
1386 0.154615
1387 -0.175145
1388 0.103447
1389 0.0852423
1390 0.106669
1391 -0.080503
1392 -0.00636879
1393 0.164812
1394 -0.158279
1395 0.153003
1396 0.135322
1397 -0.00238562
1398 -0.189919
1399 -0.0236173
1400 -0.192315
1401 0.0733113
1402 0.126154
1403 0.160233
1404 0.189242
1405 0.147782
1406 -0.0965776
1407 -0.0491567
1408 -0.0103675
1409 -0.0901151
1410 0.0181159
1411 -0.160091
1412 -0.188052
1413 -0.120554
1414 0.135917
1415 0.15464
1416 -0.175743
1417 -0.143666
1418 -0.0355986
1419 0.123013
1420 -0.0178486
1421 0.024802
1422 0.0965233
1423 0.060816
1424 0.0538056
1425 0.139223
1426 0.0275981
1427 0.13559
1428 -0.130335
1429 -0.155846
1430 -0.0388294
1431 0.0322039
1432 0.00848499
1433 0.12917
1434 -0.167971
1435 -0.0749441
1436 0.0142949
1437 0.10746
1438 -0.134335
1439 0.0911107
1440 -0.0746974
1441 -0.09104
1442 -0.127093
1443 -0.0127596
1444 -0.0614547
1445 0.149411
1446 0.0128549
1447 0.123567
1448 0.106617
1449 -0.158705
1450 0.000225723
1451 -0.128202
1452 0.0554515
1453 0.076737
1454 0.0309479
1455 0.0683727
1456 -0.0611869
1457 0.159404
1458 -0.030039
1459 0.0266381
1460 -0.046737
1461 0.00518329
1462 -0.155715
1463 0.149105
1464 -0.0786102
1465 -0.0948746
1466 -0.0154573
1467 0.0712531
1468 0.11638
1469 0.08573
1470 0.0496224
1471 -0.0660985
1472 0.199674
1473 0.0889944
1474 0.138712
1475 -0.170418
1476 -0.15478
1477 0.0985059
1478 0.181355
1479 -0.171547
1480 0.053161
1481 -0.054393
1482 0.108064
1483 0.185608
1484 -0.0155312
1485 -0.127964
1486 0.101398
1487 0.111839
1488 0.13344
1489 0.196995
1490 -0.00900534
1491 -0.0451275
1492 0.0266991
1493 0.00556452
1494 -0.0730599
1495 0.0974433
1496 0.0918265
1497 -0.106356
1498 -0.00037433
1499 -5.13266e-05
1500 0.0848718
1501 -0.154523
1502 0.0114758
1503 -0.103708
1504 -0.132484
1505 0.0164864
1506 -0.0513671
1507 -0.107373
1508 -0.0639918
1509 -0.132807
1510 -0.164361
1511 0.16356
1512 0.1877
1513 0.139011
1514 -0.0656716
1515 -0.185675
1516 0.0452575
1517 0.0592675
1518 0.0377204
1519 0.0249051
1520 0.0814049
1521 -0.0430009
1522 -0.158921
1523 -0.0837753
1524 0.170784
1525 -0.170753
1526 0.134095
1527 -0.0470542
1528 0.153754
1529 0.0628233
1530 -0.113003
1531 0.0869488
1532 -0.0854564
1533 -0.0633193
1534 0.1874
1535 0.178627
1536 0.197039
1537 -0.0729361
1538 0.163003
1539 0.106763
1540 0.0228034
1541 -0.111574
1542 0.13656
1543 0.156546
1544 -0.119816
1545 0.199559
1546 -0.183157
1547 0.00352018
1548 -0.06761
1549 0.108671
1550 -0.0980796
1551 -0.0329086
1552 -0.153285
1553 -0.137538
1554 0.0199579
1555 -0.0653005
1556 -0.07234
1557 0.142903
1558 -0.00248767
1559 -0.00352467
1560 -0.0845242
1561 0.0909619
1562 -0.0736944
1563 -0.0917625
1564 -0.0815844
1565 -0.0350914
1566 0.0371867
1567 0.0948273
1568 0.130557
1569 -0.154091
1570 -0.0204938
1571 0.104912
1572 0.10486
1573 -0.0693201
1574 0.0827767
1575 -0.159147
1576 0.187671
1577 0.0490499
1578 -0.130749
1579 -0.00581097
1580 0.00631086
1581 0.10886
1582 0.0849209
1583 0.0178576
1584 -0.115088
1585 -0.0189464
1586 -0.0794871
1587 -0.0758833
1588 0.00278185
1589 -0.184743
1590 0.182165
1591 0.038036
1592 0.0816748
1593 0.10128
1594 -0.0534843
1595 0.198496
1596 0.046154
1597 -0.121194
1598 0.0743237
1599 0.149006
1600 0.122774
1601 -0.01139
1602 0.136932
1603 0.19338
1604 -0.182204
1605 0.142356
1606 0.111725
1607 -0.100713
1608 -0.12501
1609 0.169403
1610 0.00109974
1611 0.11911
1612 -0.18154
1613 -0.0104656
1614 0.183637
1615 0.0152648
1616 -0.0459115
1617 0.198172
1618 -0.0399782
1619 0.157558
1620 -0.17288
1621 -0.191926
1622 -0.14721
1623 -0.140069
1624 -0.130204
1625 0.114901
1626 0.185996
1627 0.0269208
1628 -0.10851
1629 0.127866
1630 -0.0378925
1631 0.0600684
1632 0.116674
1633 -0.161802
1634 -0.102588
1635 -0.14609
1636 0.0392093
1637 -0.0570789
1638 0.0644637
1639 0.0477507
1640 0.0726652
1641 0.0604592
1642 0.118317
1643 -0.175746
1644 -0.099797
1645 0.157626
1646 0.135293
1647 0.104929
1648 0.140012
1649 -0.102314
1650 -0.0458618
1651 0.0520087
1652 -0.109956
1653 -0.154625
1654 -0.125822
1655 -0.155872
1656 -0.198443
1657 0.197184
1658 -0.048256
1659 0.0737896
1660 -0.0741737
1661 -0.0598181
1662 0.061732
1663 -0.134436
1664 0.112589
1665 0.0562165
1666 -0.0448815
1667 0.0528487
1668 0.163849
1669 0.147428
1670 0.132267
1671 -0.00776262
1672 0.0866987
1673 -0.116802
1674 -0.0465645
1675 0.0655628
1676 0.161471
1677 -0.0352312
1678 0.132671
1679 -0.0980702
1680 -0.116055
1681 0.0445408
1682 -0.0697324
1683 0.188216
1684 -0.156248
1685 -0.0354578
1686 0.0330544
1687 0.187289
1688 -0.185914
1689 0.0589776
1690 0.112206


1691 5
1692 5
1693 5
1694 5
1695 5
1696 5
1697 5
1698 5
1699 5
1700 5
1701 5
1702 5
1703 5
1704 5
1705 5
1706 5
1707 5
1708 5
1709 5
1710 5
1711 5
1712 5
1713 5
1714 5
1715 5
1716 5
1717 5
1718 5
1719 5
1720 5
1721 5
1722 5
1723 5
1724 5
1725 5
1726 5
1727 5
1728 5
1729 5
1730 5
1731 5
1732 5
1733 5
1734 5
1735 5
1736 5
1737 5
1738 5
1739 5
1740 5
1741 5
