1.40218

1 0.136217
2 -0.19532
3 -0.137013
4 0.156606
5 -0.0930502
6 -0.0755472
7 0.153159
8 0.0694582
9 0.0366615
10 0.0970628
11 -0.145783
12 0.0622802
13 -0.112918
14 -0.157681
15 -0.0511674
16 0.145319
17 -0.154627
18 -0.0836231
19 0.0899388
20 0.162772
21 -0.033936
22 0.183799
23 0.105287
24 0.0377861
25 -0.00676274
26 -0.0260008
27 0.00519837
28 0.0734034
29 -0.0547922
30 -0.0178669
31 0.0172562
32 0.0555642
33 -0.0428121
34 0.0242407
35 0.0586184
36 0.119145
37 0.136683
38 0.120554
39 0.0665317
40 0.0837335
41 -0.0986739
42 0.156793
43 0.0173614
44 -0.0922268
45 0.19537
46 -0.0480392
47 -0.0409565
48 -0.0609458
49 -0.0500493
50 0.096622
51 -0.146663
52 0.0301711
53 0.189348
54 -0.112965
55 -0.0410957
56 -0.0773777
57 0.107171
58 0.182095
59 -0.0486541
60 0.0202788
61 -0.0223021
62 -0.0679088
63 -0.0111285
64 -0.0749292
65 0.0203133
66 0.161038
67 0.172997
68 -0.115601
69 -0.0841623
70 0.152147
71 -0.177202
72 -0.187264
73 -0.0519113
74 0.0400715
75 -0.0637543
76 -0.146512
77 -0.143405
78 -0.199352
79 -0.0236201
80 -0.0835034
81 -0.0339759
82 0.115142
83 0.0151876
84 -0.161954
85 0.0180782
86 -0.14298
87 0.114117
88 0.113644
89 -0.174459
90 0.097671
91 -0.120579
92 -0.146324
93 -0.116132
94 0.185086
95 0.0179039
96 0.0315825
97 0.194992
98 0.176151
99 -0.0894135
100 -0.0371507
101 -0.134586
102 0.149421
103 -0.0670405
104 -0.0370357
105 -0.0116557
106 0.190511
107 -0.180374
108 -0.167545
109 -0.0370722
110 0.180723
111 -0.128821
112 0.194392
113 -0.155207
114 -0.125027
115 0.0525528
116 -0.0600306
117 -0.160672
118 0.0108906
119 0.0770732
120 0.0418673
121 0.0106683
122 0.0129366
123 -0.136804
124 -0.086829
125 0.182747
126 0.0412021
127 0.102975
128 -0.198693
129 -0.0209678
130 0.112005
131 0.00311571
132 -0.105542
133 0.00140328
134 0.138417
135 -0.087666
136 0.195451
137 0.126793
138 0.186909
139 0.0442959
140 0.183686
141 0.161007
142 0.00895626
143 -0.12251
144 0.18656
145 0.155791
146 -0.10088
147 0.149821
148 0.0398528
149 -0.1593
150 -0.0710738
151 0.133371
152 0.12565
153 0.169325
154 0.0899852
155 0.199003
156 -0.094934
157 -0.105305
158 -0.0865426
159 0.0712561
160 -0.176029
161 0.191712
162 0.0226839
163 0.00694417
164 -0.158789
165 -0.092255
166 -0.151734
167 0.0496532
168 -0.0895069
169 0.0150672
170 0.0747236
171 0.193457
172 -0.0270049
173 0.186552
174 0.0573481
175 -0.179799
176 0.181371
177 0.0387444
178 -0.0876475
179 0.0626017
180 0.027218
181 0.0516685
182 -0.183286
183 0.0855982
184 0.155439
185 0.196374
186 -0.0681408
187 -0.171802
188 -0.0564871
189 -0.0675169
190 -0.0140003
191 0.137752
192 0.0679806
193 -0.141957
194 -0.181992
195 -0.126634
196 -0.0160711
197 -0.121508
198 0.141692
199 0.0209169
200 0.129022
201 0.126174
202 -0.0135084
203 -0.125808
204 0.00510621
205 -0.024087
206 -0.0403416
207 -0.02936
208 -0.0806926
209 0.0893112
210 -0.158879
211 0.0875313
212 0.130717
213 0.174759
214 0.184311
215 0.110855
216 0.114581
217 0.124372
218 -0.18168
219 0.0655395
220 0.198996
221 -0.187586
222 0.120272
223 -0.0712936
224 0.0930118
225 0.144979
226 0.0537575
227 -0.177904
228 -0.0240016
229 0.0438923
230 0.00757591
231 0.135764
232 0.130553
233 0.120186
234 -0.182984
235 -0.120493
236 0.0176487
237 -0.0980458
238 0.0405723
239 -0.0764966
240 0.0767635
241 -0.0490555
242 -0.0262806
243 -0.182058
244 -0.175403
245 -0.175715
246 -0.0667675
247 0.0479146
248 0.18849
249 -0.0579091
250 0.0269167
251 -0.164417
252 0.0841179
253 -0.147854
254 0.0904342
255 -0.160074
256 0.0923534
257 -0.0582505
258 -0.163172
259 0.155892
260 -0.194076
261 0.0123276
262 -0.0399505
263 0.0097891
264 0.123687
265 0.0273749
266 0.120869
267 -0.181042
268 0.109156
269 -0.137067
270 -0.0667937
271 0.0174405
272 0.0535664
273 0.0584178
274 -0.0615437
275 0.0299126
276 0.00866927
277 0.144044
278 0.113575
279 -0.119367
280 -0.149428
281 -0.0148169
282 -0.187039
283 0.153909
284 -0.149104
285 -0.0839489
286 -0.180417
287 -0.171228
288 0.0799299
289 -0.168722
290 0.157419
291 -0.0628293
292 -0.082204
293 -0.0597692
294 0.103358
295 -0.186419
296 -0.0278122
297 0.119129
298 0.0683746
299 -0.0663169
300 -0.133199
301 0.118541
302 0.00576315
303 0.16625
304 -0.0333861
305 -0.144996
306 -0.0643809
307 -0.0179828
308 -0.106652
309 -0.025383
310 -0.167133
311 0.132313
312 0.197822
313 0.187951
314 0.132715
315 0.191273
316 -0.140694
317 0.129028
318 -0.0152443
319 -0.0291839
320 -0.117697
321 -0.0920375
322 0.0861176
323 -0.035562
324 0.0471482
325 0.0700683
326 0.192925
327 0.178378
328 0.000221665
329 -0.018297
330 -0.158712
331 -0.16299
332 0.014947
333 0.192714
334 0.0444449
335 0.0946602
336 0.11537
337 -0.12841
338 0.0546748
339 0.197019
340 -0.105963
341 0.0094701
342 0.175062
343 -0.152816
344 -0.124328
345 0.0330203
346 -0.150058
347 0.19034
348 -0.12502
349 0.0756571
350 -0.0795248
351 -0.0129862
352 0.0544513
353 0.174603
354 -0.112131
355 0.18004
356 -0.0255726
357 0.114109
358 0.0231643
359 0.106263
360 -0.182346
361 0.152576
362 -0.184167
363 -0.0320325
364 0.0841257
365 -0.123613
366 0.117416
367 -0.142944
368 -0.177168
369 -0.110978
370 0.0981734
371 -0.0356142
372 0.115179
373 -0.162084
374 -0.0875506
375 0.0410943
376 -0.0258591
377 -0.0291939
378 -0.0907464
379 0.0103811
380 -0.0837142
381 0.137039
382 -0.066296
383 0.125946
384 0.12086
385 0.0485769
386 -0.0278315
387 0.0242404
388 -0.172852
389 -0.148866
390 0.00203062
391 -0.0512065
392 -0.173897
393 0.193491
394 0.0440082
395 -0.0737314
396 -0.117776
397 -0.016499
398 0.0484151
399 0.1252
400 0.0262893
401 0.120584
402 -0.160864
403 0.171624
404 -0.0501351
405 -0.00339622
406 -0.1862
407 0.0356516
408 -0.0402179
409 0.157783
410 0.117447
411 -0.198016
412 0.143501
413 0.107044
414 -0.142792
415 0.0575279
416 -0.163301
417 0.0382404
418 0.0370895
419 0.191193
420 0.0347549
421 -0.116253
422 -0.110321
423 0.121366
424 0.199713
425 0.0209986
426 -0.136381
427 0.149669
428 0.0933471
429 -0.0178475
430 -0.147552
431 0.0313261
432 -0.159852
433 -0.058003
434 0.0564582
435 -0.0502808
436 0.124188
437 0.01452
438 -0.11092
439 -0.154391
440 -0.0174048
441 0.0439326
442 -0.0786408
443 -0.042649
444 -0.0154641
445 -0.0852518
446 -0.00235967
447 -0.155981
448 0.024241
449 0.0589294
450 -0.0249053
451 -0.0920365
452 -0.0730737
453 0.186381
454 -0.0457488
455 -0.0971571
456 0.00202545
457 0.126216
458 0.141523
459 0.140308
460 0.184918
461 -0.187812
462 -0.101202
463 0.161949
464 -0.0323013
465 -0.0121645
466 -0.155146
467 -0.00892436
468 0.179149
469 0.184063
470 0.157491
471 -0.0280038
472 0.108568
473 -0.166733
474 -0.0071989
475 0.198854
476 -0.0332437
477 0.145003
478 0.125636
479 0.134039
480 0.00797866
481 0.104616
482 0.128089
483 0.182494
484 -0.0595768
485 -0.13687
486 -0.135235
487 0.104202
488 -0.010164
489 -0.0419091
490 0.0743267
491 -0.14278
492 0.185043
493 0.14588
494 0.00869092
495 -0.169902
496 -0.125467
497 0.134007
498 -0.173563
499 -0.112103
500 0.191801
501 0.159909
502 -0.0680746
503 0.0668339
504 -0.135468
505 0.191934
506 -0.173983
507 -0.14286
508 -0.141589
509 0.0493306
510 0.111479
511 0.117823
512 0.0853497
513 -0.0445663
514 0.118269
515 0.17424
516 -0.190441
517 0.0969391
518 0.0391438
519 0.0814162
520 -0.0243014
521 0.120631
522 0.0835876
523 -0.0343091
524 0.0029711
525 -0.051876
526 0.0398323
527 -0.0872303
528 0.192141
529 -0.129991
530 -0.0222014
531 -0.150119
532 0.0445953
533 0.02414
534 0.0407259
535 -0.0734359
536 -0.11474
537 0.180939
538 0.158077
539 0.0869622
540 0.0574323
541 -0.142377
542 -0.178035
543 0.0969605
544 0.112078
545 -0.158154
546 -0.134283
547 -0.0202197
548 0.0202433
549 0.0815993
550 0.100777
551 0.172458
552 0.116061
553 -0.166779
554 0.0549106
555 -0.0786284
556 -0.0715159
557 0.00860647
558 -0.163946
559 0.102301
560 -0.135903
561 -0.0613846
562 -0.0672364
563 0.189626
564 -0.0212488
565 -0.0748481
566 -0.149712
567 0.087551
568 0.133413
569 -0.132252
570 -0.128583
571 -0.184339
572 0.125285
573 0.0696774
574 -0.017728
575 0.160979
576 -0.0375887
577 0.114127
578 0.00778758
579 -0.182988
580 0.19535
581 0.0489878
582 0.0429428
583 0.0257164
584 0.157141
585 -0.0969706
586 -0.193502
587 0.194754
588 0.0166029
589 -0.0591813
590 0.0330651
591 0.106625
592 0.142917
593 -0.133966
594 -0.0984808
595 -0.0732814
596 -0.0856818
597 -0.0335699
598 -0.131057
599 0.0155321
600 -0.0421862
601 -0.0803993
602 0.159742
603 0.0877255
604 -0.0651556
605 0.0433107
606 -0.153385
607 0.0126442
608 -0.175134
609 0.161603
610 -0.137233
611 0.0960095
612 -0.0438529
613 0.00313101
614 -0.103396
615 -0.105602
616 0.0287957
617 0.149274
618 -0.094934
619 0.0379185
620 -0.0859852
621 0.195955
622 0.163009
623 -0.057069
624 0.167826
625 -0.151583
626 0.101943
627 -0.00899307
628 0.0945509
629 0.0294093
630 0.0982608
631 -0.134043
632 -0.184461
633 -0.0372658
634 -0.103922
635 0.131182
636 -0.192963
637 0.0282754
638 0.0394261
639 0.105749
640 -0.138265
641 0.126471
642 -0.0200426
643 -0.175465
644 -0.184886
645 -0.0134233
646 -0.141382
647 0.183513
648 0.110392
649 -0.176636
650 -0.0182477
651 -0.0909016
652 0.104949
653 0.00420128
654 0.117969
655 0.176866
656 -0.0840521
657 0.107959
658 0.0703485
659 0.136789
660 0.0211345
661 -0.0873717
662 0.0930143
663 0.0288171
664 0.0862438
665 0.0358166
666 -0.127386
667 -0.181176
668 0.0203731
669 -0.0818819
670 0.0136211
671 -0.11355
672 0.091329
673 0.0672249
674 0.14229
675 -0.119801
676 -0.175794
677 0.0926301
678 -0.0229532
679 0.0375607
680 0.0807045
681 0.113078
682 -0.0271658
683 -0.11986
684 -0.137727
685 0.101375
686 0.0850561
687 -0.104204
688 -0.0452563
689 -0.00791377
690 0.0814412
691 -0.190046
692 0.0493403
693 -0.0827999
694 -0.142975
695 -0.0478379
696 0.159573
697 0.18957
698 -0.173811
699 0.0657378
700 0.102515
701 -0.0542841
702 0.000795553
703 0.0803058
704 -0.020452
705 -0.0485551
706 -0.0150053
707 0.0186184
708 -0.0232696
709 -0.0555076
710 0.0824524
711 0.0673449
712 0.0465568
713 -0.197356
714 -0.0551631
715 -0.0162294
716 0.153423
717 0.00642418
718 -0.00370797
719 0.105937
720 0.129012
721 0.121573
722 0.118899
723 0.140476
724 0.0652374
725 -0.127023
726 -0.0259552
727 -0.110831
728 0.113803
729 -0.106211
730 -0.120793
731 0.00518807
732 -0.104012
733 -0.00153892
734 0.0812604
735 -0.143773
736 -0.0598382
737 -0.0837951
738 -0.0411202
739 -0.177329
740 -0.179424
741 0.0181253
742 -0.160051
743 0.0757003
744 -0.037572
745 0.020341
746 0.0504633
747 0.107762
748 0.00895323
749 0.105257
750 0.153661
751 0.195682
752 0.141589
753 -0.104897
754 -0.1143
755 0.115483
756 -0.0620148
757 -0.0224547
758 0.0420775
759 0.0904196
760 0.0890589
761 0.166254
762 0.188067
763 0.122788
764 0.11165
765 0.133482
766 0.0885628
767 -0.15349
768 -0.0341579
769 0.131067
770 0.145772
771 0.0075555
772 -0.0219585
773 -0.102054
774 -0.185435
775 -0.101191
776 -0.139639
777 -0.0986208
778 0.112525
779 0.0912444
780 -0.108148
781 0.0152067
782 -0.129761
783 -0.173448
784 -0.0241141
785 0.044212
786 -0.198061
787 -0.154248
788 -0.125224
789 -0.0207989
790 -0.105743
791 0.144511
792 0.120004
793 0.129043
794 -0.133674
795 0.0368537
796 -0.152303
797 -0.106616
798 0.112971
799 0.0774907
800 -0.153211
801 0.167543
802 -0.162475
803 -0.00482525
804 -0.139788
805 -0.0672144
806 -0.0836055
807 -0.0613502
808 -0.190664
809 0.059273
810 0.195555
811 0.12673
812 0.0453171
813 0.13626
814 0.0625748
815 0.11598
816 0.148512
817 0.185436
818 0.0563059
819 0.107553
820 -0.105665
821 0.110346
822 0.0190169
823 -0.0662638
824 -0.149864
825 -0.118959
826 -0.119395
827 0.0766094
828 0.119497
829 -0.174334
830 -0.0256364
831 0.0529863
832 -0.0469109
833 -0.144849
834 0.0652741
835 0.0998944
836 0.157027
837 0.0888635
838 -0.164964
839 -0.0165527
840 -0.0762566
841 -0.0892536
842 0.0812772
843 0.10286
844 0.16742
845 -0.169803
846 0.0406984
847 0.183577
848 -0.147096
849 0.0786728
850 0.0658199
851 -0.0476147
852 0.168675
853 -0.138146
854 0.0688788
855 0.00673866
856 0.117213
857 -0.00563961
858 -0.0933923
859 0.190782
860 -0.172105
861 -0.139765
862 0.0868171
863 -0.0872125
864 -0.198021
865 -0.108323
866 -0.114187
867 -0.143161
868 0.137015
869 -0.0483642
870 0.118313
871 -0.0150038
872 0.0705008
873 0.107237
874 -0.199227
875 0.0905267
876 -0.116072
877 -0.0350487
878 0.123471
879 -0.0591465
880 -0.154032
881 -0.00679762
882 0.125414
883 0.169634
884 -0.0507812
885 -0.0167348
886 -0.0500548
887 -0.0620332
888 0.00321912
889 -0.0568079
890 0.110699
891 -0.0966901
892 -0.17706
893 0.0767822
894 -0.00233848
895 0.0144511
896 -0.123851
897 0.179587
898 0.0246489
899 0.00458137
900 -0.0558513
901 0.0252763
902 -0.151638
903 -0.0581222
904 0.0671433
905 -0.14921
906 0.174562
907 -0.18854
908 0.0592306
909 0.169699
910 -0.122655
911 0.0283478
912 0.0373458
913 -0.0674025
914 0.155378
915 -0.0401685
916 0.193
917 -0.161673
918 0.0792852
919 0.051692
920 0.171332
921 -0.0466797
922 -0.0716199
923 0.0347021
924 0.159259
925 0.0319331
926 -0.137701
927 -0.169899
928 -0.0838397
929 -0.0840646
930 0.0829324
931 -0.0951819
932 0.100736
933 0.188194
934 0.0327981
935 0.135946
936 -0.0613199
937 -0.00195921
938 0.185922
939 0.0100429
940 -0.149285
941 0.182014
942 0.117572
943 -0.0712868
944 0.0467004
945 0.169293
946 0.128269
947 0.0612959
948 -0.148042
949 0.11431
950 -0.194634
951 -0.0887433
952 0.0329659
953 0.133548
954 -0.106136
955 -0.0121717
956 -0.102231
957 0.192674
958 0.0223776
959 -0.0798316
960 -0.0482369
961 -0.0248459
962 0.0421634
963 -0.0684522
964 -0.117931
965 0.153242
966 0.0213113
967 -0.134005
968 0.0787469
969 0.0371436
970 -0.0772396
971 0.080357
972 -0.0185488
973 0.0109516
974 -0.0886345
975 -0.112651
976 0.154884
977 0.170683
978 -0.0874966
979 0.0205469
980 0.188467
981 0.103847
982 0.0558103
983 -0.105034
984 -0.0478933
985 0.0469217
986 -0.0695475
987 -0.163702
988 -0.0415652
989 -0.0429073
990 -0.052334
991 -0.19358
992 0.151495
993 -0.109457
994 0.158027
995 -0.115854
996 0.0569113
997 0.12845
998 -0.178688
999 0.141963
1000 0.16406
1001 -0.0669896
1002 -0.085384
1003 -0.198796
1004 -0.199386
1005 0.150911
1006 -0.00738111
1007 0.0217652
1008 -0.150426
1009 -0.0815827
1010 -0.174261
1011 -0.105049
1012 0.00145314
1013 -0.140439
1014 -0.15252
1015 0.076961
1016 0.0136251
1017 0.193861
1018 0.0150348
1019 -0.0146123
1020 -0.189017
1021 -0.0482261
1022 -0.122674
1023 -0.0154897
1024 -0.0282489
1025 0.166056
1026 -0.158669
1027 0.177954
1028 0.165831
1029 0.117191
1030 0.111838
1031 -0.171533
1032 -0.144087
1033 -0.00918055
1034 -0.135578
1035 0.0540412
1036 0.11716
1037 0.144099
1038 0.198942
1039 0.050182
1040 0.0525166
1041 -0.00442486
1042 0.104077
1043 0.0744446
1044 -0.185869
1045 -0.145125
1046 -0.132149
1047 -0.178657
1048 0.191473
1049 -0.0641932
1050 0.188294
1051 0.0316907
1052 -0.194436
1053 -0.136028
1054 -0.194913
1055 0.0111557
1056 0.0497325
1057 0.0388779
1058 -0.129158
1059 -0.109353
1060 0.00842977
1061 0.024989
1062 -0.000192624
1063 0.176645
1064 -0.0354356
1065 0.0893639
1066 -0.0546853
1067 0.196734
1068 -0.0237311
1069 -0.190321
1070 -0.0124271
1071 -0.0920183
1072 -0.173163
1073 -0.191163
1074 0.10701
1075 0.144433
1076 -0.129727
1077 0.0835895
1078 0.166123
1079 0.117928
1080 0.174508
1081 0.0775779
1082 0.191247
1083 -0.115967
1084 0.109154
1085 0.055292
1086 -0.195969
1087 -0.123345
1088 0.181817
1089 -0.0774612
1090 0.0373954
1091 0.0356749
1092 0.0277644
1093 -0.0431676
1094 -0.0453689
1095 -0.170512
1096 0.098204
1097 -0.197892
1098 0.13236
1099 -0.119593
1100 0.0326757
1101 0.111912
1102 0.190054
1103 0.0872432
1104 0.0651933
1105 -0.155973
1106 0.174174
1107 -0.116241
1108 0.100068
1109 0.0695425
1110 0.0283567
1111 -0.14567
1112 -0.108358
1113 -0.194382
1114 -0.0675547
1115 0.0146693
1116 -0.197142
1117 0.0725162
1118 0.190837
1119 0.0202984
1120 -0.017162
1121 -0.0990835
1122 0.0685805
1123 0.19936
1124 0.0654644
1125 -0.0352785
1126 -0.00716261
1127 -0.0415577
1128 -0.171743
1129 0.0999873
1130 0.0493367
1131 0.0259415
1132 -0.0958227
1133 0.0999609
1134 -0.186913
1135 0.181829
1136 -0.116215
1137 0.162198
1138 -0.0778331
1139 -0.110434
1140 -0.000675375
1141 0.10759
1142 0.11377
1143 0.124795
1144 0.120161
1145 0.186195
1146 0.136994
1147 0.176336
1148 0.171653
1149 0.0402037
1150 -0.0860451
1151 -0.0364316
1152 -0.091275
1153 -0.0585945
1154 -0.114949
1155 -0.074138
1156 0.160631
1157 0.160935
1158 -0.196294
1159 0.0888572
1160 0.0976824
1161 0.0468642
1162 -0.0445665
1163 0.03555
1164 0.153461
1165 -0.0107054
1166 0.141277
1167 -0.0887679
1168 0.0122522
1169 -0.190101
1170 0.0302109
1171 0.172687
1172 0.0805751
1173 -0.0796041
1174 -0.089832
1175 -0.191952
1176 -0.0824198
1177 -0.126518
1178 -0.160332
1179 0.0141144
1180 0.0195671
1181 -0.0310804
1182 0.152162
1183 -0.193562
1184 -0.151074
1185 0.0210823
1186 0.024393
1187 -0.0945573
1188 0.195993
1189 0.181606
1190 0.155954
1191 -0.136736
1192 -0.130725
1193 -0.0943055
1194 -0.0214679
1195 -0.0197086
1196 0.122084
1197 -0.109179
1198 0.0712907
1199 0.164649
1200 -0.108039
1201 0.125241
1202 0.159578
1203 -0.112788
1204 0.14465
1205 0.0678484
1206 0.0798668
1207 -0.152336
1208 0.095313
1209 0.040294
1210 -0.0235603
1211 -0.177488
1212 -0.153119
1213 0.138699
1214 -0.149421
1215 0.0458709
1216 0.0684424
1217 0.192218
1218 0.133551
1219 0.122709
1220 0.0833684
1221 0.0723148
1222 0.109521
1223 0.0122686
1224 -0.17926
1225 -0.18718
1226 0.19493
1227 -0.180544
1228 -0.00491671
1229 -0.190549
1230 -0.124727
1231 -0.160159
1232 -0.0965926
1233 -0.114639
1234 -0.140735
1235 0.0487214
1236 0.163104
1237 0.0421776
1238 0.191125
1239 -0.078793
1240 0.168637
1241 -0.101344
1242 0.041334
1243 0.160834
1244 -0.196522
1245 0.0893331
1246 -0.0478267
1247 -0.129464
1248 0.184402
1249 0.0635491
1250 -0.0960443
1251 0.169712
1252 0.158342
1253 -0.197859
1254 -0.128512
1255 -0.137034
1256 -0.0231827
1257 0.137858
1258 -0.0255158
1259 0.143851
1260 0.0450767
1261 -0.155279
1262 -0.158922
1263 0.0883508
1264 0.0862247
1265 0.169538
1266 -0.0317656
1267 0.121488
1268 -0.0151567
1269 -0.107305
1270 -0.0940831
1271 -0.015908
1272 -0.0223569
1273 -0.0220466
1274 -0.17131
1275 0.159155
1276 0.0716672
1277 -0.0357414
1278 0.031206
1279 0.0504325
1280 -0.172808
1281 -0.120749
1282 -0.107458
1283 -0.0357455
1284 -0.155418
1285 0.196948
1286 0.0203901
1287 -0.19888
1288 -0.10886
1289 0.111149
1290 0.181729
1291 -0.05498
1292 -0.0117473
1293 -0.196712
1294 0.0791064
1295 0.097303
1296 -0.190809
1297 0.0525338
1298 -0.0119869
1299 0.0541319
1300 -0.0265495
1301 0.126027
1302 -0.16662
1303 0.0701789
1304 0.11767
1305 -0.019347
1306 -0.173715
1307 -0.19959
1308 -0.0276215
1309 -0.179912
1310 0.0926272
1311 0.0698717
1312 0.129816
1313 0.115349
1314 0.00783637
1315 -0.114469
1316 0.183964
1317 0.159545
1318 0.188194
1319 -0.0959929
1320 0.171248
1321 0.03548
1322 -0.117118
1323 -0.0689346
1324 -0.103676
1325 -0.0391247
1326 0.104579
1327 0.099073
1328 -0.101186
1329 0.130347
1330 0.0610744
1331 0.15735
1332 -0.0148481
1333 -0.127686
1334 -0.19036
1335 0.0767719
1336 -0.0961612
1337 -0.178808
1338 -0.0579573
1339 0.0743302
1340 0.0757197
1341 -0.104872
1342 -0.120148
1343 -0.155454
1344 -0.199627
1345 0.139918
1346 -0.0814993
1347 0.154074
1348 0.071408
1349 -0.182678
1350 0.115916
1351 -0.183388
1352 0.0517676
1353 -0.147615
1354 0.019083
1355 0.11751
1356 0.048925
1357 -0.158386
1358 -0.00575165
1359 0.0720189
1360 -0.0553467
1361 0.034834
1362 0.0140731
1363 -0.156942
1364 0.161973
1365 0.162928
1366 -0.132798
1367 -0.122505
1368 0.08755
1369 0.056847
1370 -0.123753
1371 -0.0560266
1372 -0.000414585
1373 0.0473033
1374 0.0698847
1375 -0.118356
1376 -0.167811
1377 -0.167316
1378 0.151359
1379 0.183785
1380 -0.143209
1381 0.074528
1382 0.116044
1383 -0.0597103
1384 0.026583
1385 0.0348599
1386 -0.113969
1387 -0.178683
1388 0.187398
1389 0.100397
1390 -0.00340461
1391 0.111579
1392 0.160499
1393 -0.0977334
1394 0.075165
1395 -0.165793
1396 0.14413
1397 0.0678309
1398 -0.114409
1399 -0.0684897
1400 -0.13096
1401 -0.115143
1402 -0.0410202
1403 -0.0775403
1404 0.0490974
1405 0.150607
1406 0.126857
1407 0.120084
1408 -0.160994
1409 -0.174165
1410 -0.00578572
1411 -0.147207
1412 0.140115
1413 0.102276
1414 -0.0601451
1415 0.117218
1416 0.199053
1417 -0.00480982
1418 0.16036
1419 -0.155668
1420 0.0845552
1421 -0.19276
1422 -0.057535
1423 0.179813
1424 -0.029916
1425 0.164741
1426 -0.191547
1427 0.113179
1428 0.114641
1429 0.0106363
1430 -0.101674
1431 -0.0222293
1432 -0.15862
1433 0.0465901
1434 -0.00115016
1435 0.0955291
1436 -0.101097
1437 -0.0238539
1438 0.0263296
1439 -0.193785
1440 -0.173001
1441 -0.133061
1442 0.0332498
1443 0.00960814
1444 -0.0319354
1445 -0.142619
1446 0.172904
1447 -0.0106355
1448 0.0295663
1449 -0.02223
1450 0.0113691
1451 0.0932347
1452 -0.17995
1453 0.094905
1454 -0.095565
1455 0.0875097
1456 -0.149502
1457 -0.192462
1458 -0.00190961
1459 -0.0784632
1460 0.17035
1461 0.126784
1462 0.0919345
1463 0.044775
1464 -0.126818
1465 0.0138809
1466 -0.0315145
1467 -0.19486
1468 0.0688249
1469 0.042729
1470 -0.0742615
1471 0.000456679
1472 -0.0948679
1473 -0.162562
1474 0.132062
1475 -0.0356665
1476 0.0454889
1477 -0.108354
1478 0.0685426
1479 -0.156745
1480 0.148768
1481 -0.114089
1482 -0.0390417
1483 0.150858
1484 0.070779
1485 0.000604477
1486 0.142702
1487 0.0524186
1488 -0.166017
1489 -0.00670826
1490 0.172433
1491 -0.157495
1492 -0.0317062
1493 -0.1511
1494 -0.0859511
1495 -0.0957424
1496 0.0128438
1497 0.0805632
1498 0.0277825
1499 -0.0233676
1500 -0.0512997
1501 0.0618409
1502 -0.177911
1503 0.00788853
1504 0.00649023
1505 0.0728895
1506 0.139071
1507 -0.095237
1508 0.133286
1509 0.168899
1510 -0.196193
1511 0.0637177
1512 0.117645
1513 -0.0261201
1514 -0.172276
1515 -0.14094
1516 0.0951731
1517 -0.19736
1518 0.160173
1519 0.177318
1520 -0.0140088
1521 -0.0151948
1522 0.180851
1523 0.100853
1524 -0.102508
1525 0.0774219
1526 0.0382764
1527 -0.0258508
1528 0.0132822
1529 0.0618037
1530 -0.0712964
1531 0.0523817
1532 0.0351747
1533 0.151395
1534 -0.126176
1535 0.0971769
1536 0.0861556
1537 0.187179
1538 0.129806
1539 0.0549521
1540 0.0100193
1541 -0.0535048
1542 -0.0661335
1543 -0.192714
1544 0.00924395
1545 0.191001
1546 -0.124424
1547 0.164146
1548 0.0449779
1549 0.0349331
1550 0.184006
1551 -0.0412487
1552 0.153235
1553 -0.176909
1554 0.0782278
1555 -0.118072
1556 0.1021
1557 0.132942
1558 -0.0561592
1559 0.16128
1560 -0.113238
1561 -0.100534
1562 0.166157
1563 -0.181469
1564 -0.0705213
1565 -0.0656908
1566 0.158684
1567 -0.0335658
1568 0.152019
1569 -0.0926361
1570 0.0866104
1571 0.170026
1572 0.0102759
1573 0.0743409
1574 0.00167894
1575 -0.0324779
1576 -0.135365
1577 0.193689
1578 -0.0659739
1579 -0.137569
1580 0.0542862
1581 -0.0551163
1582 -0.187202
1583 -0.0232223
1584 0.19057
1585 -0.0124013
1586 0.0234114
1587 0.176532
1588 0.146171
1589 0.139872
1590 -0.0720157
1591 -0.0532918
1592 -0.0174152
1593 0.0827395
1594 0.0758307
1595 0.0123172
1596 -0.185816
1597 -0.106924
1598 0.0909524
1599 0.0168668
1600 -0.134415
1601 0.121587
1602 0.115757
1603 -0.192092
1604 0.144271
1605 0.0198555
1606 -0.132714
1607 -0.0690598
1608 0.148767
1609 0.0274752
1610 0.130468
1611 0.183189
1612 -0.119429
1613 -0.0929415
1614 -0.0282487
1615 0.132194
1616 -0.193002
1617 0.181428
1618 0.0382838
1619 -0.0805412
1620 -0.0571328
1621 -0.114311
1622 -0.158836
1623 -0.0379288
1624 0.198489
1625 -0.178208
1626 0.184596
1627 0.0257463
1628 -0.113573
1629 0.034624
1630 0.0320904
1631 0.148093
1632 0.177772
1633 -0.147155
1634 -0.0280927
1635 -0.027999
1636 0.0884832
1637 0.111127
1638 -0.0514869
1639 -0.0228652
1640 -0.122974
1641 -0.1219
1642 -0.020247
1643 0.195745
1644 0.144331
1645 -0.0288882
1646 0.12054
1647 -0.156463
1648 0.112076
1649 -0.124879
1650 -0.132087
1651 0.119559
1652 -0.190905
1653 -0.15743
1654 0.121777
1655 0.0189627
1656 -0.152317
1657 0.152225
1658 -0.0158481
1659 0.126966
1660 -0.0297537
1661 0.0730446
1662 -0.179192
1663 -0.0737575
1664 -0.153743
1665 0.067983
1666 -0.00282268
1667 -0.0397752
1668 0.12486
1669 -0.159285
1670 0.0330356
1671 -0.136409
1672 0.034148
1673 0.160958
1674 -0.0185334
1675 -0.0617966
1676 0.109721
1677 -0.164802
1678 -0.19141
1679 -0.0550904
1680 -0.0584022
1681 -0.136734
1682 0.109803
1683 0.11191
1684 -0.0276975
1685 -0.162882
1686 -0.131318
1687 0.0451134
1688 -0.000154488
1689 -0.0827015
1690 0.0639899


1691 5
1692 5
1693 5
1694 5
1695 5
1696 5
1697 5
1698 5
1699 5
1700 5
1701 5
1702 5
1703 5
1704 5
1705 5
1706 5
1707 5
1708 5
1709 5
1710 5
1711 5
1712 5
1713 5
1714 5
1715 5
1716 5
1717 5
1718 5
1719 5
1720 5
1721 5
1722 5
1723 5
1724 5
1725 5
1726 5
1727 5
1728 5
1729 5
1730 5
1731 5
1732 5
1733 5
1734 5
1735 5
1736 5
1737 5
1738 5
1739 5
1740 5
1741 5
