1.83937

1 -0.183805
2 0.0828338
3 0.147861
4 0.181001
5 0.192576
6 -0.192564
7 -0.103409
8 -0.13496
9 -0.0153731
10 0.193826
11 0.193016
12 0.05283
13 -0.0692236
14 -0.0288832
15 -0.0908707
16 0.0312891
17 0.0594946
18 -0.101398
19 0.17385
20 -0.186838
21 -0.054352
22 -0.0693842
23 0.00518606
24 -0.0468363
25 -0.0316109
26 -0.040953
27 -0.184363
28 -0.0663443
29 -0.0679967
30 0.00515053
31 0.0613274
32 -0.106716
33 -0.154016
34 0.118555
35 -0.137829
36 -0.137401
37 -0.044837
38 0.0288131
39 -0.155694
40 0.0480342
41 0.0715876
42 0.184655
43 -0.0932284
44 -0.153435
45 -0.0755475
46 -0.173518
47 0.0479504
48 0.100926
49 -0.128173
50 0.169484
51 0.100629
52 0.00438605
53 -0.199796
54 -0.147845
55 0.141953
56 -0.193784
57 0.125137
58 -0.140188
59 -0.152601
60 -0.154462
61 0.0292701
62 -0.0999109
63 0.105828
64 0.0470564
65 -0.0981148
66 0.163445
67 0.0165241
68 -0.0911113
69 -0.158554
70 -0.0975077
71 -0.0444739
72 0.0769236
73 -0.145723
74 0.139452
75 -0.0346955
76 0.179965
77 -0.18457
78 -0.176536
79 -0.0531501
80 0.106681
81 -0.0155922
82 0.113095
83 0.143946
84 0.193922
85 -0.0201731
86 0.0821748
87 -0.124338
88 0.197524
89 -0.110272
90 0.0557638
91 -0.14744
92 -0.121465
93 0.195521
94 0.072518
95 0.0895843
96 0.0210449
97 0.131019
98 -0.178845
99 -0.00551803
100 0.097104
101 -0.0794776
102 -0.121169
103 0.184544
104 -0.120563
105 -0.151069
106 -0.162233
107 0.072404
108 0.0631589
109 -0.13058
110 -0.0997246
111 0.0638453
112 0.109268
113 0.141569
114 -0.149105
115 -0.114456
116 -0.0719652
117 -0.12049
118 0.0591201
119 0.0916002
120 0.00734828
121 -0.0961527
122 -0.0318983
123 0.0722942
124 0.0367957
125 0.0058584
126 0.195431
127 0.0773362
128 0.157702
129 0.0398477
130 0.0491808
131 0.19965
132 -0.00560195
133 -0.0599367
134 -0.0163555
135 -0.137693
136 -0.00333279
137 -0.0432353
138 -0.143009
139 0.102027
140 0.0786509
141 -0.0559627
142 -0.0928464
143 0.0890683
144 -0.159472
145 0.163107
146 -0.134237
147 0.0494395
148 -0.142964
149 0.0892484
150 0.174838
151 0.0764225
152 -0.0700949
153 0.0868594
154 -0.116692
155 -0.09347
156 -0.0899224
157 0.176132
158 0.107729
159 0.0464413
160 -0.0220761
161 -0.00101324
162 0.0337702
163 -0.0843089
164 0.110281
165 0.199466
166 0.145685
167 0.167149
168 -0.179566
169 0.0286636
170 0.16623
171 -0.12308
172 -0.0859326
173 -0.13179
174 -0.18722
175 0.0894097
176 0.051127
177 0.0521695
178 0.0804085
179 0.113423
180 -0.157622
181 0.0292817
182 0.181997
183 -0.177837
184 -0.00395069
185 0.00677808
186 -0.0233521
187 -0.179059
188 -0.055656
189 0.0314585
190 -0.16764
191 -0.112277
192 -0.101212
193 0.0571487
194 0.178776
195 0.0660117
196 -0.155899
197 -0.0362496
198 -0.0455863
199 -0.0819279
200 -0.101997
201 -0.0331889
202 -0.0669023
203 -0.136883
204 0.0456177
205 0.0149124
206 -0.0866967
207 -0.0654381
208 -0.126195
209 0.171631
210 0.0593003
211 -0.0903603
212 0.0270214
213 -0.148627
214 -0.0541028
215 -0.186499
216 -0.153897
217 -0.187845
218 -0.136077
219 -0.101629
220 -0.102527
221 0.085221
222 -0.128494
223 0.184935
224 0.0806065
225 -0.0506662
226 0.149701
227 -0.0496977
228 0.0574456
229 0.0583375
230 0.0303933
231 -0.18665
232 -0.0801601
233 -0.182919
234 0.029351
235 0.0861078
236 0.119096
237 0.0496662
238 0.121311
239 0.124101
240 0.120352
241 -0.169614
242 -0.0528556
243 0.00940445
244 -0.156456
245 -0.166617
246 0.142902
247 -0.135834
248 0.0634557
249 -0.0721926
250 -0.0229575
251 0.131079
252 0.148102
253 0.029798
254 -0.112811
255 0.115024
256 0.101739
257 0.075071
258 0.0660657
259 -0.18543
260 -0.189076
261 -0.16048
262 -0.104375
263 -0.0522443
264 0.118856
265 0.13197
266 0.128366
267 0.00814638
268 0.127907
269 0.0149054
270 -0.199625
271 0.169196
272 -0.15873
273 -0.0979935
274 -0.13296
275 0.0608333
276 -0.0439126
277 0.116926
278 -0.0754798
279 0.0255647
280 0.128392
281 0.147204
282 0.151374
283 0.0787867
284 0.19084
285 -0.0865593
286 0.10463
287 -0.0624405
288 0.103231
289 0.065306
290 0.120304
291 -0.0430393
292 0.0283065
293 -0.15842
294 0.0336581
295 -0.162238
296 0.00411967
297 0.167976
298 -0.149531
299 0.178477
300 -0.0574871
301 0.0341603
302 0.160091
303 0.0500169
304 0.0387155
305 0.117609
306 -0.00594921
307 0.197312
308 0.145631
309 0.144019
310 0.0969878
311 0.105079
312 -0.125825
313 -0.0256211
314 0.0131952
315 0.086752
316 -0.014422
317 -0.0479458
318 0.0606616
319 0.123555
320 -0.101514
321 -0.0742035
322 -0.178069
323 0.0158706
324 0.0836281
325 -0.102838
326 0.132838
327 0.137477
328 -0.156616
329 -0.108292
330 -0.0896946
331 -0.169473
332 -0.00092019
333 0.0801494
334 -0.0299886
335 0.0593921
336 0.154606
337 -0.11272
338 0.0393139
339 0.184531
340 -0.174986
341 0.0595265
342 0.180835
343 -0.0275331
344 0.144458
345 -0.139377
346 0.159692
347 -0.114147
348 0.0589906
349 -0.122688
350 0.108082
351 -0.0825774
352 0.0821291
353 0.0491362
354 -0.035967
355 -0.0348595
356 -0.0586521
357 0.146137
358 0.155405
359 -0.0375212
360 0.0219275
361 0.15068
362 0.118239
363 -0.0261971
364 -0.0675137
365 -0.171933
366 0.148012
367 0.185294
368 0.19166
369 0.194238
370 -0.0458598
371 0.0177773
372 -0.126304
373 -0.0271449
374 0.16963
375 0.0980944
376 0.144927
377 -0.179928
378 -0.00212073
379 -0.103198
380 -0.0622227
381 -0.173498
382 0.114023
383 -0.199244
384 0.0635038
385 0.0728606
386 -0.105609
387 -0.192746
388 -0.0985618
389 0.129592
390 0.0369147
391 -0.0120723
392 -0.112255
393 0.177698
394 -0.143521
395 0.0126086
396 -0.0630586
397 -0.0966258
398 0.194099
399 0.0489981
400 0.115165
401 0.0918562
402 0.0880165
403 -0.105486
404 -0.113229
405 -0.143279
406 0.0803514
407 0.0460582
408 0.0252123
409 -0.166524
410 -0.0810278
411 0.101615
412 -0.191402
413 0.0468902
414 0.0313657
415 0.15801
416 -0.170658
417 0.114649
418 0.00801469
419 0.130183
420 0.0538095
421 -0.0833089
422 -0.0271472
423 -0.120481
424 0.156596
425 0.0472477
426 -0.155499
427 -0.17414
428 0.0301365
429 -0.0125822
430 -0.1684
431 0.133871
432 0.138588
433 0.0379651
434 -0.0484678
435 0.0911011
436 0.166022
437 -0.188618
438 0.180323
439 0.151626
440 -0.0778621
441 0.190119
442 0.0435095
443 -0.0495143
444 -0.054224
445 0.0796743
446 -0.0078964
447 -0.190584
448 0.166294
449 -0.00906727
450 -0.168026
451 -0.0990686
452 -0.145085
453 -0.0136907
454 -0.0966019
455 0.128921
456 -0.0860171
457 -0.0862118
458 0.0792105
459 0.0410638
460 -0.00097169
461 0.146883
462 0.0394014
463 0.156368
464 0.114808
465 0.0318366
466 0.0926899
467 -0.159124
468 -0.0354903
469 0.170837
470 0.196776
471 -0.143298
472 -0.141118
473 -0.164571
474 -0.125747
475 -0.0383104
476 -0.0900624
477 -0.0709263
478 -0.179739
479 0.0982349
480 -0.0261422
481 -0.0789106
482 0.0237307
483 0.193992
484 0.00510982
485 -0.0759702
486 -0.159832
487 -0.124551
488 -0.105148
489 -0.150281
490 0.00638736
491 -0.175351
492 -0.166625
493 0.163006
494 -0.132923
495 0.0191254
496 0.082402
497 -0.0237199
498 -0.186871
499 0.0239324
500 0.000400295
501 -0.0603194
502 -0.0479656
503 0.0340518
504 0.173352
505 -0.0481251
506 -0.0241712
507 0.198811
508 -0.167762
509 -0.0303279
510 -0.0437337
511 -0.159002
512 0.0115249
513 0.0148396
514 0.00709209
515 -0.144385
516 -0.0112161
517 0.024148
518 0.0131545
519 -0.0285814
520 -0.0199236
521 0.0938552
522 -0.02179
523 0.0992576
524 -0.113013
525 -0.0210836
526 0.090632
527 0.0184096
528 0.0776708
529 -0.12772
530 0.0358195
531 0.11582
532 0.0508846
533 -0.0439286
534 0.0705062
535 0.12041
536 0.0212059
537 0.0899412
538 0.165078
539 0.198549
540 -0.157478
541 0.108451
542 0.00688052
543 0.00819869
544 -0.18796
545 -0.0798233
546 -0.152883
547 0.134973
548 0.170069
549 -0.121469
550 0.0703176
551 -0.0966945
552 -0.0582078
553 0.0196763
554 -0.193565
555 -0.16911
556 -0.0617462
557 0.186788
558 0.148304
559 -0.139501
560 0.161155
561 0.142732
562 -0.0137128
563 -0.164593
564 -0.148896
565 -0.00248058
566 0.0648122
567 -0.105529
568 0.1249
569 0.060277
570 0.00130069
571 0.13099
572 0.0882896
573 -0.181226
574 0.0860895
575 0.130067
576 0.146572
577 -0.155684
578 -0.12864
579 -0.102748
580 -0.0871255
581 0.0339167
582 0.0250967
583 0.0599831
584 -0.0280243
585 -0.084077
586 0.163871
587 0.0484856
588 -0.0513546
589 0.122111
590 0.15197
591 0.099698
592 0.0892389
593 -0.195188
594 0.0617042
595 -0.057164
596 0.0715089
597 0.195098
598 -0.0550909
599 0.176382
600 0.194587
601 0.0601569
602 -0.125237
603 0.173173
604 0.187609
605 -0.152967
606 -0.0555712
607 -0.0846496
608 0.0631873
609 -0.0767871
610 0.0923584
611 0.123852
612 -0.0488462
613 -0.13728
614 0.0957527
615 -0.06023
616 0.121842
617 -0.143676
618 -0.0761203
619 -0.106708
620 0.0561909
621 -0.10545
622 -0.0152695
623 0.0306188
624 0.0873669
625 -0.137715
626 -0.121852
627 -0.14474
628 -0.0987678
629 -0.0555002
630 -0.0496983
631 0.0511559
632 -0.00557123
633 0.182214
634 0.0996385
635 0.00951923
636 -0.00745453
637 -0.0634317
638 0.192519
639 0.0497488
640 -0.0545326
641 0.00472276
642 -0.157014
643 -0.0080346
644 0.0329301
645 -0.0123518
646 -0.0851412
647 0.140733
648 -0.108271
649 0.0117544
650 0.161001
651 0.0734435
652 -0.0450761
653 0.0376663
654 0.194955
655 0.0867138
656 0.0763497
657 -0.059881
658 -0.0973336
659 -0.0862443
660 -0.0873825
661 0.159177
662 -0.170198
663 0.140109
664 0.0653317
665 -0.0596941
666 0.147804
667 -0.0532648
668 -0.183566
669 0.157247
670 0.0830163
671 0.106757
672 0.17334
673 0.0959635
674 -0.0317276
675 -0.11843
676 -0.178197
677 0.15648
678 0.0139164
679 0.164433
680 -0.181618
681 -0.000193423
682 0.0731615
683 -0.184634
684 0.0443268
685 0.13798
686 -0.0104955
687 -0.0910785
688 0.0294595
689 0.154651
690 -0.0125719
691 -0.0423641
692 0.023964
693 -0.0464285
694 -0.137347
695 0.0718641
696 0.0260996
697 0.166833
698 -0.0153201
699 -0.0746909
700 0.109643
701 -0.0860669
702 -0.190125
703 -0.176164
704 -0.0367294
705 0.0914047
706 -0.194834
707 -0.0117246
708 0.185874
709 -0.0790722
710 0.0347885
711 -0.134698
712 -0.041578
713 -0.09263
714 -0.0808269
715 -0.0168043
716 -0.172465
717 0.0225913
718 0.0824461
719 -0.027648
720 -0.126072
721 -0.035301
722 0.0355191
723 -0.100649
724 -0.0713473
725 -0.100679
726 0.164712
727 -0.103675
728 -0.197476
729 -0.0629901
730 0.121165
731 -0.0383716
732 0.039773
733 -0.119107
734 0.124299
735 -0.185825
736 -0.0103964
737 -0.150352
738 0.0257726
739 -0.130114
740 0.0220976
741 0.11034
742 0.0958128
743 -0.15184
744 -0.0620036
745 0.0291245
746 -0.013153
747 0.10545
748 -0.0621739
749 -0.18331
750 -0.0956385
751 -0.040475
752 0.134854
753 0.0081749
754 0.0869605
755 -0.0380391
756 -0.164698
757 0.163884
758 -0.0759728
759 0.0293722
760 0.0930225
761 0.124493
762 0.157903
763 0.191802
764 -0.0193693
765 0.0211108
766 0.038517
767 -0.1075
768 -0.0674003
769 0.154411
770 0.156778
771 -0.0177485
772 0.100091
773 0.0233723
774 -0.141092
775 0.114036
776 -0.148894
777 -0.129898
778 0.0536194
779 0.0845874
780 -0.142389
781 0.0383647
782 0.0640563
783 0.157368
784 -0.134493
785 -0.133752
786 0.11144
787 0.190608
788 0.192579
789 -0.170779
790 0.156573
791 0.0607183
792 -0.00557526
793 0.0916809
794 0.0467436
795 0.0616671
796 0.154353
797 0.190497
798 -0.0171648
799 -0.113429
800 -0.0434683
801 0.199733
802 -0.184531
803 -0.0984946
804 0.00177315
805 -0.0664052
806 -0.0472646
807 -0.0947639
808 -0.0244449
809 -0.026689
810 -0.133263
811 0.199983
812 0.0500824
813 0.0133163
814 -0.193334
815 0.187686
816 -0.153966
817 -0.0593089
818 -0.0539967
819 0.133667
820 0.135394
821 -0.155149
822 -0.114272
823 -0.101189
824 0.0979396
825 0.100282
826 0.0501247
827 -0.114471
828 -0.0229604
829 -0.00625853
830 -0.00279033
831 -0.00345138
832 0.0181646
833 0.164435
834 -0.0570992
835 -0.181531
836 -0.028674
837 0.16984
838 -0.0637031
839 0.126298
840 0.122719
841 -0.0607832
842 0.111893
843 0.0447866
844 -0.0317574
845 0.0398102
846 -0.152083
847 -0.181837
848 -0.104438
849 0.0854763
850 -0.142328
851 -0.00285225
852 0.146391
853 0.171978
854 -0.182212
855 0.028965
856 0.174716
857 -0.0408534
858 0.153
859 0.0838982
860 0.120165
861 -0.0428415
862 0.132178
863 0.10064
864 0.160949
865 0.129693
866 -0.153596
867 -0.172051
868 0.191558
869 0.0359305
870 0.155971
871 -0.0270217
872 -0.0769949
873 0.0966446
874 -0.0475913
875 0.138034
876 0.189049
877 -0.0257658
878 0.186817
879 0.165739
880 0.198843
881 0.00062745
882 0.0392618
883 0.158199
884 0.14711
885 0.157228
886 0.130071
887 -0.13443
888 0.164511
889 -0.0521025
890 0.0101156
891 0.073068
892 -0.130037
893 -0.163844
894 0.165368
895 -0.173859
896 -0.078177
897 -0.0224689
898 -0.0781711
899 0.103076
900 -0.0927972
901 0.138627
902 -0.18893
903 0.0944898
904 0.179109
905 0.17257
906 -0.190714
907 0.00400302
908 -0.160517
909 -0.155345
910 0.0698645
911 0.156704
912 0.182689
913 0.0244656
914 0.199135
915 0.158772
916 0.0898544
917 -0.194378
918 0.121462
919 -0.151575
920 0.186696
921 0.149503
922 -0.0768972
923 0.0207593
924 0.141457
925 0.0070347
926 -0.0421766
927 -0.163006
928 -0.152677
929 -0.02507
930 -0.101764
931 0.131081
932 -0.0535682
933 -0.120966
934 -0.0778091
935 0.169081
936 -0.168855
937 0.00664747
938 -0.197842
939 -0.0788328
940 -0.0840036
941 -0.140784
942 -0.0467253
943 -0.196195
944 0.0807482
945 0.00724898
946 -0.0026447
947 -0.197487
948 0.18806
949 0.140065
950 -0.0334675
951 0.0946057
952 0.069727
953 -0.0548775
954 0.115489
955 -0.0766098
956 0.0535123
957 -0.0233922
958 -0.0155467
959 0.0763036
960 0.0381539
961 0.0326126
962 -0.0837477
963 -0.0985495
964 -0.14724
965 0.119643
966 -0.125922
967 0.0700031
968 0.0721754
969 -0.196939
970 -0.00683289
971 -0.0337523
972 -0.169012
973 0.167999
974 0.164287
975 0.115117
976 0.0501404
977 0.0536843
978 0.155536
979 -0.170636
980 -0.00898186
981 0.167979
982 0.0904581
983 -0.0903319
984 0.171679
985 -0.106037
986 -0.0162732
987 0.0905029
988 0.0364387
989 -0.164392
990 0.0115439
991 -0.170448
992 0.029899
993 -0.100984
994 -0.141187
995 0.171808
996 -0.0197177
997 0.0795048
998 0.0335531
999 0.0199101
1000 0.0716427
1001 -0.196814
1002 -0.0965307
1003 -0.0721472
1004 0.0170982
1005 -0.069936
1006 -0.110406
1007 0.147005
1008 -0.0809244
1009 0.0529177
1010 -0.157534
1011 -0.0438097
1012 -0.0111188
1013 0.129624
1014 0.164322
1015 0.152035
1016 -0.0999442
1017 -0.17221
1018 0.143064
1019 0.179401
1020 0.154437
1021 -0.183815
1022 0.072093
1023 -0.0483402
1024 0.154122
1025 -0.12884
1026 0.035119
1027 -0.109338
1028 -0.0410765
1029 0.183625
1030 -0.131963
1031 -0.189979
1032 -0.0541192
1033 -0.0718522
1034 -0.168756
1035 0.119621
1036 0.161886
1037 0.190735
1038 -0.0823675
1039 -0.124391
1040 -0.0246593
1041 0.0395797
1042 -0.149531
1043 -0.0012905
1044 -0.057967
1045 0.18374
1046 -0.190066
1047 0.122657
1048 -0.0974412
1049 -0.0385213
1050 -0.14742
1051 -0.0904435
1052 0.00369336
1053 -0.194789
1054 0.0528868
1055 -0.092678
1056 0.176784
1057 -0.101937
1058 0.0140228
1059 0.0545065
1060 -0.127198
1061 -0.170198
1062 -0.0370185
1063 0.0249006
1064 0.182982
1065 0.0315668
1066 -0.0820603
1067 0.162448
1068 0.0469241
1069 0.00528158
1070 0.00324803
1071 0.015012
1072 0.187518
1073 -0.0172832
1074 0.108049
1075 0.100222
1076 -0.0926824
1077 0.0293505
1078 0.192472
1079 0.0354255
1080 -0.192513
1081 -0.0615663
1082 0.0691093
1083 -0.183003
1084 0.0755702
1085 0.121658
1086 0.0409542
1087 0.0158815
1088 -0.0445648
1089 0.112131
1090 0.0389848
1091 0.126155
1092 0.134371
1093 -0.187239
1094 -0.13771
1095 -0.118569
1096 0.114454
1097 -0.0316722
1098 0.165525
1099 0.0148426
1100 -0.180728
1101 0.149163
1102 0.0835531
1103 -0.196336
1104 -0.116267
1105 0.0864592
1106 0.141281
1107 -0.040318
1108 -0.0846333
1109 -0.178042
1110 0.113471
1111 -0.0281444
1112 0.145507
1113 -0.00153151
1114 -0.179737
1115 0.181182
1116 -0.038277
1117 -0.171647
1118 -0.17809
1119 -0.0274244
1120 -0.144788
1121 -0.0462368
1122 0.126291
1123 -0.0638304
1124 0.124051
1125 0.0751045
1126 0.0387421
1127 0.0276306
1128 -0.00402811
1129 0.056645
1130 0.162034
1131 0.152378
1132 -0.150756
1133 -0.132076
1134 0.109792
1135 -0.0868634
1136 0.0730436
1137 0.0980255
1138 -0.193794
1139 0.155977
1140 0.142861
1141 -0.149564
1142 -0.0204291
1143 0.150219
1144 0.0898325
1145 0.0374169
1146 0.132573
1147 0.0468713
1148 -0.145887
1149 -0.00512729
1150 0.00596137
1151 -0.108435
1152 0.139095
1153 -0.148576
1154 0.166531
1155 0.0249074
1156 -0.0725501
1157 -0.162031
1158 0.133884
1159 -0.105141
1160 0.0967936
1161 -0.165049
1162 -0.017454
1163 -0.00107173
1164 -0.0311139
1165 0.0607552
1166 0.0050225
1167 0.0446555
1168 0.142901
1169 0.0804603
1170 0.0596593
1171 0.0105396
1172 0.00870769
1173 -0.0218667
1174 0.0980661
1175 -0.138449
1176 0.0473162
1177 -0.183789
1178 -0.153465
1179 0.0481349
1180 -0.190139
1181 0.123488
1182 -0.0828114
1183 -0.0615526
1184 0.0898072
1185 0.198643
1186 0.0900639
1187 0.151612
1188 0.0880417
1189 -0.176584
1190 0.0156771
1191 -0.0336391
1192 -0.031834
1193 0.0405016
1194 0.0333635
1195 0.189155
1196 -0.0120937
1197 0.0448405
1198 -0.16961
1199 -0.0211361
1200 0.119599
1201 0.176853
1202 -0.025068
1203 -0.0904685
1204 0.046122
1205 0.0737755
1206 -0.0717349
1207 -0.146416
1208 0.113514
1209 0.179508
1210 -0.00331768
1211 0.0738204
1212 0.199683
1213 0.159574
1214 -0.167328
1215 -0.187141
1216 -0.0572832
1217 0.193757
1218 0.0184607
1219 0.0777307
1220 -0.161291
1221 0.17758
1222 0.0827338
1223 -0.0140687
1224 0.0900714
1225 -0.122586
1226 -0.161668
1227 0.0587226
1228 -0.121283
1229 0.0860633
1230 -0.121337
1231 0.0975234
1232 -0.119399
1233 0.139321
1234 -0.118745
1235 0.177125
1236 -0.102932
1237 -0.0462395
1238 0.0461663
1239 0.0185868
1240 -0.015941
1241 -0.00564098
1242 -0.0420761
1243 0.129063
1244 -0.0778463
1245 -0.0381996
1246 -0.158735
1247 0.115605
1248 0.165505
1249 0.177006
1250 0.02928
1251 0.171975
1252 0.179668
1253 0.0706752
1254 0.190429
1255 -0.0919813
1256 0.104651
1257 0.0580304
1258 -0.124206
1259 0.0959096
1260 0.00282767
1261 0.108831
1262 0.186623
1263 0.120915
1264 -0.0159398
1265 0.0637481
1266 0.0290517
1267 -0.168253
1268 0.148698
1269 -0.141167
1270 0.125104
1271 -0.0371164
1272 0.049876
1273 -0.177969
1274 0.0138622
1275 0.0689998
1276 -0.00563884
1277 0.0746771
1278 -0.190219
1279 0.0752184
1280 0.104872
1281 -0.190876
1282 -0.148585
1283 -0.0712688
1284 0.0401723
1285 -0.0661336
1286 -0.123012
1287 0.0225228
1288 -0.158915
1289 -0.138733
1290 -0.0610956
1291 -0.165719
1292 0.172589
1293 0.181223
1294 -0.049852
1295 -0.100788
1296 0.166502
1297 0.191782
1298 -0.176338
1299 -0.163732
1300 -0.0679218
1301 0.0145622
1302 -0.0546471
1303 -0.104138
1304 -0.143836
1305 -0.0323052
1306 0.182235
1307 -0.0140212
1308 -0.158473
1309 0.177911
1310 0.0412895
1311 -0.0644534
1312 -0.140522
1313 0.183324
1314 -0.0762058
1315 0.0575439
1316 -0.159877
1317 0.0310214
1318 -0.18924
1319 0.0496601
1320 0.188231
1321 0.198807
1322 0.181797
1323 0.0256852
1324 -0.131458
1325 0.181236
1326 0.117147
1327 0.0910306
1328 0.112284
1329 0.111321
1330 0.133877
1331 -0.0966571
1332 0.053675
1333 -0.128706
1334 0.0612072
1335 0.093792
1336 0.189668
1337 -0.198632
1338 -0.00244448
1339 -0.150863
1340 0.176084
1341 -0.0298096
1342 0.0494137
1343 -0.0276924
1344 -0.103901
1345 0.136884
1346 0.0550694
1347 0.0713397
1348 -0.0784623
1349 0.171648
1350 0.0672119
1351 -0.11298
1352 0.0962934
1353 -0.0563839
1354 -0.171711
1355 0.0418668
1356 0.197878
1357 0.17091
1358 0.104697
1359 -0.185815
1360 -0.0774127
1361 -0.118494
1362 0.143542
1363 -0.0767941
1364 -0.0283655
1365 0.149005
1366 -0.18006
1367 -0.0209607
1368 -0.153579
1369 0.0694096
1370 -0.0330391
1371 -0.0296915
1372 -0.0319883
1373 0.1251
1374 -0.0678505
1375 -0.157078
1376 -0.0148045
1377 -0.174796
1378 -0.0485047
1379 -0.0306252
1380 -0.175514
1381 -0.115781
1382 0.0605888
1383 0.165423
1384 0.124505
1385 0.0673872
1386 -0.183351
1387 -0.0486391
1388 -0.11728
1389 0.113889
1390 -0.0790275
1391 -0.173233
1392 -0.0631137
1393 0.0655885
1394 0.0282443
1395 -0.13076
1396 0.191892
1397 -0.158701
1398 -0.0125606
1399 0.0547788
1400 0.143419
1401 0.15748
1402 0.182339
1403 0.0440855
1404 0.169899
1405 0.157249
1406 -0.0130187
1407 -0.076699
1408 -0.109236
1409 -0.178057
1410 0.0145468
1411 -0.0658787
1412 -0.126929
1413 0.130512
1414 0.147903
1415 0.176285
1416 -0.122461
1417 -0.172497
1418 0.0622657
1419 -0.0357757
1420 0.0504025
1421 -0.03403
1422 -0.128571
1423 -0.0508462
1424 0.178296
1425 -0.0739238
1426 -0.0965806
1427 0.0351007
1428 -0.112341
1429 -0.16291
1430 0.155373
1431 -0.15805
1432 -0.0501565
1433 -0.0429481
1434 0.00270861
1435 -0.119048
1436 0.16617
1437 0.186704
1438 -0.130769
1439 -0.189487
1440 -0.173002
1441 -0.142158
1442 -0.0862259
1443 -0.130909
1444 0.126282
1445 0.127663
1446 -0.00864364
1447 0.101236
1448 -0.156135
1449 -0.158211
1450 -0.100076
1451 -0.142903
1452 -0.114285
1453 -0.00827865
1454 -0.118742
1455 0.199749
1456 0.172028
1457 0.0176373
1458 0.166868
1459 -0.177967
1460 -0.0411679
1461 0.115418
1462 -0.0465653
1463 0.121053
1464 -0.0903535
1465 0.088088
1466 0.137474
1467 -0.0559596
1468 0.14207
1469 0.0557685
1470 -0.00462753
1471 -0.105139
1472 0.168023
1473 0.199991
1474 -0.099462
1475 -0.0846708
1476 -0.176539
1477 0.00896587
1478 0.148418
1479 -0.199158
1480 -0.193233
1481 -0.16724
1482 0.0540961
1483 0.187488
1484 0.105661
1485 0.142899
1486 -0.0535047
1487 -0.179098
1488 0.163637
1489 0.0504952
1490 -0.0410409
1491 0.159138
1492 -0.146877
1493 0.164798
1494 -0.0390602
1495 0.138375
1496 0.0705743
1497 -0.0193297
1498 0.0157968
1499 -0.0294928
1500 -0.171505
1501 0.0197747
1502 -0.000270376
1503 -0.182099
1504 -0.194799
1505 0.107852
1506 0.0981372
1507 0.137226
1508 -0.0986223
1509 0.0516054
1510 0.119579
1511 -0.00428214
1512 -0.063389
1513 0.185213
1514 -0.103349
1515 0.0597961
1516 -0.0251854
1517 -0.013431
1518 -0.0668904
1519 0.123177
1520 -0.0451044
1521 -0.102093
1522 -0.113642
1523 0.114917
1524 -0.158205
1525 0.122504
1526 0.0423662
1527 -0.0510805
1528 -0.134941
1529 0.105604
1530 0.0904192
1531 0.198106
1532 0.156732
1533 -0.0732824
1534 -0.175729
1535 0.0766986
1536 0.026528
1537 -0.0903766
1538 0.154328
1539 -0.189614
1540 -0.113365
1541 0.102996
1542 0.0689783
1543 0.132467
1544 0.181608
1545 -0.0373653
1546 0.0684225
1547 0.176248
1548 -0.194836
1549 0.126211
1550 -0.0879275
1551 0.143739
1552 0.179706
1553 -0.12594
1554 -0.196696
1555 0.0864273
1556 0.0555628
1557 0.194673
1558 0.159908
1559 -0.0715084
1560 -0.150149
1561 -0.095609
1562 -0.109952
1563 -0.152682
1564 0.188509
1565 -0.0252697
1566 -0.0856091
1567 -0.0187492
1568 -0.0944168
1569 0.0170811
1570 0.055261
1571 -0.0767723
1572 -0.130004
1573 -0.0991572
1574 0.183078
1575 -0.0495456
1576 0.000272704
1577 0.129825
1578 -0.174872
1579 0.008615
1580 -0.0490123
1581 -0.0218271
1582 -0.116175
1583 -0.169028
1584 -0.153514
1585 0.125267
1586 -0.0510411
1587 0.0403062
1588 0.169859
1589 -0.0878941
1590 0.193602
1591 -0.123648
1592 -0.0832359
1593 0.178954
1594 -0.143726
1595 -0.16195
1596 -0.171462
1597 -0.17847
1598 0.0130801
1599 0.0984338
1600 -0.132887
1601 -0.119256
1602 -0.112138
1603 -0.0120199
1604 0.0461318
1605 -0.0336592
1606 -0.17968
1607 0.0407432
1608 -0.0857238
1609 -0.147525
1610 0.0723091
1611 -0.165297
1612 0.169538
1613 0.0201486
1614 -0.0945356
1615 0.159522
1616 0.130876
1617 -0.0626936
1618 -0.0927776
1619 0.0985402
1620 0.120209
1621 -0.0792792
1622 0.143299
1623 0.0941124
1624 -0.166214
1625 0.161099
1626 0.0428966
1627 0.187725
1628 0.0481479
1629 -0.0520491
1630 -0.124558
1631 0.0415326
1632 0.0519286
1633 0.0679065
1634 0.0836475
1635 0.120986
1636 -0.192643
1637 0.114022
1638 0.104511
1639 -0.128662
1640 0.070068
1641 0.196951
1642 0.0913712
1643 -0.194467
1644 -0.0554244
1645 -0.0619591
1646 -0.195511
1647 -0.129036
1648 -0.198058
1649 0.0760203
1650 -0.0273294
1651 0.0749419
1652 0.0787225
1653 -0.0305458
1654 0.182333
1655 -0.0463937
1656 0.119949
1657 -0.121711
1658 -0.0332995
1659 0.0510524
1660 -0.148701
1661 0.197718
1662 0.0100677
1663 0.0552231
1664 0.185682
1665 0.0468721
1666 -0.046789
1667 0.156888
1668 0.00347479
1669 0.0989791
1670 0.0798886
1671 0.140467
1672 -0.0432698
1673 -0.131997
1674 0.0132699
1675 0.130099
1676 -0.192175
1677 -0.145367
1678 -0.0396282
1679 0.199564
1680 -0.0486734
1681 0.186366
1682 -0.0919999
1683 0.187431
1684 0.169417
1685 -0.14039
1686 -0.0470183
1687 0.126862
1688 0.0763894
1689 -0.0268574
1690 0.112774


1691 5
1692 5
1693 5
1694 5
1695 5
1696 5
1697 5
1698 5
1699 5
1700 5
1701 5
1702 5
1703 5
1704 5
1705 5
1706 5
1707 5
1708 5
1709 5
1710 5
1711 5
1712 5
1713 5
1714 5
1715 5
1716 5
1717 5
1718 5
1719 5
1720 5
1721 5
1722 5
1723 5
1724 5
1725 5
1726 5
1727 5
1728 5
1729 5
1730 5
1731 5
1732 5
1733 5
1734 5
1735 5
1736 5
1737 5
1738 5
1739 5
1740 5
1741 5
