2.968
999999
-0.403772
-0.410864
-0.125657
-0.0898172
0.104503
-0.049529
-0.00662093
0.446727
0.104961
0.0434214
0.450943
-0.0285448
0.23353
-0.20613
-0.157232
0.24053
0.753905
0.130935
0.449657
0.0695192
-0.114582
0.230189
-0.302459
0.392155
0.339964
-0.0406961
-0.0627941
-0.349209
0.0207533
0.933268
0.0583699
-0.107289
-0.220337
-0.105014
-0.353298
0.260884
0.102661
0.22961
0.320743
-0.0723135
0.145656
0.149751
1.53358
0.192888
0.491205
0.606881
-0.249138
-0.319672
0.291021
0.442996
0.0724335
-0.149367
0.169128
0.42102
0.444105
0.180191
-0.0874178
0.185588
0.293607
0.110419
0.157844
0.63665
-0.140872
-0.321733
0.0243932
-0.675831
0.24214
0.192144
0.271933
0.0143787
-0.036543
-0.488049
-0.28764
-0.21823
-0.354015
0.0145832
-0.0751306
0.557117
0.112107
-0.105051
-0.0685176
-0.334797
0.251747
0.499414
0.0332707
0.61255
-0.0134309
0.11518
-0.561279
-0.534343
-0.301436
0.347036
0.306654
-0.445492
0.214107
-0.0271126
0.0422147
0.736043
-0.592637
0.064432
0.00530353
-0.170521
-0.277164
0.341422
0.347257
-0.154599
-0.147915
0.557867
0.0133881
0.210836
-0.128682
-0.402487
-0.150099
0.507982
-0.274276
0.198468
0.261388
-0.68575
0.1934
-0.234385
-0.429092
0.252427
-0.175028
-0.317924
0.0319013
0.80921
0.30129
-0.0901582
0.711976
-0.139303
-0.0788697
-0.495645
1.44027
0.315336
-0.0420903
-0.0525065
-0.366453
0.269992
0.16692
-0.406578
0.691815
-0.0472153
0.230058
0.101449
0.145662
0.450448
-0.0145599
0.248855
0.225142
0.17265
0.48802
0.274029
-0.219819
-0.418913
0.20516
0.58031
-0.366325
0.297609
0.23761
0.423593
-0.0460938
0.148656
-0.224422
0.378712
-0.12572
-0.529055
-0.531397
-0.482029
-0.00155346
0.228764
0.535349
0.0218259
-0.810349
0.039656
-0.779838
0.169268
-0.236637
-0.314078
-0.362478
-0.512197
0.0422247
0.52548
-0.466865
-0.201581
0.162572
0.150826
0.139248
-0.206857
-0.270339
0.258304
0.355946
0.819652
0.590496
-0.475826
0.326247
0.170921
0.00831213
0.199398
0.0579776
0.243683
-0.644028
-0.615994
0.17473
-0.414884
-0.566114
-0.05977
-0.0212652
-0.0160615
0.10278
-0.710325
-0.145753
0.212502
-0.512776
-0.458396
0.356797
-0.621323
0.445122
0.121434
0.520366
0.095234
-1.35048
-0.509575
-0.259888
-2.01701
0.09291
0.195671
-0.156905
0.159468
0.189235
0.18372
0.75383
0.338565
1.39579
-0.228166
-0.0184933
-0.620961
0.0258265
0.169422
0.120895
-0.783182
-0.569124
-0.319539
0.138421
-0.133878
0.0789172
-0.176845
-0.204047
0.355862
0.623546
0.153114
0.11702
0.679489
-0.111676
-0.194931
0.277357
0.144562
-0.310224
-0.461843
-0.149416
-0.360308
0.24014
0.193169
0.539187
0.058979
-0.122328
0.169975
0.438866
-0.524684
0.346717
-0.482641
-0.10788
0.0252273
0.299337
0.287783
-0.131439
0.205645
-0.342083
0.563444
-0.40346
0.657926
-0.180564
0.0275957
0.0421764
0.297415
-0.442715
-0.125031
0.172037
-0.512218
-0.0654185
0.29862
-0.156098
0.146559
-0.244111
0.563419
0.51187
0.58303
0.964388
0.0222137
1.02936
0.816388
-1.08911
0.389186
-0.16272
0.676699
-0.344663
-0.247455
-0.122568
0.368086
0.611854
-0.479158
0.277976
-0.307083
-0.0700375
-0.17794
-0.0282927
0.29339
0.601406
-0.363454
1.13842
-0.0766864
-0.10958
-0.28335
0.47278
-0.305706
-0.375854
-0.0527841
-0.456384
-0.562492
0.409762
-0.502485
-0.382408
0.254067
0.162065
0.485607
-0.306291
0.576786
0.274678
-0.150545
0.560863
0.404165
0.329243
0.0195592
0.370972
0.291145
-0.0401352
-0.411797
0.155645
-0.0361244
-0.659887
0.486045
-0.207047
-0.345521
-0.00343285
0.163763
0.0621203
0.186656
-0.461509
0.421533
-0.860238
-0.177602
-0.790346
-0.199418
-0.119136
-0.00806352
0.0774829
0.245057
0.805626
-0.0692145
-0.535492
0.415244
-0.0729398
-0.514686
0.0919185
-0.279275
0.162696
-0.253318
0.573255
-0.320602
0.277573
-0.0548366
-0.313528
0.242522
0.339458
-0.526316
-0.105855
0.491018
-0.492143
-1.01553
0.113994
-0.0689649
0.00647315
-0.414982
-1.07485
-1.17088
0.176411
-0.331921
0.204466
-0.848129
0.0176815
0.203053
0.18281
-0.227434
1.46295
0.331376
-0.547576
0.543122
-0.148892
0.0475011
-0.881186
-0.172421
-0.292267
-0.0972602
0.744432
0.396852
-0.215981
-0.350084
0.208937
-0.323083
0.0815438
-1.40424
-0.543447
0.0307717
0.0804768
-0.424655
-0.168245
-0.41453
0.198538
-0.0309011
-0.04996
0.0555719
-0.13364
0.432452
0.206744
0.0641104
-0.0931034
-0.387798
0.236045
0.687174
-0.287491
0.735078
-0.0348652
-0.074465
0.00384503
-0.252658
0.415055
0.138575
-0.343707
0.282599
0.496435
-0.343715
0.177801
-0.0624154
0.0143803
0.335874
0.0187463
0.802159
0.103061
-0.27982
-0.27112
-0.0805752
0.338434
-0.177092
-0.180894
0.397312
0.0549918
-0.0148783
0.611965
0.415352
0.518485
-0.30864
0.068696
-0.093941
-0.0633381
-0.186636
-0.618654
0.19837
0.564317
-0.655304
0.659476
0.100462
0.0404236
0.354293
0.346807
-0.787559
-0.521915
0.00998452
0.0182909
0.538842
0.908341
0.448592
-0.439596
-0.445073
-0.0465098
-0.316415
0.384257
0.219465
-0.136079
-0.111084
-1.59161
-0.425456
-0.235009
-0.624228
0.663516
-0.554023
-0.343737
0.235664
1.17161
0.0126403
-0.0365791
0.0492282
0.068422
0.0209709
-0.244173
-0.160866
0.16959
0.481473
0.0424942
0.319497
0.207166
-0.620015
-0.202251
-0.112861
0.0189334
0.410544
0.22292
-0.0719395
0.919688
-0.427127
-0.255426
0.161096
-0.563236
-0.00374282
-0.0398233
-0.201873
0.436937
0.123551
0.136404
-0.352603
-0.80437
0.543884
0.00154391
-0.0417617
0.24733
0.329624
-0.321247
-0.272608
0.444611
0.103098
0.250936
-0.058883
-0.347683
-0.376684
-0.727243
-0.463833
0.0573329
-0.175516
-0.287991
0.414516
0.577766
0.605814
-0.214987
-0.799317
0.293978
0.125113
-1.17466
0.312417
-0.576387
0.43563
0.521856
0.714482
-0.476904
-0.20095
-0.627082
-0.233101
0.275688
-0.180906
0.0602218
-0.81985
0.165065
-0.283047
0.172903
-0.153724
0.0681603
1.01507
-0.551155
0.257345
1.62251
0.00792311
-0.189245
0.157158
0.210118
-0.108011
-0.0143436
0.0571011
-0.713402
0.714978
-0.501563
-0.0730246
-0.0537293
-0.0278934
-0.186186
-0.166923
-0.0737119
0.666075
0.840081
0.0865726
0.0485295
-0.576661
-0.246726
-0.31303
0.470411
0.159539
0.279673
0.137147
0.0221377
0.199782
-0.19287
-0.796111
0.110738
0.355709
-0.398377
0.231451
0.348569
-0.0414631
-0.298996
-0.0329829
0.42247
-0.00268138
0.35643
-0.488679
0.0360301
0.0950278
0.00480863
-0.828721
0.15782
-0.652317
0.226665
0.104925
-0.188239
-0.225589
0.717096
0.341664
0.109361
-0.547158
-0.0219126
0.0119717
0.722334
-0.14139
-0.164508
-0.700123
0.178148
0.328916
0.168001
-0.151614
-0.918057
0.227463
0.399524
0.163419
-0.579962
0.360134
-0.0103351
-0.246699
-0.0188368
-0.557407
-0.0394778
-0.20439
-0.0118923
0.241179
0.316614
0.443092
-0.127184
0.052769
0.184977
-0.398004
0.150053
-0.244326
-0.0203195
-0.422201
-1.00719
-0.082518
0.772004
0.357201
0.0102877
-0.192243
-0.174897
0.321199
-0.493362
0.0734168
-0.475583
0.725906
-0.404022
-0.118944
0.507325
-0.253425
-0.797263
-0.160009
-0.698126
-0.322521
-1.00811
-0.353691
-0.0903805
-0.571789
-0.0382126
0.434102
0.352884
-0.137958
-0.146354
0.197191
0.156893
-0.413958
-0.287402
-0.0676249
-0.00447763
-0.117065
0.0253537
0.321655
0.148543
-0.109085
0.175755
-0.536136
-0.309082
0.421508
-0.00347247
-0.134187
0.345074
-0.36712
-0.304594
0.763743
-0.247089
0.980622
0.146051
-0.0118949
-0.668195
-0.455202
0.509569
0.139463
-0.573399
-0.305649
-0.176275
0.874165
-0.404263
0.208358
-0.135922
0.161726
-0.412704
0.1157
0.204793
-0.109677
-0.318603
0.630533
0.561117
-0.302373
1.25792
0.0209638
0.523858
0.080929
-0.402977
-0.655037
0.504545
-0.122117
-0.744483
0.131519
-0.0166535
0.168588
0.106726
0.165339
0.0472474
-0.0139299
0.385303
-0.460331
0.483825
-0.19341
0.0349407
-0.864786
0.075442
0.992447
-0.0296122
-0.306984
0.510177
0.0748184
0.0899825
-0.306159
-0.362749
0.559263
-0.21992
-0.0431175
0.0971079
0.494976
-0.550096
0.0133622
0.35391
0.0338368
0.307337
0.459857
-0.428525
1.07239
0.105104
0.105269
0.549711
-0.287176
-0.596515
-0.221436
0.769665
-0.415011
0.172917
-0.934616
0.373415
0.126118
0.242974
-0.0305922
-0.574584
-0.582964
-0.192973
0.0550529
0.0549431
-0.443974
0.0203579
-0.45859
0.626618
-0.0902569
0.186433
0.00601666
0.73605
0.0209685
0.220065
0.0370033
-0.135651
0.206528
-0.128634
-0.140706
0.128473
-0.173659
-0.0613683
0.139075
0.253319
0.163637
-0.0905947
-0.137202
-0.0511001
0.0743478
0.226069
-0.156852
0.58596
-1.09177
0.250964
-0.200025
-0.292607
-0.0636267
0.0518286
0.0996987
-0.298568
-0.00678043
0.108836
0.61106
-0.307538
0.433778
-0.420881
0.388845
-0.12119
0.276525
0.0634614
0.438762
-0.200643
-0.127372
0.115939
-0.185136
-0.00605836
0.0555603
-0.00911623
-0.796338
0.13745
0.187698
0.244388
-0.0852841
-0.603871
0.16079
-0.273218
0.0384501
-0.0388402
-0.306851
0.222679
0.436418
-0.398095
0.166714
-0.239308
-0.297919
0.148519
-0.59008
0.0170755
0.367112
-0.346276
0.939602
-0.398279
0.0350066
0.709317
-0.164637
1.22548
0.171615
1.0768
-0.477672
-0.168344
0.613047
-0.0195573
0.288929
-0.221352
0.20056
-0.200505
-0.12035
-0.00810112
-0.698217
0.330816
-0.00970088
0.205001
0.371779
-0.0874426
-0.383529
0.0266901
-0.385599
-0.390442
-0.509004
-0.312649
0.133833
-0.0756003
0.0256678
-0.102389
0.182494
-0.999692
0.761541
-0.00100305
-0.097227
0.743258
-0.0536264
-0.0244632
-0.0422638
0.423404
-0.499002
0.384215
-0.300405
0.113503
0.329603
-0.0347565
0.192878
0.400741
-0.678289
0.248245
0.644524
-0.134848
-0.244406
0.081115
0.289632
-0.217822
-1.31688
-0.509967
0.0266351
-0.894769
0.0433029
-1.38872
-0.0329079
-0.536837
-0.0288621
1.00679
0.192112
0.945171
-0.124814
-0.623603
0.409068
-0.0188463
-0.0902784
0.0230073
0.122214
-0.812991
-0.209158
0.0877289
0.080083
-1.0506
-0.66524
0.0899827
-0.175289
-0.510408
-0.0147806
0.436154
-0.573001
-0.0739806
0.311741
0.0681635
0.570072
0.401434
-0.403906
0.325872
0.305752
-0.483694
0.0613645
-0.27831
0.206403
0.100788
0.296678
0.414845
-0.041376
-0.378871
-0.175847
0.231753
0.0968219
0.302407
0.38521
-0.0257563
0.290069
0.361688
-0.157562
0.204806
0.41357
0.601489
-0.0399508
0.246641
1.64922
-0.0893608
-0.026024
0.207212
-0.681693
-0.0802809
-0.144647
1.22122
-0.245281
-0.35801
-0.260531
-0.0015017
-0.0124245
0.00473417
0.305272
0.0278973
0.131478
-0.266067
1.09341
0.227392
-0.411097
0.906243
-0.321513
0.12475
0.554181
-0.78018
0.101976
-0.589985
-0.0250184
0.115265
-0.898792
-0.0914422
-0.166653
0.252524
-0.19048
-0.0184963
0.373508
0.102485
-0.050146
0.102071
0.441448
0.162083
-0.570797
-0.0436483
0.233767
0.0171189
0.0692223
-0.459877
0.733604
0.226127
-0.540679
-0.147985
-0.400135
-0.282667
-0.201033
0.564877
0.280191
-0.415392
-0.00163873
0.612065
0.188773
0.167753
0.112689
-0.603792
1.75268
-0.283691
-0.177863
-0.0358618
-0.182889
-0.312166
0.05862
-0.0494367
0.297632
0.224879
0.110381
-0.390008
-0.109336
0.0188765
0.23273
0.0561618
0.353448
0.110859
-0.311558
-0.905716
0.199311
0.208889
0.588617
-0.130255
-0.229686
-0.0398864
-0.633916
0.425495
0.252909
0.179738
0.0669174
0.917634
0.221774
-0.0281763
0.0371899
-0.252327
0.0179856
-0.420707
0.102744
-0.768557
-0.623618
-0.0335664
-0.258444
0.378626
0.29993
-0.0452119
0.501823
-0.398711
-0.580454
0.137926
0.187466
-0.134269
-0.308796
0.239336
-0.690913
-0.0474224
0.25025
0.646055
1.35896
0.224347
-0.00897895
0.427907
-1.38293
-0.192558
0.35791
-0.696785
0.873304
-0.326961
-0.665283
-0.0684935
-0.225061
-0.0034768
-0.386812
0.43376
0.197177
-0.135212
0.0135656
-0.155502
-0.760349
0.277393
-0.139597
-0.358478
0.213428
-0.288648
-0.0852859
0.228298
-0.243291
0.263586
0.100678
-0.0987529
-0.157361
0.867158
0.154235
0.124435
-0.171737
0.337568
0.195578
2.05245
-0.0688084
-0.454457
0.201367
0.0639887
0.363567
-0.758207
0.418371
-0.17189
0.390741
-0.0137228
0.392115
-0.40884
0.252174
0.183477
-0.0248245
0.106693
0.186461
-0.122263
0.101114
-0.326462
0.493536
-0.636158
0.064158
0.250111
-0.330826
-0.260587
-0.28678
-0.197946
-0.074755
0.437454
-0.781425
-0.227246
-0.0277926
0.0437884
-0.320328
-0.278905
0.245635
0.728709
1.16793
-0.464177
-0.657306
0.592137
0.966045
-0.160721
0.290945
-0.419654
-0.0661564
-0.0456534
-0.118794
0.190482
0.144214
-0.113881
-0.344663
-0.0751275
-0.274708
-0.164018
-0.93846
0.159506
0.276471
-0.167356
0.0443039
-0.476466
0.747864
-0.122446
0.0196449
0.0375799
0.255444
0.612578
0.726566
0.582326
0.116224
0.146626
0.36799
0.0841907
0.267258
-0.285689
0.0385944
-0.0457655
-0.073071
0.222025
-0.533597
0.314374
0.0919711
0.0380071
0.329672
0.0515984
0.333068
-0.407448
0.304619
0.0425901
-0.104891
0.402211
-0.215954
0.667065
0.108537
0.64618
0.279036
-0.0288894
-0.256171
-0.636154
-0.560687
-0.409673
-0.92058
0.0970438
-0.36982
0.240694
0.322389
-0.625443
-0.113684
0.00882674
-1.3209
0.323709
-0.311088
0.0926929
0.0172498
-0.0226742
0.154565
0.193242
0.236693
-0.152481
0.342906
0.706849
0.0910781
-0.515228
-0.139085
0.698001
0.0493673
0.238232
0.174606
0.0541853
0.193619
0.0666571
-0.506746
-0.00957068
0.579092
0.15
0.14053
-0.488671
0.637667
0.372676
-0.0642127
0.0256599
0.12069
-0.399114
0.715234
-0.191882
0.336157
0.556666
0.0354315
-0.450999
-0.129607
0.0181846
-1.40048
0.536363
0.0713141
0.298812
-0.0440884
0.0733053
0.0863536
0.290321
0.284627
-0.194154
-0.359702
-0.129647
-0.101305
-0.135657
-0.735725
0.554858
0.18916
0.0281434
-0.13999
-0.136218
-0.471191
-0.250831
0.102393
-0.220217
-0.653299
0.119838
-0.115973
0.232607
0.0282408
-0.145787
0.119281
-0.0849417
-0.149618
-0.165043
-0.437919
-0.360058
-0.937849
-0.460067
-0.322718
-0.436906
-0.298834
-0.177316
0.0870029
0.381307
-0.0896296
-0.184934
-0.422975
0.475142
0.27329
0.331675
-0.319152
-1.72415
0.0627764
0.223098
-0.169655
0.0335733
0.400715
0.0732283
0.96555
-0.316942
0.254417
-0.109438
1.07621
0.447914
0.385698
0.102818
1.01626
0.246347
-0.127987
0.384195
-0.296926
0.14532
0.332597
-0.332824
0.10395
-0.255034
-0.012142
-0.0378416
0.591893
0.316961
-0.29323
0.228248
0.291431
0.468463
0.066927
-0.363105
0.00736902
-0.504412
-0.0224384
0.61342
0.335951
-0.079596
-0.266662
0.435715
0.158075
-0.105631
-0.345545
-0.246895
0.158641
0.462226
0.350916
-0.0989607
0.222502
0.222503
0.00134788
0.00960651
0.419223
0.519084
-1.21229
0.0286108
-0.0646308
-0.124217
-0.212427
-0.735035
0.291775
0.275457
0.052688
0.211014
0.213597
0.356064
0.0415123
-0.0154172
-0.942789
1.32748
0.410364
0.629152
0.996262
-0.261473
-0.269456
-0.269106
-0.161125
0.247091
-0.0639122
-0.50813
-0.0431263
-1.87549
-0.332447
0.202895
1.01744
0.0664046
0.289933
0.0884344
0.117642
-0.0847182
-0.0613697
0.384709
0.208095
-0.286275
0.204236
0.00894558
-0.152757
0.0881076
-0.117993
-0.110135
0.0720084
0.309719
-0.158133
-0.285015
-0.00211113
-0.572756
0.110216
-0.594177
-0.348548
0.0580852
0.426871
0.0704202
0.733692
-0.483235
-0.262523
0.319837
0.632759
-0.204499
-0.634432
-0.392375
-0.269816
0.0334315
0.413457
0.417055
-0.335887
-0.507146
-0.917479
0.217739
-0.341283
-0.338116
0.349651
-0.113416
0.596162
0.0645923
0.0526813
0.633965
0.316855
-0.16442
-0.148422
-0.0668761
-0.251339
-0.134845
0.0991204
-0.416304
-0.469513
0.244897
0.674603
0.0870703
0.190479
-0.862118
0.0532164
0.305657
-0.123207
0.687103
-0.228995
-0.104683
0.0815802
0.0391573
-0.0548478
-0.722365
0.328307
-0.328397
-0.048408
2.39221
-0.0275594
-0.239871
0.255494
-0.171087
-0.0445961
0.273156
0.0941777
-0.197684
-0.0302335
0.0181536
-0.201311
-0.335414
0.193407
0.208799
0.270596
-0.615312
-0.0796921
-0.0562957
-0.961154
0.53951
-0.587351
-0.0855554
0.467583
-0.728418
-0.993185
-0.318148
-0.11706
0.263409
0.12944
-0.299691
-0.237266
-1.32745
0.506928
-0.264891
0.587282
0.0708265
0.0865445
0.550449
0.202568
0.471538
-0.106618
0.99446
-0.406744
0.0368648
-0.178702
0.120348
-0.00516274
0.0637217
0.247332
-0.0980606
1.53965
0.568371
0.763351
0.153683
0.167729
-0.125055
0.636466
-0.16365
0.0846715
-0.524779
-0.250352
0.0130302
0.20618
0.499311
0.183083
-0.064245
0.658536
-0.159046
0.129155
-0.633457
-0.127209
0.39203
-0.169169
-0.252001
0.277087
-0.405297
-0.425498
-0.431456
-0.405367
-0.185539
-0.0608504
-0.406082
-0.0436801
-0.679545
-0.21716
0.0909916
-0.0160707
0.0785819
0.0508807
-0.314875
0.454372
-0.155469
-0.150534
-0.255811
-0.089185
-0.881141
2.84501
0.319475
-0.0957297
0.242237
0.0314092
0.0804555
0.241967
-0.143887
0.41784
0.0390902
1.25913
0.112802
0.288315
-0.273737
0.540498
0.165575
0.0426181
-0.579987
-0.431951
-0.058342
-0.310777
-0.591717
0.052228
-0.21186
-0.07197
-0.497046
-0.285899
-0.0830143
0.626125
-0.474208
0.215074
0.468922
0.0875492
0.260537
-0.121792
0.905325
-0.335449
-0.51092
0.0347033
-0.111844
-0.0690855
0.223918
-0.103513
0.349714
0.737341
0.550985
0.0953101
0.34913
0.196327
0.0845411
-0.183404
0.17198
-0.163149
0.0570926
-0.183599
0.104672
-0.16808
0.0231031
-0.113866
-0.104268
0.128119
0.0246999
-0.115726
-0.193223
0.0111041
0.0682237
-0.156079
-0.0685226
-0.156845
-0.0763311
-0.0496129
-0.048363
-0.0107757
0.0357473
-0.0172453
0.127606
0.0530418
0.162334
0.0869917
0.127751
0.184639
888888
0.0450401
0.0157976
0.0844854
0.0259351
0.0290963
0.0320721
0.0447352
0.11578
0.0285511
0.132318
0.0396319
0.0373289
0.0933286
0.0367361
0.0145863
0.0442076
0.0620876
0.0117264
0.0452271
0.161117
0.0295093
0.102834
0.113061
0.0464772
0.0497996
0.010965
0.0470065
0.261432
0.0145322
0.0688479
0.0573557
0.0309305
0.0635655
0.0928626
0.0623115
0.049246
0.0679369
0.0104878
0.0906879
0.0360868
0.0498631
0.0274802
0.261772
0.0404809
0.0304993
0.0583484
0.023675
0.101284
0.0316554
0.0156
0.0312538
0.0579176
0.0637635
0.0738681
0.090601
0.0353321
0.0307099
0.0167908
0.0289472
0.0288524
0.145729
0.300589
0.051563
0.0397468
0.0767399
0.0393077
0.0296801
0.0135542
0.0699682
0.115618
0.0604336
0.143384
0.0577253
0.0496825
0.0388082
0.0188215
0.0312724
0.127679
0.0465514
0.0465154
0.0318872
0.075349
0.0754664
0.0688418
0.0170548
0.115629
0.070816
0.0388424
0.0390095
0.0704293
0.0427211
0.0309437
0.0844252
0.0185858
0.0379674
0.011868
0.059616
0.0399924
0.0348367
0.0741311
0.0366708
0.0620877
0.0708275
0.0575949
0.0898879
0.0872365
0.0388535
0.0616787
0.0869239
0.101302
0.0912817
0.176796
0.0324101
0.0276068
0.0541115
0.0692196
0.0418688
0.0389352
0.0291129
0.0861489
0.0979353
0.0835306
0.0200773
0.0412331
0.0878956
0.15227
0.125358
0.0926687
0.0389308
0.0410912
0.10908
0.100446
0.192588
0.0641127
0.0252125
0.0538368
0.0615033
0.0309539
0.177308
0.0687733
0.0328676
0.0189292
0.0213821
0.0551427
0.139323
0.101741
0.0654722
0.0516894
0.0340204
0.0728853
0.0424951
0.079402
0.0135027
0.0346487
0.1709
0.16094
0.27971
0.0282657
0.0459955
0.0611832
0.0156134
0.0636327
0.040269
0.060306
0.10854
0.0061275
0.130875
0.0303236
0.134838
0.085931
0.126857
0.0397179
0.156401
0.0423002
0.120717
0.0151822
0.0265726
0.0340068
0.11211
0.062472
0.0127474
0.0608711
0.0245832
0.0995788
0.0290777
0.0272939
0.0136246
0.0355892
0.019334
0.0788418
0.0997054
0.0870018
0.0647358
0.230697
0.0551965
0.0176455
0.109113
0.0974992
0.0420606
0.0374201
0.0536884
0.0750339
0.0885536
0.0226065
0.114662
0.0501301
0.094507
0.0717293
0.0451842
0.100478
0.0531065
0.0199694
0.0450268
0.0213298
0.0470176
0.100693
0.0200719
0.0301601
0.043522
0.0390598
0.210724
0.059273
0.0291948
0.42445
0.06811
0.153047
0.0328273
0.0365397
0.037246
0.0413399
0.150803
0.0347074
0.317044
0.0599282
0.018876
0.0507373
0.0266144
0.0115875
0.223442
0.181386
0.0437184
0.0468248
0.0676195
0.0757741
0.0197516
0.0458756
0.036208
0.0830878
0.0426601
0.018723
0.0256416
0.107489
0.059947
0.0284353
0.0921394
0.0386927
0.0569891
0.0348388
0.0230759
0.0578587
0.0509462
0.0454734
0.0653907
0.0408232
0.0309136
0.212486
0.0231918
0.0787809
0.0646892
0.131029
0.0773318
0.0755076
0.0260914
0.131748
0.0833861
0.0345589
0.0853246
0.075085
0.0464186
0.146342
0.0153854
0.0742237
0.0566376
0.055527
0.0734146
0.0350818
0.0557818
0.0593653
0.00927142
0.0238635
0.0328395
0.0435938
0.0437285
0.0376686
0.0861262
0.0930481
0.0782288
0.146755
0.0392474
0.0195575
0.214871
0.0362126
0.0166256
0.144379
0.0533053
0.204735
0.00950829
0.0216019
0.0997325
0.120366
0.0126771
0.0945262
0.0332068
0.0290057
0.0688563
0.0349368
0.0125996
0.0755957
0.144754
0.0516151
0.210226
0.106062
0.0813793
0.0581625
0.0267682
0.0625925
0.0408119
0.0707614
0.0343924
0.0735019
0.277132
0.035842
0.0170919
0.0638979
0.0371835
0.13529
0.0278306
0.016451
0.0882176
0.04363
0.0589093
0.0675513
0.0248957
0.0550816
0.259951
0.08106
0.0396933
0.0528045
0.08392
0.147479
0.0627721
0.0870967
0.0587281
0.0170169
0.0174568
0.0507172
0.019068
0.0659406
0.0519123
0.0688761
0.0757962
0.066516
0.0459653
0.0492423
0.0902782
0.0603047
0.0855326
0.0236004
0.0528218
0.0922839
0.0320841
0.159724
0.016071
0.0116799
0.0360988
0.0331806
0.119961
0.0175751
0.0420159
0.0361555
0.0614515
0.0419819
0.0565567
0.133794
0.0579875
0.0261929
0.0463335
0.0846719
0.198472
0.115359
0.0839435
0.119293
0.0616972
0.296962
0.010251
0.0219499
0.0585481
0.0969817
0.042696
0.0325157
0.0461695
0.049663
0.140301
0.0730213
0.0115737
0.050959
0.0220919
0.044002
0.341166
0.0381194
0.0695485
0.0291166
0.132687
0.0675259
0.061479
0.0243375
0.0300722
0.0393317
0.0902117
0.231732
0.121614
0.0222547
0.044029
0.0925677
0.0531308
0.022987
0.0480401
0.0165166
0.0660489
0.0551706
0.0269431
0.0387916
0.0230659
0.0282697
0.0265644
0.0870617
0.0659094
0.044717
0.0200019
0.0469314
0.0287777
0.0126794
0.0283258
0.0351216
0.221155
0.0183555
0.064974
0.0255522
0.0782991
0.0716463
0.0249596
0.0408316
0.0179185
0.0431526
0.0400857
0.0948711
0.0306167
0.0459471
0.0510103
0.0222229
0.0260576
0.0600361
0.0185296
0.104113
0.101362
0.02412
0.0246967
0.0301884
0.0569666
0.0636194
0.060172
0.0126565
0.0504845
0.0374094
0.0343323
0.0775921
0.0737592
0.0429909
0.151128
0.0499977
0.0701071
0.0387104
0.0703919
0.0830939
0.0956445
0.103311
0.100786
0.154115
0.155701
0.0823296
0.0156843
0.02085
0.0299201
0.0940618
0.0491322
0.0441016
0.0442959
0.0172728
0.135346
0.0229681
0.028207
0.027055
0.103152
0.058018
0.0150551
0.0169902
0.183241
0.0358576
0.109576
0.0382648
0.0706689
0.0324502
0.0381164
0.169714
0.137238
0.0817085
0.0999773
0.0142425
0.0897416
0.041983
0.0623108
0.0634502
0.141426
0.0333115
0.0856398
0.0751014
0.0874085
0.123351
0.0430381
0.019769
0.0676044
0.0546123
0.0693277
0.075135
0.0725069
0.0332515
0.084083
0.0556049
0.0690725
0.0358679
0.0297436
0.156905
0.0222908
0.0599686
0.0318343
0.0618272
0.0196152
0.0140577
0.0685132
0.122446
0.0621183
0.0687224
0.0767762
0.0799093
0.0716596
0.0396874
0.083982
0.0135737
0.0989918
0.273495
0.178179
0.0382742
0.0689673
0.0382958
0.198548
0.0336251
0.0389292
0.0364684
0.105345
0.0747685
0.135888
0.0498918
0.13268
0.0416315
0.0148153
0.0449409
0.031628
0.0227612
0.172614
0.191444
0.0365631
0.041705
0.0254026
0.0754557
0.105561
0.0393777
0.330284
0.0356472
0.047888
0.0177126
0.0810522
0.0440758
0.0533624
0.0266597
0.239005
0.181189
0.0185566
0.197833
0.0239527
0.171646
0.0161614
0.0148054
0.0447227
0.117118
0.13881
0.0557626
0.0359224
0.0401647
0.0284064
0.0154901
0.0404854
0.0568617
0.187468
0.107807
0.0535177
0.0709092
0.137285
0.0683208
0.057651
0.0305438
0.0218036
0.0218288
0.0601386
0.0803311
0.0480606
0.0471819
0.0777015
0.0249299
0.0639692
0.0878643
0.0305838
0.0238452
0.0123519
0.291641
0.0257297
0.0650803
0.0241212
0.0959115
0.0215916
0.178713
0.0344283
0.0408342
0.0596033
0.051301
0.020718
0.0226119
0.161903
0.0442784
0.0608051
0.0739804
0.0290338
0.0660417
0.0185847
0.0165967
0.128858
0.057048
0.117143
0.0542915
0.024991
0.0298674
0.0243335
0.0348311
0.0263222
0.163927
0.0474854
0.0259013
0.107824
0.223743
0.0602931
0.031574
0.0571318
0.0151629
0.0603719
0.0216866
0.294217
0.183483
0.0494497
0.0167207
0.218999
0.106194
0.0628241
0.0509762
0.032793
0.0822755
0.0987338
0.0597009
0.0153699
0.119581
0.11503
0.0864802
0.0714444
0.043191
0.0729013
0.0467379
0.0313309
0.0552703
0.0657715
0.0274338
0.195261
0.0890061
0.0109386
0.0619291
0.0110579
0.0432268
0.0445598
0.058215
0.0452478
0.0315618
0.0301577
0.0466978
0.0167904
0.0367332
0.108202
0.0422702
0.0666197
0.0331255
0.090705
0.0213496
0.0972549
0.226488
0.0311636
0.0538631
0.263959
0.00693475
0.112488
0.0324325
0.0696822
0.0419686
0.0144127
0.10542
0.0389135
0.0469537
0.257259
0.0139652
0.0283736
0.0729462
0.049383
0.0585403
0.0583102
0.158168
0.0817547
0.026036
0.0484158
0.0176451
0.0452032
0.0618555
0.0765707
0.0446373
0.0624323
0.108622
0.0728537
0.0137228
0.123406
0.0362849
0.102167
0.0275088
0.0786885
0.0588497
0.0443815
0.0412979
0.0322925
0.0778594
0.0398766
0.0102198
0.0430015
0.0217111
0.0646633
0.0289925
0.164116
0.0304901
0.126151
0.132384
0.105007
0.131054
0.0638311
0.0996759
0.0225231
0.0272683
0.241892
0.0802126
0.0299113
0.089851
0.0288743
0.0213972
0.0186989
0.123484
0.0268962
0.0441282
0.0454992
0.038483
0.0976669
0.0141943
0.0194304
0.131252
0.0700445
0.218004
0.04942
0.0913857
0.0316878
0.0181204
0.0845593
0.0377499
0.086268
0.0311588
0.0655847
0.136186
0.0292642
0.0383955
0.0134265
0.0386772
0.203261
0.0589933
0.0289168
0.0579947
0.162975
0.0338229
0.0492489
0.0580481
0.0857797
0.0146706
0.054983
0.0419735
0.065036
0.0426154
0.14937
0.043889
0.025502
0.022944
0.0632982
0.0118154
0.0771665
0.0588186
0.0268639
0.0915392
0.0269845
0.0157273
0.222534
0.0337361
0.0659954
0.0212497
0.119083
0.0322569
0.0408036
0.165193
0.0356063
0.0279234
0.0403152
0.0269469
0.0547916
0.0325168
0.0844515
0.0195855
0.0216416
0.106198
0.033189
0.0185967
0.0910866
0.0566678
0.0332388
0.0390254
0.0280765
0.173795
0.0120575
0.101475
0.0439462
0.0286091
0.0558335
0.0544562
0.0629827
0.0633346
0.0917122
0.0564861
0.0849611
0.0343521
0.0601091
0.031293
0.0307087
0.0255015
0.0248038
0.0600352
0.0683169
0.109308
0.0674639
0.0142382
0.0191222
0.00950036
0.042713
0.0744039
0.126344
0.0246307
0.0746631
0.12954
0.0331682
0.0176049
0.056758
0.0463915
0.136436
0.0268953
0.129494
0.0891525
0.0589272
0.0708152
0.0246699
0.0613045
0.0550441
0.0192709
0.0567443
0.0276816
0.0744236
0.0696958
0.010231
0.0289478
0.00858059
0.0545596
0.113981
0.0217968
0.0716965
0.0253143
0.0773097
0.024744
0.0211981
0.0380042
0.0506213
0.0530898
0.0767
0.0249308
0.0693057
0.0350795
0.0231076
0.0251396
0.224229
0.0287745
0.0115524
0.022618
0.0241396
0.0909707
0.0801756
0.118828
0.0515757
0.0545687
0.0405222
0.0390086
0.0135386
0.0477154
0.0984899
0.116354
0.0468079
0.051813
0.112697
0.0882495
0.0236262
0.103209
0.0662061
0.0820026
0.0639444
0.0110799
0.116957
0.0135188
0.211607
0.0339457
0.15491
0.00563404
0.244984
0.0828964
0.0643836
0.080877
0.0252256
0.0155709
0.0738987
0.0755436
0.0555272
0.0471086
0.0448683
0.0253433
0.0452698
0.116529
0.0643708
0.0351911
0.112497
0.0482876
0.0531544
0.0337608
0.0154925
0.0119598
0.01004
0.0664852
0.0823137
0.140893
0.0189534
0.0101401
0.0164176
0.0197507
0.0322479
0.0187232
0.0794107
0.206794
0.128571
0.0901705
0.0973457
0.0285339
0.0209414
0.0540866
0.0614238
0.0468149
0.0694089
0.122287
0.0856961
0.0676068
0.0668134
0.0341873
0.236096
0.0148959
0.0549967
0.208293
0.0813641
0.03502
0.0812409
0.0558796
0.105223
0.0280694
0.249918
0.00831839
0.0346482
0.071536
0.0137142
0.0587297
0.00824801
0.0589088
0.0356061
0.0263032
0.0314077
0.278603
0.0618366
0.112434
0.0862578
0.0410571
0.0403279
0.0788664
0.182768
0.0384247
0.081301
0.0331743
0.0163898
0.0702759
0.124446
0.0377912
0.0369041
0.0221385
0.0466943
0.0343135
0.0704398
0.00805146
0.0829542
0.0212778
0.0145089
0.0910916
0.0849245
0.0395381
0.0400234
0.0560878
0.0542265
0.149464
0.0632395
0.0561901
0.0386827
0.158131
0.132586
0.0266575
0.0919247
0.183808
0.0598738
0.0295859
0.0789454
0.0435477
0.0189182
0.0211589
0.0520395
0.158921
0.0525853
0.0284853
0.0664068
0.0548562
0.0980953
0.0355198
0.101436
0.0205441
0.110946
0.0564161
0.0569188
0.0406294
0.0399496
0.0437692
0.0647298
0.0250736
0.0369545
0.0364908
0.0410327
0.0228287
0.0223331
0.0382753
0.0199507
0.0529739
0.041063
0.0169399
0.045157
0.0407794
0.0875979
0.0727194
0.0832101
0.0277142
0.0382622
0.0681741
0.0735961
0.0331174
0.0333082
0.185883
0.123937
0.0289537
0.0251805
0.0556084
0.0440154
0.0430189
0.0607134
0.139336
0.0513136
0.0392501
0.0420262
0.0297513
0.0524833
0.0135559
0.0420418
0.155037
0.0135671
0.128481
0.0396137
0.113307
0.0268211
0.074176
0.0345218
0.156441
0.0810239
0.118556
0.142601
0.125982
0.0310181
0.0568057
0.0298502
0.0409158
0.0426594
0.0288506
0.0856952
0.0514082
0.0454808
0.0551438
0.0202678
0.0876426
0.053561
0.0434804
0.176387
0.0317617
0.0387475
0.021517
0.048653
0.0369227
0.0310404
0.0222042
0.0279856
0.013235
0.144047
0.0122282
0.0403622
0.037473
0.0341464
0.0530371
0.239492
0.0200542
0.0367378
0.0321461
0.0348804
0.0922828
0.123836
0.0186098
0.0384411
0.0284154
0.0625756
0.0881768
0.0956797
0.0310615
0.0694341
0.0253486
0.0472015
0.0103884
0.0476029
0.0310268
0.0849689
0.034261
0.0525239
0.0112963
0.0579123
0.0922049
0.0715624
0.0417663
0.0548371
0.0393055
0.140542
0.193959
0.134995
0.0231438
0.0288163
0.0149946
0.0633411
0.0296155
0.0504584
0.27721
0.11578
0.0595351
0.154709
0.283002
0.0873281
0.0631651
0.0447697
0.0856311
0.0608007
0.0989186
0.023394
0.0361675
0.0273743
0.166342
0.0297094
0.0749256
0.0131056
0.125802
0.0261102
0.0193855
0.0330219
0.0302794
0.0576825
0.118591
0.0357572
0.0403348
0.0381762
0.0190319
0.0704665
0.0877757
0.019476
0.0385785
0.044949
0.0739652
0.0242073
0.0380583
0.0575096
0.0900182
0.0614754
0.159121
0.0546348
0.0685531
0.0187008
0.0129912
0.0733976
0.0284087
0.0666321
0.120316
0.00825165
0.0326873
0.059507
0.0442319
0.0612851
0.0184892
0.071296
0.065576
0.0666353
0.10141
0.0388097
0.0457643
0.0384674
0.12957
0.0295075
0.0622519
0.0279639
0.0296997
0.046904
0.0484448
0.0425877
0.0374303
0.0766605
0.140021
0.0885443
0.0158589
0.0509419
0.0613129
0.0376802
0.0185739
0.0498318
0.0212984
0.0296763
0.0416991
0.106403
0.0408899
0.0295036
0.0274488
0.0930124
0.0429989
0.0320236
0.0638679
0.0326492
0.0175751
0.0869198
0.064613
0.115309
0.030202
0.0144813
0.0109387
0.0311351
0.037266
0.166496
0.0292117
0.0538118
0.0672831
0.0588017
0.0789825
0.00846108
0.00852176
0.0798659
0.0349052
0.0400593
0.0291205
0.0731843
0.108419
0.121855
0.104825
0.155078
0.031003
0.0263996
0.0306556
0.0267853
0.0271218
0.0535478
0.0451608
0.12063
0.0400883
0.0895843
0.0531822
0.0725952
0.0184349
0.0348743
0.059548
0.0441753
0.023764
0.0171753
0.0215047
0.0288016
0.0342639
0.0739221
0.0347437
0.0965349
0.037686
0.0319641
0.0167292
0.0479953
0.0139958
0.0314947
0.0618303
0.14085
0.114478
0.0518523
0.0482678
0.0529341
0.0442665
0.0439063
0.0205916
0.0359214
0.0428867
0.0413194
0.0467958
0.0867364
0.0551265
0.0448343
0.140698
0.234556
0.0401562
0.0625667
0.120611
0.0704703
0.172727
0.0271346
0.0441549
0.00872494
0.0617049
0.0223996
0.331525
0.0797904
0.118844
0.0569441
0.138021
0.1018
0.0215831
0.0295236
0.102667
0.0569644
0.0295907
0.081522
0.0337617
0.131809
0.0545216
0.0352265
0.0427632
0.0302271
0.0415989
0.0340532
0.0156309
0.0661094
0.0434861
0.147804
0.0878469
0.0323645
0.0187185
0.111661
0.207258
0.0275392
0.0964578
0.0353955
0.0716346
0.0688596
0.214235
0.0552958
0.0493236
0.133296
0.0195355
0.0150633
0.0219651
0.0321408
0.0267312
0.0315241
0.0387186
0.0641182
0.119962
0.0775175
0.0260172
0.0725127
0.0837896
0.0282309
0.0323788
0.0365001
0.0184531
0.0145456
0.0973919
0.0370425
0.040351
0.0280817
0.0284009
0.541366
0.0398089
0.0787707
0.229182
0.0617671
0.191144
0.0333365
0.0658367
0.0726986
0.02511
0.019636
0.105174
0.0942927
0.0846705
0.0350005
0.172167
0.0171899
0.0494194
0.081001
0.0401968
0.0240998
0.0274462
0.0530306
0.0197702
0.0159174
0.0510884
0.0144759
0.0390491
0.00970748
0.0278931
0.051471
0.0142051
0.0841218
0.144938
0.074328
0.0342512
0.0215129
0.0551342
0.079527
0.050527
0.0698799
0.0125154
0.0822136
0.0998962
0.0811458
0.0593953
0.103688
0.0635527
0.0489108
0.0438844
0.099831
0.0744861
0.0606314
0.135524
0.0746628
0.160227
0.0374218
0.116133
0.0371023
0.0340642
0.103005
0.0287569
0.0509225
0.0705989
0.0378972
0.0814416
0.0818766
0.0589655
0.0235901
0.147512
0.0266545
0.0718977
0.0670407
0.0591024
0.0539004
0.0473453
0.0144896
0.158192
0.0323329
0.0614561
0.0701357
0.0515645
0.0482179
0.06216
0.0706785
0.0235707
0.0432082
0.0518127
0.181221
0.0837451
0.0777161
0.26599
0.0289036
0.0195639
0.195573
0.0245151
0.11906
0.0239873
0.0290711
0.11396
0.0635935
0.0369219
0.0485115
0.0552985
0.0395749
0.0644614
0.276221
0.0735219
0.0493623
0.185287
0.113483
0.139366
0.0496077
0.0430753
0.0600356
0.0509843
0.0631164
0.0878621
0.0989997
0.101602
0.0779273
0.0543185
0.0722188
0.0578644
0.0399569
0.0451509
0.260752
0.121543
0.0629884
0.0560793
0.0436535
0.0570315
0.136148
0.0188718
0.105991
0.0104573
0.0723132
0.0502263
0.0253464
0.0624587
0.127456
0.053176
0.0395463
0.0298167
0.0356574
0.14915
0.0458689
0.225604
0.0264697
0.0274095
0.0496443
0.0466282
0.016637
0.00426592
0.0934679
0.0695918
0.0728475
0.0680178
0.0634005
0.0850335
0.0264463
0.0704181
0.0259825
0.0319344
0.032306
0.0398164
0.0461928
0.0396025
0.0720958
0.0336504
0.0513121
0.0579597
0.127476
0.0729863
0.0508171
0.0356016
0.0993343
0.0645385
0.137562
0.0335032
0.112749
0.0409252
0.0314729
0.022733
0.0412046
0.0651784
0.0782437
0.00717577
0.0345588
0.0249623
0.0872039
0.33692
0.0200357
0.0177919
0.0294707
0.0111609
0.129696
0.167189
0.0784911
0.0557887
0.0279491
0.200381
0.0914268
0.0326154
0.0807039
0.0275773
0.0643351
0.037633
0.0869854
0.0582228
0.0760417
0.0245648
0.112382
0.0596645
0.0424227
0.0261183
0.0953699
0.0201856
0.140693
0.162599
0.0403874
0.0310139
0.0345175
0.0587007
0.00698945
0.0517802
0.142943
0.103493
0.105271
0.0556352
0.0400329
0.0336764
0.0304281
0.0326565
0.0436176
0.133867
0.155498
0.0192031
0.0858741
0.0679088
0
0
0
0
0
0
0
0
0
0
0
0
0
0
0
0
0
0
0
0
0
0
0
0
0
0
0
0
0
0
0
0
777777