2.81844
999999
-0.469003
-0.36533
0.175494
-0.12954
0.0704342
-0.120787
-0.117854
0.751122
0.013558
0.204462
0.31701
0.0992359
0.711869
-0.238094
-0.184772
0.298198
0.929069
0.184705
0.5776
-0.486607
0.00994285
0.242361
0.177981
0.421297
0.511836
-0.0760833
-0.0689259
0.296671
0.0507702
0.640052
0.110084
-0.153569
-0.142479
-0.385266
-0.417412
0.375143
0.287144
0.264303
-0.088718
-0.0851691
0.38644
0.142636
1.25268
0.135288
0.378751
0.340794
-0.203093
-0.2072
0.298114
0.479818
-0.00229715
-0.234648
0.179878
0.441821
0.159209
0.179626
-0.137897
0.182309
0.24161
0.0818736
0.0724288
0.389907
-0.133398
-0.107747
0.0812201
-0.553149
0.207096
0.173675
0.190661
0.43116
-0.0429583
-0.296011
-0.159024
-0.0660287
-0.300644
0.00467593
-0.100631
0.357171
0.139257
-0.173616
-0.054597
-0.0813105
0.384201
0.616782
0.0875412
0.841637
-0.14243
0.0670005
-0.42064
-0.510491
-0.351937
0.20571
0.35462
-0.520739
0.189274
-0.0412694
0.373021
0.712406
-0.63003
-0.13885
-0.218678
-0.145655
-0.419085
0.295548
-0.0603405
-0.0780377
-0.293577
0.484459
-0.165157
-0.164718
0.150387
0.139228
-0.165721
0.550512
-0.135604
0.299583
0.137766
-0.528097
0.161525
-0.275
-0.413637
0.00283306
-0.164689
-0.363393
0.0602689
0.262794
0.00113541
0.147316
0.692528
-0.104452
0.321573
-0.415096
0.80809
0.453298
0.0143505
0.242349
-0.106274
0.297385
-0.0808682
-0.307554
0.518724
-0.0495971
0.185891
-0.00536654
0.127894
0.215798
0.072944
0.357015
0.251583
0.0656016
0.370066
0.0254089
-0.228511
-0.360208
0.375527
0.435126
0.212437
0.226402
0.126775
0.591278
-0.0195796
0.177792
-0.0136931
0.307845
0.367221
-0.475481
-0.568331
-0.497944
-0.109678
-0.10575
0.731551
-0.0773919
-0.966
0.0721903
-0.447973
0.17619
-0.0489603
-0.312646
-0.660699
-0.553949
0.00948144
0.775196
-0.349552
0.136589
0.125048
0.234513
0.190394
-0.394848
-0.306292
0.296354
-0.0610381
0.686494
0.435969
0.261901
0.290558
0.214519
0.208703
0.0754265
0.0766686
0.288326
-0.567617
-0.149749
0.309813
-0.333672
-0.340802
-0.107795
-0.205481
-0.302519
0.115938
-0.412098
-0.14113
0.167818
-0.478802
-0.307556
0.150741
-0.76016
0.466559
0.13994
0.674011
0.0847671
-1.16487
-0.506183
-0.210249
0.239822
0.264818
0.21392
-0.214535
0.22952
0.0244215
0.326678
0.265279
0.426759
0.391422
-0.33523
-0.115083
-0.758694
0.01502
0.140127
0.334909
-0.0755619
-0.469103
-0.443579
0.182805
0.10773
0.0081372
-0.240552
-0.0868355
0.706715
0.635623
0.16245
0.0945861
0.267391
0.109682
-0.162602
0.329277
0.0716913
-0.242627
-0.410406
-0.176612
-0.385383
0.359334
0.0731858
0.29868
0.308085
-0.153318
0.0365138
0.47282
-0.332007
0.299469
0.0122652
-0.0829962
-0.0288182
0.301165
0.407378
-0.211436
0.323539
-0.520389
0.297999
-0.368849
1.08691
-0.232818
0.303213
-0.0460367
0.223051
-0.635931
-0.0682776
-0.227066
-0.596827
-0.069861
0.334407
0.00588087
0.505378
-0.339843
0.468075
0.783965
0.494802
1.26893
0.278516
0.826599
0.756873
-0.938405
0.481591
-0.172069
0.906431
-0.0662951
-0.505721
-0.152637
0.31952
0.37815
-0.286872
0.382851
0.0999351
-0.236677
-0.307475
0.295244
0.246774
0.5462
-0.162562
0.874348
-0.00920209
-0.0534082
-0.00884005
0.24963
-0.118744
-0.391317
0.000519735
-0.419369
-0.382157
0.460528
-0.0834669
-0.824556
0.488241
0.146664
0.203074
-0.32705
1.10987
0.320003
-0.220009
0.748181
0.331641
0.319283
-0.379259
0.401189
0.238152
0.578922
-0.244138
0.118433
-0.0516218
-0.573785
0.762155
0.0155864
-0.0490247
-0.116906
0.128508
0.100241
0.336773
-0.391106
0.591574
-0.944619
-0.0975345
-0.507056
-0.197655
-0.214574
-0.103719
0.467254
0.281691
0.808672
-0.0158466
-0.525674
0.117625
-0.0239437
-0.166629
0.0866895
-0.325295
0.309569
-0.256791
-0.0688193
-0.351446
0.192602
0.0669895
-0.0822679
0.385989
0.456238
0.238452
0.0838026
0.418988
-0.438191
-0.764696
-0.384795
0.154606
-0.0592278
-0.368813
-1.35768
-0.869235
0.158892
-0.353747
0.0879253
-0.58784
0.222284
0.0884744
0.183269
-0.292891
1.6371
0.329305
-0.526784
0.669433
-0.2081
0.126926
-0.333532
-0.112574
-0.372371
-0.0573614
0.693744
0.691531
-0.462667
-0.393994
0.199169
-0.457589
-0.0499138
-1.10215
-0.496461
0.0212257
0.20153
-0.146078
-0.143632
-0.522087
0.0164986
-0.0649551
-0.09558
0.093626
-0.0644907
0.431963
0.227243
0.132714
-0.145864
-0.297732
0.544376
0.723216
-0.256857
0.641913
-0.026969
-0.0722434
-0.0719225
-0.460332
-0.107593
0.141739
-0.212649
0.249643
0.447459
0.185041
0.298221
-0.1984
0.0820021
0.483216
0.068295
0.61431
0.110164
-0.209987
-0.440491
-0.0762619
0.374619
-0.116305
-0.161446
0.32092
-0.0549115
-0.0478312
0.555359
0.287921
0.578064
-0.0663361
0.0430189
-0.158601
-0.0868332
-0.223677
-0.627379
0.0415733
0.0851984
-0.70169
1.3941
0.217067
0.0766705
0.485732
0.489277
-0.312234
-0.551959
0.116803
0.16004
0.168816
0.40171
0.0898247
-0.536807
-0.453722
-0.102812
-0.249053
0.466221
-0.0749007
-0.243954
-0.0487334
-1.19881
-0.368466
-0.183851
-0.69291
0.904143
-0.578725
-0.350452
0.172126
0.791613
0.0931136
-0.154527
-0.00960668
-0.102744
0.181527
-0.29268
0.121114
0.0587794
0.516201
-0.024934
0.39199
0.7363
-0.566996
-0.370344
-0.218668
0.620475
0.187187
0.197056
-0.10073
1.11348
0.301735
0.0410753
0.113152
-0.471951
-0.0860711
-0.235606
0.143238
0.182794
0.13162
0.261169
-0.298123
-0.732144
0.558634
-0.0612727
-0.472491
0.228805
0.306901
-0.118954
-0.0989694
0.396017
0.122328
-0.00898104
0.00266898
-0.265808
-0.422885
-0.733574
-0.202673
-0.166056
-0.332594
-0.413724
0.469002
0.273653
0.969581
-0.230573
-0.775139
0.0589175
0.203202
-0.918225
0.242374
-0.244364
0.453878
-0.0628998
0.677305
-0.523672
-0.117454
-0.624947
-0.24904
0.309232
-0.18469
0.0586589
-0.650222
-0.146152
-0.177847
0.283732
-0.296263
0.0883802
1.2887
-0.510972
0.114116
0.823042
-0.184855
-0.402014
0.129449
0.436677
-0.0801855
-0.262728
0.0871984
-1.45895
0.958046
-0.446637
-0.334204
-0.104996
-0.166047
-0.208493
-0.194392
0.0661312
0.799904
0.227026
-0.0440786
0.147074
-0.572778
-0.309741
-0.351777
0.492891
0.279657
1.07614
0.0197344
-0.150123
0.35873
-0.18662
-1.11882
0.0107073
0.331393
-0.354948
0.235771
0.124684
-0.0543482
-0.0856011
0.0817406
0.609036
-0.00994129
0.663269
-0.821737
0.0930245
0.12666
-0.0676186
-1.35646
0.0731677
-0.60831
0.16109
0.160249
-0.32327
0.137107
0.540124
0.0569875
0.0652128
-0.676581
0.0168712
0.0969845
0.537108
-0.0352087
-0.0358312
-0.6871
0.149994
0.322553
0.214497
-0.146269
-1.11705
0.173915
-0.240566
-0.00704432
-0.548397
0.228095
-0.0411041
-0.363667
0.0280952
-0.627076
0.0310345
-0.129213
0.042664
-0.0681507
-0.0117228
0.428585
-0.270421
0.00106008
0.350473
-0.414192
-1.12066
-0.302162
-0.0639751
-0.431052
-0.590571
-0.0677172
0.408125
0.134772
-0.0947839
0.0890098
-0.3213
0.367842
-0.431655
0.0780581
-0.16693
0.657988
-0.288514
0.00670842
0.206641
-0.182274
-0.86352
-0.216794
-0.631058
-0.316165
-0.796184
-0.528446
-0.0914254
-0.507876
-0.0233558
0.128842
0.18509
0.182036
-0.151722
0.0809227
0.206194
-0.310364
-0.150471
0.0634355
0.157142
-0.110346
0.112854
0.276751
0.663049
-0.186718
0.19295
-0.465338
-0.303869
0.408463
0.219329
-0.160138
0.0977102
-0.243583
-0.0437788
0.551114
-0.269503
1.12409
0.288602
-0.0835826
-0.608361
-0.485204
0.374307
-0.085723
-0.421821
-0.22246
-0.321416
0.244637
-0.143049
0.137685
-0.120439
0.192458
-0.503412
0.219672
0.299306
-0.15716
-0.382564
0.19159
0.239469
-0.290429
1.26312
0.0032142
0.742695
0.14942
-0.582263
-0.315697
0.346283
-0.299082
-0.638995
-0.186634
0.0303697
0.113575
0.0637357
0.114463
-0.168808
-0.0551622
-0.235502
-0.460348
0.570516
-0.329373
-0.254506
0.0974152
-0.206705
0.643407
0.0104713
-0.0427599
0.00623228
0.241755
0.151966
-0.439288
-0.420941
0.517256
-0.157073
-0.431574
0.0180653
0.543256
-0.569133
0.150308
0.289112
0.0519906
0.297675
-0.0489282
-0.589855
2.04911
0.0663186
-0.426341
0.621498
-0.317328
-0.128954
-0.115486
0.516227
-0.343996
-0.082194
-1.09629
0.40767
-0.0147751
0.243859
0.067949
-1.09377
-0.843343
-0.291414
0.0546764
-0.00990241
-0.503815
-0.00764973
-0.855728
0.6656
-0.042408
0.202088
-0.158313
0.619472
-0.0479859
0.610036
-0.011848
-0.100385
0.148372
-0.0338338
-0.158607
-0.108392
-0.128521
-0.171218
-0.0312975
0.404546
0.189097
0.107877
-0.126681
-0.292051
-0.00645354
0.259681
-0.236195
0.471368
-1.43427
0.333594
-0.368263
-0.145593
0.0555192
-0.140689
0.216787
-0.367681
0.0520622
0.161989
0.434545
-0.240401
0.367085
-0.251236
0.624291
0.130905
0.150248
0.153609
0.631392
-0.250332
-0.199918
0.208512
-0.107792
0.0642816
-0.182447
-0.286353
-0.765363
0.150998
0.140189
0.632109
-0.0341809
-0.319787
0.191982
-0.265858
0.155588
-0.0308272
-0.056215
0.444069
0.192336
-0.0499212
0.16737
-0.223194
-0.301572
0.160061
-0.782586
-0.00582216
0.297544
-0.37687
0.840087
-0.246612
0.0940584
0.747787
-0.168782
1.17431
0.201908
0.668192
-0.40533
-0.273957
0.509599
-0.00603373
0.326086
-0.360477
0.209039
-0.3819
-0.0794526
0.0474964
-0.795052
0.261476
0.00987736
0.217082
0.115162
-0.0696311
-0.390396
-0.128151
-0.338609
-0.420524
-0.396566
-0.278443
0.177644
0.00185199
0.166958
-0.488957
0.294059
-0.734853
0.732435
-0.00181714
-0.0799393
0.638516
-0.109769
-0.0191792
-0.0344244
0.334952
-0.199089
0.834782
-0.186261
0.241768
0.264729
-0.331796
0.135112
0.39249
-0.806855
0.0569651
0.55145
-0.115257
-0.22083
0.230674
-0.169538
-0.0548329
-0.851034
-0.37173
-0.225819
-1.02837
0.0391069
-1.30577
-0.0183625
-0.915388
-0.124874
1.21657
0.170102
0.738478
0.105372
-0.950161
0.230583
-0.00954891
-0.042018
0.137891
0.132201
-0.687748
0.0543041
0.137151
0.0723088
-1.00887
-0.293935
0.423606
-0.303173
-0.408954
0.0107935
0.369496
-0.486905
0.0131271
0.304274
0.0565118
0.748385
0.775006
0.578242
0.300938
0.294542
-0.478309
0.0572862
-0.22626
0.26904
0.418727
0.548762
0.485068
-0.104015
0.0532342
-0.268256
0.219936
0.0355877
0.435944
0.217653
-0.0297105
0.396103
0.71362
-0.616756
-0.301128
0.513801
0.53065
0.0187019
0.216425
1.03974
-0.00374568
-0.129549
0.416492
-0.739751
0.521931
-0.0780369
0.755251
-0.239311
-0.242374
-0.0968498
0.0254487
-0.238823
0.0199157
0.158075
0.0746244
0.0793472
-0.223998
-0.217037
0.23354
-0.683004
0.478748
-0.370401
-0.143382
0.598262
-0.0204014
0.17028
-0.459941
0.12174
0.11978
-0.822252
-0.132906
-0.0774564
0.266929
-0.241515
-0.271752
0.4259
0.112235
-0.045845
-0.14344
0.34365
0.20099
-0.603891
-0.317232
0.211394
0.27143
-0.0722758
-0.41752
0.692388
0.142975
-0.603834
-0.0572587
-0.350542
-0.265047
-0.321556
0.853247
0.343572
-0.364039
-0.149419
0.716859
0.19052
0.0864661
0.104756
-0.591402
1.73227
-0.287739
-0.300424
-0.163899
-0.36736
-0.236208
-0.00813329
-0.171308
0.349331
0.056755
0.247369
-0.469148
-0.0996409
0.057538
0.310635
-0.165873
0.351237
0.384022
-0.157223
-0.966713
0.235099
0.206107
0.628971
-0.204556
-0.30545
0.0304793
-0.648284
0.302049
0.0751869
0.160891
0.122655
0.768364
0.153613
-0.21193
-0.0489453
0.156283
-0.0232565
-0.465419
0.321587
-0.835451
-0.639571
-0.0945725
-0.430165
0.361287
0.230485
0.065628
0.3842
-0.661312
-0.42799
0.122194
0.230838
0.0145839
-0.29556
0.645641
-0.695832
-0.00642109
0.340197
0.603027
1.10196
0.0949283
-0.208651
0.44316
-0.215857
-0.355585
-0.0601182
-0.156519
1.11074
-0.234002
-0.647328
0.0736862
-0.231675
-0.0523735
-0.5167
0.311721
0.166254
-0.0765534
0.027681
-0.169725
-0.543227
0.317735
-0.117102
0.136331
0.214844
-0.325891
0.0180526
0.0187581
-0.243713
0.283169
0.0140968
-0.190684
-0.138723
0.527159
0.109799
0.0260021
-0.262122
-0.0023863
0.112386
1.08563
-0.148696
-0.378276
0.274601
-0.0661231
0.416753
-0.753702
0.369804
0.00249662
0.419108
-0.0973406
0.303794
-0.286817
0.233916
0.0229914
-0.021652
0.148067
0.227054
-0.0896739
0.0220275
0.311177
0.464074
-0.908789
0.0953374
0.159781
-0.207165
-0.413887
-0.127784
-0.137643
-0.0835574
0.117344
-0.356911
-0.158716
-0.0039956
-0.0526243
-0.315386
-0.481124
0.160629
0.587569
1.12339
-0.551
-0.616104
-0.232827
0.543188
0.041794
0.367043
-0.395431
-0.326089
-0.0524996
-0.174754
0.28104
0.189156
-0.00952064
-0.603651
0.0421438
-0.861553
-0.142249
-0.718643
0.169197
0.186133
-0.078786
-0.0217275
-0.426052
0.839136
-0.011891
0.0333772
0.236027
0.28014
0.348969
0.0299927
0.587172
0.0209953
0.181441
0.365719
0.0667377
0.282233
-0.243648
0.100391
0.295718
-0.1013
0.186038
0.00497981
0.258346
0.127922
0.359841
0.308422
-0.147932
0.336683
-0.384801
0.428637
0.187365
-0.0589759
0.514035
-0.159735
0.803787
-0.148036
0.633137
0.0250685
0.0012455
-0.345992
-0.82209
-0.950934
-0.521691
-1.00775
0.076659
-0.330585
0.273132
0.484745
-0.486492
-0.276063
-0.0639994
-2.18336
-0.0931418
-0.328071
0.0927956
0.024703
-0.119719
0.108736
0.300832
0.369916
-0.219714
0.262035
0.407727
0.143903
-0.49509
-0.148038
0.683529
0.120084
0.334175
-0.227915
0.0641358
0.201562
0.0704742
-0.310196
-0.266782
0.297129
0.18195
0.0923483
-0.641607
0.576637
-0.455759
-0.0982365
-0.181283
0.0493251
-0.315373
0.552682
-0.127337
0.341075
0.644435
-0.106156
-0.289228
-0.151658
-0.253809
-1.17077
0.649164
-0.285541
0.618398
-0.0708926
0.216196
0.114618
0.245746
0.202774
-0.185363
-0.460857
-0.174314
-0.00184726
0.354908
-0.51175
0.703143
0.191969
0.0960081
-0.0221686
-0.104101
-0.474125
-0.231308
-0.0400534
-0.305538
-0.694688
0.227221
0.078339
0.0419621
0.0737912
-0.222474
0.088608
-0.155737
-0.126812
-0.150978
-0.246952
-0.413117
-0.533678
-0.490144
-0.341352
-0.541395
-0.247153
0.00743179
0.130689
0.283317
-0.220098
-0.179984
-0.346169
0.685278
0.16514
0.221347
0.0186575
-2.32179
-0.168182
0.130324
-0.0447383
0.136148
0.226521
-0.0915572
0.885216
-0.289028
0.0717784
0.00987039
3.87424
0.414833
0.571628
0.280608
0.161251
-0.284388
-0.143135
0.545508
-0.0753354
0.244986
0.285724
-0.3152
0.111905
-0.418482
-0.120837
0.117252
0.601037
0.434462
-0.400617
0.316078
0.271736
0.0417713
-0.0903056
-0.140687
0.236665
-0.535251
-0.0556668
0.54173
0.0511065
-0.0737983
-0.542621
0.255624
0.35302
-0.138582
-1.16952
-0.0881948
-0.0688196
0.675669
0.347996
-0.11694
0.212367
0.0687721
-0.0452777
0.104637
0.429429
0.843885
-0.764748
-0.0702661
-0.0655045
-0.152135
-0.0914187
-0.71377
0.272511
0.17555
0.0511145
0.205165
0.202269
0.232099
0.213814
0.0592612
-1.05637
1.24048
0.308854
0.107345
1.49823
-0.256581
0.513645
-0.230355
0.0444389
0.735464
0.0502451
-0.573158
-0.266932
-1.93946
-0.216295
0.290373
1.24024
0.218993
0.389765
-0.00402672
0.0917596
-0.00919751
-0.0852232
0.575794
0.195871
-0.21316
0.197902
0.0669397
-0.293144
0.0728858
-0.170393
-0.0296025
0.0858816
0.214148
-0.0743704
-0.414613
0.0249948
-0.574222
-0.0399641
-0.436398
-0.062062
0.0285722
0.464664
-0.192246
0.701837
-0.328512
-0.283821
0.1881
0.225221
-0.218767
-0.856973
-0.716225
-0.149188
0.105541
0.303682
0.20842
-0.690181
-0.644257
-1.03579
0.196922
-0.327943
0.0666992
0.45734
-0.0865697
0.451136
0.00210484
-0.0223397
0.835467
0.427623
-0.0191267
0.173569
-0.138142
-0.339446
-0.195658
0.446327
-0.332032
-0.276091
0.248345
0.0552879
0.173481
0.528741
-0.677053
0.224355
0.182091
0.00408421
0.405499
-0.120559
-0.305134
0.149993
0.49675
-0.0688264
-0.297614
-0.672197
-0.308475
-0.0871909
1.73857
-0.0745908
-0.311643
0.189231
-0.0546534
0.543729
0.205313
0.111256
-0.0352587
0.257899
0.0565459
-0.0470067
-0.63834
0.208301
0.323315
0.30991
-0.916393
-0.308654
-0.23051
-0.800203
0.350881
-0.555021
-0.304469
0.669157
-0.31023
-0.860936
-0.374808
-0.0183358
0.362884
-0.00580489
-0.279514
-0.246863
-1.19624
0.186046
-0.285389
0.58447
0.00200964
-0.0799014
0.442404
0.138174
0.446941
-0.0419966
0.898149
-0.15975
0.0254474
-0.0119397
0.254497
-0.068884
-0.00629382
0.202231
-0.082021
1.40945
0.40132
0.50219
0.193069
0.189857
-0.210761
0.736229
-0.130261
0.0699572
-0.379225
0.00036019
-0.052304
-0.207237
0.42328
0.272316
-0.100563
0.40503
-0.0891097
0.226704
-0.482004
-0.069933
0.246953
-0.103869
0.104593
0.302683
-0.799963
-0.404397
-0.717834
-0.6951
-0.24665
-0.0133679
-0.674101
-0.145941
-1.04512
-0.293299
0.039126
0.211421
0.329682
0.0275229
-0.414103
0.33315
-0.0674644
-0.141783
-0.244161
-0.0682064
-0.665296
2.47911
0.316732
-0.108251
0.244694
0.0245985
0.604602
-0.045182
-0.169294
0.424067
0.0551456
1.256
0.279754
0.234323
-0.0258181
0.494556
-0.117495
0.0569204
-0.72873
-0.34099
-0.0162154
-0.173497
-0.468216
0.0793433
-0.223653
-0.030566
-0.654646
-0.207447
0.0946053
0.7749
-0.521813
0.254889
0.247335
0.243192
0.252335
-0.201487
0.499134
-0.278197
-0.596179
-0.0672548
0.00534524
-0.128972
0.211573
-0.0738178
0.45711
0.65474
0.383932
0.0716355
0.320434
0.21834
0.0845411
-0.183404
0.17198
-0.163149
0.0570926
-0.183599
0.104672
-0.16808
0.0231031
-0.113866
-0.104268
0.128119
0.0246999
-0.115726
-0.193223
0.0111041
0.0682237
-0.156079
-0.0685226
-0.156845
-0.0763311
-0.0496129
-0.048363
-0.0107757
0.0357473
-0.0172453
0.127606
0.0530418
0.162334
0.0869917
0.127751
0.184639
888888
0.055093
0.0113214
0.096543
0.0266847
0.036169
0.0399031
0.0376666
0.139647
0.0207137
0.13123
0.0556891
0.0224557
0.129432
0.0204635
0.00762039
0.0363244
0.0754792
0.00722905
0.054891
0.208183
0.0234858
0.106305
0.113622
0.027424
0.0415303
0.0200812
0.0412752
0.189707
0.0187513
0.0847296
0.106482
0.0255381
0.0537407
0.0801804
0.0584279
0.0573658
0.107868
0.0138576
0.0740584
0.0374364
0.0734423
0.029836
0.210665
0.0276654
0.0224805
0.0866353
0.0183757
0.0545895
0.0244357
0.0107924
0.0306938
0.053398
0.0767758
0.0507583
0.0881692
0.0515111
0.0242055
0.0218262
0.0223338
0.0298449
0.108523
0.369572
0.0675605
0.0567684
0.051886
0.0396254
0.0241741
0.0151662
0.04328
0.133996
0.0586973
0.0826777
0.0502585
0.0397831
0.058726
0.0111484
0.0324416
0.12335
0.0208656
0.0581894
0.0941655
0.054308
0.131872
0.0811187
0.0186902
0.0814567
0.0661286
0.0335906
0.0592761
0.0736912
0.0279304
0.0338436
0.0858205
0.0268342
0.0238925
0.00958757
0.079727
0.0701103
0.0332132
0.0346905
0.0620366
0.0626923
0.0828368
0.0595428
0.0743102
0.0691385
0.0467194
0.0981091
0.0784803
0.0537572
0.146565
0.238492
0.0167912
0.0251241
0.0416711
0.0591173
0.0288014
0.0473103
0.0357196
0.107368
0.0716042
0.0640104
0.0167212
0.0376424
0.0510581
0.156627
0.0804448
0.0772898
0.0553668
0.061012
0.314519
0.0673367
0.278045
0.0529621
0.0183305
0.0442595
0.0783271
0.022138
0.104876
0.0562116
0.0319871
0.0164109
0.0174745
0.0438851
0.100823
0.0986671
0.0375086
0.0328769
0.0246306
0.0478483
0.0398539
0.09511
0.00813995
0.0410671
0.168403
0.147328
0.293626
0.0359395
0.0539913
0.0676727
0.0135799
0.0769476
0.0333831
0.0979511
0.125974
0.00796092
0.091334
0.0306479
0.142786
0.0804662
0.108512
0.0528678
0.332808
0.0426256
0.213908
0.00787674
0.0244708
0.0280837
0.0630875
0.0823302
0.0142042
0.0777416
0.0168392
0.0778693
0.0303769
0.0270155
0.0162537
0.0248394
0.0194009
0.0547438
0.05432
0.0906951
0.046172
0.1647
0.050453
0.0223945
0.106279
0.0757134
0.0379142
0.030113
0.0566609
0.0664981
0.0874491
0.0186475
0.118909
0.0587345
0.0835238
0.087113
0.0293998
0.0828498
0.0543051
0.0263176
0.0377393
0.0249149
0.0297138
0.128867
0.0186234
0.046704
0.0551279
0.0306978
0.231166
0.0615481
0.0277214
0.473831
0.0504419
0.120424
0.0321901
0.0291759
0.0560168
0.0409254
0.169689
0.0846362
0.339675
0.100606
0.0192572
0.0602614
0.0261741
0.0100195
0.207217
0.20724
0.0503077
0.0311046
0.0782848
0.0960148
0.0175674
0.0396924
0.0421135
0.169375
0.0289555
0.0139013
0.0376445
0.0977527
0.0782298
0.0252696
0.0484279
0.0472341
0.0554685
0.0486299
0.0258543
0.0911878
0.0474308
0.0542018
0.0759483
0.0526817
0.0318202
0.115153
0.0242411
0.121079
0.061777
0.121915
0.0470544
0.102667
0.0297129
0.136924
0.103464
0.0433216
0.080308
0.0621638
0.0655115
0.141546
0.0202129
0.070525
0.0410031
0.0408376
0.0991905
0.0479448
0.0546921
0.0404705
0.0068715
0.0208715
0.0454517
0.0561581
0.034544
0.0381025
0.0618801
0.0579495
0.058099
0.222924
0.0433015
0.012283
0.212028
0.0503747
0.0170168
0.166677
0.0383249
0.186649
0.00820777
0.0356042
0.0680189
0.110097
0.0191862
0.122047
0.0403474
0.0304649
0.0874675
0.0363065
0.00987504
0.0662466
0.236825
0.0468669
0.152998
0.107096
0.063678
0.103409
0.0373321
0.05035
0.0293187
0.102624
0.0471963
0.0927384
0.216117
0.0516545
0.0137603
0.045979
0.0187874
0.168617
0.0355567
0.0125505
0.11131
0.0599111
0.0914432
0.0515406
0.0544246
0.0340805
0.232626
0.0826524
0.0375926
0.0435159
0.0546136
0.0907817
0.0563531
0.0450881
0.0691386
0.0191972
0.0197187
0.0471823
0.0256535
0.0942488
0.0404774
0.0935664
0.0840415
0.0681654
0.0557469
0.0740846
0.0800448
0.0441068
0.0666762
0.0191514
0.0642092
0.0927801
0.0387816
0.0997812
0.0117318
0.0164434
0.0212513
0.0296158
0.0873936
0.0167248
0.0280399
0.0504273
0.0441213
0.0512671
0.0841832
0.110793
0.041324
0.0268187
0.0635274
0.0406692
0.0916194
0.0694258
0.0522579
0.1087
0.0487698
0.1938
0.0146539
0.0374731
0.0652151
0.071779
0.0447347
0.092888
0.035859
0.0372717
0.140212
0.0596835
0.0220472
0.0635323
0.0151289
0.0555369
0.276711
0.0287574
0.048688
0.0237367
0.0924627
0.108978
0.0601297
0.019614
0.031698
0.0341541
0.106766
0.198187
0.0780167
0.0217854
0.0304786
0.0813407
0.0319705
0.0310334
0.0349593
0.0440976
0.0817253
0.0524529
0.0406715
0.0519945
0.0278813
0.0511714
0.0207868
0.120905
0.0766366
0.0528871
0.024125
0.0462423
0.0303083
0.015375
0.0237412
0.0312233
0.143975
0.0159181
0.0495233
0.0225608
0.0790987
0.0650919
0.0260219
0.0598917
0.0115005
0.0700768
0.0315072
0.0781718
0.0276775
0.0341426
0.054108
0.0233944
0.0263152
0.0484933
0.0237802
0.0980089
0.171071
0.0162788
0.0255667
0.0213383
0.0583349
0.038647
0.0543423
0.0130498
0.06785
0.0271461
0.0429186
0.0593458
0.0700671
0.0427092
0.196238
0.0421648
0.0399842
0.0617439
0.022956
0.0703833
0.0908507
0.0616556
0.0773572
0.208996
0.234282
0.0555643
0.020797
0.0295031
0.0367183
0.104776
0.0479073
0.0743922
0.0517062
0.0224502
0.102994
0.0256014
0.0306237
0.0446299
0.062706
0.0943037
0.024804
0.0215849
0.160324
0.040207
0.096809
0.0289007
0.0939075
0.0350935
0.0444409
0.173733
0.0725183
0.102052
0.0774272
0.0216842
0.100107
0.0338801
0.0487046
0.0461955
0.183936
0.042847
0.101129
0.0422622
0.125184
0.157801
0.0630755
0.0231657
0.116493
0.0563937
0.0478476
0.0478442
0.0995257
0.0582775
0.130022
0.0501468
0.0643972
0.0388749
0.0358175
0.184566
0.0241557
0.0662508
0.0418946
0.0516071
0.0183772
0.0176201
0.0403279
0.129797
0.0552971
0.0589927
0.0814448
0.0791178
0.0599745
0.0636331
0.0941534
0.0129182
0.0774781
0.186915
0.165298
0.0841143
0.0685433
0.03191
0.145257
0.0458274
0.0402892
0.0294446
0.093708
0.0927453
0.158273
0.0421881
0.17692
0.037215
0.0163859
0.0460964
0.0477594
0.0189625
0.123873
0.135105
0.0286232
0.0253984
0.0151224
0.110315
0.0827554
0.072793
0.286295
0.063137
0.0685256
0.0174275
0.0747619
0.0293065
0.0843572
0.0307019
0.269479
0.143856
0.0293207
0.103656
0.0335378
0.184917
0.0160868
0.0117816
0.0598355
0.124325
0.199263
0.0584019
0.042612
0.0245935
0.028001
0.0109642
0.0235258
0.0649415
0.151278
0.132002
0.0618516
0.0518343
0.0658546
0.133986
0.0843294
0.033139
0.0185028
0.0253134
0.0384088
0.158409
0.0805091
0.0376074
0.0674049
0.0274441
0.0412919
0.126081
0.0209925
0.0148256
0.0325605
0.174209
0.0210153
0.0730485
0.0110449
0.0798537
0.016952
0.180333
0.0344052
0.0435318
0.0813898
0.0629804
0.0295859
0.0266348
0.149158
0.0330877
0.051802
0.0805319
0.0468312
0.0753585
0.0185784
0.0194716
0.153331
0.0576546
0.115417
0.0513059
0.0177148
0.0399811
0.0269911
0.0336024
0.0156181
0.165583
0.0297009
0.0285566
0.0685122
0.272614
0.0670566
0.0280154
0.0294889
0.0127951
0.0598719
0.0134958
0.220962
0.285698
0.0659609
0.0208463
0.187937
0.0664319
0.0724913
0.0333177
0.0401669
0.0860924
0.0858171
0.0377271
0.022538
0.0848879
0.0753138
0.0821497
0.0454054
0.0528951
0.0631358
0.051583
0.0185384
0.0330832
0.060342
0.0402411
0.132455
0.0621359
0.0258379
0.0665469
0.0129077
0.0659927
0.0488509
0.0483181
0.0615432
0.0264232
0.029563
0.0415142
0.0217978
0.0717876
0.0914709
0.0338946
0.0549572
0.0376411
0.103314
0.0281457
0.0991747
0.143979
0.0197596
0.0847263
0.251447
0.0084973
0.137379
0.0293545
0.079582
0.0274619
0.0184301
0.216789
0.0339209
0.0446629
0.219693
0.0126903
0.0379576
0.0550252
0.0509433
0.047554
0.0475221
0.132863
0.0726414
0.0264639
0.0733004
0.0133107
0.0265072
0.0474202
0.0506332
0.0467121
0.0731553
0.115567
0.0511138
0.0289258
0.205609
0.0338043
0.0845777
0.0216502
0.0643851
0.05627
0.0385036
0.032806
0.0400394
0.111199
0.0307664
0.0115301
0.0314307
0.0219725
0.0526351
0.026195
0.236456
0.0383223
0.10644
0.0792208
0.113255
0.0585483
0.0603061
0.123628
0.0548961
0.0455293
0.256457
0.0520186
0.02564
0.130244
0.0357718
0.0276142
0.0211629
0.116314
0.0231525
0.0376898
0.0371432
0.0423149
0.18698
0.0215688
0.0141612
0.132356
0.0683559
0.259623
0.0366054
0.159156
0.0383485
0.0207594
0.075313
0.0657436
0.103631
0.0269028
0.0664579
0.138117
0.0292547
0.0330005
0.0160732
0.0471693
0.158048
0.0487976
0.0361091
0.0758084
0.174833
0.0353376
0.0262221
0.0846939
0.17541
0.0247501
0.0421969
0.0610852
0.100302
0.0334463
0.124468
0.0618333
0.0243338
0.0204312
0.0552757
0.00979497
0.0510312
0.087242
0.0329225
0.0725086
0.0176108
0.017268
0.153384
0.0320829
0.0553225
0.0175532
0.121332
0.0615976
0.0356594
0.183039
0.0356855
0.0235799
0.0512326
0.0346238
0.045392
0.035404
0.0781153
0.0190622
0.028953
0.0736834
0.0345386
0.0241766
0.067731
0.0635912
0.0371475
0.0340624
0.0287287
0.315149
0.0221164
0.0755103
0.0263521
0.0402755
0.0700038
0.0604396
0.0554952
0.051998
0.160274
0.0558451
0.10325
0.0579489
0.0502958
0.0268091
0.0173243
0.0192415
0.0150732
0.0877502
0.0874531
0.102262
0.102154
0.0150732
0.013863
0.00562127
0.0299701
0.0400171
0.0983844
0.0454255
0.0623537
0.076069
0.0436135
0.0162322
0.0558709
0.0508213
0.206165
0.0282209
0.0872111
0.0845341
0.068353
0.103827
0.0216661
0.0746604
0.0482706
0.0193184
0.0433451
0.0233582
0.0814358
0.100281
0.0165553
0.0194239
0.0110756
0.0955282
0.119865
0.0255296
0.151854
0.0274465
0.0561154
0.0380254
0.0160457
0.0632735
0.0609565
0.0610035
0.147382
0.0254127
0.0647168
0.0375725
0.0107776
0.0266237
0.184279
0.0300813
0.0187581
0.0169622
0.0315848
0.0809399
0.0948248
0.081653
0.0622846
0.0641677
0.0459179
0.0373164
0.0131658
0.0483286
0.0769439
0.190333
0.0335134
0.0361969
0.138394
0.0980528
0.079156
0.100421
0.0367285
0.0787864
0.0574772
0.0187476
0.164508
0.0153477
0.105747
0.0364764
0.109305
0.004764
0.11272
0.0638373
0.0919778
0.0861343
0.0289424
0.0316133
0.0471373
0.0779779
0.0550247
0.0319243
0.0480624
0.0285563
0.0475399
0.102259
0.0846116
0.0329626
0.11023
0.0436001
0.0547967
0.0220375
0.0333772
0.0145304
0.01157
0.0579456
0.0703043
0.224006
0.0182389
0.00925804
0.0129191
0.0135034
0.0306279
0.0242191
0.102825
0.17098
0.12187
0.0395229
0.101097
0.0328721
0.0226904
0.0656129
0.0761078
0.0626085
0.0563464
0.101871
0.141269
0.0572514
0.0701484
0.0423135
0.129912
0.0150844
0.0434771
0.278395
0.0643399
0.0540575
0.0667992
0.0450252
0.0904953
0.0288919
0.326514
0.0134911
0.0363766
0.0535676
0.00945895
0.0623841
0.00601534
0.0348779
0.0516284
0.0364019
0.0243792
0.319998
0.0643379
0.0810554
0.0936756
0.0401548
0.0433025
0.0782832
0.134691
0.0365351
0.0771549
0.039456
0.0233987
0.0561024
0.106563
0.063551
0.0395258
0.0278505
0.113689
0.034087
0.0594561
0.0162129
0.0654438
0.0202513
0.0206096
0.109709
0.0831123
0.0661895
0.0859642
0.0636377
0.0412518
0.17419
0.0753367
0.0592901
0.0296118
0.188924
0.159282
0.0304996
0.119487
0.177827
0.0692459
0.0249107
0.126448
0.0786801
0.0230085
0.0194899
0.0366627
0.12651
0.037403
0.049803
0.0535431
0.0563018
0.0611819
0.0390316
0.143236
0.0367291
0.0939716
0.0669095
0.038285
0.0616347
0.0238037
0.0254823
0.050456
0.0279791
0.0406992
0.0476405
0.0289593
0.0182108
0.0257986
0.0692986
0.0271971
0.047014
0.0282653
0.0229647
0.0204883
0.0435699
0.0551685
0.136549
0.0903183
0.0342904
0.0313352
0.0380776
0.049601
0.0308992
0.0573403
0.156042
0.096778
0.0306469
0.0262613
0.0394848
0.0438325
0.03689
0.0580521
0.148507
0.0755982
0.0427435
0.0540574
0.0357621
0.0465901
0.0213553
0.0640514
0.117012
0.0107727
0.122293
0.0371241
0.161052
0.0308924
0.0785526
0.0429899
0.184976
0.0666325
0.0538979
0.119591
0.100614
0.0301291
0.0639205
0.0413198
0.0285454
0.0274361
0.0379015
0.136717
0.0604531
0.0628736
0.0567126
0.0211681
0.0509077
0.0606182
0.0371483
0.173101
0.0270112
0.0379701
0.0371445
0.0369453
0.033081
0.039762
0.0164952
0.0250809
0.0214036
0.0969301
0.0149706
0.0356582
0.0251414
0.0594214
0.0438145
0.462678
0.0136583
0.0278237
0.0415867
0.0368108
0.0690207
0.0935738
0.0208945
0.0702072
0.0195826
0.0597489
0.0964558
0.078348
0.019268
0.100908
0.0395523
0.030644
0.00969268
0.047846
0.0497724
0.094867
0.0302092
0.0779712
0.0142141
0.028631
0.107109
0.0565227
0.0621072
0.0681413
0.0313007
0.132066
0.158077
0.0838236
0.0321575
0.0302795
0.00910508
0.107637
0.0302124
0.0337985
0.150419
0.0884213
0.0419907
0.0892906
0.303094
0.0810199
0.0354826
0.0563206
0.103721
0.0775912
0.0542452
0.0227802
0.0614846
0.0273399
0.156584
0.0453502
0.114525
0.0243119
0.085132
0.0160812
0.0539519
0.0520491
0.0440653
0.0624265
0.061144
0.0377625
0.0397701
0.0634053
0.0154281
0.0958341
0.111811
0.0181787
0.0272516
0.0483722
0.0752672
0.0286444
0.0228303
0.0464585
0.0946821
0.0686007
0.115394
0.0703991
0.104795
0.0221034
0.018459
0.0681962
0.0354055
0.0526844
0.105061
0.00597789
0.0447153
0.0505928
0.0296205
0.0443834
0.0162916
0.0608972
0.0862888
0.0547912
0.0966482
0.0212525
0.0420166
0.0489132
0.159544
0.0376663
0.0830604
0.0585273
0.0169572
0.0321887
0.0604181
0.0403027
0.0526553
0.0493489
0.265023
0.108177
0.0118845
0.0791082
0.068325
0.0498091
0.0160565
0.0630208
0.0155865
0.0370248
0.0435457
0.0593563
0.0313508
0.0233866
0.0285734
0.076199
0.0371819
0.0510654
0.0834104
0.0290527
0.0157729
0.136413
0.074786
0.141388
0.0446733
0.015342
0.0214768
0.0556588
0.0472127
0.110506
0.0707605
0.0515661
0.0421834
0.0878322
0.0652853
0.0161105
0.00842723
0.0715389
0.0354346
0.0378982
0.0216074
0.135512
0.084178
0.125193
0.0815198
0.130865
0.0339264
0.0361309
0.0281351
0.0167247
0.0258533
0.0744864
0.0554211
0.152467
0.0289369
0.0958171
0.0561985
0.0926178
0.0189879
0.0486053
0.0639257
0.0450602
0.024812
0.013175
0.0265075
0.0280109
0.0271911
0.072923
0.0381345
0.104945
0.0680377
0.0362401
0.0276479
0.0458001
0.0109165
0.028367
0.0449963
0.180886
0.137889
0.0670666
0.0803733
0.045305
0.0403539
0.0538409
0.0188287
0.0374198
0.0390049
0.0493616
0.0448182
0.111955
0.0717029
0.0467094
0.253303
0.183465
0.0301189
0.0945869
0.0987889
0.065303
0.183625
0.0221243
0.0796104
0.00788704
0.0362158
0.0249014
0.422294
0.071382
0.110057
0.072759
0.139975
0.150813
0.0256046
0.0232749
0.0667483
0.0762862
0.028605
0.0885143
0.032077
0.0663283
0.116456
0.0261124
0.0296459
0.0554137
0.0886697
0.0475628
0.0124384
0.0601434
0.0422817
0.0849732
0.0598213
0.0310773
0.0262646
0.158799
0.166399
0.0218703
0.078204
0.0252774
0.0670215
0.0399577
0.165188
0.0420419
0.0685591
0.146178
0.0112595
0.0138057
0.0282778
0.0498106
0.0354497
0.0280604
0.0520545
0.0869868
0.229769
0.0601002
0.0255294
0.0947865
0.070256
0.0326391
0.0327878
0.0429185
0.0208033
0.0224635
0.111845
0.0261819
0.0589451
0.0232813
0.0497281
0.492905
0.0245128
0.107999
0.26354
0.061315
0.115004
0.0403566
0.0806465
0.092042
0.0247343
0.0267969
0.10916
0.0626964
0.12064
0.0440856
0.267098
0.022183
0.0472336
0.0734701
0.057662
0.0184498
0.0170856
0.0656539
0.00937556
0.0144782
0.039703
0.0129781
0.0297501
0.0218539
0.0296878
0.0544032
0.0216359
0.0447403
0.124475
0.0572078
0.0426879
0.0221721
0.072012
0.0603265
0.0345269
0.0582302
0.0152274
0.0720546
0.0744129
0.0916887
0.0977911
0.0647663
0.110141
0.0617341
0.0373196
0.0974348
0.106609
0.0593042
0.0930017
0.0727748
0.152647
0.0494494
0.0981454
0.0344675
0.0360258
0.0949439
0.036369
0.0434037
0.0741924
0.0397813
0.102509
0.0614217
0.0517382
0.0448213
0.114291
0.0320705
0.0659583
0.122521
0.0792551
0.0569261
0.0619637
0.0242737
0.155837
0.0400914
0.0394627
0.0664172
0.0819477
0.0413117
0.043082
0.057945
0.0377314
0.0609906
0.0395622
0.116213
0.0904527
0.0859771
0.256213
0.0252285
0.0302597
0.19065
0.0164534
0.14434
0.0311859
0.0386834
0.113201
0.0532232
0.0302119
0.0315203
0.0325138
0.0466988
0.0414478
0.162701
0.055329
0.0550451
0.366608
0.084239
0.123818
0.0538266
0.0365725
0.0378037
0.0614723
0.0614723
0.108789
0.0894348
0.11162
0.0908957
0.0183924
0.056636
0.0511596
0.0401641
0.036675
0.162622
0.222455
0.0595425
0.0404798
0.0449453
0.04275
0.0830257
0.0264989
0.0776243
0.00875035
0.0471229
0.0717733
0.0378689
0.0933682
0.0885335
0.0364616
0.0344651
0.0389072
0.0437629
0.114307
0.0333067
0.162936
0.0310357
0.0233335
0.0391242
0.0411784
0.014162
0.00902369
0.102045
0.0816822
0.0987886
0.0567689
0.0537458
0.070107
0.0189984
0.0552511
0.0213832
0.0249507
0.0577052
0.0311282
0.0471455
0.0456711
0.045522
0.0282751
0.0794972
0.0493318
0.0808595
0.0712234
0.0344504
0.0222704
0.0935988
0.0604103
0.09088
0.0248195
0.212289
0.0478776
0.0330493
0.0327576
0.0331736
0.0311595
0.0562165
0.0107656
0.0275901
0.0196501
0.143032
0.274276
0.0226078
0.0242108
0.0443062
0.0127862
0.102779
0.157471
0.037531
0.03373
0.0210816
0.173477
0.0642655
0.037375
0.0778129
0.0372043
0.0578697
0.0364982
0.0649611
0.0621524
0.045667
0.0246874
0.0534075
0.0712209
0.0429612
0.0370133
0.0924307
0.0202663
0.122425
0.194354
0.0492882
0.0359989
0.0639744
0.0533385
0.00838924
0.0528308
0.192012
0.0797043
0.0877239
0.0570151
0.0344394
0.0450974
0.036454
0.0330943
0.0441281
0.109292
0.138424
0.0203088
0.0579272
0.0861541
0
0
0
0
0
0
0
0
0
0
0
0
0
0
0
0
0
0
0
0
0
0
0
0
0
0
0
0
0
0
0
0
777777