2.84496
999999
-0.502353
-0.337322
0.133753
-0.1116
0.138428
-0.147498
-0.0461429
0.881717
0.00796574
0.228869
0.376899
0.0752233
0.682466
-0.2191
-0.201869
0.336366
0.886023
0.198067
0.507231
-0.576922
0.0328619
0.103202
0.210744
0.432451
0.584684
-0.108112
-0.158664
-0.00421994
0.0657969
0.533001
-0.0870835
-0.199715
-0.160948
-0.350235
-0.44167
0.36864
0.465955
0.283576
-0.00614714
-0.161816
0.451218
0.110504
1.115
0.16258
0.344292
0.453887
-0.172202
-0.186845
0.311136
0.459185
-0.0264935
-0.223324
0.238289
0.455394
0.182497
0.161796
-0.137315
0.177417
0.244389
0.0889244
-0.081236
0.83605
-0.0321906
-0.0433921
0.0956275
-0.565372
0.200559
0.176692
0.221109
0.195718
0.00889085
-0.218102
-0.160404
-0.0587469
-0.308351
0.0131453
-0.0593635
0.406613
0.122638
-0.113278
-0.101658
-0.0185658
0.189273
0.748844
0.0880462
0.847778
-0.188506
0.139309
-0.333396
-0.441625
-0.351674
0.199212
0.289185
-0.495512
0.177218
-0.042809
0.452826
0.703444
-0.653245
-0.0783895
-0.269449
-0.0638883
-0.468853
0.284127
-0.0943647
-0.102184
-0.293838
0.538677
-0.214017
-0.126517
0.212591
0.105815
-0.171525
0.56502
-0.204223
0.267455
0.105015
-0.508735
0.114537
-0.453436
-0.386082
0.0386521
-0.184963
-0.372869
0.0983471
0.120352
0.0147794
0.363816
0.73784
-0.12161
0.340002
-0.408562
0.64022
0.458329
-0.00798271
0.268056
-0.0998779
0.301011
0.00421062
-0.344304
0.553487
-0.0682419
0.200701
0.0337425
0.173885
0.190153
0.0643808
0.336078
0.235324
0.0425551
0.373024
-0.122818
-0.246125
-0.353104
0.655342
0.236855
0.878569
0.265982
0.121989
0.480922
-0.00183002
0.062526
-0.0110112
0.306135
0.187575
-0.484964
-0.604209
-0.509858
-0.0749178
-0.0396877
0.884203
-0.0461326
-1.14127
0.0956443
-0.490817
0.189468
-0.0942831
-0.298665
-0.756884
-0.751927
0.0118497
0.792067
-0.337333
0.0515572
0.174949
0.200383
0.200113
-0.397706
-0.320804
0.358394
-0.125992
0.723947
0.449696
0.241565
0.278588
0.178935
0.561522
0.0801574
0.133397
0.317475
-0.627415
-0.194016
0.183666
-0.35817
-0.388564
-0.165098
-0.316549
-0.447174
0.101915
-0.266575
-0.164135
0.172499
-0.468958
-0.295517
0.0967992
-0.626012
0.46173
0.142284
0.644139
0.143596
-1.39021
-0.504002
-0.225142
0.319642
0.24891
0.00859287
-0.184482
0.28828
0.020918
0.392508
0.312862
0.571424
0.463035
-0.337296
-0.105783
-0.808235
0.0158291
0.134549
0.969392
0.130888
-0.409988
-0.453608
0.098618
0.198978
0.00988293
-0.229638
-0.0559045
0.533235
0.655827
0.147009
0.135442
0.100137
0.0834683
-0.178584
0.350707
0.120794
-0.164194
-0.420134
-0.175953
-0.361501
0.409159
0.104153
0.423832
0.327712
-0.090927
-0.243735
0.463422
-0.350615
0.250475
0.111838
-0.0747382
-0.0687872
0.300417
0.264629
-0.205054
0.306373
-0.53954
0.225623
-0.366668
0.985708
-0.221004
0.189809
-0.0824327
0.235366
-0.724409
-0.0411595
-0.277201
-0.571324
-0.0624784
0.322435
0.0163162
0.430269
-0.336884
0.520291
0.876102
0.482042
1.24903
0.00159012
0.852392
0.741496
-1.14931
0.516097
-0.147366
0.708414
-0.0848513
-0.620681
-0.163173
0.306124
0.275524
-0.394136
0.386807
0.138843
-0.263178
-0.318637
0.196618
0.231145
0.550376
-0.236981
0.866317
0.022659
0.000154405
0.0114105
0.316418
-0.247456
-0.356297
0.0171903
-0.433879
-0.343374
0.486136
-0.0383054
-1.06733
0.474905
0.141865
0.213486
-0.313043
1.20606
0.339796
-0.226996
0.749976
0.402828
0.261169
-0.357444
0.390228
0.203278
0.697273
-0.346227
0.195664
-0.0950675
-0.525407
0.809367
-0.0641939
-0.0732042
-0.186146
0.121163
0.0872209
0.351362
-0.360851
0.612981
-0.916114
-0.024958
-0.618262
-0.16912
-0.166007
-0.0201923
0.53159
0.309822
0.811486
0.0107556
-0.582424
-0.0268012
-0.0343285
-0.157375
0.0744728
-0.361284
0.275965
-0.277359
-0.0231079
-0.337043
0.205217
0.0114142
-0.105102
0.432005
0.483886
0.173139
0.141226
0.409053
-0.415452
-0.861177
-0.359045
0.124897
-0.137843
-0.300324
-1.31391
-0.509109
0.160495
-0.385965
0.0826986
-0.494129
0.270759
0.0947723
0.18656
-0.297262
1.93257
0.245677
-0.537581
0.669578
-0.211425
0.126318
-0.0631398
-0.115803
-0.442593
-0.0890626
0.674688
0.704471
-0.363371
-0.383606
0.185851
-0.478654
-0.0255111
-1.47769
-0.471382
-0.00992042
0.166736
-0.106583
-0.195628
-0.533507
0.0825544
-0.0975843
-0.0432922
0.091033
-0.100431
0.487504
0.170099
0.15924
-0.131056
-0.305144
0.498301
0.763203
-0.259498
0.553391
-0.0185865
-0.0804233
-0.0526348
-0.456542
-0.00469175
0.145855
-0.231019
0.241089
0.682131
0.0396955
0.328223
-0.212301
0.0730505
0.588318
0.074093
0.759883
0.111653
-0.164998
-0.360504
-0.0697007
0.378675
-0.0632332
-0.178334
0.355926
0.0309382
-0.0441524
0.543853
0.245612
0.595444
-0.0354044
0.017106
-0.153187
-0.140721
-0.162469
-0.68838
0.0828171
0.0932551
-0.651231
1.46298
0.195349
0.0561042
0.451868
0.487389
-0.324995
-0.45718
0.143139
0.181725
0.13003
0.369525
0.0244176
-0.574242
-0.470379
-0.0430237
-0.117737
0.447732
-0.188596
-0.25717
-0.0690224
-1.2321
-0.368377
-0.212825
-0.728365
0.791764
-0.400309
-0.318568
0.152125
0.899964
0.0730589
-0.159814
-0.0588286
0.0164585
0.242116
-0.209774
-0.376479
0.0774679
0.535745
-0.0333912
0.453496
0.621245
-0.542962
-0.352459
-0.0951476
0.568796
0.209432
0.279017
-0.0902181
0.993135
0.19047
0.0712794
0.0957686
-0.546948
-0.148775
-0.248735
0.224937
0.252066
0.190285
0.316273
-0.360386
-0.65819
0.532415
-0.0507477
-0.326405
0.227191
0.247673
-0.118278
-0.1388
0.396945
0.14129
-0.0271283
0.132317
-0.174196
-0.525136
-0.71119
-0.184688
-0.201603
-0.321157
-0.362794
0.490495
0.310827
0.777422
-0.332704
-0.719081
0.0449448
0.229079
-0.942714
0.237416
-0.313862
0.44116
-0.208107
0.738155
-0.548182
-0.132164
-0.529
-0.224799
0.289988
-0.15403
0.114776
-0.653601
-0.20705
-0.134082
0.298004
-0.242726
0.0778651
1.30386
-0.498755
0.021294
0.683448
-0.192506
-0.45038
0.143029
0.435377
-0.116327
-0.350075
0.12009
-1.18275
1.09117
-0.440045
-0.252962
-0.107436
-0.0355979
-0.209408
-0.188208
0.0566527
0.881393
0.164683
-0.0891837
0.081377
-0.580263
-0.338689
-0.359363
0.490866
0.332489
1.12875
-0.173957
-0.200506
0.369274
-0.167973
-1.02485
-0.229031
0.334845
-0.351149
0.247927
0.198777
-0.00217788
0.0146911
0.0497147
0.485579
-0.00720201
0.647294
-0.766322
0.0954069
0.141885
-0.106502
-1.28179
0.0654287
-0.618643
0.167596
0.114189
-0.307983
0.204616
0.544719
-0.0331054
0.0192191
-0.649574
0.0123768
0.0772674
0.58766
-0.00504946
-0.0204809
-0.798263
0.176905
0.437702
0.224222
-0.147281
-0.886455
0.305383
-0.171372
-0.106094
-0.540623
0.254977
-0.0566034
-0.39629
0.0313391
-0.656159
0.0650945
-0.161179
0.0510097
-0.153783
0.0527024
0.45758
-0.242158
-0.00919982
0.334197
-0.389336
-1.08435
-0.0663509
-0.0829365
-0.439438
-0.727689
-0.139281
0.497672
0.108617
-0.0385362
0.210656
-0.416032
0.410083
-0.394603
0.106349
-0.0022945
0.766574
-0.328197
-0.0232792
0.0670675
-0.148556
-0.858654
-0.155621
-0.632196
-0.227435
-0.707574
-0.571914
-0.072487
-0.501495
-0.0256702
0.154569
0.127802
0.199172
-0.18132
0.0731101
0.260928
-0.243567
-0.0975787
0.147635
0.259314
-0.0986029
0.0444899
0.265117
0.521087
-0.208801
0.147569
-0.797477
-0.324266
0.527249
0.00557358
-0.155344
0.150118
-0.259091
0.062081
0.523899
-0.289434
1.17497
0.267003
-0.168843
-0.572171
-0.50799
0.342852
-0.074705
-0.352376
-0.0907405
-0.35947
0.253232
-0.0689685
0.119936
-0.191909
0.190129
-0.510912
0.224198
0.292044
-0.180523
-0.423207
0.220672
0.288466
-0.286972
0.939538
-0.0105428
0.75823
0.120425
-0.638886
-0.316135
0.265274
-0.355233
-0.650124
-0.171127
0.0168426
0.0940322
0.120529
0.160691
-0.116086
-0.0643933
0.0153795
-0.393925
0.742339
-0.443603
-0.247605
0.0902417
-0.126973
0.692508
-0.0971841
-0.0920066
0.0250745
0.300715
0.156667
-0.41076
-0.440901
0.541129
-0.132222
-0.380636
0.0243839
0.579862
-0.561733
0.175896
0.215696
0.0481696
0.294161
-0.361131
-0.573406
2.51889
0.0557921
-0.559857
0.621777
-0.324112
-0.154644
-0.0834578
0.454612
-0.384152
-0.203324
-1.08384
0.385532
-0.0443937
0.24064
0.0173427
-0.912148
-0.878761
-0.277683
-0.0761021
-0.246999
-0.501875
-0.0155433
-0.904684
0.949161
-0.0844118
0.197246
-0.18922
0.547133
-0.0987264
0.402898
-0.00307747
-0.10465
0.147648
-0.0234973
-0.14345
-0.0674846
-0.0268339
-0.137062
-0.0197667
0.408893
0.184265
0.0946508
-0.0985279
-0.24812
0.00259444
0.326701
-0.197279
0.441911
-1.38428
0.406824
-0.416134
-0.114832
0.068054
-0.154677
0.148991
-0.343434
0.0303172
0.158709
0.471027
-0.241992
0.383737
-0.205967
0.633533
0.116051
0.0959982
0.210847
1.01926
-0.208755
-0.164945
0.242712
-0.127293
0.0791562
-0.268891
-0.28832
-0.76081
0.227427
0.0948961
0.530253
-0.000718781
-0.275146
0.162505
-0.266281
0.159506
-0.0590168
-0.122806
0.534841
0.0587887
-0.066257
0.141853
-0.238025
-0.298409
0.173047
-0.769712
0.134136
0.269625
-0.469059
0.838961
-0.288415
0.0905894
0.755864
-0.278298
1.18235
0.192117
0.65075
-0.374127
-0.188333
0.221149
-0.0102562
0.32166
-0.30772
0.200105
-0.355796
-0.0614183
0.0958691
-0.880022
0.232307
-0.00987102
0.2183
-0.025906
-0.0796551
-0.370533
-0.37473
-0.357337
-0.392711
-0.402228
-0.275433
0.181894
0.0111264
0.282469
-0.668709
0.267108
-0.645365
0.725165
-0.00177156
-0.0614361
0.685815
-0.12353
-0.0424645
0.0274376
0.344342
-0.191005
0.704111
-0.232403
0.222007
0.217544
-0.320162
0.173024
0.395466
-0.796985
0.132639
0.284498
-0.060816
-0.221708
0.496746
-0.104343
0.0366454
-0.745225
-0.41464
-0.224508
-1.08431
0.0639006
-1.33177
-0.0198662
-0.844833
-0.143521
1.19396
0.16861
0.888902
0.0806458
-0.775973
0.250751
-0.0185474
-0.0635838
0.104911
0.14178
-0.767166
0.018864
0.135541
0.0530757
-1.04158
-0.289089
0.389498
-0.308943
-0.349909
0.0740091
0.34851
-0.481323
0.045823
0.339421
0.055852
0.886835
0.893261
0.55235
0.307772
0.304289
-0.460868
0.0288992
-0.192213
0.277215
0.359941
0.878784
0.456927
-0.168137
0.0902996
-0.269961
0.240286
0.119883
0.508872
0.159414
0.0157945
0.396061
0.537614
-0.552885
-0.235601
0.56712
0.491634
0.00778227
0.203327
1.43551
-0.139146
-0.114194
0.425099
-0.633359
0.34902
-0.0933802
0.75463
-0.235626
-0.282549
-0.0102542
0.0277538
-0.30761
0.0235517
0.162088
0.071092
0.0696087
-0.225619
-0.599383
0.0908931
-0.725829
0.41912
-0.413152
-0.110818
0.52496
-0.142964
0.208178
-0.37914
0.105873
0.0858972
-0.738276
-0.219684
-0.0906107
0.241033
-0.19656
-0.518897
0.421016
0.0974321
-0.0755477
-0.23808
0.366394
0.169593
-0.701491
-0.33738
0.1373
0.310898
-0.00545603
-0.406705
0.783275
0.276429
-0.628297
0.0111327
-0.299484
-0.217033
-0.331111
1.0244
0.21906
-0.232607
-0.156122
0.707603
0.169699
0.112403
0.129789
-0.575633
1.7352
-0.332906
-0.32418
-0.191559
-0.33109
-0.256937
-0.0551813
-0.206247
0.410355
0.0938319
0.215902
-0.473354
-0.153779
0.0715517
0.297225
-0.166967
0.325887
0.308479
-0.180783
-0.997005
0.227443
0.173699
0.666712
-0.246355
-0.254126
-0.0186526
-0.680704
0.311091
0.132678
0.171466
0.260943
0.870997
0.173544
-0.213922
-0.0965156
0.0703089
-0.0217616
-0.603829
0.128021
-0.837277
-0.679648
-0.0725988
-0.494974
0.370621
0.21624
0.0138184
0.317789
-0.654893
-0.39441
0.00718305
0.15881
-0.0223718
-0.30229
0.698559
-0.467586
-0.00472873
0.411455
0.578619
0.966797
0.0811254
-0.225551
0.424336
-0.390825
-0.397308
-0.0620289
-0.39235
1.22105
-0.229385
-0.673234
0.0690264
-0.207163
-0.0282439
-0.465429
0.355209
0.0452075
-0.147748
0.037172
-0.172771
-0.626122
0.331444
-0.130303
0.141604
0.223432
-0.31507
0.045334
0.0103339
-0.214466
0.296546
0.00682392
-0.208747
-0.141317
0.628775
0.101953
0.0363269
-0.27456
0.0610235
0.0862251
1.03123
-0.128831
-0.380504
0.261119
-0.0866584
0.431152
-0.888125
0.372705
-0.00316017
0.413981
-0.1507
0.288683
-0.248907
0.264179
0.195926
-0.0359787
0.188581
0.235868
-0.0731167
0.0188445
0.286803
0.486956
-0.939213
0.0863109
0.181665
-0.425377
-0.403663
-0.191545
-0.0912497
-0.107026
0.000763254
-0.568645
-0.123762
-0.0725885
-0.0544467
-0.323715
-0.406568
0.11301
0.54754
1.31102
-0.675547
-0.61245
-0.317088
0.688517
0.0473462
0.291227
-0.368803
-0.0888427
0.0565319
-0.236857
0.278485
0.12827
-0.0523381
-0.539791
0.0477594
-0.789255
-0.196418
-0.762666
0.194762
0.168366
-0.0592367
-0.0741853
-0.386186
0.806628
-0.0285323
0.0188358
0.167196
0.268757
0.356194
0.0449363
0.634411
0.0161147
0.190676
0.392316
-0.00204313
0.29013
-0.239613
0.076168
0.217158
-0.114083
0.233645
0.00481417
0.253412
0.109168
0.361865
0.286738
-0.140723
0.405681
-0.381023
0.422476
0.16094
-0.0587509
0.512961
-0.181355
0.707817
-0.240087
0.73304
0.0205295
0.0562973
-0.334757
-0.821574
-0.913861
-0.559756
-0.951229
0.103661
-0.321242
0.237554
0.511737
-0.463445
-0.220149
-0.0786845
-2.10284
-0.0536321
-0.308812
0.221991
0.112201
-0.207983
0.108893
0.247838
0.373235
-0.193598
0.294476
0.472737
0.154293
-0.501684
-0.141339
0.726925
0.126778
0.3149
-0.260731
0.0836743
0.190263
0.192801
-0.286391
-0.159175
0.304919
0.187746
0.0881338
-0.562088
0.634803
-0.519838
-0.0598121
-0.176866
0.0703985
-0.255653
0.656251
-0.116688
0.334175
0.654764
-0.0982177
-0.29827
-0.163173
-0.5677
-1.15323
0.589329
-0.326564
0.760284
-0.110234
0.182523
0.119799
0.248315
0.212583
-0.316962
-0.499255
-0.180503
0.00999925
0.260208
-0.505451
0.738803
0.202188
0.149881
-0.0650632
-0.0665046
-0.479805
-0.242574
-0.0308008
-0.302343
-0.69635
0.192861
0.0282123
0.14764
0.126399
-0.199101
0.0825731
-0.107589
-0.1158
-0.1701
-0.254521
-0.439707
-0.617688
-0.470018
-0.322852
-0.518802
-0.270049
-0.0677038
0.136178
0.246698
-0.21537
-0.245079
-0.381119
0.872381
0.221978
0.160101
-0.572305
-2.3248
-0.157269
0.0993704
-0.0293866
0.178762
0.335109
-0.0821081
0.926247
-0.280234
0.0815095
0.0145725
3.7756
0.4293
0.812011
0.265425
0.0355013
-0.490498
-0.133015
0.606544
-0.205424
0.279371
0.286449
-0.222902
0.154474
-0.40914
-0.259713
0.141181
0.537939
0.364377
-0.502369
0.328146
0.257755
-0.00925888
-0.0762617
-0.109742
0.16862
-0.53799
-0.0436286
0.388598
0.178858
-0.063151
-0.640578
0.248649
0.381064
-0.159735
-0.957975
-0.0893167
-0.126379
0.722922
0.320148
-0.108467
0.254927
0.0911149
-0.0007875
0.0643932
0.391273
0.99117
-0.757443
-0.0253725
-0.0696271
-0.215276
-0.062282
-0.64507
0.307364
0.145598
0.0286568
0.21805
0.0309904
0.230728
0.157635
0.0327816
-1.07251
1.64276
0.308684
0.364142
1.56538
-0.246151
0.42533
-0.233561
-0.00876106
0.740217
0.0505608
-0.596385
-0.175374
-1.94221
0.0959777
0.337693
0.775207
0.209045
0.45047
0.0265802
0.0723772
0.00298263
-0.121223
0.563255
0.181823
-0.205681
0.236118
0.0600959
-0.277751
0.0549794
-0.17745
-0.135921
0.109465
0.223871
-0.15463
-0.448744
-0.0532489
-0.597397
0.00534442
-0.43694
-0.0082444
0.137974
0.479356
-0.134066
0.646329
-0.357922
-0.327827
0.288549
0.015208
-0.246833
-0.814798
-0.803803
-0.177193
0.216122
0.4095
0.174616
-0.55089
-0.689674
-1.15207
0.165583
-0.34483
0.00330995
0.494347
-0.0829972
0.326674
-0.00908137
-0.132555
0.881843
0.334621
-0.056562
0.0819352
-0.152178
-0.39141
-0.386738
0.502855
-0.349012
-0.171051
0.260547
0.106167
0.1427
0.496487
-0.720279
0.300468
0.141976
0.0230093
0.399978
-0.140432
-0.178895
0.0963147
0.715175
-0.0856035
-0.446105
-1.39402
-0.303399
-0.0301282
1.52718
-0.0480717
-0.569508
0.206493
-0.0639623
0.486053
0.286205
0.123025
-0.0335776
0.263909
-0.0138235
-0.0896
-0.775285
0.145373
0.346021
-0.212318
-0.850265
-0.474079
-0.288893
-0.830247
0.404374
-0.56918
-0.251049
0.640538
-0.204701
-1.00933
-0.380599
-0.0403795
0.418126
-0.113989
-0.243235
-0.207813
-1.42715
0.0888754
-0.175257
0.595137
0.0368188
-0.122567
0.383206
0.119146
0.473507
-0.0498849
0.895023
-0.151926
0.0767634
0.0367514
0.368048
-0.000616622
-0.0463298
0.234204
-0.135906
1.3173
0.43197
0.269259
0.177694
0.163103
-0.191668
0.71184
-0.146178
0.0636507
-0.481088
0.0212769
-0.408781
-0.15776
0.401262
0.237767
-0.0804593
0.29914
-0.0636992
0.178709
-0.492117
-0.0613761
0.220162
-0.111635
0.205376
0.35747
-0.819284
-0.435749
-0.830472
-0.705184
-0.228121
-0.00642545
-0.673862
-0.202072
-1.05699
-0.295868
-0.065433
0.200472
0.354672
0.0182904
-0.469804
0.310658
-0.0809635
-0.135524
-0.24912
-0.0865001
-0.582569
2.40924
0.35557
-0.104214
0.240446
0.0319634
0.597415
0.102952
-0.171062
0.395635
0.0364476
1.48522
0.329018
0.24341
-0.0220128
0.462786
-0.0873464
0.0435235
-0.640909
-0.340003
0.0109362
-0.156695
-0.402599
0.235126
-0.317752
0.0354075
-0.575897
-0.195188
0.0841186
0.906201
-0.510749
0.213566
0.200332
0.179846
0.254178
-0.0945222
0.600545
-0.358376
-0.492548
-0.0920069
0.0247533
-0.0845331
0.190277
-0.0380287
0.416593
0.533737
0.285511
0.0368949
0.325934
0.327453
0.0845411
-0.183404
0.17198
-0.163149
0.0570926
-0.183599
0.104672
-0.16808
0.0231031
-0.113866
-0.104268
0.128119
0.0246999
-0.115726
-0.193223
0.0111041
0.0682237
-0.156079
-0.0685226
-0.156845
-0.0763311
-0.0496129
-0.048363
-0.0107757
0.0357473
-0.0172453
0.127606
0.0530418
0.162334
0.0869917
0.127751
0.184639
888888
0.0596043
0.0131322
0.0812749
0.0260398
0.0374892
0.0419889
0.0394899
0.136421
0.0172887
0.148843
0.0536455
0.0261361
0.13272
0.0205453
0.00848824
0.0382936
0.0717802
0.0080768
0.0576691
0.221814
0.0242213
0.137288
0.10118
0.0318018
0.0447821
0.0217144
0.0396948
0.188954
0.0193302
0.0912789
0.0917574
0.0281719
0.0529611
0.0730883
0.0624603
0.0646741
0.104281
0.0130462
0.0808656
0.0368309
0.0915187
0.037276
0.181738
0.0265097
0.0227999
0.0913686
0.0167541
0.0668943
0.0186016
0.0107955
0.0294267
0.0577161
0.0821246
0.0399031
0.0925127
0.0599852
0.0223937
0.018372
0.0225729
0.0390559
0.109354
0.420766
0.0606334
0.0521888
0.0472303
0.0396012
0.0204546
0.0135107
0.040127
0.15131
0.0534629
0.079389
0.0522855
0.0358123
0.0590544
0.0112946
0.0343257
0.124199
0.0200435
0.0532277
0.100835
0.057832
0.137918
0.0773595
0.0191824
0.0644431
0.0626674
0.0329296
0.059451
0.0830385
0.0219548
0.0358586
0.0717587
0.0248967
0.02159
0.00924949
0.0692955
0.0820328
0.0318078
0.0333629
0.0696182
0.0535131
0.0810556
0.0582167
0.0705558
0.0691233
0.0564334
0.100039
0.0950033
0.0512538
0.133071
0.246712
0.0178685
0.0266716
0.0435928
0.065944
0.0278892
0.0426076
0.0396364
0.108641
0.060604
0.0696033
0.0181358
0.0338033
0.0384288
0.171823
0.0852256
0.0759076
0.0401587
0.0667162
0.351485
0.0532365
0.284143
0.0524088
0.021276
0.0406886
0.0692429
0.0188872
0.118803
0.0603103
0.0303135
0.0142418
0.015249
0.0395817
0.0978092
0.0913795
0.026742
0.0315149
0.0184253
0.0439714
0.0427857
0.0920421
0.00820476
0.0438304
0.139459
0.163193
0.299455
0.0365728
0.0534555
0.0823317
0.013799
0.0716307
0.0303297
0.119725
0.133918
0.00688525
0.0871678
0.0258348
0.141993
0.0515644
0.085211
0.0494208
0.316202
0.0400251
0.20394
0.00814511
0.0298237
0.0282844
0.0602062
0.0883059
0.0114636
0.0826308
0.0196075
0.0709949
0.0322405
0.0224594
0.0160564
0.0196777
0.0168061
0.0494245
0.0511193
0.0832227
0.0513492
0.159534
0.0427272
0.0238027
0.114743
0.0662334
0.0323724
0.0292293
0.0731538
0.0686394
0.100611
0.0202715
0.137681
0.0535773
0.0849877
0.0826603
0.032095
0.0777808
0.0624171
0.0282088
0.0350415
0.028734
0.0249247
0.132038
0.0171505
0.0569137
0.0473597
0.0270116
0.241842
0.0580732
0.034636
0.403051
0.0457046
0.114424
0.0324525
0.0306677
0.0523412
0.0436247
0.160829
0.0888077
0.432856
0.0965214
0.0206005
0.069944
0.0261505
0.00938301
0.271201
0.177169
0.0494092
0.0387246
0.0891909
0.0931289
0.0134097
0.0327997
0.0414586
0.162868
0.0316563
0.015231
0.0398433
0.110548
0.0699259
0.0263659
0.0522535
0.0447707
0.0646066
0.0435927
0.0228629
0.0863354
0.0530133
0.0501094
0.0739223
0.0393345
0.0380755
0.117256
0.0245333
0.115192
0.0566411
0.130338
0.0412608
0.0932106
0.0385056
0.1366
0.099485
0.0407479
0.0838778
0.0615532
0.0593366
0.134955
0.0189181
0.0608027
0.0395636
0.041285
0.0884992
0.056714
0.0543976
0.0424986
0.0079238
0.0203028
0.045726
0.0602679
0.0345318
0.0434292
0.0589992
0.0603604
0.0561128
0.219645
0.0368476
0.0122698
0.21764
0.0492112
0.0143145
0.153044
0.0465551
0.198586
0.00750795
0.0369914
0.0702827
0.0909462
0.0182633
0.120731
0.0397654
0.0275519
0.0936074
0.0350377
0.0104853
0.0738062
0.297737
0.0487917
0.141327
0.0888285
0.0671038
0.0902959
0.0314151
0.0542722
0.025215
0.117581
0.0565001
0.114209
0.215914
0.0549545
0.0148277
0.0503403
0.0174918
0.195983
0.0399864
0.0120913
0.138359
0.061316
0.0798487
0.0526719
0.0553636
0.0286236
0.268181
0.0784942
0.0421717
0.0425094
0.0556058
0.0943196
0.0705312
0.0463732
0.0751519
0.0211724
0.0212167
0.0371968
0.0222711
0.0950931
0.0354825
0.11394
0.0865842
0.0734679
0.059482
0.0770635
0.0825484
0.0397961
0.0760275
0.0205321
0.0633109
0.0900109
0.0422128
0.107539
0.0115776
0.0200049
0.0206904
0.0343024
0.0987699
0.0149617
0.028238
0.0466783
0.0442762
0.044153
0.0764027
0.109446
0.0394716
0.0240531
0.0715346
0.040745
0.087076
0.0646095
0.0533601
0.100301
0.0465792
0.183479
0.0138114
0.0417716
0.0749103
0.0703083
0.0539755
0.0840159
0.0285913
0.0327721
0.175713
0.063623
0.0193526
0.082224
0.0134182
0.0565663
0.335064
0.0268265
0.047692
0.0259949
0.0877396
0.114737
0.058674
0.02042
0.032502
0.0362238
0.106102
0.227591
0.0721379
0.0231222
0.0288589
0.0727081
0.0241409
0.0408013
0.0343218
0.0471879
0.0944265
0.0470368
0.0426129
0.0518242
0.033801
0.0517883
0.0194432
0.108866
0.0837808
0.0489826
0.0260094
0.0488276
0.0343308
0.0146557
0.0222891
0.0373491
0.126518
0.0187808
0.0486998
0.0216734
0.0873506
0.0631774
0.0286364
0.0662506
0.011109
0.0577138
0.0313398
0.0714105
0.0292796
0.0326039
0.0544431
0.0229976
0.0256055
0.0524346
0.0274505
0.0990129
0.180152
0.0153519
0.0263194
0.0232518
0.0558502
0.0426435
0.0563185
0.0114273
0.0607587
0.0303399
0.0454155
0.0477134
0.0776905
0.0426191
0.177831
0.0425934
0.0407953
0.0775838
0.0275128
0.0562372
0.0856738
0.0592798
0.0798977
0.222698
0.231896
0.0564724
0.0262301
0.0324023
0.0460865
0.123652
0.0435144
0.065856
0.0478529
0.0194492
0.0827946
0.0239455
0.0275392
0.0497192
0.0531448
0.0877523
0.0279402
0.0229869
0.16659
0.0457396
0.104993
0.0307718
0.0993246
0.0360629
0.0463157
0.214513
0.0758679
0.122806
0.0836481
0.0199995
0.103237
0.0341799
0.0502373
0.0514171
0.196942
0.0480866
0.0981898
0.0468697
0.134528
0.157425
0.0681593
0.0185612
0.124138
0.0434887
0.0444234
0.050382
0.0956431
0.0540643
0.119048
0.0582858
0.0567477
0.0366284
0.0391828
0.184879
0.0240589
0.0726508
0.0441808
0.0526727
0.0156115
0.0195527
0.0419685
0.129383
0.0565098
0.0568585
0.0929555
0.0670926
0.0437539
0.0571496
0.0989756
0.0143743
0.0803404
0.222266
0.172082
0.0892235
0.061679
0.0300499
0.174738
0.0453183
0.0497094
0.0326565
0.0961751
0.112737
0.158287
0.0390021
0.179753
0.0409351
0.0159745
0.0432454
0.047098
0.0175721
0.105719
0.133148
0.0324819
0.0257483
0.0158722
0.104097
0.0852391
0.0736169
0.251402
0.0538754
0.0704891
0.0151843
0.0748956
0.0317087
0.0812431
0.0275939
0.243591
0.131408
0.0304712
0.112294
0.0265929
0.166206
0.0180858
0.0123566
0.0483896
0.111724
0.17376
0.0556397
0.0488368
0.0230732
0.0277181
0.0107454
0.0243259
0.0622089
0.14486
0.155
0.0730613
0.0537652
0.0549148
0.125451
0.075618
0.0324824
0.0198521
0.0230642
0.0434643
0.135695
0.0745588
0.0320876
0.0595381
0.0293265
0.0472905
0.107117
0.0225043
0.0140223
0.0311781
0.194057
0.0204825
0.0582573
0.0114604
0.077005
0.0179321
0.156335
0.032149
0.0409264
0.0955558
0.0630963
0.035182
0.0258369
0.149924
0.0363085
0.0491327
0.0950138
0.0350999
0.0902301
0.0203187
0.0198119
0.149845
0.0601954
0.112245
0.044833
0.0185124
0.0322135
0.0291842
0.0358702
0.0154168
0.146095
0.0295035
0.0274149
0.0672668
0.245633
0.0662964
0.0288649
0.0280981
0.0116726
0.0639998
0.0143598
0.244437
0.237284
0.0635928
0.0186052
0.211293
0.0819795
0.0666897
0.030732
0.0527412
0.0811226
0.0738576
0.037426
0.0237534
0.0846211
0.0819474
0.091089
0.0528374
0.0597627
0.0696649
0.0393811
0.0173169
0.0396091
0.0549387
0.0446915
0.113396
0.0668335
0.0244879
0.0694317
0.0122143
0.0829065
0.0585414
0.0412974
0.0588658
0.0252215
0.0316674
0.0400192
0.0276756
0.0818062
0.0999289
0.0345653
0.0564963
0.0452053
0.105754
0.0291943
0.0828449
0.154849
0.0247911
0.083015
0.259697
0.00930882
0.14771
0.0295231
0.0875083
0.0252192
0.0197819
0.1989
0.0355287
0.0575159
0.217879
0.0123238
0.0394582
0.0580381
0.0503858
0.0462347
0.045216
0.140247
0.0701798
0.0257517
0.0948507
0.0144468
0.0269728
0.0442676
0.0495476
0.0380352
0.0771481
0.104146
0.049366
0.0316151
0.216972
0.030072
0.0827813
0.0199469
0.065077
0.058774
0.0373625
0.0358253
0.0406892
0.102197
0.0329829
0.00968256
0.02629
0.0209956
0.0506331
0.0286569
0.220725
0.0369674
0.0961686
0.106148
0.099257
0.0450804
0.068355
0.13139
0.0599181
0.0398431
0.205791
0.0514246
0.0283118
0.132131
0.0342735
0.0276036
0.0230422
0.119664
0.0196354
0.0395291
0.0388528
0.0348216
0.158109
0.0182488
0.0115938
0.141077
0.0673084
0.237014
0.0394095
0.160003
0.0415493
0.0171467
0.0793508
0.0637774
0.105018
0.0284635
0.0658921
0.120948
0.0278744
0.0342835
0.0146621
0.0420306
0.145369
0.0431946
0.0343947
0.0698272
0.172301
0.0373935
0.0264623
0.0780155
0.157018
0.025283
0.0424876
0.0631311
0.102427
0.0392865
0.127224
0.055106
0.0219269
0.01971
0.0547495
0.00892735
0.0588608
0.105965
0.0302994
0.0774295
0.0184192
0.0162204
0.141037
0.041241
0.0537157
0.0209515
0.120439
0.0661183
0.0353506
0.197273
0.0345584
0.0302688
0.056381
0.0325996
0.0463362
0.0357449
0.0769737
0.0204628
0.0339218
0.0657726
0.035749
0.0251029
0.0800404
0.0692777
0.0356233
0.0356788
0.0367175
0.333653
0.0225752
0.0796756
0.0248505
0.0381415
0.0940085
0.0711333
0.0620925
0.0678555
0.160275
0.0527497
0.10924
0.0586271
0.0509865
0.0219643
0.0180153
0.0209573
0.0186357
0.0903613
0.0836054
0.0883824
0.0978051
0.0182402
0.0146169
0.00634501
0.0296609
0.0442359
0.106183
0.0540888
0.0699061
0.073961
0.0389061
0.0162056
0.0569772
0.0541489
0.155758
0.0257963
0.0873809
0.0696836
0.0696401
0.109672
0.0230133
0.0585924
0.0470808
0.0207712
0.0363232
0.0207523
0.0760272
0.110583
0.0167688
0.0183981
0.0109618
0.0935215
0.114931
0.0262204
0.171073
0.0266741
0.053052
0.0383391
0.0143667
0.0637188
0.0523842
0.0614548
0.149482
0.0264355
0.0673624
0.0388252
0.0116577
0.0304445
0.158698
0.0249837
0.018182
0.0194956
0.0367777
0.0912189
0.0876359
0.0807394
0.0703815
0.0680482
0.0407794
0.0473622
0.0141992
0.046131
0.0784918
0.280723
0.029087
0.0415939
0.141097
0.109403
0.0977653
0.126448
0.0312637
0.074594
0.0559924
0.0209788
0.149384
0.0144036
0.104692
0.0332541
0.096774
0.00508483
0.117391
0.0744436
0.0982347
0.0766274
0.0270465
0.0310301
0.0464134
0.0901518
0.0655257
0.0315027
0.0442359
0.025509
0.0442863
0.0963135
0.0839051
0.0336628
0.113604
0.0544335
0.050329
0.0265726
0.0310967
0.0163271
0.0135138
0.0628744
0.0767129
0.252107
0.0161619
0.0105128
0.0153146
0.0150327
0.0337018
0.0262446
0.108866
0.189246
0.102271
0.0353771
0.0939382
0.0266023
0.0247991
0.0636744
0.0802156
0.0794206
0.0524074
0.0946713
0.156948
0.0479434
0.0604413
0.0405187
0.122458
0.0159172
0.0406225
0.312314
0.065644
0.0584774
0.0563305
0.0438215
0.101024
0.0321091
0.271601
0.012505
0.0272922
0.0558344
0.0110714
0.0718568
0.00532165
0.0323317
0.0587079
0.0308436
0.0264134
0.371761
0.0641411
0.0754256
0.0881052
0.0444842
0.0439274
0.0720599
0.147961
0.0328502
0.0757386
0.0336276
0.0223934
0.0554247
0.103762
0.0622495
0.0362871
0.0338058
0.116271
0.0349069
0.0576816
0.0183697
0.0630159
0.0187796
0.0216925
0.113731
0.0658473
0.0576635
0.0843907
0.0760311
0.0402711
0.158428
0.076705
0.0710113
0.0318903
0.214926
0.199046
0.0327581
0.103372
0.160336
0.0889327
0.0241434
0.109292
0.0791763
0.0247707
0.0193447
0.0320738
0.135399
0.0468883
0.0498189
0.0468834
0.0467471
0.0579972
0.0379176
0.160015
0.0455913
0.080978
0.073653
0.0484946
0.0531168
0.0265801
0.0217659
0.050216
0.0258255
0.0409086
0.0483357
0.029841
0.0220766
0.0250908
0.0809445
0.023396
0.0604465
0.0311824
0.0202306
0.0145466
0.0392084
0.0527704
0.144081
0.102709
0.039213
0.0267047
0.037124
0.0472373
0.031964
0.0552661
0.145599
0.098459
0.0355923
0.0281752
0.043901
0.0426645
0.0361792
0.044385
0.136697
0.0696544
0.0398649
0.0539976
0.0345135
0.0593448
0.023222
0.0520685
0.116866
0.0100324
0.12086
0.0315998
0.154512
0.0315409
0.0742364
0.0442715
0.179958
0.0651468
0.0547637
0.136242
0.0910766
0.0313998
0.0545382
0.0471899
0.0245089
0.0245377
0.0362933
0.12403
0.0675984
0.0659624
0.0578772
0.0255372
0.0423423
0.0577336
0.0321438
0.159728
0.0243479
0.0411138
0.0368433
0.0347059
0.0378084
0.0345317
0.0164388
0.0262504
0.018723
0.100264
0.0159596
0.0383599
0.0229222
0.064478
0.0494763
0.399882
0.0126623
0.0303571
0.0384393
0.0323987
0.0639792
0.0929841
0.0220884
0.0861826
0.0221934
0.0577533
0.0857411
0.0682287
0.0203003
0.112561
0.0383247
0.0300544
0.0111905
0.0517716
0.0424057
0.103984
0.0292481
0.0734478
0.0132663
0.032113
0.094955
0.0608883
0.0652665
0.0703687
0.0285296
0.136081
0.162187
0.0776387
0.0290313
0.0288284
0.00875879
0.112133
0.0302266
0.0373062
0.146187
0.0933674
0.0415562
0.0921488
0.26734
0.0951127
0.0415985
0.0620162
0.111631
0.0741502
0.0513607
0.0233416
0.064527
0.0283012
0.112342
0.0515981
0.121184
0.0249596
0.0771078
0.0152983
0.0514568
0.0500986
0.0417456
0.0752214
0.0656124
0.0348549
0.0348978
0.0721427
0.0139149
0.111401
0.104606
0.0189487
0.0264637
0.0402352
0.0756565
0.0284824
0.0199915
0.0413194
0.0897747
0.0633255
0.142156
0.0668013
0.114165
0.0189949
0.0229874
0.0970093
0.0336637
0.0465176
0.11085
0.00595351
0.0418517
0.0470244
0.0269242
0.0449904
0.0165078
0.0634647
0.0787709
0.0517592
0.0873516
0.0231255
0.040222
0.0440023
0.144327
0.0394844
0.0917304
0.0539747
0.0160479
0.0309121
0.0550446
0.0319988
0.0609793
0.0565164
0.310961
0.116114
0.0111452
0.0757254
0.0761468
0.0515849
0.0159645
0.0550788
0.0160823
0.034411
0.0457481
0.0636025
0.0335912
0.0197209
0.0244222
0.079183
0.0327002
0.0539087
0.0684999
0.0323055
0.0146807
0.146975
0.0732469
0.136285
0.0459537
0.0172812
0.0236309
0.0582096
0.0446991
0.125513
0.0700787
0.0621741
0.0421512
0.091528
0.0679258
0.0160704
0.00729663
0.0738446
0.0339886
0.0378039
0.0214392
0.142204
0.0751395
0.143614
0.0732419
0.119995
0.0380474
0.0398532
0.0253559
0.0150971
0.0301529
0.0837851
0.0490445
0.126913
0.031869
0.098261
0.0531122
0.0986628
0.019315
0.0446408
0.0654352
0.0441839
0.0230332
0.0143577
0.023893
0.0252171
0.0282048
0.0752328
0.0367892
0.122118
0.0759135
0.0459669
0.0280558
0.0432207
0.0102731
0.0261467
0.0420292
0.171309
0.120287
0.0641334
0.0854444
0.0481562
0.037228
0.0549241
0.0204003
0.0291738
0.0403103
0.0551282
0.0401143
0.124891
0.0796866
0.0399787
0.230697
0.185433
0.0274243
0.0866745
0.105568
0.0706804
0.181511
0.0208511
0.0867234
0.00880007
0.0346507
0.0249049
0.420297
0.0784167
0.119151
0.0754139
0.134546
0.164072
0.0270395
0.0252431
0.0766476
0.0804816
0.0251809
0.108073
0.0290798
0.0647103
0.111571
0.0226758
0.03122
0.0550094
0.101443
0.0506955
0.0124966
0.0531627
0.0435165
0.0927867
0.0552442
0.027723
0.0230629
0.159852
0.143133
0.0238824
0.0861063
0.0212201
0.0623231
0.0400883
0.150629
0.0440965
0.080632
0.123926
0.0104754
0.0138235
0.0284074
0.0514085
0.0416979
0.0326876
0.0526706
0.0755609
0.214242
0.0578181
0.0318692
0.0819204
0.0651725
0.0350918
0.0334064
0.0373486
0.0221941
0.0232599
0.127966
0.029557
0.0622333
0.0216188
0.0534975
0.538518
0.0183414
0.114816
0.280188
0.0528098
0.11802
0.0368648
0.0796698
0.107328
0.0243357
0.0259069
0.132093
0.0588749
0.123921
0.0427166
0.317841
0.019891
0.0522993
0.0710718
0.0567122
0.018398
0.0165255
0.0675303
0.0101497
0.0171384
0.0403503
0.0128584
0.0429644
0.0203488
0.0323092
0.0502729
0.0210441
0.0390213
0.123715
0.0629733
0.0390784
0.0258015
0.0748991
0.0648773
0.0348897
0.0624518
0.0162815
0.0735781
0.063704
0.0720003
0.0924359
0.0541825
0.100797
0.0628201
0.0326108
0.0881428
0.108923
0.0713657
0.0968648
0.0631287
0.163604
0.0487811
0.105535
0.035409
0.0370729
0.0988462
0.0365347
0.0441282
0.0739906
0.0368028
0.0989934
0.0632282
0.0534569
0.0395445
0.10512
0.0371937
0.0625328
0.117845
0.0812122
0.0552626
0.0489363
0.0321216
0.149276
0.0368998
0.0425676
0.0619221
0.0853324
0.0453178
0.0417719
0.0604411
0.0404286
0.0659673
0.0333335
0.120562
0.0833953
0.0753664
0.309175
0.0223993
0.0333917
0.199887
0.0165321
0.162776
0.0322904
0.0389639
0.130077
0.0545605
0.0298453
0.029559
0.0326667
0.0417602
0.0384674
0.162224
0.0518409
0.0539987
0.370183
0.0842487
0.120893
0.0550366
0.0343502
0.0361424
0.0626648
0.0572174
0.100498
0.0925857
0.130749
0.0961189
0.016703
0.0498404
0.0509536
0.0461554
0.0371547
0.149256
0.225564
0.0699226
0.0340008
0.0417436
0.0455296
0.0804363
0.0283135
0.0716091
0.00946929
0.0504698
0.0762295
0.0398215
0.0860026
0.0720535
0.0397873
0.034683
0.0343187
0.0509491
0.116571
0.0307583
0.157179
0.0270026
0.021319
0.0301437
0.0453349
0.0113261
0.00857524
0.0972339
0.0956454
0.11505
0.0482911
0.0482807
0.0869764
0.0175546
0.0660192
0.023051
0.0292955
0.0489776
0.0338194
0.0413302
0.0487445
0.0495545
0.0294299
0.0752786
0.0526816
0.0889858
0.0728215
0.0357547
0.0212494
0.102368
0.0554605
0.0788536
0.0213588
0.230816
0.0442589
0.0343805
0.0371561
0.0371815
0.0335637
0.0513978
0.00929175
0.0246147
0.0223388
0.155605
0.277165
0.0228435
0.0266283
0.0499129
0.0107857
0.106793
0.204777
0.0369222
0.0344674
0.0211223
0.186957
0.071445
0.0334249
0.0709671
0.0384968
0.0551225
0.0372634
0.0690247
0.0664875
0.0495928
0.0311772
0.048967
0.0861897
0.0351723
0.0409166
0.097469
0.0252145
0.0983677
0.193249
0.0552097
0.0332375
0.065224
0.0507775
0.0071808
0.0642738
0.156916
0.0721918
0.0961429
0.0567433
0.0344181
0.0454197
0.0367293
0.0334495
0.049018
0.121651
0.144614
0.0186478
0.0577909
0.0830651
0
0
0
0
0
0
0
0
0
0
0
0
0
0
0
0
0
0
0
0
0
0
0
0
0
0
0
0
0
0
0
0
777777