2.87493
999999
-0.500226
-0.364174
0.216241
-0.147989
0.0512733
-0.202489
-0.0883579
0.789123
0.000140611
-0.0577663
0.390157
0.0481234
0.532195
-0.215669
-0.179737
0.306165
0.832458
0.17576
0.529734
-0.338597
0.0190643
0.202995
0.301893
0.41005
0.55731
-0.0788033
-0.0661168
0.18696
0.0208341
0.631596
0.106307
-0.173473
-0.143838
-0.385158
-0.463648
0.38224
0.0849196
0.273213
-0.173638
-0.0546507
0.170788
0.203728
1.00996
0.195377
0.381886
0.445275
-0.198161
-0.129578
0.300103
0.487971
0.023501
-0.230194
0.223539
0.437757
0.175542
0.202173
-0.114136
0.181082
0.23532
0.0700616
0.137769
-0.0614133
-0.0537166
-0.0678045
0.153997
-0.461513
0.265657
0.160488
0.183496
0.274926
-0.0403231
-0.341774
-0.222478
-0.0949107
-0.397184
0.00256011
-0.143843
0.366591
0.153281
-0.188098
-0.0646271
-0.103588
0.427689
0.501851
0.0681935
0.688059
-0.112898
0.0807763
-0.49992
-0.542177
-0.350235
0.205406
0.472157
-0.497309
0.198699
-0.0447885
0.317356
0.682688
-0.634483
-0.100439
-0.140236
-0.26493
-0.429557
0.241105
0.0426682
-0.047152
-0.216092
0.466906
-0.333151
-0.140736
0.245678
0.061435
-0.182733
0.495378
-0.108313
0.261389
0.0981392
-0.409344
0.198304
-0.314704
-0.375815
0.0321079
-0.159924
-0.322858
0.0653455
0.270915
-0.0371535
0.0337145
0.585947
-0.0562206
-0.00149161
-0.445882
0.703475
0.381429
0.0172855
0.249546
-0.0506352
0.279523
-0.0437291
-0.335256
0.532099
-0.0594525
0.191084
0.000401969
0.0106335
0.227614
0.0293747
0.332232
0.221626
0.0734533
0.381726
0.173577
-0.235209
-0.356012
0.59309
0.305468
0.000385724
0.234535
0.19826
0.590072
-0.0234604
0.227965
-0.0296501
0.293182
0.393368
-0.491336
-0.643035
-0.450027
-0.14334
-0.128611
0.486125
-0.0801339
-0.765159
0.15639
-0.327371
0.178417
-0.0776449
-0.316887
-0.758931
-0.63506
0.0422482
0.740337
-0.36819
0.0220774
0.106409
0.225018
0.208906
-0.394481
-0.289705
0.265864
0.0120204
0.566301
0.462631
0.13669
0.298996
0.207185
0.289806
0.0426166
0.0764853
0.302894
-0.589977
-0.0332644
0.353785
-0.324769
-0.337268
-0.0618636
-0.225062
-0.266523
0.0916255
-0.292598
-0.161359
0.200568
-0.532558
-0.328225
0.153053
-0.784089
0.464388
0.150324
0.663019
0.0839304
-1.265
-0.537688
-0.24809
0.232198
0.295089
0.222958
-0.17451
0.202888
0.152578
0.418039
0.47643
0.489365
0.507145
-0.266814
-0.146941
-0.802138
0.0918704
0.149944
0.446705
-0.137094
-0.4534
-0.451013
0.0799744
0.227785
0.0143952
-0.219007
-0.0234651
0.818531
0.678887
0.16286
0.0866327
0.293254
0.0227679
-0.199679
0.357333
0.213505
-0.29696
-0.363574
-0.140829
-0.325098
0.378905
0.0843031
0.389964
0.290779
-0.229665
-0.0362265
0.45648
-0.546731
0.383063
0.0727229
-0.10377
-0.010826
0.295754
0.269331
-0.168191
0.328828
-0.642833
0.296937
-0.305732
1.04736
-0.231501
0.273119
0.0199472
0.172285
-0.507508
-0.119811
-0.208961
-0.558085
-0.0725093
0.317694
0.0120456
0.476864
-0.339427
0.466869
0.790988
0.491916
1.20222
0.335544
0.806481
0.747563
-0.813354
0.457525
-0.159835
0.756301
-0.0894885
-0.55835
-0.156329
0.313345
0.287966
-0.381056
0.395603
0.129034
-0.194267
-0.282899
0.309801
0.23784
0.554689
-0.0586654
1.17011
0.0110595
0.140318
-0.13975
0.232552
-0.187969
-0.335831
0.0319848
-0.432272
-0.075648
0.54518
-0.0920738
-0.432814
0.452033
0.134953
0.193393
-0.32521
0.928712
0.353484
-0.207064
0.777923
0.357536
0.215407
-0.382453
0.309034
0.236566
0.537719
-0.203302
0.0992065
-0.0360856
-0.576588
0.685845
-0.0501315
-0.0390056
-0.16734
0.129796
0.0759498
0.360908
-0.425429
0.529902
-0.985499
-0.120071
-0.514761
-0.230552
-0.212223
0.0148202
0.536128
0.294914
0.790466
-0.0189785
-0.5416
0.158395
-0.000894299
-0.33794
0.0728757
-0.344226
0.264735
-0.269762
0.0302657
-0.364668
0.237917
-0.0109244
0.00331645
0.334247
0.500745
0.186853
0.102869
0.457783
-0.476909
-0.682454
-0.408846
0.196571
-0.0201787
-0.473438
-1.3608
-1.25093
0.15277
-0.371889
0.137238
-0.512155
0.146384
0.14599
0.111142
-0.260068
1.56861
0.352577
-0.50652
0.648526
-0.19758
0.156092
-0.376321
-0.05407
-0.340236
-0.0571821
0.703097
0.616288
-0.486685
-0.425338
0.220589
-0.482143
0.00176332
-0.867932
-0.510289
0.00805549
0.256471
-0.277737
-0.0997747
-0.518238
0.0231267
-0.0633672
-0.0464318
0.100211
-0.119013
0.482714
0.252149
0.0688192
-0.121761
-0.36545
0.575008
0.726554
-0.25762
0.604312
-0.0519677
-0.106476
-0.0958061
-0.471548
0.317594
0.157798
-0.236482
0.234156
0.362391
0.245579
0.305268
-0.17504
0.0792134
0.66103
0.0394886
0.661378
0.134244
-0.228513
-0.425496
-0.109635
0.373094
-0.0501398
-0.152323
0.268913
-0.0648546
-0.0681301
0.506698
0.285337
0.547616
-0.0169351
-0.0373241
-0.177256
-0.207193
-0.181277
-0.673373
0.00623426
0.149352
-0.732776
1.79411
0.202239
0.0654885
0.543014
0.525995
-0.37458
-0.778195
0.140702
0.166642
0.318665
0.650742
0.075922
-0.527635
-0.447875
-0.0816507
-0.304874
0.408903
-0.036476
-0.349614
-0.0379386
-1.19255
-0.372366
-0.208952
-0.700611
0.853354
-0.546232
-0.336738
0.164772
0.865494
0.0989986
-0.187566
0.0276497
-0.160626
0.228515
-0.382781
0.219898
-0.00640182
0.587784
0.0674001
0.414334
0.682006
-0.553727
-0.367158
-0.252352
0.675525
0.12865
0.228578
-0.0933272
1.12141
0.57157
0.0377228
0.0804332
-0.496856
-0.0466153
-0.25974
0.149001
0.194825
0.101486
0.166064
-0.37396
-0.726422
0.584155
-0.0377471
-0.302176
0.220942
0.329566
-0.16398
-0.118287
0.442612
0.131168
0.0676864
0.151537
-0.232541
-0.49854
-0.753119
-0.120548
-0.207257
-0.469348
-0.428972
0.456624
0.221364
0.973507
-0.267854
-0.752337
0.0730467
0.149831
-1.12982
0.272783
-0.242324
0.441772
-0.101527
0.600439
-0.430283
-0.046399
-0.379896
-0.283891
0.333054
-0.227618
0.0198726
-0.641438
-0.278435
-0.0904988
0.218179
-0.326698
0.100751
1.2967
-0.500725
0.156955
0.597257
-0.165394
-0.394058
0.11225
0.359339
-0.064237
-0.272251
0.0424578
-1.21681
1.12427
-0.441657
-0.376164
-0.0341327
0.0538579
-0.208503
-0.194154
-0.0102673
0.786007
-0.0231566
-0.0758867
0.18388
-0.541255
-0.302672
-0.355613
0.462237
0.297855
1.17147
0.0498781
-0.173563
0.328354
-0.0163474
-1.06424
-0.0832322
0.328445
-0.386757
0.287172
0.110227
0.0300463
-0.0555898
0.114749
0.566025
-0.0516076
0.661289
-0.715874
0.125415
0.142433
-0.0399501
-1.45262
0.0749043
-0.589431
0.180423
0.242335
-0.330388
0.588861
0.512039
0.0850161
0.160139
-0.682657
0.0121454
0.128586
0.616882
-0.0301508
-0.015309
-0.795686
0.124205
0.448903
0.224794
-0.105314
-1.20418
0.0977583
-0.152071
0.0292129
-0.55204
0.17209
-0.0414493
-0.346619
0.0526789
-0.887385
0.0521392
-0.07635
0.0581753
-0.0884239
-0.0679077
0.404226
-0.295631
-0.0127358
0.467008
-0.430637
-0.911698
-0.417133
-0.0742247
-0.41329
-0.493124
-0.0354095
0.452669
0.127877
-0.0715617
0.100164
-0.330134
0.318876
-0.471964
0.204505
-0.172178
0.648683
-0.29575
-0.014466
0.0971197
-0.185186
-0.883652
-0.194847
-0.671812
-0.404539
-0.942554
-0.556746
-0.118945
-0.534361
-0.0151819
0.130953
0.226064
0.119018
-0.120868
0.108467
0.186905
-0.251804
-0.165432
0.0130945
0.141199
-0.0807804
0.156848
0.303594
0.372954
-0.203144
0.14165
-0.258167
-0.282846
0.552049
0.0532728
-0.163676
0.25308
-0.249535
-0.0909567
0.583457
-0.27058
0.797827
0.240365
-0.0483302
-0.583685
-0.514156
0.360433
-0.117239
-0.466982
-0.329837
-0.394025
0.235919
-0.136706
0.110237
-0.0901025
0.192103
-0.481636
0.148657
0.213316
-0.236772
-0.366707
0.176528
0.265393
-0.277325
1.44196
0.0218946
0.667161
0.16089
-0.599022
-0.332988
0.36282
-0.294616
-0.667431
-0.0532282
-0.00844754
0.119822
0.0614492
0.137976
-0.191691
-0.0437338
-0.336078
-0.40001
0.751527
-0.35071
-0.502338
0.0351402
-0.165036
0.481894
-0.0766641
0.00707296
-0.381041
0.206631
0.087255
-0.370079
-0.417826
0.561269
-0.168032
-0.339518
-0.00286075
0.588094
-0.555583
0.134199
0.235606
0.0298621
0.288698
-0.149019
-0.555526
1.78703
0.0430291
-0.505331
0.615799
-0.307865
-0.170349
-0.0472999
0.414382
-0.298209
-0.124437
-1.07443
0.419976
0.0302556
0.223711
0.14689
-0.893021
-0.873805
-0.363879
0.0605316
0.134918
-0.545511
-0.0354052
-0.880352
0.505113
-0.0475519
0.17038
-0.121087
0.640315
-0.00990834
0.587853
0.0592332
-0.109368
0.144158
-0.0354852
-0.143147
-0.0751182
-0.0470816
-0.175113
-0.0688905
0.410581
0.18619
0.0320274
-0.165718
-0.382692
-0.0136351
0.160825
-0.216604
0.461015
-1.36282
0.317941
-0.398521
-0.110112
0.0128118
-0.124899
0.191309
-0.496191
0.0693251
0.194142
0.496454
-0.27176
0.353442
-0.255622
0.659136
0.125273
0.148803
0.124372
0.859882
-0.224441
-0.127406
0.242342
-0.137739
-0.0804517
-0.12784
-0.360258
-0.694657
0.347567
0.15103
0.473913
-0.0935437
-0.336185
0.221417
-0.23863
0.156264
-0.0076971
-0.0854622
0.281612
0.390159
-0.00522668
0.181482
-0.21323
-0.30338
0.162142
-0.763886
-0.254364
0.328769
-0.345906
0.886413
-0.265157
0.102078
0.822348
-0.20614
1.22462
0.169359
0.681209
-0.459809
-0.123574
0.285463
-0.0130635
0.385953
-0.335519
0.20609
-0.395242
-0.100832
-0.00350471
-0.791201
0.256703
0.00104077
0.192413
0.122201
-0.144505
-0.411501
0.011345
-0.304884
-0.379235
-0.43017
-0.30045
0.232196
-0.00422401
0.162239
-0.769947
0.273214
-0.809694
0.726273
-0.00716186
-0.0760092
0.322075
-0.132446
0.010051
-0.0264419
0.323015
-0.231495
0.65073
-0.198325
0.164913
0.205471
-0.394655
0.0586232
0.392219
-0.839392
0.125126
0.439324
-0.124435
-0.133042
0.315856
-0.0837373
-0.0725674
-0.880508
-0.361213
-0.174961
-1.02503
0.0606502
-1.61424
-0.0263605
-1.04101
-0.114254
1.27729
0.176958
0.927602
0.104407
-0.946321
0.158842
-0.0133993
-0.0240802
0.0977852
0.0384147
-0.647814
0.0806973
0.175975
0.0545149
-1.09165
-0.231491
0.422063
-0.30851
-0.486339
0.0426645
0.356666
-0.486057
-0.0335903
0.291647
0.0424951
0.696313
0.808728
1.21006
0.31928
0.304095
-0.485647
0.0510952
-0.198482
0.247668
0.407748
0.538106
0.580837
-0.113613
-0.0276081
-0.272846
0.246427
0.0954637
0.47137
0.294098
-0.0759158
0.481697
0.54901
-0.534482
-0.354645
0.469183
0.728329
0.0435832
0.208164
1.05267
0.00998032
-0.0253876
0.401147
-0.798792
0.62059
-0.158112
0.527306
-0.238853
-0.226286
-0.0297469
0.0303
-0.358768
0.0208468
0.180137
0.0866265
0.125671
-0.231293
-0.290917
0.220928
-0.585662
0.442558
-0.346517
-0.173866
0.620338
0.0226443
0.305896
-0.499828
0.0461975
0.108771
-0.795881
-0.166273
-0.0793321
0.346925
-0.267086
-0.406008
0.372628
0.126602
-0.0494108
-0.277882
0.360406
0.204559
-0.513376
-0.245335
0.216039
0.182631
-0.0134427
-0.505308
0.915441
0.0601377
-0.56261
-0.0848632
-0.214449
-0.22077
-0.30226
0.752965
0.356763
-0.456962
-0.127533
0.589737
0.253281
0.0604672
0.102788
-0.590478
1.61876
-0.267925
-0.313535
-0.174669
-0.373822
-0.234647
-0.0718447
-0.0975825
0.338752
0.110175
0.307713
-0.439317
0.0665766
0.0429642
0.335038
-0.164698
0.402916
0.398295
-0.0805028
-0.936267
0.2357
0.204321
0.738682
-0.228857
-0.298007
0.0414767
-0.652791
0.311973
0.0970405
0.187443
0.154002
0.844875
0.136809
-0.23617
-0.0203253
0.11646
-0.0665253
-0.419835
0.294945
-0.749571
-0.620299
-0.103166
-0.408325
0.423156
0.244323
0.0539349
0.236901
-0.769385
-0.404198
0.168845
0.238482
0.0266379
-0.279473
0.685627
-0.754316
-0.0211479
0.467107
0.573926
1.09602
0.129615
-0.343638
0.507674
-0.322706
-0.268336
-0.0752996
-0.0811735
1.20884
-0.272815
-0.696568
0.118229
-0.205871
-0.0390378
-0.496118
0.291125
0.275634
-0.119182
0.0503277
-0.13611
-0.559489
0.252638
-0.179244
0.135418
0.256839
-0.348585
0.0751283
-0.00356413
-0.218269
0.262326
0.0226814
-0.201829
-0.134423
0.544523
0.109083
0.0636419
-0.233985
0.0939616
0.163898
1.53889
-0.142425
-0.395685
0.263524
-0.0623341
0.406667
-0.689716
0.3656
0.0302519
0.395789
-0.134685
0.291767
-0.340896
0.231709
0.0411468
0.00670397
0.0766224
0.22537
-0.106789
-0.0187146
0.14315
0.484625
-0.926223
0.110787
0.226821
-0.335025
-0.451334
-0.111315
-0.139923
-0.0601508
0.0955386
-0.45399
-0.20718
-0.0620233
-0.0556706
-0.313895
-0.573388
0.169203
0.624247
1.23072
-0.619602
-0.625546
-0.285092
0.885861
0.0317127
0.326131
-0.380753
-0.343629
-0.0922496
-0.191198
0.278312
0.218989
-0.00799257
-0.674334
0.0346789
-0.893205
-0.164199
-0.617434
0.161732
0.142443
-0.129851
-0.00929215
-0.440131
0.802337
-0.0090373
0.0456804
0.138932
0.280055
0.409608
-0.0596005
0.598466
0.0173296
0.187326
0.392148
0.0497931
0.291481
-0.155112
0.182171
0.293851
-0.251107
0.230385
0.00938099
0.262021
0.170552
0.413912
0.28055
-0.202221
0.15576
-0.396206
0.44385
0.191218
-0.0296404
0.455514
-0.208907
0.757843
-0.242018
0.76509
-0.0562449
0.028902
-0.229453
-0.800929
-0.939579
-0.557807
-0.921568
0.0229713
-0.351266
0.304198
0.472654
-0.443131
-0.284729
-0.0685773
-1.81584
-0.198939
-0.315007
0.183624
0.0851164
-0.108713
0.0980479
0.373438
0.363804
-0.225134
0.321712
0.46321
0.148789
-0.482436
-0.100779
0.757362
0.147876
0.339374
-0.2126
0.0249351
0.21798
0.128497
-0.274836
-0.116001
0.318072
0.150752
0.0752308
-0.594855
0.59133
-0.489778
-0.167102
-0.270773
0.0741931
-0.255817
0.42194
-0.133352
0.35183
0.625741
-0.0928072
-0.203931
-0.194496
-0.429926
-1.31302
0.503569
-0.317716
0.575506
-0.0145452
0.220712
0.140773
0.240779
0.220289
-0.0320261
-0.411247
-0.0868183
0.00348208
0.433655
-0.58218
0.569974
0.204587
0.198206
0.000151379
-0.134831
-0.451049
-0.225971
-0.0595961
-0.255892
-0.685531
0.171403
0.0870853
-0.174856
0.128642
-0.185465
0.0875416
-0.159668
-0.136008
-0.124447
-0.275066
-0.129891
-0.405872
-0.619376
-0.236946
-0.570509
-0.285048
-0.0155743
0.157228
0.297709
-0.260735
-0.162995
-0.418313
0.858829
0.287047
0.205821
0.051832
-2.54349
-0.146194
0.0446147
-0.181187
0.138202
0.427812
-0.111246
0.776526
-0.285522
0.116178
0.0278537
4.09041
0.512768
0.643922
0.222759
0.302777
-0.592241
-0.165546
0.554583
-0.055788
0.273404
0.246892
-0.214947
0.168831
-0.388709
-0.175756
0.115474
0.628031
0.432159
-0.40484
0.392853
0.27317
0.103533
-0.0492572
-0.162567
0.309906
-0.593744
-0.0669407
0.542696
0.0997801
-0.0648237
-0.499738
0.264469
0.369619
-0.135286
-1.10813
-0.0206346
0.00958585
0.485429
0.356118
-0.131846
0.228988
-0.0153548
-0.095583
0.088719
0.378818
0.968722
-0.798341
0.0265318
-0.0735164
-0.120585
-0.0520709
-0.751185
0.222147
0.138789
0.0639398
0.209919
-0.0121399
0.25542
0.200496
0.0428853
-1.136
1.96169
0.293768
0.210264
1.22712
-0.302292
0.702222
-0.213975
0.0516876
0.774593
0.0444692
-0.602558
-0.189425
-1.93882
-0.181867
0.275698
1.25822
0.243108
0.413725
-0.0176168
0.0693679
-0.00751118
-0.102346
0.58251
0.185798
-0.192473
0.168939
0.0589991
-0.31659
0.057229
-0.213217
-0.112825
0.0965273
0.210162
-0.10057
-0.466661
0.0153732
-0.557105
0.0197114
-0.413205
-0.102171
-0.0889503
0.472473
-0.118645
0.570827
-0.334141
-0.0919885
0.169631
0.214411
-0.179213
-0.824663
-0.71862
0.00362125
0.0635381
0.590646
0.139873
-0.44208
-0.655113
-1.07445
0.214335
-0.328546
0.0275723
0.518435
-0.0804362
0.467195
-0.00773591
-0.13618
0.853234
0.392294
-0.00423345
0.149871
-0.140796
-0.38048
0.100139
0.622055
-0.355222
-0.263006
0.275106
0.02581
0.079209
0.549013
-0.653537
0.180841
0.169394
0.0616156
0.403364
-0.113394
-0.283874
0.237459
0.43447
-0.166848
-0.0678357
-0.580775
-0.286425
-0.138824
1.75447
-0.0653969
-0.372153
0.226378
-0.0668156
0.372176
0.263708
0.120324
-0.0719166
0.23055
0.0600317
-0.104678
-0.697139
0.0796962
0.269847
0.527463
-1.03748
-0.0812438
-0.199561
-0.862981
0.33498
-0.582287
-0.365079
0.669261
-0.400294
-0.88266
-0.394575
-0.00698117
0.313544
-0.0618808
-0.289227
-0.346994
-1.10197
0.344823
-0.292434
0.68867
0.0182957
-0.0156764
0.457163
0.135352
0.443985
-0.0457046
0.861613
-0.24354
0.0310946
0.103698
0.216423
-0.14658
0.0197622
0.247538
-0.111707
1.37476
0.371743
0.609979
0.191437
0.199865
-0.214676
0.772526
-0.118314
0.0656098
-0.517025
-0.0120752
-0.100206
-0.259829
0.358075
0.164823
-0.0786617
0.341721
-0.112727
0.210664
-0.439607
-0.0486358
0.271725
-0.0765823
0.111311
0.276154
-0.672519
-0.424529
-0.836327
-0.598655
-0.260338
-0.0141636
-0.634373
-0.238047
-0.923826
-0.352692
0.312899
0.199926
0.336517
0.0499
-0.43487
0.340978
-0.00826508
-0.134306
-0.252736
-0.0618564
-0.635929
2.72264
0.350871
-0.109101
0.155505
0.0191241
0.552002
0.222133
-0.188656
0.378049
0.0321753
1.51253
0.250732
0.249262
-0.0392545
0.512052
-0.159486
0.0411047
-0.812001
-0.191088
0.0419315
-0.17803
-0.537103
0.111756
-0.165134
-0.00748144
-0.680077
-0.202774
0.0261674
0.519887
-0.442363
0.233733
0.244978
0.192486
0.240049
-0.206358
0.317094
-0.377975
-0.643675
-0.0592204
0.0202412
-0.0984656
0.232905
-0.0430106
0.437608
0.728337
0.126571
0.0748715
0.353145
0.259879
0.0845411
-0.183404
0.17198
-0.163149
0.0570926
-0.183599
0.104672
-0.16808
0.0231031
-0.113866
-0.104268
0.128119
0.0246999
-0.115726
-0.193223
0.0111041
0.0682237
-0.156079
-0.0685226
-0.156845
-0.0763311
-0.0496129
-0.048363
-0.0107757
0.0357473
-0.0172453
0.127606
0.0530418
0.162334
0.0869917
0.127751
0.184639
888888
0.0582484
0.0103102
0.0959055
0.0280932
0.0387296
0.0428326
0.033727
0.147197
0.0189223
0.133042
0.0560597
0.0237584
0.140691
0.0194786
0.00711095
0.0359574
0.0776786
0.00717363
0.0598066
0.187124
0.0251172
0.117931
0.129644
0.0248554
0.0422024
0.0229407
0.0533182
0.205541
0.0162548
0.0866651
0.0977043
0.0325577
0.0521758
0.0822491
0.0510211
0.0579873
0.110589
0.0137474
0.0876752
0.0423889
0.0728648
0.0369873
0.255487
0.0273325
0.0242775
0.0919605
0.017864
0.0482107
0.0215452
0.0119263
0.0248884
0.0516362
0.0845578
0.0480731
0.094456
0.042606
0.0266944
0.0176003
0.023812
0.0274837
0.111311
0.317438
0.0763892
0.0486044
0.0440413
0.0460149
0.024173
0.0155712
0.0415925
0.161868
0.0646614
0.081379
0.0522048
0.0425003
0.0560022
0.00970088
0.0359254
0.139512
0.0187394
0.0508355
0.0876852
0.0485119
0.123495
0.0864198
0.0144566
0.0972085
0.0660649
0.0308583
0.0490421
0.0671096
0.0267932
0.0379567
0.0933375
0.022379
0.0247884
0.00880818
0.0644575
0.0646003
0.0356823
0.0378192
0.0662444
0.0685441
0.083828
0.077061
0.0667821
0.0833587
0.0435459
0.0878476
0.0747933
0.0545949
0.181978
0.221165
0.0153377
0.0213238
0.0389448
0.0556692
0.0283153
0.0507984
0.0289239
0.0986561
0.0705683
0.0759432
0.0173756
0.0444042
0.0600529
0.204839
0.089504
0.0784958
0.0570284
0.0596752
0.352814
0.0594176
0.243882
0.045848
0.0144241
0.0435071
0.0720171
0.022248
0.129451
0.05659
0.0314941
0.0144918
0.0166214
0.0439976
0.107105
0.0858497
0.0520414
0.0285865
0.0265717
0.0534392
0.0335415
0.0959579
0.0075117
0.0358688
0.193814
0.149096
0.36088
0.0340671
0.0629429
0.0626141
0.0115596
0.0667723
0.0433056
0.0861769
0.125862
0.00873461
0.0862883
0.0252936
0.143538
0.100631
0.101002
0.0472136
0.341219
0.0509501
0.223792
0.00785736
0.0248724
0.0267498
0.0657526
0.0684569
0.0149482
0.0847226
0.0124925
0.0800128
0.0295195
0.0277538
0.0174593
0.0266122
0.0180514
0.0517205
0.0583832
0.0815916
0.0451817
0.155657
0.0599672
0.0249741
0.093668
0.0681755
0.0338655
0.0268934
0.0558748
0.0700798
0.0971005
0.0201836
0.13545
0.055202
0.0810268
0.0888035
0.0284617
0.08025
0.0660278
0.022894
0.0371261
0.0197086
0.0303561
0.120947
0.0170882
0.0464316
0.0471982
0.0326601
0.247394
0.0642371
0.0212703
0.444082
0.0529737
0.119091
0.033241
0.0329053
0.0494546
0.0434322
0.176474
0.0926328
0.287277
0.113164
0.0252808
0.0576941
0.0254804
0.010153
0.223761
0.234363
0.0484471
0.0282685
0.0846344
0.106945
0.0173027
0.0402805
0.0392305
0.169619
0.0288986
0.0113315
0.04265
0.10352
0.0891798
0.0290243
0.0440655
0.0634186
0.058928
0.0510372
0.0257131
0.0796434
0.0421015
0.0502925
0.0756466
0.0464937
0.0329824
0.122049
0.0246542
0.117192
0.0540817
0.0927153
0.0403107
0.119713
0.0315058
0.152323
0.112733
0.0342568
0.0699652
0.0638321
0.0619852
0.13199
0.0159568
0.0691252
0.044961
0.0482178
0.107949
0.0532687
0.059276
0.0452162
0.00750997
0.0211972
0.0547843
0.0528259
0.0318797
0.0433085
0.0588671
0.0573437
0.0560551
0.191822
0.0459049
0.0111909
0.212533
0.0539143
0.0164113
0.156603
0.0356382
0.194583
0.00809914
0.0362056
0.0622667
0.107287
0.0199305
0.128709
0.0441624
0.0284008
0.0819962
0.0374894
0.0102988
0.0607877
0.247661
0.0500259
0.129871
0.128287
0.0545644
0.102144
0.0373969
0.0479308
0.0278435
0.112096
0.0505386
0.0891738
0.270319
0.0441524
0.0164479
0.0362923
0.0183437
0.167481
0.0341512
0.0136462
0.129999
0.0549727
0.0831476
0.0490995
0.0657186
0.0415128
0.254728
0.0742865
0.0355109
0.0399329
0.0488245
0.081269
0.0632427
0.0503206
0.0613023
0.021236
0.0224005
0.0465665
0.0237562
0.106672
0.0437717
0.0913275
0.102767
0.0637979
0.065218
0.0763629
0.0835737
0.0414087
0.0661255
0.0171212
0.055337
0.0863332
0.0395366
0.12547
0.0109523
0.0135597
0.0292784
0.0316835
0.0833473
0.0159202
0.0272078
0.046838
0.0461563
0.0467941
0.0834504
0.108575
0.0435844
0.027296
0.0736759
0.0433658
0.0885828
0.0586012
0.0448892
0.11304
0.0424841
0.210216
0.0151159
0.046865
0.0579065
0.0813713
0.0458234
0.0924055
0.0366407
0.0377775
0.152222
0.0553878
0.0202885
0.0656456
0.0125189
0.0587841
0.235051
0.0344676
0.051836
0.0290765
0.0998483
0.0956599
0.0615495
0.0167729
0.0313878
0.0341226
0.101202
0.166863
0.0780399
0.0283124
0.0334783
0.0792061
0.0385257
0.0307105
0.0316272
0.0348549
0.0739182
0.0628014
0.0376912
0.0511666
0.0319112
0.051953
0.0251431
0.130469
0.0796246
0.047677
0.0217117
0.0469284
0.0290163
0.0179978
0.0204539
0.0340483
0.16483
0.0167369
0.0462578
0.0189911
0.0745011
0.068443
0.0242659
0.0695138
0.0107451
0.0766472
0.0327882
0.0914106
0.0277914
0.033587
0.0508234
0.0242745
0.0278409
0.0462871
0.0168742
0.0912334
0.161878
0.0150746
0.0277109
0.0203205
0.0634687
0.0402524
0.0550704
0.0130022
0.0672541
0.0274377
0.0514161
0.0548236
0.0571402
0.036677
0.219632
0.0437697
0.0351641
0.0537485
0.022055
0.0827696
0.115244
0.0597445
0.0687456
0.224627
0.235909
0.0583915
0.0218144
0.0274512
0.0370626
0.0758209
0.0487325
0.0718063
0.0430975
0.021161
0.0884775
0.0269847
0.03286
0.0440902
0.0602504
0.105274
0.0277334
0.0203612
0.137492
0.0396538
0.0936571
0.0365399
0.0873094
0.0350677
0.0413074
0.150606
0.0801188
0.122287
0.0742772
0.0226494
0.109201
0.0325232
0.0438604
0.044995
0.185526
0.0450292
0.106379
0.0425729
0.126592
0.17499
0.0652541
0.0240208
0.123545
0.0508811
0.044639
0.0359751
0.0988386
0.0518586
0.12154
0.0508184
0.0697425
0.0355713
0.0416251
0.165602
0.026397
0.0609627
0.0426282
0.0443573
0.0216499
0.0163629
0.0393341
0.131486
0.0502162
0.0665709
0.0810639
0.0798532
0.0663299
0.0741237
0.0902101
0.0124283
0.0847732
0.175015
0.180142
0.0839359
0.0755798
0.028735
0.145811
0.0389503
0.0349904
0.0330182
0.0910276
0.0947379
0.186407
0.0472273
0.178453
0.042382
0.0174959
0.0528861
0.0472756
0.0209653
0.130253
0.134034
0.0269133
0.0243353
0.0137552
0.10703
0.0728024
0.0817938
0.282476
0.0544442
0.0634678
0.0172752
0.0765593
0.0249325
0.0864157
0.0271353
0.262996
0.165184
0.0329745
0.106533
0.0289283
0.167755
0.014553
0.0101222
0.0563064
0.126241
0.204315
0.0567497
0.0493062
0.0276993
0.0329487
0.0106531
0.0263262
0.0609671
0.156693
0.128324
0.0696965
0.0361265
0.0737153
0.130094
0.0837591
0.032331
0.0181304
0.0242217
0.0405455
0.171147
0.0876069
0.0407817
0.0674434
0.0317339
0.0412587
0.103321
0.0307923
0.0148696
0.0346375
0.158656
0.0192799
0.0627892
0.0103392
0.0682385
0.0153022
0.177257
0.0350008
0.0413641
0.0827668
0.0436797
0.0319187
0.0272235
0.137167
0.0274238
0.055607
0.0972466
0.0396022
0.0762053
0.0196668
0.0245955
0.167528
0.0587935
0.109495
0.0447828
0.0179238
0.0401321
0.0228423
0.043153
0.01775
0.15518
0.0298115
0.0311362
0.0539595
0.308344
0.0527421
0.0255463
0.0262124
0.0113368
0.056857
0.0153498
0.21312
0.298049
0.0572445
0.0224006
0.162281
0.0675764
0.0803557
0.0352051
0.0367505
0.0987078
0.0897851
0.0354945
0.0252034
0.0824519
0.0724914
0.08927
0.048749
0.0594226
0.0706328
0.0647849
0.0222291
0.0375079
0.0653487
0.0507032
0.127206
0.0584371
0.0275984
0.0512761
0.0100209
0.0624124
0.0470476
0.0436788
0.0566367
0.0287608
0.0225195
0.0371351
0.0216106
0.0774929
0.0790731
0.0338522
0.04078
0.0400733
0.111565
0.0261188
0.0960115
0.138363
0.0185157
0.0926777
0.245764
0.0077818
0.122415
0.033482
0.0751339
0.02657
0.0185048
0.209057
0.0396288
0.0472596
0.210531
0.0148329
0.0371924
0.046526
0.0580909
0.049352
0.0524069
0.110855
0.0777829
0.0266976
0.0827607
0.0116266
0.025513
0.0402157
0.0525978
0.0452251
0.0801933
0.113351
0.0528
0.0269878
0.176102
0.0378167
0.0706131
0.0217889
0.0783479
0.0529967
0.0454734
0.0329797
0.0394928
0.121275
0.0315056
0.0110829
0.0392138
0.0210078
0.0552252
0.0251292
0.285996
0.0371871
0.114923
0.0695736
0.108568
0.0549868
0.0574343
0.158097
0.0575509
0.0398197
0.22825
0.0457794
0.0268668
0.122007
0.034544
0.03363
0.019166
0.134035
0.0238181
0.0337064
0.0360219
0.0377755
0.202648
0.0244599
0.0116599
0.099984
0.064702
0.253883
0.0359556
0.170903
0.0420207
0.018342
0.0710123
0.074263
0.120385
0.0264053
0.0518895
0.16406
0.0340277
0.0315955
0.0178277
0.0582324
0.185101
0.0445153
0.0420274
0.081754
0.181962
0.0356277
0.027383
0.0763845
0.160124
0.0274709
0.0417786
0.0535369
0.0928869
0.0358101
0.125061
0.0563148
0.0258779
0.021394
0.0504056
0.00966651
0.04643
0.0978146
0.0379186
0.0663547
0.0208812
0.0166581
0.161326
0.0297873
0.063015
0.0148143
0.129861
0.0579235
0.0362103
0.165921
0.0305249
0.0235884
0.050402
0.0379324
0.0410266
0.0325346
0.0798572
0.0193166
0.0300461
0.0585196
0.0375945
0.02997
0.0621153
0.0586146
0.0403541
0.0358685
0.0255577
0.239828
0.0212069
0.0709752
0.0268039
0.0429287
0.0629598
0.0540582
0.053081
0.0525086
0.152324
0.0724699
0.105201
0.0643565
0.0438206
0.028655
0.0169774
0.0179852
0.0147778
0.0753884
0.0849215
0.100353
0.101635
0.015184
0.0159659
0.00542614
0.0332332
0.039792
0.113038
0.0519187
0.0685257
0.0786234
0.0459189
0.017238
0.0576118
0.0551307
0.162764
0.0285309
0.0819362
0.0833926
0.068598
0.101737
0.0217652
0.0618103
0.0530677
0.0233569
0.0383765
0.0246379
0.0705693
0.101704
0.0160623
0.0239621
0.0119094
0.107454
0.103914
0.0253086
0.182998
0.0260319
0.0569801
0.0309647
0.017398
0.0633916
0.0580564
0.0648839
0.117115
0.0294864
0.0626504
0.0362914
0.00993677
0.0266265
0.206149
0.0312276
0.0166125
0.0193859
0.039433
0.0738084
0.101054
0.0728796
0.0576254
0.0653952
0.0442376
0.0347367
0.0115039
0.043019
0.0846593
0.227605
0.0246375
0.0411929
0.125509
0.100977
0.0669359
0.0828179
0.0340216
0.079227
0.0570075
0.0265802
0.164247
0.0153827
0.105179
0.0398448
0.125722
0.00358037
0.11543
0.0520217
0.100053
0.106674
0.030275
0.0295722
0.0563484
0.0883259
0.0551663
0.0337883
0.0464034
0.0276219
0.0479455
0.111958
0.0712462
0.0297894
0.114827
0.0342478
0.062586
0.0220731
0.0322777
0.0148467
0.00938344
0.0653973
0.0680618
0.22853
0.0175543
0.00922737
0.0110414
0.0136782
0.0322066
0.0197071
0.0933389
0.150315
0.126037
0.0341328
0.0972909
0.0443177
0.0246588
0.0623968
0.0731051
0.0590769
0.0666229
0.0929146
0.151058
0.0516636
0.0558712
0.0401953
0.149945
0.0162227
0.045928
0.298013
0.0633342
0.0612615
0.0686689
0.0505805
0.0952713
0.0359916
0.343859
0.0122329
0.0331754
0.0436544
0.00879003
0.0584124
0.0057594
0.0302129
0.0606752
0.0347403
0.0251981
0.311493
0.0572726
0.0897106
0.100198
0.03691
0.0424736
0.0643093
0.142735
0.0434971
0.0671481
0.0532482
0.0236432
0.0560856
0.111023
0.0564115
0.0401651
0.0291933
0.110249
0.0438421
0.0639202
0.0170501
0.0604466
0.021059
0.0197481
0.106027
0.074896
0.0787624
0.0825353
0.0570879
0.042791
0.14883
0.0815597
0.0602067
0.0331547
0.209054
0.140558
0.032885
0.11714
0.171758
0.0657465
0.0218745
0.111574
0.0744363
0.0213274
0.0189892
0.0413824
0.140719
0.0349234
0.0466725
0.0563181
0.0540488
0.0615153
0.0434944
0.146888
0.0410352
0.0922368
0.0627678
0.0402215
0.0676973
0.0228046
0.0268127
0.0483515
0.0297092
0.0356022
0.0492437
0.0342069
0.017893
0.029155
0.0595395
0.0280665
0.0408544
0.0260809
0.020452
0.0230934
0.0481657
0.0515139
0.106059
0.110904
0.0361308
0.0270845
0.0382876
0.044092
0.029298
0.0618929
0.18252
0.0965739
0.0295644
0.0282228
0.0422827
0.042697
0.0486006
0.0509954
0.160117
0.0717849
0.0360056
0.054731
0.0359391
0.0393551
0.0195349
0.0561237
0.116142
0.0117596
0.117237
0.0318088
0.150433
0.0292939
0.0802746
0.0382829
0.204136
0.0528244
0.0474854
0.103947
0.111009
0.0304174
0.0582639
0.0465824
0.0259302
0.0246566
0.0327365
0.115723
0.0620625
0.061389
0.0439582
0.0199791
0.0561865
0.0521701
0.0387669
0.162627
0.0285272
0.0380239
0.0382586
0.028264
0.0355654
0.0291296
0.0144534
0.0255408
0.0217742
0.0969781
0.0150664
0.041495
0.0267382
0.0553153
0.0498591
0.474877
0.0128598
0.0241147
0.042754
0.0390668
0.0635435
0.0874673
0.0201431
0.0755884
0.0171351
0.0601237
0.0918495
0.0784734
0.0187703
0.101362
0.0398831
0.028493
0.0108461
0.0457729
0.0523596
0.0903661
0.0326702
0.075254
0.0146699
0.0359649
0.102014
0.049114
0.0650581
0.0643277
0.0302884
0.136837
0.162194
0.0935367
0.0321533
0.0292068
0.0101749
0.100508
0.0254008
0.0259054
0.128523
0.0696213
0.0380417
0.0868613
0.318163
0.0859179
0.0297986
0.0436279
0.0987727
0.0750142
0.05945
0.0234119
0.0645968
0.0183081
0.157256
0.0420539
0.0983922
0.0238736
0.100196
0.0153278
0.0526731
0.0573576
0.0414201
0.0516654
0.0548564
0.0417485
0.0462617
0.0637221
0.0166028
0.0794474
0.116194
0.0174889
0.0279308
0.0547285
0.0787419
0.0261589
0.0232191
0.048529
0.09424
0.0565672
0.105398
0.0666027
0.107938
0.0211212
0.0209843
0.0746608
0.0327106
0.0533936
0.108618
0.0056196
0.0548346
0.0546709
0.0285441
0.0372119
0.0164038
0.0577053
0.0821222
0.051662
0.103134
0.0185247
0.0464083
0.0415932
0.175286
0.041032
0.0733769
0.0576405
0.0181483
0.0327432
0.0588541
0.0431384
0.0616174
0.0538838
0.241846
0.11911
0.0112187
0.0680043
0.0686311
0.0355374
0.0157333
0.0582652
0.0153591
0.0330973
0.0396924
0.0633631
0.0307408
0.0234064
0.0287044
0.0725345
0.0419504
0.0515838
0.0872129
0.026723
0.0157867
0.112933
0.073031
0.158711
0.0448896
0.0164616
0.0235197
0.0505364
0.0599708
0.150692
0.0718675
0.0544698
0.0391178
0.086492
0.0717186
0.0172705
0.00972491
0.060876
0.0356866
0.037497
0.0220063
0.11716
0.0950888
0.121812
0.0854081
0.147262
0.0295169
0.0341304
0.028529
0.0158361
0.0244757
0.0784022
0.0523799
0.168343
0.0327127
0.0910364
0.05748
0.0986345
0.0196033
0.0494864
0.0658168
0.0359767
0.0246181
0.0152886
0.0244004
0.0300889
0.0287791
0.0620373
0.0397388
0.100702
0.063633
0.0372052
0.0246062
0.0408118
0.0101828
0.0262206
0.0433659
0.160254
0.151083
0.0728744
0.0818449
0.0455669
0.0369718
0.0465689
0.0192041
0.0367927
0.0466964
0.0586338
0.0486872
0.108642
0.0737827
0.0453444
0.316307
0.179996
0.0249011
0.0840463
0.0983184
0.0651751
0.19252
0.0223305
0.0779065
0.00683119
0.0312939
0.025199
0.493289
0.0774053
0.0966132
0.0742875
0.138551
0.160538
0.0276961
0.0264622
0.0528068
0.078568
0.0325623
0.0847072
0.029087
0.0677646
0.107395
0.0232368
0.0282234
0.0615738
0.0890519
0.0452787
0.0118961
0.0578064
0.046218
0.0674507
0.0619675
0.030429
0.0249242
0.133239
0.175338
0.0199258
0.0841967
0.0256593
0.0583485
0.0328869
0.180404
0.050367
0.0631024
0.150063
0.00990972
0.0144112
0.0264451
0.0535523
0.0376064
0.0276834
0.0531197
0.0809804
0.232033
0.0692064
0.0244629
0.0781903
0.0688546
0.0318444
0.0326662
0.0432181
0.0202323
0.0240002
0.102447
0.0332449
0.0605134
0.0272058
0.0525916
0.495982
0.0217034
0.106105
0.271811
0.0759131
0.134391
0.0394199
0.0741308
0.0863597
0.0227561
0.0277742
0.103433
0.0624874
0.127912
0.042713
0.256809
0.0210572
0.0404073
0.0787659
0.055561
0.0178915
0.0144124
0.070626
0.00862285
0.0144116
0.0346949
0.0125436
0.0300603
0.0177456
0.0310051
0.0534176
0.0193303
0.0543206
0.122682
0.0593735
0.0490818
0.021757
0.0733519
0.0565022
0.0337696
0.0595951
0.0142275
0.072882
0.063544
0.0886467
0.12198
0.0634629
0.171314
0.0582803
0.036204
0.0855907
0.127245
0.0542294
0.106249
0.0949119
0.170719
0.0486685
0.0907425
0.041305
0.0361781
0.0832582
0.0424951
0.0341745
0.0671165
0.0307204
0.105019
0.0666036
0.0482645
0.043408
0.108235
0.0269909
0.0603889
0.129739
0.0958439
0.0529334
0.0645633
0.0246115
0.172804
0.0479629
0.0381907
0.0673306
0.0614697
0.0361866
0.0363261
0.0543006
0.0415969
0.070245
0.0346417
0.109046
0.0749527
0.104878
0.2395
0.0256738
0.0324738
0.172946
0.0125303
0.119702
0.0301569
0.0382149
0.111011
0.0544644
0.0267577
0.0316276
0.0344363
0.046423
0.0399791
0.172497
0.0704865
0.0569524
0.343039
0.0832919
0.115584
0.0667309
0.03725
0.0341595
0.0539299
0.055773
0.109413
0.0929204
0.0923723
0.0989034
0.0173325
0.0608598
0.0425255
0.0455252
0.0413651
0.160281
0.177121
0.0599377
0.045198
0.0420211
0.0445108
0.0964599
0.0251965
0.0672772
0.00875922
0.0476294
0.0597076
0.0283321
0.093002
0.109587
0.0356673
0.0398694
0.0339485
0.0447787
0.101487
0.0361171
0.162065
0.0307854
0.0277321
0.037945
0.0448707
0.0134921
0.00864369
0.0778857
0.0791775
0.0954952
0.0580361
0.0477309
0.0637028
0.0187661
0.0760127
0.021285
0.0266552
0.0621568
0.0375094
0.0385439
0.0532742
0.037874
0.0274216
0.0836861
0.0473458
0.0943975
0.0576876
0.037642
0.0200707
0.0879537
0.0559381
0.093709
0.0225636
0.214069
0.0448869
0.031835
0.0357825
0.0321146
0.0283953
0.0534702
0.0120851
0.026395
0.0180515
0.160541
0.270992
0.0216688
0.0223832
0.040797
0.0148386
0.0842735
0.185836
0.0373078
0.0356825
0.0230993
0.218516
0.0716291
0.0433016
0.0875086
0.0436245
0.0577765
0.0424005
0.0648496
0.0560861
0.0466133
0.0217975
0.0441123
0.0734081
0.039084
0.0375949
0.0908182
0.0195983
0.135728
0.216133
0.0537773
0.0300721
0.0573676
0.0432158
0.00930928
0.0477414
0.167356
0.0639032
0.0843302
0.0460601
0.0326201
0.0401548
0.0277095
0.0294549
0.0469148
0.112865
0.14549
0.0189908
0.0629325
0.0776917
0
0
0
0
0
0
0
0
0
0
0
0
0
0
0
0
0
0
0
0
0
0
0
0
0
0
0
0
0
0
0
0
777777