2.83538
999999
-0.482491
-0.365104
0.278523
-0.14023
0.0420177
-0.182769
-0.0850707
0.756337
-0.017704
0.0937686
0.414589
0.0611183
0.648939
-0.203939
-0.176814
0.258178
0.875854
0.165338
0.515471
-0.132751
-0.00847885
0.138432
0.476658
0.35965
0.556351
-0.0438383
-0.0291627
0.618527
0.0445819
0.671602
0.0535586
-0.146454
-0.135237
-0.270181
-0.530654
0.391235
0.0574104
0.28354
-0.201111
-0.0195185
0.239288
0.179806
1.34531
0.226781
0.377408
0.505413
-0.170385
-0.0940595
0.288553
0.490838
0.0368952
-0.230744
0.431326
0.412947
0.277547
0.223665
-0.133486
0.207398
0.250606
0.0513861
0.302375
-0.0231982
-0.0547342
-0.0772969
0.0327552
-0.517524
0.266509
0.168119
0.202438
0.334338
-0.0717081
-0.396549
-0.273629
-0.103502
-0.423856
0.00101001
-0.161984
0.287305
0.163815
-0.224576
-0.0703286
-0.115733
0.590074
0.664784
0.074975
0.678589
-0.0862718
0.118634
-0.491249
-0.605145
-0.347841
0.248225
0.539213
-0.488673
0.174876
-0.0343723
0.372989
0.686672
-0.65684
-0.0980152
0.0526848
-0.332858
-0.587489
0.239034
-0.0684933
0.0262978
-0.234475
0.424617
-0.218807
-0.204027
0.384049
-0.465741
-0.174368
0.519771
-0.150452
0.231727
0.0904503
-0.454519
0.196439
-0.331179
-0.323977
0.0562267
-0.131319
-0.312936
0.07365
0.275475
-0.0287647
0.093829
0.553554
-0.0915818
0.283982
-0.484205
0.427527
0.389058
0.00714193
0.278205
-0.111746
0.311901
-0.0855392
-0.351615
0.543095
-0.0403247
0.186499
0.0233332
0.0620927
0.428481
0.0177999
0.314347
0.231443
0.095023
0.384974
0.133497
-0.229547
-0.340359
0.774303
0.422258
0.0654675
0.187951
0.214189
0.557774
0.00207438
0.139712
-0.010821
0.476203
0.33242
-0.509479
-0.801084
-0.471038
-0.0412654
-0.212841
0.306584
-0.022217
-0.90794
0.256616
-0.556657
0.195304
-0.108981
-0.303935
-0.714939
-0.708509
0.0529309
0.926928
-0.372914
0.0629239
0.14779
0.188102
0.206062
-0.368403
-0.273037
0.259464
-0.0311043
0.468747
0.425479
0.0317951
0.400541
0.198609
0.308153
0.0403467
0.102667
0.303143
-0.539886
0.059995
0.3605
-0.344211
-0.387172
-0.0815623
-0.22006
-0.352219
0.108564
-0.254056
-0.198179
0.199422
-0.469929
-0.329499
0.135043
-0.687944
0.463941
0.151202
0.730738
0.0572268
-0.389347
-0.504786
-0.236695
1.23606
0.271446
0.260806
-0.182595
0.161795
0.0764696
0.414794
0.729765
0.596418
0.685593
-0.10649
-0.122332
-0.72792
0.0775168
0.163787
0.559682
-0.0992149
-0.452292
-0.449269
-0.0130392
0.302202
0.0248267
-0.17623
0.00215101
0.836416
0.715415
0.133221
0.0228261
0.31475
-0.0460817
-0.190963
0.402343
0.184448
-0.297675
-0.307123
-0.15252
-0.409616
0.393309
0.0372098
0.367825
0.243688
-0.310833
-0.184017
0.460338
-0.593397
0.283949
0.0243819
-0.120841
-0.0458134
0.28733
0.2342
-0.04773
0.298935
-0.5949
0.298079
-0.268803
1.13976
-0.215721
0.314946
-0.0136233
0.253345
-0.384508
-0.0346577
-0.206251
-0.580158
-0.0720942
0.303356
-0.0279512
0.459872
-0.28846
0.409449
0.803903
0.415714
1.09039
0.395931
0.881146
0.747047
-0.771374
0.408793
-0.180314
0.721196
-0.105166
-0.744449
-0.151656
0.329604
0.364628
-0.636358
0.378623
0.159238
-0.149635
-0.350125
0.333525
0.177478
0.53893
0.0781824
1.30613
-0.039597
0.131779
-0.223187
0.343181
-0.223024
-0.362031
-0.0506875
-0.457648
-0.155823
0.572407
0.127605
-0.243844
0.46594
0.143501
0.157014
-0.352964
1.01366
0.334775
-0.219166
0.646251
0.346695
0.247106
-0.401371
0.192732
0.260851
0.654191
-0.223943
0.111703
-0.0181099
-0.593607
0.715255
0.0115129
-0.082519
-0.252552
0.123924
0.0574333
0.399428
-0.3987
0.507265
-1.07162
-0.0140455
-0.484562
-0.130483
-0.243557
0.098969
0.639557
0.280537
0.699837
-0.0373298
-0.508951
0.172023
0.0221717
-0.354841
0.0709299
-0.341352
0.260111
-0.261532
0.0452266
-0.374282
0.196229
0.00948011
0.0436508
0.35415
0.512249
0.3125
0.0515662
0.404427
-0.489313
-0.63072
-0.368105
0.153204
-0.00863069
-0.496509
-1.36753
-1.09212
0.150834
-0.29512
0.219969
-0.561747
0.0221238
0.0331818
0.0424148
-0.24599
1.72093
0.376731
-0.500297
0.646739
-0.185522
0.149462
-0.0377046
-0.0601942
-0.407171
-0.0340114
0.666894
0.63573
-0.47293
-0.444035
0.178029
-0.497713
-0.0471191
-0.581113
-0.533314
0.015498
0.286866
-0.294341
-0.0557044
-0.538578
0.0159195
-0.0274883
-0.0301735
0.163192
-0.173749
0.496256
0.280141
0.0590849
-0.136401
-0.519492
0.60647
0.750221
-0.231641
0.618495
-0.0230197
-0.100551
-0.0808888
-0.49765
0.530928
0.163557
-0.224341
0.22559
0.314567
0.152263
0.253662
-0.159684
0.086066
0.623277
0.0674715
0.645925
0.172499
-0.200932
-0.387821
-0.0784475
0.405974
-0.134553
-0.179989
0.378054
0.0939384
-0.0590944
0.537607
0.276053
0.555056
-0.0236904
-0.0570584
-0.164556
-0.194537
-0.228729
-0.65233
0.0381618
0.143105
-0.753913
1.77904
0.242827
0.0532915
0.6111
0.529768
-0.413412
-0.985185
0.218637
0.210713
0.490627
-0.0149139
0.0241997
-0.532393
-0.424489
-0.06292
-0.177735
0.481269
-0.186878
-0.254399
-0.0368384
-1.1998
-0.429955
-0.207637
-0.739044
0.869125
-0.381436
-0.351617
0.109468
0.916948
0.0941418
-0.128843
0.0496384
-0.166382
0.294001
-0.31321
0.208393
-0.0197021
0.647149
0.117581
0.39907
0.663639
-0.579957
-0.388201
-0.286974
0.526503
0.116197
0.10601
-0.0668162
1.069
0.211978
0.121437
0.0434433
-0.455978
-0.0428364
-0.311027
0.190602
0.181606
0.124283
-0.0155797
-0.386011
-0.816136
0.610345
-0.149894
-0.258388
0.24332
0.26665
-0.0901039
-0.258293
0.414807
0.132645
0.085189
0.252048
-0.292163
-0.4433
-0.64497
-0.120138
-0.0991997
-0.359125
-0.344446
0.446577
0.245887
1.3253
-0.253687
-0.70479
0.0410942
0.148022
-0.904907
0.267086
-0.270657
0.418149
-0.19134
0.606126
-0.233078
-0.0407103
-0.462565
-0.254317
0.338869
-0.191611
0.017658
-0.664295
-0.432963
-0.0810822
0.245142
-0.327996
0.0872286
1.34758
-0.525605
0.0837924
1.04537
-0.131908
-0.318323
0.140558
0.422334
-0.0929207
-0.282471
0.00996262
-1.04094
1.22846
-0.444346
-0.306527
0.0268441
0.0611145
-0.20877
-0.203027
-0.0689762
0.803664
-0.288153
-0.130835
0.158863
-0.523443
-0.366846
-0.361371
0.470646
0.330802
1.30101
0.000946398
-0.231435
0.315811
-0.0191136
-1.20466
-0.186441
0.320716
-0.390492
0.265619
0.0757781
-0.133825
-0.0229312
0.133241
0.628092
-0.0591632
0.616329
-0.747399
0.146069
0.175977
-0.00610568
-1.30596
0.0587677
-0.504455
0.155104
0.13917
-0.341009
0.771429
0.581196
0.0556839
0.207844
-0.701635
0.0437685
0.10314
0.635007
-0.0292827
-0.14902
-0.720844
0.181158
0.549918
0.225171
-0.0708817
-1.1572
0.0785087
-0.104276
0.00907314
-0.551245
0.14267
-0.0608814
-0.379625
0.0386535
-0.990293
0.0216287
-0.0928216
-0.039403
0.163587
-0.0257402
0.397303
-0.317089
-0.00391336
0.532829
-0.411905
-1.58546
-0.298364
-0.0778016
-0.408791
-0.471632
-0.079312
0.435405
0.128717
-0.118453
0.169739
-0.331506
0.293649
-0.478919
0.278572
-0.157392
0.656747
-0.233029
0.0219053
0.0753822
-0.057613
-0.904561
-0.240145
-0.649381
-0.386963
-1.07831
-0.67352
-0.0822256
-0.505361
-0.00967621
0.167847
0.180782
0.136089
-0.129369
0.105953
0.160219
-0.22855
-0.137494
-0.0232048
0.238985
-0.125377
0.228954
0.298414
0.373425
-0.214405
0.179503
-0.170298
-0.306794
0.593681
0.29112
-0.161499
0.458901
-0.202003
-0.189116
0.601864
-0.269201
0.734343
0.234537
-0.106899
-0.609148
-0.503386
0.432776
-0.100554
-0.497253
-0.362029
-0.467037
0.231509
-0.116067
0.107068
-0.0416665
0.174108
-0.520379
0.117933
0.189709
-0.275343
-0.574437
0.151816
0.273008
-0.287562
1.50586
0.136294
0.645316
0.165462
-0.738542
-0.402618
0.316906
-0.261407
-0.670434
0.0278868
0.0602558
0.110894
-0.0822038
0.134923
-0.115152
-0.0395934
0.186291
-0.424045
0.681069
-0.425914
-0.536162
0.0542415
-0.133705
0.362009
-0.110413
-0.0228546
-0.541563
0.178728
0.0637485
-0.379285
-0.3858
0.555569
-0.161858
-0.085052
-0.0283442
0.584065
-0.600501
0.11611
0.432713
0.0039115
0.278385
-0.118788
-0.48616
1.76714
0.0630979
-0.650358
0.609291
-0.31969
-0.155104
-0.0240795
0.527163
-0.261959
-0.0751144
-1.17613
0.353622
-0.0447625
0.208054
0.134573
-1.11608
-0.844871
-0.364089
0.0192322
0.0924442
-0.582784
-0.0463452
-0.898483
0.412462
-0.0495085
0.146885
-0.00722006
0.747165
0.00857491
0.539738
0.125766
-0.0743269
0.170128
-0.0377927
-0.120409
-0.202125
0.107916
-0.122092
0.0044877
0.430496
0.162213
0.24454
-0.199402
-0.402457
-0.0347987
0.123112
-0.188055
0.466446
-1.27572
0.358313
-0.408631
-0.0708165
0.0845641
-0.0898811
0.174401
-0.529044
0.077013
0.200316
0.480022
-0.360572
0.345706
-0.372623
0.716146
0.150654
0.0692716
0.112949
0.492477
-0.227489
-0.0532989
0.233332
-0.152645
-0.0785388
-0.0886581
-0.399816
-0.584491
0.461904
0.226855
0.598488
-0.104311
-0.332141
0.224666
-0.247829
0.195776
-0.000793605
-0.130744
0.309034
0.467842
0.171908
0.180711
-0.228929
-0.2996
0.171748
-0.780903
-0.16101
0.298385
-0.256283
0.902533
-0.271782
0.0701916
0.802685
-0.161592
1.32345
0.211231
0.680813
-0.494131
-0.0313045
0.177101
-0.0270052
0.357196
-0.28385
0.20109
-0.411946
-0.115956
0.0305647
-0.737929
0.269009
0.0381286
0.197259
0.16837
-0.253188
-0.420009
0.418274
-0.331447
-0.396448
-0.443976
-0.324837
0.135642
0.0503078
0.050367
-0.745156
0.2732
-0.884363
0.734509
-0.00635839
-0.109301
0.147873
-0.129792
-0.00981868
-0.029806
0.341122
-0.269243
0.70358
-0.219124
0.0934853
0.107076
-0.352738
0.0820748
0.440171
-0.842794
0.173261
0.558804
-0.129206
-0.0720234
0.34064
-0.14511
-0.00515975
-0.921895
-0.368603
-0.205896
-1.05533
0.0600907
-1.44529
-0.00535772
-1.01967
-0.224699
1.59141
0.17347
0.944582
0.0684155
-1.0048
0.100714
-0.0175531
0.0432705
0.0657439
0.0710889
-0.700276
0.0428621
0.161521
0.0828304
-1.04675
-0.224828
0.364366
-0.320759
-0.420763
0.0673937
0.289715
-0.434757
-0.0877682
0.31374
0.0507253
0.741616
0.954534
1.13544
0.307906
0.313129
-0.494782
0.0350049
-0.22862
0.224471
0.452612
0.733947
0.628101
-0.1553
0.0119387
-0.269235
0.222708
0.194023
0.434084
0.357
-0.138932
0.54808
0.34226
-0.503452
-0.295917
0.456832
0.775118
0.014777
0.187297
0.966858
0.0225134
-0.0319777
0.465561
-0.742503
0.684761
-0.0741177
0.152352
-0.244625
-0.208568
-0.0455875
0.0305104
-0.365372
0.0239157
0.16274
0.102628
0.096898
-0.243069
-0.416476
0.264303
-0.481921
0.372793
-0.452389
-0.211536
0.589543
-0.15682
0.275329
-0.551012
-0.00304875
0.0947694
-0.861822
-0.207798
0.00620325
0.366016
-0.248885
-0.373449
0.375775
0.2906
-0.0428956
-0.214115
0.364752
0.193942
-0.498746
-0.27731
0.190115
0.222917
-0.0549291
-0.44841
0.863705
-0.0908328
-0.575476
-0.139075
-0.426323
-0.27985
-0.352207
0.699336
0.240615
-0.502848
-0.0912881
0.542321
0.314593
0.0584408
0.122291
-0.634634
1.78057
-0.295261
-0.358839
-0.198367
-0.343661
-0.299105
-0.0483785
-0.11187
0.393655
0.0977506
0.398119
-0.434507
-0.00801144
0.0423048
0.303434
-0.189872
0.351765
0.400838
-0.218633
-0.888557
0.246919
0.23678
0.691984
-0.194193
-0.277048
0.0968794
-0.635821
0.304699
0.145363
0.208911
0.113728
0.926852
0.155416
-0.236879
-0.111279
0.139742
-0.0494821
-0.385143
0.167984
-0.749568
-0.600692
-0.104055
-0.339441
0.347258
0.195967
0.0408134
0.436541
-0.669951
-0.378172
0.214847
0.221949
0.0685154
-0.242505
0.715662
-0.771425
-0.027144
0.45406
0.547684
1.48385
0.153513
-0.380639
0.525303
-0.206364
-0.234973
-0.12948
-0.0940276
1.31125
-0.251488
-0.766922
0.0535378
-0.184199
-0.045245
-0.465374
0.234137
0.32751
-0.146676
0.0221908
-0.123556
-0.54885
0.23322
-0.165686
-0.0276287
0.271146
-0.323653
0.124666
0.0198891
-0.229062
0.257658
0.0292136
-0.244509
-0.169655
0.602224
0.115915
0.159537
-0.208063
0.0989936
0.160378
1.39967
-0.178244
-0.397581
0.225916
-0.00626113
0.437532
-0.567771
0.39484
0.0574556
0.383116
-0.219248
0.540366
-0.33686
0.234741
0.044269
-0.0705605
0.114062
0.221127
-0.111075
-0.0526753
0.0821932
0.46053
-0.856059
0.116381
0.253011
-0.469121
-0.428488
-0.0652038
-0.21642
-0.0567639
0.343062
-0.39012
-0.194564
-0.0313925
-0.0666065
-0.319353
-0.466552
0.177735
0.603202
1.32367
-0.582646
-0.651131
-0.239605
1.37068
-0.0535892
0.323216
-0.459802
-0.512951
-0.0888185
-0.0981697
0.252086
0.140864
-0.0229414
-0.656393
0.0186744
-0.851637
-0.125706
-0.593301
0.15431
0.175379
-0.133097
0.0538682
-0.458961
0.79448
-0.0986749
-0.0406131
0.128352
0.302839
0.306057
0.118755
0.601256
-0.0389631
0.0818423
0.305493
0.0437351
0.330013
-0.202451
0.3396
0.297813
-0.333387
0.260205
0.0779473
0.257735
0.175632
0.288269
0.338514
-0.219221
0.150243
-0.400165
0.416678
0.181444
-0.0105324
0.37329
-0.20434
0.704445
-0.23595
0.764362
-0.0616237
0.0235812
-0.211294
-0.805553
-0.999249
-0.616075
-0.916808
0.0543183
-0.366765
0.273064
0.518477
-0.42003
-0.264358
-0.0824176
-1.66742
-0.320992
-0.316233
0.186796
0.0825816
-0.098297
0.0925725
0.382517
0.364525
-0.231792
0.334833
0.344983
0.140896
-0.46746
-0.131627
0.802634
0.157498
0.359547
-0.121429
-0.0262928
0.228764
0.29112
-0.259348
-0.155468
0.323447
0.146311
0.0660202
-0.656668
0.537059
-0.344264
-0.249223
-0.227048
0.135679
-0.177287
0.337153
-0.168465
0.359872
0.527959
-0.0714533
-0.205511
-0.210996
-0.438816
-1.29626
0.403631
-0.333446
0.702818
0.0177015
0.165696
0.183674
0.240226
0.205425
-0.0324818
-0.417419
-0.0661555
-0.0408049
0.474508
-0.632896
0.478669
0.213666
0.147226
-0.0168384
-0.0526884
-0.428204
-0.240278
-0.0623563
-0.244379
-0.697468
0.230428
0.216404
-0.121068
0.216772
-0.16829
0.059105
-0.126901
-0.133434
-0.13898
-0.341895
-0.229857
-0.315918
-0.620682
-0.175536
-0.594934
-0.24048
-0.0672934
0.120796
0.328368
-0.168874
-0.178889
-0.421709
1.07216
0.367789
0.155149
-0.238006
-2.44957
-0.118123
-0.149538
-0.181323
0.25885
0.416484
-0.0973288
0.748416
-0.300681
0.110481
0.0128538
3.99441
0.455031
0.62731
0.218308
0.256784
-0.623438
-0.174483
0.558239
-0.0711249
0.273762
0.209429
-0.372086
0.106583
-0.389618
-0.219736
0.121135
0.587725
0.47868
-0.470677
0.367961
0.274717
0.0938746
0.0315492
-0.228813
0.293704
-0.662359
-0.0704284
0.868236
0.0790443
-0.0458007
-0.482026
0.265768
0.256454
-0.10694
-0.769068
0.0105375
0.0484231
0.110126
0.33846
-0.137121
0.211135
0.0232565
-0.170524
0.0973682
0.370924
1.0223
-0.622159
-0.0435307
-0.0553288
-0.271696
0.011567
-0.760572
0.21388
0.189699
0.0642361
0.206865
-0.0298926
0.262799
0.296659
0.0648007
-1.07997
2.62182
0.294051
-0.0562088
1.52836
-0.311098
0.815348
-0.180827
0.116421
0.875366
0.0727774
-0.606144
-0.0640663
-1.88985
-0.254606
0.232162
1.08919
0.22056
0.356205
-0.151331
0.103655
-0.0444344
-0.106913
0.606872
0.195096
-0.161804
0.218313
0.0589372
-0.252221
0.0736851
-0.208202
-0.124869
0.0971772
0.227077
-0.0695322
-0.580797
0.0154953
-0.550828
0.0127712
-0.390855
-0.114432
-0.0772232
0.490261
-0.0320911
0.387645
-0.278783
-0.117382
0.228241
0.285771
-0.192282
-0.75933
-0.848468
0.0372358
0.00133295
0.497953
0.0350077
-0.688475
-0.655877
-1.11145
0.213149
-0.297851
0.115987
0.49675
-0.0545574
0.468379
0.0212788
-0.328186
0.827555
0.43436
0.0254781
0.304846
-0.146513
-0.399569
0.0689972
0.747806
-0.353087
-0.199052
0.227742
-0.205669
0.0419629
0.598436
-0.653398
0.188801
0.175908
0.0188055
0.347449
-0.0828052
-0.348923
0.270879
0.362682
-0.149747
-0.202686
-0.678331
-0.263622
-0.142997
1.94195
-0.0669739
-0.344047
0.240434
-0.0278103
0.376756
0.368138
0.137899
-0.0916416
0.225519
-0.084504
-0.107406
-0.812305
0.0659831
0.15452
0.272152
-0.932149
-0.136134
-0.189796
-0.918962
0.368976
-0.538064
-0.391445
0.565998
-0.356192
-0.944569
-0.33776
0.0187592
0.351915
-0.00132892
-0.261697
-0.358596
-1.1013
0.340577
-0.203199
0.694061
0.0377296
-0.0232323
0.486532
0.107789
0.349586
-0.0540044
0.936458
-0.285986
0.0215739
0.101083
0.104362
-0.144759
-0.08043
0.271749
-0.133866
1.39699
0.355081
0.474154
0.162836
0.168267
-0.282584
0.734125
-0.0976371
0.0745113
-0.512952
-0.054581
-0.171847
-0.27447
0.35101
0.122569
-0.0982025
0.214756
-0.104043
0.206422
-0.449089
0.0077562
0.254946
-0.0485503
0.117565
0.30317
-0.660809
-0.407384
-0.680503
-0.497351
-0.322863
-0.0393666
-0.768949
-0.25374
-0.925021
-0.389548
0.429495
0.240952
0.363926
0.00108035
-0.439323
0.333575
0.0122691
-0.136964
-0.274984
-0.0648377
-0.512801
2.38564
0.318259
-0.128098
0.152962
0.020351
0.554757
0.535402
-0.155366
0.341014
0.0312333
1.24411
0.32255
0.307158
-0.186094
0.577839
-0.106837
0.0128389
-0.905168
-0.154462
-0.00735868
-0.181949
-0.58852
0.0745369
-0.146458
0.0179543
-0.645856
-0.197007
0.10322
0.474444
-0.393607
0.213971
0.173689
0.192026
0.228927
-0.193808
0.453438
-0.401113
-0.536593
-0.128745
0.0528446
-0.0820306
0.228787
0.00512798
0.450584
0.850843
0.0444314
0.074829
0.332874
0.290453
0.0845411
-0.183404
0.17198
-0.163149
0.0570926
-0.183599
0.104672
-0.16808
0.0231031
-0.113866
-0.104268
0.128119
0.0246999
-0.115726
-0.193223
0.0111041
0.0682237
-0.156079
-0.0685226
-0.156845
-0.0763311
-0.0496129
-0.048363
-0.0107757
0.0357473
-0.0172453
0.127606
0.0530418
0.162334
0.0869917
0.127751
0.184639
888888
0.0591673
0.0116489
0.0893509
0.0306618
0.0357286
0.0418353
0.0366684
0.150514
0.0204616
0.108439
0.0604673
0.0221035
0.141531
0.0179574
0.00673003
0.0336191
0.0667975
0.00718668
0.0593444
0.153609
0.0239901
0.151352
0.120646
0.0248713
0.0440734
0.0220276
0.0589639
0.198933
0.0135704
0.0774598
0.117404
0.0350109
0.0422091
0.0888204
0.053838
0.0591027
0.116231
0.0154469
0.0813465
0.0379023
0.0827467
0.0399662
0.277726
0.0254447
0.0228136
0.102325
0.0182765
0.0447799
0.0190333
0.0124709
0.0251497
0.046257
0.0853042
0.0514345
0.0807555
0.0444276
0.0264693
0.0190219
0.0244963
0.0275629
0.10093
0.366645
0.0682279
0.0490296
0.0511409
0.0392328
0.0203037
0.0170303
0.046739
0.177856
0.0718891
0.0769124
0.0430343
0.0480113
0.05345
0.00863128
0.0421881
0.130864
0.0220994
0.0582209
0.0831456
0.0448862
0.115567
0.0832151
0.0130897
0.109447
0.0682158
0.0303975
0.0439295
0.0830437
0.0273856
0.0437774
0.0830502
0.017459
0.0227978
0.00946807
0.0595844
0.0613735
0.032647
0.0439878
0.0755716
0.0722355
0.0701492
0.0697808
0.0774184
0.0716051
0.0474273
0.0752941
0.072168
0.0600649
0.14388
0.242386
0.014925
0.0215741
0.0339351
0.0621141
0.0340917
0.0658734
0.0242482
0.10849
0.0681777
0.0714776
0.0193234
0.0465907
0.070622
0.239021
0.085487
0.0750588
0.0502614
0.060282
0.306039
0.0601275
0.223074
0.0474491
0.0165871
0.0427276
0.0611431
0.0205972
0.137794
0.0637298
0.0315993
0.0150946
0.016564
0.0353462
0.113574
0.0843705
0.054491
0.0292056
0.0233547
0.05641
0.0295166
0.089676
0.00712013
0.0267817
0.172616
0.160863
0.359549
0.0310755
0.0551357
0.0680678
0.0127335
0.0640524
0.0398352
0.0986303
0.121918
0.00875813
0.0992144
0.0257791
0.161875
0.108601
0.109801
0.0382243
0.351007
0.0565611
0.21484
0.00840244
0.0245683
0.0259702
0.0689716
0.0711522
0.0148942
0.0903524
0.0130914
0.0936544
0.0336376
0.0259663
0.0178487
0.0241014
0.0181747
0.0573211
0.06301
0.0985792
0.0498023
0.166077
0.0540886
0.02061
0.0904716
0.0731347
0.0350358
0.0279384
0.0599456
0.0720572
0.083889
0.023636
0.138778
0.0554435
0.0688909
0.0934722
0.0275876
0.0890269
0.0747644
0.0210976
0.0352616
0.0153101
0.0291745
0.127866
0.0177778
0.0546191
0.0451024
0.0301926
0.259226
0.0598554
0.022017
0.474449
0.050474
0.128611
0.0334737
0.0301432
0.0465688
0.039773
0.202386
0.107436
0.313888
0.132324
0.0247851
0.054097
0.0262143
0.0116955
0.23254
0.294419
0.0409034
0.0276083
0.0751438
0.0942934
0.0160969
0.0348601
0.0297604
0.152479
0.0293351
0.010165
0.0395126
0.101745
0.0736319
0.0278136
0.0397867
0.0571119
0.0552576
0.0520644
0.0303934
0.0878439
0.0413038
0.0468067
0.0814211
0.0418317
0.0410144
0.110309
0.0261409
0.132033
0.0624826
0.0962321
0.0350706
0.129236
0.0291754
0.146807
0.120255
0.0299527
0.0605203
0.0582755
0.069882
0.113864
0.0160206
0.0618318
0.0513985
0.05193
0.110312
0.0553967
0.0637587
0.0527977
0.00783634
0.0214259
0.0540999
0.048625
0.0361951
0.0416535
0.0651205
0.0555389
0.0689326
0.172431
0.0451688
0.0113878
0.230521
0.0522826
0.0151795
0.147312
0.0324926
0.185548
0.00850312
0.0396993
0.053449
0.0994324
0.0188888
0.118432
0.0363751
0.0286552
0.0851156
0.0382449
0.0126022
0.0714185
0.241175
0.04258
0.111794
0.124352
0.0605241
0.093596
0.0387887
0.0416938
0.0271539
0.100523
0.0510007
0.0853696
0.278977
0.0406142
0.0165598
0.0347673
0.0170117
0.154085
0.0433419
0.0139025
0.139
0.0475594
0.077777
0.042808
0.0742672
0.0438091
0.283942
0.0733777
0.0315097
0.0435064
0.0486859
0.0824718
0.0649435
0.0454656
0.0603165
0.018649
0.0187913
0.0553062
0.0254772
0.0952189
0.0423198
0.105809
0.0910119
0.0501424
0.0728038
0.0897652
0.0821406
0.0440159
0.0705804
0.0173193
0.0543772
0.0760321
0.0419419
0.128032
0.00988862
0.0112372
0.0266491
0.0250042
0.0796374
0.0185897
0.0276697
0.0543703
0.0400453
0.039987
0.0862944
0.100633
0.0371899
0.0254119
0.0637981
0.0379006
0.0728816
0.0623681
0.0387913
0.106545
0.0387969
0.176391
0.0123623
0.0394266
0.0676023
0.0689544
0.0532187
0.0895528
0.0403213
0.0357011
0.144251
0.0529095
0.0242038
0.0664818
0.0128941
0.0554955
0.209839
0.0377443
0.0556121
0.0323502
0.0801329
0.0923729
0.0575708
0.0173996
0.031623
0.0372754
0.105151
0.213273
0.069409
0.0339891
0.0285735
0.0800936
0.0406071
0.0232058
0.0313906
0.033425
0.0717208
0.0670058
0.0388777
0.061878
0.0316072
0.0440099
0.0266793
0.126214
0.0849323
0.0537287
0.0209406
0.0481941
0.0331033
0.01765
0.0216877
0.0298742
0.179608
0.0168227
0.0432192
0.0157285
0.0725233
0.0714689
0.021561
0.0610098
0.0111854
0.0853963
0.030883
0.0890195
0.0289675
0.0370693
0.0458819
0.0259782
0.0283213
0.047135
0.0176355
0.0883621
0.175497
0.0145894
0.0298985
0.018285
0.0593745
0.0387363
0.0589707
0.0119214
0.0573157
0.0269202
0.0506573
0.0693061
0.0443331
0.0276334
0.256682
0.0479445
0.0340808
0.0541149
0.0224212
0.07892
0.122932
0.0590422
0.0831579
0.217854
0.236682
0.0615308
0.0243146
0.0282626
0.0324671
0.08918
0.051072
0.0740378
0.0446129
0.0177705
0.0943597
0.0258934
0.0324975
0.0452305
0.0687184
0.114275
0.0257233
0.0211394
0.140588
0.0378276
0.119075
0.0329266
0.0791173
0.0315294
0.0456631
0.170545
0.0807077
0.101583
0.074807
0.0238855
0.10333
0.0334305
0.0416396
0.048386
0.160829
0.043735
0.129313
0.0339994
0.127782
0.202128
0.0708057
0.0251035
0.117395
0.05105
0.0459572
0.0391549
0.0942634
0.050276
0.12754
0.0554626
0.0689015
0.0349696
0.0412392
0.154748
0.0220165
0.0582325
0.0411982
0.0465275
0.0204169
0.0167107
0.0405699
0.133678
0.0534543
0.0659011
0.0807126
0.0863493
0.075035
0.0688185
0.0931612
0.0106048
0.0752365
0.153269
0.165249
0.070472
0.0702031
0.0266569
0.131915
0.0388025
0.0301956
0.0293675
0.0863283
0.0886563
0.20329
0.0528998
0.158703
0.0476792
0.0204115
0.046935
0.0569054
0.0195685
0.160144
0.126994
0.0262274
0.0273294
0.0132832
0.118424
0.0701919
0.0780465
0.324555
0.0600159
0.0635865
0.0170698
0.0789418
0.0227056
0.112508
0.0283646
0.226284
0.128676
0.032273
0.0893899
0.0324645
0.164307
0.0134474
0.0104339
0.0603447
0.135565
0.185293
0.05289
0.0485067
0.024345
0.0310836
0.0105226
0.0238326
0.0628009
0.140114
0.144409
0.0873959
0.0381145
0.07672
0.124563
0.085937
0.0263787
0.0183045
0.0261826
0.0387197
0.207312
0.0899665
0.0382054
0.0713464
0.0228571
0.0438441
0.109692
0.0254043
0.0153214
0.0369594
0.181553
0.0184439
0.0725543
0.0127572
0.0755858
0.015121
0.18261
0.0349013
0.0363121
0.0885272
0.0533004
0.0310671
0.0291629
0.145087
0.0232137
0.0617451
0.118174
0.0387038
0.0884527
0.0184386
0.0250439
0.186634
0.0612111
0.119498
0.0358866
0.0171909
0.0391384
0.022452
0.0377544
0.0169229
0.142701
0.0335797
0.0298244
0.0527954
0.327172
0.0544026
0.0289994
0.0221015
0.011051
0.0628405
0.0138231
0.256764
0.33193
0.0527001
0.0218041
0.167007
0.0658129
0.0828458
0.0400073
0.0483971
0.0946125
0.0962239
0.0301849
0.0211296
0.0794534
0.0693393
0.0690274
0.0504896
0.0532818
0.078615
0.053906
0.0169785
0.0373277
0.0638628
0.0430816
0.140458
0.0586881
0.0271573
0.0612084
0.0092895
0.0595359
0.0613502
0.0428092
0.0691971
0.0342666
0.0243998
0.0342515
0.0196334
0.0750376
0.0733779
0.0332013
0.0432099
0.0395426
0.119081
0.0284389
0.0948351
0.149079
0.0158929
0.0792984
0.247891
0.00666841
0.107368
0.0326798
0.0832926
0.0230722
0.0220599
0.215159
0.0340157
0.0479216
0.212509
0.0134701
0.0373544
0.041364
0.0545388
0.0521383
0.0437733
0.11799
0.0863381
0.0316061
0.102105
0.0118622
0.0229077
0.0355555
0.0483313
0.0450415
0.0809103
0.106995
0.0540953
0.0257406
0.148521
0.0320053
0.0684747
0.0226604
0.0793178
0.053293
0.0449988
0.0271897
0.0410698
0.115348
0.0318456
0.0111369
0.0448662
0.0192911
0.0511098
0.0288547
0.248442
0.0360572
0.129478
0.0823652
0.0911666
0.0634648
0.0555375
0.17889
0.0582114
0.0436952
0.232812
0.0403083
0.027642
0.142207
0.0330792
0.0328298
0.0188135
0.113728
0.0293413
0.032225
0.0405678
0.0362318
0.199868
0.0201421
0.0130778
0.096613
0.0596563
0.265412
0.0339193
0.162123
0.0487664
0.0217078
0.0604417
0.0762879
0.122509
0.0278209
0.0423934
0.181502
0.0327512
0.0293968
0.0192878
0.0516051
0.155583
0.0471424
0.033025
0.0833172
0.200818
0.0326515
0.0278052
0.0680539
0.186819
0.0303039
0.0453745
0.0503385
0.109639
0.0325779
0.132996
0.0589127
0.0225288
0.0218133
0.04956
0.00997173
0.0561802
0.0850299
0.0382618
0.0677494
0.0192852
0.0151029
0.15438
0.0281339
0.0561517
0.0151071
0.156952
0.0540758
0.031438
0.161749
0.0321375
0.0235109
0.060162
0.0387106
0.0355093
0.0274269
0.0787561
0.0221874
0.0308347
0.0675359
0.0396517
0.0288982
0.0786071
0.05284
0.0409495
0.0346173
0.0273488
0.236877
0.0225412
0.065149
0.0239442
0.0365347
0.0623397
0.0464158
0.0447564
0.0534444
0.161791
0.103593
0.0884731
0.0588627
0.0398044
0.0316312
0.0216626
0.0189473
0.0157338
0.0728827
0.0848635
0.0900634
0.103307
0.0141547
0.0156175
0.00532336
0.0403479
0.0424928
0.109291
0.0591802
0.0685327
0.0819856
0.0416757
0.0185694
0.0556274
0.054093
0.17399
0.0331665
0.081408
0.0984039
0.0740818
0.112059
0.0211923
0.0656468
0.0679921
0.0211125
0.034468
0.0249174
0.0665603
0.0879335
0.014722
0.0208467
0.0125972
0.109141
0.101401
0.0283161
0.168556
0.0188408
0.0494097
0.0245936
0.0211928
0.0636009
0.0602164
0.08448
0.106255
0.0314036
0.0614004
0.0448742
0.00888947
0.028335
0.194548
0.0261427
0.0178358
0.0209123
0.044913
0.0766694
0.0949948
0.0616392
0.0590276
0.0699813
0.051217
0.0264598
0.0122868
0.0437158
0.076457
0.228931
0.0214087
0.0398335
0.109303
0.100642
0.0646609
0.0891892
0.0368248
0.0850181
0.0530341
0.0287341
0.1448
0.016025
0.103634
0.0448196
0.141946
0.00416201
0.119847
0.0562724
0.0871818
0.105957
0.0287895
0.0264263
0.0650726
0.0905569
0.0624687
0.0358454
0.0467073
0.0264402
0.0521072
0.125983
0.0739793
0.028805
0.109087
0.0394425
0.0709284
0.0244699
0.0329737
0.0144462
0.009699
0.066756
0.0724561
0.212547
0.0141874
0.00756328
0.0104694
0.0127529
0.0369266
0.0178072
0.113167
0.130447
0.136899
0.0301297
0.0975676
0.0408612
0.0258533
0.0605171
0.0824612
0.0638595
0.0710546
0.0820194
0.140636
0.058041
0.0586833
0.0402415
0.11853
0.0182137
0.0606065
0.271665
0.0832199
0.0481076
0.064658
0.0526979
0.0808974
0.0360795
0.367629
0.0129443
0.038463
0.040635
0.00920088
0.0596595
0.00547215
0.0278384
0.0509308
0.0394879
0.0244495
0.318472
0.0540305
0.107096
0.0983128
0.0308794
0.0404547
0.0648092
0.155234
0.0417699
0.0604373
0.0529038
0.0199237
0.0503661
0.109176
0.0540169
0.0471284
0.0268794
0.112997
0.0476014
0.057958
0.0148716
0.054682
0.0220603
0.0226825
0.111158
0.077713
0.0842099
0.0996269
0.0606428
0.0463691
0.145909
0.0911492
0.0607644
0.0313012
0.191804
0.173428
0.0353945
0.12062
0.180052
0.0773124
0.0234341
0.135923
0.0716636
0.0252803
0.0214734
0.0468811
0.12686
0.0353786
0.0419789
0.0464627
0.0429081
0.0535051
0.0395472
0.156003
0.0351227
0.0934886
0.0580205
0.0410318
0.0749544
0.0242088
0.0271505
0.0466247
0.0366908
0.0313123
0.0456593
0.0369023
0.0187579
0.0250362
0.0591796
0.0272206
0.0353898
0.0255278
0.0173068
0.0205156
0.0461409
0.0582937
0.123346
0.111092
0.0370436
0.0246247
0.0456071
0.0385699
0.0312438
0.0538043
0.17939
0.0900772
0.0327146
0.0284847
0.0499261
0.0410408
0.0507426
0.0483154
0.167071
0.0788596
0.0326743
0.0592935
0.0323977
0.0313056
0.0174311
0.0520812
0.108009
0.010624
0.107828
0.0358658
0.152736
0.0285255
0.0668713
0.0373762
0.168057
0.0456209
0.0461896
0.0794943
0.116034
0.0305351
0.0587023
0.055006
0.0238499
0.0246782
0.0369694
0.103613
0.0573256
0.0614884
0.0475899
0.0243882
0.0496275
0.0559669
0.042515
0.181436
0.0313867
0.034763
0.0378272
0.0299756
0.0327868
0.0287427
0.0141225
0.0249532
0.0245893
0.0940289
0.0144803
0.0587165
0.0292507
0.0535417
0.0532026
0.450342
0.0144469
0.0200776
0.0356241
0.0374956
0.0631005
0.0783198
0.0192005
0.0693469
0.0193466
0.0671534
0.115221
0.0852954
0.0181824
0.104041
0.0417738
0.0265458
0.0108011
0.0422614
0.0569183
0.0806359
0.033628
0.0679278
0.0152779
0.0325896
0.0906987
0.0501946
0.0592193
0.0605052
0.0331364
0.145924
0.170234
0.0889845
0.0282289
0.0299705
0.00905663
0.094684
0.0302353
0.0257162
0.149603
0.0726291
0.0350985
0.0777709
0.327033
0.0961701
0.0262707
0.0459678
0.123995
0.0639231
0.0564069
0.0251092
0.0676817
0.0164645
0.171003
0.0411163
0.121028
0.0240676
0.0924584
0.0139016
0.0554244
0.054516
0.0456999
0.061685
0.0543584
0.0468934
0.0407835
0.0601569
0.0189032
0.0798946
0.123843
0.0158921
0.0305923
0.0688079
0.0734858
0.0256044
0.0229334
0.0544164
0.0912467
0.0581394
0.105958
0.06447
0.108526
0.0191665
0.0189472
0.0664503
0.0285895
0.0522814
0.11057
0.00473857
0.0619685
0.0530694
0.0314526
0.0358718
0.0164606
0.0644739
0.0752635
0.0660302
0.103874
0.0169402
0.0534636
0.0462374
0.151652
0.042588
0.067069
0.0648006
0.0204452
0.0311375
0.0630031
0.049163
0.0679342
0.0498236
0.255672
0.0919288
0.0103378
0.0553493
0.0608652
0.0327159
0.0125447
0.0541999
0.0147362
0.030592
0.0465254
0.0619947
0.0280846
0.0236308
0.0332693
0.0622239
0.0416504
0.0425006
0.0719987
0.0327891
0.0193681
0.120342
0.0665868
0.16039
0.0590616
0.0192525
0.0234151
0.0433695
0.0646716
0.14314
0.0757285
0.046535
0.0402202
0.0861252
0.0689191
0.018366
0.00952422
0.0647467
0.0343782
0.0399169
0.0220649
0.132465
0.0888404
0.140333
0.0831346
0.136952
0.0332248
0.0332731
0.0303048
0.0158645
0.0279509
0.0747364
0.0508726
0.132688
0.031584
0.0924536
0.0549333
0.0959479
0.0174736
0.0392081
0.0670209
0.0363744
0.0273746
0.0160138
0.0209136
0.0313252
0.0352853
0.058324
0.0461689
0.0972807
0.0592866
0.0360579
0.0234094
0.0393162
0.0103346
0.0250223
0.0518258
0.153191
0.148305
0.0640453
0.0917089
0.0404173
0.0342914
0.0487544
0.0206544
0.0372142
0.0532193
0.061731
0.0431604
0.116039
0.0634013
0.0467326
0.318694
0.180597
0.024775
0.0985631
0.104645
0.0677051
0.184808
0.0185634
0.0813132
0.00652161
0.0313055
0.0245705
0.513532
0.0724984
0.125371
0.0700883
0.158702
0.165279
0.0291799
0.0221953
0.0505373
0.0997752
0.0326983
0.0797546
0.032888
0.0575352
0.104807
0.0218327
0.0245776
0.0566231
0.0783884
0.0406491
0.0124934
0.0534136
0.0423852
0.056354
0.062837
0.0383708
0.023898
0.139044
0.166358
0.0175485
0.0934864
0.0230532
0.0688677
0.0341318
0.168882
0.0524859
0.0670243
0.185842
0.00977008
0.0129836
0.0249129
0.0594112
0.0338671
0.025987
0.0483024
0.0766233
0.210058
0.0697902
0.0238609
0.08488
0.0712353
0.0354714
0.0308585
0.044312
0.017614
0.0261171
0.091255
0.032951
0.0639631
0.0251569
0.056283
0.454105
0.0209433
0.106116
0.296915
0.0631792
0.150733
0.0376518
0.0900715
0.0741211
0.0256734
0.0246286
0.106528
0.053238
0.106701
0.0387482
0.23482
0.0199436
0.0400167
0.0705042
0.0589243
0.0197989
0.0142579
0.073747
0.00872601
0.0142967
0.0355771
0.0123078
0.0309491
0.0186025
0.026606
0.0520282
0.0190213
0.0610185
0.12022
0.0691034
0.0433286
0.0200764
0.0789006
0.0559969
0.0400285
0.0568364
0.0125458
0.0780822
0.0563288
0.0817896
0.132746
0.0715974
0.174504
0.0550487
0.0380069
0.0894042
0.126102
0.0590825
0.0957385
0.0815079
0.193475
0.0530234
0.0818143
0.0432641
0.0403542
0.0946916
0.0398293
0.0335973
0.0664895
0.0305017
0.118013
0.0650526
0.0463681
0.041642
0.111143
0.0340398
0.0600864
0.130745
0.110218
0.0567302
0.0679114
0.0256422
0.21626
0.0547746
0.0379902
0.0659071
0.0545374
0.044645
0.032543
0.0532126
0.0442389
0.0643
0.0285882
0.128987
0.0702051
0.111418
0.288711
0.0288246
0.0348396
0.17241
0.0118053
0.107479
0.0299995
0.0386457
0.101706
0.0568603
0.0254889
0.0307611
0.0433731
0.0543675
0.0348887
0.183971
0.0670623
0.0652771
0.337307
0.0791762
0.107901
0.0682306
0.0409362
0.030798
0.0598458
0.054787
0.0851679
0.0923603
0.102886
0.121978
0.0165859
0.0496383
0.0486419
0.0474388
0.0324299
0.163303
0.212098
0.0709288
0.0444808
0.0459322
0.0503481
0.114677
0.0238592
0.0605355
0.00721164
0.0541073
0.0602679
0.0311388
0.0921068
0.121315
0.0346793
0.0379086
0.0330882
0.0546036
0.103457
0.035351
0.155719
0.0283354
0.0270863
0.0486533
0.0465961
0.0138122
0.0092827
0.0797932
0.0782716
0.0976253
0.0583263
0.0463855
0.0559596
0.017579
0.0796664
0.017441
0.0250494
0.0583988
0.0333966
0.0348316
0.0553739
0.0366586
0.0291345
0.0758915
0.0520472
0.100763
0.0596089
0.0346445
0.02313
0.0909233
0.0579215
0.0939598
0.0276418
0.212364
0.055952
0.0353703
0.0398409
0.0311814
0.032755
0.0606645
0.0100091
0.0292904
0.0172563
0.175084
0.26952
0.0247809
0.0196346
0.0368242
0.0144791
0.070918
0.192123
0.0367424
0.0310529
0.021064
0.249803
0.0736524
0.0363642
0.0939553
0.042571
0.0537422
0.0403415
0.0557435
0.0581482
0.0427398
0.0208164
0.0356348
0.0973326
0.0372533
0.0311956
0.078907
0.0168316
0.131051
0.201188
0.053141
0.0291431
0.0542216
0.0419183
0.0106503
0.0562368
0.17394
0.0747919
0.0888396
0.0479753
0.0286194
0.0389146
0.0266888
0.0226936
0.046431
0.107992
0.134463
0.0212881
0.0678755
0.0770288
0
0
0
0
0
0
0
0
0
0
0
0
0
0
0
0
0
0
0
0
0
0
0
0
0
0
0
0
0
0
0
0
777777