2.72374
999999
-0.450287
-0.363497
0.163051
-0.133804
0.0509761
-0.154768
-0.166384
0.921486
0.00415915
0.21059
0.234351
0.148362
0.801541
-0.245569
-0.181846
0.271656
0.966471
0.17552
0.522752
-0.899788
0.0188721
0.126689
0.149275
0.395264
0.493804
-0.0779212
-0.0940502
0.125924
0.0422657
0.533945
0.0409903
-0.170003
-0.126079
-0.36316
-0.435453
0.328401
0.214516
0.246711
-0.0408328
-0.109769
0.415725
0.0979567
1.2085
0.157779
0.38964
0.325712
-0.209682
-0.247717
0.309711
0.480488
0.021473
-0.17022
0.149659
0.412201
0.144542
0.21206
-0.0961486
0.231516
0.245409
0.0590459
-0.115963
0.307079
-0.0973332
-0.179819
0.171567
-0.492958
0.255405
0.161462
0.220132
0.621665
0.0258824
-0.390252
-0.196053
-0.0100371
-0.151278
-0.00216299
-0.0750404
0.302903
0.152593
-0.208715
-0.164554
-0.158534
0.271531
0.69985
0.11092
0.808469
-0.202193
0.0683379
-0.44419
-0.481058
-0.347117
0.148142
0.304182
-0.536297
0.157928
-0.040663
0.411514
0.769718
-0.619998
-0.193864
-0.169501
-0.199688
-0.351388
0.30318
-0.0996376
-0.0512629
-0.395397
0.499323
-0.112143
-0.172481
0.00589259
0.051108
-0.171917
0.561891
-0.118446
0.304613
0.15734
-0.519621
0.175355
-0.407256
-0.418729
-0.14243
-0.150204
-0.316093
0.00385052
0.172929
0.0129528
0.149195
0.670383
-0.0884377
-0.107103
-0.504889
0.505822
0.469703
0.0119143
0.210531
-0.125419
0.292904
0.157385
-0.307334
0.54301
-0.0795702
0.193261
-0.00919191
0.060272
0.413855
0.0744545
0.403436
0.213341
0.0269919
0.325661
0.129759
-0.228195
-0.32152
0.384812
0.38879
0.394408
0.238383
0.151468
0.520323
-0.0136181
0.1951
-0.01475
0.119389
0.32561
-0.483707
-0.518371
-0.50128
-0.161597
-0.225442
1.00117
-0.081276
-0.316325
-0.00662832
-0.452759
0.179774
-0.0158722
-0.34183
-0.65164
-0.598439
-0.011745
0.722008
-0.355636
0.106223
0.104906
0.260465
0.187001
-0.43478
-0.260135
0.340591
-0.103631
0.649031
0.484614
0.414622
0.215232
0.208536
0.242951
0.056662
0.0671682
0.300681
-0.635877
-0.108648
0.420211
-0.316557
-0.456278
-0.0568446
-0.227241
-0.333295
0.133478
-0.457548
-0.228022
0.109392
-0.465026
-0.339137
0.169891
-0.453127
0.422404
0.152585
0.648616
0.145771
-0.99408
-0.528996
-0.176567
0.233097
0.287926
0.138381
-0.180307
0.205482
0.041301
0.265768
0.274552
0.360813
0.775839
-0.509703
-0.120949
-0.761756
0.0190069
0.144374
0.07283
-0.403812
-0.33909
-0.402214
0.251333
0.213504
0.0130236
-0.220147
-0.109107
0.819246
0.653966
0.174584
0.0961828
0.389432
0.13113
-0.188944
0.367588
0.0524448
-0.168329
-0.315995
-0.134326
-0.359193
0.388001
0.0983605
0.24866
0.338185
-0.139398
0.0611374
0.497889
-0.190694
0.327876
0.226866
-0.113108
-0.174786
0.309238
0.434581
-0.32027
0.321217
-0.597945
0.227205
-0.482508
0.901133
-0.189959
0.250087
-0.00738876
0.160178
-0.703955
0.00734106
-0.189102
-0.65484
-0.077486
0.353001
-0.0476765
0.557671
-0.38063
0.461166
0.750392
0.467239
1.22109
0.423809
0.745899
0.749818
-1.18604
0.450217
-0.17225
0.595549
0.00988886
-0.533991
-0.160671
0.328637
0.416445
-0.0267012
0.383262
-0.0208211
-0.186938
-0.238139
0.264796
0.320815
0.540207
-0.186726
0.88114
0.0988441
0.0373687
0.0120133
0.301055
-0.265956
-0.396629
-0.0596402
-0.402706
-0.392544
0.422721
0.0143818
-1.35318
0.485146
0.139843
0.266981
-0.326976
1.05224
0.313946
-0.228374
0.772604
0.240901
0.39072
-0.451845
0.384074
0.208089
0.43942
-0.276804
0.0704396
-0.0114055
-0.507378
0.731367
-0.0205937
-0.00945561
-0.0877491
0.139996
0.106723
0.299743
-0.406293
0.708297
-0.956934
-0.0469526
-0.520797
-0.214654
-0.160103
-0.196647
0.579105
0.362522
0.777434
-0.0213957
-0.476714
0.206158
-0.0301562
-0.253262
0.0942244
-0.309027
0.298193
-0.263032
-0.0823507
-0.344165
0.193119
0.0686474
-0.177235
0.465459
0.39862
0.0988394
0.0974687
0.377447
-0.3955
-0.762915
-0.318993
0.199439
-0.102982
-0.453686
-1.32
-0.677233
0.205896
-0.311671
0.108331
-0.480327
0.244153
0.12132
0.154178
-0.320615
1.63201
0.330032
-0.521288
0.543031
-0.206074
0.199488
-0.0350213
-0.121904
-0.391855
-0.0656049
0.802099
0.580312
-0.431647
-0.396951
0.174118
-0.480671
-0.0849134
-1.09027
-0.525352
0.044384
0.238356
-0.168175
-0.124758
-0.44028
-0.0453681
-0.0668443
-0.0354756
0.12008
-0.0290826
0.415868
0.209032
0.121593
-0.150003
-0.251129
0.675774
0.704117
-0.26609
0.620044
-0.0851563
-0.0517752
-0.0697267
-0.432814
-0.0149444
0.154425
-0.236878
0.24728
0.334905
0.164338
0.282883
-0.18474
0.0896609
0.626493
0.107056
0.462891
0.109385
-0.158653
-0.470064
-0.105977
0.37739
-0.0590757
-0.17582
0.132447
0.140139
-0.0393126
0.520095
0.253299
0.662274
-0.0349907
0.0645034
-0.161269
-0.0814706
-0.301231
-0.636255
0.0708
0.100177
-0.780453
1.49187
0.208296
0.134307
0.476038
0.493272
-0.246937
-0.385015
0.116577
0.0436909
0.318543
0.479661
-0.0106423
-0.561169
-0.434058
-0.0683343
-0.363352
0.432202
-0.0231019
-0.335097
-0.0374727
-1.18669
-0.431993
-0.182088
-0.806355
0.902122
-0.463183
-0.345315
0.18173
0.787131
0.00392953
-0.101167
0.00221622
-0.000664363
0.176275
-0.32858
0.144217
0.0523957
0.424785
0.0180544
0.370868
0.728223
-0.572355
-0.363893
-0.165436
0.808024
0.217028
0.319278
-0.0777605
1.06289
0.463596
0.0444625
0.109513
-0.390303
-0.0182446
-0.204651
0.133187
0.0123664
0.0326174
0.285919
-0.331109
-0.640174
0.551016
-0.0813023
-0.428451
0.24792
0.402738
-0.157643
-0.109317
0.409118
0.124196
0.0246654
-0.158461
-0.298893
-0.391348
-0.703072
-0.327014
-0.0887976
-0.293192
-0.467472
0.466681
0.255742
0.88246
-0.575901
-0.69033
-0.00184577
0.169178
-0.980533
0.293424
-0.195495
0.458398
-0.241048
0.549609
-0.770394
-0.152996
-0.657756
-0.244908
0.306541
-0.202502
0.0980373
-0.607332
-0.0137765
0.00974476
0.273507
-0.268507
0.0849137
1.30238
-0.428935
0.0539836
0.860574
-0.196124
-0.323791
0.10591
0.474629
-0.0811254
-0.309416
0.0927473
-1.94622
0.968692
-0.46055
-0.427069
-0.0950708
-0.313662
-0.215205
-0.204707
0.112213
0.865661
0.142817
0.0375931
0.138896
-0.582698
-0.33742
-0.355101
0.451676
0.271323
1.07375
-0.059337
-0.241982
0.282721
-0.205865
-1.2831
0.0012698
0.304155
-0.341657
0.222947
0.166291
-0.0071853
-0.214598
0.0684605
0.646039
-0.0396205
0.622649
-0.706456
0.0848545
0.117638
-0.0704635
-1.43902
0.0566688
-0.550175
0.151699
0.0505196
-0.284714
0.0762127
0.544037
0.0744028
0.0747773
-0.62638
-0.0330902
0.144634
0.399227
-0.0436519
-0.0628533
-0.676651
0.178714
0.355434
0.199332
-0.136428
-1.04869
0.0898112
-0.135542
0.0205831
-0.53203
0.226527
-0.0780872
-0.410108
0.0609692
-0.307858
-0.0225261
-0.117954
-0.0765951
0.2237
-0.0168988
0.425615
-0.281909
0.00247753
0.236223
-0.417057
-1.90074
0.0212664
-0.0269058
-0.486324
-0.496858
0.00390997
0.457718
0.146127
-0.0783127
0.15677
-0.507468
0.284291
-0.44392
-0.0207926
-0.156563
0.57806
-0.310807
-0.0121543
0.17158
-0.182105
-0.865644
-0.199823
-0.674912
-0.306328
-0.942307
-0.459829
-0.0855265
-0.553442
-0.0370333
0.174816
0.191744
0.199765
-0.161408
0.0790148
0.167445
-0.3519
-0.152817
0.037815
0.10011
-0.0640167
0.160863
0.292327
0.68772
-0.151237
0.297981
-0.662787
-0.291296
0.361869
0.429765
-0.166229
0.305672
-0.257026
-0.146834
0.524874
-0.258404
0.810655
0.279996
-0.149226
-0.341206
-0.448668
0.272675
-0.0920978
-0.39648
-0.281994
-0.34487
-0.0229038
-0.150757
0.144048
-0.169062
0.201646
-0.412891
0.163223
0.289389
-0.0923573
-0.497532
0.195696
0.2736
-0.307786
1.77479
0.0261364
0.875301
0.142714
-0.605391
-0.279657
0.374117
-0.304048
-0.647685
-0.205166
0.0398267
0.102087
0.0846986
0.131763
-0.26487
-0.0437219
-0.549071
-0.489556
0.69366
-0.399102
-0.402291
0.101454
-0.232741
0.694213
0.0348186
0.0130286
0.0503157
0.246301
0.153141
-0.416008
-0.340097
0.477272
-0.154336
-0.455804
0.0418157
0.487402
-0.561931
0.132288
0.307609
0.0234562
0.307465
0.0224622
-0.596061
2.11827
0.0839872
-0.43919
0.621739
-0.320096
-0.166935
-0.162947
0.372053
-0.326359
-0.156319
-0.966675
0.412103
-0.0157035
0.225365
0.0927658
-1.09822
-0.786169
-0.257618
-0.0236002
-0.300906
-0.526529
-0.00682422
-0.668317
0.886925
-0.0456392
0.257263
-0.061117
0.576543
-0.0253609
0.701344
0.0454151
-0.128329
0.149787
0.00411327
-0.174333
-0.0893385
-0.186997
-0.14514
0.00404986
0.413718
0.188523
-0.0529516
-0.148176
-0.238455
-0.00123752
0.0916091
-0.274815
0.499385
-1.4861
0.371747
-0.352825
-0.0944236
0.0165055
-0.147155
0.190269
-0.359588
0.0528652
0.120228
0.317942
-0.199347
0.354309
-0.185326
0.538344
0.136602
0.16202
0.169162
0.719622
-0.243421
-0.129675
0.249361
-0.14382
0.0830328
-0.150169
-0.283339
-0.747053
0.37676
0.115564
0.4399
-0.0818031
-0.30715
0.246812
-0.280704
0.163327
-0.00852462
-0.0654069
0.488013
0.281411
-0.0661895
0.146224
-0.206848
-0.30215
0.145148
-0.780513
0.073107
0.321186
-0.411766
0.752183
-0.298016
0.0877824
0.747413
-0.182185
1.40895
0.23404
0.697881
-0.306835
-0.349632
0.692692
0.0265747
0.225465
-0.420046
0.220901
-0.411149
-0.0949923
0.143469
-0.857191
0.260577
0.0022809
0.223248
0.0940301
-0.259923
-0.392681
0.0545394
-0.351664
-0.456082
-0.391891
-0.274038
0.189994
0.00749785
0.149592
-0.217337
0.322679
-0.812095
0.775065
0.000636633
-0.040887
0.639387
-0.14127
-0.015528
-0.0246759
0.321271
-0.28949
0.785359
-0.161892
0.196158
0.266977
-0.31098
0.0505896
0.383977
-0.785677
0.0110387
0.612446
-0.172564
-0.238924
0.254217
-0.011259
-0.0970438
-0.880603
-0.379065
-0.310287
-0.997741
0.0272635
-1.45849
-0.00443677
-0.985347
-0.150156
1.16126
0.174768
0.63435
0.137756
-1.01826
0.307407
-0.0664379
0.00506397
0.0888841
0.127231
-0.679866
0.0824779
0.112892
0.0966426
-0.995465
-0.394646
0.483899
-0.256819
-0.374503
0.0643343
0.315029
-0.505482
-0.045358
0.316499
0.0522336
0.692526
0.875396
0.698074
0.296447
0.292017
-0.476409
0.0380983
-0.259779
0.276583
0.406381
0.127088
0.46234
-0.104516
0.0237374
-0.281481
0.198541
-0.061282
0.26061
0.235888
0.0214905
0.52903
0.625425
-0.628793
-0.252187
0.493174
0.536511
0.0113527
0.234401
0.86642
-0.0209764
-0.271568
0.466207
-0.755573
0.424073
-0.118419
1.32568
-0.254622
-0.23034
-0.126459
0.0139105
-0.209839
0.0232247
0.07516
0.103862
0.0393718
-0.243622
-0.356002
0.207431
-0.620294
0.520156
-0.347061
-0.212496
0.777324
0.0232657
0.150323
-0.566583
0.0648553
0.102833
-0.82676
-0.298901
0.00214956
0.284594
-0.253369
-0.228198
0.386562
0.119489
-0.0422121
-0.169508
0.344157
0.186264
-0.415609
-0.210471
0.191984
0.0775032
-0.114745
-0.379427
0.685803
-0.0116903
-0.639405
-0.100298
-0.442512
-0.24416
-0.322973
0.882145
0.382706
-0.374143
-0.16767
0.814692
0.229855
0.116901
0.0928102
-0.647034
1.77863
-0.315488
-0.242055
-0.191455
-0.345425
-0.108923
-0.040469
-0.165177
0.390208
0.10387
0.210811
-0.430111
-0.217201
0.0404357
0.31003
-0.215092
0.393987
0.432918
-0.0685832
-0.945258
0.273947
0.221243
0.632123
-0.220583
-0.257691
0.0638288
-0.611442
0.295574
0.0661358
0.129261
-0.00606374
0.813374
0.115709
-0.261047
-0.0454493
0.231233
-0.0878164
-0.495407
0.435889
-0.76836
-0.621634
-0.070415
-0.383907
0.302552
0.222808
0.0172979
0.459317
-0.664106
-0.461121
0.104029
0.268679
0.0716197
-0.2996
0.666899
-0.742954
0.0150516
0.270247
0.62869
1.17313
0.0452145
-0.153651
0.406049
-0.0566882
-0.44246
-0.0759909
-0.0115849
1.14873
-0.261852
-0.658058
0.0550623
-0.199729
-0.0463659
-0.562348
0.298254
0.259368
-0.143203
0.00763137
-0.15511
-0.552099
0.32249
-0.143276
0.28702
0.182209
-0.274949
0.0227406
0.0810906
-0.219543
0.296024
0.0354023
-0.215386
-0.141552
0.608202
0.116497
0.0119067
-0.259065
0.017268
0.149653
1.66048
-0.150072
-0.363316
0.300491
-0.0861589
0.37988
-0.673282
0.401193
0.0919115
0.409605
0.0415565
0.349923
-0.29149
0.257183
0.00381424
-0.102746
0.159574
0.222253
-0.111843
0.0514707
0.362602
0.496017
-0.887228
0.0891249
0.176458
-0.355684
-0.425908
-0.11226
-0.0862479
-0.0638034
0.387505
-0.418735
-0.177095
0.018703
-0.00954567
-0.304353
-0.555253
0.244117
0.602861
1.14515
-0.544839
-0.662424
-0.207257
0.576385
0.185623
0.377228
-0.545038
-0.27965
-0.118741
-0.278053
0.234073
0.206626
-0.0238668
-0.80035
0.0301763
-0.929273
-0.187199
-0.773369
0.161839
0.25732
-0.034883
-0.069295
-0.41573
0.898583
0.0761061
-0.00253702
0.186145
0.265412
0.434786
0.0149293
0.597571
0.0367677
0.23813
0.353737
0.00596809
0.257798
-0.206019
0.187794
0.348386
0.0202396
0.218424
0.140334
0.242531
0.11995
0.315276
0.277818
-0.214793
0.320042
-0.37824
0.421281
0.185629
-0.0879432
0.49902
-0.147667
0.76173
-0.0017108
0.616373
0.103425
-0.0097936
-0.360954
-0.875331
-1.01412
-0.527386
-0.929064
0.0114936
-0.31606
0.356254
0.5889
-0.458029
-0.226767
-0.150206
-1.86794
-0.0924139
-0.326622
0.0284146
0.00413675
-0.149239
0.103039
0.306592
0.35069
-0.176025
0.266907
0.443187
0.137837
-0.486344
-0.135847
0.882525
0.148835
0.337837
-0.191992
0.0284839
0.200227
-0.239743
-0.270307
-0.102893
0.323228
0.184711
0.0959292
-0.615953
0.526671
-0.501604
-0.239106
-0.205036
0.0242747
-0.12947
0.584931
-0.125838
0.336378
0.564448
-0.113628
-0.305664
-0.188237
-0.0350491
-1.21602
0.5485
-0.419749
0.574175
-0.0510142
0.180815
0.147706
0.26016
0.217394
-0.301766
-0.479745
-0.517679
0.0239196
0.217511
-0.55685
0.810408
0.20769
0.1051
-0.069592
-0.142309
-0.466575
-0.239075
-0.0177098
-0.296424
-0.68535
0.161617
0.0789285
0.190509
0.0965146
-0.185124
0.0133398
-0.207097
-0.120526
-0.126231
-0.311996
-0.267385
-0.395953
-0.488873
-0.375523
-0.565072
-0.221107
-0.0117587
0.118606
0.293057
-0.210904
-0.207955
-0.396587
0.590903
0.218044
0.12464
0.147149
-2.09862
-0.145737
0.00133785
-0.0673826
0.129179
0.0184673
-0.096167
1.01394
-0.279448
0.080549
0.0546831
3.81046
0.497363
0.593521
0.417838
0.141641
-0.355249
-0.141298
0.561005
0.166735
0.0886702
0.303513
-0.193494
0.058092
-0.467525
-0.179794
0.0975714
0.573294
0.323908
-0.351777
0.289064
0.253725
-0.0101815
-0.101826
-0.240441
0.183334
-0.532106
-0.0326598
0.656673
-0.0564055
-0.049156
-0.484063
0.272842
0.239168
-0.181335
-1.05945
-0.104477
-0.0595633
0.846497
0.36688
-0.121428
0.238679
0.0889271
-0.00132999
0.108543
0.381192
0.745507
-1.03876
-0.056223
-0.0113741
-0.0714816
-0.106311
-0.736504
0.3235
0.147297
0.0754561
0.213831
0.213935
0.226085
0.230316
0.065152
-1.02438
0.893189
0.320018
0.262212
1.21624
-0.262947
0.503864
-0.210082
0.0841306
0.890298
0.0578733
-0.569327
-0.000570123
-1.98602
-0.161489
0.284872
1.20269
0.18405
0.394996
-0.00891001
0.100259
0.0165434
-0.0460751
0.620934
0.19441
-0.227818
0.193625
0.085575
-0.25785
0.0543013
-0.168786
-0.0590153
0.0719242
0.173536
0.0755718
-0.390693
0.0307888
-0.530883
-0.0617407
-0.439516
-0.0570917
0.0448905
0.456425
-0.200011
0.736546
-0.363284
-0.240747
0.250995
0.115412
-0.243788
-0.874851
-0.586085
-0.193191
0.0845943
0.201095
0.196938
-0.953997
-0.7108
-1.00286
0.151601
-0.28489
0.0917264
0.507531
-0.132657
0.251755
-0.00386731
-0.0540664
0.758804
0.380888
0.036433
0.188306
-0.125679
-0.343802
-0.103377
0.516126
-0.381677
-0.390322
0.250246
-0.157156
0.206345
0.557277
-0.689575
0.084734
0.120457
-0.0517496
0.332656
-0.119939
-0.387438
0.13392
0.406391
-0.122656
-0.45193
-0.417404
-0.329791
-0.110939
1.42062
-0.0618526
-0.210049
0.242604
0.0255437
0.462068
0.265592
0.13557
0.0462807
0.250343
0.12801
-0.0396984
-0.426537
0.0355925
0.323348
0.703765
-0.771324
-0.172655
-0.319733
-0.860227
0.327725
-0.667559
-0.26672
0.723769
-0.245387
-0.921978
-0.364854
-0.0337607
0.413537
0.0342981
-0.22468
-0.228413
-1.2285
0.343147
-0.27794
0.544694
-0.0260464
-0.0344221
0.521174
0.112516
0.438213
-0.0385124
0.877739
-0.14241
0.0349193
-0.0980316
0.241454
-0.0635108
-0.0190492
0.167828
-0.0459034
1.40641
0.417287
0.555936
0.167473
0.172964
-0.339232
0.667838
-0.161996
0.0624827
-0.481804
-0.122082
-0.00778316
-0.18146
0.49163
0.34896
-0.109203
0.333356
-0.118858
0.236781
-0.48818
-0.00634619
0.185359
-0.1206
0.0207205
0.257113
-0.661698
-0.273153
-0.726431
-0.790888
-0.226356
-0.00320709
-0.742132
-0.143951
-1.1154
-0.272278
0.0655681
0.286273
0.370074
0.0184191
-0.3913
0.308781
-0.134935
-0.125177
-0.26099
-0.0244767
-0.948495
1.72529
0.318826
-0.10956
0.263704
0.0224534
0.678747
-0.0958841
-0.188949
0.458299
0.067939
1.3268
0.354792
0.19617
-0.0366527
0.457989
-0.133586
0.0592708
-0.735784
-0.356973
0.0205836
-0.188282
-0.575603
-0.0863285
-0.200387
0.0105029
-0.770339
-0.207104
0.131224
0.429148
-0.645546
0.272492
0.194693
0.245353
0.24859
-0.128767
0.505762
-0.296258
-0.618931
-0.0917462
-0.0139523
-0.158303
0.210803
-0.051148
0.507665
0.505149
0.423963
0.0720752
0.342415
0.0452442
0.0845411
-0.183404
0.17198
-0.163149
0.0570926
-0.183599
0.104672
-0.16808
0.0231031
-0.113866
-0.104268
0.128119
0.0246999
-0.115726
-0.193223
0.0111041
0.0682237
-0.156079
-0.0685226
-0.156845
-0.0763311
-0.0496129
-0.048363
-0.0107757
0.0357473
-0.0172453
0.127606
0.0530418
0.162334
0.0869917
0.127751
0.184639
888888
0.0602273
0.0103591
0.0950356
0.0229473
0.0335626
0.0407833
0.0401724
0.159375
0.0215647
0.124345
0.0640204
0.0228843
0.113236
0.0212389
0.00729033
0.0388825
0.066502
0.00865177
0.0518999
0.163312
0.0251809
0.0894023
0.13489
0.0293813
0.0366117
0.0193434
0.0367586
0.177233
0.0161003
0.0844457
0.0964138
0.0297562
0.0493212
0.0871974
0.0504633
0.0492049
0.0894621
0.0151067
0.0575402
0.0377148
0.07271
0.0271667
0.238165
0.0255546
0.0186574
0.0780417
0.0198097
0.052738
0.0251427
0.00999601
0.0355657
0.0547426
0.0987611
0.0518071
0.0928378
0.0463111
0.0210993
0.0175666
0.0242093
0.0298377
0.119178
0.336748
0.0660878
0.0513641
0.0517584
0.0437289
0.0242915
0.015638
0.0478139
0.164537
0.0586214
0.0894106
0.0580818
0.0441455
0.0597785
0.0111575
0.0351381
0.109509
0.0248857
0.054941
0.0903264
0.0458574
0.135461
0.0731988
0.0224054
0.0785177
0.0671876
0.0312555
0.0728448
0.0739455
0.0248701
0.0310143
0.0882247
0.0328604
0.0234149
0.00957286
0.0880897
0.0643816
0.0300387
0.0338953
0.0557644
0.0565298
0.0809129
0.0612475
0.0689142
0.0822937
0.0453233
0.0967453
0.0721959
0.0487753
0.171782
0.218643
0.0167958
0.0244782
0.037904
0.0656461
0.0322783
0.0521541
0.0393064
0.118393
0.0802713
0.0673433
0.0152058
0.0340007
0.0506592
0.150779
0.0699023
0.0834269
0.0523162
0.061821
0.317778
0.07043
0.283928
0.0558274
0.0178261
0.0449512
0.0790976
0.022613
0.105314
0.060751
0.0277961
0.0158055
0.0170273
0.0459766
0.105834
0.115675
0.0416383
0.0318507
0.0220868
0.0533018
0.0405495
0.103768
0.00765341
0.0470386
0.209705
0.173175
0.228822
0.034059
0.0561829
0.0695046
0.0163058
0.0666123
0.0354684
0.120282
0.135759
0.00693409
0.0967458
0.0302671
0.120024
0.0757983
0.122164
0.0464498
0.393843
0.0444347
0.184909
0.00816458
0.021167
0.0253195
0.063097
0.0838832
0.0137813
0.0660588
0.0162275
0.0877595
0.0288569
0.0260487
0.0160526
0.0225471
0.0221008
0.0509778
0.061696
0.0870563
0.0431902
0.175634
0.0596579
0.0264987
0.104961
0.0690176
0.0467217
0.0321797
0.0523275
0.0666968
0.0881914
0.0185689
0.10285
0.0697049
0.0832251
0.0940168
0.0307804
0.0763793
0.0565698
0.0225861
0.0380336
0.028625
0.030767
0.111555
0.0190112
0.0464563
0.0463559
0.0331438
0.219785
0.0715697
0.0286968
0.437063
0.0504513
0.107416
0.034045
0.0302471
0.0558529
0.0409954
0.162081
0.0899801
0.328554
0.102334
0.0191649
0.0671622
0.0262425
0.0115468
0.182733
0.242572
0.0471738
0.0354484
0.0819505
0.106396
0.0165223
0.0347181
0.0472926
0.193527
0.0261299
0.0125844
0.0378737
0.0969702
0.0851527
0.0243097
0.0457711
0.0392769
0.0621483
0.0509135
0.0304903
0.0843725
0.056664
0.0534991
0.0676814
0.0422052
0.0334403
0.115805
0.0260199
0.112223
0.0564926
0.126503
0.0556196
0.108242
0.0299859
0.146377
0.0808719
0.0522176
0.0822151
0.0563194
0.0707913
0.123921
0.0183065
0.0707124
0.0423805
0.0483872
0.114572
0.0425546
0.0536002
0.0435091
0.00570783
0.0270228
0.045428
0.056014
0.0358596
0.0395489
0.0555321
0.056817
0.0593737
0.213598
0.0468365
0.0116287
0.164336
0.0485949
0.0159015
0.196864
0.0469822
0.165303
0.00859929
0.0336988
0.0648222
0.122949
0.020171
0.10522
0.0388716
0.0291662
0.081233
0.0371366
0.0107221
0.0703664
0.255441
0.0531564
0.168086
0.0986375
0.0569562
0.101783
0.0336006
0.041937
0.0285268
0.0939199
0.0461595
0.0956063
0.213955
0.0395606
0.0119811
0.0503468
0.0205919
0.173493
0.0351212
0.0131312
0.1152
0.0566265
0.0904114
0.0508583
0.0511395
0.0372335
0.276496
0.0659614
0.0347564
0.0498055
0.0468195
0.0895758
0.0558938
0.0457929
0.0651579
0.0203218
0.0172066
0.0411636
0.0272506
0.112128
0.0394716
0.108017
0.0943954
0.0729272
0.0559653
0.0889075
0.0765724
0.0394767
0.0557672
0.0208021
0.0617252
0.0762756
0.0476215
0.10992
0.010486
0.0135322
0.0182159
0.0322226
0.106133
0.0126231
0.0287436
0.0639034
0.0434494
0.0566185
0.079383
0.116041
0.0423016
0.0229447
0.063321
0.0369273
0.108172
0.0655026
0.0480743
0.136445
0.0473439
0.213885
0.0137583
0.0335129
0.0712889
0.084653
0.0357125
0.0841255
0.0393733
0.0358785
0.153771
0.0612056
0.025883
0.0774265
0.012925
0.0478927
0.21499
0.0295224
0.0454301
0.0241141
0.0751876
0.104913
0.0502994
0.0177302
0.0360277
0.0328601
0.120352
0.190376
0.0876362
0.0177724
0.0283366
0.0861375
0.0353534
0.0313999
0.0441686
0.0494496
0.0972945
0.0562404
0.0457773
0.0513253
0.0306339
0.0487233
0.0195409
0.121844
0.065883
0.0432403
0.0264433
0.0452113
0.0354805
0.0189626
0.030193
0.0271817
0.151686
0.0152019
0.0506548
0.0254019
0.0816936
0.0794245
0.0261415
0.070756
0.0123505
0.0629207
0.034416
0.074855
0.0299516
0.0307445
0.0771702
0.0196063
0.0252903
0.0409663
0.0264333
0.10041
0.189547
0.0158385
0.0281083
0.024454
0.0605268
0.0363168
0.0394506
0.0114476
0.0648943
0.0254969
0.0415266
0.057689
0.0660321
0.035574
0.209823
0.0534535
0.0392289
0.0625584
0.0200094
0.0734567
0.0892689
0.0573255
0.0698566
0.200834
0.203656
0.0545846
0.0211109
0.0280692
0.0258564
0.11664
0.0566462
0.0729363
0.0454359
0.020073
0.0825558
0.028419
0.0403352
0.0596342
0.060999
0.0792601
0.027657
0.0194974
0.18303
0.0365031
0.107234
0.0294248
0.0929088
0.0327616
0.0460328
0.150293
0.0770731
0.105273
0.0756484
0.0231591
0.118816
0.0321533
0.0530319
0.0448412
0.185432
0.0368066
0.0902446
0.0476798
0.129881
0.159924
0.0582847
0.0232414
0.119616
0.0640087
0.0427242
0.0445148
0.101646
0.052746
0.139824
0.0571937
0.0771663
0.0364504
0.039633
0.197504
0.0217739
0.0761581
0.0418965
0.0479366
0.0183025
0.017775
0.0348875
0.138121
0.0581378
0.0648502
0.0652412
0.086609
0.0638246
0.07176
0.0964166
0.0125711
0.0749649
0.173678
0.162408
0.0717152
0.079823
0.0258575
0.13884
0.0478936
0.0389711
0.0285427
0.0936503
0.085134
0.159062
0.0407494
0.168159
0.0387184
0.0137899
0.0448355
0.046771
0.0204734
0.13668
0.133196
0.0328844
0.0218786
0.0163617
0.127499
0.0608101
0.0814962
0.228302
0.073197
0.0670593
0.0149883
0.087555
0.0315586
0.0912543
0.0322178
0.289811
0.142003
0.0270283
0.104447
0.0314112
0.182881
0.0154344
0.0116409
0.0657932
0.129243
0.201602
0.0525321
0.043491
0.022544
0.0301213
0.0116863
0.0230942
0.0585186
0.148476
0.135648
0.0629502
0.0482683
0.0735599
0.124457
0.10639
0.0315171
0.0173461
0.0263647
0.0384015
0.145637
0.0801775
0.0446315
0.0699558
0.0348624
0.0385847
0.125353
0.0202368
0.0156194
0.0383377
0.187912
0.022247
0.0679351
0.0120929
0.0936818
0.0147014
0.130182
0.0381654
0.0499762
0.0816476
0.0638857
0.0304148
0.0266645
0.148321
0.0367687
0.0601817
0.0984305
0.0573582
0.0804053
0.0223757
0.0183719
0.147942
0.0467171
0.0960923
0.051687
0.0210783
0.0437088
0.0278253
0.0406497
0.0187666
0.165827
0.0281317
0.0348984
0.0742778
0.267869
0.0619305
0.0353897
0.0245941
0.0147838
0.0654421
0.0143826
0.238278
0.257663
0.0593163
0.0233228
0.225155
0.0737684
0.0808187
0.0341643
0.0366978
0.0889906
0.0964051
0.0385665
0.0237457
0.0787586
0.0531028
0.0777823
0.0488622
0.0436615
0.0693517
0.0471202
0.0165811
0.034405
0.0563602
0.033838
0.139702
0.0601567
0.0285833
0.0558996
0.0133622
0.0628485
0.050859
0.0412438
0.0591229
0.0293955
0.0367647
0.0546235
0.0197504
0.0689051
0.0884598
0.0320096
0.0601291
0.0391376
0.0969487
0.0327213
0.102613
0.132107
0.0214763
0.0930849
0.218418
0.00750175
0.13361
0.033493
0.0924772
0.0270786
0.0187395
0.213956
0.0346914
0.0464016
0.216421
0.0168262
0.0402336
0.0658253
0.0450928
0.0497292
0.051145
0.140053
0.0777963
0.0326383
0.0649306
0.0171812
0.0307183
0.050932
0.0510139
0.0409308
0.0828921
0.0982745
0.0504541
0.0316389
0.240276
0.0332893
0.0943413
0.0209322
0.0524029
0.0561035
0.0339378
0.0294046
0.0339704
0.0970142
0.0353553
0.0129246
0.0298363
0.0227622
0.0526913
0.0258037
0.216254
0.0426806
0.104428
0.0941675
0.115506
0.0622509
0.0653121
0.127323
0.056416
0.0473146
0.292817
0.0411774
0.0279331
0.117248
0.0328533
0.0264697
0.0212181
0.13777
0.0226818
0.0410931
0.0403295
0.0454793
0.218612
0.021238
0.0146269
0.117686
0.0636016
0.243945
0.0428207
0.152552
0.0388598
0.019334
0.0818949
0.064495
0.110885
0.028449
0.06335
0.139009
0.022497
0.0289692
0.0164988
0.0479395
0.14844
0.0491611
0.0481228
0.0903711
0.17313
0.0323161
0.0240243
0.0805603
0.200188
0.0267836
0.0364091
0.0537825
0.117336
0.0332074
0.0921475
0.0642236
0.0250983
0.0227197
0.0449664
0.0113067
0.0397878
0.072612
0.0324749
0.0686167
0.0241651
0.0164131
0.17078
0.0354661
0.0572114
0.0157508
0.111738
0.0567364
0.0419227
0.148104
0.0376489
0.0232389
0.0535923
0.0338293
0.044732
0.0299147
0.0790258
0.0179401
0.0267267
0.0686086
0.0319692
0.0285798
0.0700757
0.0692015
0.0394358
0.0343084
0.0221815
0.335784
0.0200587
0.067509
0.0294109
0.0414535
0.0649935
0.0560089
0.0583117
0.0428227
0.156978
0.0631331
0.0933768
0.0658475
0.0554551
0.0261857
0.0190597
0.0252557
0.0116412
0.0926465
0.0963178
0.0792384
0.10037
0.0145918
0.0155497
0.00553395
0.0347631
0.0368164
0.0795559
0.0434412
0.0647468
0.0838458
0.0357378
0.0165717
0.0647445
0.0380744
0.214955
0.0275651
0.0770481
0.0910975
0.0698683
0.103071
0.0229633
0.079652
0.0485756
0.018143
0.0377796
0.026697
0.0745075
0.0835072
0.0131272
0.0185413
0.00956756
0.0958681
0.13316
0.0244284
0.146347
0.0248227
0.0516002
0.0378372
0.012332
0.0667887
0.0534762
0.0637645
0.171904
0.0223706
0.0720893
0.0382134
0.0103267
0.0286785
0.186925
0.0286558
0.0187692
0.01829
0.0385225
0.099307
0.0868731
0.083005
0.0757328
0.0684548
0.0385301
0.0400239
0.0120237
0.050849
0.0626801
0.223946
0.0370575
0.0374364
0.148375
0.107081
0.079106
0.109456
0.038193
0.0836721
0.0529842
0.0161372
0.13729
0.0162924
0.0862969
0.0381536
0.109718
0.00525929
0.107321
0.0558274
0.0989346
0.0676754
0.0337052
0.0326222
0.0593404
0.0906234
0.0591765
0.0291373
0.0478968
0.0312112
0.046696
0.102111
0.100471
0.0330048
0.111313
0.0397169
0.0523696
0.0228262
0.0310478
0.012954
0.0099488
0.0533573
0.0780823
0.241035
0.0206221
0.00845425
0.0115221
0.0132601
0.0336512
0.0236447
0.0975454
0.154269
0.119598
0.0330372
0.0854054
0.03568
0.0232261
0.0613029
0.0762459
0.0687345
0.0629505
0.0977091
0.156797
0.0486424
0.0808885
0.0410361
0.119989
0.01589
0.0428289
0.335997
0.0703893
0.0584549
0.0678063
0.0536241
0.0970102
0.0224108
0.311253
0.0132273
0.0315881
0.0508233
0.0120429
0.0472118
0.00616879
0.0383192
0.0596528
0.0313262
0.0243705
0.276034
0.0548836
0.0812008
0.0897949
0.0526703
0.0374707
0.0760398
0.124221
0.0360834
0.0681458
0.0418097
0.0254344
0.0638158
0.122933
0.0676901
0.0516715
0.0299446
0.112727
0.0364189
0.0654049
0.0151978
0.0634841
0.019881
0.0233967
0.109865
0.093101
0.0725232
0.0785659
0.069456
0.036124
0.174234
0.0792138
0.0579754
0.0270984
0.215047
0.17378
0.0261175
0.13749
0.186663
0.0735453
0.0263251
0.119488
0.0804848
0.0227129
0.0202854
0.032599
0.114891
0.0495852
0.0545544
0.0453063
0.0626934
0.0633516
0.0419556
0.159626
0.0363436
0.099895
0.0714458
0.0364487
0.06683
0.0228848
0.0217078
0.0504942
0.0304084
0.0383095
0.0508255
0.02562
0.0204108
0.0264618
0.0770383
0.0288637
0.0502901
0.0252217
0.0203641
0.0200734
0.0433518
0.0461359
0.142667
0.0992725
0.0324941
0.0388132
0.0385328
0.0548243
0.0280535
0.0523395
0.179633
0.102377
0.0317371
0.0317265
0.0358796
0.0412969
0.0357296
0.0584469
0.117788
0.0713497
0.0426892
0.0439067
0.0340834
0.0424578
0.0193092
0.0673925
0.133457
0.0114356
0.140414
0.0337253
0.140349
0.0263309
0.0784645
0.0410857
0.194081
0.0801277
0.0560312
0.12795
0.112426
0.0276162
0.0661482
0.0434215
0.0221158
0.0322186
0.0451813
0.138094
0.0583157
0.0637622
0.0641617
0.0169976
0.0420634
0.0676446
0.0358964
0.14783
0.0249481
0.0425174
0.0342265
0.0331165
0.0328829
0.0385078
0.0173391
0.0235213
0.0282902
0.084915
0.0147574
0.0372044
0.0284021
0.0608484
0.0433639
0.406902
0.0132594
0.0248378
0.0443906
0.043206
0.0606267
0.0863958
0.0232208
0.0842543
0.020409
0.0758944
0.108227
0.0787195
0.0193223
0.11794
0.0446706
0.0310858
0.00924617
0.0586397
0.0595932
0.088898
0.0350799
0.0812945
0.0133245
0.0299739
0.122439
0.0581575
0.066634
0.0621539
0.0288962
0.131599
0.173865
0.0767949
0.0336514
0.0348519
0.00944311
0.0975363
0.0316916
0.02989
0.166924
0.0904675
0.0457006
0.0810981
0.259142
0.0891907
0.0321731
0.0584205
0.128377
0.0647561
0.0553708
0.0280436
0.0540488
0.0270139
0.146749
0.0451212
0.0999975
0.0198626
0.0759059
0.0162556
0.0570861
0.0463393
0.0372208
0.0628163
0.0448694
0.0379467
0.0351727
0.0533771
0.0137737
0.0924324
0.0925017
0.01745
0.027863
0.0497737
0.0688823
0.0273002
0.0224284
0.0398139
0.0896705
0.0715317
0.0958825
0.0613416
0.113944
0.020637
0.0167693
0.0734941
0.036125
0.0456192
0.100298
0.00677177
0.0426404
0.052906
0.0315788
0.0576155
0.0137783
0.0583914
0.104171
0.0581869
0.122622
0.0228769
0.0503421
0.0545178
0.1422
0.0343272
0.0797178
0.0616616
0.0146554
0.0338731
0.0742789
0.0381552
0.0554056
0.0550082
0.25307
0.105543
0.0155186
0.0776216
0.0620947
0.0462831
0.0188527
0.0603525
0.0184164
0.0427327
0.0435369
0.0593756
0.0272804
0.0244927
0.0257929
0.077864
0.0267168
0.0473494
0.0780429
0.0289547
0.0165503
0.134402
0.076321
0.129383
0.0485768
0.0148983
0.0227061
0.0587917
0.0513909
0.0987705
0.0749699
0.0581726
0.0393581
0.108791
0.0574001
0.0159157
0.00845628
0.0610859
0.0373297
0.0411808
0.0206815
0.128942
0.0850757
0.0994794
0.084113
0.137488
0.0332255
0.0358128
0.03291
0.01852
0.024845
0.0728418
0.0548038
0.169918
0.0316568
0.0802902
0.0495444
0.0858756
0.0215665
0.040146
0.0753146
0.0486801
0.0276648
0.0125637
0.026293
0.0325777
0.0364636
0.0688407
0.0357665
0.100757
0.06328
0.0399575
0.033348
0.0364844
0.0103132
0.0289833
0.038871
0.191084
0.125192
0.0669185
0.0832746
0.0537016
0.0383489
0.0529776
0.0173981
0.0326842
0.0293963
0.0606508
0.0438699
0.150303
0.0725243
0.0475257
0.221641
0.164205
0.0341372
0.0978249
0.101312
0.0678827
0.185745
0.02085
0.0892362
0.00819498
0.0392317
0.0337243
0.40329
0.0792366
0.0941023
0.0848545
0.158667
0.121239
0.0238238
0.0239693
0.0817305
0.0755253
0.028233
0.103598
0.0330468
0.0618671
0.108542
0.0264475
0.0270756
0.0450008
0.089243
0.0550475
0.0121072
0.0637956
0.0479117
0.098732
0.0652447
0.0327367
0.0275294
0.156216
0.157155
0.0218425
0.0789136
0.0239182
0.0696875
0.0439917
0.158526
0.0399543
0.0628648
0.132729
0.0107784
0.0115622
0.0284317
0.0522184
0.032974
0.0284783
0.0507039
0.0928277
0.221647
0.0546658
0.0279553
0.101902
0.0747592
0.0309219
0.0303531
0.0452844
0.0222916
0.0212155
0.102952
0.0243357
0.0585851
0.0200565
0.0466374
0.393699
0.026522
0.102553
0.240275
0.0700217
0.107816
0.0452371
0.0723566
0.103181
0.0261238
0.0276122
0.114058
0.0555657
0.126219
0.0346142
0.275473
0.0182418
0.0548346
0.0827421
0.0588354
0.0140108
0.0196394
0.0669812
0.00847856
0.0142158
0.0352429
0.0114781
0.0324268
0.0181868
0.0335938
0.0554068
0.0240309
0.0416169
0.113021
0.0503788
0.0513579
0.025052
0.0617145
0.0612062
0.0395084
0.0534322
0.0153309
0.0726444
0.0780403
0.0816903
0.101153
0.0672645
0.106635
0.0622852
0.0395384
0.0878225
0.112301
0.0601228
0.0888271
0.0783592
0.140281
0.054868
0.0918056
0.0352226
0.0353643
0.0906103
0.0357648
0.0443254
0.0969917
0.0417289
0.111886
0.0721991
0.0587474
0.0479049
0.112149
0.0336201
0.0645686
0.123164
0.0715372
0.0635211
0.0605391
0.0239127
0.146068
0.0352477
0.0379016
0.0632897
0.0917616
0.0406866
0.0468662
0.0527775
0.0452192
0.0619779
0.0417954
0.120169
0.0837224
0.0981765
0.225645
0.0242182
0.0326178
0.176133
0.0154094
0.155646
0.0283098
0.0478087
0.0941736
0.0612429
0.0246546
0.0303153
0.0299645
0.0494468
0.0412594
0.174787
0.060843
0.0607637
0.367192
0.0767259
0.114079
0.0593586
0.0404921
0.0383971
0.0529045
0.067139
0.125127
0.0763697
0.114047
0.0876376
0.0168336
0.0539651
0.0562632
0.042124
0.0359772
0.169402
0.247093
0.0633188
0.0413512
0.0425188
0.0398652
0.0833905
0.0294419
0.0726514
0.00983215
0.0394703
0.0602622
0.0346707
0.0652347
0.0971693
0.0408537
0.0397801
0.0463051
0.0427159
0.116569
0.0348163
0.157749
0.030805
0.0241222
0.0501997
0.0389938
0.0153992
0.00935001
0.0986663
0.0913762
0.0898372
0.0586166
0.0528844
0.0828805
0.0196763
0.0541359
0.0208289
0.0251432
0.0570733
0.0311752
0.0549613
0.0434746
0.0522102
0.0246562
0.0817131
0.0545989
0.0758111
0.0758209
0.0361225
0.0245165
0.0890416
0.0637599
0.106503
0.0291113
0.200657
0.0502716
0.037617
0.0335853
0.0304335
0.0290986
0.0644119
0.0113396
0.0285522
0.0204389
0.146436
0.297445
0.0242918
0.0232023
0.045874
0.0112895
0.119322
0.145575
0.0463625
0.0274174
0.0186334
0.172933
0.0784317
0.0318987
0.0780126
0.0390239
0.0613931
0.0333008
0.0621395
0.0644287
0.0491506
0.0272228
0.0608685
0.0728253
0.0449423
0.0362955
0.0914584
0.0233261
0.134513
0.195621
0.0493911
0.0297695
0.0655542
0.0619984
0.00763032
0.0462533
0.206987
0.0888862
0.0851571
0.046547
0.028668
0.0466987
0.038002
0.0333359
0.0465207
0.112888
0.160628
0.0202964
0.0587968
0.0869013
0
0
0
0
0
0
0
0
0
0
0
0
0
0
0
0
0
0
0
0
0
0
0
0
0
0
0
0
0
0
0
0
777777