2.76985
999999
-0.489969
-0.356966
0.220625
-0.153443
0.0469422
-0.209776
-0.206359
0.748714
-0.0135215
0.304618
0.247689
0.121278
0.777412
-0.250178
-0.175972
0.299292
1.05503
0.186851
0.325697
-0.981844
-0.00383312
0.0679931
0.0248515
0.42075
0.47932
-0.0891998
-0.143757
0.240515
0.0459672
0.636457
-0.0479087
-0.142488
-0.0412679
-0.386675
-0.479423
0.272856
0.130815
0.237348
-0.0193102
-0.141091
0.327519
0.112324
1.37846
0.147174
0.355562
0.328719
-0.181809
-0.214975
0.269917
0.490554
-0.000922243
-0.150154
0.0100019
0.471845
0.150909
0.283538
-0.102604
0.242608
0.247164
0.037911
-0.25822
-0.238284
-0.0743063
-0.169563
0.254786
-0.523074
0.31617
0.156238
0.233117
0.425297
0.0179979
-0.401631
-0.160647
0.0308594
-0.218269
-0.00311679
-0.0199829
0.259706
0.18719
-0.0873942
-0.0664236
-0.115627
0.301818
0.724631
0.123002
0.76649
-0.207459
0.0543174
-0.386274
-0.62131
-0.321227
0.14702
0.325311
-0.552014
0.171616
-0.0261279
0.520357
0.717568
-0.607672
-0.131243
-0.137187
-0.165447
-0.444601
0.385058
-0.0699667
-0.0133877
-0.349189
0.585733
-0.126014
-0.181433
-0.161594
-0.15528
-0.167982
0.572299
-0.0886914
0.316471
0.111671
-0.54751
0.185909
-0.532793
-0.327132
-0.250085
-0.137999
-0.321491
-0.0589488
0.00666982
-0.000862189
0.234583
0.704228
-0.135866
-0.338331
-0.540675
0.159706
0.47034
-0.0220495
0.206111
-0.146766
0.28715
0.305663
-0.307856
0.553821
-0.0656026
0.181271
-0.0150629
0.0444738
0.60269
0.161717
0.385189
0.219994
0.00602418
0.333481
0.114972
-0.232517
-0.267347
0.549348
0.304577
0.720373
0.222655
0.163643
0.635179
-0.0334165
0.27759
-0.00507616
0.256276
0.332138
-0.488927
-0.46028
-0.45393
-0.216075
-0.265409
1.10865
-0.0788996
-0.337945
0.0197278
-0.0787837
0.176135
-0.0479215
-0.360424
-0.722697
-0.692827
-0.0199552
0.608157
-0.345251
0.198672
0.107426
0.251093
0.19288
-0.42678
-0.23996
0.402417
0.00972012
0.744762
0.448603
0.178821
0.228596
0.220477
0.334129
0.130016
0.126885
0.270481
-0.601191
-0.215091
0.457859
-0.266256
-0.558774
-0.0253013
-0.148128
-0.291787
0.138621
-0.471033
-0.280517
0.135049
-0.453668
-0.350153
0.121662
-0.43305
0.400513
0.228019
0.634576
0.143696
-0.741402
-0.455066
-0.148867
0.756908
0.289642
0.176468
-0.195003
0.210248
0.0443846
0.261844
0.238373
0.487953
0.684786
-0.534309
-0.101924
-0.780049
0.0478308
0.158136
-0.00510054
-0.553056
-0.397004
-0.427432
0.180192
0.221839
0.00933581
-0.331522
-0.13804
0.857492
0.598807
0.176435
0.104106
0.327826
0.211612
-0.216795
0.430136
0.0865187
-0.225029
-0.370728
-0.157133
-0.42112
0.457638
0.0705391
0.152304
0.346487
-0.0777588
0.237621
0.502352
-0.105924
0.260908
0.276681
-0.154269
-0.136938
0.338223
0.434032
-0.312248
0.295952
-0.699473
0.297033
-0.621002
0.853905
-0.18382
0.284352
-0.0263272
0.0897346
-0.751549
0.0772228
-0.111921
-0.618288
-0.0780337
0.336452
0.0348065
0.540991
-0.347121
0.447099
0.76362
0.44048
1.28175
0.371334
0.812575
0.759376
-1.24397
0.447119
-0.187416
0.858868
0.133193
-0.534799
-0.165126
0.295391
0.443836
-0.0955617
0.381926
0.0950724
-0.212041
-0.257074
0.34386
0.290587
0.549483
-0.156185
0.662368
0.136231
-0.348906
0.0276292
0.261802
-0.247347
-0.367456
-0.100804
-0.399978
-0.314748
0.452369
0.00450164
-1.29524
0.449172
0.142781
0.23889
-0.355406
1.16784
0.33833
-0.218321
0.887761
0.318927
0.27532
-0.420445
0.367895
0.249925
-0.00788621
-0.32762
0.049817
-0.0500411
-0.488171
0.683402
0.101963
0.00830047
-0.022469
0.138701
0.171798
0.293015
-0.3807
0.806679
-0.89138
-0.0599898
-0.357941
-0.0874327
-0.184408
-0.12499
0.553888
0.295085
0.706806
-0.0170951
-0.397454
0.206732
-0.103088
-0.290333
0.09913
-0.29093
0.276189
-0.324385
0.156954
-0.352251
0.13975
0.0143052
-0.114965
0.398372
0.406508
0.0696642
0.124272
0.372864
-0.444078
-0.831048
-0.208389
0.219396
-0.107621
-0.632309
-1.28136
-0.816231
0.211446
-0.241165
0.101112
-0.519176
0.252273
0.0118512
0.153613
-0.343022
1.62026
0.353391
-0.518448
0.477244
-0.18787
0.301463
-0.280041
-0.125672
-0.427673
-0.0534068
0.788603
0.625092
-0.506129
-0.400989
0.133222
-0.509584
-0.150348
-0.968207
-0.572321
0.066774
0.23122
-0.123268
-0.197382
-0.413069
0.00632185
-0.0438491
-0.191121
0.144975
-0.0285912
0.423321
0.184702
0.104658
-0.121361
-0.126633
0.460005
0.622831
-0.238764
0.59238
-0.0683873
-0.0169546
-0.0487521
-0.430965
0.108823
0.167222
-0.235951
0.26553
0.209114
0.130369
0.278493
-0.160932
0.0926318
0.623272
0.105253
0.464424
0.126051
-0.110581
-0.488995
-0.0775563
0.383951
0.0297444
-0.157865
0.184633
0.528847
-0.0336197
0.504937
0.284716
0.59317
-0.0470844
0.0360743
-0.170102
-0.0212705
-0.304635
-0.611414
0.0587552
0.0186672
-0.790581
1.16221
0.294124
0.148135
0.548418
0.467028
-0.202843
-0.480015
0.0644138
0.069965
0.268114
0.526596
-0.136166
-0.579336
-0.454192
-0.0730252
-0.597213
0.379766
-0.0435631
-0.33979
-0.0544971
-1.11441
-0.411992
-0.144456
-0.746804
0.906553
-0.420211
-0.306083
0.191811
1.21239
-0.0145074
-0.00936227
-0.0129809
0.0900547
0.217652
-0.391075
0.0326366
0.0688295
0.394756
-0.0815669
0.365042
0.956516
-0.588969
-0.431998
-0.179108
1.10988
0.21404
0.21124
-0.00681782
0.766067
0.470627
0.0972066
0.125838
-0.514823
-0.0219493
-0.153423
0.103325
-0.100748
0.094905
0.191501
-0.456456
-0.60949
0.524509
-0.103738
-0.263117
0.247449
0.235627
-0.170631
-0.0812245
0.417375
0.118253
-0.0594291
0.0311028
-0.360862
-0.353487
-0.637823
-0.434686
-0.140009
-0.255662
-0.553901
0.475576
0.292102
1.26894
-0.466905
-0.66932
-0.0430967
0.128949
-1.02242
0.285849
-0.184019
0.452578
-0.291513
0.443054
-0.59012
-0.203998
-0.712483
-0.281483
0.300284
-0.179748
0.0178238
-0.572545
-0.0543026
-0.124797
0.210641
-0.30746
0.104337
1.09598
-0.40264
0.0579131
0.394508
-0.279333
-0.259794
0.111344
0.723664
-0.0578788
-0.324611
0.044677
-2.27077
1.04656
-0.49463
-0.224657
-0.0512331
-0.410926
-0.230074
-0.201698
0.139261
0.848247
0.389237
-0.0217065
0.173436
-0.587247
-0.315557
-0.36423
0.470885
0.252324
0.874929
-0.11169
-0.253445
0.323732
-0.0929949
-1.42103
-0.0781813
0.291441
-0.313077
0.240974
0.178036
-0.243928
-0.0555578
-0.0320538
0.682164
-0.00387108
0.648448
-0.761257
0.104951
0.118644
-0.119493
-1.47451
0.0665386
-0.548337
0.148577
0.0515523
-0.281375
0.121979
0.526524
0.114793
0.150009
-0.547645
-0.0527369
0.165171
0.295593
-0.0519954
0.0151793
-0.603211
0.284418
0.464731
0.251897
-0.122297
-1.1792
0.0629581
-0.254133
0.00992089
-0.515911
0.195189
-0.0750486
-0.435346
0.0425236
-0.204115
0.0171774
-0.110393
-0.12181
-0.0275971
-0.0489947
0.449749
-0.290627
0.000715233
0.28411
-0.435338
-1.88878
0.293937
-0.0469144
-0.442795
-0.170086
-0.036344
0.495821
0.124793
-0.131908
0.285167
-0.680021
0.284713
-0.453939
-0.0107936
-0.0524137
0.608643
-0.393554
0.0383955
0.248376
-0.23041
-0.845146
-0.175019
-0.710368
-0.342956
-0.986276
-0.482549
-0.0419234
-0.491393
-0.0410219
0.115766
0.167962
0.171297
-0.171457
0.111081
0.133656
-0.322703
-0.172807
0.0407519
-0.112215
-0.0964646
0.0485672
0.332992
0.733589
-0.123019
0.446148
-0.578248
-0.299669
0.317726
0.81021
-0.175304
0.445692
-0.249426
-0.161541
0.544026
-0.254494
0.529072
0.2719
-0.132769
-0.491435
-0.420422
0.355098
-0.140127
-0.443366
-0.310607
-0.336487
-0.257533
-0.244452
0.0923287
-0.179657
0.200613
-0.429603
0.225618
0.292793
-0.114623
-0.567009
0.309045
0.194744
-0.318935
2.21261
0.0186457
0.777565
0.174409
-0.574921
-0.300787
0.360722
-0.305886
-0.620946
-0.250072
0.0311329
0.102681
0.0672633
0.135056
-0.341995
-0.0389321
-0.441088
-0.488698
0.840297
-0.38371
-0.44524
-0.0101814
-0.249447
0.707726
0.0547991
-0.0182115
-0.105541
0.314043
0.117648
-0.472941
-0.307316
0.410483
-0.158525
-0.695955
0.0443293
0.543185
-0.549391
0.131324
-0.0352533
0.021853
0.302991
0.0864202
-0.588478
2.31363
0.0368693
-0.322766
0.613419
-0.284895
-0.0810232
-0.137833
0.131176
-0.331537
-0.0578147
-0.826714
0.38304
0.0261888
0.229364
0.146956
-1.03037
-0.783048
-0.239619
-0.00949652
-0.756136
-0.542997
-0.022675
-0.708843
1.07925
-0.0896363
0.196437
-0.0300654
0.553856
-0.0311335
0.643371
-0.0657569
-0.154877
0.137444
0.0412184
-0.1768
-0.10214
-0.145648
-0.145263
0.0536203
0.406484
0.193391
-0.0753394
-0.207618
-0.176877
0.00503078
0.193299
-0.278232
0.397079
-1.67832
0.395208
-0.319286
-0.187362
0.0242886
-0.182345
0.201904
-0.452794
0.0798415
0.108978
0.367641
-0.172248
0.359458
-0.141629
0.434082
0.202575
0.199747
0.183439
-0.0299523
-0.234914
0.0196128
0.23378
-0.123896
0.0384269
-0.142233
-0.267918
-0.682719
0.120652
0.0499512
0.306732
-0.0860049
-0.333724
0.265886
-0.267923
0.180529
-0.00614006
-0.103357
0.566287
0.172259
-0.0433379
0.139566
-0.219001
-0.291531
0.148521
-0.858889
0.375288
0.3465
-0.380917
0.810724
-0.2964
0.0771651
0.854162
-0.212188
1.29613
0.208205
0.770741
-0.338958
-0.270318
0.809344
0.00459264
0.130592
-0.363331
0.219239
-0.413763
-0.0763201
0.253321
-0.754528
0.268022
0.00690696
0.227326
0.0795692
0.0187305
-0.368454
0.0382076
-0.381103
-0.523751
-0.350398
-0.258193
0.236578
0.0694788
0.0867648
-0.0887655
0.31082
-0.818842
0.778006
0.000548735
-0.0147005
0.556017
-0.163903
-0.022595
-0.0553085
0.256324
-0.124435
0.725561
-0.186743
0.16885
0.253332
-0.325262
0.0445743
0.366356
-0.815644
-0.0264192
0.833802
-0.216637
-0.192704
0.405458
-0.169349
0.0190638
-0.790228
-0.463295
-0.427421
-0.954824
0.03656
-1.53676
0.00261837
-0.888122
-0.17621
1.0389
0.175942
0.663101
0.194953
-1.01001
0.286615
-0.0495511
-0.00970203
0.0783782
0.125238
-0.557322
0.0312442
0.117931
0.109416
-1.06303
-0.394842
0.501534
-0.212307
-0.439441
0.0387812
0.256822
-0.468934
0.00449957
0.306277
0.0737538
0.657692
0.793278
0.359144
0.279551
0.274014
-0.486131
0.051816
-0.304745
0.212928
0.536989
0.298044
0.451793
-0.131583
0.0684945
-0.353377
0.217213
0.0559888
0.136651
0.153993
0.142215
0.482466
0.77753
-0.627405
-0.339208
0.485756
0.470137
-0.0193355
0.209695
0.364085
0.055189
-0.161172
0.46905
-0.829215
0.491451
-0.117074
1.32151
-0.246889
-0.260047
-0.145402
0.0234165
-0.197513
0.0293872
0.0041167
0.161786
0.0650292
-0.242762
-0.420224
0.189606
-0.657248
0.373841
-0.247377
-0.210772
0.820051
-0.155041
0.179681
-0.60291
0.0618064
0.100513
-0.854662
-0.240054
-0.0665503
0.262039
-0.3077
-0.1629
0.439934
0.0379843
-0.0171748
-0.148947
0.332394
0.189759
-0.704143
-0.249906
0.161303
-0.0306364
-0.0284785
-0.300676
0.811467
-0.101897
-0.601385
-0.106986
-0.366333
-0.322193
-0.344582
1.04171
0.598018
-0.252132
-0.163818
0.847027
0.313295
0.12782
0.114455
-0.637213
1.77192
-0.368382
-0.212758
-0.165923
-0.33373
-0.102889
-0.00555326
-0.219983
0.351831
0.0481886
0.230053
-0.436381
-0.246535
0.0463139
0.341367
-0.228875
0.449361
0.306179
-0.0432216
-0.991182
0.270546
0.200032
0.628743
-0.254303
-0.165659
0.115653
-0.597036
0.355892
0.0948727
0.144539
0.0545748
0.714829
0.0680856
-0.24523
-0.141154
0.125692
-0.0815749
-0.590155
0.233947
-0.790298
-0.602864
-0.0326626
-0.454862
0.312814
0.134279
-0.0346936
0.508937
-0.605741
-0.549948
0.155664
0.261994
0.114121
-0.316852
0.688539
-0.908682
0.0121944
0.53161
0.639557
1.11892
0.0369599
-0.0566484
0.42433
-0.0901239
-0.451919
-0.0621799
0.000370189
0.972932
-0.219178
-0.573488
0.068266
-0.19221
0.0236488
-0.543064
0.155976
0.368476
-0.0777029
0.0600005
-0.160436
-0.63614
0.193275
-0.150614
0.440342
0.218221
-0.302737
0.00676773
0.0897573
-0.195285
0.312408
0.0356723
-0.235047
-0.161655
0.488571
0.146254
-0.0232561
-0.323101
0.0223238
0.203871
1.62714
-0.154539
-0.323706
0.254213
-0.0877052
0.366954
-0.674112
0.395879
0.104618
0.427929
-0.00862099
0.365179
-0.194718
0.288619
-0.0794293
-0.150978
0.161862
0.233085
-0.138947
0.0234261
0.514284
0.431805
-0.769522
0.0667164
0.216888
-0.556264
-0.430974
0.0231737
-0.127995
-0.0763497
0.328249
-0.517886
-0.201274
0.0183868
0.0145347
-0.301535
-0.677574
0.21185
0.576565
1.22974
-0.620864
-0.679718
-0.198817
0.40066
0.115167
0.385759
-0.544449
-0.298737
0.0305484
-0.261699
0.258956
0.147542
-0.0137709
-0.66674
0.0370734
-0.969021
-0.180091
-0.699865
0.178806
0.246233
-0.0204278
-0.0801008
-0.507652
0.920872
0.0478366
-0.0785668
0.173546
0.281658
0.47151
-0.00983485
0.591521
-0.00836515
0.134231
0.338063
0.00500662
0.248425
-0.235145
0.156995
0.387752
0.216477
0.192572
0.0861576
0.24271
0.111102
0.237843
0.227059
-0.16759
0.24939
-0.369899
0.388093
0.250246
-0.0996036
0.478965
-0.158373
0.786785
-0.0933908
0.621187
0.203445
-0.00123739
-0.287316
-0.926369
-1.07704
-0.549291
-0.936732
-0.0682297
-0.313969
0.351383
0.567927
-0.528113
-0.164986
-0.15486
-1.95278
-0.0509514
-0.315492
-0.0169351
0.0288852
-0.174522
0.111916
0.270026
0.360264
-0.121494
0.249344
0.384593
0.185782
-0.484379
-0.120901
0.780405
0.154541
0.368102
-0.139562
0.0254493
0.176669
-0.120362
-0.198603
-0.150107
0.263254
0.161655
0.077827
-0.5086
0.607543
-0.499637
-0.179096
-0.234601
0.0188532
0.0358557
0.53836
-0.13593
0.331898
0.518154
-0.0764705
-0.329359
-0.249041
-0.179048
-1.10209
0.68282
-0.32471
0.537531
-0.00653885
0.232291
0.147013
0.271137
0.226762
-0.39299
-0.507148
-0.27744
0.0683885
0.208887
-0.601133
0.664295
0.189704
0.186853
0.0459987
-0.150779
-0.481925
-0.234948
-0.0624318
-0.318106
-0.696635
0.184199
0.0813063
0.270841
-0.0189441
-0.211072
0.0366414
-0.233734
-0.122094
-0.183898
-0.348866
-0.360923
-0.410609
-0.648368
-0.551145
-0.566126
-0.220303
-0.0375437
0.129357
0.229651
-0.225708
-0.2166
-0.390321
0.68112
0.158318
0.185261
0.0558894
-2.06505
-0.144705
-0.0958213
-0.191035
0.104845
-0.122648
-0.0446814
1.05544
-0.279943
0.130981
0.0792618
3.65986
0.519883
0.532207
0.445752
0.381551
-0.376698
-0.127051
0.530941
0.110014
-0.00517843
0.290401
0.0999553
0.0588499
-0.539722
-0.234768
0.0967493
0.597816
0.292809
-0.443777
0.306959
0.255983
0.013011
-0.0483808
-0.440723
0.154094
-0.513201
-0.00552637
0.644605
-0.18568
-0.0455117
-0.505245
0.269324
0.203747
-0.15401
-1.00027
-0.112737
0.00434042
0.689893
0.368604
-0.109071
0.263397
0.116306
-0.00279594
0.156405
0.398099
0.698474
-1.06553
0.0249094
0.0128287
-0.116491
-0.147967
-0.730937
0.347978
0.144719
0.086204
0.220437
0.352002
0.21292
0.230536
0.0813285
-1.05388
1.31111
0.292346
0.208513
1.32283
-0.246868
0.522064
-0.194385
0.0402961
0.867741
0.0567867
-0.534759
0.00605723
-2.0144
-0.144235
0.270057
1.41522
0.201905
0.321947
-0.0539868
0.0301057
0.0227013
-0.0393841
0.667272
0.186121
-0.183544
0.234077
0.0860149
-0.222734
0.0337005
-0.116038
-0.251912
0.0581728
0.233175
0.135843
-0.396529
-0.033619
-0.538446
-0.034567
-0.466257
-0.0663364
0.0232283
0.43518
-0.247142
0.756282
-0.325247
-0.346403
0.285835
0.0348129
-0.3182
-0.919569
-0.601509
-0.170368
0.069784
0.117172
0.0764404
-1.14225
-0.783577
-1.01958
0.125304
-0.237172
0.0529713
0.491011
0.00112053
0.0684166
-0.0709332
-0.0894796
0.669003
0.428715
-0.0705801
0.153713
-0.148912
-0.39375
-0.116528
0.445273
-0.305878
-0.352415
0.261717
0.222409
0.269508
0.580091
-0.60554
0.143257
0.20708
-0.048004
0.340427
-0.0889041
-0.323385
0.127784
0.357138
0.0106797
-0.368918
-0.808537
-0.349213
-0.1486
1.03661
-0.0823896
-0.246244
0.199144
0.0918361
0.426676
0.236317
0.116632
-0.0461687
0.283957
0.145752
0.0239137
-0.524713
0.0404368
0.375448
0.401995
-0.724878
-0.171889
-0.428188
-0.834968
0.351097
-0.655913
-0.268776
0.70129
-0.245338
-0.914796
-0.180383
-0.029513
0.36096
-0.0412842
-0.26864
-0.282153
-1.06485
-0.206201
-0.235667
0.546924
-0.0241564
-0.0272673
0.617169
0.115208
0.40467
-0.0532656
0.783979
-0.184542
0.0391196
-0.12262
0.286474
-0.0877591
0.0462999
0.0864268
-0.0233119
1.51774
0.423724
0.76384
0.204084
0.191867
-0.225133
0.628555
-0.176611
0.0711737
-0.473404
0.0210265
0.0177386
-0.100376
0.47465
0.428211
-0.088881
0.37009
-0.118298
0.230607
-0.554608
0.00670922
0.176771
-0.0706431
0.0864333
0.201629
-0.671422
-0.296524
-0.678701
-0.813697
-0.23128
0.0619865
-0.783013
-0.357307
-1.11531
-0.329423
0.0558748
0.294107
0.3984
0.0233579
-0.441517
0.27859
-0.164619
-0.108371
-0.284142
0.00263231
-1.02447
1.64823
0.335792
-0.132926
0.198735
0.0229086
0.867903
0.0021826
-0.242591
0.429046
0.034492
1.4609
0.351847
0.196077
-0.0490404
0.456771
-0.124801
0.0356093
-0.614883
-0.394621
0.101149
-0.153264
-0.57426
-0.0543466
-0.217409
-0.0362136
-0.710944
-0.226622
-0.113861
0.521816
-0.588672
0.274943
0.215605
0.218741
0.236266
-0.13038
0.990341
-0.410441
-0.552747
-0.0740797
0.00146387
-0.238394
0.198433
-0.0514742
0.602826
0.457731
0.461612
0.0891355
0.4216
0.14574
0.0845411
-0.183404
0.17198
-0.163149
0.0570926
-0.183599
0.104672
-0.16808
0.0231031
-0.113866
-0.104268
0.128119
0.0246999
-0.115726
-0.193223
0.0111041
0.0682237
-0.156079
-0.0685226
-0.156845
-0.0763311
-0.0496129
-0.048363
-0.0107757
0.0357473
-0.0172453
0.127606
0.0530418
0.162334
0.0869917
0.127751
0.184639
888888
0.0497327
0.0103941
0.0843839
0.0216307
0.0342753
0.0420717
0.0465686
0.158224
0.0213664
0.112798
0.058631
0.0221887
0.148718
0.0187382
0.00630207
0.0349961
0.0593621
0.00942725
0.0578898
0.157166
0.0289771
0.095863
0.122354
0.0291313
0.0348435
0.0240574
0.0459605
0.202697
0.0153443
0.0715965
0.0900187
0.0291804
0.0512975
0.0823463
0.0551079
0.0517897
0.0891693
0.0153817
0.0618654
0.0363955
0.062067
0.0223545
0.22655
0.0248245
0.0218876
0.0762095
0.01883
0.0521242
0.0262682
0.011972
0.0346245
0.0541357
0.106884
0.0563683
0.0700309
0.0448762
0.0214988
0.0212125
0.0294756
0.0342202
0.117315
0.373509
0.0689404
0.0479723
0.0516082
0.0379743
0.0280344
0.0157057
0.0533042
0.161257
0.0534794
0.0872143
0.0534825
0.0362689
0.0560381
0.0103543
0.0379339
0.0887804
0.0266847
0.0623661
0.08177
0.0388752
0.142138
0.0819779
0.0227009
0.0800293
0.0682935
0.0303576
0.0787577
0.0760809
0.0259007
0.0291145
0.0953211
0.032356
0.0227538
0.00833288
0.085187
0.0641103
0.0317896
0.0317085
0.0487867
0.0523226
0.0828774
0.063164
0.0736989
0.0703561
0.0472327
0.0995539
0.0627943
0.0440947
0.191556
0.220388
0.014827
0.017649
0.0379839
0.0717059
0.0330039
0.0437542
0.0435232
0.102503
0.0818967
0.0739898
0.0144546
0.0344182
0.0525911
0.135496
0.0713821
0.0740078
0.0579635
0.0585289
0.255156
0.0634875
0.233799
0.0637214
0.0172559
0.0426608
0.0770389
0.0221649
0.0939095
0.0634184
0.0242259
0.0151196
0.0175421
0.0549238
0.0945916
0.130753
0.0454956
0.0318031
0.0184433
0.0507345
0.0488823
0.128845
0.00845576
0.0366257
0.189779
0.166403
0.214996
0.0321512
0.0491743
0.072686
0.0181711
0.0584647
0.0319002
0.113084
0.155005
0.00572587
0.0821287
0.0241499
0.118874
0.0753445
0.126612
0.0509698
0.321842
0.0490913
0.178521
0.00634497
0.0196348
0.0184143
0.0613115
0.0890657
0.0142472
0.0603539
0.0186585
0.0873416
0.0300324
0.0224535
0.0167423
0.0245524
0.0258365
0.0529006
0.0613709
0.082563
0.041876
0.161251
0.0598183
0.0214269
0.0975146
0.0642119
0.0447841
0.0306782
0.0522505
0.0750819
0.103922
0.0166706
0.101871
0.0650124
0.0807842
0.0927738
0.0309667
0.087732
0.0529365
0.0222597
0.0402715
0.0246795
0.0240993
0.118968
0.0235109
0.0485981
0.0397451
0.0292828
0.209921
0.0625029
0.0325599
0.51456
0.0505486
0.105622
0.0337079
0.0273953
0.0565232
0.0405294
0.14522
0.0872666
0.375733
0.105936
0.0192063
0.0660294
0.0276796
0.0104199
0.12231
0.245802
0.0429914
0.0333356
0.0737048
0.0981119
0.0131245
0.0314278
0.0501932
0.17337
0.0289025
0.0137484
0.0358955
0.0987324
0.0688249
0.0208582
0.0360672
0.0329455
0.0534884
0.0480639
0.0299153
0.083122
0.056125
0.0511957
0.0632182
0.0314302
0.0383327
0.116478
0.0263342
0.121052
0.0552276
0.10878
0.0470182
0.113555
0.0251642
0.166707
0.0868478
0.0517376
0.0822536
0.0536014
0.0917022
0.135972
0.0186827
0.0676559
0.0394198
0.0578877
0.114975
0.0404401
0.0520334
0.0378178
0.00468464
0.0264517
0.0454749
0.0687576
0.0408538
0.036036
0.051501
0.0498952
0.0526726
0.209289
0.0424782
0.0137101
0.172788
0.0446477
0.0174116
0.235771
0.0523665
0.175513
0.00902133
0.0352068
0.0666259
0.127569
0.0187286
0.124901
0.0400659
0.0321705
0.0817272
0.0382984
0.0121332
0.069141
0.245119
0.0468103
0.16312
0.109512
0.0588934
0.0978244
0.0368524
0.0459439
0.0290408
0.100513
0.0464736
0.0840278
0.179435
0.034674
0.0122103
0.0429956
0.020354
0.180444
0.0369017
0.0139133
0.0759903
0.0547846
0.0901354
0.0430153
0.0432354
0.0372313
0.265071
0.0609685
0.0358455
0.054182
0.0388818
0.0808046
0.0605666
0.038125
0.0696474
0.0177187
0.0221329
0.0421689
0.0267573
0.10764
0.0423406
0.111149
0.0875525
0.0773699
0.0655758
0.107629
0.0722299
0.0429242
0.0591045
0.0217101
0.0582146
0.0736887
0.0583111
0.131027
0.0120509
0.0123798
0.019464
0.0336134
0.0920152
0.0120375
0.0231946
0.056056
0.0438565
0.0588378
0.067983
0.11241
0.0496542
0.0223494
0.0649159
0.038032
0.0972931
0.0661095
0.0480724
0.134712
0.0510356
0.211835
0.0157964
0.0340778
0.0736567
0.0769856
0.0366757
0.0726258
0.0357182
0.0340656
0.162441
0.053086
0.0317003
0.0693836
0.0155241
0.0495734
0.214918
0.0284762
0.0421606
0.0243587
0.0806025
0.103278
0.058102
0.0186318
0.031438
0.0271767
0.106347
0.155481
0.0879332
0.0140864
0.0276649
0.0950927
0.0479028
0.0318613
0.0429724
0.0441173
0.0989183
0.060549
0.0427411
0.0542274
0.0254613
0.0517296
0.01848
0.0978889
0.0746857
0.0429753
0.0274578
0.0515296
0.0332801
0.0204673
0.0264251
0.0244093
0.178872
0.0170471
0.0566885
0.0257509
0.0815664
0.0887968
0.0258059
0.0763545
0.010621
0.0653967
0.0341248
0.0579308
0.0298433
0.0356003
0.0681513
0.0216096
0.0258584
0.0386998
0.0283546
0.110485
0.191022
0.0164869
0.0278581
0.0237595
0.0601095
0.0369795
0.0349669
0.01323
0.0674982
0.0219513
0.0425017
0.054154
0.0654722
0.0439694
0.238444
0.0678579
0.0345152
0.0527506
0.0236873
0.0712941
0.0907028
0.0501426
0.0814756
0.19996
0.175854
0.0577294
0.0232996
0.03145
0.0252728
0.131275
0.0532207
0.0729543
0.033607
0.0164785
0.08817
0.0217476
0.0403292
0.0728021
0.0544138
0.0829524
0.0301142
0.0187565
0.164751
0.037492
0.101121
0.0330175
0.0979007
0.0327657
0.045077
0.147383
0.0720772
0.128126
0.0690026
0.0230946
0.11698
0.0379788
0.0646199
0.0476756
0.198071
0.0350325
0.0835258
0.0482222
0.133377
0.142209
0.0720683
0.0233749
0.127662
0.0638084
0.0402956
0.040919
0.118723
0.0551291
0.151994
0.0571196
0.0970099
0.0329799
0.0463495
0.192212
0.0228125
0.0712592
0.0418814
0.0437185
0.0224756
0.0181973
0.0443819
0.133161
0.0571076
0.0633467
0.0739897
0.0784895
0.052017
0.0715786
0.0874047
0.0108651
0.072034
0.183311
0.170432
0.0716198
0.0699797
0.0227744
0.107952
0.0425946
0.0418703
0.0349644
0.0883175
0.0818894
0.166006
0.0468452
0.155013
0.0393549
0.0143104
0.0444068
0.044414
0.0217415
0.123063
0.141127
0.0326557
0.0264678
0.0150284
0.143206
0.0702293
0.0799229
0.212303
0.062577
0.0665947
0.0141753
0.0953102
0.0231288
0.0928881
0.0314507
0.29222
0.1489
0.0267166
0.119906
0.0313944
0.224635
0.0153832
0.0121811
0.0567326
0.125892
0.192786
0.0502591
0.0371916
0.020002
0.0264816
0.0136401
0.0261092
0.0751189
0.166792
0.133001
0.0536632
0.044376
0.085363
0.140258
0.111269
0.0260403
0.0176169
0.0272594
0.0390391
0.160541
0.0822663
0.0418479
0.0809059
0.0345102
0.0417915
0.169071
0.0172101
0.0181922
0.04106
0.197802
0.0205852
0.0662331
0.0116793
0.0964643
0.0124058
0.128786
0.0415587
0.0536498
0.0758248
0.0751673
0.0325015
0.0298814
0.158816
0.0329132
0.0574889
0.0886169
0.0659745
0.0898773
0.021147
0.0158086
0.166927
0.0547704
0.0910455
0.0493896
0.0232375
0.0433018
0.0241695
0.0323982
0.0208263
0.139961
0.025396
0.0286244
0.0668672
0.316426
0.0634717
0.0358744
0.0229349
0.0153119
0.0657029
0.016718
0.27309
0.253759
0.0518631
0.0251463
0.246979
0.0654197
0.0860827
0.0316413
0.0382578
0.0875106
0.114328
0.0418745
0.0251181
0.0871037
0.0478861
0.0939947
0.0624844
0.0452517
0.0590914
0.0367114
0.017418
0.0319757
0.0467797
0.0345978
0.121192
0.0569618
0.0301041
0.0640539
0.014169
0.0633434
0.0477042
0.0449716
0.0606744
0.0279123
0.035795
0.0575082
0.0214883
0.0514398
0.0873357
0.0319129
0.0546393
0.0482336
0.115042
0.026556
0.114556
0.119552
0.02114
0.0802686
0.223813
0.00831625
0.137938
0.0317596
0.0775313
0.0279127
0.017923
0.224665
0.0336159
0.0433251
0.209577
0.0200161
0.0413301
0.0541455
0.0442452
0.0482339
0.0536884
0.125145
0.0631744
0.0265765
0.0631265
0.0147023
0.0282528
0.0524791
0.0463036
0.0358855
0.088521
0.097897
0.0549395
0.0286964
0.236183
0.0338576
0.106418
0.0212598
0.0591449
0.0542366
0.034466
0.0316022
0.0314141
0.109323
0.0321009
0.0137939
0.0281054
0.026409
0.0475468
0.0220879
0.228196
0.042929
0.113667
0.0797663
0.119367
0.0587746
0.0631124
0.131075
0.0617054
0.0408867
0.274903
0.0467182
0.0263552
0.125178
0.0308681
0.0263328
0.0238552
0.136568
0.0202494
0.0406278
0.0393734
0.0429717
0.233283
0.0189799
0.0142771
0.146536
0.0692658
0.237985
0.0451056
0.15531
0.0379505
0.0226407
0.0686417
0.0622177
0.125926
0.0272102
0.0573427
0.12591
0.02094
0.0270607
0.0164621
0.0415974
0.142191
0.0489905
0.0459604
0.0986907
0.185238
0.0296016
0.0273102
0.0728943
0.191017
0.0328726
0.0352909
0.048423
0.117931
0.028717
0.0947775
0.0778848
0.0248106
0.0212649
0.0378096
0.0110854
0.0402939
0.0577623
0.0325623
0.0732004
0.026684
0.0162551
0.178684
0.0366573
0.0537836
0.0156977
0.101454
0.0569581
0.0424751
0.156216
0.0388156
0.0256976
0.0475708
0.033994
0.0478528
0.029785
0.0732877
0.0222657
0.0255531
0.0715418
0.0303521
0.0274968
0.0792608
0.068905
0.0404935
0.0337547
0.021486
0.359601
0.019056
0.0759335
0.0299905
0.0336712
0.0661119
0.0513785
0.0527888
0.0493203
0.17933
0.0532374
0.105174
0.0539086
0.050886
0.0286088
0.0191373
0.0248356
0.0120429
0.0896869
0.0935235
0.0784434
0.0965278
0.0151857
0.0150497
0.00595845
0.0293667
0.0313182
0.102193
0.0436563
0.0682228
0.0792385
0.0350105
0.0172601
0.0671127
0.0388225
0.225426
0.0230015
0.0850739
0.091424
0.0746371
0.0861145
0.0214352
0.0707992
0.0620655
0.0165805
0.0350454
0.0194924
0.0762981
0.0873031
0.012371
0.0180776
0.00809121
0.107942
0.115446
0.0304392
0.139627
0.0223466
0.0469184
0.0401451
0.0110696
0.0744631
0.0603322
0.0667205
0.133542
0.0263215
0.0840456
0.0368895
0.00979138
0.0267393
0.200325
0.0265831
0.0185062
0.0199034
0.0437606
0.0948595
0.0745219
0.0898362
0.0843191
0.060445
0.0441112
0.0433489
0.0135822
0.0543881
0.0635592
0.216986
0.0373657
0.0298425
0.120335
0.102707
0.0896697
0.132233
0.0419814
0.0934631
0.0561597
0.014772
0.137616
0.015133
0.0876139
0.0298696
0.11529
0.00447054
0.092663
0.0560992
0.0926175
0.0719639
0.0358493
0.0267837
0.0590705
0.0911643
0.068177
0.0268904
0.0564881
0.0358885
0.0488846
0.106543
0.0940343
0.0413274
0.115946
0.0384615
0.0628386
0.0239826
0.0304123
0.0137676
0.0104816
0.0507361
0.0702627
0.229538
0.0189428
0.00979831
0.011466
0.0140337
0.0353662
0.030072
0.116804
0.14836
0.130804
0.030106
0.0919386
0.0350751
0.0254186
0.0635178
0.0860944
0.0784435
0.0664146
0.0917301
0.141627
0.0555537
0.0734344
0.0345705
0.122015
0.0145865
0.0415369
0.322122
0.0731776
0.0557665
0.0655445
0.0564202
0.0907182
0.0243409
0.346849
0.0133341
0.0363314
0.0464036
0.0118308
0.0454198
0.00622064
0.0348777
0.0569184
0.0304235
0.0269249
0.336374
0.0555678
0.0768715
0.105216
0.0505814
0.0382219
0.0794627
0.118559
0.0428965
0.0718947
0.059355
0.023932
0.0682832
0.121647
0.0603438
0.056721
0.0349291
0.101793
0.0348381
0.0591271
0.0162409
0.0636047
0.0179134
0.0254013
0.105687
0.0846598
0.0732286
0.0800994
0.068968
0.0373703
0.199681
0.0662444
0.0673837
0.0277848
0.248977
0.20625
0.023986
0.107824
0.163244
0.0666146
0.0252897
0.143268
0.0978269
0.0248384
0.0222059
0.0316
0.107385
0.0506377
0.0527761
0.0564057
0.0807379
0.0634509
0.0442824
0.148171
0.032774
0.0985145
0.0682154
0.03798
0.067851
0.0220173
0.0199785
0.0481093
0.0273318
0.0386771
0.0465458
0.0248185
0.0201133
0.0279695
0.0849971
0.0282754
0.0443213
0.0234984
0.0228571
0.020564
0.0400269
0.0425506
0.1457
0.0966286
0.0360322
0.0453942
0.0316457
0.0558076
0.0245078
0.0614905
0.170211
0.0840137
0.0333304
0.0359394
0.0342429
0.0392364
0.04314
0.0584384
0.121662
0.0740024
0.0434219
0.0429908
0.0465237
0.0516469
0.0182084
0.0806548
0.156034
0.0104036
0.187916
0.0344796
0.136626
0.028437
0.0769703
0.0374074
0.225259
0.0684851
0.0497497
0.146527
0.0974015
0.0258206
0.0668508
0.0359112
0.0218059
0.0355761
0.0382457
0.133029
0.0632244
0.0582061
0.0642492
0.019498
0.045554
0.0761177
0.03367
0.138235
0.023558
0.0385501
0.035606
0.0318652
0.0288857
0.0384483
0.0195574
0.0220981
0.0268898
0.0906853
0.0153481
0.035091
0.0318029
0.062863
0.0374487
0.41965
0.012465
0.0260537
0.048318
0.0446199
0.0573669
0.100876
0.0190687
0.0845219
0.0195987
0.0598571
0.0916321
0.0768185
0.0242653
0.147822
0.0471716
0.0380419
0.008802
0.0545948
0.0601563
0.0813158
0.0296999
0.0884261
0.0146291
0.0297102
0.119852
0.0613724
0.0711827
0.060228
0.0315788
0.136329
0.211381
0.0891664
0.0340342
0.0363164
0.0115418
0.0964135
0.0299302
0.0336173
0.14615
0.0693902
0.0500154
0.0998742
0.235138
0.0804343
0.032716
0.0615668
0.113642
0.0708105
0.0521638
0.0302441
0.0436069
0.0273697
0.137111
0.0402429
0.095901
0.019825
0.0854464
0.0150182
0.0622696
0.0457155
0.0413518
0.0593889
0.0523265
0.0381148
0.0363594
0.0468051
0.014131
0.091235
0.0859824
0.0153668
0.0239103
0.0521118
0.0686794
0.0254136
0.0258854
0.0380078
0.0958023
0.068041
0.105732
0.0594136
0.120185
0.0223784
0.0134896
0.0869233
0.0374225
0.0428526
0.0920273
0.00802851
0.0397949
0.0544002
0.0324996
0.0496259
0.0124379
0.0449096
0.112699
0.0591462
0.11283
0.0214018
0.0410071
0.0547098
0.146625
0.0381303
0.0810279
0.0639718
0.0153055
0.0301408
0.0963521
0.0424076
0.054478
0.063103
0.301121
0.103013
0.0148005
0.0744388
0.0583517
0.0397157
0.0143115
0.0567198
0.0190166
0.0431759
0.0410912
0.0751888
0.0268676
0.0249668
0.0273179
0.0675982
0.0274423
0.0496238
0.0696268
0.0259897
0.0182267
0.155931
0.0819345
0.115011
0.0528174
0.0128028
0.0181584
0.0528279
0.0497095
0.101842
0.0640019
0.0525319
0.0431297
0.10324
0.0463234
0.019074
0.0093363
0.0471389
0.0358393
0.0358167
0.0262096
0.121353
0.0771123
0.102515
0.0910602
0.142904
0.0426774
0.0370413
0.0316429
0.0208214
0.0213222
0.0696381
0.0651792
0.148757
0.0303007
0.0877436
0.0452658
0.0764636
0.0201432
0.0370526
0.0846886
0.0456642
0.0312747
0.0135898
0.0284617
0.0306736
0.0399058
0.0622803
0.0351042
0.113134
0.0629719
0.0381286
0.0339069
0.0397665
0.0120201
0.03178
0.0469924
0.176811
0.148591
0.0716127
0.0790148
0.0558945
0.0351791
0.0532353
0.018247
0.0356466
0.0263986
0.0698558
0.0522136
0.127618
0.0774478
0.0403855
0.21079
0.153866
0.0335409
0.102324
0.113267
0.0706174
0.163236
0.0232848
0.0939329
0.00749165
0.0393541
0.0349251
0.352943
0.0809612
0.0969708
0.0804965
0.181146
0.118309
0.0215017
0.021205
0.0861795
0.0700925
0.0320237
0.121558
0.0399038
0.0659615
0.113386
0.0260877
0.0288937
0.0386644
0.0922805
0.0547149
0.0127527
0.0688809
0.0495991
0.105837
0.0595678
0.032744
0.0296168
0.164862
0.151075
0.0212246
0.0835348
0.0207334
0.0581142
0.0562815
0.14716
0.0384031
0.0645374
0.114691
0.0117045
0.0104053
0.0303727
0.0663862
0.030458
0.0246293
0.0493249
0.0974038
0.227677
0.060366
0.0310316
0.112283
0.0646626
0.030185
0.0355554
0.0409653
0.0196216
0.0221897
0.120743
0.0218996
0.0473282
0.0230444
0.0504385
0.378324
0.0254977
0.10587
0.225208
0.0602954
0.105351
0.0345464
0.0759714
0.105861
0.0238118
0.030511
0.11201
0.0538965
0.113537
0.0362461
0.313192
0.0150099
0.0624891
0.0831847
0.060173
0.0104479
0.0196727
0.0662874
0.00853212
0.013776
0.0324768
0.0107602
0.0349478
0.0189453
0.034396
0.0589181
0.0219942
0.0459644
0.116809
0.0415367
0.0438388
0.0240879
0.07242
0.0614875
0.0414925
0.0633994
0.0145967
0.0838787
0.0603106
0.0757531
0.109205
0.0717745
0.106073
0.0706885
0.039263
0.0898881
0.119359
0.0651568
0.0864565
0.0829455
0.135711
0.0551706
0.0865166
0.0398155
0.0355296
0.10183
0.038576
0.0498589
0.0852764
0.0431597
0.115961
0.079838
0.0564177
0.0436524
0.109944
0.0329302
0.0657817
0.114175
0.0761514
0.0574295
0.057567
0.0270332
0.140786
0.0347965
0.0375885
0.0734051
0.0995836
0.042431
0.0479208
0.0476674
0.0450387
0.0515372
0.0445531
0.113906
0.0897277
0.0883092
0.228148
0.0258891
0.0266648
0.18168
0.015853
0.135893
0.0294543
0.0484646
0.0823412
0.0628739
0.0258722
0.0322929
0.0265599
0.0563662
0.0357545
0.172542
0.0662652
0.0704355
0.374315
0.0863267
0.120044
0.0639557
0.0357102
0.0466337
0.0561205
0.0626732
0.112917
0.0735897
0.114283
0.087105
0.0176233
0.0564679
0.0596914
0.0470114
0.032203
0.160566
0.309983
0.069924
0.0457528
0.050795
0.0356141
0.0915433
0.0317167
0.0779093
0.0115983
0.0364592
0.0603223
0.0285914
0.0691524
0.0977489
0.0415004
0.0430379
0.0479033
0.0448289
0.117089
0.0295373
0.171204
0.0280544
0.0220303
0.0527484
0.0380122
0.0206616
0.00887674
0.0923345
0.0915956
0.100268
0.0593683
0.056047
0.0871744
0.0238619
0.0477383
0.0222677
0.0252172
0.0501071
0.0363797
0.0501816
0.0361387
0.0514096
0.0243653
0.089005
0.0634469
0.0854299
0.0815254
0.0337604
0.0253684
0.0968227
0.0757465
0.112047
0.0294607
0.214351
0.0449351
0.0340704
0.0339402
0.0264573
0.0352641
0.0673846
0.0108694
0.0265781
0.0165111
0.119188
0.395253
0.0217949
0.0262009
0.0505434
0.0108226
0.113664
0.136865
0.0395677
0.0322705
0.0194972
0.177101
0.0704532
0.0256116
0.0801707
0.0346751
0.0503473
0.0360296
0.0703685
0.0617115
0.057951
0.0266741
0.0592149
0.0651532
0.0413588
0.0433405
0.0969908
0.0213823
0.143816
0.182651
0.0560752
0.0333131
0.0709094
0.0474526
0.00832799
0.0499875
0.215296
0.0913576
0.0726975
0.0422542
0.0339025
0.0485774
0.0495968
0.0344498
0.0478916
0.110908
0.143915
0.0196159
0.0517363
0.0898613
0
0
0
0
0
0
0
0
0
0
0
0
0
0
0
0
0
0
0
0
0
0
0
0
0
0
0
0
0
0
0
0
777777