2.89786
999999
-0.38265
-0.275967
-0.0296607
-0.0230787
0.110281
0.043399
-0.0578415
0.505731
-0.0187288
-0.34593
0.168047
0.0711834
0.471214
-0.203662
-0.147624
0.621004
0.532489
0.160377
0.524056
-0.413837
0.15465
0.210954
0.516855
0.431955
0.687698
-0.149474
-0.149163
0.380925
0.0884538
0.76374
0.253559
-0.0934468
-0.0921424
-0.117341
-0.290049
0.26708
-0.0787959
0.293426
-0.0586883
-0.141753
0.52729
-0.07391
1.89568
0.0415357
0.333282
0.354951
-0.306937
-0.087953
0.247678
0.480219
0.140477
0.113103
0.176089
0.80332
0.802485
0.265472
-0.219152
0.205242
0.178935
-0.126288
0.0767372
-0.635656
0.28505
-0.397894
0.00498067
-0.599574
0.294076
0.120488
0.0754002
0.227243
-0.0764567
-0.390353
-0.498306
0.0865204
-0.229054
0.0570265
-0.248825
0.9087
0.0753448
-0.0256707
0.485405
0.0316664
0.130493
0.992844
0.115227
0.705365
0.046169
-0.00343196
-0.557852
-0.332936
-0.342597
0.209663
0.209122
-0.392009
0.204811
-0.0280728
0.503912
0.712801
-0.294283
0.0322702
-0.241995
-0.150991
-0.726276
0.486818
-0.085266
-0.0963808
-0.182342
0.559585
0.158304
-0.224617
0.166231
-0.956523
-0.124915
0.589135
-0.079674
0.105818
0.113151
-0.418572
0.180298
-0.0712071
-0.156974
0.0909692
-0.107084
-0.319966
-0.169485
0.616139
0.0903111
0.459034
0.493999
0.00563809
1.36847
-0.370638
0.191745
0.328568
0.0177446
-0.0132044
-0.174685
0.175427
0.397622
-0.357026
0.469723
-0.058057
0.181173
0.0329921
0.34433
0.543388
-0.00741121
0.319076
0.263931
0.245001
0.452475
-0.0083768
-0.2031
-0.301262
0.848936
0.307438
0.624782
-0.0292624
-0.0974856
0.257758
-0.0653506
0.0384389
-0.010395
0.320794
0.500773
-0.473037
-0.617646
-0.601084
0.219832
-0.123563
0.197908
-0.148908
-0.806555
0.0125147
-1.28592
0.202383
-0.0321633
-0.321857
-0.594365
-0.326436
0.00527347
0.383337
-0.295577
0.134029
0.0956127
0.14844
0.260473
-0.381197
-0.318556
-0.0589461
0.274438
0.555486
0.279234
-0.162955
0.255589
0.191636
0.105685
0.297836
0.0911577
0.315903
-0.439141
-0.385827
0.157842
-0.369745
-0.247552
-0.274669
-0.60432
-0.192831
-0.0740245
-0.69531
-0.193373
0.183353
-0.596309
-0.382743
0.108638
-0.799496
0.41305
0.134073
0.66653
0.0283379
-1.75371
-0.33023
-0.166952
-0.814963
0.59626
0.0814184
-0.101562
0.254753
-0.0170117
0.299736
0.147069
0.330584
-0.303241
-0.367846
-0.177906
-0.452146
-0.00803128
0.157297
0.778029
0.0877725
-0.402884
-0.374536
0.422307
0.00790538
-0.0319413
-0.298406
-0.0182297
0.130109
0.677044
0.121023
0.0237884
0.427127
0.0472897
-0.198552
0.49942
-0.125882
-0.345531
-0.433098
-0.180324
-0.153177
0.148574
-0.0818163
0.364495
0.191519
0.0573616
-0.232921
0.468876
-0.788491
0.518234
0.098881
-0.0419609
0.0862856
0.316002
-0.27327
-0.529724
0.447576
-0.100364
0.188127
-0.379858
0.983103
-0.281406
-0.0798122
-0.0627815
0.161254
-0.41427
-0.12408
-0.240336
-0.504405
-0.0650061
0.235223
0.160319
0.521309
-0.292777
0.30474
0.88833
0.228321
0.748115
0.350414
0.750788
0.755114
-1.37265
0.432719
-0.113059
0.709022
-0.0247251
-0.710127
-0.15428
0.323908
0.617801
-0.112727
0.280198
-0.225841
-0.18483
-0.31027
0.10829
0.404368
0.525363
-0.0939266
0.8848
0.0519525
-0.0614093
-0.178493
0.0458726
-0.420573
-0.328326
0.0361331
-0.495857
-0.721862
0.197501
-0.144959
-1.9414
0.473472
0.145939
0.118978
-0.303545
0.648786
0.318119
-0.172246
0.454909
0.333747
0.577187
-0.0522009
0.330998
0.432272
0.956156
-0.497323
0.145069
-0.207949
-0.231741
0.995132
-0.115291
-0.113258
-0.436211
0.158703
0.103081
0.527301
-0.326843
0.163121
-0.898112
0.0510131
-0.657723
-0.115863
-0.420671
-0.397612
0.268859
0.224208
0.84598
0.0423297
-0.620711
0.555848
-0.095084
-0.435492
0.083877
-0.351846
0.364563
-0.34578
0.074699
-0.348265
0.323288
0.328485
0.339533
0.788235
0.145824
-0.191991
0.0789677
0.597851
-0.361463
-0.624225
-0.340052
0.267645
-0.250384
-0.417663
-1.4384
-1.39691
0.0928307
-0.274163
0.045072
-0.50618
0.143877
-0.103442
0.117983
-0.355428
1.60886
0.513508
-0.421693
0.520521
-0.217072
0.162682
-1.35508
-0.165003
-0.275724
-0.0283305
0.707495
0.769749
-0.542314
-0.392952
0.0254627
-0.296783
0.169531
-1.31896
-0.371769
-0.0373539
0.072004
-0.16881
-0.245208
-0.466322
-0.0360242
-0.0755574
0.136832
0.0613647
-0.162506
0.565453
0.227026
0.084082
-0.157447
-0.282832
0.225721
0.64866
-0.288901
0.567995
-0.0766308
0.0419123
0.0481202
-0.285124
0.141167
0.133847
-0.22986
0.239224
0.522337
-0.0683092
0.19365
0.0314642
0.0588067
0.752872
0.00763966
0.425931
0.0703463
-0.22722
-0.466476
-0.148933
0.280237
-0.412934
-0.176133
-0.360729
-0.284029
0.00282697
0.515207
0.15263
0.656357
0.0943916
0.181875
-0.123487
-0.291745
-0.033723
-0.65761
-0.175009
0.110367
-0.556059
0.901187
0.138145
0.112367
0.58944
0.547478
-1.10234
-0.427968
-0.201833
-0.454278
0.399715
0.82707
0.142175
-0.517408
-0.241562
-0.144689
-0.429629
0.370813
0.19514
-0.25967
-0.133168
-1.40685
-0.285005
-0.212378
-0.681208
0.763547
-0.658142
-0.299011
0.145244
1.32008
0.207049
-0.0394172
-0.0207422
0.0532123
0.337305
-0.385619
0.0261484
-0.169139
1.07857
-0.156671
0.307617
0.531952
-0.713034
-0.374126
-0.375485
0.481806
0.339612
0.118289
-0.273628
0.521531
-0.016093
-0.241055
0.105326
-0.93412
-0.155834
-0.236877
0.207724
0.113727
0.286952
0.0737621
-0.304517
-0.851047
0.523114
-0.0952843
-0.357719
0.279184
0.235473
-0.179626
-0.37152
0.445381
0.062913
0.0668618
0.436671
-0.342505
-0.451916
-0.453492
-0.299309
-0.167092
-0.205568
-0.740653
0.482561
0.245154
1.28229
0.224772
-1.00321
0.182646
0.284138
-0.539935
0.329488
-0.404942
0.44238
0.125772
0.424276
-0.742576
-0.101626
-1.12964
-0.114876
0.310814
-0.0782227
-0.121664
-0.674175
-0.0612628
-0.347861
0.328972
-0.226609
0.0965753
1.6411
-0.321542
0.111106
1.13552
-0.0442764
-0.351982
0.205589
0.340109
0.000357055
-0.101144
-0.0467862
-2.07061
0.830499
-0.473942
-0.24713
-0.089697
0.195974
-0.259862
-0.170306
-0.04528
0.0570731
1.19809
0.0484732
-0.0229984
-0.603145
-0.311047
-0.328513
0.524669
0.236627
0.0469413
0.606466
-0.0327762
0.62002
-0.153717
-0.770225
0.122791
0.322133
-0.351655
0.212735
0.0853118
0.0116477
-0.0459033
0.0123071
0.397196
-0.0499331
0.676883
-1.49323
0.0755685
0.11893
0.202848
-1.93042
0.102198
-0.31937
0.138141
-0.0289177
-0.420167
0.156335
0.627725
0.11809
0.322311
-0.396191
0.055456
-0.00563265
0.526388
-0.0611006
-0.16437
-0.654476
0.412123
0.249911
0.155054
-0.154836
-0.877095
0.113978
-0.379267
-0.0924722
-0.618949
0.406801
0.0506665
-0.267728
0.0567686
-0.299192
0.144533
-0.183263
-0.264581
-0.714775
0.13805
0.398353
-0.331847
-0.0178541
0.475662
-0.490825
0.626351
0.519956
-0.0863886
-0.367851
-1.08674
-0.299663
0.454385
0.128617
-0.10749
0.173606
-0.375001
0.404454
-0.514344
0.141244
-0.153627
1.1035
-0.24983
0.0223779
0.453094
-0.424791
-0.875891
-0.213361
-0.491053
-0.501828
-0.479143
-0.535945
-0.11023
-0.0174449
-0.0316886
0.317599
0.302406
-0.168153
0.0133825
0.181555
0.163815
-0.323421
-0.255174
0.206615
-0.0293637
-0.208126
0.0963309
0.238513
0.953427
-0.0202274
-0.226544
-0.0660689
-0.304795
0.371345
-1.08329
-0.166651
0.456705
-0.118105
0.00526173
0.558326
-0.274876
1.31469
0.0480668
0.0816843
-0.479392
-0.47668
0.393759
0.120701
-0.400553
-0.323765
-0.325313
0.283644
-0.160364
0.26265
0.400455
0.148391
-0.72935
0.133549
0.227076
0.0230348
-0.118499
-0.0933619
0.388594
-0.35292
0.981283
-0.0915499
0.520469
0.147472
-0.299921
-0.477869
0.332792
-0.252968
-0.709625
-0.0280742
-0.0381093
0.0951916
0.0854963
-0.0289799
-0.0358363
0.0807552
-0.69751
-0.378069
0.733953
-0.30702
0.190738
0.231788
-0.0860764
1.19568
0.0950463
-0.289543
0.301704
0.489188
0.326239
-0.407384
-0.391828
0.541699
-0.192638
-0.00332296
-0.0594437
0.608267
-0.637807
0.0911794
0.164344
-0.0603892
0.326747
-0.435376
-0.509283
0.848675
0.141248
-0.691961
0.5733
-0.274443
-0.308859
-0.287251
1.27745
-0.372084
0.097422
-1.01706
0.495536
-0.0618904
0.275238
0.136996
-0.838932
-0.714509
-0.218557
0.198287
0.584642
-0.427683
-0.0378039
-0.424613
0.141934
-0.0362614
0.0528772
-0.168397
0.656504
0.0310614
0.924388
-0.120375
-0.13901
0.116842
-0.10851
-0.138876
-0.00785797
0.257707
-0.152534
-0.211997
0.431876
0.302707
0.193439
-0.180528
-0.158247
0.00294317
0.852132
-0.172206
0.511415
-0.270701
0.344456
-0.332512
-0.288899
-0.104597
-0.127493
0.124505
-0.507872
-0.0205951
0.194967
0.299625
-0.276921
0.462026
-0.196324
0.415247
0.0860521
0.0917802
0.0864955
-0.0737007
-0.306623
-0.0476558
0.367017
0.0545073
-0.0950424
-0.0931273
-0.481007
-0.848676
0.178433
0.0113617
0.894295
-0.018615
-0.472196
0.120879
-0.206769
0.0587181
-0.110048
-0.283237
0.562724
0.0574773
0.144202
0.153843
-0.216729
-0.301839
0.254059
-0.702013
-0.0269194
0.313876
-0.488732
1.02793
-0.394626
0.0537118
0.731499
-0.249083
1.10765
0.154112
0.46176
-0.281304
-0.451152
0.140238
-0.0493627
0.188192
-0.274825
0.233179
-0.258109
-0.0810198
-0.387753
-0.455888
0.312992
0.0405924
0.154118
-0.0563367
0.0499696
-0.361937
0.324276
-0.269073
-0.760181
-0.503331
-0.327286
0.0393817
-0.133268
0.152092
0.312002
0.210645
-0.819818
0.616496
-0.00384606
-0.00360873
0.482028
-0.175977
-0.0151162
-0.068028
0.32289
0.474794
0.842973
-0.00454612
0.171167
0.370827
-0.124519
0.0602381
0.381295
-0.523691
0.18126
0.230519
0.0458088
-0.258535
-0.427777
-0.0730992
-0.131382
-1.44343
-0.442499
-0.314731
-1.02809
0.0377338
-1.71154
0.0109445
-0.775075
-0.20849
1.62747
0.148947
0.0498603
0.13451
-0.875481
0.301206
-0.034335
-0.089719
0.182594
-0.197694
-0.552528
0.199913
0.120323
0.0611866
-1.1736
-0.451273
0.0846598
-0.32
-0.171246
-0.00434017
0.236296
-0.436812
-0.184935
0.259053
0.0281488
0.590801
0.663024
-0.0209634
0.310779
0.280336
-0.494261
0.0458113
-0.34504
0.371941
0.245428
0.017152
0.790581
0.0239827
4.89599e-05
-0.184995
0.259198
-0.19598
0.465421
0.109049
0.188603
-0.704323
0.768754
-0.613057
-0.000468649
0.666057
0.0776978
0.053375
0.116705
1.19263
-0.0065562
-0.186067
0.468713
-0.683838
0.234862
-0.0679279
1.64753
-0.184691
-0.356003
0.0110228
0.0641183
-0.296207
0.0116336
0.0288152
-0.194803
0.15303
-0.258227
-2.98689
0.232785
-0.685336
0.592665
-0.15387
0.0696948
0.479009
-0.102852
0.0947342
-0.0959993
-0.019841
0.0493236
-0.904886
-0.215038
-0.217599
0.397322
-0.333466
-0.211555
0.409274
0.186643
-0.043336
-0.0626975
0.333463
0.180058
-0.660442
-0.330505
0.351061
0.0471968
0.109213
-0.422353
0.361107
0.294986
-0.644139
-0.0873497
-0.684465
-0.832964
-0.18214
0.348012
0.414913
-0.385304
-0.0422125
0.183354
0.000799411
0.126352
0.0491703
-0.479863
1.97322
-0.159369
-0.326195
-0.305671
-0.262272
-0.128205
0.131321
0.168408
0.359485
-0.0751799
0.18892
-0.556037
-0.117952
0.0642107
0.360472
-0.051712
0.335754
0.407348
-0.208985
-0.989683
0.175664
0.127327
0.682517
-0.184058
-0.465851
0.0500698
-0.714953
0.310655
-0.0579524
0.435422
-0.366783
1.10642
0.117399
-0.125855
0.0931037
0.120591
0.131061
-0.516741
-0.988871
-0.829338
-0.434786
-0.148904
-0.411631
0.304731
0.27273
-0.00869098
0.0475102
-0.472609
-0.448757
-0.216376
0.120807
-0.249289
-0.319276
0.355571
-0.535472
-0.072836
0.316247
0.603281
1.66478
0.118586
0.170984
0.48264
-1.10681
-0.450343
0.0217191
-1.02267
1.44052
-0.437037
-0.530817
0.0414068
-0.182008
-0.0428782
-0.292553
0.208423
0.073936
-0.214632
-0.136005
-0.187274
-0.76945
0.584488
-0.0323309
-0.243993
-0.0278079
-0.280466
-0.129842
0.0778769
-0.353559
0.304679
0.0345132
-0.117954
-0.0899461
0.436868
0.0886505
0.221152
-0.294874
0.0530357
0.239836
2.8773
-0.148095
-0.368519
0.26751
-0.0670884
0.642763
-0.708557
0.427917
-0.0302052
0.427768
0.218652
0.118633
-0.218995
0.238925
-0.017601
-0.0543582
0.249082
0.225779
-0.312619
0.196231
-0.111466
0.509465
-0.848554
0.0403154
0.0214131
-0.452086
-0.465999
-0.134504
-0.101505
0.0148294
0.304452
-0.491478
-0.129134
0.164901
0.0118027
-0.349774
0.165551
0.341727
0.524334
1.42648
-0.773542
-0.72041
-0.000574095
0.756435
0.40793
0.463053
-0.300129
-0.208908
-0.0807639
-0.165309
0.323796
0.156421
-0.00675984
-0.36956
0.0377519
-0.994317
-0.147809
-0.995145
0.15666
0.322989
-0.184251
0.164572
-0.526535
0.929616
-0.0552953
0.279797
0.193028
0.303908
0.72913
0.212688
0.602736
0.0938592
0.162223
0.593836
0.0470237
0.273364
-0.216425
0.266572
0.332762
-0.673521
-0.196571
-0.618236
0.248647
0.18159
0.275761
0.482898
-0.0921504
0.259427
-0.399742
0.368947
0.232967
-0.141374
0.224351
-0.2534
0.656351
-0.046698
0.541234
-0.478325
-0.0610524
-0.334116
-0.555915
-0.524818
-0.599791
-0.875512
-0.146487
-0.423096
0.189405
0.375335
-0.53303
-0.345751
-0.152611
-0.722292
-0.343881
-0.292359
0.0999397
-0.110722
-0.134841
0.137892
0.431625
0.352396
-0.0974285
0.413205
0.523491
0.202836
-0.631826
-0.0112756
0.488894
0.0916169
0.608661
0.0931494
0.148415
0.201769
-0.589723
-0.537656
0.170723
0.182575
0.178003
0.102886
-0.737787
0.396862
-0.669352
0.0589328
-0.0573235
0.220851
-0.0263475
1.03027
-0.216318
0.363525
0.381587
-0.115946
-0.438359
-0.138487
0.344073
-1.57082
0.673653
-0.373675
0.983412
-0.127459
0.202921
0.166042
0.198957
0.160362
-0.141203
-0.357328
-0.0999441
0.0351479
0.221594
-0.413307
0.351132
0.2333
-0.0719143
0.0510995
-0.0779693
-0.435995
-0.21306
0.013899
-0.262716
-0.639064
0.0101749
-0.0712951
0.404654
-3.30143e-05
0.0106021
0.201599
0.0500766
-0.183351
-0.140156
-0.412949
-0.694534
-0.24735
-0.351021
-0.164424
-0.563494
-0.383363
-0.0844107
0.0972263
0.376008
-0.00912762
-0.267969
-0.528008
0.657715
0.238819
0.38492
-0.758587
-1.92853
-0.13965
0.447079
0.184856
0.179386
0.847687
-0.131348
0.775041
-0.275103
0.208422
-0.0996954
2.55436
0.33795
0.136712
0.0441233
0.293687
0.544455
-0.148504
0.545243
0.148158
0.0459226
0.276314
-0.370385
0.015427
-0.500637
-0.559931
0.137893
0.679791
0.374887
-0.150095
0.172857
0.27073
0.369339
-0.0415123
-0.115801
0.171896
-0.601834
-0.0555258
0.307603
-0.68773
-0.0289301
-1.18713
0.244204
0.325489
-0.142512
-1.0928
-0.088781
0.0534072
0.943335
0.355256
-0.112429
0.200648
0.281175
-0.139569
0.159098
0.488775
0.509162
-1.52359
-0.100437
-0.0392608
0.280972
-0.0249539
-0.662738
0.334006
0.275048
0.0427808
0.199253
0.449689
0.3406
0.0540173
0.120213
-1.10744
2.93662
0.473784
0.435284
1.86858
-0.188424
0.594252
-0.296914
0.12722
0.704182
-0.0236505
-0.462655
-0.536367
-1.58121
-0.0766655
0.162998
-0.279895
0.301603
0.245323
-0.121646
0.266137
-0.176477
-0.0657214
0.535588
0.158911
-0.226659
0.213404
0.0507051
-0.232585
0.114868
-0.038265
-0.272643
0.0702482
0.461302
0.172299
-0.218346
0.0404838
-0.553691
0.288605
-0.537425
-0.17839
0.202421
0.504856
-0.355196
0.826913
-0.185158
0.372054
0.350146
0.510105
-0.207559
-0.682601
0.287503
0.159265
0.234473
0.2034
0.262277
-1.25665
-0.521535
-0.936308
0.252688
-0.197285
-0.280759
0.580512
-0.168493
0.585465
-0.19943
0.187985
0.836604
0.410919
0.0372228
-0.0158259
-0.21248
-0.506149
0.188161
0.386445
-0.382719
-0.293157
0.313959
0.102096
0.226592
0.342975
-0.649195
0.290783
0.314121
0.0213837
0.467549
-0.095437
-0.118814
0.122859
0.648942
-0.580131
-0.806882
-2.19442
-0.213431
-0.0404459
1.14204
-0.0205785
-0.332854
0.11146
-0.132737
0.441092
0.371919
0.117344
0.0598565
0.342136
0.152291
0.0356287
-1.2308
0.153748
0.257755
0.432162
-0.944128
-0.214342
-0.0340906
-0.776622
0.508376
-0.570091
0.100749
0.511249
-0.552643
-1.20525
-0.753234
-0.118341
0.388943
-0.209552
-0.147751
-0.0927956
-0.603461
0.419794
-0.280978
0.421128
-0.185863
-0.149447
0.426863
0.134992
0.453939
-0.0520717
0.65421
-0.212918
-0.0422288
-0.15134
0.767021
0.104445
-0.00789408
0.108951
0.196672
0.884232
0.26148
0.536425
0.19903
0.240986
-0.253167
0.626165
-0.141519
0.139796
-0.331971
-0.311292
-0.0619335
0.158413
0.410384
0.209737
-0.0902042
0.686516
-0.296148
0.215598
-0.72716
0.086023
0.291061
-0.404122
0.156486
0.301566
-0.527295
-0.265241
-0.953356
-0.623783
-0.123322
-0.00310974
-0.615459
-0.239067
-1.38584
-0.317287
0.0259194
0.329986
0.185529
0.0639697
-0.412429
0.267718
0.317859
-0.172483
-0.0549688
-0.00579472
-0.903186
3.64153
0.380396
-0.123389
0.133685
-0.0201435
1.20707
-0.601083
-0.235935
0.681737
-0.0912268
1.19252
0.0508665
0.0964703
-0.331981
0.535339
-0.339116
0.303961
-0.612073
-0.430343
0.231301
-0.240013
-0.245945
0.371264
-0.223185
0.0205391
-0.65834
-0.298191
-0.303109
1.91471
-0.558584
0.131692
0.218587
0.18354
0.228999
-0.163303
0.914647
-0.608698
-0.592458
-0.104405
-0.10033
0.0113955
0.196402
0.0472439
0.380794
0.2265
0.753854
0.106992
0.443059
0.3389
0.0845411
-0.183404
0.17198
-0.163149
0.0570926
-0.183599
0.104672
-0.16808
0.0231031
-0.113866
-0.104268
0.128119
0.0246999
-0.115726
-0.193223
0.0111041
0.0682237
-0.156079
-0.0685226
-0.156845
-0.0763311
-0.0496129
-0.048363
-0.0107757
0.0357473
-0.0172453
0.127606
0.0530418
0.162334
0.0869917
0.127751
0.184639
888888
0.0499577
0.0215821
0.105613
0.0270288
0.0244517
0.0464551
0.038901
0.107188
0.0247292
0.0812231
0.0454342
0.0239603
0.0969931
0.0221125
0.0111404
0.0672918
0.114999
0.00962343
0.0347796
0.198802
0.0452849
0.181081
0.106406
0.0323165
0.0631401
0.0232408
0.0207281
0.204971
0.0210156
0.0856807
0.0385616
0.031571
0.0494572
0.0838257
0.039403
0.0476026
0.092064
0.0110237
0.029997
0.0295049
0.0345108
0.0553753
0.302058
0.0270716
0.0243815
0.0543491
0.0184113
0.0379596
0.0233314
0.0097323
0.0271405
0.0930141
0.0589856
0.0832528
0.10415
0.037322
0.015264
0.0218954
0.0288773
0.032545
0.127459
0.275144
0.125509
0.0641338
0.0810181
0.0478723
0.0195696
0.016612
0.0334212
0.139768
0.0546433
0.0794642
0.078482
0.0297755
0.049759
0.0177994
0.0555809
0.0758645
0.0378994
0.0375024
0.0646315
0.0771912
0.153656
0.114031
0.0254681
0.0596441
0.0554582
0.0303043
0.0546511
0.0869435
0.0297205
0.0364314
0.106623
0.0371275
0.0108125
0.0104626
0.128056
0.0490885
0.0730773
0.0323788
0.0405145
0.0357041
0.115167
0.0718232
0.0665113
0.0871467
0.0367104
0.0684511
0.0827126
0.0504753
0.175172
0.218887
0.0140605
0.0208964
0.0230394
0.118805
0.0245812
0.0828282
0.0326438
0.0767096
0.0579452
0.0732981
0.0230486
0.0539296
0.0493462
0.138861
0.0829026
0.102664
0.0570224
0.0593718
0.221483
0.0666312
0.146395
0.0509067
0.0160515
0.0486506
0.0961529
0.0218392
0.184349
0.0673259
0.0286986
0.011761
0.0200824
0.043964
0.0988877
0.056174
0.0443946
0.0279487
0.0356906
0.0634865
0.0373383
0.0969453
0.0109708
0.0406561
0.216736
0.138185
0.307987
0.0676552
0.0872779
0.0965561
0.0136632
0.0689216
0.0254518
0.112588
0.0822517
0.00736516
0.163372
0.0312306
0.126199
0.0423954
0.183149
0.0377947
0.281447
0.036386
0.21952
0.00947626
0.0272879
0.0337032
0.0423547
0.0662534
0.0144562
0.0612342
0.0248185
0.0838268
0.0499316
0.0405787
0.0205467
0.021938
0.0184128
0.0581298
0.0454159
0.0780644
0.0356646
0.189823
0.0372133
0.0147054
0.117027
0.0730389
0.0404864
0.0325732
0.0743188
0.0660507
0.0875213
0.0161547
0.0989526
0.0451475
0.121865
0.0837566
0.0351747
0.143403
0.0555675
0.0264852
0.048221
0.0147931
0.0287379
0.134757
0.0211348
0.0515084
0.0995586
0.0188275
0.209778
0.0468201
0.0221928
0.519809
0.049481
0.0996365
0.0202585
0.0341199
0.0391243
0.0372408
0.138167
0.0558036
0.396205
0.113122
0.0347142
0.0566735
0.0371691
0.00565964
0.104293
0.104714
0.0427924
0.0264222
0.0693266
0.148929
0.0217387
0.0258398
0.0501224
0.13165
0.0353238
0.0151578
0.0330065
0.117626
0.074796
0.0348889
0.0467456
0.0415686
0.0700497
0.0444474
0.0227141
0.0501454
0.0566211
0.0682808
0.101906
0.054316
0.0412992
0.279894
0.022987
0.0776619
0.0588369
0.152445
0.0554988
0.0975785
0.0283197
0.139111
0.108584
0.0452442
0.121238
0.0546933
0.0698242
0.155379
0.0149432
0.120587
0.0299089
0.0413777
0.0705185
0.059732
0.0770084
0.0449611
0.00393199
0.0241916
0.0450661
0.0455293
0.0359108
0.0308511
0.0617055
0.0897262
0.0618453
0.278943
0.0863261
0.0138344
0.194504
0.0392227
0.0176019
0.150598
0.0346697
0.141068
0.0125519
0.0524764
0.0808825
0.15263
0.0217131
0.0867365
0.0444174
0.0329407
0.0821194
0.0269019
0.00965546
0.0822429
0.222945
0.0425268
0.304896
0.0966759
0.055114
0.0511667
0.0322397
0.0658622
0.0567417
0.116985
0.0525645
0.080999
0.218808
0.0505999
0.00932922
0.0517191
0.0187426
0.204563
0.056375
0.0141533
0.11639
0.0627483
0.0789858
0.0445612
0.0290569
0.0512689
0.21518
0.0651878
0.0300653
0.0531661
0.0558295
0.0723913
0.0512461
0.0462309
0.122046
0.0182635
0.0247263
0.0396162
0.0149718
0.0877106
0.0212198
0.0652615
0.0891164
0.0813628
0.0555984
0.0601497
0.0596781
0.0505868
0.0498336
0.0242035
0.0353866
0.136821
0.0400778
0.110186
0.0113492
0.0130658
0.014322
0.0271899
0.107525
0.0160262
0.0287335
0.0479532
0.0825719
0.0900956
0.081905
0.0984502
0.0346599
0.0346808
0.0457116
0.0449611
0.0710299
0.0630691
0.100206
0.154247
0.09573
0.236466
0.0151089
0.0259356
0.0455549
0.0687423
0.0517981
0.0941003
0.0343567
0.0364243
0.0734125
0.0603847
0.0162542
0.127067
0.0429014
0.0443894
0.192922
0.0255113
0.0289619
0.026022
0.106783
0.127607
0.0691414
0.0116001
0.0306793
0.0484256
0.0979338
0.198671
0.0798393
0.0142068
0.0343942
0.0748817
0.0332847
0.028551
0.0346598
0.0489707
0.0919851
0.0620876
0.0347859
0.0566228
0.0325887
0.0419436
0.0145434
0.0987306
0.0677268
0.0350766
0.0213135
0.0407049
0.022064
0.00875672
0.0195398
0.0564571
0.17937
0.0189321
0.0493709
0.0206547
0.0961061
0.0645948
0.0220075
0.0612224
0.0138226
0.0761844
0.0153093
0.0428801
0.0280875
0.0318069
0.0590346
0.0326303
0.0225591
0.0410188
0.0211986
0.161157
0.167018
0.0124877
0.0378362
0.031371
0.0659332
0.047365
0.0509935
0.0113894
0.0663236
0.0210789
0.0319789
0.0649458
0.0495216
0.0507205
0.23358
0.076964
0.0618411
0.0350546
0.0283431
0.156577
0.0623966
0.0600295
0.109317
0.201316
0.152532
0.0758091
0.0194172
0.0300815
0.0303992
0.0821288
0.0601876
0.0747593
0.0407336
0.0334985
0.0692805
0.0244993
0.0322436
0.0414652
0.0635466
0.0808763
0.0291407
0.0146096
0.1543
0.0322857
0.121347
0.030869
0.0432437
0.0383751
0.0474445
0.158424
0.0843145
0.113604
0.0955627
0.0132465
0.137359
0.0394021
0.0290291
0.0589735
0.219464
0.0310022
0.0954432
0.0436585
0.0819453
0.198028
0.0366908
0.0312778
0.140055
0.077039
0.0726034
0.0516426
0.0848274
0.0482836
0.192593
0.044257
0.0814909
0.0391092
0.0227271
0.210947
0.0387821
0.0634515
0.0268181
0.0478412
0.0175364
0.0200192
0.0498195
0.143776
0.122066
0.0499677
0.0782457
0.072066
0.0674971
0.0653173
0.112067
0.0104296
0.118961
0.138879
0.178035
0.0708464
0.12239
0.0598318
0.10865
0.0325367
0.0416725
0.0345947
0.0638786
0.114479
0.181603
0.0434492
0.0964466
0.0372882
0.0178782
0.0345045
0.0573984
0.029284
0.153215
0.0939406
0.0355902
0.0216377
0.0149752
0.121555
0.0880463
0.0541162
0.30192
0.0356653
0.0594084
0.0265144
0.0703974
0.0490954
0.081198
0.0222066
0.242301
0.19955
0.0163685
0.179647
0.0190529
0.190694
0.024627
0.0197269
0.0629842
0.242072
0.229189
0.0510497
0.042222
0.0197578
0.0375405
0.0185446
0.0336427
0.0674052
0.134299
0.143452
0.0410734
0.0425028
0.0551362
0.0877486
0.0571284
0.023935
0.0216916
0.0400717
0.0521604
0.110975
0.0862025
0.0625474
0.0459055
0.0247892
0.0511073
0.146443
0.0159458
0.0135684
0.0372159
0.162176
0.021808
0.0525643
0.0177456
0.0890716
0.0161558
0.139826
0.0381563
0.0455083
0.0775118
0.0472896
0.0378578
0.0430986
0.100214
0.020705
0.0482723
0.0739149
0.071151
0.0877527
0.0236511
0.019867
0.091166
0.10433
0.127635
0.0283429
0.0209043
0.0291829
0.0182542
0.0336596
0.0188331
0.182607
0.0582543
0.0221811
0.0815669
0.384674
0.0621933
0.0374064
0.0304469
0.0143628
0.0361146
0.0161894
0.317682
0.345484
0.0528658
0.0217609
0.256583
0.0794801
0.0821434
0.0317195
0.0412066
0.0591204
0.0867724
0.0337905
0.0240198
0.074766
0.0622855
0.195069
0.060512
0.0415368
0.0631969
0.0630318
0.0327253
0.0370587
0.0671756
0.0643248
0.14251
0.0906196
0.0122301
0.0950694
0.0089377
0.0620401
0.0364548
0.067523
0.0483512
0.0337696
0.0208858
0.0364014
0.0245437
0.0927209
0.0698476
0.0295024
0.0502145
0.0477008
0.093097
0.0329918
0.0922053
0.26984
0.0147767
0.133912
0.257065
0.00757529
0.18154
0.0278894
0.0819599
0.0270417
0.0201781
0.130831
0.0418093
0.0509368
0.279156
0.0114908
0.0285369
0.0652177
0.0349602
0.0523631
0.0795455
0.101378
0.0442303
0.0239545
0.095337
0.0169463
0.0291562
0.0703333
0.0564615
0.0528056
0.0527294
0.134164
0.11579
0.0244254
0.171286
0.0347498
0.0858503
0.0209972
0.105377
0.0538273
0.0364173
0.0398494
0.0572389
0.0821585
0.0386191
0.0131843
0.0303375
0.0300665
0.0463945
0.0224496
0.298817
0.0405688
0.131603
0.0931488
0.143957
0.0637247
0.0895992
0.113808
0.070902
0.0544516
0.191458
0.067365
0.0213981
0.10876
0.0182614
0.0250327
0.0162622
0.134964
0.0232042
0.0553236
0.0571819
0.0627848
0.134215
0.0257151
0.0111375
0.109419
0.0484737
0.238218
0.0370482
0.170639
0.0404882
0.0310362
0.0887282
0.0606263
0.0870918
0.0404425
0.0524857
0.16723
0.034987
0.0528013
0.0118714
0.0449142
0.30876
0.0344393
0.0425918
0.14151
0.159075
0.0317249
0.0261396
0.0608262
0.145549
0.0182737
0.0434591
0.0547976
0.0979114
0.0323443
0.114533
0.0316757
0.0351994
0.0257343
0.0593232
0.0174339
0.0639091
0.144043
0.0400184
0.0716003
0.0145999
0.0292723
0.234561
0.0327921
0.0595843
0.0224564
0.147771
0.0617784
0.0379632
0.354853
0.0327226
0.0205052
0.0514963
0.0388618
0.0237226
0.0365972
0.0604751
0.0195831
0.0260793
0.0750453
0.0476846
0.0168456
0.072765
0.0689465
0.0236094
0.0325851
0.0393094
0.244297
0.0229632
0.0623302
0.041855
0.0240985
0.0267895
0.0902533
0.0946694
0.0374245
0.200632
0.0526842
0.0719061
0.0853919
0.043956
0.0498999
0.0283271
0.0213888
0.0160569
0.0500248
0.0524414
0.11037
0.0935911
0.0228133
0.0151725
0.00856778
0.0341896
0.0487708
0.0651799
0.0286782
0.0378586
0.118413
0.0309973
0.0139056
0.0673357
0.050272
0.182208
0.0200585
0.056483
0.104094
0.039041
0.0892168
0.0192885
0.0505702
0.0642327
0.0146357
0.032578
0.0164968
0.0833022
0.0663799
0.0294328
0.017235
0.00724053
0.0823051
0.153666
0.0280661
0.142173
0.0295707
0.070098
0.0444819
0.0165517
0.0603344
0.0612616
0.0378886
0.0991471
0.0323567
0.0511733
0.0392482
0.0115144
0.0196156
0.268001
0.0352127
0.0131774
0.018916
0.034612
0.0516776
0.106018
0.107529
0.0348067
0.0659695
0.0452651
0.0479555
0.0151341
0.0445989
0.0713833
0.274316
0.0345551
0.0445973
0.155649
0.140619
0.0481029
0.180691
0.0506391
0.082025
0.0639875
0.0121822
0.141113
0.0132959
0.117733
0.0343629
0.142929
0.00410058
0.12273
0.0958167
0.13418
0.0787007
0.0337678
0.0325703
0.0534761
0.0864492
0.0858776
0.0321066
0.0486973
0.0300856
0.0698928
0.0884741
0.0704285
0.0254292
0.0589908
0.0596723
0.0799292
0.0299367
0.0380094
0.0151038
0.0106938
0.0623855
0.0789814
0.268439
0.0223071
0.0262879
0.0148546
0.013251
0.0307647
0.0287584
0.0946489
0.242042
0.105986
0.0554734
0.0600598
0.0510988
0.0149533
0.0523825
0.0808839
0.0774624
0.0704684
0.136547
0.122678
0.0520152
0.0631289
0.0615748
0.165932
0.0121357
0.0503022
0.306182
0.040511
0.0705885
0.0760407
0.0527977
0.0974149
0.0233528
0.237226
0.0261268
0.0377151
0.0570872
0.00553252
0.0466751
0.00652906
0.0398746
0.0605566
0.0241607
0.0127559
0.541122
0.0668638
0.0867063
0.0498483
0.0436073
0.030262
0.0522484
0.11298
0.0521677
0.128079
0.0435832
0.0202711
0.0599033
0.0762755
0.059898
0.0340056
0.0333317
0.0711495
0.0312349
0.0431902
0.012214
0.062105
0.0104106
0.0312047
0.0957489
0.0979042
0.0294916
0.0601317
0.0970272
0.0293658
0.124985
0.0555721
0.0728142
0.0296327
0.130942
0.168621
0.0367888
0.135191
0.237887
0.119265
0.0333504
0.178219
0.0841877
0.0338729
0.0178977
0.0315548
0.121525
0.0678849
0.0428683
0.0458002
0.0565475
0.0793246
0.0371513
0.152395
0.0215483
0.0705106
0.0358363
0.0409971
0.0471367
0.030168
0.0195499
0.0561137
0.0213957
0.051564
0.0340677
0.0284465
0.023368
0.023816
0.0638975
0.0236272
0.0581362
0.0417003
0.0191237
0.0363484
0.0681482
0.0663813
0.187049
0.0554377
0.0271077
0.0330486
0.0530049
0.0946136
0.0334011
0.0346832
0.220813
0.0601303
0.0235752
0.0368382
0.0561822
0.0758918
0.0268103
0.0836254
0.0870724
0.0364195
0.0469628
0.0657406
0.0400051
0.0645187
0.017158
0.0503558
0.141662
0.0081538
0.131421
0.0237732
0.169078
0.0221224
0.0585252
0.0301871
0.226608
0.0605224
0.0484492
0.150341
0.113704
0.023562
0.0640221
0.0488887
0.0313661
0.0267538
0.0396755
0.0711048
0.0336403
0.0688581
0.0623926
0.0109016
0.0654786
0.0535889
0.0415306
0.208363
0.0307958
0.0254826
0.0286019
0.0353648
0.0363114
0.0285046
0.0131585
0.0267821
0.0238593
0.115258
0.0238383
0.0298031
0.0198219
0.0631964
0.0518129
0.381526
0.0199701
0.0178746
0.0337722
0.0341925
0.0607904
0.0989495
0.0314981
0.0951155
0.0258123
0.0687936
0.0922915
0.0666158
0.020755
0.0791953
0.0313952
0.0645864
0.00669983
0.0387057
0.0434335
0.115129
0.0162338
0.0679232
0.0157099
0.0439235
0.0697285
0.0538314
0.0360431
0.126475
0.0317904
0.118436
0.135907
0.131048
0.0387562
0.0438427
0.00806284
0.138316
0.030438
0.0360115
0.11801
0.187443
0.0396776
0.16088
0.135962
0.110882
0.0451648
0.0626252
0.067088
0.113208
0.0596184
0.0267323
0.0333516
0.0323161
0.0867902
0.0363801
0.0593345
0.0324212
0.150335
0.0221482
0.0583709
0.0445981
0.0367126
0.0732531
0.0556484
0.0605348
0.0247787
0.0675918
0.016373
0.0827056
0.0758105
0.0161245
0.0290662
0.0515157
0.0492555
0.0279621
0.022819
0.0464732
0.0900505
0.0896126
0.110508
0.0598791
0.0721053
0.0167316
0.0151688
0.0693209
0.0189399
0.0430664
0.149834
0.00956166
0.0286926
0.0389906
0.0362408
0.0420078
0.017709
0.0502602
0.0389632
0.0474735
0.0918284
0.0270994
0.0369623
0.0570661
0.0968096
0.0270373
0.0594321
0.0459595
0.0150709
0.0455137
0.0568069
0.0574409
0.0633246
0.0373518
0.269588
0.109204
0.0071437
0.0339395
0.0502428
0.0364271
0.0125427
0.0473108
0.0258315
0.0293002
0.0385989
0.073671
0.0274135
0.0280181
0.03493
0.0600326
0.0430348
0.0568395
0.0684719
0.060722
0.0172253
0.120761
0.123756
0.114607
0.0369581
0.0122794
0.0170653
0.0495661
0.0541224
0.18794
0.0825678
0.045605
0.0582941
0.0962621
0.0589249
0.0138178
0.00734649
0.0400502
0.0245129
0.055371
0.0150894
0.197134
0.0672052
0.114799
0.071648
0.203355
0.0473789
0.0426889
0.0255485
0.0259624
0.0268213
0.0959731
0.0599843
0.125128
0.0313157
0.0736752
0.0583477
0.0983873
0.0159711
0.0529415
0.0763737
0.0361324
0.0320603
0.0118231
0.0252485
0.0400238
0.0249476
0.0680548
0.0394997
0.0719918
0.0360059
0.0296732
0.0445543
0.0548574
0.0146254
0.0374977
0.0349308
0.132081
0.192268
0.0762165
0.0926136
0.0557274
0.032673
0.0902571
0.0153208
0.0356978
0.0166737
0.0358537
0.0656826
0.0726292
0.0639713
0.0557707
0.266863
0.377846
0.0314535
0.0954974
0.134484
0.135139
0.21205
0.0518194
0.121327
0.0127896
0.0361362
0.020746
0.471961
0.0896394
0.127392
0.0681502
0.116267
0.0994353
0.0229346
0.0163215
0.0662504
0.0465977
0.0307729
0.0787286
0.0389965
0.0874796
0.118479
0.034228
0.033141
0.031063
0.082224
0.0583766
0.0106024
0.0891453
0.0522292
0.0838517
0.0576608
0.0320422
0.0246961
0.126253
0.212576
0.0175054
0.108883
0.0496746
0.0474779
0.0443201
0.187438
0.0597054
0.0594715
0.236762
0.0224905
0.0125902
0.0222924
0.0357864
0.0244157
0.061358
0.0553992
0.0685898
0.27947
0.0506915
0.0251567
0.136526
0.0703537
0.0330886
0.0324782
0.0561544
0.0253488
0.0236438
0.160767
0.0300682
0.0569113
0.0174964
0.0447201
0.544401
0.0244837
0.0814328
0.239397
0.0587969
0.150842
0.0277828
0.0935984
0.080217
0.0278438
0.0214021
0.132325
0.0988219
0.131191
0.0442863
0.324165
0.0149077
0.048705
0.0489964
0.0594694
0.0199593
0.0172451
0.0405321
0.0123689
0.0187997
0.0316824
0.0121267
0.0412026
0.015577
0.0195269
0.0725704
0.0153033
0.0519669
0.0941689
0.0494128
0.0345899
0.0174193
0.066476
0.028976
0.036248
0.0614066
0.0341677
0.079623
0.062215
0.0504232
0.149882
0.0588476
0.0844171
0.0940921
0.0857982
0.138171
0.107711
0.0576645
0.110535
0.0833312
0.140111
0.0477033
0.0693605
0.0416994
0.0590255
0.111472
0.0221789
0.0569617
0.0678327
0.0485873
0.077171
0.0617035
0.0412692
0.0328496
0.104529
0.0401685
0.0407977
0.137499
0.0662849
0.0817901
0.0212445
0.0148584
0.0681472
0.0419562
0.0650747
0.03598
0.0683875
0.0525578
0.0731386
0.0787563
0.0314163
0.0650252
0.0415679
0.108997
0.0861386
0.0803832
0.243067
0.0394679
0.0349348
0.173492
0.0305177
0.158523
0.0475365
0.0318903
0.119234
0.0658979
0.0383469
0.0420165
0.0314308
0.0380953
0.0356437
0.155213
0.0882844
0.0737697
0.253483
0.140504
0.0977498
0.0274198
0.0494368
0.0506959
0.0595936
0.0865169
0.138464
0.0858563
0.0859559
0.0902116
0.025104
0.043035
0.0402991
0.0327767
0.0672355
0.153206
0.250143
0.0918426
0.0724083
0.060235
0.03448
0.112315
0.0131953
0.0932291
0.0151989
0.0568329
0.113772
0.0277339
0.0796927
0.107366
0.0381624
0.0245538
0.0196584
0.0372532
0.116981
0.0376796
0.197906
0.0354884
0.0336853
0.0263286
0.0420688
0.00796569
0.0147833
0.128091
0.0463459
0.0899832
0.0467975
0.0556543
0.0602708
0.0172206
0.0636545
0.0308466
0.0356061
0.0426528
0.0424219
0.0257441
0.0567528
0.0511157
0.0238609
0.05858
0.0550665
0.0971052
0.102137
0.0436238
0.0195513
0.0635037
0.0584892
0.131691
0.0342221
0.222766
0.0851172
0.0384886
0.0317085
0.0318262
0.0271108
0.0859409
0.0133453
0.0252287
0.0369984
0.147524
0.425886
0.0188767
0.0217011
0.03908
0.0152734
0.11744
0.118285
0.0380293
0.067546
0.0393324
0.221421
0.0427923
0.0526764
0.0739887
0.0313217
0.0650984
0.077968
0.0818034
0.0664219
0.0529178
0.0353563
0.0603628
0.0656103
0.0359908
0.0481963
0.0688118
0.0161257
0.100988
0.185002
0.0397535
0.0246136
0.0424485
0.0580888
0.0067706
0.0339267
0.258033
0.0941659
0.0977994
0.0326209
0.0531312
0.0357313
0.0301215
0.0350376
0.0373888
0.0997771
0.152917
0.0315825
0.0540305
0.0486141
0
0
0
0
0
0
0
0
0
0
0
0
0
0
0
0
0
0
0
0
0
0
0
0
0
0
0
0
0
0
0
0
777777