2.89615
999999
-0.496362
-0.298574
-0.0710292
-0.0362041
0.0843328
-0.0136724
-0.0595713
0.482337
-0.010544
-0.359776
0.185736
0.0626377
0.509999
-0.221833
-0.160396
0.432737
0.430752
0.157723
0.523307
-0.0898051
0.164397
0.291428
0.679419
0.473135
0.723454
-0.162458
-0.145531
0.62527
0.0889686
0.729896
0.211069
-0.0607857
-0.108091
-0.0359416
-0.323022
0.239354
-0.122149
0.28581
-0.0381208
-0.169119
0.544877
-0.0274775
1.84747
0.0798673
0.287657
0.407279
-0.311547
-0.049486
0.235552
0.472074
0.150061
0.0613055
0.197045
0.712261
0.683464
0.278052
-0.228747
0.204832
0.242495
-0.156412
0.00924577
-0.461281
0.178707
-0.498398
0.169045
-0.619927
0.31441
0.119052
0.0484517
0.316212
-0.106308
-0.55666
-0.540145
0.0999393
-0.104994
0.0287026
-0.289939
0.841835
0.105316
-0.0356956
0.522965
0.0608514
0.445435
1.00702
0.0962509
0.721857
-0.0233807
0.0573887
-0.634766
-0.294777
-0.351857
0.219216
0.141146
-0.454658
0.222429
-0.0344695
0.374486
0.820928
-0.132241
-0.00971404
-0.281587
-0.091487
-0.698283
0.353046
0.0442826
-0.0782604
-0.179893
0.375616
0.20141
-0.297191
0.435284
-0.909608
-0.127331
0.569494
-0.130585
-0.0801377
0.0992474
-0.44997
0.232487
0.0416421
-0.0878515
0.0194464
-0.103541
-0.275413
-0.234484
0.811733
-0.101375
0.707818
0.501891
-0.000519274
1.2962
-0.378096
0.0364585
0.388466
0.0293404
-0.0670614
-0.190731
0.165153
0.482633
-0.401084
0.534461
-0.0506063
0.211273
0.0396852
0.302168
0.549572
0.0256861
0.306266
0.21883
0.15633
0.445836
-0.0523559
-0.199696
-0.341229
0.744935
0.276483
0.617247
-0.0346379
-0.054635
0.313905
-0.0733234
0.063536
-0.00279116
0.176413
0.439058
-0.457633
-0.781314
-0.613082
0.237051
-0.0537176
-0.0640911
-0.160586
-0.957815
0.0202758
-1.3351
0.197012
-0.0360362
-0.293708
-0.615595
-0.368578
-0.00925356
0.510204
-0.329472
0.0918146
0.119534
0.12691
0.283961
-0.391062
-0.305742
-0.0915485
0.295311
0.465556
0.338567
-0.359962
0.272281
0.176354
0.105582
0.315788
0.0821553
0.336248
-0.484032
-0.27871
0.0921218
-0.378091
-0.31753
-0.323648
-0.442241
-0.217971
-0.0779809
-0.614485
-0.177853
0.190695
-0.591828
-0.368606
0.14052
-1.15853
0.416025
0.187627
0.690287
0.0388964
-1.88031
-0.324909
-0.200403
-1.36911
0.553003
0.0170312
-0.107646
0.210471
0.0554874
0.231705
-0.0858748
0.434548
-1.05
-0.468822
-0.119019
-0.514034
0.0229233
0.151453
0.845735
0.0479209
-0.404756
-0.38636
0.430052
-0.177776
-0.0822025
-0.303583
-0.021367
-0.0375461
0.675602
0.128135
0.0509038
0.612189
0.0555502
-0.160558
0.543415
-0.0576793
-0.306082
-0.500525
-0.197879
-0.183252
0.166177
-0.0936473
0.332764
0.212803
0.0602556
-0.0711527
0.460762
-0.76661
0.567139
0.198643
-0.0325578
0.15965
0.280953
-0.389013
-0.690147
0.521721
-0.143312
0.211708
-0.474422
1.09296
-0.260669
0.0412665
-0.0603526
0.13211
-0.443872
-0.156107
-0.250382
-0.511216
-0.0672011
0.242354
0.0813664
0.546016
-0.304362
0.252921
0.881179
0.168328
0.831673
0.432221
0.886709
0.748163
-1.15096
0.424192
-0.0670927
0.792106
0.00723676
-0.760466
-0.144937
0.314879
0.596882
-0.065251
0.255814
-0.402283
-0.145668
-0.337934
0.0468862
0.378142
0.534245
-0.171315
0.60793
0.0702705
-0.336144
-0.148717
0.0337046
-0.542423
-0.301026
0.153086
-0.578188
-0.628011
0.220314
-0.18428
-1.84468
0.481581
0.150788
0.0760147
-0.323839
0.623463
0.210347
-0.191802
0.709123
0.382108
0.620209
-0.107501
0.289704
0.396626
0.612506
-0.51694
0.185587
-0.176065
-0.272186
1.01831
-0.0190356
-0.0371656
-0.303766
0.174919
0.109952
0.542024
-0.304337
0.17838
-0.9066
-0.00428609
-0.897141
-0.0940166
-0.561359
-0.359606
0.166064
0.296571
0.904146
0.0555448
-0.650632
0.457198
-0.105649
-0.35186
0.0789854
-0.323726
0.355393
-0.281168
0.111356
-0.350306
0.315368
0.264408
0.465892
0.878968
0.140669
-0.12303
0.100337
0.581948
-0.368799
-0.670042
-0.401772
0.253429
-0.438575
-0.634397
-1.46735
-1.61492
0.0878083
-0.225985
0.011643
-0.550896
0.206728
-0.190426
0.0871657
-0.346149
1.58044
0.561597
-0.396806
0.59687
-0.210418
0.155251
-0.935683
-0.169868
-0.214137
-0.052598
0.665363
0.646341
-0.47533
-0.37683
0.0324146
-0.189178
0.19611
-1.59363
-0.351765
-0.0408677
0.133526
-0.280508
-0.168004
-0.478982
0.00717228
-0.127881
0.0903781
0.0251981
-0.158691
0.491135
0.205654
0.0461049
-0.153996
-0.330758
0.267028
0.63078
-0.275816
0.521426
-0.0863318
0.0358
0.0374213
-0.354274
0.102448
0.137567
-0.3295
0.245029
0.485595
-0.0650896
0.213903
-0.001214
0.0683978
0.732911
0.0172718
0.326623
0.0625007
-0.185358
-0.457839
-0.0563883
0.245988
-0.377987
-0.169953
-0.18845
-0.108119
-0.0011675
0.474375
0.167383
0.685177
0.0690132
0.23283
-0.125954
-0.264923
-0.0406859
-0.630814
-0.131543
0.070525
-0.5146
1.17243
0.185846
0.106967
0.558591
0.533733
-0.874842
-0.525427
-0.197929
-0.66604
0.182264
0.819256
0.0942184
-0.535818
-0.247775
-0.102108
-0.468676
0.379466
0.210919
-0.250368
-0.140643
-1.32408
-0.285116
-0.192279
-0.728496
0.714457
-0.678825
-0.296341
0.151335
1.27325
0.186591
-0.129283
-0.0574759
0.0597416
0.347389
-0.336473
0.234166
-0.355563
1.01576
-0.252294
0.272544
0.617747
-0.698471
-0.353515
-0.365686
0.344779
0.333246
0.228528
-0.156964
0.570598
0.0856697
-0.268981
0.145057
-0.804237
-0.149314
-0.377712
0.259225
0.160883
0.298081
0.28145
-0.290401
-0.800228
0.602741
-0.0791901
-0.181049
0.329898
0.360482
-0.182861
-0.314398
0.422712
0.0883465
0.132485
0.444663
-0.459222
-0.473557
-0.491089
-0.32421
-0.166904
-0.217196
-0.847161
0.463685
0.180277
1.19869
0.0777121
-1.05303
0.395413
0.336559
-0.425239
0.293602
-0.460854
0.418359
0.0321186
0.467201
-0.915922
-0.172251
-1.2141
-0.11916
0.295223
-0.085827
-0.143219
-0.667325
-0.107173
-0.336793
0.334292
-0.225333
0.117111
1.70724
-0.443509
0.0994506
0.907296
0.0382397
-0.335345
0.196653
0.328282
-0.047168
-0.0871914
-0.0122411
-2.28559
0.630491
-0.484502
-0.332337
-0.0763765
0.495104
-0.257262
-0.193858
-0.0635357
-0.125276
1.18894
0.0575744
-0.0851017
-0.571953
-0.304794
-0.343911
0.498597
0.132384
-0.182923
0.761802
-0.0645896
0.651336
-0.134831
-0.768194
0.179316
0.34592
-0.315244
0.264218
0.0411579
0.0379754
-0.0963298
0.0580757
0.524944
-0.0890469
0.666545
-1.80415
0.072209
0.118667
0.252955
-1.48939
0.10606
-0.36537
0.11846
-0.0150712
-0.434425
0.218402
0.553178
0.12781
0.216765
-0.464492
-0.0144831
-0.0223659
0.629911
-0.0668815
-0.124071
-0.728334
0.401258
0.137423
0.163587
-0.127822
-0.791183
0.0547027
-0.41932
-0.121035
-0.634213
0.424808
0.0360671
-0.285636
0.0786531
-0.380915
0.14764
-0.186183
-0.402336
-0.0211842
0.0396101
0.411545
-0.302784
-0.0176727
0.477271
-0.489914
0.329247
0.0805782
-0.0653895
-0.369718
-1.11635
-0.33622
0.461014
0.131411
-0.131761
0.141115
-0.384647
0.413393
-0.551173
0.154694
-0.19165
1.46078
-0.220558
0.141144
0.363967
-0.50291
-0.865343
-0.204997
-0.508963
-0.482857
-0.335357
-0.625434
-0.101727
-0.0215355
-0.0238644
0.35926
0.284167
-0.123151
-0.0283947
0.157386
0.172276
-0.310606
-0.271316
0.0953267
-0.0334922
-0.255881
0.0747696
0.216637
0.908576
-0.0561465
-0.302919
-0.333273
-0.29399
0.153377
-1.36382
-0.156596
0.274461
-0.121886
0.0557102
0.596187
-0.288071
1.23219
0.0154232
0.0835228
-0.692866
-0.498845
0.425396
0.193803
-0.412524
-0.351142
-0.210529
0.537201
-0.169334
0.265651
0.337267
0.134161
-0.786867
0.284975
0.276107
0.0503427
-0.163655
-0.109752
0.650703
-0.361572
1.49493
-0.089741
0.538292
0.143388
-0.450626
-0.602111
0.324403
-0.239081
-0.727813
-0.0767252
-0.00802949
0.106388
0.0968503
-0.0492253
-0.0382491
0.0656223
-1.2564
-0.333069
0.556276
-0.440995
0.188527
0.212331
0.134416
0.988873
0.101103
-0.30298
0.253972
0.497423
0.319447
-0.426041
-0.403735
0.508747
-0.179738
-0.153668
-0.0686669
0.606342
-0.568651
0.0705417
0.458219
-0.0807204
0.333214
-0.403009
-0.593864
0.927446
0.149889
-0.686361
0.5564
-0.293262
-0.212153
-0.294573
1.14506
-0.371601
0.0149906
-1.11078
0.519536
-0.0654582
0.253421
0.101063
-1.09262
-0.729354
-0.299268
0.316464
0.5047
-0.466138
-0.0511631
-0.452363
0.233841
-0.0360399
0.154889
-0.190077
0.745626
0.0969381
0.910056
-0.0804097
-0.139326
0.0745655
-0.138054
-0.134146
0.0819518
0.133898
-0.15316
-0.24424
0.421265
0.282231
0.43725
-0.136169
-0.096985
-0.00736952
1.01868
-0.210091
0.540854
-0.855835
0.300931
-0.330741
-0.370553
-0.0782956
-0.109444
0.104973
-0.525576
-0.0339507
0.197275
0.246999
-0.238193
0.444878
-0.227758
0.429382
0.062853
0.0519398
0.104847
0.239975
-0.335741
-0.0392965
0.317354
0.0526924
-0.112153
-0.272772
-0.256632
-0.904575
-0.0422198
0.00879224
0.828518
0.0254494
-0.513513
0.097728
-0.204303
0.0838214
-0.131917
-0.30564
0.564206
0.0267334
0.0700136
0.175656
-0.232839
-0.289849
0.299417
-0.713136
0.115084
0.294325
-0.505014
1.00976
-0.386471
0.0697308
0.748911
-0.182507
1.0589
0.134462
0.304203
-0.253961
-0.462829
0.14234
-0.0232434
0.280813
-0.360841
0.199731
-0.243411
-0.0916922
-0.468531
-0.605323
0.288819
0.0266318
0.142075
-0.255941
-0.0793762
-0.381253
0.443789
-0.226092
-0.735559
-0.527221
-0.326905
0.0894707
-0.124376
0.138382
0.186905
0.241207
-0.792142
0.640705
0.000465464
0.00881267
0.762984
-0.18016
-0.0291332
-0.0835508
0.30121
0.454108
0.805466
-0.053337
0.168333
0.299285
-0.0807021
0.0671467
0.3856
-0.482787
0.328861
0.0236708
-0.01075
-0.2687
-0.281907
-0.0842834
-0.155021
-1.47683
-0.618111
-0.316303
-1.06036
0.03339
-1.59538
0.00830631
-0.797933
-0.211681
1.72877
0.15086
-0.0561196
0.15778
-1.02333
0.198396
-0.0373516
-0.0858937
0.222736
-0.121111
-0.585476
0.214682
0.090346
0.141592
-1.24479
-0.579618
0.0574894
-0.33383
-0.136953
0.0241494
0.167467
-0.455341
-0.222099
0.263099
0.0242501
0.542354
0.715475
0.0799331
0.297597
0.329377
-0.480987
0.0493585
-0.283927
0.403602
0.140635
-0.445342
0.676174
0.0623115
0.00444341
-0.234443
0.280633
-0.168819
0.471623
0.211237
0.214446
-0.70503
0.794784
-0.609208
0.00874781
0.611182
0.0735422
0.0503622
0.120124
1.42299
0.0414955
-0.226312
0.353665
-0.737671
0.377668
-0.0505891
1.23031
-0.166979
-0.360046
-0.0122171
0.0639727
-0.328499
0.00393996
0.0420612
-0.118539
0.122839
-0.257049
-2.45995
0.172618
-0.755766
0.602255
-0.144646
0.0882625
0.503759
-0.0833057
0.0571431
-0.178868
-0.0369131
0.0314028
-0.831458
-0.377278
-0.223919
0.440623
-0.353749
-0.147115
0.352847
0.159159
-0.0487711
-0.116279
0.349134
0.206056
-0.579443
-0.457432
0.400522
0.0945107
0.105209
-0.424367
0.423344
0.325232
-0.616594
-0.117081
-0.72554
-0.680734
-0.142934
0.301014
0.265807
-0.494006
-0.0605303
0.292765
-0.0593476
0.161991
0.0539298
-0.52654
1.90167
-0.106516
-0.358761
-0.270596
-0.314787
-0.136566
0.178625
0.319404
0.386019
0.0132205
0.167777
-0.543578
-0.0944098
0.0702621
0.361835
-0.055667
0.351687
0.396562
-0.115631
-0.998275
0.182879
0.0993037
0.591594
-0.143841
-0.463847
0.0171181
-0.713569
0.312946
-0.0386478
0.456376
-0.361892
1.11563
0.089066
-0.151283
0.146737
0.153294
0.141511
-0.543216
-1.02893
-0.863726
-0.420172
-0.090485
-0.534611
0.322201
0.289831
0.0246935
-0.111845
-0.45089
-0.499916
-0.214499
0.189092
-0.284845
-0.317566
0.286225
-0.723169
-0.0736022
0.438924
0.653701
1.76253
0.105714
0.111125
0.49291
-1.73096
-0.501873
-0.0163676
-1.02766
1.52707
-0.448207
-0.643325
0.106902
-0.240626
-0.0317768
-0.276482
0.143977
0.111625
-0.232073
-0.0822412
-0.188488
-0.789055
0.560764
-0.0792843
-0.127193
-0.0790807
-0.294581
-0.142423
0.0596308
-0.351328
0.309326
0.0261968
-0.127862
-0.0815411
0.548321
0.0777569
0.183908
-0.25651
0.0793082
0.163854
3.20929
-0.145858
-0.374897
0.267402
-0.0515356
0.624294
-0.674393
0.429562
0.119297
0.453387
0.310559
0.10699
-0.238006
0.256726
0.0738442
-0.0439612
0.28649
0.228463
-0.388504
0.222125
-0.3523
0.513108
-0.88166
0.0647294
0.0302621
-0.494428
-0.535136
-0.13987
-0.0253882
0.0341056
0.309355
-0.335983
0.043179
0.18454
0.0500822
-0.350242
0.220058
0.330596
0.50482
1.54306
-0.505844
-0.678578
0.00119616
0.634147
0.507505
0.435435
-0.26047
-0.281121
-0.0592053
-0.16117
0.278197
0.193372
-0.00265179
-0.263748
0.0235313
-1.02001
-0.200455
-1.0031
0.128699
0.333172
-0.165989
0.203342
-0.475052
0.94311
-0.0315769
0.302489
0.308901
0.310573
0.791676
0.211075
0.570213
0.0869336
0.274855
0.503163
0.0413242
0.307591
-0.0819937
0.345421
0.346025
-0.80276
-0.165295
-0.506439
0.197884
0.17675
0.258359
0.472178
-0.0917982
-0.115708
-0.409774
0.3544
0.276962
-0.161978
0.200947
-0.290859
0.660795
-0.0209788
0.563751
-0.544818
-0.0680876
-0.365482
-0.502183
-0.629706
-0.592484
-0.951296
-0.12014
-0.410167
0.161079
0.400687
-0.536942
-0.245273
-0.24843
-0.937783
-0.23819
-0.287169
0.090337
-0.149572
-0.0951245
0.136163
0.385455
0.336563
-0.171376
0.391223
0.467058
0.266402
-0.627643
-0.0412124
0.53579
0.108726
0.611195
0.0644165
0.155043
0.164655
-0.609773
-0.482638
0.240044
0.191635
0.180987
0.139176
-0.681094
0.388444
-0.722975
0.0810927
-0.127877
0.317467
0.047172
1.02713
-0.243534
0.366265
0.408988
-0.162521
-0.482981
-0.146585
0.30403
-1.56755
0.715593
-0.43217
0.932729
-0.144116
0.194427
0.107868
0.175579
0.14787
-0.0969285
-0.398235
-0.0721398
0.0709881
0.311464
-0.42534
0.384764
0.273268
-0.0524886
0.0324059
-0.0549504
-0.450105
-0.222653
0.00363727
-0.204879
-0.673686
-0.0742432
-0.0819388
0.520649
0.0473209
0.0221016
0.195823
0.0655456
-0.200255
-0.0868749
-0.352707
-0.517688
-0.0791775
-0.324485
-0.12187
-0.639336
-0.415197
-0.112197
0.0918745
0.431009
-0.0110183
-0.308277
-0.455211
0.603307
0.305608
0.277638
-0.997688
-1.77962
-0.196802
0.504775
0.270788
0.143403
0.820351
-0.242948
0.661605
-0.282577
0.162709
-0.105666
4.06562
0.505602
0.316785
0.0439201
0.249869
0.586447
-0.133099
0.545312
0.0395771
0.0141948
0.252718
-0.395103
0.0425641
-0.511639
-0.393478
0.0948818
0.679413
0.343184
-0.0987694
0.100919
0.260676
0.361104
-0.125562
-0.176349
0.161204
-0.610397
-0.0607088
0.2282
-0.669008
-0.0105895
-1.19063
0.325425
0.304076
-0.196309
-0.984372
-0.0415635
-0.00574736
0.736263
0.353555
-0.127011
0.220592
0.259288
-0.143303
0.244707
0.472877
0.423867
-1.61611
-0.0603601
-0.0010501
0.533991
-0.0278119
-0.668689
0.314373
0.177019
0.0602731
0.172089
0.59355
0.325904
0.0130042
0.173595
-1.11199
3.07994
0.472792
0.394851
1.92337
-0.172677
0.509609
-0.274695
0.121003
0.67064
-0.0317103
-0.475715
-0.767708
-1.59675
-0.267847
0.15943
-0.37578
0.312735
0.249323
-0.173564
0.14777
-0.141974
-0.0682059
0.610319
0.159043
-0.221099
0.227758
0.0384493
-0.241138
0.130961
-0.0751365
-0.303136
0.0896122
0.465965
0.253267
-0.171248
0.0364366
-0.593054
0.287108
-0.516584
-0.166192
0.226357
0.505291
-0.2959
0.800316
-0.270272
0.451697
0.422065
0.407453
-0.220633
-0.689777
0.469742
0.444434
0.332291
-0.0708138
0.268469
-1.28397
-0.58222
-0.855187
0.285626
-0.266691
-0.462582
0.555227
-0.154986
0.623474
-0.0973706
0.318925
0.92666
0.362095
0.0962935
-0.0404508
-0.190645
-0.449838
0.134653
0.397228
-0.451356
-0.304472
0.32592
0.100808
0.251646
0.296772
-0.620092
0.267473
0.314165
0.0535863
0.499272
-0.115506
-0.171129
0.19451
0.524595
-0.683158
-0.78785
-1.99274
-0.26441
-0.107745
1.17708
0.0265162
-0.478005
0.149307
-0.134446
0.340304
0.351634
0.0906336
0.0602884
0.272522
0.114076
0.078002
-1.30456
0.376785
0.26819
0.654087
-1.0613
-0.216025
-0.022581
-0.778963
0.504069
-0.507353
-0.0589057
0.358596
-0.583743
-1.28144
-0.757252
-0.0989284
0.367074
-0.229251
-0.145463
-0.145223
-0.589921
0.444032
-0.204901
0.462253
-0.210803
-0.121832
0.555025
0.125939
0.361848
-0.054552
0.616077
-0.0958702
-0.00723062
-0.277051
0.685166
0.092938
0.0127955
0.08339
0.201228
1.01782
0.264013
0.230986
0.203354
0.232481
-0.175454
0.546002
-0.145621
0.140545
-0.372533
-0.296817
-0.210971
0.137708
0.465634
0.228647
-0.0837317
0.727158
-0.329754
0.203569
-0.65735
0.0662194
0.302044
-0.44844
0.162804
0.328077
-0.507156
-0.332391
-1.08021
-0.595683
-0.0772018
-0.00111733
-0.504517
-0.187137
-1.38215
-0.309222
-0.277505
0.343935
0.14886
0.0421897
-0.391953
0.254434
0.408964
-0.169218
-0.0731397
0.0425298
-0.951497
3.42463
0.362617
-0.0958362
0.11633
-0.029738
1.41928
-0.866465
-0.219094
0.721707
-0.127823
1.36378
-0.0196167
0.133537
-0.226457
0.564481
-0.304859
0.346758
-0.619969
-0.344317
0.34774
-0.238439
-0.189005
0.415306
-0.21117
0.0298239
-0.536014
-0.297489
-0.334196
1.7631
-0.586711
0.151833
0.23323
0.177604
0.233249
-0.134956
1.12448
-0.525739
-0.419038
-0.0805499
-0.15804
-0.0338686
0.242092
0.00250534
0.405923
0.18361
1.15563
0.120955
0.431059
0.292161
0.0845411
-0.183404
0.17198
-0.163149
0.0570926
-0.183599
0.104672
-0.16808
0.0231031
-0.113866
-0.104268
0.128119
0.0246999
-0.115726
-0.193223
0.0111041
0.0682237
-0.156079
-0.0685226
-0.156845
-0.0763311
-0.0496129
-0.048363
-0.0107757
0.0357473
-0.0172453
0.127606
0.0530418
0.162334
0.0869917
0.127751
0.184639
888888
0.0602581
0.0180322
0.0908937
0.0236469
0.0293235
0.0405295
0.0395212
0.125314
0.0224221
0.0792209
0.0489876
0.0218551
0.0815389
0.0250672
0.0107766
0.0660514
0.109652
0.0102215
0.0365661
0.209569
0.040464
0.203874
0.103981
0.0322287
0.0683626
0.0264511
0.0181753
0.193708
0.0190057
0.0779468
0.0341405
0.0273713
0.0558815
0.0989368
0.0382468
0.0475326
0.0867003
0.0101856
0.0331038
0.0301966
0.0317903
0.0435485
0.260773
0.026223
0.0340471
0.0552241
0.0163307
0.035763
0.0256309
0.0104611
0.0345352
0.0942155
0.0607663
0.0920007
0.113709
0.0317221
0.0129517
0.0235174
0.0301895
0.0300404
0.132948
0.283841
0.13505
0.06506
0.082483
0.0428768
0.0248558
0.0145003
0.0359569
0.108351
0.052064
0.0814165
0.0742764
0.0291757
0.0433904
0.0182137
0.0516151
0.0912675
0.0376124
0.0342999
0.0831238
0.0756201
0.17168
0.104614
0.0330828
0.0508321
0.0539803
0.0294285
0.0550759
0.0983834
0.0226015
0.0319778
0.0936897
0.0383511
0.0116607
0.0100335
0.130617
0.0515523
0.0805315
0.0308973
0.0371372
0.0352847
0.123005
0.080113
0.0664837
0.100085
0.0324146
0.0647256
0.0923982
0.0565505
0.166698
0.223305
0.0157683
0.0241527
0.0261922
0.116557
0.0278728
0.0845859
0.0372047
0.0803776
0.0672117
0.0767289
0.024729
0.0655906
0.06409
0.126025
0.095855
0.126979
0.0714426
0.0595949
0.171159
0.0594295
0.168846
0.0554883
0.0156494
0.0440974
0.0935995
0.0213504
0.186757
0.0748038
0.032812
0.0115038
0.0153711
0.0363512
0.0867506
0.0507819
0.0393135
0.027231
0.0333751
0.069401
0.0383067
0.0832209
0.00965471
0.0396352
0.241942
0.117655
0.323018
0.0764058
0.0842152
0.0987131
0.0134296
0.0699167
0.0259476
0.125278
0.0816204
0.00827665
0.161514
0.0293428
0.115747
0.0475943
0.226461
0.0390122
0.349193
0.0341547
0.200663
0.00947594
0.0255481
0.032633
0.0462127
0.0751916
0.0145683
0.074844
0.0268402
0.0812105
0.0536365
0.0342805
0.0185521
0.0196356
0.0178651
0.0614094
0.0378062
0.0949487
0.0405786
0.154012
0.039772
0.0145905
0.117743
0.0598427
0.041566
0.0319272
0.0671003
0.0690512
0.0865864
0.0124561
0.103884
0.0439175
0.138882
0.0847918
0.0329335
0.143875
0.0582918
0.0257816
0.0407244
0.0125971
0.0246802
0.161575
0.0222097
0.0593725
0.108938
0.0188616
0.240785
0.0478114
0.0240087
0.561888
0.0466625
0.101183
0.0234175
0.0366764
0.0368747
0.0452649
0.141099
0.0586609
0.324408
0.113969
0.0332519
0.0561424
0.0419934
0.00510145
0.0942352
0.0945359
0.0445139
0.0292102
0.0711539
0.140174
0.024332
0.0287026
0.0601019
0.127173
0.0364847
0.0150607
0.0328937
0.166311
0.0639821
0.0362036
0.0439249
0.0354473
0.0650114
0.0391189
0.0193452
0.051472
0.0625277
0.0657573
0.100065
0.0557451
0.0476867
0.300396
0.0212392
0.0663605
0.0656946
0.181894
0.0570936
0.118336
0.0286055
0.153294
0.121172
0.0375339
0.142609
0.0546093
0.0711547
0.169932
0.0144018
0.0954962
0.0290134
0.0367854
0.0792197
0.0675358
0.0715888
0.043655
0.00376051
0.0213866
0.0515163
0.0420041
0.0398887
0.0355459
0.0677384
0.0820549
0.0641119
0.316112
0.0981404
0.0147691
0.207256
0.044852
0.0175817
0.168454
0.0368125
0.149133
0.00941288
0.0512967
0.0863581
0.167788
0.0225242
0.0917342
0.0454142
0.033355
0.0858989
0.0259982
0.0106717
0.0803747
0.229163
0.0419539
0.270081
0.0794423
0.0508498
0.0562562
0.0300663
0.0804968
0.0651826
0.111589
0.0523225
0.0852283
0.221999
0.0501528
0.00931854
0.0476819
0.0193564
0.227033
0.0548206
0.0169772
0.127068
0.0530734
0.0820426
0.0352872
0.0323761
0.0460785
0.237125
0.0642696
0.0328192
0.0666591
0.0599576
0.065489
0.0538156
0.0432143
0.121448
0.0149447
0.0248092
0.0457599
0.0120594
0.0960484
0.0185254
0.063728
0.0868959
0.0744779
0.0621437
0.05935
0.0516817
0.0496979
0.0619478
0.0229601
0.0396126
0.131492
0.0412455
0.0974774
0.00894183
0.0134891
0.0156249
0.0260453
0.0931651
0.0160197
0.0278289
0.0545042
0.0905119
0.0866469
0.0797932
0.120384
0.0330681
0.0281793
0.0477309
0.0434669
0.0718601
0.0622726
0.121431
0.160406
0.106527
0.202537
0.0166418
0.0229294
0.0402301
0.0630828
0.0498613
0.0792013
0.0308454
0.0312633
0.0747221
0.0641041
0.0179758
0.128776
0.0405313
0.0497149
0.197762
0.0256408
0.0284517
0.0268114
0.11055
0.125867
0.0671418
0.0116308
0.0297493
0.0565467
0.107805
0.265286
0.0844557
0.0129376
0.0390565
0.0804648
0.0309192
0.0296707
0.0297399
0.0529601
0.0757789
0.0641583
0.0280782
0.0653126
0.028737
0.0444385
0.0118345
0.110046
0.0650166
0.0267392
0.0221847
0.0365742
0.017785
0.00855802
0.0192543
0.0623068
0.15542
0.0182067
0.0567539
0.0228711
0.117029
0.0559955
0.0220209
0.0660939
0.0137542
0.0688593
0.0153376
0.0470782
0.0333167
0.027015
0.0544131
0.0344413
0.0273429
0.0426235
0.019493
0.167529
0.155521
0.0117976
0.0402066
0.0347472
0.0747256
0.0407837
0.0504971
0.0100533
0.0662378
0.0219482
0.0327711
0.0496311
0.0479476
0.0481025
0.226582
0.0825493
0.0673777
0.0360582
0.0300568
0.161687
0.0572298
0.0592368
0.110763
0.236484
0.148253
0.0821477
0.0211921
0.027174
0.0291347
0.0786199
0.0702915
0.0842805
0.0457612
0.0325517
0.0896434
0.0216708
0.0259894
0.0373942
0.0571393
0.0737007
0.0266427
0.0151104
0.155118
0.0268543
0.107006
0.0299194
0.0471323
0.0356077
0.0570179
0.15551
0.0983687
0.0932154
0.105756
0.0148637
0.128696
0.0341696
0.0270351
0.0574196
0.204316
0.0340052
0.112914
0.0460361
0.0724861
0.192842
0.0413739
0.0319827
0.134916
0.0704401
0.0698722
0.048638
0.0839756
0.0450688
0.213692
0.0407829
0.0823953
0.0471582
0.0216598
0.254269
0.0542878
0.0624888
0.0196823
0.0424615
0.0166891
0.019388
0.0509877
0.108974
0.111379
0.0555043
0.0695379
0.0633151
0.0679143
0.0770006
0.0949832
0.00959608
0.10858
0.123232
0.156834
0.0654582
0.128484
0.0576499
0.108315
0.0378529
0.038921
0.0420632
0.0619548
0.137542
0.190993
0.0374951
0.106067
0.0369245
0.0177978
0.0307962
0.0617154
0.0309539
0.171177
0.0846521
0.0322245
0.0212619
0.0159106
0.1119
0.0728201
0.0481837
0.302436
0.0399411
0.0573025
0.0263528
0.0690151
0.0507382
0.0799287
0.0209625
0.252859
0.198287
0.0159054
0.155896
0.023635
0.207841
0.0255025
0.0216816
0.0576896
0.252442
0.210735
0.055632
0.0428876
0.0165313
0.0366834
0.0205401
0.0335269
0.072768
0.133581
0.163421
0.0312437
0.0355203
0.0466838
0.082143
0.0636716
0.0283688
0.0221981
0.0402272
0.0519078
0.116257
0.0922381
0.053169
0.0498981
0.022792
0.050134
0.140977
0.0163263
0.0140674
0.040522
0.165968
0.0252398
0.0687727
0.019958
0.0712349
0.0159077
0.164622
0.0469745
0.0498776
0.094649
0.048992
0.0402589
0.0481451
0.111925
0.0211705
0.0509424
0.0925827
0.0583793
0.0904818
0.0210435
0.0189473
0.0822668
0.118863
0.114122
0.0319137
0.0212985
0.0225151
0.018674
0.0315924
0.01873
0.196676
0.0531517
0.0194373
0.104107
0.416387
0.0587289
0.0378607
0.0388883
0.0133825
0.0343581
0.0153343
0.341715
0.399427
0.057519
0.0187798
0.246893
0.0751988
0.0878436
0.028107
0.0372697
0.0643392
0.0763274
0.0380773
0.0287204
0.0710886
0.062742
0.231447
0.0610724
0.0473385
0.067635
0.0606347
0.0312479
0.0327041
0.0661488
0.0564737
0.15599
0.0764736
0.0120489
0.100224
0.0100073
0.0649748
0.0432992
0.0488116
0.0539747
0.0309582
0.024261
0.0389182
0.0222913
0.0933865
0.0686495
0.035862
0.0451225
0.0410347
0.097167
0.0284264
0.0910403
0.260347
0.0147587
0.133658
0.245742
0.00643775
0.205604
0.0328476
0.0752376
0.0252627
0.0227327
0.105949
0.0448537
0.0513159
0.296859
0.010167
0.0258946
0.0679376
0.0375447
0.0542505
0.0762145
0.0972534
0.0503821
0.0223627
0.097328
0.0180978
0.0255952
0.0714511
0.056307
0.0578401
0.0482505
0.125463
0.14105
0.0209454
0.207626
0.0287787
0.0898449
0.0195739
0.106259
0.060274
0.0341142
0.0387204
0.0639495
0.0816997
0.0338019
0.0148902
0.0344448
0.0353552
0.0440141
0.0224911
0.27969
0.0353219
0.133776
0.0941985
0.148352
0.0805007
0.0799938
0.103299
0.0798199
0.0648181
0.199994
0.0652152
0.0206684
0.097135
0.0155707
0.0242753
0.0160664
0.127346
0.0198339
0.0464616
0.0538159
0.0620999
0.125076
0.0263861
0.0127025
0.125361
0.0481822
0.214696
0.0417295
0.151847
0.0371686
0.0265077
0.087229
0.0586749
0.0814182
0.0398619
0.04877
0.148708
0.046675
0.0438904
0.0130146
0.0446871
0.308667
0.0329848
0.042989
0.120961
0.129598
0.0315707
0.0308009
0.0656041
0.148931
0.015741
0.0441155
0.0505369
0.108511
0.0398724
0.111379
0.0293361
0.0384289
0.0267233
0.0630156
0.0158839
0.0611248
0.147595
0.039819
0.0695735
0.0135103
0.0317886
0.231675
0.0384693
0.0694885
0.0229463
0.14257
0.0586565
0.0409704
0.304498
0.0296043
0.0189284
0.0474585
0.0456826
0.024371
0.0362155
0.0537202
0.0155916
0.0325551
0.0648187
0.0394368
0.016113
0.0600514
0.0768794
0.023016
0.0288843
0.039112
0.253419
0.0216139
0.0685766
0.0409424
0.022396
0.0309177
0.0851553
0.104223
0.0393789
0.189269
0.0553242
0.068305
0.0828763
0.0425824
0.0497335
0.0287702
0.0193123
0.0163807
0.0497959
0.0484439
0.124482
0.102229
0.023618
0.0143275
0.00809418
0.0339912
0.0544326
0.0672939
0.0254155
0.0329977
0.0958714
0.0316352
0.0146107
0.0525656
0.0466152
0.18386
0.0197551
0.0535168
0.113482
0.0403719
0.0912878
0.0199939
0.0557817
0.0668271
0.0165283
0.0290397
0.0160026
0.078437
0.0751241
0.0290673
0.0170563
0.00855241
0.0801089
0.156263
0.0281619
0.147695
0.0296754
0.0748485
0.0458864
0.0174626
0.0525187
0.058612
0.0352416
0.113857
0.0362756
0.0390642
0.0413216
0.0129976
0.0189894
0.235695
0.0313458
0.0139009
0.0171313
0.0326645
0.0518623
0.12147
0.105507
0.0352632
0.0697478
0.0416968
0.0558433
0.0150703
0.0456944
0.0730751
0.317019
0.0427284
0.0399415
0.163033
0.144903
0.0394281
0.173224
0.0549195
0.0879469
0.0645205
0.0147859
0.159112
0.0121453
0.127878
0.0366189
0.118226
0.00451976
0.124204
0.119639
0.132264
0.0773825
0.032804
0.030549
0.0547438
0.0916208
0.0712747
0.0292407
0.0536867
0.0337445
0.0594978
0.0967781
0.0772805
0.0275786
0.0586932
0.0548077
0.0838653
0.0354335
0.0362775
0.0123876
0.0107033
0.0667455
0.0751189
0.264444
0.0240642
0.0254337
0.0116304
0.0159326
0.0339906
0.0309413
0.0939382
0.275493
0.109389
0.047244
0.0646467
0.0548829
0.0127132
0.0532132
0.0934326
0.0739104
0.070574
0.155614
0.121194
0.0548023
0.0504023
0.0597734
0.179837
0.0115944
0.050284
0.267989
0.0341763
0.0640415
0.0865223
0.0572423
0.095245
0.0232247
0.241488
0.0256106
0.0408246
0.0517421
0.00448626
0.0425164
0.00634584
0.0437241
0.0580056
0.0259901
0.0147526
0.564829
0.0707629
0.0933832
0.0507947
0.0471354
0.0394487
0.0535675
0.111965
0.0479994
0.142179
0.0485738
0.0214274
0.0678497
0.079819
0.0592512
0.0428834
0.0402676
0.0655036
0.0336699
0.0419905
0.0117051
0.0688302
0.0119748
0.0297994
0.079556
0.0963324
0.0362688
0.0671227
0.105662
0.0316427
0.107854
0.0460512
0.078408
0.0286273
0.128915
0.172495
0.0400317
0.134522
0.240394
0.0996448
0.0319536
0.184231
0.093187
0.0301112
0.0144474
0.0275793
0.135775
0.0669618
0.0435435
0.0419138
0.0652281
0.0916615
0.0393624
0.141596
0.0222977
0.0740863
0.0314682
0.0401808
0.0445931
0.0313349
0.0209446
0.0571586
0.0226981
0.060871
0.0341527
0.0318584
0.0212274
0.0254806
0.0618771
0.0255145
0.0571541
0.0445621
0.0188099
0.0378816
0.0546952
0.0567762
0.178587
0.0481079
0.0280017
0.0300975
0.0464035
0.106028
0.0339154
0.0358177
0.187921
0.0696161
0.02231
0.0380393
0.0651881
0.0767504
0.0290642
0.0873783
0.0725214
0.0325364
0.0492648
0.063905
0.0446565
0.0680086
0.018443
0.0392514
0.150825
0.0081153
0.143227
0.0237326
0.218387
0.0209269
0.0522236
0.0286105
0.250397
0.0855076
0.0433543
0.134172
0.103608
0.0245456
0.0658853
0.0393584
0.0316464
0.0249664
0.0466389
0.0675705
0.0281089
0.0712022
0.0611946
0.0122484
0.0771178
0.0730842
0.0516679
0.199989
0.034144
0.0218204
0.0299807
0.027633
0.0337678
0.0306166
0.0116147
0.0310582
0.0257888
0.15033
0.0230848
0.0318902
0.017817
0.0535197
0.0621411
0.357261
0.019882
0.0211465
0.0270056
0.0362378
0.0604531
0.0996645
0.0270491
0.0900922
0.0271994
0.0622097
0.0908783
0.0679248
0.018535
0.0774374
0.0384778
0.0726319
0.0057118
0.0447132
0.0435554
0.0921773
0.0181005
0.0662487
0.0211753
0.0560568
0.0769005
0.0565812
0.0326331
0.144975
0.0327113
0.117234
0.161361
0.139518
0.0414423
0.0383293
0.00709634
0.12265
0.0303614
0.0450768
0.146957
0.186215
0.0327489
0.198544
0.114168
0.107501
0.0428355
0.0485936
0.0622346
0.113732
0.0606092
0.0241111
0.0275231
0.0399482
0.105536
0.0471883
0.0480296
0.0310399
0.153893
0.0254034
0.0517698
0.0451037
0.0452777
0.0764498
0.0575035
0.0563627
0.0228378
0.064582
0.0165917
0.100492
0.0773018
0.0137075
0.0283653
0.0516182
0.0535186
0.0278961
0.0223775
0.0469605
0.086283
0.104527
0.129774
0.0605527
0.0717723
0.0171937
0.014208
0.0643688
0.0190685
0.0398529
0.155879
0.0117567
0.036263
0.0335488
0.0325428
0.0399631
0.0200864
0.0530123
0.0384321
0.0444211
0.0796933
0.0236084
0.0370239
0.0529804
0.10783
0.0241766
0.0652144
0.0509562
0.0142645
0.0434195
0.0564945
0.0475123
0.0599478
0.0459842
0.302422
0.100727
0.00600706
0.0364053
0.0480392
0.0332165
0.00955544
0.0441164
0.0234672
0.0328739
0.0401092
0.0710805
0.0306492
0.0258342
0.0336131
0.0657062
0.0393771
0.0496746
0.0679556
0.057634
0.017344
0.119259
0.114924
0.117179
0.0345318
0.0101095
0.0169638
0.0554965
0.0566488
0.190423
0.0810819
0.0519872
0.0640591
0.105849
0.0643305
0.0127686
0.00705571
0.0455522
0.0265564
0.0520255
0.0140568
0.215499
0.0750816
0.102383
0.0772195
0.191258
0.0502461
0.038898
0.0262854
0.0354069
0.0272127
0.077726
0.0607722
0.130453
0.0310724
0.0821039
0.063293
0.102152
0.0170425
0.0597735
0.0748558
0.040181
0.0302151
0.0112312
0.0257905
0.0484794
0.0228914
0.0628963
0.0334772
0.0607625
0.0434123
0.024034
0.0452281
0.055798
0.0148034
0.0402309
0.0381232
0.142422
0.20317
0.0826628
0.0860427
0.0553755
0.0296252
0.079414
0.0138175
0.0386438
0.0163168
0.037129
0.0667639
0.0677779
0.0581586
0.060983
0.278502
0.393833
0.0338937
0.124124
0.127487
0.131398
0.205616
0.0569641
0.118951
0.0148937
0.0337173
0.0181531
0.510057
0.112035
0.140203
0.0662641
0.109916
0.0953184
0.0242052
0.01465
0.0788364
0.0489287
0.0300614
0.0857827
0.0280296
0.0994241
0.121782
0.0335534
0.0269721
0.0308112
0.0710486
0.0548633
0.0105114
0.0825976
0.0569396
0.0681537
0.0549612
0.030101
0.0260327
0.134348
0.201288
0.0159501
0.110402
0.0602875
0.0454472
0.0427522
0.200245
0.0566017
0.0729088
0.238025
0.022382
0.0114512
0.0194841
0.0368091
0.020805
0.0582692
0.057311
0.0631766
0.279114
0.051616
0.0208999
0.143132
0.0544986
0.0299118
0.0318107
0.0592018
0.0239949
0.023033
0.170015
0.0276897
0.0539984
0.0192298
0.044382
0.536319
0.0238462
0.0771039
0.250685
0.0545897
0.138181
0.0251124
0.0868097
0.0737158
0.030059
0.0185374
0.126617
0.1021
0.134556
0.0451357
0.347405
0.0172923
0.0508729
0.042812
0.0642644
0.0170778
0.0164278
0.0469525
0.0126236
0.0159665
0.031442
0.0119784
0.0441304
0.0209529
0.020442
0.0717989
0.014653
0.0586132
0.120559
0.0437309
0.0361441
0.0189281
0.058919
0.0285942
0.0380034
0.0624286
0.0323328
0.0819127
0.0567579
0.0564363
0.145004
0.059228
0.0859635
0.0884273
0.0873826
0.145623
0.11779
0.0482588
0.100518
0.0827401
0.135077
0.0585277
0.0749416
0.037406
0.0638154
0.123818
0.0290773
0.0490812
0.0575156
0.047912
0.076825
0.0600215
0.0413301
0.035116
0.0949694
0.0409417
0.0410726
0.133656
0.0643749
0.093136
0.0243042
0.01352
0.0682516
0.0374261
0.0653817
0.0363524
0.0620653
0.0507604
0.0791306
0.0712029
0.0324688
0.0730383
0.0474895
0.115513
0.0728812
0.0860732
0.228203
0.0392234
0.0395673
0.159568
0.0271384
0.160929
0.0501249
0.0278911
0.122844
0.0580135
0.0373501
0.0412394
0.0289992
0.042013
0.0411864
0.187874
0.0854169
0.0642007
0.255503
0.122847
0.114119
0.0252197
0.040386
0.0580465
0.0582804
0.107419
0.117808
0.0778499
0.0932239
0.0714293
0.0259619
0.0438352
0.0395849
0.0285029
0.0692506
0.146899
0.255347
0.0902167
0.0684291
0.0508658
0.0354857
0.112002
0.0126742
0.0918109
0.0140781
0.048684
0.106371
0.0304459
0.0794195
0.110516
0.0322538
0.028557
0.0180991
0.0360325
0.12164
0.0442615
0.249175
0.0378241
0.0329111
0.0252132
0.0438305
0.00768728
0.0202888
0.114269
0.0448256
0.0874617
0.0540333
0.0547585
0.0635694
0.0176433
0.0624781
0.0310466
0.0327015
0.0408517
0.0361221
0.0268628
0.0609135
0.0437418
0.0266026
0.0611945
0.0620038
0.0964479
0.103598
0.0394426
0.015648
0.0702934
0.0618574
0.137587
0.0352073
0.211577
0.0766806
0.0353129
0.0336794
0.0294703
0.0235126
0.0799063
0.0139571
0.0259966
0.0380901
0.126781
0.376277
0.0212902
0.0247055
0.0380065
0.0144825
0.130831
0.118852
0.0415155
0.0613123
0.0356938
0.208257
0.0388807
0.049839
0.0779588
0.0323021
0.0647254
0.0938216
0.0722932
0.0698726
0.0571122
0.041606
0.0646614
0.0735596
0.0422308
0.048511
0.0611634
0.0201546
0.10121
0.180738
0.0407976
0.0243147
0.0394944
0.0547976
0.00684696
0.033382
0.29041
0.102197
0.113234
0.0293587
0.0549744
0.0354452
0.0256749
0.0356113
0.0333225
0.105912
0.167336
0.0279552
0.0639311
0.0464196
0
0
0
0
0
0
0
0
0
0
0
0
0
0
0
0
0
0
0
0
0
0
0
0
0
0
0
0
0
0
0
0
777777