3.00951
999999
-0.351659
-0.309191
0.0176769
-0.0122466
0.0738983
-0.0719636
-0.133442
0.381937
-0.0318419
-0.485304
0.268666
0.0884084
0.539584
-0.181942
-0.180865
0.402355
0.558345
0.165637
0.537922
-0.118969
0.197066
0.245312
0.461339
0.460476
0.576669
-0.15487
-0.186977
-0.21792
0.103641
0.501326
0.252308
-0.102711
-0.0174994
-0.184634
-0.294859
0.265993
-0.0547576
0.267192
-0.0597881
-0.23479
0.439092
-0.0408264
1.77551
0.112936
0.305034
0.391218
-0.269577
-0.117415
0.258651
0.453333
0.152807
-0.212784
0.194118
0.627416
0.595199
0.274142
-0.187211
0.218404
0.194444
0.0645931
0.0537227
-0.524771
0.353424
-0.473051
-0.019268
-0.51477
0.253643
0.11111
0.0585247
0.155288
-0.0604878
-0.382186
-0.124197
0.0732702
-0.261177
0.0938893
-0.162871
0.851346
0.0829204
-0.0792255
0.381414
-0.0610575
0.474853
0.552274
0.0409554
0.542336
-0.0169627
0.099436
-0.571082
-0.668572
-0.365184
0.164504
0.517635
-0.444827
0.193078
-0.0431394
0.0468463
0.747922
-0.489139
0.0632806
-0.168403
-0.20538
-0.508614
0.411058
-0.146858
-0.0623626
-0.22562
0.582888
0.00997432
-0.380595
0.345361
-0.368445
-0.187618
0.58145
-0.0107949
0.263753
0.150404
-0.428335
0.170775
-0.133452
-0.0730198
0.104072
-0.130875
-0.310982
-0.0370276
0.701934
0.0518329
0.243879
0.66427
-0.128685
1.16956
-0.418275
0.429536
0.383321
0.000754412
0.278181
-0.179428
0.243263
0.367315
-0.340832
0.480146
-0.0990125
0.196728
0.017484
0.220501
0.556411
0.0126835
0.327481
0.227981
0.18136
0.384655
0.135819
-0.192579
-0.344155
0.537745
0.296973
-0.0449835
-0.0365118
0.12656
0.209281
-0.0294501
-0.0302719
-0.0495793
0.235827
0.0812681
-0.453297
-0.895269
-0.635624
-0.119582
-0.0757707
0.548898
-0.20984
-0.929143
0.0128679
-0.573303
0.198071
-0.0612286
-0.356993
-0.508394
-0.351292
0.0150491
0.397067
-0.257209
0.116889
0.132295
0.168212
0.265008
-0.37155
-0.343166
0.00366708
0.187775
0.510685
0.274302
-0.623101
0.233951
0.218815
0.124934
0.423294
0.123726
0.299738
-0.477638
-0.27462
0.146384
-0.360381
-0.507519
-0.274202
-0.844298
-0.247216
-0.0367129
-0.828919
-0.080816
0.155885
-0.557347
-0.417812
0.156639
-0.995423
0.385437
0.1322
0.514558
0.0595877
-2.15227
-0.345958
-0.177303
-0.773891
0.618709
-0.286714
-0.153424
0.272351
0.0340857
0.418019
0.31944
0.408514
0.774915
-0.37518
-0.164232
-0.598817
-0.0276189
0.162294
0.753861
-0.282341
-0.441299
-0.442543
0.261386
0.0652811
0.0378929
-0.312669
-0.119367
0.5528
0.611584
0.120388
0.0929741
0.440647
0.218084
-0.273026
0.372142
-0.112337
-0.416376
-0.356875
-0.197912
-0.136231
0.243952
-0.0840953
0.435481
0.155818
0.0123005
0.110442
0.497305
-0.519166
0.41798
-0.145166
-0.0407531
0.0750248
0.31576
-0.0515944
-0.061945
0.392317
0.124104
0.216733
-0.505023
0.981537
-0.246027
-0.166311
-0.0568802
0.318898
-0.461565
-0.0142613
-0.0211285
-0.637811
-0.0643888
0.291554
0.140911
0.513614
-0.33341
0.36072
0.920172
0.455744
0.841236
0.218198
0.968712
0.764075
-1.27592
0.43861
-0.150867
0.833602
0.070148
-0.875621
-0.181813
0.298013
0.560417
-0.618748
0.264962
-0.146144
-0.204016
-0.315297
-0.0461932
0.423996
0.507046
-0.00161371
-0.0528119
0.0661121
0.19783
0.0788014
0.233016
-0.350916
-0.377805
0.0584136
-0.380666
-0.499783
0.158259
-0.0540628
-1.44314
0.492751
0.13323
0.0269018
-0.343786
0.682065
0.382011
-0.21634
0.434711
0.234304
0.236716
-0.103406
0.341235
0.414713
1.24599
-0.360581
0.175553
-0.119175
-0.404692
1.08282
-0.0458772
0.0136206
-0.493482
0.127287
0.154523
0.399602
-0.33412
0.140701
-0.867741
0.0466029
-0.961575
-0.17361
-0.342397
-0.431913
0.237497
0.152488
0.927423
-0.0325332
-0.72742
0.699178
-0.0952109
-0.536844
0.101142
-0.326963
0.357246
-0.390473
0.202994
-0.337545
0.328462
0.175953
0.171673
0.590404
0.171515
-0.440364
0.0417578
0.656798
-0.37966
-0.560883
-0.419443
0.292599
0.00988543
-0.594392
-1.36731
-1.20033
0.129043
-0.25139
0.0459474
-0.516573
0.201702
-0.173712
0.113705
-0.349272
1.83637
0.390868
-0.471941
0.470869
-0.307425
0.149568
-0.90457
-0.21107
-0.180283
-0.0369569
0.784349
0.788737
-0.494562
-0.366468
0.0778835
-0.213109
0.0314506
-1.29094
-0.314691
-0.000418663
0.0548659
-0.18996
-0.217341
-0.408163
-0.0889473
-0.0630816
0.203717
-0.0807956
-0.107535
0.494119
0.328645
0.0372648
-0.155799
-0.463777
0.372818
0.697265
-0.337881
0.409188
-0.0504844
0.0386871
-0.0040159
-0.451317
0.056739
0.125234
-0.178048
0.23666
0.508225
-0.133307
0.22592
-0.045852
0.0528242
0.522666
-0.00420863
0.531229
-0.0234959
-0.180455
-0.542432
-0.120022
0.281673
-0.315769
-0.168541
0.0335217
-0.0998861
-0.0143375
0.454304
0.156665
0.568721
0.00618053
0.240063
-0.120232
-0.234209
-0.102178
-0.620888
-0.240351
0.200926
-0.673457
0.631188
0.029783
0.171877
0.500116
0.488206
-0.982905
-0.204754
-0.0463502
-0.04533
0.41592
1.31908
0.197313
-0.482921
-0.275011
-0.130957
-0.426492
0.378799
0.106974
-0.203149
-0.0848138
-1.51476
-0.341769
-0.159832
-0.63924
0.772807
-0.787839
-0.316567
0.092914
1.07588
0.215144
0.0740084
-0.0689142
-0.0110518
0.221604
-0.493386
-0.0406554
-0.197972
1.0656
-0.10041
0.328778
0.30575
-0.578765
-0.440742
-0.530899
0.59449
0.443558
0.117643
-0.331795
0.743403
0.117039
-0.274371
0.14885
-0.761975
-0.129862
-0.414533
0.108237
0.0239398
0.253818
-0.277581
-0.253104
-0.667444
0.596638
-0.0823608
-0.182148
0.232514
0.229452
-0.236548
-0.266955
0.442601
0.126818
0.0206282
-0.027174
-0.456345
-0.527343
-0.443108
-0.310524
-0.0982236
-0.407653
-0.438829
0.503255
0.421556
1.02051
-0.127089
-1.12316
0.190646
0.247836
-0.979029
0.283307
-0.451203
0.456437
0.0460758
0.621838
-1.54491
-0.185919
-1.00922
-0.173593
0.276824
-0.0937791
-0.0764729
-0.681468
-0.117024
-0.28112
0.346091
-0.29009
0.126197
1.24979
-0.486141
0.133248
0.633544
-0.151364
-0.246339
0.185318
0.313324
-0.0431391
-0.165074
0.00542488
-1.47696
0.911753
-0.435531
-0.0139999
-0.0555389
0.410566
-0.216838
-0.173147
-0.165143
0.525849
0.609276
-0.00380211
-0.0547722
-0.577125
-0.26151
-0.349354
0.507302
0.076648
0.0248902
0.445123
-0.101575
0.626683
-0.218202
-0.808296
-0.0121496
0.350604
-0.383743
0.254295
0.0391484
0.0448851
0.0161282
0.0553834
0.450885
-0.0641664
0.632189
-0.784543
0.0875966
0.1196
0.0957403
-1.69447
0.0914632
-0.315131
0.140576
0.0155677
-0.382682
0.404309
0.693072
0.0616745
0.417957
-0.362904
0.0797356
0.0357667
0.43195
-0.0648212
-0.151703
-0.521145
0.381792
0.245261
0.152286
-0.120314
-0.945874
0.222076
-0.62922
-0.064565
-0.589254
0.428549
0.00429353
-0.299202
0.0140439
-0.708442
0.160923
-0.199576
-0.204211
0.914508
0.0327125
0.496645
-0.29341
0.0151281
0.467925
-0.41873
0.21955
0.18895
-0.0348707
-0.350109
-1.166
-0.245623
0.333522
-0.0122309
-0.199504
-0.0135433
-0.439925
0.463033
-0.510577
-0.000128357
-0.193908
0.831326
-0.323625
-0.0835786
0.428754
-0.366813
-0.832613
-0.248596
-0.626843
-0.450969
-0.609296
-0.451256
-0.110308
0.000277261
-0.0120885
0.260886
0.305908
-0.0194347
0.0196306
0.191949
0.183863
-0.345512
-0.230675
0.288902
-0.0162411
-0.190024
0.107145
0.234342
0.802827
-0.0768291
-0.255413
0.0330562
-0.292955
0.672881
-0.975289
-0.154761
0.357401
-0.284223
-0.116776
0.592982
-0.300036
1.33425
0.125548
0.0558469
-0.957419
-0.45786
0.399959
0.0327207
-0.473789
-0.305016
-0.170159
0.174474
-0.202144
0.241494
0.0266041
0.189982
-0.638965
0.295506
0.451725
-0.137082
-0.123698
0.286985
0.675448
-0.307503
1.16427
-0.000272052
0.350954
0.155533
-0.450009
-0.323833
0.253766
-0.231716
-0.749823
-0.0594217
-0.0276994
0.107735
0.000973973
0.0137371
-0.06782
0.101446
-1.20971
-0.490307
0.757456
-0.243168
-0.0533922
0.162834
-0.0237024
1.15035
0.117376
-0.261301
0.536674
0.272912
0.26819
-0.157826
-0.415559
0.541677
-0.206128
-0.0549586
-0.060373
0.631096
-0.764664
0.0705119
0.064725
-0.0227629
0.289116
-0.179134
-0.601107
0.422796
0.0577665
-0.855623
0.617613
-0.19449
-0.256247
-0.214722
1.08716
-0.345004
0.0258412
-0.775222
0.46097
-0.176368
0.275992
0.0415624
-1.46482
-0.748694
-0.106487
0.317707
0.674723
-0.45163
0.0120868
-0.376923
0.518033
-0.0414979
-0.065697
-0.0583392
0.776511
0.0494957
0.599282
-0.0440443
-0.158301
0.068805
-0.196718
-0.137541
0.0475003
0.215109
-0.160802
-0.284077
0.468148
0.312453
0.448175
-0.122457
-0.340437
0.0280014
0.855519
-0.185119
0.517318
-1.45913
0.336797
-0.389354
-0.252232
-0.0350346
-0.022571
0.0317
-0.425174
-0.0189379
0.178426
0.20854
-0.181258
0.494584
-0.325304
0.0925498
0.047641
0.156038
0.0784705
0.344904
-0.318409
-0.0260246
0.388025
-0.0409929
0.000372618
-0.0542926
-0.387505
-0.720945
0.0447
-0.0624116
0.670075
0.128725
-0.529552
0.361156
-0.227682
0.123223
-0.058608
-0.38049
0.529156
0.155479
-0.0106715
0.150888
-0.248388
-0.314349
0.202793
-0.655264
-0.0427024
0.349001
-0.446304
0.935366
-0.334267
0.107838
0.835245
-0.138884
1.07348
0.152413
0.595866
-0.379164
-0.462845
0.177919
0.00478384
0.245519
-0.343687
0.22482
-0.298957
-0.0813826
0.00177466
-0.496902
0.291001
0.0446932
0.174914
-0.143394
0.158369
-0.395368
0.359724
-0.257084
-0.660605
-0.643137
-0.334598
0.166607
-0.170807
0.128855
0.100529
0.165205
-0.752604
0.653067
-0.0105448
-0.0462928
0.503625
-0.195229
-0.0102593
-0.0457047
0.359961
0.273781
0.936667
0.056139
0.155384
0.400988
-0.111203
0.00520785
0.372822
-0.570257
0.0686406
-0.141388
-0.0276935
-0.387268
-0.544805
-0.217766
0.0181975
-1.31549
-0.351526
-0.298805
-0.965895
0.00834309
-1.48652
0.00905425
-0.825017
-0.241042
1.47
0.164094
0.57651
0.14688
-0.543764
0.256487
-0.0590103
-0.0781457
0.158667
-0.122868
-0.479691
0.166685
0.360083
0.146864
-1.12039
-0.496179
-0.0680815
-0.351134
-0.195933
-0.0632279
0.290848
-0.527532
-0.126093
0.275261
0.0435797
0.663508
0.756567
0.232242
0.29136
0.259426
-0.491278
0.0670389
-0.276041
0.380492
0.252172
-0.337559
0.695504
-0.131289
0.0481555
-0.198066
0.237616
-0.209748
0.509059
0.0481921
0.0496294
-0.21626
0.71634
-0.559685
-0.0314984
0.643631
0.260457
0.0142689
0.0762254
1.57019
-0.0747839
-0.151611
0.458083
-0.797498
0.0341255
-0.137724
1.65561
-0.239403
-0.25528
0.0466189
0.058518
-0.21798
0.0137311
0.129878
-0.120393
0.145723
-0.252535
-2.28474
0.218399
-0.680558
0.46873
-0.298503
-0.0127308
0.372663
-0.291588
0.162819
-0.171004
0.0201586
0.106379
-0.942274
-0.230866
-0.153863
0.458801
-0.33967
-0.383719
0.436652
0.0636029
-0.0109487
-0.0369054
0.350554
0.140033
-0.656956
-0.393606
0.288778
0.0886253
-0.074754
-0.338258
0.6491
0.156178
-0.597037
-0.0479203
-0.316973
-0.664676
-0.277634
0.371476
0.354183
-0.318815
-0.0618033
0.140388
0.192561
0.0707404
0.0557313
-0.456294
1.64933
-0.186469
-0.419671
-0.37285
-0.193423
-0.150397
0.0862143
-0.0887619
0.365172
-0.0581588
0.203463
-0.54335
-0.123634
0.0462146
0.326797
-0.083331
0.385847
0.247598
-0.159034
-0.973917
0.223537
0.121924
0.650594
-0.268072
-0.446024
0.0904159
-0.738168
0.315012
-0.104102
0.50155
0.0387438
1.16473
0.133004
-0.175217
0.0731626
0.200473
0.0521248
-0.554191
-0.652813
-0.906444
-0.514974
-0.0683889
-0.3727
0.211951
0.202476
0.0338998
0.0846694
-0.421051
-0.414048
0.0142826
0.13498
-0.182591
-0.343502
0.360336
-0.489821
-0.0762274
0.228743
0.58263
1.87968
0.03874
0.170202
0.43961
-0.655091
-0.538798
-0.102362
-1.11607
1.15849
-0.335288
-0.648944
0.110025
-0.183345
-0.088254
-0.360232
0.391984
0.0824075
-0.086465
-0.0192287
-0.185774
-0.829549
0.50448
-0.0782461
-0.208106
0.01686
-0.243824
-0.0769751
0.0760649
-0.392576
0.269268
0.0465725
-0.190024
-0.0958853
0.6746
0.105556
0.13913
-0.276385
0.0210883
0.191201
1.36528
-0.145
-0.398678
0.234277
-0.11661
0.570448
-0.57807
0.487217
0.0871487
0.405808
0.330539
0.235458
-0.282624
0.251481
0.129578
-0.13163
0.223378
0.224664
-0.210972
0.203331
0.0996668
0.51092
-0.666107
0.000481488
0.0394281
-0.458846
-0.442683
-0.191744
-0.108148
-0.0240135
0.45505
-0.825712
0.0876913
0.0350192
-0.0668497
-0.326408
0.0915998
0.326555
0.53091
1.47359
-0.783675
-0.757952
-0.207268
1.03176
0.331943
0.467079
-0.446135
-0.130482
0.00237503
-0.0810709
0.33533
0.159392
-0.0412634
-0.336934
0.013927
-0.904205
-0.180139
-0.303301
0.16058
0.304523
-0.146317
0.116827
-0.570301
0.995017
-0.110222
0.28535
0.262628
0.331735
0.433654
0.28409
0.618895
0.19662
0.0240173
0.576684
0.0431341
0.275558
-0.220058
0.120191
0.314315
-0.706857
-0.27044
-0.478452
0.271091
0.160804
0.303516
0.487461
-0.1011
-0.00807349
-0.413967
0.351037
0.178194
-0.222962
0.210585
-0.249632
0.731724
0.0265701
0.502161
-0.293147
-0.0227167
-0.353552
-0.613624
-0.658217
-0.504046
-0.807476
-0.0385509
-0.408604
0.115571
0.499372
-0.482035
-0.295492
-0.149057
-0.934961
-0.0678191
-0.298157
0.152501
0.199113
-0.0550344
0.140601
0.495281
0.394375
-0.073847
0.326254
0.529845
0.199773
-0.632524
-0.0768835
0.656846
0.123441
0.517673
-0.161784
0.1019
0.169599
-0.528001
-0.42957
0.209828
0.206914
0.157709
0.0740424
-0.617413
0.421555
-0.572262
0.170457
-0.124014
0.0812932
0.0188117
0.970578
-0.174506
0.367103
0.4345
-0.0892
-0.382178
-0.147236
0.210128
-1.7167
0.88642
-0.210858
1.24611
-0.0742082
0.133852
0.163033
0.179713
0.223289
-0.268322
-0.283142
-0.588931
-0.0295755
0.297337
-0.288893
0.264336
0.235669
-0.0414523
0.014554
-0.0151118
-0.431542
-0.227059
-0.00652383
-0.275544
-0.730333
0.0747986
-0.119112
0.270427
0.0728919
-0.0774681
0.168725
-0.0136942
-0.190175
-0.220481
-0.362708
-0.749809
-0.678937
-0.399893
-0.199441
-0.648484
-0.306368
-0.100119
0.0800434
0.307786
0.00219118
-0.214463
-0.492267
0.547193
0.163779
0.264571
-0.921382
-2.87139
-0.0713553
0.131483
-0.0533775
0.0730378
-0.17819
-0.126172
1.02876
-0.264432
0.185963
-0.0727934
0.877567
0.41297
0.58395
0.118334
0.430576
0.49969
-0.1877
0.523167
0.241505
0.0283215
0.29495
-0.424302
0.00451209
-0.491535
-0.554381
0.249484
0.661461
0.486737
-0.406864
0.228578
0.285115
0.173695
0.107468
-0.161362
0.244922
-0.590783
-0.0759197
0.44068
0.102282
0.0465465
-1.11091
0.365967
0.249978
-0.127444
-1.21133
-0.141362
0.156553
1.09849
0.373829
-0.120216
0.161469
0.194045
-0.0579702
0.192222
0.539462
0.721411
-0.31779
-0.0454789
-0.023108
-0.198766
0.114764
-0.57195
0.361968
0.170619
0.0863539
0.176258
0.909886
0.368581
0.0743777
0.0770945
-0.884556
1.82757
0.432935
0.418216
2.30422
-0.158834
0.497807
-0.348043
-0.0188896
0.689806
-0.107565
-0.482492
-0.277168
-1.8041
-0.0237676
0.0394322
-0.189176
0.268908
0.401417
0.0223578
0.25898
-0.136665
-0.0892988
0.579706
0.189746
-0.25303
0.228906
0.0421682
-0.318048
0.18228
-0.0523284
-0.165908
0.0238712
0.586736
0.0786354
-0.186048
0.0694805
-0.603207
0.462886
-0.511957
-0.183124
0.219221
0.472589
0.0678088
0.830419
-0.222048
0.255326
0.601078
0.514566
-0.302171
-0.795106
0.160623
-0.114745
0.349875
0.388558
0.209079
-1.09923
-0.613469
-1.04233
0.232984
-0.304301
-0.139967
0.571103
-0.0980121
0.470435
-0.169156
0.162478
0.930399
0.294414
-0.00789038
-0.0131012
-0.082416
-0.487308
-0.00726874
0.316855
-0.254647
-0.33478
0.314025
-0.141216
0.282771
0.428609
-0.580588
0.264038
0.276443
-0.102553
0.294609
-0.136762
-0.0692142
0.0688516
0.526622
-0.518837
-0.907684
-2.72927
-0.221675
0.015258
1.64309
-0.0562012
-0.199935
0.140614
-0.100879
0.369883
0.410143
0.0705427
-0.04155
0.229245
0.13216
-0.0368158
-1.00381
0.0425704
0.212693
0.112349
-0.93969
-0.386787
0.00461199
-0.672426
0.454221
-0.549276
0.193077
0.573123
-0.467557
-0.916787
-0.465256
-0.0883682
0.288016
-0.175169
-0.175872
0.140321
-0.927623
0.278728
-0.286734
0.295193
-0.17834
-0.182245
0.40507
0.11007
0.398687
-0.0516231
0.798384
-0.162073
-0.0571298
-0.19515
0.656615
-0.0154789
-0.0465281
0.108417
0.185048
1.16084
0.358499
0.862847
0.187211
0.173807
-0.295487
0.664019
-0.138012
0.117001
-0.423101
-0.312627
0.0452666
0.106329
0.316801
0.399263
-0.0771144
0.795833
-0.268156
0.217034
-0.692863
0.129862
0.311342
-0.307735
0.173865
0.292326
-0.489333
-0.336157
-0.808507
-0.530883
-0.153874
-0.0144837
-0.79653
-0.244719
-1.09535
-0.289876
-0.159514
0.487376
0.198035
0.0392785
-0.407172
0.251678
0.486466
-0.176378
-0.0841196
0.00701635
-1.20966
3.30204
0.394029
-0.124344
0.176399
-0.0179372
0.742043
-0.561362
-0.22863
0.460383
0.0108652
0.79722
0.119634
0.0440275
-0.106137
0.562499
-0.258682
0.0285292
-0.632002
-0.390565
0.191438
-0.221901
-0.191804
0.300232
-0.254943
0.140222
-0.304046
-0.306583
-0.162591
1.90253
-0.545949
0.113802
0.249706
0.25511
0.244085
-0.214955
0.220722
-0.648887
-0.617927
-0.130962
-0.128663
-0.0171209
0.177299
0.0460526
0.377898
0.190302
0.599419
0.144279
0.404079
0.362566
0.0845411
-0.183404
0.17198
-0.163149
0.0570926
-0.183599
0.104672
-0.16808
0.0231031
-0.113866
-0.104268
0.128119
0.0246999
-0.115726
-0.193223
0.0111041
0.0682237
-0.156079
-0.0685226
-0.156845
-0.0763311
-0.0496129
-0.048363
-0.0107757
0.0357473
-0.0172453
0.127606
0.0530418
0.162334
0.0869917
0.127751
0.184639
888888
0.0534746
0.0191435
0.0852142
0.0266118
0.0229103
0.0473714
0.0455105
0.118485
0.0291548
0.0908604
0.0337687
0.0284979
0.0837634
0.021806
0.0111638
0.059559
0.0980435
0.00903651
0.0363986
0.139517
0.0460799
0.159565
0.136371
0.0288861
0.0620452
0.0228352
0.0270336
0.190101
0.0183562
0.0881467
0.0428709
0.0301186
0.0449676
0.0650976
0.0342228
0.0510258
0.111784
0.0100951
0.0438948
0.0379678
0.0457841
0.0509581
0.234774
0.0279656
0.0269442
0.0597054
0.0250633
0.0418626
0.0345714
0.0112074
0.0316283
0.0863593
0.0621254
0.0936991
0.081677
0.0397237
0.0189683
0.0257772
0.0300769
0.0355331
0.136669
0.193082
0.104101
0.0694276
0.0575256
0.0534314
0.0260332
0.0169484
0.0459849
0.161604
0.0376059
0.0855872
0.0749503
0.0288073
0.0498977
0.0176801
0.049817
0.0868843
0.037273
0.034969
0.0618882
0.074587
0.132875
0.165887
0.0244522
0.047816
0.0433131
0.0305494
0.0528276
0.0822817
0.0279636
0.0281238
0.108979
0.0403762
0.0155232
0.010402
0.101034
0.0441604
0.0557142
0.0320136
0.0329909
0.0364018
0.113508
0.0612265
0.0618908
0.0890891
0.0328606
0.0762412
0.104411
0.0640937
0.130083
0.261875
0.0215094
0.0196759
0.0322966
0.113308
0.0309797
0.0937909
0.0250614
0.0696025
0.0542888
0.07816
0.0217478
0.0422938
0.0543544
0.135151
0.0786391
0.0987449
0.0561604
0.058167
0.178801
0.0914398
0.246637
0.0478318
0.0192354
0.0607038
0.122413
0.0182632
0.240203
0.0447217
0.0228515
0.0120863
0.0218937
0.0531341
0.109108
0.0715139
0.0495365
0.0272007
0.0375377
0.0656058
0.0332287
0.115485
0.00871181
0.0480708
0.229493
0.147508
0.375218
0.0747251
0.086271
0.0981148
0.0129856
0.0557763
0.0344384
0.0916885
0.0937536
0.00827575
0.203124
0.0305955
0.159499
0.0507323
0.158214
0.0277515
0.271822
0.032831
0.291228
0.00957306
0.0225001
0.0342929
0.0545328
0.051989
0.0160325
0.0502697
0.0225568
0.0686827
0.0372928
0.0390817
0.022728
0.0266045
0.014732
0.0613919
0.0565924
0.0735527
0.0400609
0.178137
0.0398076
0.01866
0.139952
0.0774438
0.0499791
0.0369354
0.0626704
0.0548658
0.0787925
0.0150792
0.128821
0.0639113
0.0951515
0.0736336
0.0244357
0.0958815
0.0799221
0.02112
0.0552077
0.0237984
0.0282911
0.152369
0.0209312
0.043318
0.0792078
0.0227204
0.204744
0.0500335
0.0174985
0.424755
0.07007
0.108108
0.0316933
0.0333147
0.0321586
0.0363875
0.148889
0.0488874
0.40704
0.121183
0.0237591
0.0891965
0.0295433
0.0080124
0.120306
0.132828
0.0392863
0.0268402
0.0823594
0.121538
0.017905
0.022435
0.0583029
0.11305
0.0348456
0.013054
0.0411067
0.114325
0.0830875
0.0380901
0.0398715
0.0336914
0.0804648
0.0417326
0.033862
0.0510823
0.0429032
0.0528292
0.0779709
0.0483035
0.0324025
0.180445
0.0213339
0.106845
0.0505911
0.211286
0.0487722
0.103214
0.0344111
0.145962
0.125442
0.037533
0.131448
0.0540864
0.0694091
0.180994
0.0127497
0.0968537
0.0344837
0.059544
0.0732944
0.0678037
0.0621839
0.0498538
0.0046174
0.0236957
0.0425642
0.0410433
0.0384574
0.0352961
0.0766826
0.0975515
0.0672115
0.250477
0.0729489
0.00987798
0.226336
0.0503151
0.0183981
0.152548
0.0465723
0.195618
0.0151096
0.0599153
0.0693325
0.177601
0.0210089
0.0816478
0.0515081
0.031342
0.0976706
0.0249835
0.009514
0.0833956
0.241316
0.0317325
0.202737
0.156476
0.0488217
0.0506624
0.0524107
0.0507736
0.0445595
0.0997315
0.0487019
0.0920585
0.213242
0.0423431
0.00987735
0.0427371
0.017656
0.179687
0.0431507
0.0137982
0.101892
0.0644967
0.0835208
0.0410832
0.0278729
0.0494598
0.184344
0.0656863
0.033505
0.0500216
0.0428281
0.0908528
0.0488322
0.0613974
0.09945
0.0144053
0.0194962
0.0497338
0.0126113
0.066257
0.0312289
0.0637891
0.0772931
0.0723913
0.041829
0.0560779
0.0574585
0.0395125
0.0435831
0.0202442
0.0436012
0.127649
0.0423288
0.112668
0.0109817
0.0122066
0.0179758
0.0230135
0.0991248
0.0177602
0.0280104
0.0463099
0.08111
0.079452
0.0964167
0.13926
0.0426953
0.0358601
0.0565232
0.0521117
0.0800364
0.0801963
0.126968
0.183067
0.0691996
0.165795
0.014904
0.037067
0.0462742
0.0935981
0.0549985
0.113469
0.0404594
0.0353998
0.080942
0.0574595
0.0155375
0.0682646
0.0384839
0.0427714
0.221621
0.0270762
0.0456859
0.0263298
0.118913
0.13891
0.0603029
0.0153677
0.0232868
0.0405884
0.0799358
0.20088
0.0606679
0.0176894
0.0300015
0.107905
0.029945
0.0225268
0.0306187
0.0324208
0.0963598
0.055818
0.0416455
0.0485655
0.0342831
0.0499627
0.0149073
0.107343
0.0735391
0.0395413
0.0231509
0.0437524
0.0316836
0.00767093
0.0213612
0.051942
0.17251
0.0178853
0.0649478
0.0210151
0.0847478
0.0824734
0.0177273
0.0576071
0.0139073
0.101986
0.0190391
0.0460647
0.0242931
0.0396778
0.0551073
0.0330365
0.0247122
0.0440834
0.0206278
0.138034
0.14985
0.0167444
0.0349219
0.0389977
0.0575786
0.0691454
0.0479648
0.0146755
0.051864
0.025794
0.0194824
0.0649394
0.0596462
0.0524852
0.197722
0.0575816
0.056718
0.0345181
0.0212196
0.140563
0.0748391
0.0671583
0.0952719
0.160914
0.216774
0.0370983
0.0209639
0.0269347
0.0337539
0.0806612
0.0683966
0.0706514
0.054968
0.0284905
0.0867716
0.0257025
0.0358538
0.0502956
0.0605217
0.0722736
0.0287924
0.0164853
0.146582
0.0357403
0.139804
0.0336961
0.0498475
0.050319
0.0373871
0.19865
0.101552
0.096866
0.0891385
0.0115603
0.0950534
0.0482725
0.0303988
0.0840438
0.200914
0.0309298
0.0733869
0.0510306
0.0863009
0.180788
0.0431739
0.0270887
0.153613
0.0522459
0.0655418
0.0496532
0.0845034
0.0563423
0.18
0.0449531
0.0741839
0.0308548
0.0246064
0.183198
0.0242735
0.0664182
0.0273484
0.0314564
0.0135132
0.0223017
0.0324001
0.139964
0.0765342
0.0533862
0.0780254
0.0883041
0.0648436
0.062831
0.103947
0.00916608
0.0823127
0.172078
0.189548
0.0585
0.101405
0.0635072
0.115933
0.0462557
0.0323299
0.0326374
0.0767451
0.184188
0.245666
0.0431653
0.113734
0.0335365
0.0169896
0.0579828
0.0594693
0.0309565
0.146455
0.12453
0.0422289
0.0247417
0.0124161
0.13122
0.0913798
0.0533447
0.274492
0.0474778
0.0582759
0.0241607
0.0691463
0.0478672
0.0745503
0.0277187
0.24979
0.182363
0.0186894
0.141602
0.0153251
0.253957
0.0198943
0.0134905
0.074146
0.211458
0.276489
0.0513518
0.0414735
0.0236763
0.0335693
0.0131555
0.03476
0.0774292
0.145048
0.130373
0.0466256
0.0367146
0.0505652
0.161065
0.0668699
0.0279106
0.0234323
0.0320354
0.0431402
0.121673
0.0768155
0.0655132
0.05229
0.0230399
0.0477212
0.13585
0.0200608
0.0151674
0.0385037
0.144955
0.0203565
0.044119
0.0166413
0.0888251
0.0153952
0.13677
0.0359125
0.0487717
0.0752539
0.0339336
0.0364507
0.0330879
0.154616
0.0216115
0.0696916
0.0722587
0.0779344
0.0616183
0.0259602
0.0217307
0.092261
0.0715476
0.100959
0.026778
0.025438
0.0236496
0.0170412
0.0254043
0.0153197
0.17769
0.0435264
0.0245515
0.0944193
0.299559
0.0615825
0.0507895
0.0318815
0.0155522
0.0377879
0.0131418
0.287009
0.273002
0.0505618
0.0306235
0.229448
0.104342
0.0779598
0.02991
0.0420082
0.0768783
0.067121
0.0352092
0.0203474
0.0966419
0.0738722
0.179536
0.0745265
0.0393437
0.0500152
0.0491014
0.0224753
0.0231901
0.0689994
0.0455477
0.121655
0.108907
0.0143409
0.104702
0.0117658
0.045279
0.0433457
0.0694694
0.0548203
0.0424647
0.0174052
0.040159
0.0222652
0.0839931
0.0911225
0.0314286
0.0473604
0.0454681
0.118733
0.0282139
0.0921236
0.314744
0.0125236
0.10755
0.225974
0.0075918
0.184904
0.0350294
0.0664424
0.0328984
0.0225816
0.120546
0.0424536
0.0479268
0.243048
0.00924955
0.0228146
0.0823693
0.0343682
0.0583103
0.0556837
0.0712997
0.053669
0.0290529
0.0966415
0.0143863
0.0284921
0.0497898
0.0557535
0.0762253
0.0454617
0.141647
0.103669
0.0276927
0.219309
0.0468727
0.0835057
0.0200809
0.0801667
0.0466458
0.0345954
0.0410563
0.0471848
0.0701063
0.033701
0.0187026
0.0351302
0.0249529
0.0330411
0.0314491
0.395676
0.0443076
0.117838
0.0817839
0.102959
0.0758466
0.096605
0.100144
0.075428
0.0486834
0.227559
0.050002
0.0158357
0.113714
0.022421
0.0252434
0.0210754
0.145507
0.0251092
0.0475246
0.0598792
0.0502925
0.151355
0.0363639
0.0108179
0.0932523
0.0616056
0.269953
0.0320923
0.171287
0.035639
0.0243617
0.0949566
0.0563935
0.0731603
0.0424912
0.0464597
0.117726
0.0283706
0.0476085
0.0124738
0.0450947
0.385244
0.037509
0.0412286
0.101703
0.174623
0.0195253
0.0210715
0.0785387
0.186166
0.0230457
0.0505356
0.0532686
0.0952214
0.0302257
0.111337
0.0361012
0.0451786
0.0292151
0.0592906
0.0138827
0.0490465
0.149582
0.0504598
0.0704355
0.0175842
0.0218364
0.185842
0.0290033
0.0553449
0.0243243
0.128472
0.0568701
0.0436117
0.33039
0.0296207
0.0225351
0.0547009
0.0287049
0.0297127
0.0314668
0.0770803
0.0203411
0.0218246
0.0833492
0.0329856
0.016478
0.0789173
0.0893182
0.0282969
0.0326396
0.0371976
0.294365
0.0205512
0.06814
0.0346961
0.0187016
0.0425129
0.0817697
0.0806159
0.0364229
0.158182
0.0570575
0.0627644
0.116668
0.0470536
0.0552784
0.0242924
0.0205693
0.0146977
0.0562655
0.0700586
0.0858169
0.106392
0.0178827
0.0139212
0.00639514
0.0409908
0.0452764
0.0993647
0.0276844
0.0430288
0.141731
0.028353
0.0132131
0.0895019
0.0721658
0.193095
0.0214931
0.0519233
0.0807604
0.030235
0.0786241
0.0210981
0.0501591
0.0601973
0.0161157
0.0376893
0.0140346
0.0768605
0.0544417
0.0223254
0.0185718
0.0085536
0.06973
0.101986
0.039424
0.104804
0.0272994
0.0503203
0.043461
0.0184907
0.0502563
0.0578005
0.0375696
0.120845
0.0368743
0.0629146
0.0401519
0.0129547
0.0240116
0.308098
0.0257145
0.0146648
0.0196274
0.039546
0.0619767
0.0860143
0.105268
0.0320773
0.0619849
0.0394939
0.0577402
0.0133661
0.0480856
0.0875294
0.248031
0.0420091
0.0389584
0.178314
0.0919845
0.0575443
0.16042
0.0431691
0.0786448
0.0768723
0.0146096
0.154017
0.0127267
0.0962591
0.0339691
0.129385
0.00588486
0.133399
0.0753459
0.0891709
0.102505
0.0301459
0.0261764
0.0846588
0.0819902
0.0734124
0.0420424
0.0466152
0.0301995
0.0622842
0.11199
0.0660014
0.0220891
0.0604841
0.0590775
0.0705903
0.0347808
0.0380076
0.0159276
0.0114493
0.0591963
0.0963358
0.242192
0.0214633
0.0192677
0.0127292
0.0136394
0.0340074
0.0299421
0.103647
0.182251
0.0752826
0.0486751
0.0696475
0.043343
0.0215872
0.0765475
0.0700958
0.0820708
0.0772525
0.13185
0.139684
0.0345686
0.0641187
0.0690937
0.148635
0.0145914
0.0372075
0.294994
0.0571744
0.0602619
0.064519
0.0611613
0.0772312
0.0251563
0.259874
0.0193316
0.0412623
0.0495913
0.00569629
0.0555907
0.00750908
0.03594
0.0473099
0.0199797
0.0187524
0.602853
0.0621103
0.0963652
0.0557707
0.0525218
0.0442957
0.055579
0.129862
0.0440172
0.0964636
0.0456107
0.0186967
0.0621376
0.0787461
0.0438272
0.0387841
0.032267
0.0824477
0.0351852
0.0573176
0.0161963
0.0769215
0.00965909
0.0209191
0.117308
0.0886274
0.0327046
0.0572264
0.0624178
0.0352848
0.140978
0.0627785
0.0916895
0.0343214
0.149239
0.144626
0.0408793
0.119975
0.1637
0.0838428
0.0315056
0.14891
0.075105
0.0363339
0.019396
0.038545
0.104267
0.043311
0.0436699
0.0552652
0.0394957
0.05978
0.046706
0.149796
0.021896
0.0748434
0.0293887
0.0425922
0.0346857
0.0266657
0.0223286
0.0716661
0.0200487
0.0520916
0.0308363
0.0253399
0.0260425
0.0213829
0.0686083
0.0216472
0.0453626
0.0454764
0.0190904
0.0315661
0.0595059
0.0792648
0.180236
0.0416965
0.0245404
0.0305704
0.0440971
0.0750737
0.0357955
0.0361768
0.240196
0.0668222
0.0222839
0.0371258
0.0393089
0.0743408
0.0324745
0.0647319
0.0697505
0.0498155
0.0571541
0.0682552
0.0324608
0.0591394
0.0188845
0.0486902
0.161147
0.00941132
0.0963365
0.0230687
0.179265
0.0278618
0.0602177
0.025838
0.210586
0.0797977
0.04132
0.192466
0.142406
0.0299912
0.0660057
0.0393011
0.0323573
0.0348742
0.0366366
0.0637095
0.0385124
0.0703719
0.0477387
0.0109283
0.0567758
0.0656078
0.0489299
0.187362
0.032624
0.0217167
0.0292253
0.0379324
0.0454718
0.0367893
0.012965
0.024666
0.0232059
0.116149
0.0222389
0.0308745
0.0299593
0.0753873
0.0438316
0.424315
0.01452
0.0221548
0.0357264
0.0312487
0.0775762
0.116952
0.028111
0.100548
0.0199741
0.0763555
0.111723
0.0615435
0.0221232
0.0654916
0.0336871
0.0313167
0.00707697
0.0455844
0.0485246
0.116924
0.018771
0.0675051
0.0167519
0.0504
0.0986732
0.0563624
0.0294576
0.0818407
0.0344391
0.139987
0.128322
0.139096
0.0397105
0.0342609
0.00961918
0.131837
0.03241
0.0386813
0.127847
0.157345
0.029124
0.164931
0.156994
0.0997584
0.0426199
0.0579388
0.0777089
0.0947139
0.0822838
0.0220905
0.0361245
0.0331595
0.0997545
0.0298964
0.072251
0.0204988
0.100121
0.0195733
0.0499457
0.0465341
0.0397437
0.0691177
0.0769619
0.0544644
0.0252404
0.0440346
0.0156471
0.0926244
0.0823618
0.0191327
0.0385477
0.0660999
0.0568022
0.0270394
0.0265432
0.0327735
0.0906701
0.0731743
0.0950689
0.0756089
0.0745681
0.0179322
0.0179597
0.0504271
0.0196722
0.0363812
0.120741
0.0107589
0.029237
0.0410942
0.0471899
0.0465616
0.0159863
0.0476614
0.0422519
0.0526084
0.113433
0.0249345
0.0356553
0.0521622
0.150576
0.0298506
0.0840225
0.0504871
0.0139896
0.0365258
0.0428305
0.0562288
0.0647248
0.0458014
0.220438
0.0889926
0.00711597
0.0413328
0.0612883
0.0509895
0.0139346
0.0501201
0.0321412
0.0251841
0.0297497
0.0652788
0.0293375
0.0279252
0.0282839
0.0624474
0.0389959
0.0463036
0.105999
0.0561709
0.0206382
0.113812
0.124376
0.152279
0.0364813
0.0152041
0.0177929
0.0433442
0.0455713
0.190744
0.0790014
0.0354525
0.0520649
0.0804719
0.055719
0.0153952
0.00873018
0.0545629
0.0335434
0.0387891
0.0151396
0.150346
0.0681685
0.155935
0.0807992
0.240542
0.0433803
0.0320883
0.0229488
0.0253294
0.0295011
0.083986
0.0726936
0.145229
0.0335538
0.0658777
0.0561286
0.0873574
0.0134076
0.0401238
0.0870005
0.0469413
0.0364096
0.0134985
0.0246328
0.039094
0.0295637
0.0787485
0.0364608
0.081738
0.0458823
0.0344128
0.0292392
0.0673065
0.0155224
0.032905
0.0406277
0.108288
0.242429
0.0922668
0.0846797
0.0387304
0.0449568
0.0759699
0.0121445
0.0304149
0.0205827
0.0330188
0.0467231
0.081747
0.0647605
0.0520643
0.315905
0.378945
0.0323725
0.101543
0.15234
0.0981499
0.274309
0.0370232
0.0821125
0.0171101
0.0489858
0.0185188
0.495883
0.0912389
0.141557
0.0790976
0.116589
0.12395
0.0272542
0.0177943
0.0791621
0.0682956
0.0327415
0.0869536
0.0298538
0.112836
0.10784
0.0241589
0.0347232
0.0405006
0.119578
0.0583994
0.0123545
0.0707612
0.0563565
0.0703085
0.0521374
0.0268935
0.0228122
0.136447
0.229452
0.0257784
0.12334
0.0403393
0.0670454
0.0446584
0.146197
0.0495331
0.0606969
0.235177
0.0204048
0.0109304
0.0226504
0.0342238
0.0297321
0.0546253
0.0462747
0.0859338
0.218602
0.0442921
0.0326935
0.112052
0.0948879
0.047073
0.0335716
0.0529948
0.0243736
0.0216538
0.17863
0.0259262
0.069393
0.0191952
0.0465955
0.444321
0.0260135
0.106229
0.236633
0.0479441
0.167884
0.0242546
0.0758653
0.0722877
0.0367191
0.0203096
0.129062
0.104513
0.138192
0.0544279
0.281044
0.017172
0.0545227
0.0502901
0.0517059
0.0284425
0.016123
0.0451622
0.0153398
0.0163497
0.0329985
0.0117788
0.0326689
0.0145427
0.0232412
0.060016
0.0150145
0.0537128
0.110662
0.0526817
0.0398557
0.015656
0.070227
0.0385983
0.0370472
0.0668059
0.0274534
0.087816
0.0674675
0.0547463
0.113263
0.0622651
0.0909164
0.0913847
0.0570916
0.110562
0.104837
0.057991
0.0944542
0.0559831
0.179192
0.0589903
0.0587749
0.0316814
0.0509916
0.0966416
0.0234691
0.0508733
0.0633811
0.0519097
0.0751683
0.0621255
0.0497388
0.0297544
0.0934785
0.0553874
0.0635529
0.169639
0.0753668
0.0745736
0.0266287
0.0188041
0.077129
0.0335205
0.0471517
0.0403525
0.0746995
0.0476719
0.0466204
0.0721478
0.0273816
0.048262
0.049568
0.096302
0.0920806
0.0857915
0.245893
0.048822
0.0344047
0.173727
0.0296808
0.152665
0.0314862
0.0360349
0.107235
0.0760556
0.0399024
0.037492
0.0334142
0.0567653
0.0291239
0.152976
0.0671198
0.0701837
0.239606
0.113758
0.0899511
0.0370969
0.0415217
0.0635488
0.0622439
0.0759758
0.132129
0.077564
0.125157
0.109246
0.022541
0.0453864
0.0341831
0.0288781
0.0639326
0.173794
0.266707
0.0839351
0.0608599
0.0548744
0.0325656
0.103444
0.0164499
0.0791549
0.0131634
0.0680183
0.111168
0.038918
0.0850016
0.135585
0.043044
0.0225862
0.0247613
0.0324372
0.130841
0.0428914
0.196695
0.0297168
0.0373516
0.0251799
0.032768
0.0101239
0.0119036
0.099302
0.0522967
0.0811827
0.0524219
0.0460985
0.0770315
0.01977
0.0622048
0.0246751
0.0322768
0.0373026
0.0318715
0.0305286
0.0606678
0.0677899
0.0213444
0.0626293
0.0621143
0.102883
0.119918
0.0343673
0.0215091
0.0800762
0.0546322
0.128605
0.0324372
0.247941
0.0706899
0.0416435
0.0294824
0.0299405
0.0275509
0.109172
0.0103203
0.0315745
0.0304077
0.159824
0.348956
0.0213076
0.0258484
0.0346742
0.015136
0.132997
0.173965
0.0412033
0.0550182
0.0349086
0.225579
0.0449296
0.0639156
0.0715871
0.0239884
0.0649487
0.0616356
0.0556882
0.0810631
0.0486567
0.0399462
0.0478505
0.0602435
0.0365309
0.0384198
0.0972186
0.0172184
0.0748518
0.19544
0.0397758
0.0305566
0.0448209
0.0513227
0.00769651
0.0500686
0.325102
0.0997815
0.085048
0.0403655
0.0505296
0.0454199
0.0247968
0.0450359
0.043306
0.106027
0.19344
0.0426392
0.050654
0.0707911
0
0
0
0
0
0
0
0
0
0
0
0
0
0
0
0
0
0
0
0
0
0
0
0
0
0
0
0
0
0
0
0
777777