2.9262
999999
-0.377956
-0.311596
0.000270383
-0.0238646
0.0458742
0.0443648
-0.133132
0.403203
-0.0321127
-0.601517
0.299641
0.0345468
0.546461
-0.168043
-0.140025
0.383515
0.590397
0.169419
0.535007
-0.128833
0.223463
-0.0444703
0.283681
0.43228
0.646311
-0.133067
-0.219727
-0.509111
0.106649
0.49942
0.188211
-0.113663
-0.069597
-0.132364
-0.258403
0.270932
0.0106125
0.256083
-0.144619
-0.253332
0.343315
-0.0836114
1.94541
0.119113
0.318863
0.359105
-0.286505
-0.165023
0.217798
0.448889
0.125942
-0.201731
0.128954
0.586238
0.617354
0.196973
-0.170889
0.208745
0.225116
0.0221262
0.0496133
-0.284835
0.299705
-0.531001
-0.000860485
-0.572595
0.238947
0.126303
0.0825871
0.324448
-0.0998145
-0.5276
-0.11396
0.102738
-0.28047
0.150271
-0.209247
0.677005
0.0543083
-0.0790708
0.299393
-0.0145717
0.434637
0.719083
0.0192602
0.568017
-0.0852657
0.0302509
-0.578262
-0.697664
-0.315505
0.16446
0.574095
-0.474971
0.188268
-0.0515185
0.156798
0.721804
-0.481136
0.0229058
-0.185667
-0.223381
-0.484547
0.354074
-0.100627
-0.112035
-0.222785
0.568608
0.0249566
-0.461445
0.484121
-0.622829
-0.189204
0.609911
-0.0539311
0.294516
0.130888
-0.377313
0.183406
-0.172721
-0.106755
0.0396253
-0.127099
-0.338204
-0.0765512
0.792304
0.0580346
0.263076
0.618336
-0.129808
1.22703
-0.373257
0.0798309
0.248549
0.0328399
0.354269
-0.19344
0.283301
0.025806
-0.318751
0.477414
-0.102078
0.183411
0.00423748
0.259707
0.549574
0.0789094
0.326585
0.169815
0.270373
0.348674
0.1218
-0.19944
-0.3025
0.340796
0.29394
-0.0936221
-0.0533217
0.125556
0.279199
-0.0269406
-0.0241034
-0.0790752
0.270739
-0.0718902
-0.457665
-0.790277
-0.567193
-0.0960386
0.038744
0.627642
-0.181399
-0.904902
-0.0441862
-0.703411
0.189996
-0.0305218
-0.346996
-0.498211
-0.408428
0.0101889
0.409712
-0.239416
0.0174028
0.0389214
0.148525
0.262349
-0.320275
-0.359903
-0.0577187
0.293426
0.640597
0.252156
-0.675828
0.181547
0.201733
0.111652
0.327668
0.146451
0.348665
-0.614311
-0.248738
0.165642
-0.378319
-0.196341
-0.222336
-0.875916
-0.272003
-0.0170639
-0.907083
-0.0421538
0.1994
-0.618872
-0.422767
0.174212
-1.20571
0.4139
0.141689
0.605323
0.0120468
-1.84134
-0.292998
-0.172474
-0.79577
0.398045
-0.257337
-0.156148
0.247346
0.00120728
0.430991
0.200346
0.430851
1.24522
-0.470163
-0.133432
-0.606942
0.0233157
0.179999
0.73366
-0.28901
-0.465513
-0.360928
0.209288
0.182532
0.00676619
-0.253649
-0.0834768
0.441186
0.536308
0.128832
0.0654715
0.370933
0.235724
-0.299109
0.446242
-0.104673
-0.326077
-0.35339
-0.233293
-0.235947
0.250373
-0.0906265
0.54712
0.242204
0.0434485
0.141869
0.507197
-0.624651
0.337642
-0.208971
-0.11286
0.000467005
0.293153
-0.0632182
-0.105448
0.372814
0.087791
0.172176
-0.483689
0.989013
-0.265292
-0.212736
0.0194931
0.34205
-0.469414
0.000515672
-0.0480044
-0.638859
-0.0545277
0.257375
0.117871
0.534322
-0.292438
0.385909
0.921078
0.468425
0.870844
-0.111107
1.03357
0.756369
-1.39913
0.521566
-0.147517
0.957792
0.0753553
-0.501965
-0.193634
0.293143
0.585457
-0.412483
0.317287
-0.156241
-0.157736
-0.31434
-0.0509521
0.419152
0.503913
0.187878
0.335851
0.0480467
0.417834
-0.119081
0.170554
-0.378452
-0.323882
-0.0132388
-0.505793
-0.588317
0.177599
-0.183587
-1.66898
0.433841
0.152492
0.0490142
-0.338002
0.469451
0.391632
-0.23884
0.352383
0.221116
0.271048
-0.0875741
0.336544
0.512209
1.29011
-0.430464
0.154202
-0.114581
-0.384682
0.961616
-0.0481351
0.0427155
-0.412607
0.153768
0.194368
0.364957
-0.338571
0.127976
-0.853298
0.0535033
-0.863464
-0.0739109
-0.333568
-0.366738
0.228763
0.155531
0.927022
-0.0397074
-0.75588
0.66383
-0.105521
-0.359463
0.101033
-0.327803
0.357093
-0.413391
0.0310071
-0.342081
0.311334
0.186315
0.146714
0.554167
0.113163
-0.378233
0.0141067
0.640282
-0.443618
-0.575852
-0.449799
0.349623
-0.0389815
-0.305584
-1.25341
-1.35217
0.114755
-0.297061
0.0996812
-0.735403
0.158666
-0.121646
0.172009
-0.338462
1.69726
0.434344
-0.46595
0.380056
-0.30779
0.119109
-1.22481
-0.296136
-0.201444
-0.0359959
0.84458
0.904818
-0.449095
-0.363798
0.0859069
-0.20458
0.00757565
-1.30066
-0.178876
-0.00656904
0.0447481
-0.240651
-0.181699
-0.411762
-0.0779908
-0.104093
0.250768
-0.0173373
-0.0985474
0.402834
0.315935
0.0235448
-0.14236
-0.437216
0.381899
0.715284
-0.34444
0.409176
-0.0721419
0.0419378
0.00448464
-0.480894
0.332382
0.124435
-0.159297
0.231412
0.519898
-0.14337
0.246416
-0.0288774
0.0734363
0.453558
-0.00890179
0.526822
-0.0182963
-0.174504
-0.536702
-0.221866
0.33197
-0.271255
-0.173865
0.152507
-0.092156
0.00598361
0.433242
0.158419
0.603498
0.00380665
0.189088
-0.121213
-0.258503
-0.150689
-0.611276
-0.218474
0.177324
-0.547308
1.0277
-0.0302786
0.240599
0.448343
0.498998
-0.876608
-0.106381
-0.114668
-0.0649731
0.324344
1.32477
0.154061
-0.492141
-0.275199
-0.103407
-0.44645
0.272014
0.174522
-0.268901
-0.0533247
-1.47256
-0.330486
-0.184113
-0.511064
0.797291
-0.710329
-0.297547
0.103106
1.21105
0.22439
0.214486
-0.094871
-0.0991576
0.279614
-0.518854
0.261222
-0.312717
1.08598
-0.155449
0.339097
0.272126
-0.610008
-0.36676
-0.473196
0.510013
0.417089
0.282694
-0.296
0.65576
0.2761
-0.257051
0.0788616
-0.529596
-0.209547
-0.394062
0.104089
-0.0455981
0.218266
-0.188496
-0.279056
-0.714379
0.590953
-0.060678
-0.0885201
0.218874
0.297752
-0.252053
-0.300448
0.435897
0.114393
0.0351349
-0.129681
-0.568858
-0.616138
-0.533792
-0.3871
-0.0927656
-0.416352
-0.390238
0.509517
0.437975
0.942849
-0.212573
-1.17451
0.0581455
0.181509
-0.825361
0.357983
-0.464989
0.448626
0.0042861
0.331161
-1.41781
-0.204272
-1.0689
-0.168821
0.261558
-0.0727535
-0.048592
-0.659818
-0.0999677
-0.313591
0.327892
-0.274836
0.124846
1.26043
-0.482444
0.180888
1.03077
-0.200515
-0.327911
0.194266
0.323633
-0.0522603
-0.242298
-0.045658
-1.47655
0.925374
-0.413434
-0.160117
-0.0654305
0.30471
-0.203352
-0.172258
-0.00184915
0.322556
0.781406
-0.0745321
-0.0899255
-0.593428
-0.332833
-0.381211
0.535743
0.146749
0.0955717
0.404328
-0.0928047
0.561544
-0.244357
-0.572993
0.0103296
0.340843
-0.386174
0.277794
0.0594755
0.0141579
0.0850643
0.136862
0.405843
-0.08225
0.663464
-0.932804
0.0936823
0.118876
0.0356099
-1.69643
0.0748765
-0.318197
0.164403
0.0143278
-0.367979
0.328561
0.674628
0.0261731
0.426104
-0.361641
0.0667578
0.0432126
0.46364
-0.0465658
-0.113208
-0.42674
0.262055
0.28748
0.141713
-0.113739
-0.942531
0.300113
-0.641327
-0.0444825
-0.584993
0.411011
0.00232657
-0.312331
0.024165
-0.317799
0.193605
-0.221916
-0.357649
0.417041
0.0497109
0.524376
-0.287362
0.0140675
0.509867
-0.426187
0.317331
0.267712
-0.0592004
-0.341868
-1.28198
-0.382279
0.320481
0.0278054
-0.205459
0.0559035
-0.40988
0.442757
-0.495121
0.0225161
-0.151362
1.12751
-0.296037
-0.0893959
0.485475
-0.388473
-0.867166
-0.243022
-0.757098
-0.479176
-0.664488
-0.595073
-0.117279
0.343297
0.00185524
0.222539
0.296479
-0.000456977
-0.0199283
0.256202
0.184249
-0.413848
-0.224981
0.389979
0.0668526
-0.15835
0.187046
0.258563
0.807288
-0.0598053
-0.192994
0.464319
-0.283778
0.781717
-0.810335
-0.141967
0.54655
-0.329806
-0.145333
0.599491
-0.307484
1.33216
0.105218
0.106257
-0.707569
-0.466549
0.370572
-0.133214
-0.449192
-0.446052
-0.167985
0.132094
-0.189842
0.234673
0.0650458
0.194197
-0.644733
0.18451
0.473144
-0.202417
-0.179559
0.405627
0.765984
-0.359769
1.36057
-0.0789095
0.128682
0.139679
-0.489485
-0.325803
0.266851
-0.212185
-0.740598
0.0177787
-0.0111475
0.125771
0.0836442
-0.00868275
-0.106341
0.104662
-0.732655
-0.446696
0.601442
-0.322435
-0.158917
0.186491
-0.030578
1.1083
0.200106
-0.201707
0.607315
0.185368
0.281626
-0.221482
-0.379879
0.533839
-0.188453
0.0177706
-0.0822045
0.71769
-0.817919
0.10144
0.071012
0.0244783
0.299928
-0.269846
-0.594435
0.0968918
0.0614087
-0.87536
0.598387
-0.174469
-0.297479
-0.125855
1.05573
-0.435164
-0.0495164
-0.750815
0.496167
-0.281231
0.260143
0.105523
-1.33301
-0.782095
-0.0656315
0.171448
0.580713
-0.450413
0.0526801
-0.458968
0.504648
-0.0408753
-0.0149395
-0.0838218
0.764435
0.0624758
0.631631
-0.0286405
-0.189154
0.0561686
-0.175487
-0.141619
-0.0149976
0.329973
-0.155752
-0.141862
0.479967
0.299811
0.354236
-0.135519
-0.414481
0.00993334
0.776302
-0.146488
0.501048
-1.14735
0.366883
-0.376018
-0.29883
-0.0569816
-0.0126598
0.0407358
-0.415675
-0.0260744
0.192798
0.15429
-0.169303
0.481023
-0.293348
0.0697477
0.0287148
0.173733
0.0777714
0.546452
-0.275079
-0.00327445
0.380507
-0.0441423
0.0741325
-0.109418
-0.450326
-0.747864
0.0935627
-0.130533
0.6659
0.0418108
-0.531449
0.388193
-0.231674
0.118044
-0.0575685
-0.54052
0.580103
0.28379
0.127654
0.15727
-0.246997
-0.311191
0.224667
-0.655514
-0.11707
0.397898
-0.440996
0.982762
-0.357238
0.109473
0.812084
-0.0577631
1.23932
0.166349
0.544928
-0.46914
-0.479182
0.341829
0.0244568
0.254721
-0.324979
0.217419
-0.287127
-0.0782299
0.0616994
-0.515505
0.296476
0.0695831
0.172063
-0.177591
0.187336
-0.419883
0.36617
-0.243562
-0.505873
-0.628357
-0.301839
0.09556
-0.134888
0.140478
0.138953
0.203664
-0.705381
0.628029
-0.0152717
-0.0679132
0.7264
-0.174587
0.00396052
-0.0544012
0.33596
0.361198
0.877224
0.236297
0.121975
0.404449
-0.118434
-0.0377224
0.401707
-0.63404
0.000557229
-0.331985
-0.0554898
-0.401831
-0.793718
-0.231348
0.0120528
-1.10682
-0.329119
-0.289407
-0.851996
-0.00310471
-1.54913
0.0166097
-0.801679
-0.21919
1.42955
0.163176
0.599104
0.293659
-0.639493
0.249601
-0.0354725
-0.108571
0.070108
-0.144529
-0.455618
0.232206
0.428822
0.0685345
-1.03297
-0.621291
-0.0466448
-0.376879
-0.14367
-0.151956
0.30878
-0.522054
-0.150581
0.262023
0.0626691
0.640202
0.817463
0.0892633
0.242691
0.291873
-0.483919
0.0678293
-0.271672
0.379191
0.0816288
-0.404842
0.664501
-0.123297
0.0522381
-0.25322
0.224603
-0.141205
0.644307
0.134183
0.0330215
-0.209858
0.930938
-0.539383
0.0239763
0.609586
0.249941
0.00522581
0.0910293
1.79136
-0.0406184
-0.231608
0.384352
-0.811519
0.105376
-0.141116
1.74581
-0.236972
-0.311078
0.0883843
0.0469497
-0.286524
0.0205943
0.149553
-0.103028
0.143457
-0.262198
-2.88651
0.209383
-0.803963
0.409138
-0.212287
0.0347179
0.403446
-0.272678
0.225828
-0.207543
-0.0532868
0.100503
-0.879278
-0.0925065
-0.187496
0.398272
-0.303759
-0.326367
0.440917
0.0253453
-0.0522691
-0.118363
0.351356
0.135324
-0.809185
-0.32494
0.261909
0.026869
-0.0779224
-0.394807
0.621323
0.221211
-0.555484
-0.0444817
-0.359165
-0.610982
-0.221329
0.546211
0.139879
-0.258701
-0.0524423
0.0221464
0.215163
0.0826491
0.0314144
-0.483494
1.69324
-0.143032
-0.399141
-0.381757
-0.173434
-0.172069
0.138424
-0.123348
0.37508
-0.153166
0.233093
-0.537357
-0.146108
0.0770598
0.33036
-0.15839
0.445608
0.249609
-0.172433
-1.00223
0.251918
0.12728
0.663176
-0.254213
-0.396385
0.0700438
-0.728222
0.271894
-0.161114
0.428503
0.296112
1.10712
0.111548
-0.15543
0.0680156
0.232512
0.100761
-0.584752
-0.435025
-0.825892
-0.520558
-0.106657
-0.351576
0.236128
0.176591
0.0600174
0.0262227
-0.442445
-0.442796
0.00631709
0.0850708
-0.119921
-0.333722
0.346439
-0.694081
-0.0812975
0.273
0.589411
2.13417
0.0416995
0.10048
0.454052
-0.825985
-0.496584
-0.150941
-0.808839
1.06925
-0.30443
-0.65892
0.101718
-0.239674
-0.144041
-0.380375
0.273721
0.0556676
-0.092677
-0.0589715
-0.172007
-0.848395
0.557798
-0.0904784
-0.172124
0.0501518
-0.251387
-0.056945
0.0951662
-0.413088
0.292169
0.0501175
-0.213165
-0.0980753
0.502236
0.0997264
0.125918
-0.268779
-0.0385986
0.152868
1.47407
-0.136954
-0.382733
0.205432
-0.0860478
0.439042
-0.62554
0.48139
0.0930437
0.392665
0.336287
0.337422
-0.434232
0.210331
0.248491
-0.113565
0.217411
0.224031
-0.169946
0.226981
-0.0436444
0.495299
-0.600972
-0.00695519
-0.0383734
-0.552707
-0.479745
-0.201978
-0.235808
-0.00583117
0.381054
-0.934718
0.150782
0.0552613
-0.120055
-0.324565
0.069738
0.280711
0.563774
1.59681
-0.933745
-0.743913
0.0156776
0.946646
0.193677
0.460581
-0.388728
-0.0965657
0.0552207
-0.0419528
0.346747
0.122579
-0.0365321
-0.213564
-0.0312987
-0.957149
-0.204004
-0.266669
0.13976
0.351936
-0.176495
0.0678906
-0.541047
0.97726
-0.07586
0.269895
0.310726
0.304914
0.450022
0.287298
0.62323
0.215847
0.00221882
0.532036
0.0875811
0.213848
-0.212815
0.0576306
0.241744
-0.65297
-0.297737
-0.601811
0.27452
0.140128
0.260309
0.511748
-0.103755
-0.0212482
-0.401682
0.351587
0.150462
-0.229044
0.233144
-0.256682
0.718349
0.00657814
0.470476
-0.193789
-0.0230578
-0.434394
-0.678855
-0.505986
-0.488069
-0.886771
0.0308512
-0.425871
0.114115
0.537442
-0.478747
-0.415135
-0.119819
-0.804432
0.0390811
-0.296432
0.127177
0.135142
-0.0541911
0.139047
0.524848
0.397041
-0.0794153
0.328172
0.497808
0.203287
-0.651508
-0.0731995
0.636332
0.070402
0.510656
-0.143596
0.111098
0.16456
-0.524089
-0.271539
0.252556
0.191421
0.170303
0.0564681
-0.58332
0.429946
-0.580777
0.270508
-0.127517
0.114053
0.0315047
0.958555
-0.177468
0.35802
0.493141
-0.0520519
-0.455768
-0.151999
0.446629
-1.74075
0.929557
-0.22386
1.18203
-0.108214
0.108745
0.162059
0.210923
0.199186
-0.322369
-0.306527
-0.555816
-0.0108873
0.37671
-0.377473
0.438046
0.246902
-0.00424849
0.0625135
-0.00237769
-0.464949
-0.22638
0.0235455
-0.275906
-0.709455
-0.0730565
-0.17855
0.312616
0.0991882
-0.067723
0.218342
0.0125213
-0.188953
-0.19629
-0.347324
-0.800921
-0.742547
-0.279996
-0.18378
-0.647383
-0.350651
-0.043794
0.0842204
0.3115
-0.023136
-0.268816
-0.543794
0.537217
0.214679
0.363254
-0.852034
-3.12393
-0.117778
0.273665
-0.138773
0.134421
0.126182
-0.143876
1.12344
-0.299168
0.330862
-0.0560244
0.880183
0.457887
0.513619
0.142552
0.689668
0.73169
-0.200179
0.515824
0.178191
0.0616684
0.285499
-0.450579
-0.0195216
-0.466356
-0.47723
0.245434
0.674444
0.46764
-0.257635
0.207485
0.285368
0.290281
0.108532
-0.177989
0.271968
-0.623853
-0.0549099
0.309655
0.374868
0.0792439
-1.24606
0.32787
0.272678
-0.0974329
-1.54443
-0.1293
0.0730885
1.03861
0.366735
-0.114098
0.182259
0.162307
-0.0395312
0.151274
0.479625
0.639906
-0.264462
-0.060384
-0.0376273
-0.161905
0.182124
-0.553812
0.374648
0.114531
0.0596455
0.166131
1.06105
0.382567
0.152662
0.0603883
-0.87899
1.55013
0.393915
0.311444
2.39588
-0.113668
0.308966
-0.338816
-0.051288
0.744158
-0.12738
-0.463482
-0.305713
-1.97672
-0.0148284
-0.00438591
0.0427232
0.284431
0.360673
-0.0696323
0.275416
-0.0989068
-0.10695
0.563317
0.202719
-0.264226
0.184637
0.060958
-0.292821
0.199654
-0.000900508
-0.152617
0.0282146
0.612662
0.186249
-0.167118
0.0457038
-0.567618
0.338587
-0.512622
-0.108856
0.224584
0.474627
0.105406
0.811792
-0.250114
0.405362
0.625898
0.594757
-0.151575
-0.866407
0.0186267
0.0069811
0.386776
0.314394
0.135624
-1.31775
-0.653599
-1.03725
0.254907
-0.284592
-0.0506521
0.594118
-0.14251
0.446173
-0.247678
0.0796452
0.910286
0.311813
-0.00263545
0.064801
-0.0106434
-0.54372
0.0208453
0.318932
-0.232391
-0.322849
0.321705
-0.266538
0.315924
0.356468
-0.615687
0.299407
0.256919
-0.124587
0.220681
-0.10971
-0.113541
0.107935
0.578743
-0.490798
-1.0828
-2.60781
-0.287321
-0.0181258
1.6542
0.00510324
-0.138969
0.121678
-0.106886
0.257024
0.456208
0.0707008
-0.0769624
0.252243
0.0994721
-0.127214
-1.19272
0.0675639
0.317672
-0.263118
-0.850782
-0.12218
0.00926227
-0.581359
0.523196
-0.463182
0.203911
0.66491
-0.490038
-0.810383
-0.446079
-0.0893058
0.231274
-0.198632
-0.173354
0.0931318
-0.644765
0.159889
-0.294448
0.273007
-0.240255
-0.180602
0.280487
0.0982158
0.479871
-0.0460353
0.71939
-0.123703
0.00537755
-0.134788
0.376732
-0.033562
-0.0371579
0.144235
0.191858
1.22734
0.387255
0.956606
0.199829
0.157657
-0.286298
0.693383
-0.120444
0.134598
-0.37323
-0.305711
-0.00253965
0.165783
0.374801
0.410861
-0.090827
0.67193
-0.256225
0.264567
-0.655371
0.13008
0.267474
-0.401203
0.265533
0.295015
-0.563215
-0.289022
-0.723651
-0.556358
-0.182295
-0.0179906
-0.76759
-0.3397
-1.17683
-0.284522
-0.1407
0.461849
0.248774
-0.0098621
-0.404446
0.277762
0.725872
-0.168368
-0.0645592
-0.00986278
-1.35648
3.28237
0.351986
-0.11394
0.18218
-0.006006
0.849041
-0.756437
-0.287137
0.557041
0.0039828
0.969002
0.088629
0.130374
-0.0594935
0.549957
-0.273524
0.00105384
-0.720735
-0.370844
0.181811
-0.240785
-0.145763
0.352769
-0.200605
0.161622
-0.313294
-0.288591
-0.2864
1.53526
-0.586715
0.11063
0.246132
0.162521
0.256744
-0.206083
0.234431
-0.767982
-0.626535
-0.105378
-0.157583
-0.0589226
0.177969
0.0361107
0.428901
0.170265
0.626465
0.0835429
0.389886
0.457271
0.0845411
-0.183404
0.17198
-0.163149
0.0570926
-0.183599
0.104672
-0.16808
0.0231031
-0.113866
-0.104268
0.128119
0.0246999
-0.115726
-0.193223
0.0111041
0.0682237
-0.156079
-0.0685226
-0.156845
-0.0763311
-0.0496129
-0.048363
-0.0107757
0.0357473
-0.0172453
0.127606
0.0530418
0.162334
0.0869917
0.127751
0.184639
888888
0.042944
0.0186808
0.0929229
0.0280336
0.0249769
0.0452929
0.0442982
0.117583
0.0222103
0.0857642
0.029703
0.0247508
0.0905336
0.0197056
0.0121354
0.0583886
0.0900556
0.00919528
0.0335304
0.162912
0.0497061
0.151348
0.145807
0.0338338
0.0621799
0.0205587
0.026728
0.195254
0.0169558
0.0840586
0.0441479
0.0253792
0.0492271
0.0661955
0.0318913
0.0549747
0.0977026
0.0112968
0.0385667
0.0365111
0.0389585
0.0543651
0.261495
0.0258628
0.0276752
0.0693031
0.0254328
0.0408785
0.0408789
0.0106394
0.0320263
0.0850324
0.0631341
0.0911869
0.0852367
0.0459543
0.0218163
0.0226736
0.0385903
0.0357247
0.140155
0.170766
0.101749
0.0764002
0.0674831
0.0438999
0.0299103
0.0183377
0.0534375
0.148369
0.0310212
0.118868
0.0630652
0.0262624
0.0431079
0.0183819
0.0419409
0.111981
0.0448679
0.0327347
0.0551841
0.0712178
0.138893
0.168943
0.0250129
0.0550761
0.049851
0.0329763
0.0530956
0.0762479
0.0252225
0.0242549
0.111402
0.0439074
0.0157024
0.0101199
0.107027
0.0455654
0.0547999
0.0360261
0.0363344
0.0337695
0.109499
0.0533116
0.0514012
0.098336
0.0321615
0.0812192
0.11361
0.0740133
0.122167
0.301731
0.0203587
0.0212107
0.0293006
0.13092
0.0331076
0.112699
0.024652
0.0721055
0.0614614
0.0795144
0.0194967
0.0484365
0.0531951
0.124566
0.061928
0.111504
0.04842
0.0644315
0.167413
0.0993284
0.257825
0.051198
0.0179182
0.0699
0.103169
0.0235606
0.207849
0.0472024
0.02453
0.0117566
0.0228174
0.0500231
0.105058
0.0700918
0.0525099
0.0234734
0.0365053
0.0635467
0.0371347
0.126673
0.00876762
0.0417101
0.256739
0.195863
0.37935
0.0629518
0.0850733
0.105603
0.013047
0.0497042
0.0351643
0.112292
0.0875847
0.00900007
0.212625
0.0339356
0.171683
0.0554376
0.186713
0.0267672
0.238667
0.0383804
0.245557
0.00930604
0.0227542
0.0295828
0.0459692
0.0475774
0.0176389
0.0513876
0.0269626
0.0651608
0.0339028
0.0413582
0.0185769
0.0252411
0.0155843
0.0648403
0.0581082
0.0890501
0.0354157
0.168697
0.0398215
0.0179559
0.13543
0.0849608
0.0498123
0.0345516
0.057715
0.0529426
0.0852179
0.0137031
0.13704
0.0629138
0.0916076
0.0646553
0.0273989
0.0829196
0.0729063
0.0249022
0.0567013
0.0264336
0.0318505
0.1639
0.0234992
0.0427666
0.081452
0.023002
0.23182
0.0413222
0.0158356
0.40445
0.0634786
0.105577
0.0331491
0.0367596
0.0324651
0.0334727
0.146945
0.0500483
0.390709
0.118033
0.0252635
0.0922346
0.0268981
0.0087416
0.113187
0.114834
0.0324728
0.0235411
0.0764009
0.0923488
0.0189407
0.0243298
0.0643067
0.090368
0.0308152
0.0109462
0.0403487
0.117094
0.0790382
0.0369814
0.0374065
0.0362631
0.0634176
0.0454475
0.0321865
0.0464991
0.0417762
0.0499793
0.0910136
0.0530599
0.0262739
0.178966
0.015962
0.100155
0.0580146
0.2618
0.0462465
0.0931157
0.0326548
0.154286
0.15125
0.0315508
0.150319
0.0640905
0.0694367
0.186604
0.0162956
0.0841161
0.0348185
0.0644939
0.0718976
0.0657643
0.0660481
0.0391474
0.0048154
0.0207745
0.0416865
0.0347756
0.0379988
0.0366641
0.0776625
0.096808
0.0656466
0.246909
0.0800073
0.00922483
0.232734
0.047355
0.0160899
0.165154
0.0520328
0.186264
0.0132877
0.0577354
0.0614318
0.181325
0.0226854
0.0939585
0.0479646
0.0340928
0.0935916
0.0254135
0.0104913
0.0963159
0.246068
0.0317536
0.19919
0.146029
0.0501017
0.0481248
0.0552334
0.053316
0.043792
0.100688
0.0557986
0.102089
0.216217
0.0484873
0.00986149
0.0514194
0.015173
0.215692
0.0453756
0.0121
0.0924496
0.0796731
0.0875089
0.0422643
0.0265885
0.0472784
0.182607
0.0607257
0.0266366
0.0426238
0.039111
0.0956999
0.0365196
0.0568145
0.107957
0.0148034
0.022239
0.0536152
0.0125716
0.0610518
0.0334147
0.0532617
0.0814963
0.0772969
0.0345103
0.0450336
0.0603553
0.0471271
0.04889
0.0226223
0.038815
0.13547
0.0356145
0.100988
0.0112465
0.01126
0.0185254
0.0202353
0.0876454
0.0186538
0.0316343
0.0464128
0.0770835
0.0870221
0.097764
0.143717
0.0416398
0.0368866
0.0569474
0.0547783
0.0923687
0.0813818
0.138009
0.159033
0.0786244
0.170624
0.0132506
0.0434119
0.0477939
0.118911
0.0406086
0.118053
0.037471
0.03261
0.0885594
0.053446
0.0140077
0.0687464
0.0320211
0.0438184
0.228565
0.0286816
0.0562327
0.0238307
0.109701
0.124678
0.0541527
0.0122515
0.0267734
0.0336531
0.067595
0.168617
0.0604194
0.0190074
0.0380374
0.0868814
0.0318765
0.0257462
0.0350648
0.0384274
0.105008
0.0458127
0.0439078
0.0469305
0.0358744
0.0489257
0.0142408
0.0955636
0.0767354
0.0382115
0.0222914
0.0449061
0.0356571
0.00801324
0.0201782
0.0550864
0.221245
0.0205198
0.0691628
0.0232833
0.0780902
0.0797203
0.0255616
0.0528563
0.0147721
0.10531
0.0165199
0.0464766
0.0219283
0.038229
0.0543998
0.0411372
0.0241624
0.0384421
0.0182331
0.127699
0.158495
0.018362
0.0374423
0.03988
0.067807
0.090366
0.0377689
0.0130843
0.0492377
0.0243565
0.0167886
0.0595507
0.053481
0.0597844
0.219937
0.0554365
0.0613864
0.0349992
0.019763
0.129958
0.0800518
0.0733165
0.0928287
0.173459
0.202319
0.0464927
0.0193453
0.0293717
0.0308789
0.0785912
0.0613541
0.0648499
0.0569631
0.0249785
0.0803634
0.0230696
0.0313217
0.0553036
0.0625695
0.0955716
0.0244146
0.0181389
0.134075
0.0341437
0.120489
0.0320446
0.0516645
0.0578077
0.0346892
0.175962
0.0960968
0.106177
0.0741034
0.0103584
0.101036
0.041864
0.0319894
0.0905804
0.171107
0.0336325
0.0736045
0.0591943
0.10741
0.196556
0.0441127
0.026143
0.165903
0.050243
0.0772677
0.0552093
0.0765458
0.0450737
0.190911
0.0499918
0.0646141
0.0304909
0.0267642
0.205604
0.0186559
0.0564493
0.0327498
0.0300887
0.0131053
0.0209434
0.0379327
0.138466
0.0759703
0.0533606
0.0765214
0.0972677
0.0714757
0.0735747
0.121115
0.0082876
0.078207
0.156892
0.191336
0.0594432
0.0939951
0.0629477
0.115989
0.0418695
0.0316108
0.0309974
0.06847
0.170422
0.277296
0.0408447
0.114302
0.0260268
0.0162687
0.0611495
0.0680247
0.0296915
0.147764
0.139596
0.0388787
0.0292343
0.0114567
0.138725
0.0921542
0.0579211
0.238857
0.0480431
0.0614185
0.0252374
0.0652693
0.0471095
0.0730375
0.0287436
0.293557
0.203404
0.0189353
0.142448
0.014358
0.222756
0.0212251
0.013934
0.0761818
0.211926
0.290287
0.0480984
0.0463033
0.023303
0.0291655
0.0123172
0.0325893
0.0770048
0.203703
0.141071
0.0496092
0.0393145
0.0538086
0.170411
0.0622215
0.0281929
0.0218462
0.0307919
0.0372079
0.126927
0.0836966
0.0709639
0.0520837
0.0259016
0.0533535
0.13577
0.0223474
0.0139887
0.0441942
0.150499
0.0170881
0.0445529
0.0160934
0.100111
0.0143882
0.106788
0.0352659
0.0596855
0.0768558
0.0382892
0.0408937
0.0361326
0.178118
0.0212336
0.0581929
0.0788562
0.0725989
0.0642367
0.0247718
0.0191824
0.0811159
0.0738745
0.079814
0.0236172
0.0248244
0.0256178
0.0164721
0.0226939
0.015585
0.208544
0.0357082
0.0246835
0.093541
0.369096
0.0670682
0.0485757
0.0360598
0.0143084
0.0363896
0.0132727
0.286505
0.280208
0.0549228
0.0326649
0.224296
0.0972399
0.0737431
0.0279399
0.0438171
0.0812842
0.0620865
0.0360451
0.0198695
0.092799
0.066966
0.20344
0.0758775
0.0421566
0.0592507
0.0489437
0.0217999
0.0236088
0.0648534
0.0463265
0.119388
0.110884
0.0151876
0.128205
0.0108039
0.0529022
0.054262
0.062848
0.0633113
0.0487272
0.0144811
0.042184
0.0218302
0.075915
0.0782149
0.0355256
0.0425111
0.0467086
0.112821
0.0293525
0.0905016
0.281551
0.0131932
0.101199
0.227503
0.00936547
0.215329
0.0408032
0.0631763
0.031025
0.0202091
0.129281
0.0395145
0.047267
0.198261
0.0111082
0.0237276
0.0925954
0.0250997
0.0649256
0.0531988
0.079792
0.0490101
0.0306976
0.114914
0.0106154
0.0304577
0.047005
0.0462909
0.0704681
0.0468581
0.114556
0.112236
0.0261292
0.187632
0.0508822
0.10995
0.0204844
0.0809772
0.0493725
0.036117
0.0463486
0.0456327
0.0707321
0.0290351
0.0183717
0.0335186
0.0281384
0.0305531
0.0311774
0.321811
0.0441388
0.128442
0.0666566
0.10402
0.0680316
0.1103
0.101456
0.0675042
0.0441634
0.181856
0.0560095
0.0132686
0.117346
0.0193609
0.0222019
0.0214063
0.117685
0.0259699
0.0452303
0.0656799
0.0472012
0.136204
0.0419839
0.0112576
0.0790031
0.0678161
0.293708
0.026562
0.200079
0.0358008
0.0218934
0.0806209
0.052984
0.0658166
0.0392165
0.0449172
0.10585
0.0299606
0.0470941
0.0131729
0.045586
0.370848
0.0473073
0.0403399
0.0964118
0.1759
0.0199584
0.0198182
0.0860094
0.165988
0.0225873
0.0444171
0.0580106
0.106757
0.034436
0.100211
0.0316759
0.0472596
0.0320545
0.0499405
0.012393
0.0452808
0.152949
0.0474094
0.0805876
0.0198394
0.0198848
0.161149
0.0326483
0.062438
0.0280984
0.118699
0.0629701
0.043466
0.309731
0.0310699
0.0224258
0.0575669
0.0326464
0.0307343
0.0254738
0.0715073
0.0203524
0.0195927
0.0731248
0.0382031
0.0171773
0.0771031
0.0763859
0.0268402
0.0302165
0.0420085
0.290531
0.0191212
0.0669944
0.0356018
0.0178165
0.0416937
0.0733467
0.0817989
0.0385475
0.135185
0.0617556
0.0637115
0.115383
0.0441691
0.0679136
0.0288188
0.0233212
0.0120919
0.0561527
0.0774876
0.0918029
0.0991933
0.0157844
0.0141717
0.0053036
0.0359418
0.0457088
0.0999824
0.0294837
0.0391726
0.15889
0.0340522
0.0163583
0.10197
0.064868
0.18651
0.0210063
0.0509424
0.0732626
0.0262931
0.0798511
0.0184114
0.0534444
0.0691238
0.014246
0.0460358
0.014146
0.074726
0.0593851
0.0210132
0.0195813
0.00968507
0.0605146
0.0944832
0.0350104
0.0845063
0.0324032
0.0599096
0.0456258
0.0186866
0.051856
0.050491
0.0320531
0.132482
0.0409667
0.0585846
0.0363532
0.0109018
0.0235909
0.273383
0.023532
0.0152832
0.0190307
0.0416113
0.0615274
0.0915449
0.11646
0.0312818
0.0564138
0.0480218
0.0662039
0.0125887
0.0430857
0.0812893
0.26878
0.0336677
0.0317817
0.205165
0.0832525
0.0558118
0.152431
0.0446064
0.106129
0.0730134
0.0150234
0.162906
0.0131394
0.104898
0.0309125
0.171962
0.00648184
0.13145
0.0695464
0.106661
0.0898017
0.0264542
0.0245004
0.0904149
0.0822145
0.063185
0.0448986
0.0465499
0.033219
0.0591569
0.126396
0.0707466
0.0178764
0.0634664
0.0642749
0.0682209
0.0375831
0.0331905
0.0152793
0.0128353
0.0602785
0.112553
0.300358
0.0268136
0.0172707
0.0126692
0.0125544
0.0353317
0.0314499
0.115657
0.151585
0.0725789
0.054361
0.0655081
0.0496269
0.0254233
0.0741242
0.0608028
0.0925927
0.0754123
0.133686
0.150091
0.0330539
0.0885781
0.0803078
0.139396
0.0152872
0.0385819
0.288921
0.0571682
0.069083
0.062668
0.0629904
0.0772665
0.0267987
0.31892
0.0191536
0.0420104
0.048713
0.00471253
0.0610074
0.00617971
0.0378542
0.0446923
0.0215197
0.0180101
0.452715
0.0512996
0.0930795
0.0627801
0.0574116
0.0464811
0.049712
0.124805
0.0451706
0.0954895
0.0532382
0.0163662
0.0663293
0.0645763
0.0442325
0.0374807
0.0255931
0.0821028
0.0333271
0.0620873
0.0155006
0.0711213
0.00911663
0.0185896
0.148103
0.0852469
0.0339988
0.0651885
0.060953
0.0387724
0.138715
0.0462737
0.104103
0.0310036
0.139168
0.149191
0.0432624
0.123312
0.157482
0.0697708
0.0279189
0.154335
0.0760278
0.0356572
0.0263397
0.0305277
0.106779
0.0376193
0.0454941
0.0601322
0.042368
0.0596666
0.0537535
0.144459
0.022045
0.0774281
0.0343867
0.0382254
0.0361425
0.0221687
0.0208164
0.0807669
0.0229432
0.0567382
0.0376525
0.0267779
0.0225984
0.0191472
0.0764628
0.0251528
0.0394613
0.0447597
0.0184185
0.0365975
0.0648817
0.0784874
0.186301
0.0376993
0.0257712
0.0371627
0.0378638
0.0787423
0.033784
0.0309312
0.265174
0.0725219
0.0184323
0.038824
0.0440852
0.0664086
0.0343878
0.0581947
0.0779447
0.0514481
0.0508312
0.0752995
0.0370495
0.0620004
0.0178665
0.0444476
0.131804
0.0105058
0.0929977
0.0215062
0.198522
0.0262908
0.0593459
0.0200808
0.238282
0.0667963
0.0450542
0.221533
0.12381
0.0326732
0.0706331
0.0335336
0.0311771
0.0299868
0.032948
0.056708
0.0316816
0.0750909
0.0558051
0.010892
0.063329
0.0594269
0.0439976
0.184307
0.0251755
0.0181797
0.0280017
0.0445029
0.0363554
0.0352725
0.0126807
0.0290396
0.0208433
0.114134
0.0198195
0.0297047
0.0275933
0.0629582
0.0450988
0.443366
0.017044
0.0264814
0.0353753
0.026268
0.08385
0.124009
0.021977
0.0903421
0.0235698
0.0661323
0.109816
0.0603448
0.0232273
0.0798444
0.0287532
0.037748
0.00551235
0.0487152
0.042033
0.114365
0.0159876
0.0735793
0.0172704
0.0439533
0.102007
0.0534034
0.0285829
0.0773085
0.0392925
0.134543
0.126396
0.12395
0.0365752
0.0348563
0.010501
0.144462
0.0358826
0.039239
0.133821
0.159376
0.0265612
0.17676
0.177981
0.0954107
0.0399656
0.0573519
0.0760838
0.103919
0.0805547
0.0222814
0.0368893
0.037192
0.0983768
0.0273092
0.078433
0.02044
0.109849
0.0184724
0.0482891
0.042838
0.0414172
0.0662336
0.0886348
0.049317
0.0258344
0.0443075
0.0154727
0.0885443
0.0755634
0.0165375
0.0454473
0.0601873
0.0583762
0.0307699
0.0297277
0.0339368
0.082211
0.0813823
0.0905149
0.0675761
0.0855936
0.0191354
0.0154676
0.0544323
0.0186944
0.0354391
0.0964648
0.0105312
0.0312364
0.0394039
0.0461254
0.0450756
0.0174571
0.043096
0.0407869
0.0461227
0.128168
0.0224759
0.0387944
0.0559985
0.176403
0.0311594
0.0782176
0.059516
0.0136312
0.0402571
0.0528893
0.0462657
0.0636616
0.0394703
0.272671
0.0854568
0.00665432
0.0358484
0.0744368
0.0650249
0.0150587
0.0451758
0.0252218
0.025422
0.0339159
0.0704657
0.0289911
0.0262296
0.0297812
0.0574788
0.0425861
0.0471204
0.104125
0.0507213
0.0216504
0.125612
0.12005
0.12765
0.0413422
0.0153043
0.012817
0.0422509
0.0427148
0.151527
0.0946108
0.0375833
0.0502799
0.0766445
0.0576545
0.0178816
0.0104683
0.0554328
0.0341425
0.034164
0.0186554
0.156228
0.0512534
0.151782
0.0780379
0.28651
0.041176
0.0395646
0.0199484
0.0246013
0.0303714
0.073356
0.0728524
0.143469
0.0311277
0.0760245
0.0621077
0.0942451
0.0131394
0.0350195
0.0962724
0.0432187
0.0319478
0.0161801
0.0241045
0.0390017
0.0325908
0.0842487
0.0313213
0.0758727
0.0427596
0.0376069
0.0342621
0.0641681
0.0164194
0.0339962
0.0410696
0.0968456
0.223572
0.119994
0.0750431
0.0393381
0.0400926
0.0955388
0.0141326
0.0261277
0.0230061
0.0430259
0.048414
0.0781228
0.0612043
0.05182
0.27702
0.38181
0.0309047
0.109546
0.181101
0.0794241
0.219059
0.0353888
0.0715861
0.0160615
0.0446229
0.0205937
0.473167
0.0967594
0.149888
0.0808809
0.135553
0.111857
0.0289761
0.0177267
0.0831111
0.0651975
0.0368419
0.0836194
0.0276176
0.0977486
0.122203
0.027917
0.0328466
0.03692
0.112454
0.0511782
0.0111845
0.0834019
0.0566299
0.059474
0.0467703
0.0248386
0.019699
0.13912
0.215804
0.028666
0.0999981
0.0533974
0.0622102
0.0323166
0.131381
0.0456767
0.0654744
0.261119
0.0194037
0.00847885
0.0212742
0.0297268
0.0269637
0.0499864
0.0435587
0.0760537
0.21205
0.0416025
0.0296875
0.112536
0.097911
0.0491576
0.0352156
0.0545245
0.0248432
0.0191831
0.159109
0.0283185
0.0871278
0.0237751
0.0413916
0.45188
0.0252389
0.103532
0.242496
0.0432721
0.176443
0.0239936
0.0920707
0.0751186
0.0350255
0.0184798
0.111921
0.112105
0.156395
0.0628093
0.234619
0.0201574
0.054535
0.0469082
0.0486695
0.0252855
0.019905
0.049016
0.0143072
0.0165796
0.0276965
0.0114091
0.0312861
0.0151758
0.0237616
0.0564188
0.0136711
0.0518462
0.0873412
0.0598737
0.0382788
0.0179256
0.0576432
0.0394396
0.0425608
0.0618847
0.0294886
0.0890723
0.0721137
0.053808
0.0964109
0.0552053
0.0870056
0.1028
0.0550587
0.103473
0.0857548
0.0468783
0.0730795
0.0558753
0.198581
0.0677843
0.0581931
0.0268411
0.0542532
0.088905
0.0227254
0.0514012
0.075828
0.0616526
0.0638375
0.0580052
0.0487918
0.0261928
0.079502
0.0657447
0.052523
0.14315
0.075055
0.0670954
0.0270875
0.0176963
0.0743527
0.0325647
0.0407402
0.0407762
0.0742499
0.0382015
0.0427782
0.0617514
0.0301955
0.0452049
0.0538211
0.0918848
0.0965111
0.0840292
0.229951
0.051903
0.0329429
0.181586
0.0369542
0.175979
0.0246077
0.0303117
0.0916823
0.0927819
0.0384688
0.040548
0.033534
0.0644648
0.0315732
0.134056
0.0706422
0.0674732
0.304019
0.103698
0.115968
0.0356966
0.0502915
0.0645758
0.0643486
0.0768737
0.131428
0.0828413
0.138805
0.115479
0.0256767
0.0502223
0.035483
0.0269289
0.068247
0.185942
0.278096
0.0715414
0.0587705
0.055498
0.033549
0.100023
0.0139039
0.0734343
0.0139431
0.06098
0.12593
0.0398067
0.0790187
0.166402
0.0407213
0.0252005
0.0291894
0.0249182
0.111623
0.0537559
0.189448
0.0276894
0.0336721
0.0231929
0.0295308
0.00960305
0.0112125
0.105806
0.0491454
0.0761769
0.0530684
0.0489604
0.0723962
0.0200289
0.0569289
0.022722
0.0323898
0.0340102
0.0279471
0.030462
0.054112
0.0794379
0.0186829
0.0570383
0.059794
0.105484
0.118652
0.0304337
0.0223315
0.0819325
0.0582042
0.149125
0.0328927
0.207805
0.0519287
0.0425728
0.025056
0.0294817
0.0248297
0.114108
0.00926626
0.0341882
0.0309703
0.135837
0.323503
0.0224482
0.0255777
0.0384953
0.0159136
0.130558
0.159914
0.0371092
0.0566185
0.0399629
0.209603
0.046661
0.0587671
0.0798047
0.0288873
0.0629784
0.0579386
0.057172
0.0688306
0.0610418
0.0421077
0.043695
0.065822
0.043505
0.0408024
0.0970508
0.0183808
0.0788251
0.220937
0.0391429
0.0266411
0.0521493
0.0529655
0.00902835
0.0541327
0.309023
0.103028
0.0812154
0.0402052
0.0494029
0.0488432
0.0221736
0.0411059
0.0427481
0.0836818
0.181452
0.045432
0.052293
0.0733203
0
0
0
0
0
0
0
0
0
0
0
0
0
0
0
0
0
0
0
0
0
0
0
0
0
0
0
0
0
0
0
0
777777