2.94901
999999
-0.40997
-0.403609
-0.222063
-0.0745301
0.0704204
0.00646941
0.0501366
0.467999
0.120241
0.0217235
0.468741
-0.0746932
0.273969
-0.22351
-0.146152
0.226394
0.717113
0.141582
0.443663
-0.0954997
-0.0551782
0.338237
-0.330275
0.357017
0.381868
-0.0458696
-0.14804
-0.634064
0.0254699
0.87658
0.00293589
-0.0968506
-0.141701
-0.00335934
-0.407014
0.281423
0.136485
0.230944
0.268654
-0.0154274
0.0650871
0.159057
1.4293
0.165718
0.558521
0.60713
-0.305359
-0.297316
0.316148
0.464647
0.145038
-0.271667
0.180404
0.34953
0.40959
0.174967
-0.0764947
0.183537
0.254259
0.11687
0.308022
0.210954
-0.151095
-0.243631
0.098944
-0.696761
0.285257
0.198695
0.271851
0.0488889
-0.0209996
-0.461364
-0.344726
-0.264049
-0.298908
0.00742481
-0.0707978
0.54385
0.0925821
-0.0516126
-0.104802
-0.326829
0.358238
0.482088
0.0384724
0.317378
-0.013008
0.103387
-0.574194
-0.613824
-0.244196
0.348897
0.349289
-0.427479
0.243091
-0.00567832
0.0654053
0.735536
-0.58431
0.127945
-0.0180833
-0.0973454
-0.285044
0.322093
0.280713
-0.44143
-0.0979549
0.54868
-0.0904916
0.197254
-0.164146
-0.547021
-0.201279
0.516822
-0.266434
0.261326
0.277405
-0.727005
0.222906
-0.214027
-0.44945
0.228221
-0.158683
-0.274788
-0.126981
0.791926
0.410655
-0.0401783
0.748843
-0.174577
-0.165926
-0.737287
1.51943
0.392415
-0.0341067
-0.169632
-0.30116
0.268445
-0.250409
-0.396352
0.745424
-0.0660727
0.22057
0.133305
0.636277
0.423151
0.0072547
0.139149
0.279707
0.0863381
0.484779
0.240513
-0.226949
-0.440697
-0.124176
0.612119
-0.443653
0.312926
0.247306
0.439147
-0.037201
0.0761205
-0.141596
0.412292
-0.0629844
-0.526636
-0.546132
-0.480133
-0.0359845
0.15797
0.402019
0.0962151
-0.869249
0.0239898
-0.790496
0.1929
-0.192344
-0.304065
-0.341582
-0.480639
0.0414173
0.539491
-0.457973
-0.228524
0.16119
0.154578
0.124837
-0.18127
-0.284105
0.285015
0.164746
0.77953
0.537801
-0.391507
0.28895
0.166476
0.0345333
0.180762
0.0570191
0.197519
-0.706031
-0.596402
0.0923551
-0.464444
-0.507171
-0.0841518
-0.0180037
0.0575834
0.145979
-0.650485
-0.182476
0.227176
-0.546678
-0.483587
0.383571
-0.647433
0.449443
0.157683
0.514353
0.0947666
-1.22478
-0.471311
-0.233299
-2.07568
0.125143
0.133724
-0.148773
0.179193
0.164415
0.202547
0.842763
0.338971
0.886472
-0.307168
-0.0407651
-0.688027
-0.0160257
0.180639
-0.171323
-0.822039
-0.507588
-0.394626
0.14413
0.00858947
0.0820981
-0.113776
-0.181267
0.413265
0.599715
0.142733
0.131085
0.405081
-0.0779985
-0.182095
0.227357
0.219781
-0.2786
-0.534732
-0.102952
-0.355187
0.308257
0.236656
0.460624
-0.0326838
-0.107184
0.435533
0.436106
-0.555068
0.33594
-0.61881
-0.0714806
0.00282948
0.292071
0.64059
-0.179479
0.158403
-0.191261
0.559009
-0.432364
0.827213
-0.195895
0.11195
0.0377923
0.212901
-0.425205
-0.0978314
0.188146
-0.559093
-0.0600084
0.30746
-0.201505
0.149348
-0.199277
0.53663
0.466116
0.60909
0.987763
0.236569
1.05254
0.805586
-1.12745
0.413251
-0.17424
0.606281
-0.388532
-0.505185
-0.119462
0.37269
0.589485
-0.315402
0.279534
-0.285868
-0.0568001
-0.167969
-0.0212587
0.310778
0.610378
-0.277659
0.96052
0.00036947
-0.19201
-0.328307
0.477972
-0.251781
-0.346324
0.00775499
-0.536212
-0.553959
0.421871
-0.524237
-0.44492
0.245554
0.151607
0.288173
-0.342325
0.618923
0.269967
-0.16594
0.530313
0.416828
0.290592
-0.0827565
0.392785
0.281398
0.247122
-0.516013
0.20006
-0.01952
-0.821369
0.574497
-0.162859
-0.431805
-0.0353307
0.187159
0.0704553
0.121479
-0.47671
0.411726
-0.814037
-0.158979
-0.775671
-0.215147
-0.103238
0.0351157
0.13533
0.346075
0.797395
-0.078118
-0.491903
0.36369
-0.0606203
-0.540578
0.0719479
-0.280885
0.178051
-0.225959
0.629631
-0.320228
0.208516
-0.0105393
-0.361325
0.211778
0.292637
-0.544049
-0.117009
0.486968
-0.427577
-1.07535
0.286443
0.0390552
-0.03552
-0.305769
-1.071
-0.58369
0.180126
-0.347495
0.201739
-0.882251
-0.0106943
0.227102
0.1274
-0.199633
1.01845
0.246421
-0.55718
0.682
-0.143609
-0.023878
-0.710319
-0.183461
-0.340371
-0.119533
0.879497
0.390159
-0.28423
-0.368262
0.175096
-0.291389
0.123964
-1.50979
-0.425767
0.0437274
-0.00547864
-0.340071
-0.12947
-0.467513
0.228341
-0.0178721
-0.0697189
0.0602262
-0.111092
0.410782
0.192444
0.0543851
-0.0681561
-0.406629
0.285297
0.755486
-0.277011
0.787462
-0.0314473
-0.0601188
-0.0453418
-0.18256
0.615199
0.139706
-0.410288
0.259604
0.456908
-0.382921
0.196186
-0.009379
0.0140883
0.361825
0.125296
0.830119
0.157463
-0.219974
-0.283643
-0.0763725
0.344505
-0.192923
-0.183007
0.334181
0.151063
0.00101403
0.610177
0.388974
0.49532
-0.24481
-0.0719372
-0.085569
-0.0462527
-0.2637
-0.579189
0.109697
0.537359
-0.70611
0.733948
0.144667
0.0894643
0.318605
0.285629
-0.762789
-0.559207
-0.0119289
0.0268221
0.553269
0.957605
0.509008
-0.463239
-0.449581
-0.0522909
-0.293519
0.408584
0.233556
-0.0940164
-0.106871
-1.66955
-0.424274
-0.253484
-0.600731
0.734313
-0.643822
-0.339113
0.259127
1.10129
-0.0206115
0.106025
0.0507923
0.0645447
0.0464684
-0.235965
-0.0133582
0.210472
0.578263
0.0308782
0.32179
0.250572
-0.649942
-0.114476
-0.104814
-0.237119
0.36306
0.246555
-0.0622173
0.87553
-0.563786
-0.244844
0.17204
-0.556979
-0.0703809
-0.0569836
-0.0252268
0.395704
0.129648
0.0609752
-0.417837
-0.855841
0.610824
-0.024253
-0.181666
0.247727
0.357058
-0.318834
-0.102281
0.451181
0.0982751
0.371393
-0.140086
-0.379367
-0.506718
-0.682742
-0.438217
0.0471512
-0.178748
-0.236052
0.417508
0.623129
1.12722
-0.502372
-0.805016
0.231495
0.0740779
-1.3528
0.292831
-0.597178
0.37958
0.511263
0.725936
-0.3666
-0.226058
-0.841986
-0.223064
0.290878
-0.146597
-0.00233281
-0.849022
0.235312
-0.348117
0.174472
-0.154892
0.0712835
1.06768
-0.464602
0.308665
1.43311
0.0188227
-0.15551
0.171512
0.18179
-0.080077
-0.0696789
0.0745878
-0.859053
0.603837
-0.475997
-0.0475524
-0.0590962
0.0292824
-0.188417
-0.154202
-0.0462698
0.619918
1.20096
0.0896773
0.0305096
-0.599139
-0.245279
-0.304321
0.467821
0.193234
0.374173
0.198708
0.070932
0.100474
0.0150147
-0.759897
0.0439177
0.310077
-0.382095
0.295581
0.357436
-0.0309384
-0.333121
0.0140118
0.406349
-0.011817
0.378694
-0.443037
0.00319918
0.118878
0.008212
-0.859028
0.189745
-0.629048
0.223376
0.128488
-0.182895
-0.157007
0.742005
0.370761
0.0920484
-0.477633
0.00010095
-0.0158362
0.783196
-0.214852
-0.153691
-0.652493
0.172328
0.220581
0.155108
-0.165217
-0.909179
0.214098
0.297771
0.130365
-0.602758
0.406478
-0.00636146
-0.217383
-0.0564316
-0.358794
-0.0472638
-0.232077
0.0961122
0.150158
0.310343
0.470093
-0.217157
0.0345024
0.161367
-0.39768
-0.207585
-0.425761
-0.00292232
-0.428087
-1.08483
-0.0330851
0.745853
0.391518
0.0510613
0.00396253
0.0115583
0.232069
-0.485318
0.00646956
-0.282612
0.581099
-0.363092
-0.0833469
0.515654
-0.188725
-0.811975
-0.174602
-0.737244
-0.269074
-0.995781
-0.467801
-0.0826521
-0.563047
-0.0390344
0.384304
0.376673
-0.220201
-0.137086
0.146248
0.175141
-0.422866
-0.256386
-0.0870305
-0.301477
-0.0967566
0.0429882
0.34513
0.124891
-0.1155
0.0333915
-0.691868
-0.350999
0.459337
-0.29344
-0.135657
0.32147
-0.378368
-0.245467
0.688897
-0.229802
1.10715
0.171269
-0.0199712
-0.954512
-0.452459
0.496632
0.158149
-0.620059
-0.302894
-0.187189
0.993986
-0.45399
0.238137
-0.10478
0.152561
-0.437578
0.191816
0.265053
-0.0479503
-0.221159
0.697917
0.663061
-0.312018
1.40549
0.0134857
0.561563
0.0510016
-0.366586
-0.606975
0.564891
-0.175444
-0.782906
0.0226175
0.00249241
0.172157
0.0728045
0.170476
-0.0396649
0.00404706
0.499789
-0.435678
0.178015
-0.208472
0.103708
-1.02399
0.106018
1.02203
-0.0174997
-0.349689
0.533614
0.15186
0.119507
-0.496586
-0.325187
0.558367
-0.195338
-0.252022
0.0911351
0.591256
-0.593134
0.0612095
0.375014
0.0273584
0.28738
0.195882
-0.374043
1.08949
0.0951912
0.0945191
0.595703
-0.279537
-0.665153
-0.197221
0.612927
-0.43668
0.168836
-1.10046
0.331845
0.140996
0.244284
-0.0703128
-0.937158
-0.551097
-0.227767
0.146068
-0.0743236
-0.403997
0.126741
-0.430206
0.683643
-0.0739004
0.169765
-0.0242454
0.626512
0.0629611
0.270052
0.0493262
-0.133467
0.200505
-0.0840279
-0.147172
0.171756
-0.155666
-0.100148
0.154575
0.248767
0.168573
-0.231282
-0.153948
-0.114592
0.0537486
0.227354
-0.107517
0.55141
-1.17085
0.273281
-0.188105
-0.286416
-0.0459449
0.0566917
0.113044
-0.27134
-0.0127012
0.113779
0.566943
-0.306717
0.447931
-0.304176
0.384047
-0.108138
0.344045
0.0227728
0.561758
-0.198338
-0.194745
0.170232
-0.163212
-0.0376206
0.0330579
-0.0580761
-0.776054
-0.148863
0.0821883
0.161274
-0.169691
-0.609484
0.157938
-0.272865
0.0243073
-0.0425963
-0.356697
0.191861
0.39779
-0.499487
0.165152
-0.216767
-0.289688
0.159076
-0.624599
-0.100132
0.372045
-0.30434
1.05127
-0.375878
0.0236451
0.746207
-0.195978
1.21459
0.17551
1.24126
-0.458066
-0.192792
0.549596
-0.0335365
0.233206
-0.206594
0.200823
-0.193265
-0.0973305
-0.0467046
-0.85408
0.31794
0.0403777
0.198015
0.344338
0.00948242
-0.385441
-0.0028181
-0.40193
-0.439897
-0.49955
-0.315699
0.112795
-0.0168686
-0.0188846
0.0535077
0.222836
-1.04844
0.722913
0.00421618
-0.090349
0.726537
-0.0668077
-0.0349134
-0.0925752
0.395534
-0.462479
0.296021
-0.176402
0.0660465
0.279723
-0.0624589
0.220217
0.411605
-0.685423
0.23461
0.617974
-0.151782
-0.209392
0.0970451
0.215739
-0.233623
-1.42883
-0.508009
0.0215707
-0.908911
0.0339652
-1.57254
-0.0382594
-0.424954
-0.0378989
0.964119
0.192946
0.782635
-0.0856311
-0.767152
0.483814
-0.048637
-0.0607115
0.0321964
0.0947551
-0.81994
-0.137605
0.159259
0.101581
-1.00566
-0.747698
0.117525
-0.210823
-0.643009
-0.0801277
0.505675
-0.52009
-0.0669739
0.300804
0.0690752
0.532139
0.466496
-0.203625
0.312937
0.304782
-0.472008
0.103551
-0.269817
0.216958
0.119576
0.54915
0.244435
-0.175856
-0.290851
-0.203459
0.201292
0.101878
0.255768
0.362585
-0.182937
0.255114
0.271457
-0.225831
0.292999
0.409696
0.360647
-0.0570139
0.164147
1.78047
0.0299093
-0.0992648
0.103385
-0.749622
0.0069181
-0.153009
1.40998
-0.254099
-0.366362
-0.278483
-0.00133403
-0.0427953
0.00288171
0.168535
0.0513908
0.156991
-0.275598
0.47457
0.248304
-0.419262
0.9691
-0.388999
0.138933
0.478958
-0.771685
0.148342
-0.615029
-0.01518
0.0987575
-0.853197
-0.0526929
-0.181432
0.268661
-0.213685
-0.00490161
0.370276
0.193071
-0.0399292
0.165238
0.434313
0.17226
-0.589359
-0.0818101
0.219285
-0.0263538
0.0658212
-0.537093
0.721231
0.240678
-0.591011
-0.170789
-0.67831
-0.206431
-0.184316
0.588174
-0.0806405
-0.394811
-0.00311747
0.699939
0.142872
0.130376
0.120566
-0.655318
1.66363
-0.247412
-0.14346
-0.0695629
-0.174443
-0.26818
0.0754951
-0.0865777
0.281835
0.27507
0.0918268
-0.39659
-0.089728
0.109206
0.234456
0.107146
0.331725
0.234326
-0.32439
-0.973215
0.166887
0.196279
0.590261
-0.118486
-0.245557
-0.12359
-0.641861
0.409162
0.260934
-0.00706228
-0.0233212
1.10768
0.182935
-0.0225495
0.117311
-0.252693
0.042355
-0.436325
-0.0466196
-0.813833
-0.658717
-0.0617504
-0.327093
0.281801
0.333158
0.0129623
0.373033
-0.419904
-0.549879
0.204565
0.200358
-0.154199
-0.30764
0.219397
-0.550948
-0.0674641
0.295603
0.687632
1.37348
0.212052
-0.174514
0.435318
-1.37691
-0.285777
0.338032
-0.713179
0.881666
-0.33323
-0.693406
-0.0579373
-0.194289
-0.022479
-0.382989
0.432888
0.20347
-0.1125
-0.0106944
-0.19038
-0.826335
0.260878
-0.0782413
-0.253108
0.261442
-0.364944
-0.0954978
0.208489
-0.26433
0.270659
0.089291
-0.0909101
-0.14065
0.937189
0.150608
0.112137
-0.118202
0.343123
0.0794056
2.00593
-0.0227941
-0.466366
0.226518
0.0916549
0.318338
-0.710861
0.456035
-0.133609
0.400257
0.00374328
0.44241
-0.369275
0.218083
0.264253
-0.0276839
0.122568
0.199921
-0.0645691
0.12601
-0.341632
0.508612
-0.746301
0.0717185
0.314712
-0.323847
-0.263995
-0.262189
-0.149094
-0.0517372
0.374369
-0.624873
-0.220187
0.0101218
-0.0214034
-0.31508
-0.325201
0.236762
0.657484
1.06746
-0.467464
-0.66611
0.511192
1.00782
-0.0561333
0.244109
-0.388782
-0.0743628
0.00979574
-0.204202
0.228095
0.168227
-0.122586
-0.433083
-0.0733761
-0.262465
-0.169645
-0.815654
0.159029
0.279712
-0.167684
0.000367375
-0.467167
0.966526
-0.175752
-0.0558916
0.0149925
0.287166
0.603426
0.754172
0.589432
0.0860975
0.199442
0.177122
0.100307
0.320971
-0.307027
0.0752175
0.0110543
-0.01886
0.155318
-0.457573
0.314413
0.101216
0.145127
0.321947
0.129094
0.215805
-0.403682
0.287216
0.00116862
-0.145671
0.352669
-0.189665
0.65573
0.123588
0.65127
0.302464
-0.0317873
-0.220901
-0.603033
-0.284659
-0.359241
-1.00669
0.102448
-0.385236
0.220293
0.278578
-0.558547
-0.101443
0.00258126
-1.18302
0.235444
-0.321647
0.0986588
-0.011641
-0.119621
0.162212
0.240733
0.217545
-0.160309
0.323819
0.83686
0.0216854
-0.543858
-0.131602
0.732499
0.02135
0.215531
0.235877
0.0470559
0.223227
-0.101454
-0.502741
0.0508777
0.576689
0.15709
0.148832
-0.469407
0.613078
0.16044
-0.0621066
0.0681177
0.17056
-0.42484
0.711108
-0.195348
0.327671
0.660255
0.0370168
-0.436887
-0.119502
0.00227153
-1.28501
0.598717
0.0770119
0.303436
-0.0474153
0.085227
0.106461
0.302091
0.303323
-0.231916
-0.418529
-0.0311887
-0.166833
-0.241908
-0.784735
0.565052
0.220436
0.0404925
-0.0945098
-0.0601633
-0.456023
-0.22189
0.0606255
-0.238653
-0.637142
0.0641001
-0.10042
0.37219
-0.0243436
-0.178436
0.115028
-0.0262299
-0.158144
-0.230559
-0.345969
-0.467854
-0.887405
-0.395037
-0.316288
-0.43553
-0.276817
-0.188705
0.115387
0.386896
-0.137464
-0.211836
-0.3946
0.644736
0.20637
0.326464
-0.27002
-1.53286
-0.00751951
0.284805
-0.0711517
-0.117541
0.399081
0.107766
0.962339
-0.334092
0.309933
-0.101189
1.56145
0.501036
0.632975
0.0899963
1.01693
0.369011
-0.173598
0.351815
-0.478505
0.0886853
0.314064
-0.338463
0.102425
-0.0428624
0.104057
0.0025906
0.561102
0.35815
-0.335561
0.244466
0.265789
0.451242
0.107821
-0.381711
-0.0549441
-0.443456
-0.0480822
0.514911
0.504582
-0.0830971
-0.259828
0.496078
0.12989
-0.232299
-0.475151
-0.322387
0.123977
0.481079
0.330856
-0.0854036
0.232916
0.186482
0.0190159
-0.0150121
0.454382
0.549869
-1.28921
0.0540011
-0.0737957
-0.163867
-0.12652
-0.788316
0.283809
0.270098
0.0583392
0.219962
0.0926232
0.370567
0.0689782
-0.0142069
-0.940808
2.31659
0.435027
0.639006
0.860451
-0.396892
-0.167976
-0.269455
-0.0266506
0.252245
-0.085059
-0.519692
-0.171342
-1.87078
-0.270317
0.199477
0.764844
0.0647236
0.212782
-0.00467276
0.131727
-0.0848255
-0.101265
0.321278
0.206879
-0.263206
0.144606
0.0441164
-0.120671
0.0594541
-0.102361
-0.125536
0.0622056
0.3747
-0.237049
-0.252231
-0.0108474
-0.525893
0.108396
-0.552948
-0.381428
0.144663
0.448729
0.0666817
0.75709
-0.439178
-0.227672
0.266241
0.752088
-0.20895
-0.607906
-0.587711
-0.228601
-0.0601095
0.309265
0.335824
-0.193059
-0.492782
-0.836868
0.225493
-0.367165
-0.317082
0.304517
-0.0800931
0.526834
0.0581495
0.113625
0.672492
0.303882
-0.195568
0.0506561
-0.0757434
-0.216456
-0.134174
0.0915767
-0.457539
-0.466063
0.238104
0.859835
0.112394
0.230076
-0.897062
0.092399
0.348755
-0.184167
0.618929
-0.217383
-0.191706
0.108097
-0.0612271
0.0190003
-0.762189
0.17313
-0.337597
-0.0498278
2.55347
-0.0573877
-0.151483
0.252387
-0.180921
-0.000447757
0.36709
0.145353
-0.175835
-0.102356
0.0066037
-0.242467
-0.370912
0.1035
0.260117
0.00931786
-0.752368
-0.324017
-0.0806299
-0.897169
0.552135
-0.581754
-0.0727032
0.448515
-0.770543
-0.919057
-0.371997
-0.108327
0.273025
0.212444
-0.249714
-0.252052
-0.74719
0.364557
-0.29374
0.532056
0.128989
0.129693
0.630234
0.236075
0.323789
-0.0941805
0.877924
-0.39353
0.0778971
-0.250108
-0.0858561
0.0707996
-0.00870069
0.238225
-0.165399
1.60385
0.536254
0.662941
0.219616
0.199635
-0.166098
0.612982
-0.153925
0.0826052
-0.60762
-0.188801
-0.00412999
0.211341
0.580655
0.228391
-0.0295124
0.525026
-0.131149
0.107837
-0.629241
-0.150718
0.344614
-0.150787
-0.233474
0.275235
-0.390835
-0.399988
-0.167565
-0.406326
-0.131068
0.0136614
-0.433148
-0.0866195
-0.966754
-0.176377
0.0873088
-0.0785966
0.0361068
0.0542841
-0.332242
0.48809
-0.108003
-0.139309
-0.296218
-0.0661168
-0.816327
2.2458
0.33927
-0.0969302
0.252544
0.0213674
-0.0292327
0.366513
-0.158882
0.452366
0.0317824
1.51618
0.0144653
0.296
-0.303798
0.585248
0.0870344
0.023085
-0.662601
-0.480052
-0.0235702
-0.319616
-0.664582
0.0780601
-0.213965
-0.0700448
-0.533242
-0.295683
-0.240446
0.603331
-0.510906
0.213425
0.479315
0.111711
0.254886
-0.132979
0.901176
-0.445391
-0.500758
-0.0389902
-0.126657
-0.133586
0.251808
-0.11844
0.326801
0.727454
0.748955
0.105536
0.313446
0.285901
0.0845411
-0.183404
0.17198
-0.163149
0.0570926
-0.183599
0.104672
-0.16808
0.0231031
-0.113866
-0.104268
0.128119
0.0246999
-0.115726
-0.193223
0.0111041
0.0682237
-0.156079
-0.0685226
-0.156845
-0.0763311
-0.0496129
-0.048363
-0.0107757
0.0357473
-0.0172453
0.127606
0.0530418
0.162334
0.0869917
0.127751
0.184639
888888
0.0468566
0.0139207
0.0729098
0.0211227
0.0302442
0.0317114
0.0492443
0.136198
0.0289728
0.14522
0.0374093
0.033517
0.0882337
0.0370791
0.0156066
0.0413556
0.0540014
0.0121332
0.0447219
0.149776
0.0392189
0.105994
0.124183
0.0428491
0.0551437
0.0125199
0.0537401
0.280748
0.0185742
0.0674593
0.0577628
0.0324553
0.0566596
0.0852203
0.0495214
0.0475169
0.068681
0.00852559
0.0865895
0.0456951
0.058565
0.022346
0.269907
0.0342304
0.0345953
0.0520286
0.0251886
0.0889289
0.0297878
0.0125924
0.0332517
0.0517872
0.0626068
0.0771536
0.0847648
0.0367995
0.0329872
0.0177498
0.0260601
0.0273034
0.132755
0.314126
0.0379537
0.0449136
0.07016
0.04168
0.0317799
0.0137176
0.0551538
0.0832394
0.0541209
0.144403
0.0614725
0.0457038
0.0373833
0.0183101
0.0267866
0.136102
0.0510665
0.0555759
0.0321163
0.0731399
0.0629764
0.0712504
0.017976
0.148267
0.0792326
0.0370168
0.0403034
0.0668171
0.0423059
0.0361651
0.0947508
0.0202985
0.039083
0.0110527
0.055397
0.0406298
0.0317247
0.0732758
0.0363185
0.0627874
0.0805909
0.0607508
0.106046
0.0897829
0.0371655
0.0564872
0.0748945
0.101249
0.0859094
0.165356
0.0283659
0.0305857
0.0521096
0.0474935
0.0441353
0.0374613
0.0294115
0.0869188
0.130401
0.0735266
0.0182998
0.0435126
0.0792631
0.138258
0.125804
0.0929923
0.0385469
0.0431692
0.113661
0.111196
0.196002
0.0592434
0.0285056
0.0559915
0.0620477
0.0335102
0.189881
0.0683716
0.0337632
0.0178618
0.0234279
0.0557788
0.137979
0.106085
0.0620561
0.0551463
0.0437602
0.0723218
0.0396321
0.0876383
0.0132243
0.0346814
0.20159
0.144021
0.275312
0.0241749
0.0467862
0.0713542
0.0163045
0.04782
0.0333089
0.0570767
0.123091
0.00666576
0.165332
0.0303307
0.133151
0.066274
0.133456
0.0382562
0.126583
0.0389466
0.122764
0.0147279
0.0332182
0.0307996
0.10829
0.0566265
0.0128581
0.0551095
0.0194949
0.103284
0.0341745
0.0252611
0.0116492
0.0414121
0.0203856
0.0871815
0.087491
0.0825912
0.0647186
0.235882
0.0510008
0.0185873
0.126165
0.0915769
0.0397231
0.0338054
0.0512353
0.0888617
0.114933
0.0216968
0.10026
0.0478841
0.0949879
0.0826818
0.0528633
0.118443
0.0467961
0.0152371
0.0603806
0.0208956
0.0566266
0.0971459
0.0185991
0.0301731
0.0428534
0.0351178
0.172223
0.0646084
0.0274113
0.509125
0.0542693
0.114411
0.0331521
0.0372535
0.0329781
0.0407261
0.150293
0.0312211
0.314038
0.0617967
0.0179808
0.0465416
0.0275467
0.011283
0.2437
0.165667
0.0461121
0.05417
0.06181
0.0751743
0.021583
0.0451351
0.0395744
0.0706059
0.0439812
0.0185626
0.0270624
0.116513
0.0649985
0.0294112
0.0975514
0.0319028
0.0557545
0.0382483
0.024214
0.0653456
0.0453144
0.0440871
0.069488
0.0369694
0.0304085
0.185278
0.0250052
0.0821647
0.0609062
0.140563
0.0897693
0.0806582
0.0237238
0.137148
0.0783891
0.032881
0.0713613
0.0796819
0.044547
0.167053
0.0142343
0.0716174
0.0557522
0.0590497
0.0705491
0.0415126
0.045708
0.0662715
0.0092617
0.0229051
0.0347883
0.0419032
0.0439719
0.0298652
0.0894669
0.0855525
0.083592
0.172711
0.032448
0.0202578
0.233975
0.0387494
0.0135751
0.138779
0.0464043
0.200495
0.0109327
0.0206171
0.109318
0.120821
0.010329
0.0794968
0.0353098
0.0267924
0.070753
0.0326681
0.0121446
0.0843342
0.157227
0.055
0.180225
0.100051
0.0676675
0.052052
0.0247699
0.0543075
0.0348824
0.0798882
0.0280526
0.0774908
0.314467
0.0502543
0.0171484
0.0705433
0.0345614
0.131361
0.0304525
0.0136964
0.0772976
0.0353605
0.0587834
0.0710717
0.0293481
0.0432552
0.258166
0.0891275
0.0402957
0.0553507
0.088711
0.167467
0.0484645
0.0906068
0.0623814
0.0147734
0.0193735
0.0571224
0.0184653
0.0721868
0.0475114
0.0611753
0.0841442
0.0655802
0.0442644
0.0406568
0.0938185
0.0553212
0.0674192
0.0260942
0.0581714
0.0754533
0.0251572
0.150727
0.0161255
0.0120983
0.0347428
0.0311724
0.116367
0.0219275
0.0469692
0.0394218
0.0600519
0.0417698
0.0586989
0.11278
0.0579553
0.0269526
0.0422283
0.0826812
0.236274
0.128252
0.0830245
0.105432
0.063596
0.293334
0.00792929
0.028129
0.0574798
0.0970324
0.0399864
0.0321721
0.0516059
0.0532877
0.179352
0.0858387
0.00868553
0.0559587
0.0233012
0.0430865
0.341165
0.0321226
0.083192
0.0299771
0.133742
0.0700041
0.0615473
0.0196797
0.0271031
0.0386673
0.0947673
0.270786
0.127475
0.0197374
0.0446818
0.101793
0.0485285
0.0243512
0.0422499
0.0200734
0.0560293
0.0603911
0.0292418
0.0412899
0.0209965
0.0298586
0.0240423
0.0891291
0.0663519
0.0424973
0.0198644
0.0400007
0.028476
0.0125475
0.0329029
0.0317135
0.196866
0.0215438
0.0614433
0.0242192
0.0787311
0.073767
0.0277368
0.0503728
0.0163131
0.0437223
0.0484287
0.102041
0.0315867
0.0519287
0.057794
0.0207061
0.0212069
0.0559273
0.0175187
0.113292
0.0950825
0.0221821
0.0262578
0.0365929
0.0538892
0.0700881
0.065338
0.0119857
0.0409242
0.0370886
0.0301049
0.0785503
0.0698895
0.04076
0.151298
0.0501354
0.0780096
0.0393062
0.0635908
0.0889786
0.0949268
0.107478
0.0881694
0.172321
0.176327
0.0788036
0.0138486
0.0239187
0.0266402
0.0796271
0.0424131
0.0414415
0.0426407
0.0149306
0.117691
0.0227796
0.0307521
0.0259306
0.10573
0.0636521
0.0169667
0.0177595
0.162136
0.0447248
0.132367
0.0365925
0.0741214
0.0284919
0.0420287
0.154023
0.144399
0.0830172
0.100078
0.0109029
0.0843773
0.036544
0.069329
0.0750052
0.155914
0.031601
0.0838966
0.0884065
0.112366
0.124828
0.0407279
0.0225417
0.0616474
0.0439779
0.0739059
0.0972148
0.0820645
0.02596
0.0738297
0.0471452
0.0760481
0.0341205
0.0347476
0.16338
0.0245963
0.0542414
0.029569
0.0694221
0.016841
0.0146086
0.0791529
0.112982
0.0640557
0.0762608
0.0803536
0.0798419
0.0687853
0.0420129
0.0749899
0.015458
0.0933291
0.255229
0.202821
0.036634
0.0708716
0.0360602
0.173767
0.0342113
0.0377095
0.0377742
0.112
0.0706225
0.0904719
0.0505136
0.156932
0.0374218
0.0150394
0.0386005
0.0357974
0.0208942
0.148849
0.19785
0.0371321
0.0452286
0.0305842
0.0711226
0.133705
0.0391438
0.300966
0.0293322
0.0520876
0.0169254
0.0665889
0.0389954
0.0491742
0.021376
0.257527
0.200052
0.0166975
0.259623
0.0229331
0.179163
0.0159188
0.014397
0.0563991
0.142448
0.165822
0.0497654
0.0318677
0.0454223
0.0295304
0.0137566
0.0452235
0.0648321
0.195338
0.113199
0.0480773
0.0723153
0.109673
0.0698509
0.0576963
0.0311355
0.0227175
0.0250589
0.0595483
0.083902
0.0542826
0.050832
0.0607057
0.0210148
0.0622711
0.0888415
0.0342882
0.0231562
0.0129688
0.26016
0.0224091
0.0603594
0.0280608
0.0850142
0.0223299
0.166264
0.0345151
0.0428387
0.0595491
0.0467382
0.0195127
0.019256
0.148636
0.0500137
0.0542283
0.0640133
0.028634
0.0700445
0.0173751
0.0136534
0.131206
0.0605952
0.112433
0.0552347
0.0218298
0.0309732
0.024766
0.0399501
0.0234073
0.158203
0.0458582
0.0270639
0.121863
0.214734
0.0547849
0.030494
0.0570375
0.0147466
0.0519545
0.0230525
0.287607
0.195056
0.0511982
0.0171721
0.24201
0.102338
0.0683811
0.048688
0.0317495
0.087878
0.117723
0.0558693
0.0179851
0.117326
0.124982
0.0782461
0.071406
0.0409427
0.0749173
0.0522894
0.0329002
0.0577039
0.0603359
0.0267484
0.199713
0.0919283
0.0101891
0.0592674
0.0102904
0.0494204
0.0422479
0.0538805
0.0556054
0.0329516
0.0273789
0.0474915
0.0171777
0.0382206
0.101202
0.0399749
0.0638069
0.0282838
0.091818
0.0183193
0.106046
0.256166
0.0343049
0.0477328
0.240784
0.00720127
0.11464
0.0328905
0.0714738
0.0430915
0.015222
0.095654
0.0369293
0.0464657
0.222236
0.0123532
0.035586
0.0630365
0.0461475
0.0486378
0.0605032
0.141866
0.0748419
0.0327724
0.0473254
0.0172004
0.0452389
0.066323
0.0877583
0.0498122
0.0515198
0.101422
0.0743948
0.0143784
0.114544
0.0355114
0.107673
0.0241875
0.0825461
0.0566996
0.0480492
0.0346539
0.0341885
0.0697224
0.0332045
0.0112906
0.0430436
0.0199726
0.0526624
0.0244444
0.143011
0.0302787
0.133221
0.128179
0.097707
0.126033
0.0627556
0.0992006
0.0222852
0.0266721
0.239869
0.0880279
0.0357368
0.101206
0.0284841
0.019008
0.0208912
0.128346
0.0239821
0.0422158
0.0458757
0.0450121
0.102014
0.0162001
0.0202678
0.125275
0.0794474
0.175117
0.0466578
0.0780787
0.0335829
0.0189547
0.0889915
0.0389147
0.0678045
0.0315965
0.0666941
0.148663
0.0218056
0.0411218
0.0159737
0.0340991
0.207806
0.050645
0.0293621
0.0572332
0.134164
0.0340336
0.0541049
0.058135
0.0933432
0.0148946
0.0543264
0.0437078
0.0653006
0.046888
0.176361
0.0442317
0.0282131
0.0219773
0.0725381
0.0126076
0.0774872
0.0670344
0.02437
0.0843348
0.0321466
0.0170764
0.197604
0.0328832
0.0667848
0.0232902
0.114685
0.0316342
0.0458895
0.173277
0.0358756
0.0261526
0.0384977
0.0266384
0.04495
0.0331571
0.0771862
0.0189956
0.0191723
0.108484
0.0334127
0.0203657
0.0993473
0.0524784
0.0347992
0.037004
0.031897
0.169888
0.0105356
0.0791568
0.0401809
0.0344363
0.0471069
0.044094
0.0636804
0.0552675
0.0838904
0.0580611
0.0889192
0.0324176
0.0487583
0.0283292
0.0313839
0.0231221
0.0234491
0.048763
0.0765684
0.123295
0.0820763
0.0147001
0.0144765
0.0102856
0.0343201
0.0769428
0.140021
0.021809
0.0810725
0.135269
0.0320104
0.0176098
0.0639799
0.0535322
0.122429
0.0274193
0.126754
0.0798259
0.0515823
0.0803021
0.0200064
0.0518673
0.0509274
0.017021
0.0517616
0.0263294
0.0773178
0.0768045
0.0106334
0.0326531
0.00947564
0.0498103
0.0979257
0.0252382
0.079067
0.0217672
0.0784113
0.0245977
0.0162109
0.0298043
0.0454172
0.0425548
0.0851528
0.0258282
0.0714204
0.037597
0.0218839
0.0265033
0.201904
0.0353563
0.0129568
0.0254253
0.025851
0.0840213
0.0863942
0.115333
0.0478237
0.0688454
0.0452613
0.0457242
0.0113486
0.0542424
0.0850725
0.122116
0.0508468
0.0533095
0.114104
0.0896425
0.0222708
0.0932103
0.0674315
0.0734701
0.0698015
0.00986193
0.10328
0.0135538
0.229613
0.0258086
0.148616
0.0057747
0.268266
0.0872743
0.0591422
0.091953
0.0273461
0.0137919
0.0672193
0.0867468
0.0540417
0.0372075
0.0387818
0.0264999
0.0472475
0.123082
0.0698105
0.0386551
0.124575
0.0490832
0.0577807
0.0263612
0.0145832
0.01198
0.0105889
0.0731522
0.0800881
0.156237
0.0179899
0.00917634
0.0154066
0.0195398
0.0375612
0.0191854
0.0795926
0.257329
0.113977
0.0863647
0.105371
0.0240339
0.0169572
0.0526072
0.0622974
0.0469715
0.0780689
0.115073
0.0890815
0.0636244
0.0670683
0.0273763
0.22939
0.0139979
0.0558213
0.220673
0.0930575
0.0348272
0.0861516
0.0509817
0.0966515
0.0261414
0.220327
0.00869831
0.0389034
0.0610442
0.0153521
0.061674
0.0083392
0.0769127
0.0293294
0.0307051
0.0295438
0.319269
0.0590837
0.097074
0.107513
0.0416225
0.0393501
0.0841577
0.179554
0.0417467
0.0969349
0.0306214
0.0152939
0.065419
0.147779
0.0331909
0.0373319
0.0231084
0.0466394
0.0334408
0.062738
0.00863293
0.0818931
0.0233211
0.0150915
0.0932662
0.0766592
0.0381965
0.040244
0.0480017
0.0630442
0.144247
0.0593008
0.0546751
0.0350692
0.155625
0.128809
0.0301081
0.0804381
0.198077
0.0630425
0.0296113
0.0682237
0.0484182
0.0199818
0.0219355
0.061395
0.183645
0.0602668
0.0302287
0.0600944
0.0577778
0.0904706
0.0355247
0.0942089
0.0212878
0.116613
0.056565
0.0432738
0.0303145
0.041198
0.0414543
0.0593088
0.02396
0.037011
0.0396934
0.039581
0.0273377
0.0212922
0.0449176
0.0214378
0.0512567
0.048221
0.0164284
0.0413692
0.035668
0.0981739
0.0785012
0.0996634
0.0220297
0.0353848
0.0616343
0.0725636
0.0322492
0.0297889
0.166587
0.110042
0.0302721
0.02788
0.0492828
0.0452009
0.0421781
0.0581819
0.128981
0.0472327
0.0424195
0.0393182
0.0259172
0.0529184
0.0133494
0.0399406
0.136647
0.0144734
0.141507
0.0536292
0.116826
0.0243831
0.0691565
0.0354207
0.174705
0.0760685
0.12203
0.13832
0.128701
0.0308832
0.0639569
0.0288064
0.038542
0.0446504
0.0313208
0.0787945
0.04942
0.0415492
0.0546601
0.0223719
0.0827413
0.047918
0.0496502
0.20909
0.0437063
0.0351125
0.0189534
0.0585181
0.0375192
0.0280823
0.0183474
0.0225192
0.0160176
0.142302
0.0119676
0.0465333
0.0369713
0.0327086
0.0548484
0.255148
0.0173687
0.0299252
0.0310342
0.044264
0.111284
0.148982
0.0201302
0.0337213
0.0241344
0.0689744
0.0859681
0.0831899
0.0259231
0.0783879
0.0275295
0.0502786
0.00894334
0.054751
0.0316834
0.106052
0.0374473
0.05008
0.0100963
0.0553661
0.0966543
0.0754167
0.0385557
0.0456377
0.0338759
0.141755
0.15207
0.140824
0.0302456
0.0274581
0.0142584
0.0560209
0.0286402
0.0516073
0.295991
0.120672
0.0479621
0.178513
0.28204
0.0926127
0.0605432
0.0426974
0.0728133
0.0617186
0.0894979
0.0212657
0.0362718
0.0298137
0.141679
0.0251641
0.0634492
0.0118469
0.129095
0.023803
0.017833
0.0304895
0.0285316
0.0538893
0.112126
0.0418207
0.0424536
0.0419836
0.0174393
0.0603953
0.0827655
0.0167917
0.0388972
0.0492101
0.07757
0.0227752
0.0408682
0.0611294
0.0894696
0.0502125
0.135074
0.0547975
0.0690418
0.0192876
0.0104437
0.0572437
0.0282368
0.0698649
0.121596
0.00755054
0.035598
0.0584226
0.0421316
0.0614985
0.0255524
0.0856893
0.0661287
0.0723919
0.0973161
0.0359378
0.0456283
0.0385448
0.150118
0.027374
0.0684303
0.0294332
0.0274278
0.0495257
0.040782
0.0391174
0.0335594
0.0722145
0.155039
0.0953031
0.0139638
0.0485973
0.0760384
0.0409114
0.0204252
0.0441189
0.0227206
0.0310728
0.039272
0.122177
0.0557177
0.0259063
0.0245307
0.0774596
0.0399529
0.0283788
0.0703652
0.0332281
0.0169454
0.104839
0.0627505
0.122662
0.022374
0.0155872
0.0115144
0.027865
0.0366396
0.158321
0.0258669
0.058695
0.078943
0.0551801
0.0970351
0.00907941
0.00928845
0.0724831
0.0316518
0.0337431
0.0283319
0.0729697
0.114205
0.102173
0.104542
0.154728
0.0310372
0.0257837
0.0339095
0.0318816
0.0249077
0.0525003
0.0337096
0.101701
0.0451365
0.0865331
0.0484205
0.0793677
0.024313
0.0351652
0.064023
0.0378877
0.0236079
0.0150955
0.0215939
0.0340869
0.0338306
0.06975
0.0352995
0.0866803
0.0375072
0.0321744
0.0161329
0.0477261
0.0163618
0.0354479
0.0550465
0.136764
0.114926
0.0642514
0.051093
0.044738
0.0398057
0.0397407
0.0198619
0.0392616
0.0453297
0.0458391
0.045666
0.0918911
0.0488854
0.0467867
0.13323
0.227126
0.0468049
0.070995
0.122504
0.0661248
0.208869
0.0249916
0.0544646
0.00927224
0.0614746
0.0237996
0.406293
0.0822382
0.127068
0.061555
0.123381
0.0831296
0.0269535
0.0323159
0.119825
0.058728
0.0315477
0.0778692
0.0368743
0.128959
0.0611112
0.034183
0.0419573
0.0287453
0.0444228
0.0350901
0.0161351
0.064424
0.040939
0.140343
0.0877176
0.0331889
0.0241549
0.11338
0.21228
0.0243127
0.0907301
0.0305174
0.0803229
0.0784446
0.172366
0.0621977
0.0449839
0.132098
0.0185333
0.0145988
0.0169116
0.0359225
0.0265574
0.0428601
0.0341052
0.0565937
0.109865
0.0677252
0.0276832
0.0613948
0.0915226
0.0270533
0.0294641
0.032528
0.0168403
0.0143661
0.0939622
0.0272773
0.0344311
0.0248581
0.0283792
0.483543
0.0370004
0.0796666
0.234346
0.0605447
0.186507
0.0402625
0.0697877
0.080427
0.0203993
0.0191364
0.107717
0.0894117
0.0902725
0.0398348
0.161049
0.0178729
0.0573653
0.0950921
0.043254
0.023952
0.0292252
0.0514656
0.0178901
0.0167183
0.0461864
0.0161285
0.0360951
0.0105405
0.0281959
0.0433449
0.0172233
0.0683384
0.136375
0.0719225
0.0344288
0.0237095
0.049122
0.0789451
0.0568178
0.0854542
0.0120933
0.0856277
0.090854
0.076789
0.0658398
0.0984904
0.0581635
0.0515257
0.0384409
0.0986785
0.0795691
0.0718808
0.149143
0.0764548
0.149153
0.0333475
0.143642
0.0405446
0.0318862
0.11326
0.032905
0.0510454
0.0706066
0.042447
0.0726725
0.0813156
0.0482474
0.0238189
0.125632
0.024474
0.0581601
0.0804057
0.0665642
0.0585
0.0404347
0.0146944
0.196904
0.0340145
0.0569092
0.0705779
0.0397552
0.0597592
0.0633147
0.0717378
0.0236821
0.0487744
0.0465153
0.186509
0.0878522
0.0708374
0.234715
0.0294537
0.0189116
0.212453
0.0266576
0.113483
0.0205433
0.0225839
0.104235
0.0646196
0.0291967
0.0524005
0.0647711
0.0440226
0.055602
0.267617
0.0688824
0.0472981
0.191027
0.102701
0.153506
0.0523859
0.0485394
0.0658727
0.0499974
0.0600846
0.0860223
0.0957527
0.10569
0.0769471
0.0626257
0.0669984
0.0522021
0.0388552
0.0441749
0.282788
0.108184
0.0661284
0.0546132
0.0465029
0.0521899
0.116883
0.0187207
0.105015
0.0114186
0.075499
0.047702
0.0245632
0.0768507
0.12095
0.05212
0.0354071
0.0320486
0.0351615
0.179383
0.06433
0.22307
0.0284057
0.0280237
0.047889
0.0523551
0.0162626
0.00463332
0.122253
0.0831796
0.0579643
0.0673068
0.0606562
0.0945068
0.0303201
0.0675384
0.0285098
0.0252387
0.0339357
0.0336356
0.0429675
0.0410855
0.0797205
0.0362406
0.0606696
0.0606122
0.116683
0.0759588
0.0460924
0.0385034
0.0919799
0.0528409
0.137779
0.0383985
0.0962333
0.0367089
0.0275492
0.0200388
0.0399138
0.0748193
0.0769933
0.00626874
0.0397358
0.0237567
0.0856048
0.380708
0.017861
0.0155753
0.0289125
0.0109007
0.127433
0.164096
0.082091
0.0595721
0.0252183
0.234839
0.0993826
0.0352386
0.0850037
0.0277196
0.0631448
0.0377364
0.0790791
0.0584972
0.0772987
0.0259794
0.117554
0.0640641
0.0348544
0.031009
0.0902869
0.0187724
0.146996
0.185005
0.0386779
0.0386095
0.0320028
0.0516843
0.00691744
0.0439988
0.165584
0.102203
0.119222
0.0539117
0.0427078
0.0332838
0.0321231
0.0370622
0.0469504
0.1528
0.20794
0.0226234
0.0979138
0.0693445
0
0
0
0
0
0
0
0
0
0
0
0
0
0
0
0
0
0
0
0
0
0
0
0
0
0
0
0
0
0
0
0
777777