3.06853
999999
-0.348811
-0.330319
0.19029
-0.0314403
0.0987385
-0.0372312
-0.148856
0.24705
-0.0735046
-0.626451
0.264224
0.0873522
0.524215
-0.188825
-0.16283
0.459609
0.612786
0.161197
0.46535
0.17305
0.19634
0.341734
0.265618
0.532784
0.550901
-0.194965
-0.170024
-0.282785
0.0859126
0.571468
0.217318
-0.109763
0.0329766
-0.0381441
-0.287428
0.30711
0.472926
0.264701
-0.101182
-0.186713
0.39988
-0.100432
1.83539
0.149685
0.322882
0.283228
-0.325992
-0.052387
0.281407
0.445036
0.123863
-0.2947
0.181066
0.383325
0.625697
0.333901
-0.163126
0.202241
0.168544
0.0556527
-0.0541556
-0.658674
0.253428
-0.384819
-0.0777015
-0.454537
0.201522
0.152607
0.00507112
0.105399
-0.120193
-0.396242
-0.0229748
0.0544777
-0.337429
0.123161
-0.158702
0.93203
0.0393102
-0.115553
0.32643
-0.0763434
0.539793
0.609625
0.0633631
0.484026
-0.104461
0.0756845
-0.536356
-0.710487
-0.344821
0.221982
0.465256
-0.484234
0.159368
-0.0446428
0.281147
0.758999
-0.495009
-0.0116207
-0.203902
-0.160606
-0.451697
0.406598
-0.146966
-0.0797781
-0.292155
0.631431
0.351278
-0.481668
0.480048
0.237225
-0.178326
0.59839
-0.0333999
0.49962
0.105441
-0.529152
0.217023
-0.015832
-0.109568
-0.0714224
-0.0676954
-0.337819
0.0862944
0.999092
0.127353
0.304774
0.733113
-0.0562176
1.57109
-0.207097
0.87091
0.20982
0.0353075
0.283434
-0.387854
0.251584
0.425356
-0.337782
0.497876
-0.0840002
0.265764
-0.0201127
0.158762
0.397689
0.0729717
0.342025
0.226481
0.286657
0.398093
0.0657191
-0.216846
-0.431446
-0.00288246
0.291841
-0.327484
-0.0615601
0.0652248
0.332987
-0.0255188
-0.0218287
-0.00712507
0.139089
0.235613
-0.440433
-0.843609
-0.686303
-0.169475
-0.0691596
0.492431
-0.228495
-0.943712
0.0733107
-0.188349
0.214378
-0.0860947
-0.349149
-0.674773
-0.266887
0.0229014
0.332304
-0.265372
0.0458002
0.13066
0.0919113
0.303696
-0.370383
-0.332706
-0.233768
0.270011
0.58779
0.345762
-0.139806
0.223386
0.213242
0.10121
0.3348
0.187139
0.203339
-0.551721
-0.29687
0.0594316
-0.367892
-0.17977
-0.208556
-1.0044
-0.307629
-0.00975378
-0.884194
0.021338
0.160133
-0.526231
-0.42854
0.112348
-0.733756
0.333462
0.0587444
0.674856
0.0208966
-2.48997
-0.382047
-0.163897
-0.0551345
0.529357
-0.509338
-0.144172
0.266143
0.0719277
0.413359
0.450274
0.408873
1.10048
-0.309034
-0.174141
-0.595701
-0.0112706
0.18199
1.05628
-0.0278893
-0.512033
-0.427947
0.0521377
0.310556
0.0713116
-0.318909
-0.197917
0.531887
0.67584
0.11646
0.113347
0.422997
0.323302
-0.364626
0.397301
-0.0820405
-0.507918
-0.420566
-0.309513
-0.145534
0.0485777
-0.113075
0.491138
0.185992
0.0154123
0.157369
0.510056
-0.287951
0.388956
-0.252979
-0.0712065
-0.183259
0.364692
-0.113369
0.156785
0.400751
-0.0797391
0.215763
-0.54805
0.817532
-0.24042
-0.210409
-0.0913589
0.157712
-0.412767
0.0105746
-0.0156499
-0.649856
-0.0539332
0.326925
0.20121
0.641788
-0.36476
0.463151
0.880113
0.65135
0.96126
-0.0323751
0.950739
0.749714
-1.56426
0.472799
-0.146874
0.573379
0.159518
-0.739621
-0.189589
0.132702
0.489917
-0.736824
0.286847
-0.0537836
-0.110598
-0.317936
-0.312941
0.413674
0.498274
-0.00101163
-0.500755
0.0297229
0.412988
0.482333
0.24589
-0.475381
-0.429069
0.091816
-0.320191
-0.589975
0.115486
0.132971
-1.24602
0.467843
0.14338
-0.0956779
-0.340143
0.599961
0.372
-0.203033
0.49031
0.288254
0.198748
-0.00306981
0.46949
0.414922
1.30352
-0.352911
0.262446
0.0223247
-0.381557
0.915452
-0.100859
-0.0211011
-0.549316
0.0522942
0.168324
0.374079
-0.335264
0.143193
-0.948663
0.00342243
-0.963765
-0.131411
-0.303915
-0.449753
0.27204
0.187822
0.887729
-0.0672532
-0.653472
0.538772
0.0219918
-0.665834
0.116657
-0.346715
0.387135
-0.378373
0.113053
-0.331375
0.315654
0.144376
0.12608
0.421257
0.171525
-0.879637
0.0220059
0.586945
-0.456724
-0.439337
-0.343304
0.316851
-0.365986
-0.981758
-1.23899
-1.03699
0.124965
-0.221515
0.135839
-0.581262
0.139
-0.295198
0.0839668
-0.33102
1.60376
0.541684
-0.502007
0.562622
-0.344351
0.243378
-0.657512
-0.170583
-0.214495
-0.0633249
1.12108
1.09841
-0.495712
-0.365652
0.102242
-0.293373
0.0847181
-1.01976
-0.383819
0.0613693
0.0567192
-0.0068378
-0.234374
-0.338299
-0.109512
-0.101989
0.211701
-0.0510008
-0.162289
0.532238
0.270837
-0.0997515
-0.192933
-0.466505
0.551455
0.665182
-0.345402
0.48139
-0.0888261
0.038041
0.0462687
-0.346222
-0.000855741
0.137847
-0.103767
0.266301
0.463177
-0.189953
0.202081
-0.12629
0.0655975
0.616918
0.0255498
0.52744
-0.0132794
-0.195655
-0.457541
-0.067043
0.321207
-0.316575
-0.153459
0.131533
-0.0878455
-0.0540724
0.453778
0.167182
0.654215
0.0691826
0.2688
-0.139549
-0.346055
-0.120444
-0.618544
-0.340198
0.126049
-0.544734
0.46553
-0.0521892
0.0711426
0.523111
0.519041
-1.1009
-0.14704
0.00575141
0.0340453
0.209493
0.904094
0.15609
-0.481272
-0.266234
-0.133317
-0.383882
-0.00659047
0.0150005
-0.0957735
-0.118958
-1.4206
-0.32957
-0.187531
-0.65352
0.694016
-0.565474
-0.264851
0.136296
1.14965
0.149288
0.177526
0.0401064
0.00322139
0.156279
-0.487129
-0.0117258
-0.239946
1.16848
-0.0443507
0.336813
-0.0589817
-0.547827
-0.362267
-0.434585
0.173949
0.447261
-0.019867
-0.469303
0.633176
-0.468416
-0.316267
0.198785
-0.291543
-0.181958
-0.508777
0.236305
0.0563855
0.173242
-0.298608
-0.281709
-0.711266
0.63961
-0.0952781
-0.897663
0.244477
0.270819
-0.261631
-0.341443
0.444105
0.102293
0.0020174
-0.375836
-0.321566
-0.386207
-0.546025
-0.333842
-0.109449
-0.436013
-0.448559
0.512414
0.572978
0.857023
-0.528305
-1.0728
-0.177056
0.208066
-0.834843
0.358624
-0.446423
0.449501
0.318936
0.529428
-1.2307
-0.209638
-0.871513
-0.192323
0.29578
-0.0466827
-0.222195
-0.671334
-0.12023
-0.316158
0.24861
-0.27439
0.119
1.35072
-0.494002
0.196215
1.12807
-0.200892
-0.248974
0.173604
0.360914
-0.077778
-0.17804
-0.00534269
-2.03308
0.657705
-0.408062
0.0214859
-0.0836929
0.813112
-0.206613
-0.133835
-0.0996843
1.10122
0.732726
0.136661
0.0239649
-0.581767
-0.271671
-0.349142
0.470377
0.079191
-0.217115
0.589387
-0.212671
0.579376
-0.0951146
-1.18125
-0.165046
0.403064
-0.377135
0.259754
0.0817088
-0.00519103
0.13253
0.0410698
0.408161
-0.102306
0.551559
-0.872181
0.0400562
0.109591
0.0727116
-1.87182
0.0754569
-0.2595
0.180362
-0.0240773
-0.371889
0.419437
0.6828
0.00550645
0.238048
-0.364718
0.0852301
0.110393
0.4435
-0.0903308
-0.0717119
-0.500092
0.267172
0.294442
0.0982513
-0.178388
-1.10664
0.196818
-0.829277
-0.0200391
-0.586833
0.376787
-0.014082
-0.300377
0.0158518
-0.667604
0.238092
-0.190604
-0.378851
1.00523
0.116038
0.439655
-0.308311
-0.0274576
0.360062
-0.413849
0.518282
0.145312
0.0873666
-0.361452
-0.807772
-0.357927
0.268721
-0.0942558
-0.219416
0.104883
-0.447475
0.526063
-0.467724
0.160682
-0.270832
0.977408
-0.312635
-0.146292
0.271903
-0.340374
-0.870904
-0.204874
-0.57163
-0.444557
-0.528051
-0.21329
-0.115532
-0.094893
0.00866655
0.0432582
0.260791
0.00391519
0.106644
0.187835
0.225955
-0.49628
-0.206626
0.31557
0.118823
-0.202192
0.145321
0.155244
0.592783
-0.0464121
-0.267954
0.406192
-0.277376
0.481027
-0.639388
-0.152144
0.115413
-0.194492
-0.178484
0.618706
-0.294221
1.41316
0.0907098
0.0648949
-0.763464
-0.455284
0.392217
-0.0973827
-0.501189
-0.271929
-0.210043
0.224839
-0.282147
0.247678
-0.0106187
0.195621
-0.625846
0.336867
0.501755
-0.268592
-0.0436755
0.00797407
0.967558
-0.283928
1.42185
0.0302436
0.602831
0.13893
-0.429843
-0.339586
0.15599
-0.192839
-0.774788
-0.39599
-0.0123007
0.122432
-0.0073708
0.0344957
-0.0653154
0.0962963
-0.83557
-0.54697
0.741311
-0.373271
-0.0999197
0.165693
-0.177711
1.18575
0.195297
-0.251166
1.02022
0.359118
0.270437
-0.206821
-0.420433
0.549369
-0.224356
-0.16381
-0.0697757
0.693521
-0.740023
0.165926
0.36871
-0.104287
0.295842
-0.23917
-0.637756
-0.0142517
0.0675509
-0.633955
0.537435
-0.278659
-0.211421
-0.37763
1.16432
-0.384655
0.117386
-0.714596
0.432703
-0.194739
0.271401
0.0588719
-2.10296
-0.770944
-0.0694955
0.411839
1.00961
-0.472398
-0.00262971
-0.322945
0.36932
-0.0144648
-0.0961009
-0.123132
0.944202
0.0735394
0.600892
-0.0843459
-0.259
0.105984
-0.207497
-0.113337
0.00707303
0.46584
-0.21036
-0.164178
0.420358
0.298788
0.788051
-0.175407
-0.273059
0.0665357
0.844119
-0.213376
0.627711
-1.657
0.288294
-0.374601
-0.20731
0.0110164
-0.0662513
-0.0112813
-0.501571
-0.0231358
0.183983
0.256571
-0.0469738
0.482072
-0.324935
0.00101129
0.0388471
0.133469
0.0301551
0.584126
-0.282882
0.0537881
0.478527
-0.0219902
0.0288022
-0.114072
-0.347619
-0.730396
0.171781
-0.12021
0.569597
0.0382762
-0.615378
0.220927
-0.247434
0.11195
-0.0619898
-0.248814
0.636393
0.0843734
-0.0999709
0.123178
-0.249937
-0.320535
0.221108
-0.737596
-0.221693
0.374565
-0.43523
1.06446
-0.377167
0.094005
0.900095
-0.098315
0.807824
0.145935
0.640498
-0.463684
-0.413753
0.103946
-0.00948061
0.317035
-0.328734
0.247095
-0.286892
-0.0655409
0.116274
-0.467321
0.176759
0.0268873
0.178247
-0.00154377
0.0859652
-0.455305
0.509628
-0.294531
-0.582539
-0.667974
-0.368452
0.1786
-0.209304
0.0903382
0.112647
0.153157
-0.7588
0.642346
-0.0262159
-0.120904
0.874845
-0.176659
-0.00159275
-0.069821
0.372794
0.290954
1.02709
-0.0028268
0.108177
0.401352
-0.0773208
0.0819492
0.40799
-0.532686
0.274802
0.052447
-0.0899216
-0.39451
-0.10145
-0.363941
-0.0939058
-1.45524
-0.407553
-0.335604
-0.855848
0.0209413
-1.02586
0.00668533
-0.983944
-0.335659
1.46772
0.166436
0.889163
0.135328
-0.403802
-0.0382999
-0.0555401
-0.0635116
0.3276
-0.197759
-0.369831
0.184736
0.436421
0.248505
-1.10533
-0.200828
-0.129635
-0.366143
-0.182251
-0.0619838
0.182645
-0.508479
-0.103639
0.292118
0.0138485
0.679856
0.842404
-0.0763588
0.311723
0.262486
-0.473578
0.0754214
-0.221589
0.363181
0.667462
-0.841919
0.926297
-0.147927
0.0817795
-0.21265
0.252543
-0.0520275
0.688687
0.0537977
-0.282464
-0.326107
0.71003
-0.559746
-0.110814
0.554816
0.108836
0.0340572
0.0275148
1.40104
-0.173119
-0.174667
0.43791
-0.873252
-0.0428777
-0.115958
1.90912
-0.259657
-0.336888
0.0852225
0.0403392
-0.141758
-0.00279959
0.114885
-0.101304
0.150153
-0.248418
-3.04796
0.0699709
-0.6691
0.346486
-0.329755
-0.0213427
0.295159
-0.36661
-0.0173865
-0.206121
0.0961426
0.138566
-0.897153
-0.45062
-0.233114
0.454146
-0.341947
-0.455228
0.443779
0.209176
0.00352046
0.148167
0.312408
0.147189
-0.457095
-0.473776
0.3306
0.106963
0.016451
-0.361163
0.700637
0.0852497
-0.582877
-0.0784624
-0.0167102
-0.653634
-0.342758
0.51959
0.558383
-0.270892
-0.0716932
0.0271337
0.392532
0.0436051
0.0843342
-0.536944
1.42007
-0.277296
-0.521624
-0.388391
-0.171527
-0.06535
0.064002
0.318424
0.334844
-0.19797
0.274948
-0.508064
-0.170741
-0.0451142
0.301415
-0.136226
0.383257
0.238897
-0.250163
-0.962693
0.156043
0.100082
0.606524
-0.315062
-0.556254
-0.0461825
-0.724213
0.29597
-0.202957
0.743254
0.255833
1.07075
0.123862
-0.159086
0.125396
0.267471
0.0627778
-0.533357
-0.928496
-0.841639
-0.571597
-0.043139
-0.360594
0.199892
0.17472
-0.0428316
0.348563
-0.397383
-0.472053
0.179141
0.129399
-0.250654
-0.327539
0.429358
-0.464913
-0.0892727
0.163699
0.605935
1.93919
0.0140635
0.114872
0.508488
-0.301631
-0.552162
-0.0330708
-0.932947
1.16037
-0.289863
-0.638344
0.0784042
-0.242574
-0.0705341
-0.372082
0.500406
0.0467475
-0.0933055
-0.0613861
-0.172421
-0.919093
0.500737
-0.0957335
-0.304061
0.0900875
-0.221121
-0.0355448
0.0932788
-0.351611
0.238707
0.0482518
-0.0671612
-0.0410124
0.725594
0.123115
0.103405
-0.243871
0.139099
0.11286
1.55521
-0.146171
-0.372584
0.187195
-0.206761
0.648761
-0.733443
0.450097
-0.0910623
0.391611
0.720265
0.305671
-0.248463
0.261213
0.246612
-0.070629
0.166918
0.229489
-0.226523
0.185627
0.165069
0.563543
-0.629462
0.0436092
-0.109244
-0.501161
-0.34506
-0.0998425
-0.28584
-0.0892432
0.554474
-0.943178
-0.0750004
0.0364777
-0.0520568
-0.333444
-0.182858
0.292348
0.580402
1.74832
-1.19391
-0.72999
-0.312908
0.85955
0.461685
0.513804
-0.404056
-0.255032
-0.0546159
-0.0778986
0.373007
0.17244
-0.118833
-0.261918
0.0283728
-0.894214
-0.206726
-0.143478
0.20147
0.332648
-0.26423
0.110219
-0.576842
0.993345
-0.204603
0.264934
0.355075
0.311122
0.733817
0.401223
0.618678
0.194188
0.0982523
0.541196
0.0132461
0.245887
-0.155773
0.339377
0.44802
-0.439955
-0.396001
-0.470746
0.27221
0.209264
0.331879
0.521589
-0.0387976
0.0811239
-0.42871
0.33028
0.292951
-0.174823
0.306795
-0.266729
0.760155
0.0725969
0.492678
-0.324267
-0.0651412
-0.268661
-0.619058
-0.4554
-0.566452
-0.847127
-0.036393
-0.393337
-0.0246046
0.472146
-0.447963
-0.34019
-0.216514
-0.854909
-0.150027
-0.298325
0.141037
0.229597
-0.0836556
0.151429
0.594386
0.412439
-0.0598645
0.300536
0.499297
0.235381
-0.577957
-0.076586
0.644282
0.110377
0.478379
-0.120112
0.176392
0.131814
-0.469995
-0.514124
0.318432
0.23119
0.153205
0.0410231
-0.693575
0.356999
-0.716954
0.162623
-0.126967
0.0834438
-0.143623
0.987152
-0.181392
0.375942
0.317138
-0.0843185
-0.307674
-0.118537
0.0151087
-1.82375
0.870597
-0.158389
0.933319
-0.0648024
0.157903
0.210986
0.0987761
0.267183
-0.369142
-0.107842
-0.775245
-0.0166881
0.4195
-0.360636
0.220664
0.238464
-0.0156732
-0.00616497
0.0198064
-0.452896
-0.212973
0.0529118
-0.348316
-0.723179
0.172608
-0.104892
0.276881
-0.0173333
-0.0350443
0.165897
0.0388585
-0.170096
-0.274861
-0.284273
-0.554284
-0.0811938
-0.321152
-0.351126
-0.605425
-0.287116
0.00914541
0.0895546
0.335487
-0.0346507
-0.268734
-0.49376
0.586806
0.184275
0.119476
-1.53697
-3.36444
-0.0382216
-0.169308
0.0436735
-0.142328
-0.387392
0.00079915
1.02413
-0.264822
0.216208
-0.0493074
2.39372
0.293829
0.494606
-0.0686721
0.713037
0.331168
-0.238342
0.540534
0.217243
-0.10631
0.344014
-0.346743
-0.0707063
-0.538917
-0.439163
0.303109
0.756642
0.501105
-0.200065
0.258218
0.297813
0.134565
0.0388275
-0.0268538
0.213981
-0.538647
-0.0878236
0.617832
-0.652385
0.0613595
-1.31158
0.340437
0.278053
-0.19136
-1.20508
-0.18431
0.25791
0.154375
0.402376
-0.133831
0.158433
0.207143
-0.100834
0.19926
0.479279
0.53853
0.199195
0.0214713
0.00674093
-0.392161
-0.0338262
-0.678807
0.372202
0.20676
0.104603
0.201412
0.799469
0.424043
0.0897912
0.0581746
-0.891863
2.48631
0.442634
0.233053
2.57294
-0.157245
0.031717
-0.405629
-0.171869
0.648149
-0.161161
-0.469654
-0.153963
-1.74443
-0.0106643
0.0736609
-0.143702
0.272418
0.42463
0.0523784
0.17349
-0.197205
-0.102996
0.635837
0.185182
-0.306264
0.173608
0.0175413
-0.334501
0.171515
-0.0018042
-0.159951
-0.0151047
0.571514
0.370104
-0.0441404
0.0695831
-0.569298
0.327641
-0.482259
-0.220893
-0.0592521
0.529886
0.127637
1.05337
-0.305905
0.272191
0.56071
0.743172
-0.293768
-0.86597
0.233873
-0.202836
0.339953
0.521685
0.292593
-1.35582
-0.479546
-0.974265
0.207991
-0.27336
-0.133517
0.611121
-0.179176
0.412025
-0.0977562
0.0354092
1.0408
0.308982
-0.0346008
0.00882775
-0.0713998
-0.629762
-0.0908308
0.46532
-0.192023
-0.326948
0.296139
-0.0272125
0.297934
0.476268
-0.595193
0.314391
0.246563
0.00178039
0.276917
-0.0824902
0.0162447
0.0146676
0.113536
-0.502686
-1.01766
-2.77147
-0.337409
0.000105232
1.64791
-0.0392199
-0.00711379
0.108461
-0.0702759
0.358873
0.326205
0.0539447
0.000283615
0.159017
0.234902
0.060836
-1.01128
0.0607123
0.142115
0.134065
-1.27699
-0.281177
0.0272513
-0.644299
0.360714
-0.654083
0.370351
0.589158
-0.422323
-0.567439
-0.595914
-0.0963542
0.318781
-0.210271
-0.26109
0.0287647
-1.5156
0.509339
-0.449456
0.218422
-0.105936
-0.199073
0.19558
0.0982564
0.224557
-0.056565
0.859648
0.0157973
-0.0381445
-0.0882545
0.599456
0.114255
-0.0631046
0.0790335
0.168285
1.32583
0.351441
0.205772
0.239522
0.119925
-0.274098
0.676171
-0.140666
0.106476
-0.25438
-0.249249
0.0166755
0.0638912
0.406169
0.18771
-0.0623064
0.725312
-0.146396
0.197652
-0.664155
0.183518
0.350668
-0.231187
0.11167
0.275566
-0.525195
-0.27988
-0.747322
-0.403262
-0.152622
-0.0226691
-0.798137
-0.265284
-1.19272
-0.312881
0.237443
0.436822
0.213785
0.126645
-0.497359
0.260163
0.238783
-0.168743
-0.163046
-0.0498124
-1.08868
2.78973
0.430843
-0.146723
0.254317
-0.0253781
0.71573
-0.5608
-0.18272
0.551887
0.0679947
0.793404
0.0801679
0.0582136
-0.0960842
0.537964
-0.216518
0.0569075
-0.910258
-0.572891
0.197885
-0.289965
-0.221281
0.279569
-0.201945
0.18356
-0.251171
-0.34963
-0.0825317
2.24203
-0.544347
0.123647
0.416068
0.149291
0.256425
-0.232672
-0.242947
-0.498068
-0.559638
-0.0977494
-0.228683
-0.0398683
0.239361
-0.04164
0.378081
0.342162
0.324143
0.096142
0.453221
0.45706
0.0845411
-0.183404
0.17198
-0.163149
0.0570926
-0.183599
0.104672
-0.16808
0.0231031
-0.113866
-0.104268
0.128119
0.0246999
-0.115726
-0.193223
0.0111041
0.0682237
-0.156079
-0.0685226
-0.156845
-0.0763311
-0.0496129
-0.048363
-0.0107757
0.0357473
-0.0172453
0.127606
0.0530418
0.162334
0.0869917
0.127751
0.184639
888888
0.0395802
0.0189774
0.0840781
0.0288091
0.0250513
0.0482525
0.0515616
0.126394
0.0261166
0.0770128
0.0317096
0.0287357
0.090464
0.0172993
0.0108286
0.0667905
0.117395
0.00714514
0.0394373
0.172774
0.0531586
0.173357
0.144421
0.0266781
0.0702692
0.0219931
0.0226143
0.184494
0.0183845
0.0788413
0.0384386
0.0274127
0.050512
0.0625855
0.026389
0.0512093
0.129867
0.00871563
0.0462998
0.0313888
0.0356427
0.0620079
0.216227
0.024023
0.0270762
0.0599365
0.0293057
0.0480042
0.0365673
0.0098405
0.0424129
0.0870057
0.0706151
0.078199
0.0823827
0.0573188
0.0183878
0.01961
0.0265402
0.0400919
0.0964583
0.192715
0.0901174
0.0583378
0.0566154
0.0535424
0.0214717
0.0191518
0.037697
0.189387
0.0457191
0.0681171
0.087483
0.0288341
0.0705344
0.0206914
0.0469405
0.118825
0.043735
0.0393762
0.0491175
0.0600911
0.154294
0.203313
0.0221537
0.0474004
0.0372273
0.0296598
0.0386434
0.080764
0.0232575
0.031193
0.0922994
0.0515572
0.0139825
0.0108872
0.0921661
0.0394915
0.0384311
0.0340507
0.0310268
0.0379054
0.103198
0.0511446
0.0573062
0.0656282
0.0287245
0.0639191
0.136376
0.0478176
0.140969
0.297059
0.024103
0.0165891
0.0293995
0.149754
0.0314074
0.10325
0.0196091
0.0500747
0.0501017
0.0857545
0.0185655
0.0409044
0.051931
0.13779
0.0901181
0.0848915
0.053106
0.0541429
0.143416
0.0904525
0.239118
0.0594502
0.0221749
0.0481769
0.159341
0.0177136
0.20773
0.0671498
0.0181209
0.0162218
0.024943
0.0417392
0.128243
0.0451362
0.0404004
0.0256514
0.0379717
0.0804615
0.0287673
0.126325
0.00956676
0.0342084
0.288007
0.148751
0.376997
0.0641958
0.0892416
0.101835
0.0110317
0.0578705
0.0359975
0.134569
0.109914
0.00730475
0.242541
0.0279691
0.167217
0.0540132
0.161912
0.0267054
0.232308
0.0336245
0.271516
0.00921233
0.0236446
0.0337748
0.0656805
0.0577421
0.0120237
0.0446743
0.0200224
0.0561556
0.0284947
0.0375068
0.0193641
0.023795
0.0155755
0.0584862
0.050199
0.0606725
0.0307404
0.151902
0.0418913
0.0233489
0.129078
0.0807506
0.0398403
0.0260083
0.0679434
0.0398491
0.0640937
0.012551
0.117965
0.0770348
0.0713864
0.066869
0.0222458
0.109719
0.0781622
0.0185542
0.0472735
0.0294609
0.0357358
0.19328
0.0245009
0.0459588
0.073192
0.0191874
0.269734
0.0502714
0.0149318
0.398432
0.0844239
0.0975887
0.0305035
0.0314902
0.0240955
0.0450865
0.146456
0.0462431
0.457791
0.109543
0.0264019
0.108044
0.0220895
0.00902409
0.11849
0.146523
0.0383044
0.0396322
0.0685681
0.133425
0.0187194
0.0213208
0.0516143
0.160084
0.0408935
0.00993815
0.0466237
0.105969
0.0812898
0.0373968
0.0406913
0.0350188
0.0792917
0.045567
0.0341508
0.0528874
0.0442562
0.0527603
0.103193
0.0431261
0.0267894
0.164697
0.0156393
0.111292
0.0561273
0.227999
0.0565995
0.112095
0.0349174
0.148274
0.150796
0.0311846
0.163315
0.0664134
0.0906587
0.209511
0.0117744
0.0963834
0.0308578
0.0518527
0.0719249
0.083572
0.0638083
0.0448339
0.0053334
0.0244746
0.0460885
0.060178
0.042783
0.0368213
0.0582909
0.12875
0.0776785
0.225088
0.0835069
0.0101191
0.244162
0.0581852
0.019883
0.183138
0.0521762
0.216867
0.0149949
0.0627944
0.0754838
0.184365
0.02272
0.0895781
0.0777294
0.0334765
0.135304
0.0239242
0.0092684
0.0777943
0.261601
0.0263515
0.199644
0.133552
0.0487713
0.0507667
0.0569221
0.0435059
0.0409778
0.104535
0.0520488
0.0771324
0.186528
0.0321253
0.01123
0.0440895
0.0162128
0.15984
0.0314203
0.0164462
0.0990659
0.0442779
0.103457
0.0440426
0.0416819
0.0426642
0.168219
0.0670634
0.0343546
0.0652237
0.0330197
0.0903386
0.050921
0.0789352
0.110693
0.0161407
0.0169686
0.0486168
0.0132265
0.0688398
0.0324171
0.0558293
0.0595254
0.0732494
0.037402
0.0485351
0.0482378
0.0381283
0.0370771
0.0259287
0.0475569
0.1252
0.0435723
0.0927273
0.00826361
0.0113394
0.0163199
0.026021
0.0840196
0.0166199
0.0297635
0.0538524
0.0616119
0.096565
0.0776743
0.145671
0.0352246
0.0459689
0.0665939
0.0524896
0.0733076
0.0961132
0.132377
0.150679
0.0821829
0.149304
0.0135034
0.0308121
0.0373303
0.107077
0.0711375
0.0888696
0.044388
0.029228
0.109162
0.0620533
0.0152711
0.0776797
0.0355891
0.0411229
0.16112
0.025307
0.0469416
0.0237913
0.124835
0.167639
0.0649401
0.0201412
0.0226534
0.0415056
0.0668692
0.180297
0.0778889
0.0174079
0.0282261
0.110343
0.0303952
0.0295063
0.0270674
0.0291587
0.0877327
0.0722255
0.0443122
0.0540039
0.0309743
0.0517731
0.0184099
0.0978942
0.0887993
0.0339698
0.0279317
0.0459758
0.0261992
0.00771305
0.022661
0.0565379
0.154262
0.0181878
0.0690918
0.0204657
0.0969664
0.0794519
0.0177649
0.0445668
0.0112844
0.085986
0.0275114
0.0394035
0.0190106
0.0362466
0.0442368
0.0336743
0.0219985
0.0472259
0.0212864
0.152845
0.171324
0.0148774
0.0261167
0.0375925
0.0574867
0.0624601
0.0536063
0.0182968
0.045344
0.0254918
0.0161146
0.0880322
0.0570654
0.0431582
0.266976
0.0765372
0.0659053
0.0266075
0.0228345
0.115635
0.0814615
0.0702378
0.105708
0.128804
0.199441
0.0404624
0.0223991
0.0246003
0.0271581
0.0924018
0.0839943
0.0647735
0.0543507
0.0302103
0.0896288
0.0281997
0.0475487
0.0505089
0.0524923
0.0785783
0.028596
0.0172353
0.147122
0.0407448
0.132585
0.03625
0.0440208
0.0514022
0.0268939
0.208005
0.114671
0.10402
0.110456
0.0101983
0.121539
0.0627351
0.0303516
0.0727453
0.243371
0.0321245
0.0766364
0.0422557
0.0885241
0.225664
0.0497501
0.0387123
0.165651
0.0483018
0.0704956
0.0583888
0.0764
0.0417306
0.202762
0.0449071
0.0726771
0.037871
0.025047
0.19944
0.0201774
0.065135
0.0242338
0.0285707
0.0109174
0.0265676
0.0343036
0.190103
0.075078
0.0588122
0.0776969
0.103402
0.0748702
0.0706512
0.0837428
0.00733897
0.0645279
0.170135
0.179488
0.0564714
0.13812
0.0594806
0.0892621
0.0492988
0.036097
0.0317439
0.077421
0.216404
0.220887
0.0394144
0.110037
0.0378707
0.0116589
0.0552385
0.0613772
0.0362612
0.213212
0.145631
0.0421065
0.0278398
0.0122286
0.0964488
0.104589
0.0634122
0.298278
0.0623764
0.0546709
0.0254293
0.0660694
0.0555083
0.072082
0.0320638
0.275228
0.184929
0.015457
0.111294
0.0131123
0.261236
0.0171086
0.0141705
0.0719211
0.227706
0.307192
0.0695632
0.0408349
0.0248351
0.0249262
0.0097088
0.0257128
0.0718522
0.167125
0.132028
0.0530263
0.0364415
0.0519831
0.178083
0.0710369
0.026877
0.0290226
0.0403291
0.0428543
0.197415
0.0668379
0.0642281
0.0543493
0.0183982
0.0540226
0.108497
0.0203097
0.0166861
0.0305152
0.16332
0.019645
0.0394295
0.0149588
0.0761821
0.013859
0.169862
0.0389154
0.0471489
0.083626
0.0427759
0.0352144
0.0355191
0.137669
0.0247448
0.0792203
0.0916171
0.0691199
0.0582703
0.030284
0.0207304
0.0978344
0.0764524
0.0948641
0.0249348
0.0247963
0.0177702
0.0174741
0.0257376
0.0151447
0.125841
0.0400359
0.0207073
0.104939
0.312716
0.0770889
0.046779
0.0343645
0.0169074
0.0469239
0.012749
0.271092
0.332683
0.0488724
0.026399
0.203905
0.0759075
0.0902842
0.0319127
0.0296363
0.101931
0.0602433
0.0382932
0.0263718
0.0849957
0.0790277
0.194786
0.083017
0.0580537
0.0486514
0.0531564
0.0223978
0.0243368
0.0641395
0.0363008
0.118127
0.113508
0.0147471
0.122633
0.0150473
0.0558686
0.0435281
0.0712042
0.0535336
0.0349264
0.0188425
0.0660316
0.0247389
0.0824354
0.103404
0.0399461
0.0447079
0.0465876
0.105775
0.0298287
0.0952609
0.420718
0.0151189
0.127392
0.228774
0.00633405
0.148806
0.033589
0.0720767
0.0332708
0.0207934
0.130289
0.0468844
0.0496255
0.261903
0.0113538
0.0210673
0.0904011
0.0329115
0.0542155
0.050199
0.0591761
0.0468226
0.025858
0.100465
0.0165098
0.0262893
0.0398766
0.0584279
0.0840631
0.0449077
0.123416
0.112888
0.0281872
0.311995
0.0432754
0.0780077
0.0191335
0.0810267
0.0459579
0.0352571
0.0441121
0.0492894
0.0913288
0.0283993
0.0190762
0.039159
0.0293584
0.0322241
0.0236904
0.429343
0.0476284
0.0901403
0.0642743
0.111447
0.0660771
0.101096
0.0992469
0.0847104
0.057517
0.203171
0.055174
0.0141594
0.111055
0.0213846
0.0233457
0.0198664
0.118884
0.0187564
0.0370977
0.0544871
0.0501135
0.127479
0.0512666
0.00972035
0.0826165
0.0547284
0.305806
0.0362098
0.202641
0.0403748
0.0277798
0.106162
0.0602237
0.0877126
0.0430223
0.0484055
0.109828
0.0384702
0.0514233
0.012181
0.0371615
0.439006
0.0328056
0.0362743
0.0875926
0.173737
0.015298
0.0239966
0.106058
0.142694
0.0197454
0.0445619
0.0368322
0.0989302
0.0315475
0.0801659
0.0338192
0.0342938
0.0315254
0.0559359
0.0150138
0.0461767
0.176808
0.0548383
0.0618354
0.0163576
0.0202243
0.133413
0.034016
0.0882455
0.02272
0.105086
0.0688877
0.0407742
0.272101
0.0296468
0.0195807
0.0519367
0.0254686
0.0382675
0.0292037
0.0801409
0.0229028
0.0230217
0.100263
0.0361597
0.0170388
0.0795104
0.0901683
0.0296672
0.0323575
0.0308918
0.23983
0.0160253
0.0662999
0.0372063
0.0195499
0.0442308
0.0784052
0.0850068
0.0344934
0.179281
0.0589322
0.0610055
0.0977166
0.0503778
0.0674673
0.0353299
0.024986
0.0124956
0.055857
0.0638063
0.0807243
0.0937203
0.0171051
0.0153198
0.00707595
0.0429544
0.0420772
0.114483
0.0279127
0.0369815
0.146571
0.0296383
0.013714
0.0964759
0.0662891
0.230184
0.0240137
0.0531819
0.0913652
0.0338385
0.0799749
0.0240953
0.0433273
0.0619379
0.0239721
0.0394679
0.0162759
0.0826687
0.0634599
0.0237672
0.0169056
0.00714023
0.0706372
0.112971
0.044141
0.0882253
0.0274902
0.0458349
0.0426628
0.0170966
0.0564739
0.06502
0.0332023
0.133633
0.035643
0.0648121
0.053684
0.0107982
0.0287616
0.288763
0.0209127
0.0131841
0.0196246
0.0339573
0.0733079
0.0651869
0.0879163
0.0364859
0.0823702
0.0468612
0.0551809
0.0114719
0.0535016
0.123171
0.261013
0.0457915
0.0358344
0.19736
0.0970184
0.0550079
0.232746
0.0400806
0.0626449
0.0792454
0.0139026
0.203172
0.0101439
0.103788
0.031276
0.125449
0.00647317
0.137136
0.0775341
0.0858595
0.109673
0.0260651
0.024817
0.0895469
0.0875937
0.0604972
0.0461357
0.0503841
0.0369726
0.0562825
0.139668
0.0523445
0.0258694
0.0777077
0.0601018
0.089471
0.033023
0.0313091
0.0145388
0.0109646
0.0610996
0.0950557
0.2071
0.0207864
0.016271
0.0115596
0.0134659
0.0331278
0.030534
0.139918
0.174017
0.0720979
0.0498729
0.0581077
0.0407733
0.0194072
0.087685
0.0714899
0.0597363
0.104
0.136377
0.0859415
0.0312062
0.0828145
0.0653832
0.170913
0.0140433
0.0393992
0.290272
0.0610853
0.0492569
0.0665175
0.05996
0.0834595
0.0218566
0.260052
0.0178543
0.051589
0.049549
0.00712042
0.0549745
0.00560358
0.0359573
0.0460503
0.0171144
0.0186291
0.742044
0.0601659
0.123755
0.0586938
0.0428485
0.0532871
0.0511304
0.126812
0.0495812
0.0937445
0.0337868
0.0172097
0.0652561
0.110532
0.056866
0.0405311
0.0320888
0.0752376
0.0338514
0.0636065
0.0167283
0.0936482
0.0143895
0.0227339
0.1408
0.0771696
0.0301842
0.0577231
0.0507293
0.0305042
0.133756
0.0600234
0.100293
0.028419
0.165959
0.140342
0.0355604
0.163511
0.178109
0.101017
0.0326144
0.127253
0.0841064
0.0437943
0.0241785
0.0405709
0.129924
0.0485552
0.0560817
0.0399315
0.0364685
0.0597314
0.0499365
0.138974
0.0215463
0.0703295
0.0297308
0.0454916
0.0408123
0.0297744
0.0192825
0.0767915
0.0244575
0.0480282
0.0374943
0.0255748
0.0246958
0.0264507
0.063246
0.0202696
0.0398884
0.0474323
0.023068
0.0277638
0.05605
0.0774514
0.182796
0.0418419
0.0258488
0.0274695
0.0463576
0.0723414
0.032259
0.0312969
0.342825
0.0629042
0.0210511
0.0435157
0.0398649
0.102379
0.0256938
0.0434863
0.0868152
0.0582785
0.0618246
0.0953823
0.0361489
0.0591543
0.0156527
0.043826
0.1453
0.00798321
0.087937
0.0314688
0.167063
0.0280999
0.0566883
0.0232658
0.169966
0.0703922
0.0428015
0.19012
0.172936
0.0239913
0.0614394
0.0388315
0.043132
0.0399379
0.0336305
0.0620988
0.0334614
0.0598232
0.0490162
0.00973392
0.0551041
0.0477198
0.0643151
0.136435
0.0279337
0.0219981
0.0308026
0.0431337
0.0454346
0.0271549
0.0143432
0.0257221
0.0247115
0.106069
0.0266374
0.0338002
0.0369753
0.0767284
0.0388017
0.405932
0.0147696
0.02356
0.0331911
0.0253851
0.0809953
0.114182
0.0226838
0.101083
0.0286646
0.0793427
0.0991339
0.0730571
0.0251235
0.0588397
0.0414169
0.027987
0.00751449
0.0434226
0.0448432
0.104616
0.0202543
0.0436907
0.0204573
0.0677838
0.112172
0.0619167
0.0341859
0.0641696
0.0362801
0.117121
0.11331
0.135705
0.0444742
0.0361579
0.0092051
0.127596
0.0294552
0.0358015
0.158114
0.134656
0.0302487
0.157903
0.170172
0.102841
0.0321168
0.0783654
0.0863738
0.0778298
0.0869914
0.0264559
0.0331202
0.0267201
0.122508
0.0219025
0.0740166
0.0191589
0.0869797
0.022231
0.0586494
0.047189
0.0352739
0.0780387
0.0723937
0.0562453
0.0236324
0.0559425
0.0172918
0.102459
0.072411
0.0152733
0.0353582
0.0581298
0.0567141
0.0283678
0.0232575
0.0239287
0.103789
0.075377
0.0892088
0.103747
0.0727668
0.0171954
0.0152382
0.0427865
0.0199918
0.0421815
0.128222
0.0122935
0.0479658
0.0503763
0.0495698
0.0622589
0.0159943
0.0471847
0.0356594
0.0639332
0.115372
0.0363818
0.0500827
0.0340698
0.176433
0.0315385
0.0818895
0.0696697
0.0156948
0.0475792
0.0453931
0.061587
0.0542756
0.0582883
0.212957
0.104311
0.00620237
0.0367437
0.0577587
0.0430246
0.0147954
0.0402954
0.0321985
0.0250676
0.0292427
0.0634506
0.0279046
0.0265541
0.0195276
0.057829
0.0345331
0.0351343
0.107621
0.0460215
0.0181813
0.119644
0.0960325
0.145399
0.0366937
0.0123837
0.0152051
0.0485218
0.0435077
0.175224
0.0697917
0.0347053
0.0547698
0.0934727
0.0598415
0.0158507
0.00800137
0.0568971
0.0354932
0.0456695
0.0172309
0.156561
0.0808586
0.141641
0.0774482
0.205956
0.0511993
0.0324242
0.0197009
0.0194915
0.0303352
0.0835786
0.0717631
0.126592
0.0227292
0.0613375
0.06393
0.0799613
0.0123954
0.0502108
0.0805425
0.0504328
0.0371289
0.0104308
0.0222542
0.0402089
0.0296755
0.0565151
0.040989
0.0717666
0.0518264
0.0286564
0.0339115
0.067635
0.0151771
0.0316861
0.0349394
0.112834
0.219978
0.0785186
0.0784117
0.0365509
0.0460742
0.0720369
0.013796
0.0262321
0.0224905
0.0392735
0.044553
0.0851063
0.0809283
0.0582958
0.271682
0.502979
0.03214
0.108321
0.163811
0.0745523
0.260972
0.0379573
0.0703053
0.0137327
0.0425866
0.020512
0.670255
0.0822358
0.102628
0.0659012
0.11559
0.114212
0.0256787
0.0195339
0.0841471
0.0794974
0.0261071
0.0834133
0.0294119
0.07996
0.120047
0.0242309
0.0379156
0.0427539
0.0991705
0.0560577
0.015434
0.0941217
0.0605358
0.054074
0.0549223
0.0216774
0.0240358
0.136803
0.228725
0.0203169
0.0883357
0.0407406
0.0740985
0.0494456
0.10776
0.0442953
0.059023
0.216632
0.0187697
0.00943184
0.0238032
0.0335933
0.0290289
0.0681509
0.0532782
0.101005
0.208016
0.0479213
0.0306056
0.0936578
0.0789151
0.0440597
0.0304313
0.0640899
0.022006
0.0227206
0.166438
0.0243559
0.0720355
0.0301804
0.0387373
0.41899
0.0237504
0.104144
0.243774
0.0599397
0.179329
0.0289752
0.0617759
0.0607261
0.0484329
0.0209818
0.113008
0.0997674
0.167883
0.0552836
0.201499
0.0159437
0.0438398
0.045265
0.0625749
0.0269674
0.0160618
0.0729027
0.0178154
0.0198279
0.027912
0.0126726
0.0350771
0.0177751
0.016177
0.0482523
0.0133721
0.0541716
0.111215
0.0598861
0.0467388
0.0156941
0.0736549
0.0403707
0.0313552
0.0855507
0.0269483
0.115162
0.0631295
0.058851
0.0991614
0.0694495
0.0863741
0.0944268
0.0630853
0.10072
0.107801
0.071603
0.0973722
0.0549445
0.195191
0.0652746
0.0531816
0.0339542
0.057488
0.13888
0.0209989
0.0485857
0.0696425
0.032893
0.101334
0.0728776
0.0450443
0.0241023
0.0848918
0.0530763
0.0588818
0.178767
0.0869471
0.0771657
0.0233766
0.012856
0.0827894
0.0329484
0.0424662
0.0510905
0.0745238
0.0431282
0.0447135
0.0781068
0.0289068
0.039788
0.0582863
0.117634
0.0637912
0.109247
0.251608
0.0305265
0.0385871
0.155297
0.0432352
0.151851
0.0256479
0.0290197
0.126331
0.0654323
0.0463701
0.0367544
0.0466927
0.0550014
0.0404517
0.135929
0.0774828
0.0684883
0.207642
0.16003
0.0863061
0.029484
0.0340723
0.0582768
0.0584813
0.0803736
0.110712
0.078457
0.139332
0.134187
0.0256894
0.0544065
0.0245762
0.0283063
0.0493277
0.170367
0.248559
0.0838547
0.055251
0.0543983
0.0351373
0.110796
0.0168706
0.0834561
0.0119229
0.0661558
0.114493
0.0389337
0.0986254
0.134318
0.0516243
0.0221577
0.0242427
0.026815
0.127025
0.0555469
0.22158
0.0293041
0.0435291
0.019196
0.0367072
0.00949922
0.00892408
0.11099
0.0518549
0.0772519
0.043252
0.0380983
0.0706228
0.0227397
0.0538689
0.0452352
0.0374551
0.0292849
0.0239363
0.0412227
0.0691238
0.074257
0.0229394
0.0622729
0.0568683
0.0711044
0.125123
0.0320776
0.0203694
0.0568654
0.0560182
0.145424
0.0347599
0.259469
0.0706327
0.0343347
0.0316227
0.0349495
0.0307087
0.100846
0.00916028
0.0265477
0.0285697
0.184632
0.453607
0.0233995
0.0318168
0.0346931
0.0196856
0.100603
0.167647
0.0450476
0.0499455
0.0268458
0.176309
0.0492303
0.0558966
0.0630915
0.0237744
0.0727317
0.0705515
0.0699442
0.0984134
0.0468517
0.0454888
0.0488933
0.0767394
0.0467294
0.0372668
0.100702
0.0166253
0.0728584
0.150336
0.0516089
0.031213
0.0443006
0.0553226
0.00822098
0.0522253
0.314673
0.129706
0.0912223
0.0417101
0.0462649
0.0291838
0.0209044
0.0527669
0.0306303
0.104902
0.237072
0.0403761
0.0441797
0.0568678
0
0
0
0
0
0
0
0
0
0
0
0
0
0
0
0
0
0
0
0
0
0
0
0
0
0
0
0
0
0
0
0
777777