3.01862
999999
-0.392597
-0.328165
0.162959
0.00134395
0.134557
-0.00203535
-0.140202
0.202549
-0.0791381
-0.692039
0.238838
0.0761386
0.631776
-0.210557
-0.163189
0.384408
0.521392
0.155907
0.467525
0.0434581
0.225019
0.458433
0.344943
0.484293
0.486569
-0.169934
-0.131113
0.140059
0.0599887
0.839531
0.22468
-0.122991
-0.0577358
0.0193991
-0.300116
0.256564
0.518516
0.271692
-0.0898955
-0.206091
0.454826
-0.118137
1.69835
0.16196
0.330981
0.284336
-0.335772
0.0120653
0.303058
0.457201
0.159176
-0.220708
0.191996
0.379059
0.744188
0.300964
-0.148541
0.218279
0.15403
-0.0276886
-0.0856158
-0.314464
0.141712
-0.394835
-0.103216
-0.411399
0.172606
0.102846
0.0123485
0.570442
-0.0768826
-0.45804
-0.084049
0.045942
-0.237677
0.114301
-0.115154
0.823915
0.0715198
-0.112669
0.377088
-0.123991
0.766274
0.748158
0.039517
0.482062
-0.123966
0.0518635
-0.550571
-0.725614
-0.327388
0.238927
0.458597
-0.508242
0.15229
-0.0485912
0.273897
0.729332
-0.530648
-0.0453478
-0.221805
-0.215863
-0.364604
0.417137
-0.192801
-0.100092
-0.268876
0.514728
0.294566
-0.435225
0.476126
0.310036
-0.178914
0.618261
-0.00603153
0.578132
0.105506
-0.493595
0.247272
0.0126467
-0.193018
-0.0528403
-0.0513812
-0.373449
0.0756109
1.00031
0.273478
0.309023
0.706584
-0.0574187
1.53564
-0.153957
0.931656
0.137479
0.0287895
0.231083
-0.472026
0.292613
0.796021
-0.404825
0.513008
-0.0757478
0.255261
-0.0554843
0.193957
0.347818
0.0555882
0.34416
0.197552
0.29297
0.403852
-0.289508
-0.208833
-0.410646
0.201516
0.304857
-0.42315
0.00509317
0.143503
0.250378
-0.0141735
-0.0585803
0.0453181
0.159626
0.20779
-0.432388
-0.714466
-0.666251
0.0663326
-0.0211209
0.420853
-0.264449
-0.761655
0.151317
0.381259
0.211348
-0.0850497
-0.380806
-0.609567
-0.208908
0.0429215
0.278344
-0.270856
0.124821
0.120163
0.087058
0.304233
-0.348721
-0.316336
-0.192536
0.270097
0.714074
0.310313
-0.0286478
0.238074
0.183381
0.0644291
0.37536
0.180517
0.226541
-0.568262
-0.276466
0.033826
-0.362089
0.0123336
-0.284135
-1.05881
-0.295165
0.0076298
-0.818999
-0.0467053
0.2143
-0.506399
-0.328864
0.133751
-0.275375
0.371187
0.0893643
0.669906
0.0457142
-2.13127
-0.395282
-0.17314
0.219251
0.538882
-0.616833
-0.154957
0.265183
0.0381701
0.404695
0.335704
0.411436
1.3619
-0.422623
-0.112349
-0.759611
-0.0164794
0.187264
0.904647
0.173092
-0.53238
-0.425482
-0.00936453
0.430078
0.0678847
-0.275205
-0.225289
0.36275
0.703748
0.129522
0.0879869
0.349787
0.371707
-0.415504
0.415119
-0.087562
-0.432806
-0.414565
-0.36271
-0.0222511
0.0726055
-0.114483
0.416348
0.13973
-0.025099
0.162844
0.508172
-0.337106
0.437734
-0.232959
-0.100711
-0.331996
0.380441
-0.43621
0.566364
0.398574
-0.329346
0.197592
-0.617462
0.741915
-0.234291
-0.254673
-0.110283
0.215903
-0.524569
0.0777908
-0.0245542
-0.702127
-0.0635591
0.334795
0.129961
0.639369
-0.23741
0.459874
0.832254
0.797375
0.82393
-0.135955
0.992532
0.763548
-1.80059
0.440027
-0.168848
0.475844
0.174772
-1.09701
-0.174192
0.0258709
0.491406
-0.524667
0.259491
-0.059394
-0.138528
-0.312369
-0.322909
0.4285
0.500325
0.015217
-0.535077
-0.0228187
0.412571
0.384309
0.316901
-0.491286
-0.389893
0.0252572
-0.264094
-0.448597
0.203794
0.121662
-1.48947
0.492164
0.143669
-0.080809
-0.346592
0.651908
0.416977
-0.217656
0.290106
0.350972
0.130729
-0.0912232
0.459586
0.461275
0.930191
-0.412073
0.26318
0.153259
-0.362909
0.954703
-0.056927
0.043812
-0.544578
0.0387924
0.194597
0.33105
-0.338235
0.152345
-0.97162
0.0870984
-0.900962
0.0217806
-0.326278
-0.46781
0.2448
0.265224
0.871529
-0.0571684
-0.683012
0.633564
0.0864546
-0.769784
0.128329
-0.342272
0.365247
-0.359733
0.151968
-0.336965
0.263304
0.215695
0.150262
0.234071
0.157446
-0.822768
0.0354969
0.503856
-0.404385
-0.33078
-0.267522
0.13265
-0.100606
-0.849381
-1.31597
-0.89113
0.127995
-0.222145
0.164539
-0.564447
0.185699
-0.372209
0.0857437
-0.339104
1.66461
0.515106
-0.504388
0.574141
-0.360917
0.224106
-0.466687
-0.177316
-0.286814
-0.0285606
1.11228
0.934229
-0.527623
-0.388336
0.0783777
-0.301294
0.108959
-0.987901
-0.311811
0.0719549
0.0685843
0.000531683
-0.237709
-0.327533
-0.119107
-0.146086
0.400249
-0.119283
-0.224124
0.569591
0.207272
-0.163712
-0.194585
-0.562396
0.465688
0.645037
-0.381088
0.568808
-0.0711368
0.0312287
0.0514395
-0.27058
-0.261038
0.154741
-0.128381
0.284194
0.317668
-0.36106
0.182257
-0.163976
0.0717372
0.538034
0.0520532
0.526907
-0.0271996
-0.151365
-0.544529
-0.118097
0.325052
-0.351701
-0.167415
0.225547
0.0536575
-0.0590315
0.435272
0.160817
0.632389
-0.0140841
0.263296
-0.184258
-0.318379
-0.122486
-0.61056
-0.406075
0.0317674
-0.554849
0.0794863
-0.0556961
0.0629923
0.542686
0.502679
-1.18864
-0.134373
-0.0732548
-0.0279656
0.253764
1.28482
0.0809318
-0.476527
-0.324302
-0.108332
-0.328816
-0.0502533
0.0864409
-0.122991
-0.156343
-1.29709
-0.341073
-0.19486
-0.6536
0.731743
-0.63515
-0.24449
0.133635
1.25723
0.121459
0.0800165
0.0939263
-0.0444388
0.224071
-0.46914
-0.0645351
-0.255451
1.24407
0.0354255
0.340762
0.110681
-0.572512
-0.387951
-0.189145
0.201644
0.508327
-0.186947
-0.463082
0.674166
-0.623614
-0.257493
0.189816
-0.250746
-0.0967969
-0.551723
0.169245
0.142856
0.113551
-0.616202
-0.327809
-0.703569
0.66392
-0.121646
-0.841686
0.236437
0.307553
-0.284041
-0.406437
0.456875
0.0886272
-0.0953764
-0.13719
-0.306457
-0.322146
-0.575906
-0.266993
-0.118651
-0.518972
-0.291743
0.505262
0.635395
0.728794
-0.534508
-1.0515
-0.276614
0.284518
-0.818337
0.439117
-0.401649
0.489029
0.108708
0.372488
-1.67249
-0.206142
-0.908899
-0.255011
0.312322
-0.0878809
-0.371343
-0.621102
-0.0566008
-0.34054
0.262516
-0.296636
0.117673
1.41583
-0.354643
0.216862
0.90062
-0.148248
-0.304087
0.174869
0.222909
-0.0353402
-0.0379703
0.0239406
-1.80176
0.74619
-0.407287
-0.0837125
-0.103741
0.747908
-0.237717
-0.160332
-0.0815633
1.00535
1.03613
0.16994
0.0323614
-0.559288
-0.304546
-0.341486
0.463781
0.10398
-0.364436
0.897564
-0.194355
0.596356
-0.145257
-1.16524
-0.168073
0.397174
-0.415899
0.184158
0.0674851
0.0733431
0.110374
0.177013
0.321448
-0.0931903
0.51745
-0.954768
0.00479687
0.133986
0.0863225
-1.75106
0.077644
-0.281262
0.15287
0.0799821
-0.368915
0.587991
0.742341
-0.0410573
0.225357
-0.321936
0.10741
0.114865
0.362352
-0.0724757
-0.0678943
-0.484692
0.348454
0.332906
0.0781498
-0.185291
-1.07634
0.124579
-0.749477
-0.0164784
-0.584343
0.341597
0.006265
-0.295321
0.0152688
-0.634209
0.206628
-0.190235
-0.352083
0.800297
0.16492
0.41634
-0.340551
-0.0224889
0.353321
-0.39749
0.734299
-0.253669
0.0941219
-0.382222
-0.81526
-0.360624
0.312941
-0.0844444
-0.186373
0.2028
-0.428902
0.462005
-0.486865
-0.0045962
-0.342575
1.11074
-0.349034
-0.167524
0.366498
-0.359567
-0.895635
-0.221483
-0.613811
-0.44163
-0.469986
-0.303294
-0.100483
-0.0718601
-0.0211729
-0.0339103
0.215444
0.0644575
0.0614482
0.14261
0.243376
-0.404688
-0.215832
0.349405
0.0427841
-0.233957
0.185879
0.100705
0.451188
-0.106988
-0.219659
-0.69016
-0.256152
0.586542
-0.512693
-0.147513
0.0357955
-0.18984
-0.196633
0.52448
-0.306193
1.38672
0.12593
0.0667435
-0.355798
-0.436086
0.391712
-0.210078
-0.502116
-0.301317
-0.159895
0.3014
-0.303557
0.215951
-0.0113971
0.194026
-0.623172
0.327159
0.509406
-0.31081
-0.025557
0.113674
1.02846
-0.269355
1.27486
0.0512739
0.633889
0.132418
-0.520319
-0.330425
0.179039
-0.151287
-0.832994
-0.466577
0.0117643
0.144956
0.00630011
0.0456088
-0.062601
0.0307066
-0.604983
-0.633469
0.805178
-0.268542
0.0460927
0.174774
-0.113219
1.32559
0.231476
-0.268896
1.22392
0.420619
0.270698
-0.227473
-0.441992
0.551881
-0.256527
-0.0435846
-0.100038
0.662751
-0.58744
0.209378
0.34724
-0.077504
0.296251
-0.10013
-0.574712
-0.070225
0.121759
-0.9468
0.49492
-0.275812
-0.263716
-0.317947
1.02607
-0.384638
0.156194
-0.668186
0.372691
-0.238242
0.283558
0.0917145
-2.29329
-0.795646
-0.0736266
0.3537
1.29192
-0.464588
-0.00683904
-0.472467
0.357498
-0.0107945
-0.113681
-0.0368723
1.02862
0.0941032
0.611191
-0.0636141
-0.282452
0.0931195
-0.255482
-0.100223
0.0427636
0.482632
-0.213024
-0.199853
0.399268
0.281163
0.967353
-0.21183
-0.222247
0.0938326
0.787184
-0.145379
0.648381
-1.73621
0.309494
-0.388753
-0.124828
0.0144072
-0.0312607
0.0460236
-0.5533
0.0058032
0.17015
0.148489
-0.0919994
0.498292
-0.279388
-0.107117
0.0733276
0.120698
0.0360358
0.0743323
-0.257453
0.0591285
0.503423
-0.0458501
0.151752
-0.137672
-0.452947
-0.749798
-0.0402912
-0.105882
0.492112
0.039349
-0.693566
0.133569
-0.243513
0.113916
-0.0685578
-0.179191
0.570615
0.0561594
-0.0889844
0.134634
-0.237462
-0.321202
0.074604
-0.74514
-0.391233
0.346968
-0.423705
1.16631
-0.364432
0.0949412
0.989231
-0.119838
0.844222
0.148697
0.67743
-0.415284
-0.347424
0.169524
0.0606558
0.356888
-0.299685
0.25578
-0.235595
-0.0675488
0.240114
-0.445531
0.120915
0.0200075
0.189386
-0.0444753
0.00466859
-0.447121
0.329756
-0.292497
-0.595803
-0.665771
-0.356422
0.141035
-0.112574
0.110495
0.123313
0.147937
-0.52812
0.658603
-0.042514
-0.140859
0.611981
-0.173607
0.00962274
-0.0582457
0.377233
0.33386
1.01825
0.180289
0.187167
0.491907
-0.0522346
-0.00705623
0.408566
-0.511834
0.343633
-0.211475
-0.0644637
-0.384617
0.126443
-0.42264
-0.026079
-1.79363
-0.34051
-0.294976
-1.00162
0.030454
-0.956068
0.0270805
-0.903468
-0.336042
1.30925
0.159605
0.923559
0.187724
-0.47145
-0.0861166
-0.032144
-0.0519996
0.307907
-0.00535161
-0.403572
0.247706
0.573599
0.232193
-1.17613
0.081309
-0.207231
-0.367902
-0.281421
-0.060921
0.0915567
-0.567163
-0.11975
0.28793
0.0074408
0.690229
0.831822
0.136209
0.310208
0.271881
-0.485475
0.0877359
-0.201554
0.355998
0.583284
-0.82422
0.877252
-0.134065
0.0590647
-0.284769
0.24647
0.0854722
0.816582
-0.0382717
-0.255244
-0.249183
0.695785
-0.594749
-0.0959159
0.585507
-0.029411
0.0526022
0.00794376
1.25177
-0.0635368
-0.227077
0.336116
-0.829635
-0.126041
-0.103464
1.60022
-0.234555
-0.305562
0.0382875
0.0301683
-0.120244
-0.0112103
0.153729
-0.115316
0.14244
-0.26801
-3.8701
0.0547837
-0.584245
0.345438
-0.278237
0.0727466
0.316767
-0.420571
0.0263023
-0.0789687
0.138796
0.124919
-0.956863
-0.417931
-0.22516
0.379437
-0.369692
-0.496099
0.394525
0.219448
0.0298451
-0.0481538
0.315059
0.150392
-0.553246
-0.449917
0.315353
0.0635398
0.0275795
-0.379637
0.744364
-0.0163107
-0.599135
-0.0617888
0.0354806
-0.769946
-0.290134
0.715374
0.530653
-0.323337
-0.12546
0.0876427
0.388758
-0.0428787
0.101475
-0.54962
1.35458
-0.237385
-0.462707
-0.36501
-0.112698
-0.0973956
-0.00457423
0.296665
0.350717
-0.203967
0.232995
-0.499436
-0.211536
-0.0269925
0.312778
-0.178743
0.362428
0.201519
-0.220825
-0.938492
0.178537
0.103364
0.629215
-0.327967
-0.547041
-0.0799748
-0.725999
0.333425
-0.254049
0.621814
0.300011
1.10848
0.107969
-0.129298
0.120255
0.375182
0.0976504
-0.539253
-0.99415
-0.861124
-0.553446
-0.0344542
-0.393301
0.187416
0.18164
0.00720159
0.351134
-0.438276
-0.52547
0.105174
0.147493
-0.260616
-0.299003
0.395347
-0.383387
-0.0792559
0.135798
0.628198
2.00258
0.0206869
0.15232
0.482649
-0.318826
-0.60209
-0.0366701
-1.03246
0.98089
-0.334662
-0.645016
0.0997484
-0.276557
-0.0383404
-0.365152
0.497328
0.0190945
-0.158349
-0.0984078
-0.167706
-0.932213
0.471924
-0.242624
-0.213389
0.0734114
-0.242363
-0.0273807
0.113151
-0.302659
0.217245
0.0418669
-0.119337
-0.0282139
0.802421
0.158246
0.113368
-0.268133
0.131545
0.119616
0.780055
-0.151085
-0.375062
0.126859
-0.193238
0.570569
-0.672448
0.467931
0.159021
0.378234
0.755596
0.208317
-0.323545
0.253384
0.182004
-0.0609782
0.215949
0.217875
-0.207661
0.185378
0.143541
0.543692
-0.640345
0.0606718
-0.235437
-0.331366
-0.306286
-0.108167
-0.300503
-0.0622663
0.516619
-1.08962
-0.0588036
0.0455906
-0.0203947
-0.33153
-0.207824
0.315043
0.539263
1.75152
-1.12873
-0.716218
0.0306012
0.621024
0.2842
0.494103
-0.407025
-0.228021
-0.0608919
0.062653
0.344193
0.141819
-0.115863
-0.195584
0.0190906
-0.868721
-0.211189
-0.119075
0.205253
0.304309
-0.241113
0.123295
-0.461087
0.949797
-0.17308
0.255103
0.377098
0.296265
0.783726
0.375887
0.640847
0.191758
0.154574
0.509094
0.0340897
0.307918
-0.145195
0.404969
0.483082
-0.341993
-0.460649
-0.576362
0.281988
0.211909
0.348983
0.551999
-0.0273869
0.0164944
-0.424327
0.380654
0.297086
-0.343966
0.284286
-0.280427
0.745661
0.0704332
0.505445
-0.455366
-0.104757
-0.271729
-0.630806
-0.455796
-0.567134
-0.852529
0.0999601
-0.390936
-0.132288
0.507048
-0.413018
-0.334906
-0.247344
-0.799271
-0.220443
-0.292813
0.09898
0.230355
-0.0953479
0.168783
0.589824
0.456301
-0.0649207
0.260667
0.439646
0.16607
-0.591368
-0.0917939
0.537829
0.131723
0.419526
-0.244481
0.168538
0.160115
-0.351328
-0.481393
0.216861
0.224236
0.132963
0.0586167
-0.669211
0.436632
-0.533665
0.11492
-0.119028
0.0774377
-0.222873
1.04606
-0.183743
0.377442
0.484189
0.026897
-0.352077
-0.124198
0.318671
-1.87444
0.709688
-0.146229
0.956337
-0.0928436
0.183613
0.200521
0.141226
0.231245
-0.314203
-0.0730511
-0.818177
0.00519075
0.393578
-0.251664
0.35955
0.230395
0.00713608
-0.0145593
-0.035402
-0.498482
-0.191078
0.0733341
-0.385897
-0.718355
0.230176
-0.108468
0.262313
-0.036767
-0.0514176
0.148297
0.118382
-0.172617
-0.276052
-0.28467
-0.599841
-0.36958
-0.239465
-0.164651
-0.574648
-0.311718
-0.0106092
0.0813511
0.323931
-0.0648449
-0.281796
-0.371357
0.545644
0.0865283
0.166385
-1.41821
-3.65391
-0.0530386
-0.0870587
0.0553086
-0.0717436
-0.435306
0.0212613
1.03664
-0.262628
0.241975
-0.05735
3.24355
0.304083
0.338074
-0.0885137
0.616571
0.486756
-0.287989
0.514288
0.225051
-0.2345
0.346848
-0.361805
-0.0702465
-0.454213
-0.372363
0.312397
0.729012
0.507084
-0.191223
0.0982674
0.301545
0.149079
-0.0267565
-0.021792
0.222247
-0.562863
-0.111936
0.506386
-0.834279
0.0671673
-1.31466
0.320795
0.194424
-0.123097
-1.20958
-0.125925
0.277617
0.19797
0.403751
-0.131885
0.114978
0.198277
-0.0925443
0.174904
0.489009
0.66572
0.243402
-0.0231515
0.0469658
-0.430292
0.0470276
-0.769022
0.395877
0.252957
0.105768
0.198077
1.09667
0.466783
0.0556558
0.101159
-0.902924
1.79666
0.405112
0.280896
2.66058
-0.143679
0.0303816
-0.451421
-0.190587
0.61882
-0.188087
-0.461202
-0.141694
-1.78566
0.0528285
0.0692987
-0.303873
0.326665
0.399244
0.0392607
0.239395
-0.204899
-0.118302
0.815117
0.183838
-0.297589
0.191519
0.0163462
-0.305976
0.157714
-0.00955836
-0.231151
-0.0255632
0.668621
0.177402
-0.0938353
0.121943
-0.537574
0.343669
-0.471062
-0.197393
0.01711
0.53505
0.101984
1.03646
-0.287706
0.17108
0.679374
0.754936
-0.139537
-0.774084
0.228388
-0.111333
0.372332
0.603601
0.229138
-1.09489
-0.50039
-0.922651
0.273424
-0.285536
-0.205246
0.575402
-0.101055
0.357544
-0.0739574
-0.161644
1.00016
0.272546
-0.0617358
-0.026104
-0.0822175
-0.691585
0.096888
0.284455
-0.362702
-0.328143
0.297421
0.073279
0.299095
0.495587
-0.573165
0.381301
0.153298
0.0221432
0.137714
-0.0710451
0.0837931
-0.0339727
0.0434953
-0.436765
-0.889252
-2.6015
-0.320979
-0.0592198
1.65901
-0.0480171
0.0931868
0.156855
-0.00892113
0.306208
0.33508
-6.19885e-05
-0.00767286
0.0762887
0.223867
0.0386106
-1.18266
0.0876158
0.0609166
-0.0557144
-1.28789
-0.324369
0.0518002
-0.601249
0.354791
-0.766346
0.370207
0.562243
-0.358612
-0.528495
-0.577348
-0.116911
0.295491
-0.174113
-0.277781
0.00322926
-1.4249
0.472394
-0.468785
0.346841
-0.154827
-0.221578
0.0617948
0.0680196
0.251025
-0.0464223
0.888291
0.048823
-0.0489739
-0.165878
0.946224
0.10342
-0.06083
0.0863739
0.174347
1.38707
0.417222
0.0358223
0.228864
0.147617
-0.274169
0.684926
-0.144341
0.127758
-0.171612
-0.31908
0.117178
0.0701029
0.379661
0.120796
-0.0305109
0.740177
-0.147669
0.27019
-0.696395
0.23962
0.372569
-0.248414
0.137994
0.277116
-0.594023
-0.295637
-0.746056
-0.283024
-0.263718
-0.0266204
-0.792266
-0.199241
-1.0451
-0.340436
0.661241
0.454523
0.22397
0.073008
-0.504436
0.274227
0.270764
-0.152545
-0.099362
-0.0149591
-1.27134
2.76376
0.431249
-0.112309
0.25154
-0.0136172
0.601092
-0.769435
-0.276343
0.40462
0.0795613
0.625767
0.109176
0.0618542
-0.0209154
0.586455
-0.130946
0.0626098
-1.01782
-0.530733
0.2214
-0.312375
-0.184224
0.252528
-0.137024
0.152233
-0.337154
-0.361676
-0.0660794
2.23876
-0.478448
0.12238
0.423064
0.0774621
0.252856
-0.22515
-0.154812
-0.352059
-0.736013
-0.124849
-0.269711
-0.0151934
0.205256
-0.0327871
0.433166
0.359646
0.722165
0.121423
0.446968
0.476815
0.0845411
-0.183404
0.17198
-0.163149
0.0570926
-0.183599
0.104672
-0.16808
0.0231031
-0.113866
-0.104268
0.128119
0.0246999
-0.115726
-0.193223
0.0111041
0.0682237
-0.156079
-0.0685226
-0.156845
-0.0763311
-0.0496129
-0.048363
-0.0107757
0.0357473
-0.0172453
0.127606
0.0530418
0.162334
0.0869917
0.127751
0.184639
888888
0.0369107
0.021772
0.099581
0.0341398
0.0276611
0.0605995
0.053243
0.151927
0.0357743
0.105763
0.0368385
0.0232755
0.0873339
0.018564
0.0104572
0.0811786
0.131275
0.00650492
0.0380725
0.17868
0.0478394
0.159013
0.122076
0.0268207
0.0722457
0.0241165
0.0248623
0.211333
0.0148781
0.0848807
0.0329485
0.0293339
0.0528293
0.0632705
0.0253734
0.0535364
0.142112
0.00721922
0.0475105
0.0410222
0.0330216
0.0700973
0.238765
0.0216249
0.0230552
0.055179
0.0205158
0.0552987
0.037393
0.00989241
0.040668
0.0790701
0.0741253
0.0776573
0.0841622
0.0582794
0.0191593
0.0191789
0.0278606
0.0401243
0.100201
0.180491
0.0950686
0.0669872
0.0599615
0.0516814
0.0218902
0.0231542
0.043681
0.205208
0.0425751
0.0781298
0.0951284
0.030882
0.0616358
0.0218031
0.0411058
0.120202
0.0399529
0.0364708
0.0409533
0.0622264
0.153289
0.169455
0.0191044
0.0492185
0.0302214
0.0279877
0.038478
0.0745223
0.0275135
0.0372141
0.08449
0.0520116
0.015539
0.0111107
0.095923
0.0416264
0.0371994
0.033253
0.0256808
0.0371561
0.120566
0.0549675
0.0645357
0.0703748
0.0217346
0.0646694
0.146122
0.055343
0.146654
0.304786
0.0210334
0.0203016
0.031743
0.153223
0.0332207
0.122668
0.0246648
0.0450404
0.04989
0.0890018
0.0189741
0.0435844
0.0592063
0.130407
0.0928588
0.0757898
0.0530209
0.0557994
0.107818
0.0958884
0.191764
0.067476
0.0268367
0.0544606
0.165433
0.0181088
0.182327
0.0763459
0.0183135
0.0175268
0.0216121
0.0370915
0.127146
0.0496731
0.0453753
0.0217564
0.0370028
0.0745138
0.0300769
0.144562
0.00796046
0.0323196
0.248859
0.138415
0.41929
0.0662045
0.0852484
0.104986
0.0115879
0.0558885
0.0369002
0.132964
0.10423
0.00742383
0.26448
0.0331274
0.154924
0.0517536
0.187169
0.0311566
0.278349
0.0374801
0.26807
0.00852883
0.0252342
0.0398709
0.0658454
0.0631492
0.0121442
0.0421904
0.0187649
0.051773
0.0280373
0.0365408
0.016279
0.0192935
0.0155627
0.079169
0.0473418
0.0585455
0.0344895
0.158909
0.0399295
0.0249365
0.127823
0.0826509
0.0381059
0.02611
0.0706813
0.0455796
0.0553072
0.0132958
0.110214
0.075296
0.0696168
0.0659882
0.0234032
0.108733
0.0757475
0.020541
0.0539459
0.0301335
0.0408948
0.192336
0.0228989
0.0435605
0.0684336
0.0217923
0.273326
0.0584368
0.0141328
0.359369
0.0941607
0.0936673
0.036918
0.0304108
0.0212639
0.0399385
0.148862
0.0500779
0.394347
0.130164
0.0365072
0.0912145
0.021482
0.0101417
0.132214
0.133761
0.0432957
0.0354471
0.0706791
0.108432
0.0192254
0.0232542
0.0526357
0.185097
0.0448707
0.00905685
0.0516769
0.114055
0.0858118
0.0361182
0.0403335
0.0355836
0.0925378
0.0413295
0.0388885
0.0607756
0.042309
0.0540641
0.109708
0.0440218
0.0307187
0.159707
0.0174287
0.0956921
0.0656691
0.194002
0.0577518
0.104409
0.0389275
0.161279
0.157008
0.0349316
0.155956
0.0695587
0.0862859
0.182185
0.0114989
0.10889
0.0225197
0.0567715
0.079738
0.0841187
0.0609943
0.0556404
0.00547572
0.0269494
0.0491806
0.0641427
0.0486853
0.0374694
0.053939
0.108578
0.0756471
0.222196
0.0865543
0.0104095
0.221478
0.0691585
0.0230933
0.216097
0.0506658
0.238608
0.0158416
0.0774456
0.0774445
0.18348
0.0213562
0.0843807
0.0712228
0.0339655
0.127889
0.0225044
0.00913092
0.0899764
0.295592
0.0283221
0.255187
0.137374
0.0669304
0.0602372
0.0545562
0.0472942
0.0404433
0.11688
0.0480647
0.0862616
0.211736
0.0314219
0.0105725
0.0434893
0.0171674
0.154472
0.0297265
0.0196169
0.101651
0.0459527
0.115204
0.0501767
0.0408606
0.0394875
0.161625
0.0599701
0.0295382
0.0801504
0.0264201
0.084125
0.044457
0.0839186
0.10179
0.0147111
0.0160359
0.0625418
0.013546
0.0711267
0.034165
0.0568323
0.0618611
0.0815573
0.0345125
0.0494007
0.0424647
0.0367628
0.0347498
0.0253582
0.0398572
0.12885
0.0475536
0.0955073
0.00788938
0.010935
0.0162523
0.0270591
0.0826243
0.0193087
0.0233844
0.0527547
0.0679251
0.123289
0.0909892
0.130729
0.0333171
0.0434266
0.0727375
0.0588431
0.0759194
0.0891113
0.136229
0.175478
0.0909588
0.153956
0.0151438
0.0251327
0.0357886
0.0929522
0.0648288
0.0907575
0.0394916
0.0273919
0.089822
0.0624329
0.0152512
0.0904367
0.0364701
0.0363044
0.141825
0.0242064
0.0494784
0.0259382
0.110928
0.173737
0.0652091
0.0232537
0.0267018
0.0411461
0.0628874
0.191113
0.0843233
0.0202766
0.0310482
0.136139
0.0338143
0.0308032
0.0265251
0.0279417
0.0870994
0.069259
0.0537646
0.0552634
0.0301528
0.0487912
0.0211921
0.0806841
0.0698279
0.0337459
0.0271412
0.0437199
0.0259561
0.00881647
0.0253222
0.0526535
0.168246
0.019386
0.0732025
0.0203343
0.0964201
0.103132
0.018825
0.0527206
0.012584
0.0859778
0.0266108
0.0330923
0.0195243
0.0347125
0.0519622
0.0286698
0.0209588
0.0511463
0.0207111
0.147944
0.193973
0.0138728
0.0281234
0.0372113
0.0640148
0.0686109
0.0513264
0.0237575
0.043374
0.0283314
0.0141088
0.0950008
0.0573721
0.0573574
0.267335
0.0683863
0.050944
0.0271367
0.0293018
0.132714
0.0783
0.0735115
0.102184
0.137007
0.199477
0.0319712
0.0223734
0.0239664
0.0232782
0.0845344
0.0711452
0.0744835
0.0542514
0.0262967
0.0731004
0.0248507
0.0655793
0.0539856
0.0540776
0.0839312
0.0334156
0.0148569
0.15482
0.0424799
0.143043
0.035269
0.0447222
0.0553847
0.0271588
0.212819
0.115757
0.0938352
0.115402
0.0109024
0.138264
0.0575443
0.0288787
0.0990426
0.222769
0.0327325
0.0837807
0.0387369
0.0797565
0.285007
0.0436622
0.0380885
0.16455
0.0533073
0.0731016
0.057897
0.0873774
0.031239
0.167654
0.0430127
0.0687088
0.0300101
0.0269759
0.209269
0.0230078
0.0799258
0.0271096
0.0326035
0.0106177
0.0265329
0.0351757
0.21489
0.079088
0.062316
0.0801719
0.107753
0.0578718
0.0685013
0.0825784
0.00685858
0.0671871
0.183509
0.127928
0.0488127
0.130035
0.054357
0.0889431
0.0475393
0.0333663
0.0293199
0.0847631
0.223361
0.224118
0.0410322
0.12804
0.0439519
0.0125372
0.0546903
0.0713227
0.0384509
0.228021
0.12682
0.0472495
0.0282776
0.0116116
0.0975691
0.109645
0.0669724
0.258443
0.06447
0.0585388
0.0241649
0.0589546
0.0553366
0.0758155
0.0295549
0.285772
0.179407
0.0134853
0.111946
0.0124091
0.255609
0.0206774
0.0173902
0.0812165
0.270013
0.306992
0.073292
0.0484483
0.0230583
0.0200737
0.0100306
0.0252693
0.0783317
0.158391
0.151653
0.0608876
0.04279
0.0554016
0.178382
0.0950239
0.0209855
0.02656
0.0344327
0.0410628
0.222926
0.0605492
0.0629387
0.0740446
0.0210576
0.0674122
0.135516
0.0245247
0.0188641
0.0301762
0.168936
0.0221759
0.0382745
0.0169206
0.0786089
0.0151726
0.151104
0.039101
0.0475075
0.0856282
0.0414758
0.0324379
0.0401445
0.123079
0.0295946
0.0718736
0.0865281
0.0588365
0.0727273
0.0337437
0.0212826
0.112245
0.0798662
0.0852092
0.0339157
0.0270991
0.0174702
0.0204271
0.0292221
0.0119167
0.134697
0.0389898
0.0203635
0.0898724
0.297327
0.0804277
0.0508779
0.0360949
0.0147021
0.0421308
0.0163953
0.309389
0.309131
0.0542289
0.0254948
0.231967
0.0836868
0.0980234
0.030924
0.0278276
0.101779
0.0758372
0.041393
0.0253241
0.0945687
0.0764168
0.152897
0.0755334
0.0767769
0.0384856
0.0516199
0.0272589
0.0198892
0.0702449
0.0352207
0.145388
0.137206
0.0131868
0.109681
0.0142014
0.0546786
0.0379694
0.0756068
0.0488608
0.0321728
0.0213964
0.0637033
0.0224124
0.0896223
0.113252
0.0409342
0.043051
0.0547636
0.121097
0.0355857
0.0888915
0.521056
0.0182116
0.126805
0.268031
0.00624609
0.134974
0.0306675
0.0652112
0.0376534
0.0195056
0.130967
0.0493133
0.0507381
0.276088
0.0124073
0.025867
0.0857567
0.0313234
0.0528829
0.0496617
0.0634919
0.0439176
0.0276089
0.0896107
0.0132386
0.0260777
0.0472607
0.061832
0.092112
0.0462751
0.150857
0.117486
0.0293516
0.299692
0.044085
0.074039
0.0195537
0.0782091
0.0433266
0.0353147
0.0408588
0.0450161
0.0859893
0.0234156
0.0218415
0.0441499
0.0265166
0.0318222
0.0266817
0.454638
0.050299
0.0994803
0.0840275
0.112234
0.0712591
0.102643
0.101708
0.0757675
0.0581532
0.204209
0.0615993
0.0126846
0.091799
0.0241052
0.0229857
0.0212752
0.116567
0.0198126
0.0312849
0.0560145
0.0497887
0.141458
0.0498121
0.0100899
0.0781142
0.0513482
0.28165
0.0373166
0.191561
0.0426367
0.032409
0.100115
0.0498308
0.0888997
0.037915
0.0517465
0.101453
0.039702
0.0472491
0.0108318
0.0444144
0.380694
0.0357825
0.0308667
0.0966278
0.176197
0.0167149
0.0219617
0.0968159
0.133365
0.0202026
0.0463561
0.0401512
0.118233
0.034733
0.071984
0.0320038
0.0340866
0.0282596
0.0629835
0.0142116
0.0505699
0.163752
0.0550879
0.0661172
0.0158781
0.0189018
0.112259
0.0313676
0.0994107
0.0213859
0.135688
0.0761006
0.0427135
0.25569
0.0334313
0.0201527
0.0482788
0.0265243
0.0343077
0.0296728
0.08643
0.0217115
0.026682
0.111895
0.0377747
0.0168912
0.0913872
0.0807071
0.0320808
0.033071
0.0331573
0.332605
0.0148688
0.0589399
0.0347368
0.0182936
0.0395634
0.0881383
0.082851
0.0339743
0.139864
0.0599493
0.0604621
0.09361
0.0532897
0.0914717
0.0339891
0.0230502
0.0119708
0.0527844
0.0735912
0.0827714
0.0797761
0.016039
0.0146007
0.00671216
0.0495263
0.0396587
0.143146
0.0214998
0.0375331
0.130535
0.0292064
0.013629
0.0772104
0.0657785
0.264195
0.0268733
0.043353
0.0879811
0.036495
0.0824092
0.0247513
0.0437352
0.0656131
0.0216926
0.0357382
0.0153614
0.0899042
0.0608243
0.0231975
0.0170718
0.00730851
0.0688196
0.0910712
0.0461253
0.0921312
0.0278361
0.0450228
0.0420956
0.0164153
0.0638262
0.0594429
0.0303553
0.156943
0.037781
0.0738681
0.0502009
0.0104439
0.0323788
0.279623
0.0263009
0.013328
0.0168467
0.0316615
0.0794096
0.060506
0.117258
0.0314889
0.0813732
0.0529821
0.0557909
0.0102613
0.0507816
0.122074
0.218341
0.0435043
0.031192
0.218297
0.0960887
0.0401885
0.228998
0.0417743
0.0707101
0.0825928
0.0134424
0.223037
0.00999364
0.0920116
0.0280731
0.110509
0.0061535
0.134694
0.0931683
0.0832962
0.10524
0.0247555
0.0240286
0.0803227
0.0992808
0.0585161
0.0462375
0.0509624
0.0381994
0.050879
0.126569
0.0674996
0.0277559
0.0726943
0.0589415
0.0878714
0.0327477
0.0345537
0.0120036
0.011718
0.0600157
0.109318
0.207545
0.0225851
0.0135473
0.0104448
0.0121989
0.0271822
0.0318502
0.110634
0.162529
0.0719931
0.0497165
0.0689779
0.0414305
0.0232894
0.0808832
0.0680644
0.0607177
0.0995833
0.13152
0.0798584
0.0224655
0.0731455
0.0622933
0.176594
0.0119719
0.0466238
0.307541
0.0632316
0.0479764
0.056676
0.052718
0.0841803
0.0235745
0.274222
0.0202933
0.0486695
0.0516706
0.00851934
0.0569539
0.00543574
0.0407084
0.0415264
0.0173696
0.0197765
0.824235
0.0703014
0.120017
0.0651977
0.0426782
0.0495128
0.0425085
0.135938
0.0492331
0.0973915
0.0279574
0.0152762
0.065499
0.136088
0.0512467
0.0452407
0.0266622
0.0695129
0.034311
0.0582942
0.0179127
0.100525
0.0114952
0.0194895
0.140941
0.0792341
0.034606
0.0648054
0.0413532
0.0323331
0.158457
0.0605657
0.0856251
0.0289074
0.147655
0.138028
0.032832
0.213887
0.165796
0.111526
0.0392856
0.144178
0.0851945
0.0447874
0.0196961
0.0472022
0.142822
0.0467722
0.0609965
0.0464304
0.0347389
0.0612085
0.0597574
0.136886
0.0182702
0.0565064
0.0362017
0.0399265
0.0410675
0.0260861
0.0193658
0.0907298
0.0250915
0.0416642
0.0407438
0.0256627
0.0270949
0.0263099
0.0564672
0.0190252
0.0407189
0.0374917
0.0215459
0.0300373
0.0672031
0.0848406
0.167344
0.0406795
0.0232668
0.031219
0.0430163
0.0592992
0.0281817
0.0373602
0.315059
0.0684338
0.0245757
0.0334938
0.0335555
0.091796
0.0343054
0.0426839
0.0822353
0.0520497
0.0607568
0.114989
0.0324385
0.0540112
0.016759
0.0396565
0.173569
0.00797384
0.0836472
0.0338022
0.173673
0.0303107
0.0633454
0.0242011
0.146408
0.0667643
0.0374337
0.170526
0.200004
0.0252527
0.0675412
0.0342399
0.0366896
0.0461818
0.0349877
0.0532136
0.0303574
0.0614092
0.0460214
0.00991189
0.0548221
0.0505617
0.0668145
0.14825
0.0276392
0.0242191
0.0302574
0.0410168
0.0483125
0.0265542
0.0143069
0.0276421
0.0211308
0.106568
0.0258222
0.0331481
0.0357636
0.0842976
0.0385166
0.354107
0.0137144
0.0274491
0.0353479
0.0211059
0.0646072
0.103035
0.01922
0.124145
0.0249962
0.0665907
0.112264
0.0788027
0.0284258
0.0602042
0.0406881
0.0319116
0.00781493
0.0432643
0.0519586
0.112944
0.0193794
0.0433973
0.0202881
0.0670388
0.114979
0.0579507
0.0360402
0.0569191
0.040049
0.0775657
0.115808
0.161464
0.0421211
0.0392045
0.00943058
0.109272
0.0287383
0.0324513
0.143892
0.131397
0.0276983
0.146761
0.198812
0.0996305
0.0279718
0.068336
0.0900639
0.059147
0.0740978
0.0247355
0.0291716
0.0286811
0.121291
0.022588
0.065669
0.0192979
0.0794984
0.0257518
0.0562415
0.0478017
0.0272593
0.0720273
0.0627618
0.0526297
0.0219259
0.0494123
0.0220333
0.110206
0.0648463
0.0157418
0.0306378
0.0625454
0.0614709
0.0318028
0.0215341
0.0242012
0.110727
0.0791443
0.0871978
0.0893724
0.0707683
0.0154784
0.013554
0.0469438
0.0192886
0.0391397
0.128459
0.0124956
0.0473678
0.0444065
0.0529421
0.0576118
0.0161095
0.0536241
0.0341092
0.0708316
0.113146
0.0331124
0.0493275
0.0305438
0.183532
0.0362317
0.0850503
0.0790505
0.0159575
0.0471903
0.0409002
0.0709266
0.0662641
0.0515782
0.157452
0.112154
0.0072892
0.0373649
0.0534801
0.0506573
0.0154839
0.0362297
0.0334992
0.0225538
0.0290762
0.0645134
0.0374304
0.0248968
0.0199946
0.0597173
0.0333626
0.03467
0.0890359
0.0524573
0.0204566
0.109415
0.0928476
0.152548
0.032634
0.0109369
0.0145871
0.040482
0.0462866
0.150004
0.0621063
0.0363634
0.0559539
0.095603
0.062163
0.0155916
0.00631932
0.0571542
0.0309493
0.0427649
0.0161717
0.157783
0.0799886
0.140123
0.0781668
0.207766
0.0441632
0.0317844
0.0207034
0.024292
0.0326362
0.0899876
0.0734708
0.13566
0.0229056
0.0675422
0.0658145
0.0776603
0.0131432
0.0510082
0.0681347
0.0514229
0.0354773
0.0111733
0.0272029
0.043564
0.0287172
0.0562835
0.0490763
0.0715924
0.0549344
0.0227625
0.0319136
0.0694834
0.0133453
0.0391722
0.0393288
0.114178
0.186105
0.0626638
0.0749996
0.0387924
0.0499299
0.0606149
0.0114614
0.0253225
0.0214356
0.0279168
0.0402329
0.0867209
0.0876864
0.0649128
0.25186
0.48339
0.0310993
0.104531
0.189694
0.0799828
0.273873
0.0427471
0.0774264
0.0105303
0.0467773
0.0214817
0.63691
0.0836839
0.0913367
0.0589262
0.115282
0.106709
0.030736
0.0186775
0.0858788
0.0895083
0.0242192
0.086294
0.0320492
0.0819909
0.117629
0.0260894
0.0396093
0.0427168
0.0956109
0.0560552
0.0169309
0.0887392
0.0613968
0.0437032
0.0659694
0.0243354
0.0214396
0.157926
0.233876
0.0182342
0.0861215
0.0397569
0.0732153
0.0450798
0.131083
0.0385269
0.0526357
0.187671
0.0192612
0.0100965
0.0249915
0.0337973
0.0305926
0.0545476
0.0586473
0.0990711
0.209126
0.0409158
0.0270583
0.0937832
0.079318
0.0425703
0.0302093
0.0594157
0.0225306
0.0214402
0.176284
0.0295317
0.0907562
0.0278269
0.0389992
0.444709
0.0249799
0.0980387
0.223346
0.0600513
0.168313
0.0302894
0.0577897
0.0559011
0.0439053
0.0259744
0.121446
0.126464
0.139322
0.0508268
0.143507
0.0163743
0.050696
0.0430027
0.0653009
0.0276777
0.0148409
0.0974708
0.0185004
0.0210157
0.0251343
0.0131558
0.0339795
0.0206125
0.0161375
0.0470047
0.0151518
0.0666222
0.118598
0.0569749
0.0416919
0.0134583
0.0632528
0.0366615
0.0308939
0.0868592
0.0228653
0.137261
0.057056
0.0617525
0.0927692
0.0606251
0.0828655
0.0986995
0.0488571
0.0910608
0.0943753
0.0755936
0.100246
0.0533821
0.189599
0.0643101
0.0477439
0.0340236
0.0685455
0.179959
0.0204688
0.0400673
0.0658556
0.0350466
0.10043
0.0697598
0.0410736
0.0261923
0.0816944
0.0475421
0.0671647
0.162555
0.0876402
0.0699052
0.0231151
0.013183
0.0779931
0.0335731
0.04532
0.0478727
0.0921482
0.043041
0.0492766
0.0905812
0.0324835
0.0396797
0.0641078
0.112448
0.0600975
0.113966
0.229451
0.039192
0.0414007
0.136806
0.0399234
0.147098
0.032215
0.0320426
0.139922
0.0714314
0.0447492
0.0394437
0.0449371
0.0570541
0.0417559
0.108759
0.0829342
0.0912963
0.192544
0.169261
0.0885591
0.0280275
0.0392354
0.0608587
0.0630376
0.0942542
0.109282
0.07427
0.124585
0.161884
0.0249141
0.0549909
0.0220455
0.0290721
0.047334
0.168144
0.26318
0.0902979
0.0650619
0.0475937
0.0351183
0.111772
0.0180023
0.0908398
0.0123723
0.060088
0.0895007
0.0373832
0.100194
0.131087
0.0478351
0.0229333
0.0338303
0.0253766
0.140235
0.0483559
0.21104
0.0286753
0.0521331
0.0179138
0.0426326
0.00835085
0.00846463
0.0951211
0.051416
0.073058
0.0518681
0.0405518
0.0736732
0.0260989
0.0557424
0.0440335
0.0347979
0.0290288
0.024912
0.0421275
0.0558491
0.0875376
0.0232859
0.052911
0.049798
0.0769488
0.121049
0.0401198
0.0214112
0.0574612
0.068841
0.117586
0.0294707
0.299415
0.0701038
0.0331709
0.0332206
0.0318794
0.0343355
0.111462
0.00999143
0.023301
0.0245117
0.214123
0.339733
0.0249129
0.0298293
0.038898
0.0196334
0.121329
0.192034
0.0500162
0.0461191
0.0206097
0.159299
0.0508268
0.0567006
0.0808208
0.0223988
0.0668358
0.0584921
0.0637721
0.110961
0.0469125
0.04395
0.0586348
0.0725486
0.0510571
0.0373925
0.107102
0.0179215
0.0751077
0.152489
0.0561547
0.0332046
0.0517535
0.047783
0.00755561
0.0582631
0.354724
0.109053
0.0971155
0.0432496
0.0428554
0.0319902
0.0256106
0.0551075
0.0336816
0.0925911
0.23961
0.0474477
0.0406449
0.0575544
0
0
0
0
0
0
0
0
0
0
0
0
0
0
0
0
0
0
0
0
0
0
0
0
0
0
0
0
0
0
0
0
777777