2.76026
999999
-0.326181
-0.374408
0.155651
-0.0860446
0.0966727
-0.118518
-0.0580228
0.345631
0.0660268
-0.0589418
0.316504
0.0664754
0.139547
-0.077008
-0.145809
0.203765
0.768676
0.149895
0.458087
-0.358884
-0.0142512
-0.126665
-0.0893778
0.350633
0.36312
-0.0186492
-0.00481193
-0.494286
0.0510322
0.984529
0.433828
-0.0319357
-0.0295847
-0.0665534
-0.24104
0.15928
0.232199
0.23111
-0.0445555
-0.0459573
0.269153
0.0852774
1.67794
0.145888
0.376932
0.329353
-0.253404
-0.240264
0.15751
0.512157
0.126179
-0.25452
0.316471
0.420661
0.589596
0.197134
-0.0133972
0.188892
0.36801
0.0496097
0.543994
0.194444
-0.0781118
-0.221858
0.151113
-0.507467
0.282931
0.142739
0.249697
-0.0530891
-0.0218008
-0.0693564
-0.306321
-0.226616
-0.296931
0.0618362
-0.078472
0.976714
0.104877
0.0896306
0.199149
-0.130769
0.0420857
0.387205
0.0965451
0.906357
-0.191921
0.263352
-0.476778
-0.674607
-0.434054
0.207787
0.578449
-0.450244
0.166388
-0.0363526
0.0742573
0.740592
-0.601192
0.114381
0.0190889
0.0238766
-0.216835
0.10203
0.194364
-0.299507
-0.345266
0.510771
0.0559588
-0.0803038
-0.155554
-0.477825
-0.0890264
0.606304
-0.236965
0.266519
0.267301
-0.63463
0.277832
-0.221518
-0.130534
-0.0635867
-0.121992
-0.311908
0.0367921
0.521367
-0.0833941
0.0605407
0.620245
-0.159177
0.898085
-0.711719
1.2167
0.312884
0.0101485
-0.0359604
-0.265667
0.252139
0.498254
-0.46335
0.657644
-0.173927
0.213653
-0.0647386
0.104634
0.115456
0.150554
0.332476
0.191371
0.085234
0.50502
0.453068
-0.185279
-0.45566
0.132238
0.626832
-0.279425
0.243368
0.220891
0.440725
-0.11432
0.080261
-0.0156781
0.147564
0.227832
-0.507227
-0.676916
-0.552293
0.0146939
0.0872179
0.468713
0.0414848
-0.596492
0.220883
-0.61384
0.153491
-0.0604587
-0.362327
-0.482223
-0.428036
0.0803234
0.710395
-0.350672
0.190878
0.121164
0.210326
0.158088
-0.249358
-0.268198
0.447584
0.0352382
0.923981
0.457658
-0.359666
0.388268
0.207554
-0.0898395
0.434105
0.011749
0.464973
-0.504322
-0.483532
-0.0734139
-0.4787
-0.212229
-0.0656493
-0.336697
-0.138836
-0.0407885
0.0281788
0.103521
0.238515
-0.543284
-0.346334
0.254679
-0.855831
0.40117
0.106126
0.451696
0.0629565
-1.12199
-0.478986
-0.158989
-0.548704
0.110673
-0.368823
-0.132346
0.281628
0.150099
0.175692
0.370125
0.368646
1.06757
-0.121281
-0.101923
-0.797349
0.113234
0.156927
0.00689183
-0.962462
-0.495612
-0.362524
0.221366
0.176096
0.0714541
-0.322786
0.00815136
0.26715
0.594738
0.148311
0.0922283
0.611428
-0.0507431
-0.195678
0.170092
0.140594
-0.213363
-0.505699
-0.167838
-0.562584
0.278957
0.345588
0.546064
0.193057
-0.0315785
-0.123221
0.494395
-0.559275
0.208238
-0.43481
-0.0841926
-0.39587
0.326493
0.161643
0.0359215
0.309574
-0.169361
0.27763
-0.32933
0.277272
-0.148798
0.364107
-0.0327563
0.351026
-0.552995
-0.152588
-0.0878121
-0.520443
-0.0430726
0.369482
-0.0781641
0.215623
-0.336583
0.305833
0.408437
0.621573
1.26779
0.30194
0.95306
0.826183
-1.8174
0.364834
-0.145968
0.731657
-0.27395
0.393347
-0.105956
0.418034
0.485358
-0.538547
0.293375
-0.21008
-0.0468875
-0.155247
0.336394
0.202843
0.589643
-0.356357
0.691022
0.0704228
-0.0346392
-0.0736825
0.138067
-0.102357
-0.404047
-0.178722
-0.437267
-0.5579
0.370345
-0.75504
-0.884631
0.24386
0.137902
0.316807
-0.384056
0.344785
0.21998
-0.147411
0.68332
0.224666
0.609243
-0.133375
0.30192
0.278166
0.407936
-0.3518
0.270999
0.059898
-0.573652
0.736306
-0.29728
-0.0854351
0.0111676
0.10943
0.0779871
0.426581
-0.385618
0.0834565
-1.01632
0.0990262
-0.797231
-0.179318
-0.212376
-0.0972883
0.51578
0.231489
1.35322
0.0156152
-0.494322
0.360679
0.0592386
-0.643
0.105417
-0.324267
0.226147
-0.345582
0.283977
-0.37188
0.326854
0.0156441
-0.121955
0.377045
0.248524
-0.144459
0.053041
0.461546
-0.534621
-0.825285
0.16356
0.200195
-0.0529763
-0.297166
-1.15478
-1.74217
0.19274
-0.280164
0.231734
-0.683323
-0.175634
0.242117
0.14729
-0.105403
1.87677
0.416162
-0.513839
0.902167
-0.0852298
0.171441
-0.454559
-0.204043
-0.34192
-0.0784245
1.1212
0.131213
-0.327185
-0.38687
0.21907
-0.590462
0.281149
-1.14618
0.00238018
-0.0365817
-0.075191
-0.305989
-0.306355
-0.345321
0.0703368
-0.0391805
-0.112106
0.0952119
-0.0777095
0.487254
0.199619
0.024883
-0.260571
-0.277579
0.369995
0.613275
-0.292731
0.455057
0.0298903
-0.0431866
0.0150235
-0.227247
-0.259311
0.133664
-0.334501
0.237915
0.428408
-0.296257
0.26283
-0.138637
0.0202176
0.326572
0.0649726
0.672469
0.0874457
-0.216735
-0.331832
-0.102954
0.352387
-0.0707834
-0.0620879
0.715297
0.00992597
0.0105309
0.60154
0.305366
0.455555
-0.36931
0.0269803
-0.065152
-0.113559
-0.11528
-0.665325
-0.1628
0.328648
-0.675148
1.02006
0.216198
0.012361
0.33724
0.273237
-0.466742
-0.666143
-0.256541
0.189625
0.411227
0.136401
0.425931
-0.511825
-0.402185
-0.0847009
-0.215639
0.339594
-0.0210146
-0.16073
-0.173101
-1.74611
-0.389142
-0.322024
-0.699242
0.435781
-0.417954
-0.344861
0.244358
0.684088
0.210941
0.0159163
0.152935
0.172717
0.149289
-0.35106
-0.311489
0.0410608
0.783853
-0.0995057
0.349099
0.375734
-0.395257
-0.159418
-0.278613
0.351269
0.376756
0.454321
-0.00248679
0.865912
-0.187915
0.149313
0.209366
-0.36984
-0.2634
-0.0798845
-0.0802384
0.287408
-0.047171
0.101046
-0.38575
-0.961846
0.547556
-0.0880773
0.0318853
0.242967
0.138857
-0.322121
-0.304611
0.407556
0.113944
0.0559022
-0.0389838
-0.245774
-0.522563
-0.55027
-0.533519
0.12377
-0.150948
-0.143325
0.480361
0.405146
1.04329
0.238376
-0.840336
0.612828
0.276351
-1.18202
0.134072
-0.268773
0.499418
0.39732
0.361856
-0.661169
-0.201931
-0.899332
-0.232157
0.261134
-0.10053
0.0528293
-0.799495
0.0766276
-0.225552
0.369283
-0.243065
0.048475
1.11445
-0.447801
0.117275
0.482679
0.0181081
-0.399776
0.128922
0.497941
-0.202215
0.199775
0.0711131
-1.22095
0.253149
-0.479276
-0.210604
-0.147269
-0.0446195
-0.163047
-0.19146
-0.20996
0.573841
0.351315
-0.083629
0.109605
-0.554838
-0.280129
-0.328909
0.381352
0.236917
0.737231
0.331842
0.0230922
0.367081
-0.0485772
-0.843796
-0.0369628
0.298588
-0.357758
0.227156
0.135264
0.400633
-0.244986
-0.0528763
0.410695
0.0561022
0.134483
-0.668177
0.0914372
0.0920888
-0.0208133
-1.05736
0.151601
-0.637602
0.184858
0.312145
-0.274149
0.28576
0.776546
0.306161
0.0661315
-0.528507
-0.0293741
0.0221146
0.486064
-0.166084
-0.178248
-0.440572
0.203232
0.273543
0.176427
-0.259465
-0.992479
0.299459
0.229938
0.213162
-0.600695
0.369159
-0.0497709
-0.466295
-0.0207301
-0.108486
0.211419
-0.0384322
-0.331648
1.2624
-0.0250234
0.387377
-0.0882818
0.00694389
0.322901
-0.397916
-0.00352108
-0.427624
0.0941383
-0.394127
-0.830514
-0.271894
0.997349
0.319557
-0.13808
-0.459163
-0.290037
0.459075
-0.489564
0.0625196
-0.24665
0.640769
-0.425611
-0.157027
0.603626
-0.22359
-0.743236
-0.255573
-0.478991
-0.364945
-0.893886
-0.62872
-0.0635616
-0.712988
-0.0239196
0.477038
0.264579
-0.044968
-0.054738
0.0928819
0.106388
-0.291009
-0.240665
-0.0956928
0.268636
-0.185293
-0.10936
0.330285
0.46969
-0.134039
0.258423
-0.126132
-0.249872
0.283507
-0.215677
-0.125322
-0.0203195
-0.266525
-0.175701
0.630024
-0.273586
1.27828
0.229048
-0.00212015
-0.000198269
-0.464239
0.447491
0.173329
-0.42545
-0.196007
-0.0332425
0.538065
-0.36811
0.164097
-0.136354
0.138217
-0.608155
0.0396245
0.192695
-0.254655
-0.242667
0.210732
0.436086
-0.34479
0.815322
0.0401618
0.905449
0.168248
-0.514802
-0.486238
0.489385
-0.00410491
-0.84531
0.34422
0.0776304
0.12144
-0.00846617
0.0932802
0.0639593
0.0763926
0.240945
-0.449749
-0.238167
-0.320676
-0.135921
-0.833731
0.0541461
0.880891
0.0240298
-0.368952
0.657035
0.141361
0.10351
-0.306483
-0.514688
0.496248
-0.208399
-0.0371769
0.0358728
0.430658
-0.648558
0.0754391
-0.118238
0.0615183
0.267292
0.148419
-0.607273
0.763537
0.227108
0.339541
0.515047
-0.269427
-0.283571
-0.117901
0.386936
-0.29953
0.0440855
-0.693942
0.374406
0.0834102
0.269894
0.13678
0.14798
-0.797274
-0.0636903
0.0459164
-0.999866
-0.51458
0.0919541
-0.44673
0.743866
-0.0378347
0.176887
0.0383733
0.652698
0.0514247
0.751011
0.0314037
-0.141678
0.286331
-0.0249721
-0.171232
-0.0996033
-0.0584056
-0.0540085
-0.0696997
0.308523
0.123439
-0.142147
-0.108375
-0.0219085
0.0522767
0.200518
-0.284294
0.605904
-1.21967
0.242904
-0.227153
-0.249491
-0.0525572
0.0428414
0.0240324
-0.264098
-0.0164926
0.0973893
0.664279
-0.277958
0.405438
-0.209209
0.361196
0.0531494
0.0966584
0.0953516
0.435463
-0.192765
-0.206708
0.0446457
-0.160194
0.00264692
-0.233947
-0.130778
-0.757169
0.3115
-0.0190542
0.46525
-0.161697
-0.568857
0.138158
-0.33782
0.0879488
-0.0357098
-0.479103
0.549071
-0.0570644
-0.490906
0.109666
-0.239945
-0.334944
0.289176
-0.739727
0.0909418
0.375129
-0.351144
0.403849
-0.304036
0.0132099
0.669341
-0.251868
1.08077
0.225696
0.254966
0.0708396
-0.342304
0.474051
-0.0472743
0.176458
-0.216851
0.21237
-0.366509
-0.202235
0.207168
-0.806504
0.272884
-0.0516192
0.178914
0.0517426
-0.028243
-0.423775
0.0866843
-0.297385
-0.757205
-0.407955
-0.250671
0.272535
-0.122209
0.0619574
-0.119921
0.126906
-1.20464
0.773077
-0.0257498
-0.0718437
0.539637
-0.15859
0.0380122
-0.0782232
0.442011
-0.334358
0.766405
-0.374768
0.156005
0.253274
0.0169133
0.15344
0.369917
-0.78299
0.0289359
0.0838861
-0.0962232
-0.359162
-0.126704
0.110733
-0.256763
-1.14946
-0.448405
-0.216637
-0.968816
0.080862
-1.42189
-0.0373075
-0.202704
0.039634
1.18292
0.178863
0.818018
-0.176802
-0.481846
0.313631
-0.123848
-0.00554375
-0.177086
-0.0439819
-0.541045
-0.115067
-0.00244432
0.174485
-0.90018
-0.404022
0.227382
-0.197317
-0.31087
0.0769041
0.40446
-0.437277
0.00466302
0.265223
0.0472419
0.562393
0.432652
-0.23653
0.34877
0.32537
-0.509118
0.121711
-0.230178
0.182036
0.294075
0.608638
0.260646
0.0414613
-0.256291
-0.16673
0.18004
0.168666
0.287282
0.228007
-0.00756892
-0.22792
0.613198
-0.253529
0.0682887
0.570021
0.654994
-0.0436859
0.0425812
1.7317
-0.122619
-0.0935036
0.254009
-0.728001
0.25323
-0.140316
1.51434
-0.222957
-0.430092
-0.273265
-0.00218521
-0.333833
0.0315697
0.0874442
-0.0106152
0.170514
-0.174781
-0.297882
0.29788
-0.605209
0.208992
-0.511433
0.192081
0.61552
-0.376648
0.118003
-0.191314
-0.104889
0.0948694
-0.782236
0.0331264
-0.15587
0.272899
-0.409663
-0.255923
0.492339
0.00704093
-0.0951266
-0.174991
0.408748
0.156157
-0.714169
-0.21109
0.226904
-0.0641115
0.136557
-0.621156
0.717992
0.207125
-0.519616
-0.0833691
-0.903789
-0.307731
-0.334919
0.221876
-0.491348
-0.46303
-0.069647
0.684345
0.044314
0.136474
0.151339
-0.710959
1.28903
-0.336232
-0.110746
-0.00237367
-0.0961141
-0.316856
-0.101941
0.0955443
0.327649
0.521869
0.130191
-0.436649
-0.145324
-0.0638461
0.243828
-0.196873
0.333056
0.0770387
-0.188085
-0.934552
0.293129
0.156731
0.69262
-0.127105
-0.0749506
-0.00429424
-0.660434
0.352364
0.130629
0.0560439
0.0557645
1.08159
0.146727
-0.000497424
0.0741476
-0.0273235
0.0396759
-0.383115
0.29259
-0.760267
-0.639372
-0.0484902
-0.160076
0.436116
0.261618
-0.0286934
-0.354151
-0.365102
-0.717538
0.114925
0.072333
-0.0556318
-0.306339
0.299259
-1.10512
-0.0222537
0.198559
0.498109
0.993479
0.113352
-0.146895
0.380553
-0.439552
-0.160423
0.149653
-0.350811
0.99035
-0.363019
-0.675351
-0.0613647
-0.178219
0.0550357
-0.380501
0.515569
0.24039
-0.187081
0.0107429
-0.180092
-0.633688
0.528408
-0.0317906
-0.32727
0.11011
-0.271435
-0.0840439
0.292596
-0.240018
0.141238
0.118222
-0.191932
-0.231014
0.711248
0.171157
0.116822
-0.376214
0.377238
-0.118071
3.04383
-0.03022
-0.486597
0.156144
-0.0119266
0.492099
-1.08205
0.370487
-0.0658689
0.277796
0.0418199
0.334289
-0.367233
0.219533
0.0115082
0.02456
0.187251
0.208018
-0.187595
0.162225
-0.137889
0.51642
-0.724238
0.0848265
0.254012
-0.32929
-0.248424
-0.302195
-0.18509
-0.0895602
0.550892
-1.1556
-0.104932
0.0648115
-0.06937
-0.351129
-0.250643
0.212081
0.524098
1.05391
-0.628148
-0.710577
-0.233867
1.03881
-0.0623315
0.498619
-0.517066
-0.0982454
-0.18516
-0.103948
0.161166
0.0586079
-0.00386366
-0.203776
-0.044281
-0.402879
-0.210712
-0.774602
0.155563
0.348702
-0.299737
0.130163
-0.555942
0.967007
0.0839181
0.10648
-0.146335
0.335035
0.62228
0.60607
0.585654
0.0895047
0.111199
0.404378
0.0179328
0.184524
-0.280127
0.17313
0.223568
-0.457352
0.341161
-0.443827
0.290826
0.135884
0.185721
0.316434
0.0718914
-0.127567
-0.431018
0.343705
0.10108
-0.0609991
0.627012
-0.156934
0.683559
0.167789
0.554041
0.150425
-0.142312
-0.128854
-0.57909
-0.348992
-0.49673
-0.788293
0.0717566
-0.528381
0.133092
0.407125
-0.570758
-0.0744703
0.178025
-1.2781
0.328713
-0.259838
-0.189707
-0.0127773
-0.227087
0.16461
0.108113
0.224072
-0.170969
0.347099
0.480796
0.166362
-0.50151
-0.188918
0.706568
-0.00278451
0.322226
0.0749758
0.109047
0.209851
0.203157
-0.475547
0.440436
0.44143
0.193604
0.161744
-0.525291
0.611125
-0.561805
-0.0340199
-0.0102427
0.225419
-0.104234
1.05253
-0.184881
0.319121
0.53872
-0.0218948
-0.44836
-0.102449
0.252718
-0.986845
0.697125
-0.566032
0.5128
-0.074558
0.0362056
0.152343
0.146299
0.381718
-0.413927
-0.478776
-0.183956
-0.000600757
-0.176101
-0.779085
0.774561
0.229925
0.063752
0.0430083
-0.250725
-0.578814
-0.22431
0.0734811
-0.436172
-0.615655
0.181271
0.0206491
0.264659
-0.123111
-0.0969494
0.0291024
-0.0163241
-0.134851
-0.171973
-0.429014
-0.197434
-1.10009
-0.396597
-0.396179
-0.581909
-0.309751
-0.100138
0.0966038
0.279024
0.0569983
-0.149176
-0.411755
0.527774
0.438656
0.248263
0.291814
-2.64503
0.0537206
0.440295
-0.0481509
0.244742
0.0196052
-0.15283
0.906022
-0.269181
0.2201
-0.135197
1.97856
0.632699
0.743483
-0.0439659
0.582358
0.38591
-0.0470151
0.326628
-0.249552
0.228215
0.387884
-0.483936
0.00316662
-0.550418
-0.461734
-0.124619
0.625802
0.371404
-0.424368
0.256585
0.221429
0.507324
0.187178
-0.434681
0.271163
-0.449464
-0.120676
0.55792
-0.248051
-0.098994
-0.132849
0.444115
0.0138642
-0.0899433
-0.734324
-0.391676
0.33874
0.0143368
0.458263
-0.110165
0.240726
0.279736
0.00668552
0.000970898
0.337966
0.717452
-1.64203
-0.0847076
-0.0972071
0.245084
-0.210274
-0.783537
0.338355
0.0889506
0.137875
0.16812
0.222644
0.379463
0.0628142
0.0856403
-0.979976
2.32695
0.279372
0.304239
1.19199
-0.377046
0.147642
-0.263586
0.0667488
0.717938
-0.0662547
-0.514931
0.235611
-1.2991
-0.076494
0.275627
0.579479
0.184423
0.237688
-0.213576
0.174578
-0.00969894
-0.141787
0.591796
0.170083
-0.261151
0.250932
0.0670357
-0.227764
0.103029
-0.0711977
-0.0944807
0.097093
0.457755
0.325921
-0.109859
-0.0358508
-0.57936
0.145443
-0.0975421
-0.136061
0.259855
0.44028
-0.254377
0.523192
-0.459172
-0.149752
0.435591
0.118155
-0.0949014
-0.651225
-0.181537
-0.461788
-0.201459
0.525409
0.119155
-0.597722
-0.547387
-0.974072
0.29105
-0.256872
0.00133164
0.351567
-0.0342593
0.481991
0.0471366
0.0432258
0.528586
0.420294
-0.0303118
0.483501
-0.0619044
-0.380352
0.0580336
-0.0137812
-0.479213
-0.376973
0.28713
0.301328
0.0681871
0.357081
-0.745536
0.0574554
0.232779
0.0502625
0.275823
-0.213095
0.110653
-0.00386522
0.617781
-0.0897873
-0.670459
-0.0639804
-0.313559
-0.0867741
2.10685
-0.11758
-0.186615
0.225213
-0.149891
0.107885
0.338042
0.244195
-0.147077
0.244842
-0.0643465
-0.0773176
-0.906327
-0.0993662
0.235618
0.589759
-0.484324
-0.3937
-0.159274
-0.850757
0.411342
-0.561539
-0.111563
0.123594
0.177683
-0.874407
-0.411076
-0.230518
0.163981
-0.135859
-0.322471
-0.167491
-0.604073
0.731781
-0.177846
0.454895
0.0193345
0.0951509
0.473164
0.226699
0.249606
-0.0902374
0.759795
-0.484093
-0.0281237
-0.226826
0.16122
-0.138675
-0.0528879
0.264723
-0.0990927
1.13188
0.329816
0.744288
0.133049
0.166011
-0.293674
0.66559
-0.196264
0.110423
-0.415132
-0.160742
0.0210942
0.144608
0.325884
-0.182863
-0.00705485
0.833755
-0.060806
0.230906
-0.744019
-0.172428
0.278554
-0.208263
0.000456406
0.396576
-0.640634
-0.319256
-0.830874
-0.498389
-0.379126
-0.0576321
-0.487628
0.0699705
-0.699291
-0.173507
0.082273
0.111073
0.0885859
0.168367
-0.365231
0.329021
-0.523186
-0.15874
-0.254059
-0.0660395
-0.931222
3.87836
0.360505
-0.0815577
0.117202
0.0358104
0.0963835
-0.199542
-0.0822977
0.375011
0.0687275
1.43204
0.113005
0.349246
-0.226427
0.533817
-0.146274
0.0248939
-0.561374
-0.152381
0.0599548
-0.322652
-0.458758
-0.0196851
-0.102388
-0.0329217
-0.960703
-0.269789
-0.062757
0.612603
-0.441697
0.158553
0.436116
0.20314
0.253819
-0.170605
0.502677
-0.360884
-0.80717
0.165432
0.0273234
-0.0441356
0.304741
-0.00811706
0.304985
0.634121
0.803117
0.169594
0.477676
0.34746
0.0845411
-0.183404
0.17198
-0.163149
0.0570926
-0.183599
0.104672
-0.16808
0.0231031
-0.113866
-0.104268
0.128119
0.0246999
-0.115726
-0.193223
0.0111041
0.0682237
-0.156079
-0.0685226
-0.156845
-0.0763311
-0.0496129
-0.048363
-0.0107757
0.0357473
-0.0172453
0.127606
0.0530418
0.162334
0.0869917
0.127751
0.184639
888888
0.0324326
0.0184747
0.0620369
0.0177105
0.0256595
0.0348539
0.0463507
0.100474
0.0283814
0.0860512
0.0656683
0.0326604
0.151154
0.0292028
0.0122548
0.0283944
0.0847412
0.0109544
0.0404214
0.142936
0.0277374
0.104637
0.0947082
0.0293263
0.0726399
0.01422
0.0262349
0.25733
0.0146719
0.0802961
0.0732227
0.0181541
0.0533491
0.0974419
0.0417478
0.0439298
0.0557875
0.0165418
0.0661527
0.0309734
0.0406661
0.0245372
0.170424
0.0316821
0.0306242
0.0390389
0.0247956
0.0617184
0.0248089
0.0115318
0.0292977
0.0409262
0.0796566
0.0902496
0.0506232
0.0449218
0.0349026
0.0251919
0.0274409
0.0266545
0.158024
0.199872
0.046131
0.0545759
0.0942001
0.0562864
0.0304905
0.0149239
0.0523406
0.227024
0.0883509
0.123878
0.0696321
0.0261818
0.0397453
0.0206713
0.0312973
0.114303
0.0562802
0.0521412
0.0411906
0.0463209
0.0895985
0.0937921
0.0184789
0.136659
0.0762864
0.038483
0.0367418
0.0886675
0.0312117
0.0286152
0.103714
0.0264354
0.031243
0.0115646
0.0666891
0.0520804
0.0520176
0.0778068
0.031059
0.0606334
0.0787802
0.0436274
0.0689593
0.0797005
0.0502411
0.0464478
0.0816042
0.10617
0.136097
0.200353
0.0317966
0.0213981
0.0528087
0.0614733
0.039728
0.0506465
0.0353117
0.0949931
0.0799814
0.0692893
0.0125471
0.0458921
0.0706138
0.146974
0.147636
0.0398131
0.0369538
0.0577416
0.146572
0.0908617
0.151119
0.0547685
0.028699
0.0437189
0.0766039
0.0320257
0.187241
0.0848762
0.0457709
0.0217235
0.0192261
0.038858
0.128875
0.123763
0.0467331
0.0290974
0.0445203
0.0539486
0.04436
0.0771617
0.016423
0.0596366
0.124359
0.116913
0.261697
0.027002
0.0625513
0.0479047
0.0104395
0.0458004
0.0392732
0.0575563
0.0920017
0.00753336
0.10329
0.0340435
0.12107
0.139528
0.135364
0.0422717
0.167106
0.0530798
0.197952
0.0150407
0.0244974
0.0254021
0.0767892
0.0564043
0.0173609
0.0579029
0.0269964
0.101494
0.0220065
0.0291697
0.020052
0.0331088
0.0164605
0.0785774
0.0731772
0.101788
0.0561195
0.269386
0.0391205
0.0145566
0.0872442
0.062692
0.0348239
0.0289669
0.0462617
0.0577993
0.131013
0.0226052
0.139571
0.0483289
0.104249
0.0627749
0.0488583
0.100682
0.0624874
0.0230838
0.0546704
0.0282844
0.039094
0.0797638
0.0268182
0.0294239
0.0387346
0.0232111
0.252154
0.0667626
0.0297585
0.493163
0.0786959
0.105912
0.023504
0.0363831
0.0524708
0.0328931
0.123724
0.0534494
0.307096
0.0777587
0.0149774
0.0427892
0.0284357
0.0194298
0.178021
0.151825
0.0308927
0.0532747
0.0712973
0.0772961
0.0203097
0.0585781
0.0367963
0.0720919
0.0515536
0.0104792
0.0298629
0.0981023
0.0503761
0.04856
0.0466706
0.0426072
0.0569972
0.0524455
0.017299
0.0928102
0.0465014
0.0550847
0.0477771
0.0364824
0.02974
0.194944
0.04126
0.099955
0.0499383
0.0919186
0.0721488
0.0718899
0.0268293
0.0971092
0.104822
0.0386361
0.102992
0.0875079
0.0549234
0.112142
0.0190058
0.0422112
0.0632579
0.0993655
0.0782197
0.0524415
0.064403
0.0466253
0.00723115
0.0238383
0.0476678
0.0658329
0.0456789
0.0387844
0.0679044
0.0813229
0.123477
0.130236
0.0578532
0.0202357
0.174506
0.0366918
0.0128814
0.140214
0.0489921
0.19257
0.011689
0.0272316
0.0815636
0.144479
0.0192845
0.108235
0.0355976
0.0314925
0.079182
0.0202736
0.0207595
0.0656175
0.304416
0.0326543
0.166687
0.076416
0.078032
0.0534173
0.0391972
0.0531888
0.0396701
0.104862
0.0278422
0.0795393
0.24019
0.0381885
0.0146163
0.0554625
0.0214213
0.159074
0.027278
0.0180777
0.113713
0.0351866
0.0682185
0.0638935
0.0317038
0.0362768
0.215405
0.0811095
0.0306579
0.0451261
0.062845
0.105264
0.060714
0.105358
0.065368
0.016197
0.0119803
0.0406716
0.0231195
0.0606461
0.0372688
0.0757308
0.0589087
0.0970595
0.0339716
0.0611647
0.0839565
0.0420077
0.0998318
0.0248625
0.0704729
0.0951677
0.0341743
0.116941
0.0133001
0.0160552
0.0328254
0.0381757
0.0820755
0.0162678
0.0326279
0.0370517
0.0469266
0.0439373
0.0726471
0.101463
0.0642462
0.0305536
0.0554213
0.0751079
0.110561
0.0888723
0.0638245
0.141054
0.0724513
0.165112
0.0169779
0.030936
0.0458842
0.0603491
0.0548506
0.0626868
0.0388919
0.0673836
0.122363
0.0805197
0.0126104
0.0435606
0.0264458
0.0437241
0.362685
0.0304893
0.0667054
0.0208273
0.112516
0.109508
0.0349885
0.0183091
0.0535647
0.0395884
0.0709465
0.207694
0.0758787
0.0154589
0.0322832
0.0616106
0.036223
0.0315711
0.0460968
0.0307983
0.0543158
0.0515267
0.048627
0.0437765
0.0254289
0.0532971
0.0332866
0.0750872
0.0775582
0.0742123
0.0346666
0.049963
0.033554
0.018549
0.0297151
0.0348904
0.2135
0.0153262
0.0402283
0.0258431
0.0725589
0.0537548
0.0243899
0.0419341
0.0137706
0.0497971
0.0254344
0.0944208
0.0296571
0.044871
0.0525525
0.0296707
0.0223836
0.0543885
0.0230063
0.0841081
0.109096
0.0163517
0.023052
0.0257104
0.0493449
0.0646105
0.046496
0.0101765
0.0692664
0.0356006
0.0270038
0.0914503
0.0408323
0.0547123
0.14914
0.0520941
0.0738905
0.0615865
0.0574527
0.0892954
0.0710949
0.0701121
0.0848768
0.096155
0.156088
0.0685705
0.022502
0.0389599
0.0307355
0.0924734
0.05705
0.0522385
0.0653911
0.0197386
0.0922169
0.0301147
0.0355705
0.0217984
0.0871124
0.0875738
0.018614
0.0167801
0.221389
0.0394102
0.0927193
0.0446769
0.0709074
0.0386408
0.0567383
0.156202
0.106448
0.0945264
0.0749459
0.0173738
0.0668512
0.0358106
0.0344758
0.0725878
0.161755
0.0533615
0.0724178
0.0565476
0.110355
0.140709
0.0520554
0.022755
0.077809
0.0650165
0.0540844
0.0504575
0.0879516
0.0440395
0.0927024
0.050289
0.0421901
0.0394657
0.036349
0.209102
0.0298991
0.0722516
0.0427643
0.0587628
0.0212551
0.0200115
0.0532711
0.0673613
0.046243
0.0783673
0.0768575
0.0909778
0.0870129
0.0615538
0.0683776
0.0110133
0.0914322
0.136514
0.187538
0.0575468
0.0663599
0.0418015
0.238357
0.0523702
0.0494873
0.0368255
0.12295
0.0772341
0.124957
0.0298033
0.0900753
0.0302476
0.0143722
0.0381148
0.0348934
0.0256626
0.1853
0.103909
0.029308
0.0354172
0.0279313
0.104372
0.0768317
0.0697682
0.236023
0.0597707
0.0648589
0.01824
0.0597352
0.0425665
0.0748974
0.0360761
0.175095
0.221238
0.0201556
0.199601
0.0285236
0.230504
0.0112091
0.0194288
0.0696112
0.135773
0.138833
0.0614151
0.0335133
0.0357087
0.0276755
0.010985
0.0354173
0.0811355
0.131048
0.0782488
0.0416239
0.0428794
0.0738446
0.101983
0.0575372
0.0301815
0.0283443
0.0173034
0.0329519
0.0785663
0.0536719
0.0473958
0.079597
0.0548831
0.0639064
0.0823903
0.0313602
0.0145661
0.0137011
0.144184
0.0304735
0.0509792
0.0191954
0.0759322
0.015591
0.192194
0.0366929
0.0328188
0.090312
0.0604083
0.0221357
0.0353215
0.149924
0.0338573
0.0643042
0.0828998
0.054004
0.0508355
0.0234787
0.0247649
0.102669
0.0481752
0.143609
0.0580465
0.0259481
0.0265414
0.024936
0.0573386
0.0257356
0.155917
0.039452
0.0398874
0.0819567
0.218849
0.0533196
0.0397354
0.0732893
0.0154163
0.0662226
0.0121533
0.217755
0.227851
0.0457459
0.0133213
0.181472
0.0899586
0.103409
0.0414239
0.0320867
0.14506
0.0795514
0.0441448
0.0131044
0.125927
0.0955085
0.0881207
0.0647722
0.0657842
0.0686598
0.0544479
0.023073
0.0388308
0.0460457
0.0239196
0.130359
0.0738359
0.0127994
0.0672865
0.011888
0.0379066
0.0536629
0.041833
0.0371947
0.0511225
0.0257518
0.0374801
0.0247425
0.0481257
0.0985693
0.0370844
0.0636277
0.0386975
0.0880629
0.0178928
0.140672
0.224293
0.0281007
0.0356583
0.264266
0.00701858
0.129457
0.0428936
0.0862261
0.0529824
0.0197958
0.1945
0.0350234
0.0411877
0.187291
0.0155057
0.0432306
0.0986901
0.0706912
0.0578989
0.0485263
0.143029
0.0887913
0.0265444
0.0933029
0.0157175
0.0386406
0.0796957
0.0647623
0.045328
0.0543308
0.0936317
0.102424
0.0233119
0.178053
0.0271686
0.139507
0.0303323
0.0677675
0.0645653
0.0392898
0.0344973
0.0306693
0.0969259
0.0457376
0.0127103
0.0346683
0.0257441
0.0523905
0.0247578
0.115931
0.0332005
0.154135
0.0974121
0.0724435
0.116796
0.0813661
0.090709
0.0448021
0.0339327
0.254672
0.0824593
0.0311566
0.10814
0.0439695
0.0165269
0.0125713
0.129143
0.0289738
0.0483617
0.0445381
0.0414801
0.0963273
0.0217727
0.0124832
0.110357
0.0607555
0.29318
0.0394765
0.136762
0.0477027
0.0158009
0.0729886
0.0951441
0.110197
0.0382776
0.0458653
0.157866
0.031643
0.040005
0.0133725
0.0456667
0.191734
0.0742415
0.0449835
0.0721865
0.196535
0.0380611
0.0342045
0.0552602
0.0827083
0.0327326
0.0354704
0.0541573
0.0614253
0.0245202
0.134585
0.0355407
0.024461
0.0305101
0.0637639
0.00854748
0.0682677
0.0815396
0.0194809
0.0842332
0.0169415
0.0112565
0.184933
0.0256495
0.0715597
0.0221021
0.0907018
0.0351633
0.0395051
0.185459
0.0280077
0.0259478
0.0434287
0.0381647
0.0505963
0.042622
0.101178
0.0154158
0.0258747
0.08808
0.0262304
0.0164304
0.0962243
0.0607325
0.0302368
0.0316779
0.0319313
0.302291
0.0111927
0.0973494
0.0446013
0.0214354
0.0553626
0.0601036
0.0747923
0.0795203
0.11461
0.0556707
0.0763738
0.0391271
0.0413906
0.0224186
0.0400375
0.024641
0.0192927
0.0531987
0.0898836
0.125423
0.0831761
0.0187311
0.0142618
0.0127688
0.0366412
0.0309679
0.135671
0.0290832
0.0477839
0.0836929
0.0282513
0.0170996
0.0655373
0.0440603
0.179261
0.0256894
0.120857
0.121285
0.0519375
0.0715369
0.0350772
0.0540729
0.049175
0.0151813
0.0442937
0.0236406
0.10319
0.0777924
0.0108306
0.0442555
0.0115289
0.0676704
0.135863
0.0272159
0.0730451
0.0305408
0.048797
0.0309785
0.0166623
0.0424394
0.0592463
0.059933
0.0667175
0.0186952
0.072483
0.0489195
0.0196866
0.0392859
0.16007
0.0304965
0.0139275
0.0157352
0.0395748
0.0951125
0.0783569
0.141925
0.0700887
0.0720083
0.0431219
0.0377651
0.0155638
0.0434308
0.0575304
0.150709
0.0454079
0.047287
0.101728
0.120462
0.0368622
0.132398
0.0697007
0.0773575
0.0498774
0.0104295
0.241617
0.0186956
0.157956
0.0447413
0.143916
0.00752855
0.142433
0.0586703
0.0552375
0.078559
0.0488894
0.0160663
0.0482231
0.0566165
0.0720455
0.0330932
0.0584045
0.0262825
0.0960233
0.09949
0.0722915
0.0355834
0.0891547
0.0478773
0.0650655
0.0301366
0.0267881
0.0220217
0.00933485
0.0950536
0.0620982
0.195466
0.022943
0.00890513
0.0221793
0.0181896
0.02752
0.0264997
0.0604909
0.242477
0.157461
0.0728409
0.103404
0.0185024
0.0192351
0.0708449
0.105919
0.0533467
0.0842195
0.110804
0.0600961
0.0473008
0.0786836
0.0376328
0.272194
0.0201058
0.0487382
0.242498
0.0463151
0.0563664
0.0697774
0.0715663
0.106485
0.0341753
0.194987
0.0119825
0.0289283
0.0720762
0.00866323
0.0471526
0.00663255
0.0473975
0.0403145
0.0339222
0.0227185
0.478305
0.0708525
0.0930657
0.0753924
0.0309984
0.0688646
0.0590836
0.152076
0.0365644
0.0971457
0.0276432
0.0146498
0.0591467
0.0755528
0.0381491
0.0436431
0.0409609
0.0710874
0.0439365
0.0570073
0.00874668
0.0832073
0.0244676
0.0105402
0.0853688
0.0809633
0.0583769
0.0650067
0.0491654
0.0421786
0.104963
0.102936
0.0692496
0.029441
0.239674
0.104204
0.0275451
0.111559
0.211311
0.0451546
0.0269453
0.104222
0.0565106
0.0460241
0.0156748
0.0547346
0.147373
0.0332006
0.0356735
0.0490215
0.0450441
0.112748
0.0268895
0.1593
0.0211082
0.108355
0.0327618
0.0479972
0.0491151
0.0407172
0.0403965
0.0928074
0.0194899
0.0398797
0.0331772
0.0401342
0.0168516
0.0227772
0.0544857
0.020786
0.0705506
0.0272572
0.020421
0.0398832
0.0293461
0.0548813
0.0871071
0.0899577
0.0332509
0.0321226
0.0455879
0.0529828
0.0420237
0.0320179
0.199125
0.0909122
0.0274497
0.0275264
0.0527698
0.0381149
0.0418576
0.0629215
0.0883858
0.0528489
0.0577495
0.0383037
0.0298119
0.0415506
0.0115302
0.0509713
0.151279
0.0177653
0.0983658
0.0494313
0.10697
0.0484402
0.0678257
0.0505134
0.102443
0.0817198
0.0580297
0.0889767
0.13621
0.0231896
0.0620217
0.0393541
0.0351025
0.0385081
0.028477
0.0876046
0.0595119
0.0526752
0.0618036
0.0218229
0.0787062
0.0584361
0.0501664
0.178139
0.018799
0.0396499
0.0346823
0.0574495
0.03587
0.0257943
0.0190205
0.0208601
0.0182612
0.157179
0.0167868
0.0463796
0.0450984
0.063419
0.0706003
0.388194
0.0214823
0.0417382
0.0496447
0.0514427
0.0905929
0.109846
0.0167719
0.042722
0.0394381
0.0732821
0.0924808
0.0864255
0.0313094
0.0654713
0.017861
0.0380721
0.014949
0.0493826
0.0321514
0.0748222
0.0178572
0.0780084
0.0141669
0.0516902
0.0986055
0.0572369
0.0347529
0.0473055
0.0274661
0.112543
0.184529
0.0930657
0.0326632
0.0353321
0.0134196
0.0948636
0.0530423
0.0687993
0.19426
0.0876118
0.0514536
0.143705
0.193571
0.0579095
0.0519165
0.0532365
0.0839092
0.0705097
0.0614097
0.0423669
0.0517721
0.0247111
0.243991
0.0388701
0.0870453
0.027026
0.121882
0.0220215
0.0247144
0.026582
0.0360988
0.0523589
0.0722994
0.0192846
0.0383387
0.0564794
0.0135862
0.0886396
0.0850155
0.0236715
0.041133
0.0361681
0.0572409
0.0246074
0.0290141
0.047626
0.10542
0.0758396
0.178219
0.0510906
0.0485497
0.0198562
0.0223638
0.0434388
0.0196935
0.0692958
0.151392
0.00705929
0.0214809
0.0575917
0.0376301
0.0705282
0.0126456
0.0723425
0.0516357
0.0347501
0.0883182
0.0225017
0.0452646
0.0300704
0.125035
0.0501828
0.0631046
0.0337801
0.0238741
0.0336002
0.0402402
0.0302733
0.0466261
0.0689237
0.254782
0.0858092
0.0105787
0.0678018
0.0620596
0.0548731
0.0265185
0.0536067
0.031042
0.0391788
0.0622355
0.0863957
0.0363216
0.0341089
0.0334557
0.0555262
0.0387336
0.0537321
0.0922743
0.0255557
0.0178219
0.122872
0.0756021
0.11728
0.0383315
0.0113209
0.0141144
0.0299639
0.0644075
0.162701
0.0311131
0.0697043
0.052407
0.0623815
0.0787215
0.00889668
0.00619644
0.0637617
0.0204679
0.0366027
0.0249838
0.107735
0.0895921
0.0888457
0.105182
0.124984
0.0310346
0.0365908
0.0320887
0.025097
0.026941
0.0568231
0.0558779
0.144815
0.0382408
0.0903794
0.0704764
0.0807994
0.0202276
0.0341427
0.057356
0.0388093
0.0287299
0.0193519
0.0255659
0.0531584
0.0434569
0.0449935
0.0251456
0.0900331
0.048853
0.0216455
0.0166752
0.0599857
0.0170892
0.0247192
0.0618713
0.164531
0.0956894
0.0445437
0.0881124
0.0578825
0.0375167
0.0675688
0.0134742
0.0417629
0.0356615
0.0533954
0.0535964
0.0585401
0.0405508
0.0388478
0.166018
0.409818
0.0432075
0.0579606
0.0908038
0.0824068
0.262775
0.0331891
0.0747326
0.00788346
0.049694
0.0140973
0.555568
0.147479
0.166047
0.05859
0.163067
0.141859
0.0247693
0.0341651
0.0748279
0.0623659
0.02488
0.0934095
0.0317994
0.109406
0.0819721
0.03796
0.0332963
0.0412865
0.0576768
0.025837
0.0195406
0.0812199
0.0390568
0.119418
0.0676705
0.0315668
0.0244722
0.113845
0.17218
0.0195942
0.077301
0.0449341
0.0497449
0.0980697
0.148034
0.0601011
0.0577132
0.197824
0.0179624
0.0115065
0.0285825
0.0407605
0.0245496
0.0387698
0.0285588
0.103883
0.169779
0.077083
0.024576
0.121665
0.0872173
0.0370878
0.0188618
0.0437026
0.0178449
0.015958
0.0816882
0.032266
0.0461313
0.0156492
0.0302634
0.930083
0.0594019
0.115567
0.178118
0.0365042
0.168675
0.030592
0.0642937
0.0696393
0.0246729
0.0261336
0.108927
0.0804046
0.11839
0.0375717
0.179245
0.0223172
0.0559706
0.0561153
0.037155
0.0187654
0.0217247
0.0765546
0.018275
0.0145287
0.0334282
0.0185128
0.0296102
0.0107473
0.0268965
0.0365224
0.0160796
0.0622679
0.149927
0.0678205
0.0459454
0.0184435
0.0628728
0.0671194
0.0339424
0.0526285
0.0166057
0.093351
0.0770098
0.118888
0.0611665
0.0600217
0.0861988
0.0613885
0.0537658
0.095212
0.0810688
0.0881748
0.143053
0.0450819
0.147743
0.0259508
0.0837891
0.0272011
0.053714
0.115271
0.0270863
0.0534683
0.102963
0.0421695
0.0713573
0.0553213
0.0287244
0.0426744
0.142174
0.0424218
0.0593082
0.0793278
0.0925339
0.0756919
0.0695687
0.0238299
0.178008
0.0375565
0.048826
0.0870114
0.0416197
0.0644729
0.0485026
0.0730552
0.0333842
0.0565726
0.0444036
0.18991
0.115665
0.0810555
0.234681
0.0195826
0.0344653
0.245549
0.0257225
0.106074
0.0233735
0.0356136
0.177118
0.05985
0.0371867
0.0331851
0.0370457
0.0268568
0.0567386
0.214928
0.0763219
0.0860491
0.357278
0.114381
0.109863
0.035929
0.0580207
0.0416918
0.043553
0.0381653
0.0860939
0.185436
0.107718
0.0753703
0.036861
0.0663418
0.0537946
0.0528335
0.0472411
0.257544
0.0965114
0.0487178
0.0748732
0.0598256
0.059938
0.0896208
0.020846
0.0643942
0.00934857
0.0720061
0.0667402
0.0435593
0.0661958
0.123106
0.0273391
0.0361147
0.0232431
0.0395398
0.145879
0.0353979
0.242749
0.031012
0.0358351
0.0640936
0.0397781
0.0154347
0.00544356
0.0594305
0.104412
0.0587749
0.0778979
0.0620067
0.126849
0.0217552
0.0691833
0.0169856
0.0416863
0.0552771
0.0347145
0.043016
0.0416108
0.081283
0.0222724
0.0463188
0.0969385
0.101639
0.0954873
0.0371865
0.0372049
0.09171
0.0704209
0.101514
0.0296965
0.174109
0.0530557
0.0379466
0.0267116
0.03202
0.0656508
0.110856
0.0121279
0.0291094
0.0211069
0.102195
0.328649
0.0236196
0.0223651
0.0349564
0.010143
0.139944
0.151551
0.0579262
0.0390708
0.0213323
0.185652
0.0625392
0.0494057
0.0786877
0.034291
0.0651941
0.0369489
0.0585022
0.0505825
0.0646019
0.0375371
0.0741282
0.0671717
0.0465768
0.0347373
0.121883
0.0190894
0.148336
0.146384
0.0327875
0.0279252
0.0359509
0.0604176
0.00778048
0.0483751
0.167393
0.07569
0.11585
0.0579746
0.0389036
0.042498
0.0306907
0.038596
0.0338857
0.111498
0.123081
0.0218976
0.100217
0.0497784
0
0
0
0
0
0
0
0
0
0
0
0
0
0
0
0
0
0
0
0
0
0
0
0
0
0
0
0
0
0
0
0
777777