2.66798
999999
-0.331473
-0.41025
0.206722
-0.0855663
0.104304
-0.135493
-0.0682042
0.31209
0.0606168
-0.0311181
0.2341
0.0805895
-0.00616696
-0.00413591
-0.140535
0.220018
0.635274
0.151336
0.402953
-0.234821
0.00561095
-0.181951
-0.0462386
0.3858
0.304972
-0.0271629
-0.0589347
-0.548015
0.0276676
0.978292
0.313039
-0.0502216
-0.138984
-0.172657
-0.261204
0.250077
0.244183
0.220256
-0.0609732
-0.00621064
0.244412
0.0674968
1.46802
0.175803
0.387976
0.315233
-0.219054
-0.260221
0.169558
0.510142
0.183525
-0.211409
0.391834
0.448184
0.565492
0.237989
0.0133825
0.200349
0.359648
0.0688155
0.539119
0.292843
-0.0453517
-0.14534
0.162429
-0.522275
0.260163
0.14181
0.318616
-0.0438434
0.0482906
0.0299693
-0.448855
-0.268267
-0.275067
0.0849392
-0.0648525
1.03336
0.138632
0.0451263
0.231812
-0.125547
0.0385018
0.491808
0.115769
0.746064
-0.271773
0.29832
-0.432495
-0.78474
-0.489905
0.188397
0.563954
-0.459639
0.128222
-0.0519255
0.02648
0.858084
-0.531933
0.119222
0.0614332
0.0242913
-0.190938
0.0823502
0.137555
-0.309581
-0.298617
0.532961
0.0959174
-0.0914697
-0.227578
-0.161141
-0.119262
0.601239
-0.259979
0.254837
0.285984
-0.632536
0.260962
-0.136144
-0.035964
-0.142298
-0.115792
-0.307762
0.0334981
0.502083
-0.371616
0.0542497
0.579075
-0.159218
1.13365
-0.743555
1.05472
0.286275
0.0125529
-0.0189182
-0.269347
0.252437
0.451409
-0.45693
0.675344
-0.164049
0.223715
-0.0558889
0.244252
0.151381
0.0571152
0.358608
0.0970691
0.17442
0.554758
0.63032
-0.180886
-0.468325
0.0244641
0.779535
-1.04243
0.220295
0.227074
0.436721
-0.105032
0.107067
-0.0415201
0.182308
0.0960298
-0.496771
-0.815748
-0.529598
-0.0701406
0.00724455
0.343947
-0.0126391
-0.925903
0.172412
-0.539638
0.158567
-0.0492411
-0.361081
-0.27934
-0.348688
0.0754592
0.71485
-0.370102
0.00638345
0.116191
0.182242
0.147044
-0.199468
-0.246546
0.559526
-0.0466451
0.883389
0.472329
-0.466847
0.444326
0.204299
-0.122955
0.395544
0.00335412
0.527076
-0.512152
-0.379992
-0.220524
-0.467953
-0.254669
0.0133525
-0.180267
-0.133629
-0.0504337
0.0527899
0.0188005
0.273623
-0.582934
-0.358098
0.156137
-0.929113
0.362346
0.0942438
0.508383
0.0790364
-1.84327
-0.499031
-0.162367
-0.979754
0.149087
-0.463241
-0.13328
0.248657
0.156426
0.171148
0.504996
0.358792
1.26843
-0.242398
-0.0882512
-0.833273
0.11999
0.130408
0.150974
-0.837269
-0.490001
-0.31061
0.220819
0.26209
0.078632
-0.331429
-0.00735393
0.358014
0.613725
0.12698
0.0668517
0.767237
-0.0832319
-0.194317
0.12165
0.137147
-0.292937
-0.605269
-0.168678
-0.607521
0.261277
0.214143
0.556558
0.153514
-0.00967858
-0.270995
0.48615
-0.634039
0.213376
-0.450896
-0.0623642
-0.438176
0.309209
0.342318
0.20085
0.295353
-0.175736
0.248176
-0.27771
0.109372
-0.167825
0.44035
0.00394016
0.456292
-0.459205
-0.135503
0.0598807
-0.501527
-0.03794
0.35953
-0.0713151
0.22576
-0.375275
0.243343
0.382174
0.644306
1.24077
0.228807
1.0229
0.816507
-1.7092
0.34467
-0.163778
0.671248
-0.233243
0.611637
-0.100786
0.37909
0.560177
-0.678656
0.302603
-0.376551
-0.0151671
-0.18672
0.229857
0.217206
0.584399
-0.353655
0.715539
0.0873112
0.0344776
-0.100661
0.0694247
-0.127665
-0.459346
-0.201657
-0.38147
-0.704259
0.354839
-0.571996
-0.725317
0.281119
0.125851
0.282352
-0.399308
0.408549
0.228024
-0.147707
0.743001
0.244874
0.63787
-0.118727
0.280224
0.229561
0.0956546
-0.246537
0.241577
0.0380191
-0.561246
0.866392
-0.26858
-0.0856643
-0.0325987
0.105265
0.0886779
0.37133
-0.430821
0.0967572
-0.97471
0.159419
-0.875122
-0.107775
-0.135902
-0.188573
0.422669
0.268986
1.43858
0.0224699
-0.591633
0.328144
0.045182
-0.778838
0.102796
-0.344188
0.166048
-0.308459
0.200966
-0.381291
0.320142
0.00403075
-0.155513
0.436115
0.187825
-0.197221
0.087608
0.424184
-0.566081
-0.924861
-0.0300495
0.153681
-0.122508
-0.115479
-0.963146
-1.4593
0.191484
-0.309423
0.14632
-0.710332
-0.14586
0.393993
0.176239
-0.101116
1.86246
0.448284
-0.512565
0.893087
-0.0437303
0.162502
-0.896858
-0.21982
-0.492521
-0.0890627
1.21528
-0.0838389
-0.354797
-0.391564
0.219089
-0.56117
0.227841
-0.985361
0.0049174
-0.0475157
-0.0901242
-0.129603
-0.316706
-0.388464
0.0925299
-0.0179942
-0.110883
0.169075
-0.0190666
0.472929
0.171841
0.0902565
-0.27735
-0.285651
0.362811
0.607544
-0.294452
0.459655
0.0377336
-0.0960698
0.0077053
-0.244401
-0.177028
0.143643
-0.311229
0.222471
0.387278
-0.242779
0.282751
-0.141202
0.00909398
0.336082
0.0760561
0.624117
0.108354
-0.204158
-0.288761
-0.0869111
0.321993
-0.128241
-0.0433096
0.612958
0.0200153
0.0212397
0.596439
0.317924
0.407461
-0.436065
0.00441267
-0.0593456
-0.073737
-0.0913293
-0.659508
-0.0844513
0.377837
-0.676543
0.707295
0.187067
-0.0474685
0.372635
0.209933
-0.315048
-0.704289
-0.209315
0.214278
0.468523
0.319572
0.444883
-0.488502
-0.429629
-0.048377
-0.177128
0.37534
0.0356043
-0.262274
-0.174228
-1.54134
-0.396722
-0.338007
-0.691899
0.486181
-0.41853
-0.36718
0.229519
0.667886
0.32417
0.0110838
0.158757
0.159084
0.112318
-0.371642
-0.300178
0.0743317
0.572404
-0.104986
0.350254
0.397556
-0.463926
-0.144358
-0.319686
0.457713
0.387312
0.476353
0.0760943
0.810043
0.164098
0.0452292
0.200934
-0.384737
-0.290781
-0.099795
-0.0962017
0.202417
0.021332
0.200478
-0.375684
-0.921274
0.55732
-0.0561072
0.258645
0.242577
0.0616401
-0.380392
-0.274732
0.376504
0.0753135
-0.00494717
-0.107824
-0.249125
-0.379299
-0.522663
-0.479137
0.254532
-0.100777
-0.165976
0.485071
0.422778
0.850054
0.250676
-0.775343
0.612958
0.206635
-1.3171
0.170102
-0.216283
0.485282
0.222381
0.323514
-0.758992
-0.232671
-0.98718
-0.233196
0.263291
-0.14576
0.013442
-0.783328
0.0739374
-0.220415
0.409316
-0.237827
-0.0193075
1.16531
-0.424145
0.104705
0.497564
-0.0671723
-0.36127
0.0995618
0.517356
-0.231375
0.344961
0.102165
-1.23887
0.141765
-0.463043
0.12283
-0.149804
0.441
-0.16765
-0.170118
-0.226515
0.846694
0.321068
-0.148563
0.119424
-0.537274
-0.256329
-0.33884
0.310053
0.158557
0.821249
0.308193
-0.087486
0.360742
-0.000145848
-0.790998
-0.0919382
0.30247
-0.393985
0.234346
0.130781
0.371606
-0.155412
-0.0153373
0.439984
0.0300255
0.116662
-0.66243
0.0635301
0.0773518
-0.0154462
-1.06235
0.175881
-0.665676
0.168656
0.324291
-0.276871
0.554048
0.756712
0.2724
0.142528
-0.533199
-0.0529195
0.0324091
0.500502
-0.144413
-0.0993238
-0.569256
0.224396
0.348499
0.173764
-0.259807
-1.02825
0.254982
0.212966
0.157966
-0.626877
0.359234
-0.0804876
-0.494564
-0.0265527
-0.052329
0.224688
-0.0783669
-0.401772
0.619859
-0.0997253
0.331344
-0.0561957
0.023935
0.355489
-0.389192
0.10688
-0.393686
0.127243
-0.392672
-1.06441
-0.255325
1.14023
0.311555
-0.131233
-0.792805
-0.302247
0.498722
-0.456709
-0.100905
-0.302387
0.861649
-0.525775
-0.15307
0.440439
-0.248033
-0.733373
-0.304628
-0.470071
-0.423002
-1.02788
-0.645897
-0.0655855
-0.618113
-0.028442
0.461628
0.252679
-0.0605068
-0.052295
0.0404646
0.0929494
-0.288291
-0.24762
-0.0854217
0.301069
-0.23218
-0.162579
0.353731
0.434311
-0.125539
0.214956
0.0400348
-0.267849
0.285892
-0.591035
-0.127458
-0.271426
-0.285928
-0.179179
0.618939
-0.264179
1.35417
0.226965
0.0464633
-0.494579
-0.450972
0.419205
0.198099
-0.342764
-0.147894
0.0397866
0.639733
-0.335628
0.158123
-0.220441
0.15969
-0.514355
0.038338
0.111487
-0.276557
-0.202842
0.137137
0.432039
-0.362368
0.735555
0.0447131
0.946296
0.160396
-0.587634
-0.445825
0.528249
-0.0474549
-0.915302
0.353243
0.133254
0.117729
-0.0302009
0.0875108
0.0604213
0.108552
0.276366
-0.480509
-0.28173
-0.323726
-0.194755
-0.892093
0.0262866
1.06517
-0.0114371
-0.339513
0.636297
0.0415916
0.142227
-0.472167
-0.523849
0.501948
-0.227557
0.131767
0.0585015
0.39126
-0.64739
0.0702398
-0.00681513
0.0421782
0.280471
0.0406295
-0.680191
0.561678
0.224079
0.501387
0.441785
-0.290938
-0.163963
-0.0347636
0.583662
-0.32505
0.0673525
-0.664196
0.322996
0.0715906
0.266851
0.144098
-0.0582244
-0.734198
-0.120498
0.00450093
-0.983271
-0.470262
0.0731382
-0.363879
0.78829
0.00667786
0.17578
0.0147065
0.712912
-0.00389133
0.874141
0.00437121
-0.0974042
0.268433
0.0750682
-0.17829
-0.0979804
0.0478008
-0.0623981
-0.00863918
0.316551
0.130226
-0.102506
-0.111172
-0.0974501
0.119405
0.259229
-0.258882
0.530361
-1.41111
0.236577
-0.211588
-0.273125
-0.0445674
-0.0190415
0.0167119
-0.289606
-0.00070651
0.118625
0.616986
-0.225828
0.396105
-0.214171
0.38434
0.0723185
0.143141
0.0951519
1.12852
-0.183287
-0.203134
0.0708902
-0.15768
-0.0136394
-0.219242
-0.138948
-0.833324
0.39711
0.0613346
0.401953
-0.0948912
-0.495982
0.114711
-0.372942
0.0525128
0.0173197
-0.481846
0.524802
-0.0521636
-0.35656
0.115763
-0.249933
-0.323769
0.285286
-0.750035
0.0356179
0.368134
-0.382002
0.277667
-0.225418
-0.00278966
0.669013
-0.260648
0.891784
0.250202
0.263421
-0.115757
-0.316952
0.452384
-0.0767365
0.215315
-0.323369
0.188488
-0.417131
-0.20539
0.289885
-0.732975
0.280664
-0.0568358
0.190191
-0.03948
-0.0705543
-0.421084
0.214128
-0.311355
-0.738314
-0.366408
-0.241394
0.276693
-0.0538614
0.139688
-0.127691
0.101381
-1.17061
0.749797
-0.0368796
-0.0536304
0.158525
-0.19435
0.0181958
-0.066145
0.455643
-0.37024
0.874816
-0.389817
0.241434
0.233383
-0.00639564
0.126938
0.35847
-0.793207
0.0372459
0.0706925
-0.0927823
-0.323783
-0.136982
0.25308
-0.315297
-1.30415
-0.408504
-0.195583
-0.956704
0.0842237
-0.898771
-0.0359109
-0.228875
0.0521516
0.987464
0.178324
0.772424
-0.149185
-0.543141
0.235931
-0.0691565
-0.0119237
-0.217406
-0.00881932
-0.432217
-0.0587658
-0.0702212
0.157409
-0.815234
-0.462625
0.376872
-0.138251
-0.436327
0.162943
0.435315
-0.452621
0.00271372
0.298537
0.0562689
0.635018
0.431856
-0.34848
0.418673
0.323518
-0.494969
0.0942138
-0.239964
0.163135
0.320635
0.404567
0.372973
0.0655993
-0.365535
-0.208296
0.18438
0.211585
0.191739
0.309092
-0.110582
-0.328245
0.637387
-0.184805
0.0691777
0.607485
0.936748
-0.078697
0.0568836
1.37143
-0.05185
-0.140709
0.336481
-0.751855
0.169886
-0.0990492
1.39565
-0.225838
-0.422304
-0.389539
0.00961802
-0.276522
0.025028
0.0276599
0.0345175
0.209826
-0.131166
-0.402806
0.323503
-0.386934
0.195182
-0.493352
0.313444
0.586151
0.120774
0.0997057
-0.182065
-0.106368
0.0939133
-0.858095
-0.111554
-0.186753
0.225079
-0.436922
-0.256915
0.43324
-0.0319639
-0.0855787
-0.06329
0.405812
0.169829
-0.665247
-0.0858361
0.259676
-0.0947977
0.139151
-0.660799
0.690971
0.339822
-0.48091
-0.0620026
-1.25898
-0.610097
-0.358145
0.107263
-0.500985
-0.519917
-0.0622056
0.562846
0.138487
0.053757
0.131247
-0.753657
1.40012
-0.292474
-0.163617
-0.0179254
-0.0925001
-0.283135
-0.0669866
0.0354714
0.276861
0.677158
0.140256
-0.349949
-0.226107
-0.0672302
0.28568
-0.169875
0.349183
0.0710929
-0.161426
-0.966632
0.292218
0.143992
0.706695
-0.111367
-0.0883754
0.0611599
-0.668192
0.340818
0.176326
0.0560648
0.0654376
1.16407
0.182639
-0.0158578
0.00851851
-0.134486
0.0395227
-0.354069
0.305788
-0.846519
-0.587221
-0.0614903
-0.199902
0.467661
0.289041
-0.121413
-0.197321
-0.342203
-0.632194
0.0931251
0.0874804
-0.0594997
-0.302213
0.396111
-0.859298
-0.00307216
0.232355
0.586468
1.0955
0.156716
-0.169721
0.431419
-0.533153
-0.260184
0.143122
-0.407854
1.26462
-0.331727
-0.686242
-0.0175542
-0.144001
0.0502657
-0.405983
0.479298
0.254584
-0.220978
0.101257
-0.203454
-0.654895
0.607144
0.0343497
-0.132108
0.0953124
-0.267619
-0.0848494
0.268994
-0.224701
0.15101
0.11804
-0.167139
-0.249296
0.937276
0.16669
0.0923673
-0.390544
0.345538
-0.139059
2.07891
-0.0620844
-0.439121
0.21024
-0.101509
0.570011
-1.11344
0.395369
0.00817207
0.358133
0.0583091
0.250907
-0.440507
0.249725
-0.0132159
0.015426
0.183747
0.218216
-0.226311
0.177099
-0.20077
0.527485
-0.902745
0.100925
0.167969
-0.326496
-0.221017
-0.300467
-0.194924
-0.0934423
0.515851
-1.16327
0.0730448
0.127514
-0.0990099
-0.356206
-0.309811
0.226742
0.50073
1.29305
-0.550626
-0.669695
-0.15753
1.17486
-0.0616052
0.455253
-0.592623
-0.0683474
-0.156121
-0.114462
0.175037
0.158497
0.00676573
-0.338383
-0.052952
-0.548814
-0.184381
-0.721801
0.118011
0.381599
-0.318927
0.145246
-0.559955
0.943647
0.0652897
0.0735386
-0.188925
0.357171
0.739369
0.639681
0.57542
0.126614
0.122889
0.426216
0.00596965
0.221586
-0.201428
0.192525
0.0737194
-0.665793
0.448518
-0.472624
0.244294
0.138308
0.192624
0.322237
-0.152825
-0.276039
-0.416769
0.325471
0.128251
-0.08586
0.388708
-0.165705
0.618517
0.192596
0.515066
0.30742
-0.183509
-0.168222
-0.555851
-0.0979593
-0.478629
-0.690774
0.0678838
-0.523596
0.107194
0.358377
-0.529906
-0.0718082
0.222354
-0.902377
0.310167
-0.26367
-0.279603
-0.02333
-0.252715
0.214056
0.131292
0.250502
-0.197939
0.223965
0.542835
0.17896
-0.537537
-0.197142
0.691216
-0.0271358
0.389424
0.0579398
0.0421366
0.211799
0.226474
-0.353728
0.500268
0.484506
0.183952
0.153683
-0.489686
0.678832
-0.775981
-0.010625
0.0518615
0.136045
-0.0475212
1.04416
-0.170634
0.317446
0.56967
-0.0455999
-0.463159
-0.0999753
0.287363
-1.00952
0.669106
-0.438181
0.564448
-0.0512312
0.00656012
0.139823
0.126072
0.420434
-0.399599
-0.451958
-0.283323
0.0204005
-0.107721
-0.864496
0.852802
0.224344
0.105455
0.101853
-0.207406
-0.556786
-0.177637
0.0831576
-0.426713
-0.560182
0.269233
0.0427903
0.235525
-0.10313
-0.0823625
0.0126197
0.0379333
-0.145767
-0.147671
-0.421089
-0.298126
-0.891131
-0.502847
-0.473155
-0.640377
-0.292304
-0.118324
0.101151
0.358134
0.035356
-0.151941
-0.372041
0.527315
0.439109
0.209643
0.0323031
-2.38186
0.0240302
0.431154
0.0997166
0.216372
0.127254
-0.131195
0.826519
-0.255608
0.160346
-0.138224
2.32202
0.629752
0.663497
0.00265347
0.53232
0.253505
-0.0687162
0.308602
-0.266083
0.260624
0.440392
-0.640423
0.00907201
-0.59824
-0.298999
-0.200287
0.573677
0.356477
-0.400932
0.298909
0.210987
0.566098
0.18439
-0.164174
0.229602
-0.4669
-0.115939
0.555784
-0.264343
-0.0823295
-0.00329005
0.474095
0.047878
-0.0126161
-1.02685
-0.369837
0.344763
-0.0393511
0.469557
-0.107075
0.232968
0.297306
-0.00781216
-0.0277672
0.290745
0.726422
-1.68451
-0.0277297
-0.100257
0.287992
-0.396401
-0.782443
0.317919
0.129462
0.12197
0.181829
0.137317
0.424369
0.105886
0.0949085
-0.979876
2.31309
0.208258
0.319909
1.11554
-0.332958
0.293662
-0.228396
0.0339297
0.737969
-0.0951624
-0.51029
0.0667422
-1.21632
-0.139349
0.294007
0.536565
0.162408
0.22592
-0.233957
0.176007
-0.00295827
-0.173995
0.485745
0.179148
-0.277272
0.245007
0.0825381
-0.234413
0.0983412
-0.0527009
-0.0931009
0.119507
0.454192
0.367753
-0.143317
0.0390194
-0.555764
0.257522
-0.112513
-0.139316
0.307904
0.445967
-0.168907
0.62653
-0.426486
-0.271122
0.448086
0.236915
-0.18087
-0.609524
-0.238369
-0.511255
-0.0682386
0.568727
0.11474
-0.499845
-0.51612
-0.84353
0.269522
-0.342789
0.195516
0.385036
-0.0387208
0.367948
0.0407925
0.0529264
0.608717
0.421199
-0.0912035
0.49222
0.0145746
-0.408245
0.153827
-0.0100671
-0.476252
-0.33319
0.321779
0.00727249
-0.0137737
0.336603
-0.678036
0.0740994
0.31612
0.0466357
0.249459
-0.20426
0.0821641
-0.0121935
0.0363318
-0.241139
-0.562037
0.210608
-0.316731
-0.0219218
2.39604
-0.121603
-0.357278
0.222819
-0.20897
0.173916
0.417212
0.246902
-0.139123
0.265235
0.00424785
-0.121917
-0.786389
-0.155617
0.252316
0.650919
-0.727023
-0.415023
-0.151187
-0.800025
0.387948
-0.572027
-0.107768
-0.0363443
0.200426
-0.880423
-0.430589
-0.237318
0.141795
-0.202275
-0.336008
-0.149524
-0.65763
0.752783
-0.305331
0.44298
0.022428
0.207292
0.414745
0.241269
0.201069
-0.0874432
0.783804
-0.496181
-0.0638566
-0.224367
0.0772049
-0.141429
-0.146857
0.23292
-0.127415
1.07768
0.298448
0.57874
0.150743
0.173421
-0.418125
0.639838
-0.216405
0.111634
-0.448349
-0.366138
0.0271361
0.287266
0.277725
0.0239756
-0.0252102
0.947553
-0.0515336
0.222858
-0.762976
-0.172999
0.3585
-0.278317
-0.0142994
0.396806
-0.656301
-0.289808
-0.789136
-0.400684
-0.434297
-0.00450453
-0.535375
0.0218403
-0.60907
-0.140289
-0.444208
0.134312
0.151786
0.173949
-0.400147
0.378879
-0.50905
-0.159844
-0.252999
-0.0758398
-0.93651
4.34114
0.397712
-0.144965
0.0527281
0.0342036
0.147954
-0.313135
-0.119564
0.388022
0.0487718
1.95248
0.00811345
0.392662
-0.102541
0.50653
-0.153806
-0.00248979
-0.58326
-0.241736
0.151155
-0.333122
-0.336831
-0.093314
-0.0766145
-0.0746281
-0.828716
-0.272701
-0.0840184
0.928623
-0.39815
0.107871
0.367029
0.0840414
0.249247
-0.0107959
0.418426
-0.273338
-0.88901
0.224425
0.0621886
-0.0657683
0.357095
0.0570188
0.315832
0.61115
0.720523
0.191359
0.475798
0.390351
0.0845411
-0.183404
0.17198
-0.163149
0.0570926
-0.183599
0.104672
-0.16808
0.0231031
-0.113866
-0.104268
0.128119
0.0246999
-0.115726
-0.193223
0.0111041
0.0682237
-0.156079
-0.0685226
-0.156845
-0.0763311
-0.0496129
-0.048363
-0.0107757
0.0357473
-0.0172453
0.127606
0.0530418
0.162334
0.0869917
0.127751
0.184639
888888
0.0353367
0.0216817
0.0563712
0.0179062
0.0246522
0.0336206
0.0411352
0.0950786
0.0299255
0.084549
0.0696095
0.0352331
0.141069
0.0271004
0.013659
0.0296058
0.0799016
0.0129839
0.0467395
0.126441
0.0255696
0.0874017
0.0971632
0.0349166
0.0496789
0.0108542
0.0281621
0.287701
0.0155643
0.0713604
0.0733501
0.0201004
0.0545624
0.0840599
0.0412816
0.0545142
0.0517462
0.0169841
0.0680375
0.0279657
0.0373218
0.0328671
0.178511
0.0317804
0.030244
0.0306346
0.023222
0.0521452
0.0220543
0.00996469
0.03218
0.0365088
0.0647679
0.0949998
0.0528774
0.051794
0.0303944
0.0254479
0.0263531
0.025942
0.154896
0.230396
0.0441877
0.0646694
0.10887
0.0670088
0.0287884
0.0148892
0.0510089
0.196705
0.0931267
0.161121
0.0645923
0.0212284
0.0351331
0.0172736
0.030445
0.114176
0.0524717
0.0479873
0.0451202
0.0454935
0.0770045
0.0765066
0.0204544
0.163628
0.0767414
0.0452944
0.0403704
0.0774077
0.0335195
0.0244451
0.110378
0.0212599
0.0325723
0.0105508
0.0740469
0.0652506
0.0469183
0.07552
0.0361596
0.0624722
0.0703771
0.0458342
0.083175
0.0925806
0.0550361
0.0476006
0.0873996
0.110769
0.14603
0.179549
0.0319
0.0248003
0.0522612
0.0565568
0.0457026
0.0458493
0.0404615
0.0852732
0.0937927
0.0711886
0.0127561
0.0498219
0.0714774
0.16384
0.152013
0.0380416
0.0369137
0.0632959
0.149525
0.0773127
0.137148
0.0514373
0.0276477
0.0426505
0.0696099
0.0277077
0.204171
0.100725
0.0430119
0.0291778
0.0198368
0.0469707
0.141592
0.127197
0.0438605
0.0299669
0.0381923
0.0456555
0.0461408
0.0765188
0.0147699
0.0583077
0.112273
0.142651
0.319095
0.0272833
0.0645844
0.0407264
0.0115614
0.042024
0.0422614
0.0610462
0.091923
0.00656985
0.117017
0.0364282
0.115518
0.122586
0.141234
0.0373188
0.169221
0.0622396
0.175274
0.0144744
0.0260219
0.0266831
0.0748248
0.0632466
0.0157505
0.0487603
0.0324313
0.0989008
0.0220757
0.0335874
0.0195556
0.0349022
0.0149702
0.0673883
0.0727395
0.0880266
0.0562207
0.286517
0.0524268
0.0139669
0.0771647
0.0650854
0.0312534
0.0323243
0.0503507
0.0566997
0.124757
0.0221214
0.123976
0.04575
0.0947473
0.0603237
0.0520869
0.0975752
0.0595443
0.0246378
0.0598886
0.0301316
0.0409569
0.0760716
0.0256861
0.0308227
0.0411073
0.0253408
0.281747
0.0542318
0.0309743
0.491199
0.0640878
0.0981819
0.0248731
0.0372606
0.0580613
0.0309295
0.118495
0.0584681
0.288228
0.0706509
0.0130193
0.0425567
0.0342309
0.0174687
0.179925
0.145496
0.0343351
0.0476616
0.0686234
0.0747119
0.022027
0.0547888
0.0397859
0.0615568
0.0503413
0.0122077
0.0316645
0.104459
0.0509628
0.0424138
0.0411315
0.0454556
0.0526583
0.0507469
0.0178864
0.097552
0.0498699
0.0542206
0.0508562
0.0379874
0.0319715
0.201804
0.0414204
0.113169
0.0481197
0.0961901
0.0689118
0.0635813
0.0262041
0.108612
0.0938508
0.0356921
0.105561
0.0741388
0.0570135
0.123785
0.0187361
0.0428237
0.0696592
0.106731
0.10213
0.0488767
0.0751795
0.0524727
0.00721628
0.0229154
0.0371813
0.0665713
0.0421289
0.0439131
0.0591278
0.0833993
0.109691
0.127156
0.0530732
0.0215798
0.154725
0.0360328
0.0120564
0.142265
0.0501583
0.206517
0.0116964
0.022026
0.0702246
0.1658
0.0211584
0.0943141
0.0365064
0.0274458
0.0916718
0.0192739
0.0236254
0.0691241
0.270885
0.0393835
0.152866
0.0714574
0.0714427
0.0534903
0.0402057
0.0593527
0.0385318
0.108453
0.0289023
0.0798366
0.226885
0.0446974
0.0152364
0.045537
0.0182004
0.143185
0.0307646
0.0154803
0.131649
0.0323531
0.0685313
0.0632134
0.0337413
0.0382077
0.258403
0.068396
0.0288215
0.03779
0.0534861
0.111688
0.0625743
0.0997453
0.0679329
0.0155689
0.0123114
0.0412108
0.0251188
0.0648432
0.035357
0.0856568
0.0526625
0.107678
0.028596
0.067054
0.0783051
0.039822
0.0872239
0.0240553
0.0735012
0.110288
0.0384237
0.132842
0.012233
0.0134674
0.0355745
0.0395792
0.0898972
0.0151971
0.0287868
0.0320029
0.0364565
0.0429749
0.0782273
0.0958813
0.0626652
0.0330624
0.0464878
0.0759868
0.120022
0.0913696
0.075426
0.133866
0.0705943
0.165204
0.0192628
0.0258772
0.0400833
0.0740709
0.0618421
0.0699018
0.0411793
0.0623106
0.123356
0.0933256
0.0151882
0.0420215
0.025158
0.0404994
0.372404
0.0313991
0.0715512
0.018879
0.111503
0.105079
0.0402113
0.0177632
0.0503456
0.0387115
0.0769617
0.169132
0.0985
0.0155868
0.0312459
0.0658202
0.0333608
0.0356406
0.043658
0.0314528
0.0557573
0.0573696
0.0562278
0.0475804
0.0254987
0.0514203
0.0359524
0.0833853
0.0779928
0.0581123
0.0349113
0.0497163
0.0366444
0.0212864
0.0306455
0.0336442
0.223667
0.0146029
0.045091
0.0245323
0.0804825
0.0508051
0.0276263
0.0389592
0.0138771
0.0435514
0.0226038
0.106547
0.0266557
0.0444579
0.0490912
0.0248316
0.0254938
0.0465511
0.0315322
0.0763779
0.111561
0.0163016
0.0269709
0.028661
0.0451305
0.0523881
0.0470485
0.00884695
0.0666614
0.0368807
0.0254927
0.101156
0.0445783
0.0485837
0.13305
0.0534881
0.0721105
0.0639481
0.0532391
0.105052
0.068915
0.0600631
0.0872842
0.089776
0.148835
0.0612371
0.0225548
0.0418389
0.032845
0.0833432
0.0516807
0.0496573
0.0606879
0.0192579
0.103071
0.0247211
0.0326365
0.0217504
0.0823659
0.093139
0.016527
0.0199963
0.224386
0.0433715
0.0939578
0.0418973
0.0623652
0.0336813
0.044768
0.158873
0.104859
0.111307
0.0653965
0.0179926
0.0731224
0.0339434
0.0291091
0.077148
0.125254
0.0476636
0.0669324
0.0542376
0.104592
0.166169
0.0539666
0.0268385
0.0736145
0.0745517
0.0540605
0.0468283
0.0831172
0.0455718
0.0875751
0.0518117
0.0443822
0.0406143
0.0396494
0.195297
0.0272334
0.0752719
0.0446742
0.0537599
0.0198291
0.0206257
0.0439499
0.0652179
0.0373404
0.0764539
0.0689947
0.0966457
0.102671
0.0625155
0.0574716
0.00835516
0.0821065
0.120652
0.178848
0.0724688
0.0625673
0.0399656
0.255104
0.0490559
0.0552589
0.0375729
0.11445
0.065372
0.13772
0.0320511
0.111507
0.0350755
0.0128339
0.0379116
0.0334999
0.0323756
0.215867
0.0885385
0.0321989
0.0298493
0.0298605
0.102991
0.0722179
0.0674439
0.223503
0.0721969
0.0695558
0.0218022
0.0496033
0.0425041
0.0873832
0.0317838
0.166029
0.253168
0.0227643
0.201263
0.0305499
0.313618
0.0116579
0.0213492
0.0546036
0.148938
0.157012
0.0566511
0.0364345
0.0358648
0.0338651
0.0111963
0.0352626
0.0747868
0.13557
0.0723316
0.0465267
0.0439463
0.0901926
0.0805777
0.060571
0.0225941
0.0291399
0.0202304
0.0298198
0.080933
0.0417521
0.0562383
0.0831391
0.0521992
0.0564935
0.072224
0.0309003
0.0169013
0.0143819
0.149225
0.0357465
0.0471402
0.0172683
0.0683418
0.0163134
0.17983
0.0339269
0.0327916
0.0902541
0.0585106
0.0212144
0.0341361
0.13549
0.0342399
0.0584701
0.0731268
0.0525056
0.054602
0.0271452
0.0220785
0.103237
0.0487159
0.135609
0.0481759
0.0295443
0.0268402
0.0323371
0.0678944
0.0256289
0.157079
0.0357684
0.0478287
0.0695628
0.205663
0.0636224
0.0430135
0.0761787
0.0204631
0.0557812
0.0121285
0.216378
0.220167
0.0454639
0.0136329
0.173366
0.0901239
0.102129
0.0387531
0.0230698
0.110834
0.075045
0.0410501
0.0144991
0.131417
0.0966735
0.104946
0.0601251
0.0653258
0.0921429
0.0600996
0.0213256
0.0379966
0.0483096
0.0211378
0.143253
0.0854922
0.0120095
0.0642389
0.0109747
0.0354689
0.0539086
0.0461542
0.0368235
0.0470897
0.0238808
0.0313705
0.0291136
0.038607
0.0939613
0.0459937
0.0674876
0.043004
0.0863739
0.0194867
0.128513
0.228087
0.0258128
0.0277237
0.198764
0.00820687
0.124077
0.0475848
0.080847
0.0659764
0.013306
0.198204
0.0359582
0.044583
0.203209
0.017499
0.0481865
0.0958446
0.0723833
0.0470965
0.0408199
0.16335
0.0854685
0.0232698
0.116477
0.017097
0.0397685
0.0797256
0.0698966
0.0371955
0.0614505
0.104282
0.107097
0.0229717
0.181258
0.027153
0.137793
0.0314245
0.0631369
0.0725205
0.0409947
0.0329154
0.0282072
0.0917768
0.034868
0.012347
0.0326478
0.0262516
0.0502183
0.0273128
0.104492
0.0333497
0.165692
0.105045
0.0700379
0.130857
0.0776044
0.0999635
0.0460748
0.03327
0.216832
0.0885831
0.0343356
0.105048
0.0451974
0.021271
0.0140532
0.11646
0.0325352
0.0545936
0.0338161
0.0378475
0.0903648
0.0205053
0.0131511
0.120941
0.0550908
0.333929
0.0373689
0.126589
0.0514403
0.0193594
0.0665775
0.0926669
0.0965077
0.0386759
0.0455415
0.141469
0.0323994
0.0431857
0.0115819
0.040817
0.192803
0.0925069
0.0477895
0.0746261
0.20941
0.0421619
0.0370251
0.0568142
0.0981569
0.0312999
0.0301434
0.0683622
0.0661849
0.0243066
0.131638
0.0332787
0.0225674
0.0336464
0.0684549
0.00815551
0.0762929
0.0680724
0.015907
0.0751951
0.015058
0.0104835
0.196811
0.029499
0.0687465
0.0202654
0.068639
0.0315906
0.0406823
0.17566
0.0251467
0.0242035
0.0450977
0.0395356
0.0510183
0.0374896
0.101276
0.0141495
0.023603
0.0735734
0.0262241
0.0146738
0.0841954
0.067346
0.0280355
0.0313433
0.034653
0.402654
0.0100587
0.114201
0.0506835
0.0201036
0.0558975
0.0666084
0.0707715
0.0773524
0.132787
0.0541743
0.0717183
0.0391807
0.0473091
0.0234132
0.0451305
0.0251183
0.0203003
0.0497557
0.0893845
0.140811
0.0773083
0.0182155
0.0150448
0.0138302
0.034936
0.0328997
0.149429
0.0297447
0.0409361
0.0704808
0.0327915
0.0140765
0.0502739
0.0480908
0.183667
0.0281569
0.134902
0.111492
0.0525297
0.0635989
0.0325283
0.0522859
0.0521586
0.0144432
0.0453489
0.021362
0.105964
0.0692476
0.0120794
0.0459483
0.0106009
0.0549223
0.14108
0.0244418
0.0747322
0.0285309
0.0601489
0.0281949
0.0154119
0.0438361
0.0597489
0.0633758
0.0669972
0.0169591
0.0759838
0.0595385
0.0204174
0.0456427
0.161561
0.0357017
0.0120956
0.0179963
0.0466009
0.0751768
0.0888084
0.125504
0.0667461
0.0646767
0.0505112
0.0409122
0.0152916
0.0470126
0.0470892
0.131362
0.0507712
0.0450682
0.10394
0.131452
0.0397526
0.124431
0.0747908
0.0713111
0.0525929
0.00893643
0.251776
0.0178703
0.163986
0.0410919
0.164264
0.00693004
0.139213
0.0604078
0.0478499
0.0704174
0.0472977
0.0153808
0.0440319
0.0505774
0.0703888
0.0360709
0.0629909
0.0248992
0.0901916
0.0889336
0.0690501
0.0366281
0.0857276
0.0393293
0.0580088
0.0348305
0.024539
0.0251859
0.0104513
0.0920294
0.0491931
0.213319
0.0240735
0.00873915
0.0210763
0.0165782
0.0276761
0.0246416
0.0589156
0.279414
0.158301
0.0659588
0.100619
0.0187646
0.0144762
0.0720981
0.107696
0.0592333
0.0805982
0.0934939
0.0506425
0.0495487
0.0756909
0.0502241
0.276451
0.025043
0.0503207
0.234117
0.048523
0.0438388
0.0624848
0.072784
0.114424
0.0345773
0.206382
0.0137643
0.0330892
0.0756413
0.00803942
0.0458395
0.00663025
0.047343
0.0380595
0.0330999
0.0231246
0.353417
0.0674068
0.0922246
0.0748947
0.0282463
0.076395
0.0610665
0.15361
0.0281759
0.0951748
0.026978
0.0143319
0.0486186
0.0738749
0.0370931
0.0495634
0.0344026
0.0582766
0.0378779
0.0609852
0.00830072
0.0843778
0.0246952
0.0102226
0.0694216
0.0829568
0.0528506
0.0614498
0.0464109
0.0398467
0.104961
0.123332
0.0690457
0.0302441
0.270707
0.121681
0.0286277
0.102797
0.193443
0.038267
0.0297857
0.0873515
0.0605882
0.0547297
0.0153737
0.0638896
0.153298
0.0293402
0.0399644
0.0441881
0.0485211
0.101394
0.0261103
0.157241
0.0241747
0.103725
0.0269755
0.0529708
0.0467841
0.0368111
0.0364083
0.0991024
0.0153073
0.0422883
0.0299192
0.0387888
0.0154796
0.0225686
0.051714
0.0254469
0.056003
0.031108
0.019736
0.0386338
0.0303651
0.0520787
0.0812083
0.0987505
0.0359595
0.0264266
0.0520368
0.0520122
0.0399533
0.02975
0.184372
0.0890229
0.0282313
0.0303741
0.0655192
0.034933
0.0368411
0.071894
0.0869419
0.0548833
0.0531353
0.0321418
0.0280043
0.0344729
0.0114766
0.0699982
0.146557
0.0148894
0.0959059
0.0536579
0.107827
0.0444127
0.0718175
0.0478602
0.0837031
0.093861
0.0619924
0.099282
0.136764
0.0231962
0.0601096
0.0388053
0.0375333
0.0438608
0.0346515
0.0900622
0.0621359
0.0502076
0.0740816
0.0197245
0.0815403
0.0540076
0.0557635
0.190335
0.0222667
0.0369313
0.0393805
0.0543777
0.037268
0.0256256
0.0173707
0.0194211
0.0205474
0.15527
0.0135512
0.0424241
0.0564311
0.060612
0.0755118
0.424003
0.0219183
0.046305
0.0499002
0.0498949
0.102209
0.106482
0.0158198
0.0459274
0.0334795
0.0803077
0.0883702
0.0936217
0.0316338
0.0573335
0.0220981
0.0334946
0.0123241
0.0494161
0.0292156
0.0835697
0.0212241
0.0639853
0.0142112
0.0506889
0.115113
0.0484318
0.0382378
0.0480259
0.0277918
0.126608
0.179757
0.0958109
0.030681
0.0314669
0.0166661
0.0780533
0.0599087
0.0713723
0.208523
0.0879921
0.059187
0.162635
0.184368
0.0641854
0.0564109
0.0620534
0.0773382
0.0706059
0.0650775
0.0345201
0.0544672
0.0301565
0.187506
0.0333111
0.0943154
0.0275801
0.106823
0.0243451
0.0304867
0.0272779
0.0350063
0.0462528
0.0571112
0.0209647
0.0354969
0.0499542
0.0138736
0.0923934
0.0834976
0.0214632
0.0415113
0.0379372
0.0536568
0.0263078
0.0307464
0.046172
0.12304
0.0817949
0.173694
0.0525662
0.0515022
0.0223959
0.0255142
0.0362303
0.0250631
0.0787832
0.150177
0.00713944
0.0241671
0.0695826
0.0365697
0.0732118
0.0132815
0.0689579
0.0501541
0.0341673
0.0683409
0.0206725
0.0434279
0.0274435
0.116645
0.0438474
0.0701084
0.0294247
0.0225517
0.042954
0.0389893
0.0262873
0.0466276
0.0683048
0.24486
0.0935726
0.00916157
0.0836617
0.0732233
0.0583574
0.0261336
0.0464191
0.0298321
0.0373642
0.0599492
0.075944
0.0311991
0.0311016
0.0341005
0.0519057
0.0378885
0.0543647
0.0864239
0.0294048
0.0168032
0.128649
0.075765
0.123542
0.0383004
0.0110926
0.0140442
0.0273493
0.0571346
0.157793
0.0313721
0.0717001
0.049104
0.0635881
0.0781725
0.00908474
0.00666095
0.0529496
0.0229899
0.0364149
0.0215373
0.094601
0.0790532
0.0860574
0.10285
0.119773
0.027147
0.0375226
0.0333906
0.0190143
0.0225828
0.0601438
0.055547
0.121259
0.033476
0.0850016
0.0788793
0.0684017
0.0198765
0.0426336
0.0590182
0.0421793
0.0369066
0.0227974
0.0291732
0.0436403
0.0461403
0.0503318
0.021985
0.088126
0.045857
0.021724
0.0177144
0.0550242
0.0154297
0.0232388
0.0651473
0.162828
0.101272
0.0629118
0.089098
0.0626346
0.0265581
0.0658583
0.012188
0.0474248
0.0346434
0.0435733
0.0535739
0.0493968
0.0357681
0.0395086
0.187621
0.453696
0.0405717
0.0490728
0.113638
0.0912745
0.267726
0.0371171
0.0718506
0.00831886
0.0580719
0.0148622
0.523517
0.128371
0.141918
0.0571381
0.138291
0.178294
0.0261881
0.0258496
0.0720175
0.0692587
0.0252056
0.0778628
0.0286936
0.117623
0.0830427
0.0372508
0.0375964
0.0424405
0.0578166
0.0252626
0.0169142
0.0749159
0.0324544
0.152977
0.0651311
0.0297735
0.0234628
0.12403
0.159589
0.0201289
0.0840631
0.0435557
0.0463191
0.0955987
0.155036
0.0612427
0.0569627
0.208913
0.0175885
0.0136506
0.0277152
0.0420281
0.0232055
0.0371779
0.0278365
0.112327
0.166375
0.0701072
0.0239343
0.11372
0.0929503
0.038286
0.0161662
0.0473123
0.0150557
0.0159569
0.0861389
0.0305305
0.040549
0.0147703
0.0296653
1.03927
0.0511357
0.117947
0.164304
0.0470666
0.170407
0.0352776
0.0633466
0.0763624
0.0253667
0.0281713
0.100211
0.0750369
0.103549
0.0344364
0.201198
0.0243607
0.0519334
0.048408
0.035427
0.0180695
0.0194531
0.0737832
0.0176413
0.0168585
0.0262394
0.0181226
0.0303507
0.00988764
0.0299621
0.0350324
0.0156277
0.0751482
0.154565
0.0591336
0.0487831
0.017332
0.0765846
0.0670463
0.0337369
0.0461133
0.0165757
0.0925962
0.0619255
0.110742
0.0691207
0.0609288
0.0948434
0.0494812
0.0517781
0.100956
0.0822526
0.101154
0.120094
0.042106
0.156762
0.0254416
0.0715507
0.0242189
0.0592083
0.127663
0.0309412
0.0595833
0.103028
0.0400168
0.0683087
0.0739753
0.0291732
0.0508756
0.161728
0.044026
0.0555647
0.0855227
0.0766506
0.081714
0.0595091
0.0174344
0.166415
0.032759
0.0471355
0.105329
0.0390312
0.0730149
0.0441176
0.0730578
0.0307859
0.0541493
0.0440045
0.177423
0.124355
0.0753463
0.198185
0.0230649
0.0335918
0.256212
0.0211892
0.110139
0.0214926
0.0399609
0.196239
0.0632435
0.0342618
0.0294833
0.0432928
0.0348831
0.0568888
0.21422
0.0733641
0.0828153
0.394087
0.131171
0.11763
0.0393306
0.0719992
0.0365422
0.0392266
0.0323165
0.087019
0.169487
0.116198
0.0807881
0.0340721
0.0616385
0.0509104
0.0486424
0.0427975
0.314434
0.0877142
0.0529665
0.0836137
0.0574305
0.0600186
0.0917892
0.0193967
0.0621842
0.00882182
0.0727243
0.0690293
0.0419392
0.0635811
0.135364
0.0274201
0.0368312
0.0263174
0.0378228
0.14288
0.0313357
0.208364
0.0286453
0.0338784
0.087779
0.038239
0.0160887
0.00447211
0.0644633
0.0981251
0.0515248
0.0974545
0.0643678
0.108425
0.0203751
0.0830555
0.0180229
0.0500926
0.0569882
0.0278366
0.0439062
0.0350871
0.0661876
0.0220746
0.0507505
0.0983744
0.0938849
0.104791
0.0340376
0.0411095
0.0944796
0.071249
0.121943
0.029345
0.15633
0.0607771
0.0433446
0.0225265
0.0315893
0.0634448
0.115419
0.00969452
0.0288413
0.0205122
0.0970531
0.315597
0.0235656
0.02537
0.0313161
0.00963577
0.132845
0.124624
0.069998
0.0411504
0.0261743
0.216362
0.074464
0.0537988
0.0871018
0.0402969
0.059976
0.0431737
0.0618507
0.0530845
0.0665786
0.0375366
0.0702966
0.0710954
0.0462874
0.0316783
0.106079
0.0160327
0.192131
0.157054
0.0412212
0.0279161
0.0319487
0.0623212
0.0109497
0.0529111
0.16715
0.0732438
0.100178
0.0601203
0.0415373
0.0487927
0.0330441
0.0351355
0.032862
0.0983016
0.145407
0.0265869
0.100082
0.0566954
0
0
0
0
0
0
0
0
0
0
0
0
0
0
0
0
0
0
0
0
0
0
0
0
0
0
0
0
0
0
0
0
777777