2.90314
999999
-0.313748
-0.420331
-0.16288
-0.113353
0.0476106
-0.130999
0.0129044
0.632724
0.082979
0.197154
0.433752
0.0361822
0.365964
-0.228072
-0.153992
0.316457
0.718669
0.105692
0.432167
-0.179106
-0.141745
0.436362
0.1664
0.428606
0.429449
-0.0207924
-0.094354
-0.537326
-0.0017534
0.893282
0.163955
-0.192946
-0.262805
-0.364402
-0.357556
0.281191
0.0792747
0.245567
0.27184
0.0316579
0.274012
0.205156
1.47062
0.166882
0.513127
0.395497
-0.244134
-0.524342
0.261653
0.447441
0.0230883
-0.209241
0.117487
0.580597
0.348866
0.139866
-0.15009
0.168609
0.304144
0.0360955
-0.172554
0.422127
-0.000874426
-0.423037
-0.01725
-0.609234
0.284865
0.221164
0.282487
0.182215
0.0665247
0.0198401
-0.273282
-0.148612
-0.430069
0.0145661
-0.0846316
0.683927
0.207552
-0.174885
-0.0475272
-0.433404
0.346699
0.664038
0.0250705
0.690772
-0.0599435
0.0522707
-0.539015
-0.625917
-0.298417
0.414087
0.143847
-0.493925
0.210206
-0.0228638
0.148836
0.688998
-0.659157
0.0182302
-0.021853
-0.314834
-0.460947
0.317987
0.268299
-0.354425
-0.153484
0.343545
-0.44775
-0.158972
0.193097
-0.262921
-0.144658
0.45735
-0.263287
0.15901
0.193257
-0.677525
0.23061
-0.224735
-0.241446
0.264304
-0.204062
-0.411155
0.3646
0.891102
0.418563
-0.112912
0.617219
-0.161969
-0.285544
-0.464337
1.11768
0.307444
-0.117551
-0.0356894
-0.42238
0.263503
0.294356
-0.76005
0.726367
-0.0694209
0.206966
0.120297
0.242934
0.364537
-0.088508
0.11164
0.241654
0.459978
0.387142
0.0312137
-0.235069
-0.411104
-0.0206026
0.517493
0.337954
0.254414
0.283585
0.259917
-0.0753029
0.147443
-0.217286
0.44117
0.0551738
-0.518506
-0.912606
-0.48554
-0.0758558
0.0245721
0.684646
0.0144946
-0.638056
-0.0195643
-0.864056
0.159538
-0.135374
-0.290796
-0.810914
-0.470742
0.0406878
0.555238
-0.432751
-0.0465113
0.134859
0.272937
0.135995
-0.298242
-0.277713
0.519249
0.805519
0.725519
0.634585
-1.01243
0.388744
0.157688
0.0614199
0.361574
0.0176968
0.212468
-0.728594
-0.769119
0.0828912
-0.37332
-0.606255
-0.0247644
0.0571216
-0.129693
0.150734
-0.726514
-0.285452
0.210192
-0.413471
-0.442559
0.348962
-0.681242
0.456577
0.124471
0.664656
-0.0363529
-1.51855
-0.535788
-0.140628
-2.74277
0.395281
0.264537
-0.157898
0.132143
0.115522
0.123419
1.08078
0.396412
1.21264
-0.214842
-0.0250851
-0.662598
0.0436206
0.176943
0.0643973
-0.825651
-0.374208
-0.262667
-0.0510377
-0.410011
0.055495
-0.247079
-0.191822
0.294757
0.632887
0.142355
0.0637175
0.817336
-0.116472
-0.215513
0.253538
0.193811
-0.435922
-0.464766
-0.223589
-0.487119
0.315283
0.205014
0.536325
0.102152
-0.0140368
-0.426706
0.493453
-0.598639
0.486714
-0.753419
0.0256049
0.101642
0.335141
0.207497
-0.131932
0.157854
-0.248108
0.548401
-0.364419
0.651445
-0.180862
-0.110834
0.0381982
0.192613
-0.592064
0.0678928
0.0936626
-0.625464
-0.0543726
0.28089
-0.187822
0.117903
-0.250635
0.66272
0.642521
0.621855
0.84427
0.475605
1.04209
0.827811
-1.58046
0.409943
-0.161713
0.892464
-0.442826
-0.655334
-0.119052
0.410364
0.570148
-0.163961
0.255993
-0.834979
-0.125746
-0.146277
-0.04908
0.288547
0.595357
-0.261685
0.730472
-0.141992
-0.0322921
-0.173791
0.37173
-0.327236
-0.345972
0.154732
-0.47797
-0.670335
0.462208
-0.671382
-0.59336
0.173005
0.223054
0.582831
-0.375709
0.566937
0.380257
-0.139755
0.73237
0.454677
0.307456
0.294377
0.406836
0.346497
-0.464106
-0.182701
0.151616
-0.0623184
-0.695855
0.503677
-0.263681
-0.463823
-0.246787
0.108013
0.0612181
0.091534
-0.43847
0.313272
-0.954116
-0.023776
-0.657943
-0.204874
-0.189837
0.101999
-0.214114
0.0912893
0.332158
-0.0307692
-0.529942
0.355095
-0.18167
-1.03406
0.107798
-0.222098
0.138186
-0.1388
0.556497
-0.314856
0.0899726
-0.0816013
-0.290137
0.21191
0.153956
-0.507023
-0.101625
0.448719
-0.363972
-0.951686
-0.127828
-0.392364
0.269023
-0.428796
-1.20068
-0.706155
0.166079
-0.343972
0.232748
-0.744691
0.19057
0.214609
0.280731
-0.102682
1.89231
0.248258
-0.558102
0.592059
-0.138935
0.0614267
-0.599719
-0.151869
-0.422781
0.0190256
0.980462
0.394761
-0.289734
-0.339279
0.216308
-0.340851
-0.11564
-0.966266
-0.570733
0.0435997
0.040115
-0.417835
-0.078699
-0.337169
0.102954
-0.0238689
-0.171045
0.0155305
-0.150877
0.398945
0.226908
0.0885726
-0.0801565
-0.430884
0.166847
0.712919
-0.235785
0.979667
0.000448488
-0.0800205
-0.0674586
-0.428587
0.0607945
0.161678
-0.334605
0.362659
0.422624
-0.54207
0.179028
-0.01254
0.0986305
0.262161
0.116213
0.933741
-0.00680691
-0.264253
-0.275806
-0.046378
0.308971
-0.135678
-0.147452
0.415142
-0.0110334
-0.00808494
0.611439
0.445364
0.389245
-0.153997
0.0649657
-0.099197
-0.102895
-0.174439
-0.689785
0.277358
0.590273
-0.597689
0.696589
0.160534
0.0580117
0.287103
0.211468
-0.747699
-0.529505
-0.371127
0.121725
-0.0620589
0.551949
0.478828
-0.430298
-0.410667
-0.0973248
-0.657614
0.206879
0.222464
-0.115992
-0.115983
-1.29776
-0.402562
-0.185688
-0.607113
1.0796
-0.547168
-0.353264
0.229016
1.5419
0.0578806
-0.386621
0.0443996
0.0422637
0.0285794
-0.155669
-0.595715
0.0993607
0.419293
0.32047
0.308596
0.19826
-0.580588
-0.255828
-0.0448423
0.378555
0.403163
0.423839
-0.0420399
1.12101
-0.568425
-0.225262
0.133019
-0.588035
0.0340325
-0.0872642
-0.351718
0.330942
0.0255796
0.243179
-0.278265
-0.915193
0.622354
0.0325965
0.281507
0.258429
0.276012
-0.301252
-0.291576
0.464466
0.0924272
0.260484
-0.00104561
-0.269675
-0.362637
-0.599627
-0.639565
0.215562
-0.114699
0.0814781
0.426591
0.453433
0.397026
-0.538645
-0.764994
0.205827
0.0990192
-1.38349
0.346054
-0.60728
0.323195
0.353292
0.568539
-0.62946
-0.0549397
-0.834769
-0.256543
0.327489
-0.105231
-0.0845251
-0.898756
0.567228
-0.508526
0.0992631
-0.123913
0.0533989
0.687884
-0.329479
0.245299
1.60029
0.0437437
-0.177857
0.139336
0.254358
-0.0310337
-0.0356644
0.110797
-0.795233
0.0967294
-0.528117
0.377698
-0.11001
0.0718793
-0.189809
-0.15999
-0.108537
0.555951
1.14395
0.129461
0.0067769
-0.53931
-0.166522
-0.316013
0.592299
0.176198
0.278482
0.497393
0.067106
0.271641
-0.422747
-0.871947
0.0819534
0.361457
-0.371164
0.202856
0.419869
0.140495
-0.229789
-0.0226834
0.39133
0.0603274
0.453233
-0.620145
0.0278881
0.092888
0.0325547
-0.728319
0.13843
-0.827945
0.198475
0.0907067
-0.159951
-0.344321
0.760857
0.207364
0.0795827
-0.53305
-0.0372103
0.0239891
0.739817
-0.178205
-0.120015
-0.53375
0.193068
0.206277
0.164167
-0.222344
-0.724146
0.369776
0.353465
0.188569
-0.583916
0.347756
-0.0456531
-0.223783
-0.0629826
-0.77542
-0.0697133
-0.175081
0.0550145
0.279464
0.21863
0.465747
-0.146585
0.0591402
0.108955
-0.444391
-0.0393329
-0.247963
-0.0075164
-0.417892
-1.02271
-0.0288553
0.868464
0.404753
0.128074
0.044492
-0.265025
0.283699
-0.533687
-0.0509147
-0.387623
0.517521
-0.401793
0.0572867
0.485696
-0.253623
-0.791453
-0.188107
-0.818205
-0.225646
-1.40221
-0.362377
-0.0364506
-0.537751
-0.0521189
0.456223
0.238381
-0.0548754
-0.133824
0.202441
0.173691
-0.434444
-0.301243
-0.0260873
0.429523
-0.0975137
0.143255
0.407984
0.118424
-0.114238
0.208145
-0.297023
-0.342658
0.494676
-0.191942
-0.134268
0.107713
-0.321861
-0.36018
0.758946
-0.225308
0.620094
0.140884
-0.0312868
-1.37271
-0.4784
0.505456
0.198295
-0.449622
-0.113023
-0.286146
0.62753
-0.016704
0.270176
-0.114905
0.196712
-0.48971
0.208729
0.275461
-0.136876
-0.100178
0.87985
0.822937
-0.32401
1.23319
0.0370782
0.717197
-0.00118906
-0.352615
-0.5543
0.383019
-0.16948
-0.661451
-0.0651372
0.0449371
0.180846
0.150398
0.154684
0.21985
0.000480941
-0.0141828
-0.391245
0.511777
-0.496512
-0.0382538
-0.646398
-0.0258745
1.27245
-0.00381415
-0.220357
0.398818
0.0622049
0.028749
0.0327417
-0.346789
0.599617
-0.219834
0.402632
0.142193
0.479749
-0.674589
-0.0343454
0.150041
0.00267607
0.33447
0.553951
-0.616044
1.01184
0.163445
0.158465
0.553056
-0.307597
-0.577309
-0.18015
1.23625
-0.437469
0.0144853
-0.627001
0.411224
0.177554
0.272912
-0.0495044
-0.268705
-0.606744
-0.0635172
0.128003
0.223305
-0.51719
-0.0251145
-0.30564
0.524936
-0.096068
0.239475
0.0531446
0.479167
0.156467
0.164582
0.187732
-0.176663
0.181369
-0.202118
-0.168728
0.344299
-0.291879
-0.0305692
0.198845
0.281183
0.117539
-0.192186
-0.150243
-0.104339
0.0290646
0.107781
-0.0954306
0.537416
-0.955557
0.296732
-0.22053
-0.404518
-0.0520403
0.130602
0.0799328
0.0026093
-0.00756998
0.0504467
0.594064
-0.371747
0.460757
-0.189216
0.581968
-0.128088
0.153726
0.0335472
0.525457
-0.247152
-0.0470989
0.0868677
-0.227108
-0.0505484
-0.0186146
-0.0965466
-0.887373
0.205939
0.277125
0.226323
-0.0853356
-0.693584
0.24012
-0.248051
0.0558887
-0.073528
-0.320389
0.00362591
0.389003
-0.460551
0.208309
-0.250858
-0.285106
0.165967
-0.709257
0.127619
0.415009
-0.5876
0.965296
-0.469774
0.0295746
0.577907
-0.0357674
1.352
0.244159
1.20319
-0.603563
-0.191421
0.583676
-0.0202736
0.355906
-0.311151
0.202172
-0.218276
-0.0753129
0.0307223
-0.439278
0.343193
0.0147907
0.206015
0.26251
-0.312969
-0.354883
0.319115
-0.305501
-0.363022
-0.505169
-0.263803
0.0414138
-0.140148
-0.0411402
0.0449182
0.229197
-1.08411
0.74864
0.0290438
-0.138225
0.634889
-0.088742
-0.00923456
-0.079664
0.448621
-0.612777
0.508292
-0.210749
0.112669
0.372937
-0.0525683
0.218957
0.380215
-0.546105
0.373455
0.500236
-0.0156902
-0.240518
0.673739
0.252561
-0.204
-1.36731
-0.634817
-0.125121
-0.666796
0.0357806
-1.54799
-0.0181421
-0.877923
0.0122903
1.29256
0.202617
1.54507
-0.187898
-0.582353
0.43473
-0.0348377
-0.0805745
0.22858
-0.0634657
-0.747784
-0.228242
0.05464
0.111949
-1.18206
-0.445658
-0.0633315
-0.231298
-0.159222
0.183792
0.525961
-0.498946
-0.0493073
0.360902
0.0743925
0.471929
0.36144
-0.302879
0.28361
0.302716
-0.525033
0.131701
-0.228849
0.166638
0.384816
-0.522632
-0.0248861
-0.191536
-0.364099
-0.170591
0.181539
0.254208
0.400448
0.395419
0.046343
0.323866
0.415848
-0.156725
0.184037
0.380208
0.567799
-0.0449355
0.267076
1.69125
0.0068299
-0.113842
0.312238
-0.684698
-0.0418958
-0.173298
1.35133
-0.247559
-0.419273
-0.339266
-0.00596853
-0.0947892
-0.000673496
0.326991
-0.0187061
0.176679
-0.244775
0.901325
0.376642
-0.187197
1.05676
-0.261463
-0.0247371
0.656759
-0.624179
0.0755078
-0.40316
0.0509441
0.122191
-0.892399
-0.133793
-0.142257
0.225126
-0.265044
-0.0930296
0.325656
-0.00930703
-0.0482819
0.155895
0.371192
0.192168
-0.667748
0.0945181
0.272566
-0.156936
0.229064
-0.49365
0.669878
0.073949
-0.280237
-0.148363
-0.209698
-0.271134
-0.216862
0.658031
-0.358058
-0.469
-0.0452011
0.813231
0.22212
0.179129
0.166645
-0.604284
2.62973
-0.121048
-0.168602
0.0665447
-0.353415
-0.283434
-0.0453407
0.0230486
0.306644
0.441753
0.177496
-0.435158
-0.203948
0.0539928
0.201867
0.0367361
0.353589
0.0447636
-0.283505
-0.929273
0.234883
0.105354
0.554222
-0.0983777
-0.257554
0.0245034
-0.633598
0.476764
0.280527
0.319485
0.138832
1.07638
0.260087
-0.0803954
0.0201599
-0.288407
0.111406
-0.361764
-0.22947
-0.582097
-0.63002
-0.0649816
-0.243982
0.385676
0.323544
0.0734153
0.543379
-0.28905
-0.51454
0.149423
0.170969
-0.24432
-0.282685
0.185419
-1.25307
-0.076769
0.240565
0.589081
1.36176
0.174094
0.317609
0.485306
-1.1785
-0.558004
0.468806
-0.932984
1.06301
-0.384938
-0.820883
-0.0381986
-0.291427
-0.065021
-0.394638
0.419842
0.188665
-0.067449
0.0793294
-0.114552
-0.729259
0.273709
-0.183228
-0.56642
0.226146
-0.223964
-0.0843669
0.349444
-0.272327
0.264638
0.0520184
-0.13076
-0.177973
1.16177
0.160232
0.165329
-0.20041
0.258402
0.112098
1.82996
-0.0356561
-0.498619
0.265244
0.0875379
-0.0395315
-0.624525
0.439684
-0.0893285
0.364027
0.0350946
0.466775
-0.313927
0.221545
0.142705
-0.0490946
0.200833
0.17046
-0.191367
0.132675
-0.319862
0.385517
-0.634253
0.0526801
0.0320857
-0.520045
-0.207338
-0.317561
-0.183799
-0.0336312
0.398572
-0.92708
-0.119828
-0.0398535
-0.00830569
-0.293086
-0.141842
0.141037
0.616366
1.86221
-0.228807
-0.712357
0.64774
-0.514343
0.152945
0.207013
-0.503954
-0.216881
-0.269888
-0.177545
0.135662
0.209211
-0.122193
-0.13202
-0.0731996
-0.180317
-0.181594
-1.20141
0.153028
0.226695
-0.177359
0.114503
-0.507614
0.575909
-0.193052
-0.00324851
-0.0044068
0.263905
0.647775
0.453634
0.596626
-0.0277473
0.230102
0.309256
0.0588954
0.359353
-0.318952
-0.151382
0.0303478
-0.000297035
0.327542
-0.635186
0.268916
0.0779533
0.0794425
0.388611
0.10105
0.317736
-0.397595
0.168756
0.0956906
-0.178647
0.614628
-0.213742
0.337686
-0.0737002
0.757377
0.571343
-0.00920833
-0.252243
-0.559094
-0.826456
-0.360481
-1.12464
0.00423595
-0.403473
0.328898
0.351691
-0.634091
-0.0937088
0.0917828
-1.02598
0.337001
-0.313444
0.088875
0.109807
-0.0766828
0.122096
0.295927
0.306907
-0.180418
0.297526
0.153928
0.128396
-0.55535
-0.119729
0.780746
0.107217
0.364903
0.252962
-0.00871147
0.147788
0.0637943
-0.468691
0.436396
0.704335
0.127153
0.14747
-0.459694
0.624173
0.132295
-0.0136324
0.0475102
-0.111747
-0.288209
0.756708
-0.169459
0.311618
0.277565
0.15674
-0.56023
-0.187392
0.196769
-1.58332
0.427634
0.0730846
0.634136
0.00468653
-0.000711309
0.060797
0.315015
0.249802
-0.0905175
-0.438243
-0.0207426
-0.276548
-0.409349
-0.629003
0.610857
0.211074
-0.0590836
-0.0601107
-0.139467
-0.4401
-0.244102
0.183251
-0.233052
-0.68897
0.136128
-0.193136
0.245099
0.0887087
-0.16499
0.11835
0.07475
-0.122223
-0.186901
-0.396995
-0.754555
-1.02392
-0.355635
-0.354398
-0.458224
-0.38038
-0.168699
0.0671506
0.407548
-0.0671757
-0.341677
-0.512657
0.354923
0.361669
0.272185
-0.442197
-1.77098
-0.0363859
0.284332
-0.279773
0.169136
0.223804
0.0878165
0.917409
-0.30659
0.441132
-0.159132
1.09009
0.540417
0.420412
0.149511
0.696
0.0510065
-0.112062
0.395296
-0.403849
0.0238872
0.241921
-0.141968
0.0765317
-0.175282
0.0305896
-0.139572
0.608983
0.280457
-0.360288
0.16986
0.342053
0.346981
0.086473
-0.635536
-0.116986
-0.594091
-0.0194114
0.587189
0.114263
-0.11272
-0.0754649
0.468377
-0.1296
0.0373306
-0.672913
-0.301201
0.106899
0.438803
0.358167
-0.0920633
0.163104
0.204895
-0.0688073
-0.0304932
0.390789
0.304772
-1.12356
0.0272384
0.037609
-0.317137
-0.314698
-0.678645
0.311095
0.256511
0.0183453
0.195539
0.0915178
0.329807
0.0816689
-0.0403594
-0.91788
1.91998
0.410118
0.612969
0.606555
-0.197323
0.247199
-0.181175
-0.169635
0.0591995
-0.0692524
-0.510172
0.174309
-1.99981
-0.6529
0.191218
0.92256
0.0495046
0.196534
0.0107638
0.204654
-0.0990737
-0.0875086
0.25298
0.158276
-0.24707
0.328243
0.0034826
-0.183198
0.0856445
-0.10849
0.233448
0.075227
0.191353
-0.25424
-0.0586024
-0.0435139
-0.56505
0.168133
-0.532655
-0.274661
-0.0232853
0.434824
0.126632
0.534751
-0.57144
-0.287601
0.715299
0.644327
-0.204017
-0.590909
-0.305338
-0.156462
0.0633837
0.5239
0.434018
-0.301921
-0.490439
-1.09663
0.164059
-0.360521
-0.489804
0.367411
-0.0490529
0.583742
0.0496563
-0.0316029
0.685455
0.400556
-0.13781
0.271944
-0.059649
-0.0652072
-0.198225
-0.0349291
-0.590513
-0.392022
0.254858
1.04994
0.143645
0.21989
-0.935037
0.108824
0.282519
-0.0944796
0.63592
-0.284627
-0.0237963
-0.00467889
-0.0253987
-0.100686
-0.741895
0.856397
-0.18449
-0.0512654
1.77487
-0.0586428
-0.450949
0.177771
-0.123847
0.0511609
0.302512
0.025199
-0.230122
-0.00842958
0.12384
-0.180372
-1.39536
0.188607
0.229815
0.530538
-0.577629
0.219386
-0.157244
-1.00562
0.532976
-0.617289
-0.157671
0.469289
-0.80468
-1.04807
-0.519695
-0.125414
0.284331
0.109642
-0.510639
-0.141668
-1.18434
0.262495
-0.220465
0.514254
0.177436
0.222375
0.545448
0.165971
0.39133
-0.0937935
1.05348
-0.355375
-0.0266722
-0.225258
0.0589218
0.0554936
0.136261
0.155191
0.0277477
1.51042
0.523076
1.06025
0.159645
0.187321
-0.263522
0.7073
-0.176163
0.0755854
-0.476438
-0.396545
0.029112
0.19056
0.542923
0.136842
-0.0293061
0.571109
-0.156044
0.0959622
-0.59589
-0.0804205
0.401068
-0.269107
-0.374986
0.249042
-0.38659
-0.276001
-0.36855
-0.472262
-0.22682
-0.0320906
-0.387532
-0.0577001
-0.710251
-0.18236
0.356501
-0.000702273
-0.0782577
0.0518127
-0.234073
0.535988
-0.310839
-0.142799
-0.238665
-0.0950227
-0.664823
2.85189
0.342531
-0.143689
0.163586
0.0432459
-0.118998
0.045853
-0.13871
0.327301
0.086554
1.7832
0.274011
0.314117
-0.128978
0.50689
0.157954
0.13285
-0.491554
-0.193489
0.0759172
-0.336149
-0.606981
-0.0814235
-0.297848
-0.104639
-0.555646
-0.258964
-0.112968
0.471586
-0.514845
0.219697
0.501341
-0.131805
0.261481
-0.213129
1.15575
-0.410442
-0.871389
-0.0883598
-0.0095834
-0.123266
0.26445
-0.0609021
0.36758
0.941665
0.838106
0.101477
0.43352
0.321881
0.0845411
-0.183404
0.17198
-0.163149
0.0570926
-0.183599
0.104672
-0.16808
0.0231031
-0.113866
-0.104268
0.128119
0.0246999
-0.115726
-0.193223
0.0111041
0.0682237
-0.156079
-0.0685226
-0.156845
-0.0763311
-0.0496129
-0.048363
-0.0107757
0.0357473
-0.0172453
0.127606
0.0530418
0.162334
0.0869917
0.127751
0.184639
888888
0.05238
0.0177729
0.0740258
0.0285937
0.0313417
0.0309877
0.0580963
0.0963148
0.0296901
0.152212
0.0282594
0.0307775
0.0859807
0.0540572
0.0145999
0.0596738
0.0727046
0.0132568
0.0404741
0.140834
0.0298538
0.0874593
0.080308
0.0584565
0.0498018
0.013865
0.0391276
0.340238
0.0118043
0.0607208
0.0613375
0.0352287
0.0550334
0.0666375
0.0547766
0.042071
0.0787343
0.00605972
0.0620957
0.0312566
0.0853877
0.0369063
0.273956
0.0347914
0.0304449
0.0619303
0.0345986
0.0860364
0.0394418
0.0236193
0.0419359
0.063462
0.0456369
0.0760507
0.0556859
0.0287705
0.0406012
0.0159561
0.0305404
0.0285018
0.164939
0.256557
0.0370135
0.0458571
0.0978887
0.0348607
0.0280061
0.0132042
0.0595639
0.115609
0.0594656
0.167581
0.0684919
0.0614384
0.0384071
0.0251347
0.0334565
0.154247
0.0368275
0.0492012
0.0376812
0.0514664
0.0890365
0.0822777
0.0219656
0.122551
0.0777599
0.034388
0.0426479
0.0889922
0.0460907
0.0212952
0.106119
0.0302562
0.0314556
0.0172369
0.0593696
0.0244014
0.0348763
0.0629094
0.0326062
0.0606833
0.066631
0.0466915
0.0937366
0.0724763
0.0452801
0.0729015
0.0862925
0.125529
0.0986389
0.111516
0.023791
0.0355965
0.0424898
0.0810693
0.0397932
0.0363542
0.0296118
0.0957506
0.0678818
0.0574375
0.0236121
0.042664
0.118331
0.130582
0.129233
0.0991463
0.0393523
0.0404893
0.129657
0.0892948
0.319912
0.0622344
0.029843
0.0507868
0.0559716
0.0353749
0.157566
0.0997019
0.0253827
0.0211594
0.0216924
0.0614833
0.221815
0.0789394
0.0702676
0.0466382
0.0293524
0.0840601
0.0485312
0.0737692
0.00830303
0.0378022
0.19374
0.105063
0.255861
0.0272886
0.0541329
0.0567866
0.0160999
0.0663906
0.0287564
0.0334324
0.113478
0.00659468
0.150453
0.0380449
0.162565
0.0913873
0.116392
0.0381701
0.124859
0.0278223
0.13143
0.0116734
0.034416
0.0470664
0.0967898
0.0727317
0.0146509
0.0705569
0.025424
0.0871599
0.0252771
0.0254897
0.0102481
0.0371499
0.0297144
0.136128
0.126276
0.11405
0.0667246
0.210496
0.0388489
0.0191323
0.111683
0.0998855
0.0363179
0.0286891
0.0486834
0.0567037
0.0866029
0.018049
0.103577
0.0759968
0.0835635
0.0871553
0.0483349
0.0936643
0.0444853
0.0197014
0.0557303
0.026294
0.0367273
0.0965086
0.0165336
0.0211995
0.0402759
0.0383358
0.191848
0.0754334
0.0348882
0.503051
0.0857931
0.119502
0.0383904
0.0384361
0.0312043
0.0462668
0.125178
0.0304457
0.303394
0.0564294
0.026786
0.0364073
0.0327784
0.00915077
0.272065
0.204349
0.0508314
0.0560289
0.0735798
0.0704929
0.0208243
0.0502615
0.0469377
0.0673377
0.042415
0.019196
0.03162
0.142755
0.0566824
0.0262088
0.104676
0.0344788
0.088615
0.0242521
0.0170988
0.0523039
0.0680898
0.0347856
0.0830353
0.0308131
0.0325149
0.252818
0.0245756
0.0622005
0.0688458
0.130046
0.0832979
0.0708217
0.0280191
0.145821
0.0558145
0.0349053
0.079096
0.0736425
0.0452083
0.196728
0.0145702
0.0999898
0.0685754
0.0617324
0.0620851
0.0294291
0.0633121
0.0417689
0.00949393
0.0248441
0.0287752
0.045003
0.039156
0.0414401
0.0752216
0.0896074
0.0666044
0.164206
0.0369282
0.0198677
0.228798
0.0416975
0.0154614
0.104758
0.0883342
0.152287
0.0063588
0.0202137
0.112899
0.0781226
0.0150129
0.118531
0.0343785
0.0238079
0.0795424
0.0334867
0.0117885
0.0525147
0.148613
0.0365606
0.176286
0.0835877
0.103367
0.105121
0.0240238
0.0919197
0.0437683
0.0804112
0.0297713
0.113997
0.268533
0.0313042
0.016946
0.0672094
0.0397266
0.120982
0.0331423
0.0189893
0.0724832
0.0396597
0.0658889
0.0556601
0.029639
0.0504583
0.248674
0.105292
0.0382406
0.0335965
0.10588
0.13828
0.0600375
0.0774308
0.0789235
0.012335
0.0204777
0.0603678
0.0179501
0.0536802
0.064543
0.0715548
0.0547784
0.0938136
0.0442943
0.0433609
0.0860524
0.0698781
0.109033
0.0288352
0.0445871
0.0831019
0.0327616
0.184782
0.0159022
0.0142707
0.0346331
0.0252486
0.0864873
0.0149849
0.0513573
0.0324463
0.0521287
0.0437926
0.0527482
0.137826
0.0478895
0.0225403
0.0556051
0.0845439
0.285525
0.148172
0.0658793
0.0945162
0.0589083
0.235246
0.00946496
0.0211614
0.0703024
0.110196
0.030173
0.0261227
0.0449317
0.0511025
0.166807
0.0814769
0.0124228
0.0667318
0.0204087
0.0386153
0.317233
0.0303759
0.0635651
0.0237076
0.118786
0.0565056
0.0577106
0.0228567
0.036984
0.0369423
0.0866862
0.197764
0.13511
0.0193662
0.0352451
0.106728
0.055877
0.0247169
0.0437534
0.0181107
0.0503563
0.0546228
0.0223017
0.0419249
0.0300415
0.0253771
0.0219002
0.0673665
0.0715852
0.0439079
0.019078
0.0597503
0.0335309
0.00973507
0.0362658
0.0369266
0.14332
0.0123959
0.053041
0.0261607
0.0984739
0.0561958
0.024109
0.0422288
0.0184264
0.0476083
0.0376079
0.103588
0.0275505
0.0500515
0.047195
0.0191906
0.0307112
0.0385046
0.0151555
0.125905
0.0792228
0.0250204
0.0286316
0.0382219
0.0621401
0.0621711
0.0673168
0.0165361
0.0740458
0.0421111
0.038479
0.0999237
0.0735835
0.0625224
0.127454
0.0591025
0.0735409
0.0473988
0.0491121
0.0683487
0.0972523
0.116883
0.145507
0.171335
0.193729
0.0851183
0.0149868
0.0166185
0.0280145
0.149677
0.0778819
0.0479803
0.0319506
0.0271671
0.151039
0.019833
0.0343385
0.0233161
0.107466
0.0543211
0.0109137
0.0149654
0.216505
0.043199
0.0975569
0.033176
0.104231
0.0283261
0.0324238
0.195483
0.124768
0.0726716
0.122787
0.0152973
0.0770201
0.0275528
0.056115
0.0526498
0.136632
0.0339166
0.116643
0.0630756
0.084939
0.132351
0.0485765
0.0162364
0.0545417
0.0464042
0.0833494
0.0538743
0.0521749
0.0444787
0.0835129
0.038795
0.0592603
0.0401511
0.0299335
0.148683
0.0223176
0.0652259
0.0235745
0.0667852
0.0196427
0.015548
0.0768334
0.124228
0.0642099
0.0587731
0.0668049
0.0985405
0.0782027
0.0396269
0.0829105
0.0164749
0.0972099
0.222665
0.119448
0.0424153
0.054109
0.0266084
0.159312
0.0422749
0.03399
0.0355203
0.111484
0.0746777
0.142834
0.0684345
0.14848
0.0351727
0.0135745
0.0555203
0.0313781
0.0394096
0.184452
0.204307
0.0334149
0.0355392
0.016554
0.0962692
0.127405
0.0348105
0.240646
0.0309404
0.0428471
0.0146469
0.0657019
0.0367646
0.0453058
0.0275706
0.239971
0.184432
0.0194949
0.168226
0.019894
0.164228
0.00977652
0.0153996
0.0451993
0.129759
0.158533
0.0598303
0.0421127
0.0335311
0.0237308
0.0233047
0.0335685
0.0540653
0.186468
0.115754
0.0474196
0.0805881
0.128025
0.0577106
0.0415945
0.0292481
0.0145278
0.0196371
0.0628349
0.06952
0.0355557
0.0572705
0.0797556
0.0201364
0.0882767
0.0973583
0.0300252
0.0245814
0.0108904
0.327003
0.0274367
0.047606
0.0380721
0.0899903
0.020084
0.206885
0.0313669
0.0508604
0.0539655
0.0472088
0.0208291
0.0204246
0.147938
0.0381709
0.0560278
0.0791795
0.0234584
0.0968556
0.0145935
0.0182908
0.154952
0.0540742
0.126832
0.0439338
0.0294083
0.0294711
0.0174832
0.0395404
0.0224626
0.157298
0.0618804
0.0279046
0.120944
0.246097
0.0532382
0.0292727
0.0490111
0.0128964
0.0516477
0.0251559
0.255112
0.219567
0.0459333
0.0203945
0.225647
0.110851
0.0715266
0.0536397
0.0347134
0.0978285
0.0820303
0.0410234
0.0157446
0.129027
0.100638
0.120847
0.0788019
0.0435818
0.0729894
0.0460851
0.0349239
0.0478361
0.063767
0.0194415
0.222012
0.130794
0.00950478
0.0721741
0.0104473
0.0491382
0.0677412
0.0437629
0.0446035
0.0423345
0.0216796
0.0418341
0.00836344
0.0350175
0.122322
0.0356482
0.068555
0.0379939
0.0754984
0.0165489
0.0870512
0.237966
0.045774
0.0735649
0.190636
0.00721489
0.0908942
0.0360372
0.0357375
0.035979
0.0121641
0.108314
0.0336366
0.0557073
0.196655
0.0166969
0.0398369
0.0645158
0.0351472
0.0687195
0.051516
0.231036
0.0867093
0.0177115
0.0382289
0.0165772
0.0495495
0.0778464
0.0607837
0.0581937
0.0825884
0.086641
0.111332
0.0205558
0.0951982
0.0291209
0.0709923
0.0253301
0.103014
0.0538386
0.036583
0.0361829
0.0261281
0.0734121
0.035572
0.00680453
0.0371509
0.0156089
0.0889228
0.0350769
0.174077
0.0317995
0.116227
0.132683
0.0838537
0.121998
0.0492523
0.0835766
0.0215898
0.027953
0.208033
0.0905345
0.025444
0.0872135
0.0255268
0.0256748
0.0159736
0.119911
0.0193486
0.0588396
0.0541214
0.0293227
0.0951676
0.0113301
0.0194095
0.147591
0.0635098
0.234446
0.0496763
0.0838705
0.0377246
0.0183552
0.0770501
0.0263879
0.124552
0.0370022
0.069189
0.113228
0.0301544
0.0352797
0.0178162
0.0357646
0.163008
0.0444568
0.0267034
0.0699777
0.130357
0.028691
0.0376697
0.0631819
0.091574
0.0207061
0.052664
0.0323203
0.0745382
0.0419232
0.165877
0.0582102
0.0258352
0.0200571
0.0617927
0.0134638
0.0702278
0.0651047
0.0231826
0.155916
0.0223361
0.0184916
0.188686
0.0448835
0.0931983
0.0201679
0.156736
0.0354986
0.0398751
0.19749
0.0482522
0.0267416
0.0313208
0.0243488
0.063093
0.0302645
0.100207
0.0212475
0.026511
0.138646
0.0317193
0.0247693
0.0664603
0.0624219
0.0299826
0.0415574
0.0234562
0.13405
0.0141317
0.0727422
0.0395626
0.025034
0.0418382
0.0458903
0.0643629
0.0576059
0.0840629
0.0600587
0.0566659
0.02861
0.0653491
0.0305395
0.015539
0.0233925
0.0297718
0.0574543
0.0902306
0.0896031
0.0596477
0.0129238
0.0137639
0.00752066
0.0584848
0.0878176
0.15338
0.0342271
0.0777456
0.152436
0.0321562
0.0259711
0.0771398
0.042645
0.117594
0.0301948
0.125409
0.0814871
0.053392
0.066894
0.0235005
0.0683875
0.0469712
0.0225763
0.049794
0.0354705
0.0973682
0.0649828
0.0093584
0.0233081
0.010608
0.0499453
0.0803445
0.019283
0.0668474
0.0160962
0.0951851
0.0248612
0.020584
0.0308244
0.0511473
0.0552292
0.0681069
0.023761
0.0727729
0.0356743
0.0197105
0.0175037
0.220867
0.0314922
0.013164
0.0263278
0.0241747
0.0950073
0.0961153
0.105695
0.0354485
0.0602892
0.0436568
0.0401474
0.0106012
0.0511193
0.0828936
0.138432
0.0440687
0.0635216
0.132199
0.0799325
0.0287679
0.0963627
0.079191
0.0849251
0.107986
0.0112619
0.128549
0.0134759
0.236523
0.0384776
0.214107
0.00598985
0.225672
0.131259
0.0464929
0.109267
0.0238205
0.0131464
0.065973
0.0775248
0.0379302
0.0496631
0.0416343
0.0194473
0.0457572
0.132995
0.0763499
0.0403511
0.131887
0.051489
0.0476004
0.0352673
0.0133233
0.0134642
0.0121995
0.0659181
0.125227
0.132231
0.0153832
0.00940917
0.0166703
0.0229097
0.0389376
0.0194046
0.0821648
0.258506
0.153593
0.0783298
0.103416
0.0293311
0.0226722
0.0692991
0.0499584
0.0492891
0.0725208
0.126229
0.119505
0.0730452
0.0556316
0.0225068
0.203388
0.0131328
0.0445361
0.162968
0.103162
0.0345088
0.0770103
0.0389338
0.109209
0.0278605
0.202862
0.00742796
0.0266879
0.0952251
0.0161375
0.059926
0.00794909
0.0629236
0.0381288
0.0239235
0.0355262
0.273987
0.0687085
0.155859
0.116838
0.0456895
0.0360796
0.0571123
0.210654
0.0342896
0.120027
0.0433894
0.0163261
0.069763
0.140914
0.0362005
0.0402772
0.0243847
0.0630147
0.0342294
0.0903266
0.0083412
0.0872479
0.027347
0.0142179
0.0892359
0.0893943
0.0368314
0.0704727
0.0995423
0.0610267
0.130385
0.088517
0.0652942
0.0240628
0.146094
0.149493
0.02522
0.0965983
0.187105
0.04853
0.0244307
0.0811541
0.0333706
0.0167475
0.0204427
0.0513016
0.181097
0.0616811
0.0341854
0.053888
0.0457947
0.0929757
0.0473132
0.132736
0.0212987
0.0997298
0.0456959
0.0474686
0.0445575
0.0381083
0.0335437
0.072268
0.033854
0.0334792
0.0305375
0.034691
0.0168487
0.0352702
0.045334
0.0251099
0.0498902
0.0404326
0.0202408
0.0578458
0.0394658
0.0705227
0.091109
0.0936809
0.0229399
0.0281928
0.0652822
0.0960512
0.0415568
0.0463625
0.149967
0.123373
0.0376014
0.0337309
0.031355
0.0356899
0.0378042
0.0569346
0.145128
0.0705899
0.0466824
0.0601777
0.0227101
0.064619
0.0152536
0.058696
0.130778
0.0107853
0.122679
0.0504684
0.0823057
0.0249384
0.0764016
0.0273063
0.143052
0.0833021
0.113603
0.152452
0.145671
0.0352852
0.057903
0.0322029
0.044875
0.036426
0.0322487
0.0758236
0.0490242
0.052754
0.0598562
0.0227241
0.105758
0.0642901
0.0330054
0.128445
0.0347062
0.0311437
0.0185583
0.0474338
0.0337285
0.02841
0.0230067
0.0241291
0.00832178
0.117257
0.0120511
0.0398525
0.0314465
0.0364665
0.0561085
0.242013
0.0178436
0.0409875
0.0420729
0.0403035
0.0780618
0.150049
0.0254045
0.0440493
0.0209586
0.0755058
0.085432
0.0775245
0.0387846
0.0549717
0.0267085
0.0472522
0.0105064
0.050373
0.032054
0.0705624
0.0408272
0.0644049
0.0112112
0.0556593
0.10012
0.0709554
0.028264
0.0358498
0.0319561
0.164619
0.168092
0.131788
0.0316906
0.0272806
0.0166356
0.0657241
0.0274642
0.0565012
0.337528
0.101653
0.0573773
0.171947
0.282
0.106008
0.0662177
0.0356388
0.0773821
0.0750124
0.0719555
0.0266287
0.0390119
0.025894
0.207232
0.0260128
0.0800739
0.0124208
0.137779
0.0247378
0.0284782
0.0435082
0.0337049
0.0627134
0.0908766
0.0395067
0.0679772
0.0379125
0.0191916
0.0665038
0.0722543
0.0215429
0.0461347
0.0489675
0.0608701
0.0213576
0.0301266
0.0456981
0.108551
0.0599371
0.122141
0.0427871
0.0572141
0.0205401
0.0154728
0.0724383
0.0302708
0.0447673
0.116998
0.00800671
0.040373
0.0559404
0.0556368
0.086756
0.0114059
0.0891117
0.051971
0.0918932
0.0947491
0.0326768
0.0303286
0.0554497
0.112737
0.027047
0.0574588
0.0321652
0.0360043
0.0495351
0.0365398
0.0333027
0.0520779
0.0653444
0.13305
0.113834
0.0128371
0.05175
0.0709422
0.0314919
0.0182371
0.0463862
0.0254635
0.0301163
0.0374411
0.105421
0.0324876
0.0269196
0.0187011
0.0941121
0.0394217
0.0290538
0.0524053
0.0313198
0.0201412
0.125357
0.0528309
0.095702
0.032366
0.0108965
0.00699384
0.0312984
0.0296138
0.150903
0.0269369
0.0578724
0.0546932
0.0645435
0.0763386
0.00820647
0.00755401
0.0718654
0.0410212
0.0424375
0.0409709
0.0981876
0.134101
0.115437
0.110163
0.157234
0.0264886
0.0357252
0.0332813
0.0391547
0.0245345
0.0426655
0.0609995
0.131577
0.033536
0.152711
0.0597117
0.0937839
0.0193661
0.0276497
0.0600111
0.0389346
0.023572
0.0143994
0.0203013
0.0286489
0.0386298
0.0572318
0.0361397
0.0957634
0.0390581
0.0315182
0.0198385
0.057249
0.0131635
0.0229334
0.0526628
0.17469
0.0889526
0.0654243
0.040243
0.0480194
0.0375716
0.0354417
0.0197439
0.0342415
0.0360624
0.0370807
0.0422003
0.0689569
0.044904
0.0308629
0.200381
0.283952
0.0441769
0.0569151
0.107864
0.0694085
0.163246
0.0227464
0.0396543
0.0104798
0.0617979
0.0162249
0.288762
0.0615691
0.0838588
0.0504918
0.188392
0.0851585
0.0211862
0.0493283
0.0971173
0.07602
0.0414589
0.0779024
0.0357535
0.116305
0.0712758
0.0303179
0.0314662
0.0299272
0.0347747
0.0265277
0.0114543
0.0553373
0.0368785
0.0912159
0.0715076
0.0471312
0.0192267
0.130592
0.177437
0.0269172
0.0725933
0.0405737
0.114661
0.0791542
0.18428
0.0749111
0.0503249
0.111896
0.0213758
0.0134051
0.021345
0.0295643
0.022991
0.028172
0.0532843
0.0629612
0.129247
0.0592529
0.0344365
0.0716371
0.0722611
0.0291935
0.0295727
0.0442594
0.0170115
0.015908
0.0561164
0.0394956
0.0513762
0.0232296
0.0252564
0.447516
0.0346376
0.0693922
0.195849
0.0560575
0.153383
0.0473858
0.0638499
0.0883796
0.0232179
0.0197788
0.132782
0.102516
0.10097
0.0269356
0.158186
0.0164669
0.0488651
0.0762236
0.0492352
0.0294748
0.0339408
0.0542121
0.0188679
0.0187243
0.0519833
0.0167945
0.0344496
0.0102013
0.0179053
0.0553991
0.0114449
0.0676145
0.107294
0.10267
0.0301408
0.017066
0.0525349
0.0752051
0.0546685
0.0801076
0.0128677
0.0775203
0.101768
0.0704053
0.0486168
0.1293
0.0541994
0.038718
0.0436411
0.085394
0.0770432
0.0696908
0.11601
0.0872737
0.155934
0.057993
0.144757
0.06176
0.0354628
0.128413
0.0317247
0.0428162
0.0736762
0.0265445
0.0871203
0.0828174
0.0504917
0.0357708
0.114319
0.0240968
0.0560365
0.0639437
0.0732287
0.0464475
0.0305351
0.0152374
0.143688
0.0268348
0.045222
0.0758522
0.0535289
0.0482532
0.0420767
0.0848344
0.0318889
0.0380137
0.0508878
0.168993
0.0852461
0.0847276
0.213878
0.0351561
0.0203816
0.255838
0.027377
0.123399
0.0283734
0.0363109
0.0838146
0.0433035
0.0291297
0.0502718
0.0573557
0.0495944
0.0412833
0.292151
0.0762311
0.051956
0.195556
0.112803
0.130429
0.0443268
0.0534816
0.0816387
0.0452539
0.0609677
0.0886861
0.0964028
0.0826009
0.102676
0.0531277
0.0732023
0.0539417
0.0518879
0.0371189
0.256597
0.148991
0.0865371
0.052896
0.0718185
0.0634194
0.0931905
0.021958
0.0846207
0.0075884
0.0678318
0.031791
0.0231401
0.0561366
0.119987
0.0556155
0.0376776
0.0361776
0.0415352
0.13679
0.0540949
0.236739
0.0239102
0.0193177
0.0779232
0.0519129
0.0209358
0.0035922
0.0876876
0.0654477
0.0617337
0.077636
0.0388765
0.0748086
0.0209258
0.0615249
0.02201
0.0295465
0.0215879
0.0402149
0.0387474
0.0395791
0.0582578
0.0220286
0.0510457
0.0499238
0.139419
0.0738546
0.0447006
0.041249
0.113484
0.0533463
0.139518
0.0425509
0.133803
0.0438128
0.0323687
0.0240953
0.0397088
0.0508071
0.075571
0.00712417
0.0345208
0.0225864
0.0848156
0.269109
0.0181383
0.0144998
0.0289529
0.00929686
0.153302
0.137259
0.0783077
0.0606436
0.0206978
0.18805
0.0736594
0.0284142
0.0814853
0.0261376
0.057655
0.0391375
0.0764953
0.0677483
0.0808549
0.0290248
0.0904404
0.0494717
0.0314395
0.0317664
0.0981938
0.0234915
0.148617
0.142091
0.0260697
0.0253525
0.0416873
0.058378
0.00787375
0.0444873
0.167489
0.0924885
0.0950042
0.0715158
0.0423351
0.0258874
0.0228361
0.0368317
0.0321476
0.147722
0.142613
0.0159912
0.0972097
0.0699095
0
0
0
0
0
0
0
0
0
0
0
0
0
0
0
0
0
0
0
0
0
0
0
0
0
0
0
0
0
0
0
0
777777