2.91875
999999
-0.399549
-0.391541
-0.170843
-0.131265
0.0501667
-0.154144
0.0918943
0.802638
0.126873
0.360644
0.43693
0.0661016
0.192294
-0.236191
-0.167348
0.212268
0.691438
0.0963617
0.444436
-0.245726
-0.155859
0.473539
0.171743
0.351728
0.323841
-0.0235701
-0.0971751
-0.795551
-0.0237811
0.797861
0.103845
-0.175495
-0.187686
-0.341403
-0.362778
0.215193
0.0137412
0.254805
0.39244
0.00717953
0.32422
0.228597
1.51185
0.216858
0.510293
0.473626
-0.255904
-0.619044
0.28334
0.457626
0.0209611
-0.1724
0.078494
0.518917
0.364654
0.110083
-0.151782
0.185339
0.315968
0.0225683
-0.0945488
0.107937
-0.0199122
-0.316724
-0.224179
-0.681214
0.294567
0.207429
0.335974
0.109159
0.027276
0.165908
-0.178941
-0.206443
-0.356768
0.0483587
0.0305561
0.650101
0.222041
-0.192733
-0.075163
-0.387102
0.217586
0.667854
0.0233113
0.713352
-0.0173371
0.0720336
-0.576954
-0.675114
-0.332523
0.425529
0.219258
-0.489082
0.174001
-0.0152141
0.13708
0.703192
-0.691782
0.064704
-0.0248507
-0.421603
-0.373214
0.284898
0.320468
-0.423393
-0.136654
0.327957
-0.36132
-0.15001
0.0982758
-0.0753659
-0.131973
0.396139
-0.218342
0.190767
0.188068
-0.659159
0.233223
-0.283305
-0.238014
0.229807
-0.201054
-0.338049
0.490179
0.84596
0.58998
-0.0813653
0.666219
-0.220994
-0.231913
-0.353708
1.73649
0.310049
-0.142637
-0.0770448
-0.435363
0.22616
0.253821
-0.821342
0.726229
-0.0789431
0.224858
0.142736
0.223182
0.514573
-0.0482471
0.124218
0.240204
0.446591
0.390101
0.0872975
-0.235986
-0.425555
-0.272649
0.456677
0.193409
0.210281
0.341087
0.277499
-0.054008
0.13043
-0.234374
0.451194
0.152319
-0.518629
-0.934594
-0.564688
-0.360853
-0.0438477
0.568635
0.011151
-0.697951
-0.0135564
-0.826638
0.179564
-0.160118
-0.275609
-0.866413
-0.346818
0.0205954
0.544048
-0.425316
0.0139366
0.0918327
0.294334
0.132035
-0.319019
-0.295732
0.568723
0.669876
0.699252
0.695485
-0.710005
0.408367
0.192834
0.265494
0.324636
0.0694286
0.20752
-0.682187
-0.738993
0.0546219
-0.363654
-0.566684
0.100387
-0.0264747
-0.0181072
0.215357
-0.822962
-0.226347
0.218904
-0.362903
-0.456505
0.35495
-0.777565
0.458232
0.10973
0.659205
-0.0314445
-1.24349
-0.442765
-0.161247
-2.68275
0.449121
0.463227
-0.135494
0.0780859
0.117745
0.0915627
0.97896
0.38929
1.0004
-0.196568
-0.0405383
-0.658514
0.00812839
0.169387
0.18589
-0.913656
-0.32302
-0.274041
0.00696985
-0.454552
0.0697966
-0.222353
-0.173316
0.316719
0.677972
0.134854
-0.00669019
1.05758
-0.127178
-0.153922
0.279777
0.240508
-0.572935
-0.469505
-0.205171
-0.462154
0.349963
0.218622
0.659797
0.116941
-0.0380009
-0.70252
0.501716
-0.535206
0.500915
-0.759371
-0.02596
0.0655605
0.315076
0.264032
-0.134878
0.0689094
-0.145616
0.510095
-0.392651
0.841087
-0.194795
-0.160105
0.109822
0.273395
-0.633456
0.0422041
0.17098
-0.617982
-0.0592607
0.287249
-0.13874
0.137675
-0.253222
0.693726
0.595726
0.749093
0.88919
0.5472
1.0551
0.831886
-1.53445
0.358208
-0.168372
0.884553
-0.406857
-0.681322
-0.126515
0.396431
0.577249
-0.185849
0.265754
-0.771074
-0.0883426
-0.153113
-0.217202
0.241772
0.591184
-0.270326
0.650026
-0.112089
0.284045
-0.151022
0.23588
-0.521784
-0.309951
0.196179
-0.515569
-0.731333
0.479392
-0.589409
-0.50619
0.13141
0.219136
0.593509
-0.355599
0.629751
0.373044
-0.133673
0.729617
0.429336
0.38516
0.287388
0.397031
0.334844
-0.683021
-0.251671
0.172911
-0.108938
-0.72246
0.397476
-0.315385
-0.425168
-0.39663
0.117452
0.0622587
0.0226325
-0.417134
0.282219
-0.962868
-0.0638321
-0.629986
-0.190671
-0.218237
0.132302
-0.408705
0.117796
0.227049
-0.0381893
-0.527273
0.492635
-0.224484
-1.00759
0.121502
-0.254091
0.109758
-0.141307
0.650378
-0.27943
0.028622
-0.0781536
-0.28232
0.231784
0.133545
-0.458685
-0.137512
0.428262
-0.366831
-1.04114
-0.493533
-0.251652
0.179307
-0.351718
-1.2279
-0.785392
0.160107
-0.351501
0.25484
-0.862281
0.202958
0.13533
0.243689
-0.136064
1.93749
0.167838
-0.540625
0.557116
-0.14516
0.042206
-0.876018
-0.103164
-0.420928
0.0542405
1.03912
0.449573
-0.253746
-0.329596
0.169639
-0.358552
-0.0876943
-1.10616
-0.567839
0.0391574
-0.00525408
-0.30854
-0.11472
-0.321951
0.126901
-0.0166218
-0.0978886
-0.0518936
-0.144884
0.357431
0.218703
0.0844236
-0.103972
-0.420617
0.186467
0.698027
-0.251935
1.07909
-0.0201033
-0.0666007
-0.0563221
-0.441975
0.0209265
0.173326
-0.27191
0.302196
0.31512
-0.555
0.128736
-0.16863
0.0832938
0.198867
0.171545
0.659546
-0.036134
-0.203152
-0.378143
-0.0108887
0.342784
-0.0941199
-0.153583
0.60785
-0.103362
-0.0111393
0.603337
0.493959
0.407446
-0.148459
0.146338
-0.0955944
-0.202103
-0.159032
-0.603708
0.40489
0.531427
-0.70118
0.791341
0.231262
0.0102955
0.311902
0.261141
-0.87786
-0.49755
-0.468349
-0.0239666
-0.283733
0.684361
0.315969
-0.411635
-0.400936
-0.0825521
-0.645461
0.104971
0.234732
-0.0952527
-0.0744706
-1.34755
-0.414471
-0.184941
-0.545308
1.08082
-0.492479
-0.354569
0.21918
1.49711
0.0624721
-0.434449
0.0285205
0.16354
0.0301284
-0.143581
-0.648705
0.203901
0.414281
0.234518
0.306245
0.196311
-0.556279
-0.225499
-0.0988158
0.530637
0.433192
0.341868
-0.0749059
1.14289
-0.731739
-0.230199
0.113133
-0.582307
0.0510757
-0.143285
-0.287468
0.413906
-0.00464818
0.242536
-0.261369
-0.91172
0.567875
-0.0246315
0.151185
0.230605
0.330764
-0.319289
-0.359874
0.451371
0.0921395
0.215554
-0.0501318
-0.481714
-0.332543
-0.638859
-0.603813
0.302363
-0.161317
0.147437
0.41815
0.375173
0.586896
-0.562081
-0.815884
0.167671
0.0991219
-1.15375
0.319728
-0.640508
0.361107
0.408924
0.377726
-0.553371
-0.0267611
-0.814601
-0.296045
0.324352
-0.109281
-0.0954184
-0.954846
0.34028
-0.540985
0.0358426
-0.173294
0.0415651
0.780042
-0.197313
0.279081
1.59699
-0.0185745
-0.267643
0.163543
0.0964961
-0.0207955
0.0201734
0.115369
-0.655806
0.077163
-0.555246
0.472647
-0.117217
0.0830107
-0.189133
-0.148351
-0.163104
0.60913
0.972454
0.0760538
0.0138204
-0.53161
-0.212062
-0.283952
0.55929
0.184368
0.379034
0.481896
0.0485509
0.28712
-0.615499
-0.822638
0.0601019
0.382279
-0.383834
0.186731
0.421891
0.253178
-0.244387
0.0501665
0.430921
0.0438199
0.124789
-0.715036
0.0530887
0.0898153
0.040117
-0.429341
0.150861
-0.823943
0.197833
-0.0245119
-0.133968
-0.183509
0.69167
0.196065
0.00741198
-0.494532
-0.0728709
0.0113019
0.704007
-0.198402
-0.0558248
-0.481957
0.174027
0.0531223
0.159121
-0.242529
-0.715161
0.335757
0.13479
0.155489
-0.607305
0.393894
-0.0538205
-0.225019
-0.083362
-0.776124
-0.102602
-0.185531
0.158613
0.470994
0.282508
0.454977
-0.188058
0.0437266
0.127954
-0.490563
0.233927
-0.190192
0.101696
-0.387691
-0.880763
0.051389
0.885115
0.365242
0.076637
0.0500933
-0.405762
0.271245
-0.524268
-0.0239125
-0.344092
0.507722
-0.427775
0.047674
0.445572
-0.266841
-0.81897
-0.231171
-0.667162
-0.233374
-1.31426
-0.371852
-0.0388347
-0.453681
-0.0690366
0.495065
0.248782
-0.0422501
-0.0781294
0.170564
0.192576
-0.39648
-0.30484
-0.0410683
0.458481
-0.111766
0.117182
0.386345
0.0593377
-0.0681965
0.222629
-0.534839
-0.365398
0.361839
0.0408849
-0.140792
0.146844
-0.385137
-0.345999
0.696137
-0.229053
0.717334
0.197875
-0.099828
-1.13425
-0.450948
0.475998
0.123565
-0.444432
-0.25971
-0.358077
0.60399
-0.00211547
0.261124
-0.11489
0.20448
-0.409834
0.100113
0.321682
-0.112227
-0.0944735
0.96431
0.700429
-0.332164
1.22799
0.0907212
0.603571
-0.0776033
-0.488843
-0.627308
0.449114
-0.136691
-0.671938
-0.0524435
0.0498599
0.181436
0.197116
0.157224
0.283469
0.0163462
-0.0252425
-0.379606
0.399191
-0.671233
-0.107267
-0.785431
0.0869209
1.48
-0.0311628
-0.23752
0.599456
0.0105555
0.0173566
-0.0293577
-0.320494
0.600941
-0.19563
0.492557
0.155374
0.517829
-0.722624
-0.0164501
0.160074
-0.0136447
0.352879
0.537696
-0.655465
1.04188
0.209829
0.220513
0.528877
-0.298295
-0.447062
-0.17115
1.28508
-0.468039
0.0504236
-0.428224
0.414529
0.148349
0.282797
-0.109936
-0.134496
-0.611894
-0.087214
0.128886
0.180232
-0.45433
-0.042176
-0.219193
0.585537
-0.0960868
0.282259
0.117474
0.564356
0.252938
0.113761
0.100831
-0.158918
0.190972
-0.171237
-0.184149
0.397153
-0.261831
0.009175
0.112582
0.260399
0.126028
0.217432
-0.0988633
-0.246932
-0.00419638
0.00412457
-0.0679948
0.537332
-0.717734
0.350237
-0.261828
-0.383644
-0.0436872
0.0900587
0.0650544
0.173281
-0.0081227
0.0139085
0.374421
-0.367505
0.505333
-0.175446
0.491156
-0.169038
0.144642
0.0224104
0.277351
-0.220207
0.0150845
0.157436
-0.22643
-0.0453394
-0.0676546
-0.11071
-0.943177
0.272159
0.297914
0.302824
-0.0501154
-0.744302
0.24156
-0.2444
0.0761727
-0.078601
-0.368397
0.00747785
0.478258
-0.426316
0.184609
-0.246082
-0.275633
0.152461
-0.795636
-0.125143
0.362148
-0.569306
0.767619
-0.509475
0.0540972
0.509954
-0.0611905
1.37427
0.249565
1.45084
-0.738063
-0.160507
0.572648
-0.054188
0.391986
-0.309459
0.19586
-0.157286
-0.035146
0.0536037
-0.557837
0.333796
-0.00785522
0.198292
0.266448
-0.263033
-0.33409
0.32112
-0.31764
-0.445744
-0.497632
-0.257283
0.024398
-0.0772794
0.00160285
-0.0247005
0.227875
-1.13999
0.737637
-0.00102729
-0.133407
0.686568
-0.0816944
-0.0211895
-0.0894368
0.426239
-0.615386
0.647321
-0.0586334
0.124168
0.259417
-0.0992697
0.15807
0.392799
-0.610353
0.309088
0.578408
0.000578657
-0.193102
0.718534
0.0351306
-0.201693
-1.35847
-0.743806
-0.061226
-0.725064
0.0415696
-1.38993
-0.0144601
-0.751175
-0.00248391
1.3477
0.196082
1.84517
-0.0492369
-0.622499
0.246464
-0.0430149
-0.0765795
0.250831
-0.0391322
-0.70968
-0.240675
0.0617853
0.115274
-1.21888
-0.643027
-0.0803426
-0.232849
0.124648
0.222289
0.536478
-0.516092
-0.0375301
0.391234
0.0530879
0.49007
0.323267
-0.419762
0.288415
0.314385
-0.523427
0.128564
-0.188225
0.17314
0.498868
-0.451575
0.018239
-0.0724563
-0.513615
-0.150919
0.145758
0.272923
0.402766
0.476838
-0.0636054
0.434083
0.383008
-0.223889
0.232663
0.390612
0.519094
-0.0585691
0.287167
1.55375
-0.0298952
-0.130763
0.376619
-0.647333
-0.063176
-0.209538
1.40318
-0.25234
-0.409895
-0.345989
0.0125995
-0.141665
-0.0039213
0.473586
-0.0230011
0.152427
-0.210447
0.851935
0.438226
-0.135442
1.25745
-0.18138
-0.00692859
0.690426
-0.836902
-0.00943943
-0.438006
0.00383699
0.133977
-0.758757
-0.34293
-0.105456
0.245517
-0.250233
-0.100343
0.304549
-0.130534
-0.056631
0.108325
0.34971
0.172827
-0.702593
-0.0394183
0.289161
-0.134156
0.342297
-0.422354
0.468823
0.143865
-0.303684
-0.166769
-0.14948
-0.589416
-0.2284
0.700428
-0.196512
-0.447418
-0.0255474
0.842568
0.1809
0.1963
0.196949
-0.512335
2.30122
-0.176102
-0.194008
0.0752492
-0.331715
-0.193652
-0.0232964
0.0325858
0.274041
0.513317
0.176484
-0.399433
-0.203094
0.0757424
0.251919
-0.0193592
0.39221
0.0465464
-0.230879
-0.935704
0.234073
0.176155
0.493626
-0.0857936
-0.25793
0.0668844
-0.615055
0.577457
0.22272
0.385237
0.25417
1.17418
0.281284
-0.109131
0.021827
-0.417396
0.0820222
-0.380113
-0.380776
-0.545193
-0.690577
-0.0242427
-0.258402
0.380783
0.3971
0.142523
0.514232
-0.273375
-0.554055
0.183134
0.179258
-0.227919
-0.257646
0.191588
-1.40772
-0.0819725
0.163311
0.587557
1.38907
0.150209
0.318672
0.549843
-1.06496
-0.587244
0.456646
-0.857878
1.17609
-0.345548
-0.899275
-0.025543
-0.260622
-0.0824071
-0.30316
0.161836
0.161292
-0.0802913
0.168692
-0.109792
-0.887074
0.2257
-0.185327
-0.666359
0.269629
-0.244709
-0.077229
0.279632
-0.317205
0.253167
0.0523937
-0.150022
-0.169228
1.02345
0.145613
0.203466
-0.154035
0.280982
0.0827162
1.74188
-0.0532463
-0.479323
0.257068
0.10434
0.0719198
-0.657095
0.466439
-0.185091
0.393557
0.100596
0.32035
-0.387364
0.273788
0.100959
-0.0870862
0.196437
0.148832
-0.162487
0.0864727
-0.233451
0.422247
-0.594457
0.0633673
0.0694027
-0.554755
-0.200709
-0.35063
-0.151854
-0.0146238
0.455747
-0.904208
-0.334046
-0.0503353
-0.0271229
-0.27496
-0.16804
0.114722
0.541677
1.8656
-0.351401
-0.674792
1.00547
-1.0665
0.310272
0.221482
-0.538757
-0.21342
-0.23861
-0.0648216
0.149971
0.2202
-0.0971112
-0.234158
-0.0879428
-0.257133
-0.181101
-1.24334
0.156711
0.249532
-0.133167
0.0565133
-0.486936
0.556113
-0.170826
-0.00425503
-0.0705632
0.276727
0.752989
0.482427
0.6075
-0.0129427
0.180026
0.276472
0.0548426
0.364614
-0.354269
-0.144097
0.193709
0.0693345
0.285577
-0.782409
0.264674
0.076803
0.155783
0.34567
0.128264
0.201643
-0.392325
0.211796
0.120518
-0.252552
0.482257
-0.215642
0.311179
-0.0020728
0.650543
0.528722
-0.0374208
-0.187976
-0.495335
-0.868745
-0.367153
-1.14768
-0.014671
-0.386579
0.366162
0.383875
-0.640266
-0.0827758
0.0495939
-1.0198
0.298305
-0.324873
0.13007
0.335454
-0.10849
0.145561
0.279027
0.313502
-0.221787
0.21358
0.108033
0.130988
-0.564124
-0.130504
0.640148
0.111405
0.357278
0.23861
-0.00990832
0.139704
-0.0577198
-0.505815
0.506221
0.692522
0.129199
0.143752
-0.438905
0.671746
-0.012321
0.0223469
0.0676878
-0.0361703
-0.242359
0.733402
-0.166119
0.315361
0.3781
0.162144
-0.587964
-0.13897
0.251901
-1.41255
0.377781
0.0814938
0.631218
0.0134259
0.0288196
0.0187853
0.317188
0.278349
-0.0321217
-0.504974
-0.17119
-0.326999
-0.530506
-0.641567
0.659974
0.206724
-0.0664599
-0.0805651
-0.148823
-0.451997
-0.241023
0.187589
-0.200236
-0.646344
0.1311
-0.168693
0.183165
0.128114
-0.170157
0.096583
0.0643477
-0.127421
-0.170433
-0.451804
-0.814959
-1.11046
-0.329693
-0.366362
-0.577239
-0.377152
-0.16945
0.0674842
0.424309
-0.0943581
-0.325853
-0.529005
0.166902
0.428378
0.27392
-0.386243
-1.98665
-0.0476724
0.265505
-0.319808
0.204161
0.0636897
0.0448231
0.879167
-0.311785
0.474257
-0.155374
0.71144
0.533593
0.430562
0.0946739
0.583164
0.0391074
-0.110009
0.433662
-0.529383
0.0272439
0.219895
-0.057965
0.0545904
-0.142419
-0.0216286
-0.116279
0.573771
0.286129
-0.322565
0.173005
0.34254
0.373433
0.0916986
-0.400548
-0.162252
-0.546604
-0.00439619
0.625119
-0.220832
-0.143261
-0.0801575
0.475696
-0.0302454
-0.0456323
-0.763796
-0.211993
0.164758
0.514589
0.378278
-0.0762866
0.153631
0.213661
-0.095742
-0.0314253
0.373721
0.380033
-1.13451
-0.00591222
0.0875778
-0.307816
-0.214718
-0.728833
0.272423
0.278118
0.0652603
0.202441
0.129746
0.351875
0.0779145
-0.0529453
-0.905616
1.20912
0.454338
0.680335
0.691019
-0.109663
0.161125
-0.170919
-0.121119
0.186887
-0.0775041
-0.500501
0.204024
-1.84074
-0.693734
0.185325
0.720819
0.0474261
0.166944
0.104812
0.241994
-0.0804692
-0.0752119
0.281352
0.136591
-0.242717
0.340305
0.00604112
-0.187172
0.0867802
-0.0893097
0.1433
0.079796
0.224998
-0.255682
-0.404046
-0.0122735
-0.52916
0.175123
-0.516381
-0.329947
0.112273
0.430406
0.164291
0.59662
-0.456956
-0.304151
0.34963
0.655218
-0.238411
-0.594006
-0.116871
-0.0443969
0.0595211
0.420769
0.473448
-0.366821
-0.450056
-1.0506
0.154541
-0.392062
-0.542059
0.376726
-0.0906722
0.526727
0.0402844
-0.0712048
0.666316
0.343368
-0.0997335
0.20672
-0.0527351
-0.167977
-0.278961
0.00378075
-0.547025
-0.350453
0.234062
1.03021
0.140916
0.207877
-0.854318
0.140908
0.234429
-0.135222
0.554081
-0.332398
-0.0200705
-0.0325572
0.0264449
-0.049616
-0.706576
0.973557
-0.194701
-0.0672277
1.95979
-0.0239007
-0.289095
0.181536
-0.106361
0.068758
0.366749
-0.00274569
-0.246104
-0.0316969
0.210602
-0.138254
-0.856294
0.175666
0.305896
0.737504
-0.495927
0.115429
-0.204269
-1.00428
0.429269
-0.611011
-0.0454983
0.606941
-0.766498
-1.10296
-0.41367
-0.125301
0.176667
0.0506946
-0.457705
-0.160557
-1.24046
0.161981
-0.408944
0.605484
0.113308
0.262115
0.509628
0.151498
0.444289
-0.0875779
1.09056
-0.292393
-0.0283803
-0.209997
0.0609186
0.0654318
0.137865
0.129335
-0.0140936
1.33016
0.506969
1.27602
0.135824
0.245822
-0.372899
0.711002
-0.152551
0.0740305
-0.473439
-0.486516
0.0754351
0.154142
0.508755
0.209398
0.00508639
0.580025
-0.179097
0.0616873
-0.567876
-0.0806249
0.458224
-0.274198
-0.3495
0.238419
-0.456354
-0.299561
-0.20366
-0.614792
-0.353825
-0.0285368
-0.485483
-0.0578191
-0.660317
-0.123891
0.455524
0.0487289
-0.102682
0.0506602
-0.26857
0.479238
-0.194531
-0.15094
-0.197726
-0.0775202
-0.568349
2.9411
0.323712
-0.16387
0.151277
0.0414613
0.167966
-0.13335
-0.264423
0.310681
0.0987985
1.90792
0.314024
0.319437
-0.0974711
0.490429
0.201939
0.163874
-0.421714
-0.25948
0.064116
-0.337298
-0.463286
-0.0247091
-0.255567
-0.0966776
-0.488172
-0.259249
-0.162429
0.406991
-0.520163
0.231004
0.481836
-0.089954
0.27306
-0.179172
1.06717
-0.479206
-0.903196
-0.0769764
0.0185509
-0.124405
0.293029
-0.0911469
0.365223
0.850629
0.944236
0.10862
0.50826
0.306936
0.0845411
-0.183404
0.17198
-0.163149
0.0570926
-0.183599
0.104672
-0.16808
0.0231031
-0.113866
-0.104268
0.128119
0.0246999
-0.115726
-0.193223
0.0111041
0.0682237
-0.156079
-0.0685226
-0.156845
-0.0763311
-0.0496129
-0.048363
-0.0107757
0.0357473
-0.0172453
0.127606
0.0530418
0.162334
0.0869917
0.127751
0.184639
888888
0.0578689
0.0179712
0.0579702
0.0325557
0.035399
0.0365298
0.0631074
0.0784682
0.0312766
0.12875
0.0245907
0.0323747
0.0737559
0.0583639
0.0153812
0.0675516
0.0699634
0.0115669
0.0420514
0.143224
0.035386
0.0657759
0.0671216
0.0632589
0.0503839
0.0110361
0.0339808
0.316581
0.0126343
0.065985
0.0486751
0.0418405
0.0549405
0.0574704
0.0478494
0.0415774
0.0841639
0.00561762
0.0604305
0.0350412
0.0893242
0.0354923
0.273734
0.0386859
0.0246959
0.062059
0.039286
0.0934165
0.0364083
0.0290868
0.0374257
0.054968
0.040881
0.0904058
0.0511293
0.0304113
0.0386219
0.0166477
0.0349893
0.0348777
0.18819
0.299767
0.0368435
0.0477743
0.119131
0.0378818
0.0318313
0.0145261
0.0592989
0.136915
0.0648775
0.1947
0.0741851
0.0754173
0.0468556
0.0237723
0.0369989
0.147101
0.0368372
0.0414808
0.0363727
0.052387
0.0808031
0.0701429
0.024035
0.137762
0.0602099
0.0329392
0.0492144
0.0758105
0.0536175
0.0212485
0.0887864
0.0338287
0.0332636
0.0164219
0.0577821
0.027123
0.0345572
0.0558962
0.0276777
0.072295
0.0524946
0.0478535
0.0926657
0.0701751
0.0468387
0.0826961
0.0777891
0.121161
0.101012
0.119497
0.0222906
0.041151
0.0418963
0.0824588
0.0383115
0.0421759
0.0262484
0.0880204
0.0714006
0.0607808
0.023969
0.0376601
0.085077
0.152149
0.122006
0.104989
0.0403843
0.0357172
0.116191
0.0706594
0.274892
0.0603645
0.0319791
0.0520795
0.0687345
0.0313927
0.143051
0.10112
0.022834
0.0204015
0.0260547
0.0632017
0.281799
0.0967623
0.076362
0.0594577
0.031859
0.0826234
0.0443488
0.0609368
0.00833116
0.0384706
0.183105
0.104967
0.248494
0.0300046
0.0537406
0.0515025
0.0156241
0.0680325
0.0266216
0.0342895
0.116787
0.00629134
0.136857
0.0383375
0.158753
0.111044
0.141853
0.0428231
0.132178
0.0264368
0.116421
0.0123218
0.030684
0.0587432
0.0833205
0.0678628
0.0127125
0.0835466
0.0250858
0.0990883
0.0258613
0.0222557
0.0125047
0.0447576
0.0249233
0.122637
0.103698
0.0902576
0.0688178
0.226587
0.0332212
0.0200081
0.130944
0.105905
0.0365665
0.031972
0.041908
0.0555551
0.0829423
0.0195308
0.098336
0.0719113
0.0782507
0.0831683
0.0417649
0.0936895
0.0513728
0.0186063
0.0554214
0.0272983
0.0356659
0.106834
0.0123491
0.0180797
0.0390541
0.0427141
0.203443
0.0795986
0.037106
0.530854
0.0805714
0.0977523
0.0348574
0.0420209
0.0363578
0.0511007
0.103693
0.0294991
0.353082
0.0636975
0.0252313
0.0343218
0.0302579
0.00794345
0.218291
0.196056
0.0505627
0.0535095
0.0823864
0.0645939
0.0190754
0.0475781
0.0565878
0.0722324
0.0388385
0.0202606
0.0311975
0.126528
0.0581575
0.0304771
0.108952
0.0336752
0.0865791
0.0257119
0.0170422
0.0548136
0.0498563
0.0325636
0.0820023
0.0295761
0.0344907
0.228693
0.0238381
0.0669631
0.0725052
0.11049
0.0786843
0.0602604
0.0254317
0.173425
0.0631363
0.0452914
0.0772472
0.0817917
0.0367689
0.198852
0.0143662
0.0990163
0.0784235
0.0648113
0.0589444
0.0297393
0.0612243
0.0421571
0.00943793
0.0322755
0.0239415
0.0404891
0.0397615
0.0346716
0.0739373
0.0791649
0.0714265
0.151729
0.0355974
0.0218767
0.238799
0.0474878
0.0146854
0.0928405
0.0992807
0.142224
0.00672834
0.0209079
0.115227
0.0684559
0.0160156
0.133023
0.034129
0.0297658
0.082228
0.0385506
0.00982141
0.0457139
0.150658
0.0346477
0.204656
0.0731573
0.0901322
0.0929399
0.0232659
0.0778188
0.0349243
0.0813632
0.0301402
0.110099
0.276918
0.0285297
0.0158229
0.0708311
0.0434326
0.139398
0.0319993
0.0160738
0.0669565
0.0375784
0.07215
0.0519668
0.0279732
0.0534069
0.28568
0.124545
0.0347652
0.032106
0.114775
0.159089
0.0553679
0.081688
0.0785506
0.0113075
0.0195508
0.0668934
0.0154008
0.0572807
0.0617687
0.0747986
0.0555227
0.108811
0.0326808
0.0365283
0.0756773
0.0762099
0.107465
0.0290974
0.0456083
0.0761933
0.0283002
0.190436
0.0193181
0.0154189
0.0306044
0.0221489
0.0992896
0.0133291
0.0462226
0.0267067
0.0471906
0.0450227
0.0475754
0.117763
0.0595937
0.0226207
0.0555372
0.0820659
0.284382
0.163656
0.069526
0.0834665
0.0466335
0.23464
0.00874882
0.0229786
0.070306
0.132453
0.0281623
0.0319453
0.0413083
0.0467024
0.141774
0.0805144
0.0134926
0.0643285
0.0177143
0.0415769
0.423799
0.029148
0.0715223
0.0272027
0.122223
0.0560274
0.0585243
0.0228445
0.0346059
0.0444731
0.076755
0.228746
0.138807
0.0194738
0.0431403
0.109298
0.0481218
0.0270607
0.0398766
0.0170787
0.0488115
0.0495991
0.0166253
0.0396281
0.0280557
0.0271746
0.0210852
0.0663015
0.0707042
0.0364803
0.014576
0.0531892
0.0272127
0.00981315
0.0345914
0.0419504
0.141539
0.0108734
0.0569557
0.033264
0.10369
0.0509071
0.0246074
0.0495268
0.020181
0.0425654
0.0403639
0.105543
0.028599
0.0462679
0.0485715
0.0206789
0.0317408
0.0391981
0.0155515
0.126121
0.0732007
0.0261818
0.0210163
0.0371916
0.0592545
0.0519648
0.0679521
0.0167813
0.0621863
0.0506428
0.0409994
0.102003
0.0898583
0.0663041
0.143518
0.0615958
0.0538092
0.046706
0.0499577
0.0737862
0.087477
0.114035
0.135992
0.173214
0.187563
0.0846544
0.0146598
0.0164247
0.0257271
0.175032
0.0687025
0.0505614
0.0304253
0.0293158
0.145054
0.0173142
0.0358408
0.0258662
0.0973066
0.0644786
0.0098572
0.0127392
0.226195
0.0480218
0.103043
0.0371008
0.0860236
0.0309751
0.0390435
0.188033
0.143403
0.0644378
0.119094
0.0144559
0.0733641
0.027967
0.0524143
0.0472738
0.1161
0.0288319
0.127922
0.0657346
0.0828041
0.152651
0.0465255
0.0152181
0.0571647
0.0403791
0.074398
0.0628519
0.0590281
0.0484826
0.0721229
0.0406845
0.059262
0.0454127
0.0335755
0.126798
0.028297
0.0613833
0.0247964
0.0713464
0.0191563
0.0146455
0.0828277
0.122738
0.0685314
0.0671575
0.0629443
0.110313
0.0790743
0.0403914
0.0966213
0.0132422
0.0840088
0.242764
0.110302
0.0317173
0.0486589
0.0254942
0.1832
0.0433046
0.0352203
0.0374575
0.109478
0.0899504
0.130711
0.0735838
0.154892
0.0365447
0.0131397
0.0493463
0.0318433
0.0485943
0.17886
0.193462
0.0374894
0.0433625
0.0176898
0.09365
0.139168
0.038737
0.239347
0.0308183
0.0468885
0.0178173
0.0830467
0.0358196
0.0491939
0.0271922
0.247436
0.160666
0.0180988
0.136284
0.0225119
0.179299
0.0109866
0.015876
0.0407819
0.121881
0.170746
0.0634288
0.0373759
0.0315826
0.0232042
0.0204725
0.0334724
0.0401708
0.189108
0.113795
0.0442312
0.0900851
0.129495
0.063357
0.0394479
0.0259023
0.0121756
0.0184094
0.0625223
0.0721958
0.0346499
0.051993
0.0773793
0.0227145
0.0973597
0.111511
0.0307539
0.0256136
0.0110376
0.375692
0.0296668
0.0415782
0.0426232
0.104114
0.0259643
0.207327
0.0347003
0.0510403
0.0545487
0.0571657
0.0237115
0.0185528
0.134206
0.0364994
0.0551552
0.0784556
0.0211801
0.0981334
0.0135584
0.0225235
0.158687
0.0561771
0.116952
0.0477526
0.0338033
0.0295585
0.0194117
0.0391235
0.0226294
0.167234
0.0692569
0.0297395
0.124167
0.247084
0.0523363
0.0254853
0.0534894
0.0120301
0.055435
0.0241444
0.267539
0.235396
0.0474217
0.0200608
0.247279
0.107026
0.0581692
0.0500199
0.0357814
0.102125
0.0853938
0.0475333
0.0145774
0.113401
0.0959933
0.10624
0.0768919
0.0368099
0.0771686
0.0474815
0.0429523
0.0533734
0.0652044
0.0189172
0.252941
0.129674
0.00841422
0.0689886
0.0102245
0.0536622
0.0789777
0.0486783
0.0480657
0.0399087
0.0206592
0.039451
0.0085343
0.0342087
0.112406
0.0365184
0.0659849
0.0361002
0.0859241
0.0184546
0.0951242
0.274875
0.0455872
0.0730307
0.181904
0.008894
0.0941575
0.0427983
0.0359795
0.0386036
0.0123565
0.128235
0.0350342
0.0518934
0.208776
0.0155713
0.0414894
0.0713868
0.030694
0.0576956
0.0542545
0.224352
0.0857206
0.018029
0.0417577
0.0180181
0.0647323
0.0673885
0.0500673
0.0655537
0.0757521
0.0973872
0.109056
0.0224851
0.0812408
0.0258378
0.069691
0.0239823
0.120344
0.0586939
0.0321844
0.0360869
0.0256919
0.0747898
0.0300179
0.00634721
0.043951
0.0157782
0.0788629
0.0388832
0.193673
0.0318066
0.111749
0.132934
0.0989357
0.102772
0.0564237
0.102898
0.0219097
0.0267062
0.217671
0.0854082
0.0270781
0.0871471
0.0214717
0.0214151
0.0180921
0.126563
0.0175858
0.0664328
0.0652338
0.0253882
0.0769646
0.012744
0.0195158
0.155001
0.0590411
0.202969
0.0464867
0.0988879
0.0407547
0.0172376
0.0884753
0.0233977
0.12648
0.0314675
0.0749721
0.127989
0.0276395
0.0334017
0.0163986
0.0436139
0.15835
0.0449878
0.0278707
0.0821779
0.108338
0.0342446
0.031093
0.0541895
0.0872511
0.0211209
0.0525634
0.0337472
0.0779687
0.0406578
0.153524
0.046613
0.0259614
0.0196035
0.0610638
0.0116991
0.0647846
0.066596
0.0268819
0.173882
0.0220378
0.0172029
0.193498
0.0473025
0.103633
0.0254195
0.158509
0.0363323
0.0392266
0.20586
0.0460085
0.032009
0.0301567
0.0247084
0.0608232
0.0312616
0.111109
0.0220824
0.0246156
0.140372
0.0281766
0.0231014
0.070422
0.0661382
0.0306428
0.037992
0.0285243
0.146033
0.0119922
0.0734944
0.0381765
0.0248772
0.0317063
0.0390256
0.0632869
0.0490413
0.0867148
0.0559974
0.0503534
0.0326727
0.0610984
0.028468
0.0123092
0.0183118
0.0246337
0.0518207
0.0935168
0.0831388
0.0539945
0.0132118
0.012608
0.0077104
0.063363
0.0846095
0.162992
0.0305472
0.0649643
0.140643
0.0304206
0.0271334
0.0667316
0.0341985
0.0954134
0.0272852
0.127295
0.0869115
0.0502355
0.0685145
0.0261424
0.0730688
0.0507837
0.020851
0.0374268
0.0366063
0.0797685
0.0597398
0.00866762
0.0216879
0.00977668
0.0526288
0.0699493
0.0223045
0.0773839
0.0148064
0.0746468
0.0288955
0.0208531
0.0305774
0.0456166
0.0528744
0.0592535
0.0295577
0.0766659
0.0296956
0.0233074
0.0174416
0.244165
0.0361043
0.0174929
0.0277197
0.0253583
0.085941
0.0885749
0.115839
0.0361068
0.0647648
0.0390563
0.0410207
0.0125273
0.0440657
0.0817249
0.126994
0.0429983
0.0594594
0.128283
0.104078
0.0270062
0.0762279
0.0738989
0.0886951
0.0987073
0.0117812
0.123491
0.0116422
0.273562
0.0408996
0.21803
0.00521909
0.250466
0.132028
0.0438626
0.11454
0.0237203
0.0131713
0.0770989
0.0619924
0.0367208
0.0527371
0.0389973
0.0175152
0.0551577
0.132293
0.0915132
0.040638
0.126336
0.0406752
0.0452273
0.0346722
0.0133665
0.0127404
0.0121893
0.0598633
0.132344
0.159937
0.0179995
0.00967652
0.01922
0.0201128
0.0397588
0.0156115
0.0822762
0.250211
0.156207
0.0887801
0.104526
0.0366045
0.0172432
0.0657809
0.048538
0.0542374
0.084623
0.11643
0.105925
0.0822989
0.0522075
0.0226916
0.178758
0.0131986
0.0452561
0.164413
0.0993631
0.0335954
0.0686944
0.0427709
0.105326
0.0233968
0.201454
0.00729096
0.0290864
0.0961967
0.0130671
0.0654999
0.00684992
0.0666011
0.0412522
0.0225408
0.0364684
0.276453
0.0663122
0.13425
0.11343
0.050618
0.0390723
0.0694761
0.209264
0.0276063
0.121886
0.0462545
0.0195131
0.0638127
0.132612
0.0348812
0.0357873
0.0242
0.0611207
0.039136
0.0986327
0.0102056
0.0829832
0.0274484
0.015348
0.0899855
0.13092
0.0384422
0.0773281
0.100792
0.0555054
0.138709
0.090484
0.0713937
0.0240067
0.13972
0.170004
0.0240744
0.0985864
0.202115
0.0401088
0.021125
0.0789086
0.0325646
0.0147211
0.0198226
0.0532862
0.197653
0.0532294
0.029905
0.0584036
0.0443203
0.0885497
0.0564294
0.121099
0.0210824
0.115226
0.0480642
0.0484918
0.053846
0.0345866
0.0321412
0.070887
0.0358847
0.030591
0.0240356
0.0351837
0.0137926
0.0374126
0.0395217
0.0241779
0.0440778
0.0386476
0.0221947
0.0660431
0.0365383
0.0680044
0.112277
0.092081
0.0241082
0.0291718
0.0708442
0.0916305
0.0406695
0.0495651
0.166503
0.10891
0.0412793
0.0367939
0.0352955
0.0360551
0.0351538
0.0613775
0.182294
0.0730922
0.047814
0.0624039
0.0197167
0.0751696
0.0161021
0.0469347
0.146458
0.010454
0.134697
0.0549347
0.0888836
0.0279826
0.0705725
0.0308412
0.121993
0.0865212
0.103643
0.18835
0.153847
0.0293579
0.059947
0.0281756
0.0521222
0.0369648
0.0353269
0.0830938
0.0492209
0.0481027
0.0534148
0.0195901
0.101015
0.0573185
0.0376114
0.137928
0.0351408
0.0272998
0.0198568
0.0548642
0.0354455
0.0308005
0.0228427
0.0255174
0.0077371
0.129615
0.0135819
0.0422614
0.0260716
0.0393996
0.0637218
0.254249
0.0183322
0.0441314
0.0440309
0.0422752
0.0917826
0.13369
0.0248672
0.0404556
0.0222321
0.0866785
0.0738194
0.0845845
0.0426269
0.0586097
0.0327179
0.0554428
0.00862218
0.050626
0.0404584
0.0738335
0.0429626
0.0567372
0.0145972
0.0490751
0.0881492
0.0779541
0.0364699
0.0327623
0.0235367
0.140071
0.168955
0.161425
0.0312118
0.0309829
0.0209282
0.0491883
0.0264033
0.0547215
0.454353
0.115608
0.0644876
0.204337
0.264338
0.101642
0.0712844
0.0353635
0.0878008
0.0909253
0.062272
0.0295391
0.0380055
0.0239864
0.199607
0.0206956
0.0698289
0.0120132
0.13305
0.0283735
0.0244664
0.0472196
0.0322881
0.0560965
0.0839084
0.0358269
0.074248
0.0315016
0.0148093
0.0648511
0.0712675
0.01884
0.0457518
0.0505776
0.0652072
0.0193676
0.0304507
0.0477791
0.104056
0.0589491
0.149291
0.0433972
0.0535598
0.022292
0.0135856
0.0733391
0.0310753
0.0456826
0.0915697
0.00778322
0.0378862
0.065608
0.0555061
0.0807813
0.0105888
0.0718655
0.0483169
0.0941229
0.0842111
0.0335489
0.0349272
0.058125
0.130278
0.0245899
0.0522657
0.0361544
0.0309525
0.0547312
0.0385919
0.0355835
0.0490035
0.0485605
0.126692
0.114
0.0114168
0.0523684
0.0720122
0.0342873
0.0153112
0.044004
0.0222793
0.0259967
0.0320357
0.110823
0.0356197
0.0247602
0.0154833
0.118109
0.0431032
0.0301044
0.0643411
0.0360465
0.0182839
0.143521
0.0484029
0.0846435
0.0332159
0.0132605
0.00720715
0.0355862
0.0353606
0.168835
0.0298081
0.0564223
0.065441
0.0830071
0.064016
0.00808344
0.00738447
0.0633355
0.0408906
0.0477483
0.0440325
0.0918156
0.147859
0.108898
0.119594
0.140336
0.0267607
0.0344889
0.0350936
0.0433554
0.0249443
0.0392751
0.0709521
0.110199
0.0308715
0.146455
0.0452355
0.0951524
0.0218
0.0221006
0.0615873
0.035679
0.0264909
0.0156539
0.0183922
0.0266549
0.0363656
0.0534063
0.035071
0.10215
0.0420323
0.0328006
0.0146226
0.0546896
0.012829
0.023957
0.0486301
0.178362
0.0868566
0.0511524
0.0374446
0.039185
0.0340425
0.0404662
0.0200322
0.0324397
0.0374507
0.0321707
0.0377544
0.0770826
0.0548974
0.0285171
0.218027
0.248743
0.0558616
0.0618627
0.113776
0.071886
0.163918
0.0225024
0.0459382
0.0114948
0.06807
0.0181907
0.281029
0.0560926
0.0703444
0.0434901
0.179625
0.0790846
0.0170066
0.0469534
0.0993763
0.0771163
0.0430126
0.0722715
0.0331775
0.117277
0.0605629
0.0269083
0.0300297
0.0360383
0.0385502
0.0207032
0.0111457
0.0456795
0.0408663
0.0967023
0.062609
0.0463297
0.0195172
0.145171
0.1788
0.0260845
0.0600155
0.0465008
0.118913
0.0788324
0.164423
0.0673123
0.0536591
0.130908
0.021582
0.0211982
0.0179351
0.0278598
0.0258328
0.0235508
0.0492104
0.0645868
0.140809
0.0668178
0.0364193
0.0770524
0.0654943
0.0272619
0.030635
0.0433331
0.0190832
0.0154825
0.0586686
0.0403654
0.0525271
0.0213819
0.0266237
0.457308
0.035782
0.0656059
0.211617
0.0497448
0.174523
0.0514167
0.0649324
0.0818743
0.0262971
0.0171715
0.124985
0.120404
0.106865
0.024143
0.179828
0.015977
0.0464
0.0708598
0.0514003
0.0292521
0.0305953
0.0553679
0.0201613
0.0198358
0.0528105
0.0176798
0.035577
0.0110072
0.0196469
0.0592297
0.0114626
0.0875779
0.115774
0.130332
0.0301998
0.0212846
0.0470907
0.0766384
0.0478432
0.0715833
0.0123403
0.0716791
0.0911493
0.0767587
0.0522695
0.136904
0.0544884
0.0369447
0.0324592
0.100747
0.085266
0.0607868
0.13343
0.0851846
0.194981
0.0547627
0.144538
0.0611669
0.0330261
0.11745
0.0250803
0.0478825
0.0775797
0.0318235
0.108174
0.104559
0.0438877
0.0336634
0.12286
0.0245488
0.0584742
0.0647229
0.0608614
0.0464589
0.0326651
0.0155708
0.15856
0.0282588
0.0416541
0.0733037
0.0548969
0.0668857
0.0345802
0.0860167
0.0284423
0.0339086
0.0602291
0.17858
0.0778474
0.0906325
0.184738
0.0310309
0.0155382
0.246798
0.0285223
0.135346
0.0277291
0.0369757
0.0762365
0.0431444
0.0317242
0.0462952
0.0482214
0.0534694
0.0386138
0.318514
0.0691059
0.0549312
0.194835
0.114299
0.0979703
0.0436453
0.0527701
0.0700161
0.0414488
0.0577738
0.0835095
0.0947297
0.082449
0.0963084
0.047847
0.0690243
0.0481139
0.0454791
0.0309601
0.299934
0.137192
0.110352
0.0614363
0.0801174
0.0592821
0.0907356
0.0248951
0.0991186
0.00747427
0.0608554
0.0310843
0.0253974
0.0513063
0.134769
0.048977
0.0375725
0.0429859
0.0365683
0.136496
0.054383
0.226296
0.0197767
0.0215669
0.089908
0.0524994
0.0233154
0.00339721
0.082081
0.060248
0.0655149
0.0700998
0.0406616
0.0744291
0.0168356
0.0552837
0.0221092
0.0316398
0.0199218
0.0370555
0.0370956
0.0354908
0.0626339
0.0252517
0.0453784
0.0476059
0.145599
0.0678717
0.0549757
0.0518796
0.108589
0.0613264
0.134615
0.0473513
0.158887
0.0417348
0.030574
0.0270784
0.0405875
0.0545265
0.0814716
0.00706068
0.0417972
0.0222442
0.0910215
0.275723
0.0197246
0.0161406
0.0293238
0.0091559
0.151176
0.14511
0.0710543
0.0474086
0.0211808
0.18578
0.0757243
0.0297362
0.0664178
0.0238198
0.0482752
0.0367158
0.0776831
0.0748994
0.0790561
0.026526
0.119066
0.0521999
0.0312495
0.0315031
0.0967524
0.0263683
0.151542
0.142085
0.0280133
0.0251456
0.0397656
0.0654383
0.00748091
0.0473624
0.172602
0.0750291
0.0843238
0.0840359
0.0398347
0.0339534
0.0201274
0.0294919
0.0331469
0.163252
0.126135
0.0161824
0.111245
0.0658725
0
0
0
0
0
0
0
0
0
0
0
0
0
0
0
0
0
0
0
0
0
0
0
0
0
0
0
0
0
0
0
0
777777