2.80911
999999
-0.264154
-0.424922
-0.102969
-0.118605
0.0512693
-0.164043
-0.0157555
0.560151
0.0425849
0.312833
0.445988
0.085006
0.484847
-0.224484
-0.158183
0.349823
0.779774
0.105324
0.38605
-0.0986928
-0.167048
0.519575
0.0469575
0.438374
0.431774
-0.0330437
-0.0965158
-0.396358
0.0235924
0.893145
0.189396
-0.203024
-0.318843
-0.334727
-0.400911
0.287589
0.076546
0.244895
0.246205
0.0183389
0.290087
0.165227
1.29694
0.0930988
0.468262
0.472645
-0.221878
-0.453248
0.310973
0.455646
0.0838936
-0.279326
0.125789
0.588133
0.420003
0.111135
-0.0905056
0.137338
0.291757
0.0915891
-0.307539
0.0831357
-0.0253682
-0.390121
0.0484929
-0.597783
0.320076
0.218067
0.326487
0.409932
0.121615
-0.147531
-0.284319
-0.125743
-0.44833
-0.00294976
-0.0971046
0.633406
0.26164
-0.116661
-0.0290155
-0.345704
0.290181
0.709163
0.0449805
0.967234
-0.226329
0.0805971
-0.560366
-0.439137
-0.258008
0.422036
-0.0581527
-0.476064
0.219131
-0.0131537
0.263954
0.659107
-0.690664
-0.0151729
-0.00912812
-0.38342
-0.507058
0.28565
0.323956
-0.346937
-0.100238
0.296598
-0.436262
-0.30602
0.245929
-0.255853
-0.162721
0.377333
-0.249803
0.153083
0.176399
-0.668184
0.232033
-0.42141
-0.307886
0.267265
-0.20803
-0.483053
0.371283
0.917618
0.378132
-0.0421528
0.635139
-0.135259
-0.120968
-0.208352
1.37869
0.315393
-0.134725
0.0106773
-0.415802
0.318619
0.267719
-0.904871
0.72668
-0.0592649
0.222773
0.0587455
0.485203
0.365223
-0.0170301
0.0388091
0.261366
0.539256
0.38252
-0.00897538
-0.225423
-0.374972
0.0783655
0.34464
0.232135
0.220809
0.246101
0.278216
-0.0873749
0.180643
-0.24101
0.475017
-0.000599871
-0.516134
-0.834136
-0.492195
-0.170906
0.0847556
0.804428
-0.0558952
-0.639991
0.0161737
-1.1095
0.161551
-0.163348
-0.216155
-0.802831
-0.653358
0.0512272
0.526839
-0.433459
0.00616354
0.127903
0.285391
0.139494
-0.249123
-0.247057
0.508199
0.763089
0.656474
0.532536
-1.07932
0.390868
0.16978
0.0414011
0.330063
-0.00153923
0.238083
-0.759614
-0.767191
-0.0252907
-0.355521
-0.735776
0.0768589
-0.00480678
0.0469062
0.110186
-0.770787
-0.275547
0.192137
-0.317918
-0.414795
0.380551
-0.535122
0.454639
0.111472
0.671134
-0.0769551
-1.52229
-0.548196
-0.196864
-1.95554
0.487219
0.114909
-0.1184
0.16901
0.106248
0.0940945
1.37729
0.393814
0.926497
-0.215118
-0.0463981
-0.672777
0.0405741
0.172439
-0.0130533
-0.652606
-0.369219
-0.194946
0.0723943
-0.435098
0.086247
-0.219055
-0.25896
0.37373
0.615623
0.114361
0.0725864
0.804076
-0.0800207
-0.207538
0.29984
0.190144
-0.39208
-0.521419
-0.191909
-0.459416
0.250254
0.162773
0.492575
0.0755323
-0.0396853
-0.345111
0.427118
-0.639939
0.525114
-0.802209
0.0416741
0.060086
0.35252
0.313626
-0.225167
0.235499
-0.234757
0.427854
-0.346536
0.383138
-0.186709
-0.187402
-0.0114086
0.266583
-0.584024
0.0124807
0.118775
-0.669467
-0.0754905
0.277557
-0.18436
0.113842
-0.196121
0.703411
0.690113
0.750966
0.924809
-0.0546884
1.04435
0.824314
-1.42288
0.445907
-0.174031
0.766825
-0.421921
-0.860027
-0.111678
0.436204
0.476637
-0.155035
0.25624
-0.872495
-0.0677757
-0.128139
-0.0453692
0.239049
0.595956
-0.320183
0.659842
-0.170834
-0.164981
-0.213207
0.408769
-0.433242
-0.359218
0.108265
-0.469683
-0.715925
0.482861
-0.755835
-0.931104
0.195398
0.244445
0.660715
-0.384072
0.429384
0.32291
-0.166975
0.710804
0.547108
0.408615
0.344368
0.364891
0.411414
-0.681853
-0.249729
0.187669
-0.0251171
-0.830177
0.550855
-0.288263
-0.31797
-0.0648547
0.116718
0.0974266
0.073247
-0.451308
0.414754
-0.901237
-0.0974871
-0.636395
-0.346663
-0.140695
0.143869
-0.286306
0.0219556
0.429186
-0.0408736
-0.498318
0.427923
-0.166902
-1.05092
0.125942
-0.200578
0.0622963
-0.098779
0.644361
-0.314172
0.0740333
-0.0600541
-0.322332
0.244556
0.142074
-0.359614
-0.121233
0.409599
-0.327179
-1.00786
-0.190768
-0.507138
0.185934
-0.528325
-1.24084
-0.373445
0.176367
-0.347777
0.217069
-0.864325
0.190374
0.217477
0.326768
-0.108998
1.87515
0.166583
-0.556042
0.619831
-0.155265
0.099085
-0.738858
-0.174103
-0.452833
-0.0118821
0.904042
0.392637
-0.183334
-0.344657
0.212448
-0.392768
-0.12614
-1.06822
-0.58522
-0.0118187
0.0267232
-0.399594
-0.0821125
-0.309694
0.1841
-0.0169504
-0.114362
0.0281815
-0.167837
0.374966
0.174715
0.0677896
-0.103695
-0.411024
0.108019
0.771668
-0.207767
1.05926
0.0199285
-0.10842
-0.151843
-0.471463
0.175233
0.160599
-0.399539
0.351483
0.459703
-0.57427
0.178884
-0.0724028
0.119151
0.282174
0.127152
0.971115
0.0311471
-0.338469
-0.201947
-0.0562392
0.303046
-0.133123
-0.157238
0.425981
-0.0107705
-0.0213526
0.602433
0.434461
0.30832
-0.0363829
0.145632
-0.0905423
-0.0724556
-0.0665078
-0.708658
0.272881
0.702716
-0.613133
0.499651
0.221519
-0.0161492
0.263949
0.205671
-0.852167
-0.501434
-0.395411
0.0403997
0.306412
0.354294
0.409739
-0.418448
-0.433148
-0.0961297
-0.370103
0.187921
0.176488
-0.113882
-0.0771745
-1.18009
-0.396317
-0.19478
-0.59982
1.01813
-0.513886
-0.359224
0.247309
1.94759
0.115624
-0.283034
0.0193175
-0.0175162
0.0251661
-0.181727
-0.685582
0.178823
0.380101
0.32932
0.306363
0.129324
-0.60486
-0.228548
-0.0502429
0.477026
0.345392
0.331135
0.0473037
1.25811
-0.658906
-0.144932
0.125594
-0.468078
0.111871
-0.169606
-0.454853
0.356202
0.00917785
0.182618
-0.244964
-1.00078
0.642535
0.0395911
0.283078
0.261717
0.194019
-0.302031
-0.333048
0.471731
0.076964
0.369027
0.0133394
-0.318657
-0.238593
-0.499431
-0.717579
0.22958
-0.154154
0.0363035
0.419125
0.355907
0.565879
-0.516475
-0.781465
0.168618
0.107834
-1.18239
0.302035
-0.600291
0.257315
0.494967
0.531275
-0.752758
0.0691607
-0.891369
-0.252462
0.336185
-0.0759631
-0.169745
-0.866428
0.867177
-0.607963
0.117855
-0.224549
0.0706623
0.809644
-0.294718
0.267484
1.51597
0.0620566
-0.244964
0.121284
0.345786
-0.019382
0.00721828
0.0595244
-0.50085
-0.0662516
-0.512505
0.71223
-0.110322
0.0568778
-0.180011
-0.146603
-0.14941
0.475931
1.32604
0.196062
-0.0168806
-0.591524
-0.17799
-0.302838
0.568349
0.181011
0.190178
0.382171
0.146353
0.14034
-0.311113
-0.803499
0.0707947
0.384927
-0.375546
0.208857
0.35232
0.0516287
-0.24436
0.0100972
0.262235
0.0407759
0.441145
-0.503649
0.0306879
0.130397
0.00110363
-0.736082
0.139569
-0.789372
0.17381
-0.0206825
-0.154212
-0.440909
0.729692
0.229753
0.0462278
-0.536346
0.00931741
0.047529
0.716173
-0.202369
-0.216504
-0.558245
0.202968
0.259416
0.170814
-0.222923
-0.548876
0.328702
0.667787
0.135137
-0.594205
0.336585
-0.037363
-0.237728
-0.123
-0.805812
-0.0460571
-0.153107
-0.103291
0.441466
0.269432
0.486834
-0.25587
0.0625537
0.20962
-0.460741
-0.030125
-0.108505
0.0221974
-0.427377
-0.974824
-0.238263
0.895713
0.395104
0.161378
0.101648
-0.332879
0.31726
-0.528589
-0.0800974
-0.421806
0.423991
-0.388134
0.0394643
0.463327
-0.286989
-0.756202
-0.257707
-0.816904
-0.199511
-1.42197
-0.42613
-0.0289194
-0.527141
-0.0503124
0.447421
0.29822
-0.0877538
-0.178729
0.238003
0.197095
-0.433868
-0.309552
0.0206182
0.478322
-0.127314
0.169399
0.449634
0.134271
-0.0828539
0.441295
-0.385544
-0.353684
0.614241
-0.173433
-0.141601
0.240275
-0.333866
-0.33033
0.722317
-0.212325
0.724606
0.121671
-0.0500825
-1.31193
-0.455766
0.468983
0.214411
-0.444709
-0.0749822
-0.293486
0.778377
-0.122056
0.272912
-0.116311
0.20334
-0.510509
0.288278
0.264269
-0.183655
-0.00219306
0.945809
0.988477
-0.315045
1.13338
-0.0275457
0.727989
0.0275906
-0.219645
-0.458703
0.389278
-0.142955
-0.641351
-0.128673
0.0458119
0.178281
0.133248
0.190881
0.374059
0.00406688
-0.0391067
-0.411783
0.4925
-0.502527
-0.0117903
-0.678431
-0.068608
1.12032
-0.0197751
-0.21134
0.669905
0.0616519
0.0424583
-0.00871006
-0.335453
0.605803
-0.215951
0.380141
0.140359
0.514733
-0.689602
-0.0290073
0.173762
0.00256709
0.379051
0.52575
-0.626768
1.26572
0.148572
0.265674
0.503428
-0.292635
-0.674044
-0.165636
1.41973
-0.446113
0.0590959
-0.666895
0.360505
0.215906
0.252361
-0.0612841
-0.492745
-0.638877
-0.00368518
0.0149578
0.299025
-0.511372
-0.0142348
-0.271529
0.475464
-0.0937621
0.283867
0.0471214
0.419859
0.137718
0.114054
0.186413
-0.166455
0.18749
-0.150338
-0.146785
0.41918
-0.322113
-0.061054
0.182418
0.280919
0.116268
-0.326126
-0.155052
0.103249
0.0155683
0.0516156
-0.0924144
0.49415
-0.495735
0.272546
-0.218271
-0.419567
-0.0251747
0.0885274
0.101496
-0.0912486
0.00386381
0.0865557
0.585598
-0.341636
0.418679
-0.216908
0.58554
-0.144058
0.189382
0.0403172
0.642654
-0.251436
-0.0917711
0.103789
-0.25569
-0.0446793
-0.0467993
-0.133407
-0.860005
0.129854
0.27716
0.367205
-0.0276661
-0.665991
0.225816
-0.269411
0.0767872
-0.129365
-0.397321
-0.121024
0.323959
-0.505595
0.227671
-0.237167
-0.284701
0.127207
-0.796916
0.0302165
0.370047
-0.611855
1.228
-0.496307
0.042352
0.491655
-0.101284
1.36677
0.244929
1.24055
-0.63688
-0.132613
0.479599
-0.0169873
0.404936
-0.321552
0.196839
-0.248296
-0.040243
0.023158
-0.39093
0.341422
0.0310744
0.219633
0.205944
-0.189693
-0.362379
0.372602
-0.312437
-0.287865
-0.539148
-0.261155
0.0311818
-0.167251
-0.023842
-0.0940161
0.2446
-1.06235
0.76937
0.0441038
-0.159321
0.953366
-0.0981104
0.0161173
-0.050027
0.459897
-0.516629
0.534887
-0.204948
0.078116
0.403309
-0.0848083
0.266719
0.393209
-0.639554
0.359521
0.563432
0.00459667
-0.342644
0.579318
0.319221
-0.190497
-1.30621
-0.48476
-0.145174
-0.635609
0.0442079
-1.46144
-0.00313503
-1.10565
-0.0404819
1.28395
0.201705
1.69941
-0.325397
-0.562628
0.267469
-0.0277343
-0.0729851
0.317
0.0149525
-0.740067
-0.251845
0.095919
0.111888
-1.14898
-0.424176
-0.0450977
-0.229771
0.0777361
0.279732
0.538043
-0.523769
-0.0488437
0.340779
0.0629757
0.41342
0.607406
-0.319425
0.277447
0.302697
-0.518779
0.138203
-0.269539
0.160483
0.414588
-0.178775
0.172635
-0.191049
-0.387181
-0.189876
0.179179
0.2385
0.365729
0.50027
-0.0289058
0.412112
0.392546
-0.0354704
0.262041
0.33746
0.647236
-0.0403019
0.194569
1.7156
-0.00759908
-0.13434
0.314331
-0.680807
-0.034786
-0.156022
1.41093
-0.239319
-0.429557
-0.335654
-0.0165819
-0.136453
-0.00386414
0.372352
-0.0499861
0.198087
-0.206515
0.968825
0.386875
-0.153289
1.11284
-0.316528
-0.0350627
0.656385
-0.879987
0.0594233
-0.608855
-0.00752332
0.118962
-0.88686
0.178016
-0.114149
0.187229
-0.223777
-0.135271
0.325111
0.0302706
-0.0581195
0.199294
0.392795
0.212307
-0.675999
-0.0701119
0.25723
-0.213215
0.229267
-0.452786
0.737492
0.00996758
-0.285064
-0.151209
-0.109096
-0.0405007
-0.217555
0.65569
-0.0230282
-0.564016
-0.0815596
0.742549
0.230053
0.176158
0.173402
-0.649548
3.00625
-0.109746
-0.168712
0.026388
-0.38954
-0.341984
-0.0697561
-0.00282387
0.312706
0.397361
0.113285
-0.408591
-0.203677
0.0208647
0.159615
-0.149177
0.360159
0.0865381
-0.267279
-0.919889
0.250326
0.0438099
0.48727
-0.0778653
-0.306137
0.0105843
-0.635457
0.442027
0.330173
0.196928
-0.125714
1.07586
0.285511
-0.113552
-0.0333686
-0.345378
0.1507
-0.332858
-0.35509
-0.668274
-0.612667
-0.0798708
-0.204072
0.404878
0.331422
0.0418732
0.461502
-0.321253
-0.468333
0.132837
0.197068
-0.246045
-0.288264
0.249225
-1.23225
-0.0919791
0.245955
0.643145
1.36149
0.147695
0.293898
0.482834
-1.29182
-0.608454
0.638937
-0.788557
0.835228
-0.380634
-0.737722
-0.0286077
-0.320892
-0.081704
-0.422205
0.473274
0.176162
-0.176858
0.0956393
-0.140489
-0.728927
0.281046
-0.147479
-0.488776
0.33127
-0.248711
-0.0756425
0.364664
-0.365568
0.245814
0.0837371
-0.107694
-0.165314
1.19102
0.169567
0.172576
-0.206354
0.290045
0.0674304
1.53153
-0.0532923
-0.533443
0.209192
0.0992685
-0.0848588
-0.763216
0.466934
-0.0405126
0.335111
-0.0566527
0.76453
-0.402396
0.170598
0.109108
-0.0615966
0.206011
0.180495
-0.198521
0.194262
-0.352429
0.353543
-0.685158
0.0492195
-0.0223789
-0.411119
-0.316999
-0.317553
-0.230052
-0.00312122
0.355325
-0.81952
-0.0200707
-0.0767384
0.0341661
-0.306361
-0.101054
0.155763
0.694193
1.74877
-0.215565
-0.843183
0.662301
-0.882288
0.168655
0.16294
-0.479984
-0.402383
-0.0853823
-0.0379393
0.118787
0.223002
-0.141283
-0.105945
-0.0679555
-0.201088
-0.192171
-1.41882
0.188884
0.154686
-0.195734
0.0819047
-0.492963
0.638097
-0.161196
-0.0312007
-0.00711978
0.280882
0.618975
0.458152
0.575427
-0.0721192
0.231711
0.286114
0.0735791
0.299372
-0.432693
-0.349204
-0.0051356
-0.0990573
0.318595
-0.557265
0.284611
0.10525
0.100628
0.365778
0.135351
0.34873
-0.399836
0.18603
0.0770733
-0.225121
0.601986
-0.251872
0.369012
-0.0531943
0.649891
0.584022
-0.0200168
-0.240846
-0.470736
-0.739353
-0.384483
-1.0975
0.00433894
-0.401371
0.298436
0.38574
-0.649173
-0.0510522
-0.05223
-0.839713
0.430287
-0.329956
0.0118193
0.0570675
-0.0875159
0.11109
0.404995
0.276163
-0.175502
0.282352
0.0661776
0.114155
-0.541536
-0.121296
0.840001
0.0870888
0.343909
0.337795
-0.0448009
0.167263
0.0267866
-0.449811
0.363235
0.716036
0.131972
0.135899
-0.432631
0.583824
0.197242
-0.0115042
0.0484916
-0.0441517
-0.312685
0.688478
-0.170795
0.308828
0.249034
0.243436
-0.55441
-0.122955
0.155999
-1.66113
0.329353
0.158105
0.555625
-0.019062
-0.0540507
0.0717141
0.422496
0.224862
-0.0832115
-0.433969
0.159984
-0.298531
-0.224983
-0.625717
0.542665
0.240783
-0.0533796
-0.0749433
-0.136234
-0.449914
-0.237541
0.198714
-0.250585
-0.624389
0.138036
-0.177351
0.265328
0.0817031
-0.17901
0.140917
0.0328103
-0.120619
-0.160923
-0.306154
-0.520048
-0.993206
-0.363856
-0.384129
-0.415921
-0.309953
-0.190832
0.0562736
0.465712
-0.0737752
-0.33168
-0.441394
0.417657
0.369636
0.303856
-0.539503
-0.898193
0.0410872
0.289349
-0.313481
0.0378343
0.425676
0.0557839
0.918295
-0.34112
0.409357
-0.150269
0.981192
0.515164
0.434353
0.116397
0.360133
0.108035
-0.128775
0.315647
-0.344569
0.058157
0.219885
-0.196585
0.115284
-0.153661
0.116877
-0.173962
0.624548
0.314235
-0.361156
0.227341
0.338993
0.424897
0.123407
-0.59907
-0.0836253
-0.590807
-0.0403007
0.807551
-0.0295787
-0.124893
-0.00154819
0.538898
-0.0782674
-0.111291
-0.590531
-0.426725
0.115424
0.183915
0.360454
-0.110764
0.173874
0.170981
-0.0429279
-0.0209103
0.476002
0.319397
-1.18448
0.140022
0.036327
-0.414387
-0.28917
-0.702826
0.267808
0.228387
0.0101811
0.182342
0.104585
0.366779
0.10217
-0.0382311
-0.928887
2.26817
0.360957
0.54203
0.58365
-0.0435748
0.338379
-0.138793
-0.257204
0.0814589
-0.0589121
-0.500932
0.361213
-2.24375
-0.684137
0.165226
1.04697
0.0298307
0.230867
-0.0413727
0.193636
-0.0759194
-0.0078116
0.22788
0.144264
-0.220116
0.371918
0.0133266
-0.236765
0.0960344
-0.116658
0.284583
0.078519
0.158014
-0.294584
-0.299242
-0.0446497
-0.550677
0.141343
-0.519314
-0.271093
-0.0718344
0.418167
0.294551
0.518361
-0.574835
-0.351649
0.712346
0.625538
-0.240976
-0.645602
-0.371001
-0.179123
0.0644624
0.628132
0.442872
-0.170687
-0.369047
-0.90673
0.129353
-0.393132
-0.61601
0.349144
-0.056677
0.576372
0.0317179
0.0968334
0.632295
0.419473
-0.130015
0.10393
-0.0701039
-0.13233
-0.185132
0.0743032
-0.560408
-0.405622
0.238577
0.974115
0.150318
0.244645
-1.01273
0.14725
0.294841
-0.114715
0.578855
-0.293486
0.00266818
0.0115663
0.261838
0.0510452
-0.676648
0.953118
-0.199746
-0.0373881
2.03103
-0.0822458
-0.644814
0.175112
-0.142373
0.089396
0.339206
0.00387078
-0.197239
-0.0395478
0.0931609
-0.145111
-1.83252
0.100943
0.199408
0.37314
-0.616267
0.419537
-0.194895
-1.09795
0.674405
-0.559185
-0.133524
0.547623
-0.80369
-1.00005
-0.668135
-0.0781626
0.343577
0.186751
-0.475289
-0.208965
-1.07255
0.401249
-0.178457
0.497417
0.214965
0.12407
0.655309
0.140046
0.455034
-0.0998414
1.02441
-0.328547
-0.015126
-0.273788
-0.0549223
0.0323456
0.236693
0.156675
0.077522
1.52284
0.527156
1.02414
0.135527
0.186593
-0.158194
0.713495
-0.162387
0.0762718
-0.413766
-0.576736
0.0129503
0.249811
0.585252
0.106268
-0.0155708
0.543819
-0.170274
0.0920846
-0.571786
-0.02503
0.332267
-0.296899
-0.493297
0.264966
-0.42612
-0.315701
-0.502758
-0.389084
-0.20786
-0.0326979
-0.422965
-0.0418203
-0.814277
-0.153671
0.211676
0.0511528
-0.142467
0.0709369
-0.394815
0.49212
-0.255698
-0.145973
-0.275273
-0.0975112
-0.691922
3.18384
0.339367
-0.16678
0.116703
0.0373857
-0.279939
0.149605
-0.111984
0.267515
0.10378
1.68579
0.200399
0.334617
-0.357955
0.454336
0.16983
0.140394
-0.494323
-0.131061
0.0937661
-0.342229
-0.437189
-0.0671387
-0.276773
-0.150968
-0.742226
-0.251403
-0.0988935
0.615806
-0.599574
0.193009
0.479354
-0.0859148
0.259498
-0.234353
1.28317
-0.441602
-0.949118
-0.0636876
-0.0154302
-0.107808
0.296737
-0.0156445
0.351513
0.80235
0.939291
0.102174
0.439102
0.276306
0.0845411
-0.183404
0.17198
-0.163149
0.0570926
-0.183599
0.104672
-0.16808
0.0231031
-0.113866
-0.104268
0.128119
0.0246999
-0.115726
-0.193223
0.0111041
0.0682237
-0.156079
-0.0685226
-0.156845
-0.0763311
-0.0496129
-0.048363
-0.0107757
0.0357473
-0.0172453
0.127606
0.0530418
0.162334
0.0869917
0.127751
0.184639
888888
0.0553201
0.0179484
0.085158
0.0300638
0.028882
0.0305624
0.0648133
0.104843
0.034492
0.134295
0.0262719
0.0301378
0.0886953
0.0555964
0.0154774
0.0632423
0.0698847
0.0125442
0.041489
0.158741
0.0350098
0.102451
0.0903493
0.0579163
0.0501195
0.0150374
0.0346361
0.430413
0.00982663
0.0752904
0.0614307
0.0353082
0.0533009
0.0618119
0.0529979
0.0386721
0.0796406
0.00554742
0.0557393
0.0329644
0.0799752
0.0372874
0.289874
0.0285676
0.0293812
0.0578318
0.0342842
0.0964934
0.0394189
0.0253823
0.0413893
0.063337
0.0424832
0.0876114
0.0562948
0.0291888
0.0355863
0.0184309
0.0349876
0.0308575
0.20313
0.299636
0.0367078
0.0464501
0.0974698
0.0278738
0.0287998
0.0127377
0.0704105
0.114561
0.0638125
0.177392
0.0590557
0.095408
0.0443405
0.0253424
0.0357527
0.15402
0.0412725
0.041601
0.0302214
0.0508192
0.0820518
0.079279
0.0206829
0.145428
0.0817748
0.0338866
0.0463587
0.0996903
0.057361
0.0241441
0.105336
0.03449
0.0390608
0.0156561
0.0548465
0.0277482
0.0326606
0.0673633
0.029615
0.0676028
0.0656308
0.0415626
0.0753952
0.0706748
0.0474904
0.0770641
0.101798
0.155319
0.0919377
0.117724
0.024273
0.0321296
0.0516081
0.0959813
0.0398228
0.039235
0.0251683
0.102618
0.0762561
0.0709721
0.0225336
0.0433636
0.111605
0.145236
0.103001
0.104589
0.0407897
0.0389785
0.113013
0.0973088
0.303422
0.0606569
0.0257207
0.0494882
0.0563306
0.0394492
0.165659
0.102281
0.0226885
0.0193253
0.0229189
0.0572688
0.233835
0.0933038
0.0828245
0.0437926
0.0275036
0.0865942
0.0558901
0.0567311
0.00832623
0.0379132
0.177696
0.0929845
0.249704
0.0276607
0.0495285
0.0602915
0.0167434
0.076462
0.0222327
0.0359441
0.113457
0.00610237
0.169207
0.0363118
0.177468
0.101933
0.124611
0.0320306
0.0964645
0.0239417
0.134577
0.0110196
0.0278007
0.0496302
0.112645
0.0802848
0.0133438
0.0737923
0.024351
0.0964274
0.0243803
0.0242947
0.0109235
0.0400135
0.0309074
0.108638
0.100636
0.0954447
0.0670357
0.188063
0.0463059
0.0173757
0.143333
0.123623
0.0357902
0.0310305
0.0495075
0.0652051
0.0880417
0.0187975
0.0926589
0.0789869
0.0781962
0.0915957
0.0428798
0.107481
0.0465299
0.0217967
0.0541334
0.0261098
0.0349424
0.0951545
0.0164657
0.0196823
0.0349809
0.038627
0.163816
0.0677932
0.0226207
0.517547
0.075687
0.126628
0.0350065
0.0353865
0.0290623
0.0563012
0.14621
0.0294614
0.258171
0.05404
0.0294932
0.0407077
0.0380966
0.00789025
0.244559
0.172471
0.0398631
0.0472361
0.0722004
0.0904667
0.0218134
0.0423233
0.049902
0.0659624
0.0523315
0.0187942
0.0328286
0.145572
0.0477092
0.023756
0.104876
0.0288411
0.11326
0.0245374
0.0167757
0.0658224
0.0689629
0.0346539
0.078582
0.0292351
0.0274212
0.27224
0.0260076
0.0553461
0.0691416
0.131633
0.0815031
0.0739742
0.0259715
0.132406
0.0638087
0.0387915
0.0723835
0.0656556
0.0483715
0.214552
0.0155571
0.0903469
0.0801056
0.0685779
0.0581562
0.0309658
0.0591001
0.039767
0.00874617
0.0265904
0.0304685
0.0510484
0.0392649
0.0404598
0.073561
0.101368
0.069157
0.169147
0.0392228
0.0164232
0.241828
0.0408631
0.0145171
0.107784
0.0936054
0.156304
0.00460164
0.0213824
0.115585
0.0693834
0.0154638
0.126634
0.0363342
0.023786
0.0777236
0.03704
0.0144223
0.0544182
0.163557
0.0386142
0.208839
0.0827027
0.091131
0.0977092
0.0208357
0.0911588
0.0448827
0.0709227
0.034288
0.124612
0.25792
0.0320108
0.0209893
0.073152
0.0359617
0.104321
0.0386187
0.0189818
0.0697572
0.0346996
0.0588206
0.0567619
0.0273573
0.0520275
0.260207
0.117396
0.0426101
0.0344076
0.110269
0.149973
0.0572403
0.0726765
0.08078
0.0110078
0.0187471
0.0744899
0.0166449
0.065434
0.0615202
0.0634227
0.056916
0.0851566
0.0387336
0.041567
0.0849247
0.071863
0.103496
0.0305976
0.0531973
0.0686099
0.033964
0.149224
0.0171741
0.0123512
0.0317814
0.0281491
0.0895999
0.0189741
0.0509794
0.0344556
0.0546166
0.0453332
0.0502851
0.109568
0.0474883
0.019621
0.0582954
0.0801723
0.290362
0.145581
0.0614548
0.0881422
0.0558182
0.238214
0.0103246
0.0243163
0.0566773
0.112045
0.0307789
0.0263256
0.0442303
0.0491474
0.154673
0.0898764
0.011366
0.0736814
0.0170857
0.0438541
0.340837
0.0435164
0.0811749
0.0232879
0.145853
0.0530316
0.0532274
0.0236293
0.035595
0.0369461
0.0681819
0.177945
0.118966
0.0200606
0.035916
0.110371
0.0557242
0.0178526
0.0445662
0.0193771
0.0626224
0.0519026
0.0242691
0.0438769
0.0294202
0.0266555
0.0197642
0.0816749
0.0736508
0.0345234
0.0192721
0.0523352
0.032204
0.00989535
0.0350112
0.0367734
0.176436
0.0125313
0.0532894
0.0279124
0.0904039
0.0484087
0.022109
0.0388069
0.0213809
0.0392897
0.0338154
0.0905789
0.0311194
0.0524642
0.0397157
0.018281
0.0269649
0.0324474
0.0149657
0.149898
0.0927784
0.0303258
0.0237748
0.0371034
0.0634733
0.0838494
0.0820495
0.0151154
0.0768455
0.047557
0.0466326
0.106591
0.0733585
0.0580144
0.143794
0.0508542
0.0749154
0.0438328
0.0504248
0.0696514
0.108645
0.105876
0.132963
0.163703
0.178595
0.0894688
0.0153449
0.0158405
0.0252418
0.125781
0.0816034
0.0555377
0.0295828
0.0251993
0.164836
0.0196016
0.0315362
0.023731
0.119123
0.0577383
0.00948839
0.0160917
0.209157
0.0406596
0.0889242
0.0345369
0.0970958
0.0312999
0.0314162
0.187014
0.106241
0.0800103
0.144048
0.0133298
0.0742152
0.0224805
0.0518013
0.0589806
0.127539
0.031947
0.104484
0.0557117
0.0761696
0.11822
0.0490811
0.0161269
0.0589752
0.0494492
0.0925772
0.0524321
0.0573593
0.0417289
0.0921563
0.0375183
0.0570082
0.0426973
0.0292182
0.137816
0.0222372
0.0576671
0.0213376
0.0604329
0.0221774
0.0172138
0.0862874
0.1289
0.0651675
0.0593863
0.0687685
0.117483
0.0783319
0.0342276
0.0852811
0.0162714
0.114623
0.233551
0.0995276
0.0416776
0.055071
0.0267467
0.173793
0.0464598
0.0346411
0.0356987
0.0957268
0.0704767
0.125762
0.0720383
0.157904
0.0329407
0.0103024
0.0554442
0.0393741
0.0422525
0.198379
0.213989
0.0356655
0.0407103
0.0161367
0.121386
0.138947
0.0314244
0.260065
0.0297569
0.0458854
0.0140384
0.0879813
0.0368969
0.0484923
0.0312307
0.237654
0.181557
0.0147075
0.137533
0.0187625
0.16596
0.00938623
0.0133549
0.0510483
0.126144
0.160879
0.06238
0.0432284
0.0296285
0.0219742
0.0296135
0.0355274
0.058949
0.169948
0.13676
0.0417239
0.0880654
0.131029
0.0551448
0.0435191
0.0274356
0.0144346
0.0187456
0.0694444
0.0796394
0.037374
0.0568327
0.0744773
0.017987
0.0709667
0.0877595
0.0224685
0.0250312
0.0135683
0.402842
0.0229004
0.0402031
0.0312669
0.0913166
0.0179684
0.231561
0.0283339
0.0534464
0.0488143
0.0547204
0.0201961
0.0219131
0.145797
0.0342886
0.0608385
0.063193
0.0277757
0.102569
0.0153112
0.0169896
0.153525
0.048437
0.132355
0.0383297
0.0310505
0.0315727
0.018019
0.0402278
0.0250222
0.149273
0.0595482
0.0195093
0.133434
0.227516
0.054017
0.0312743
0.0473633
0.0131141
0.0559634
0.022136
0.285384
0.249459
0.048425
0.02086
0.266938
0.0964226
0.0742161
0.0530028
0.0329512
0.0969014
0.0815357
0.0433136
0.0159395
0.113426
0.099377
0.117649
0.0801776
0.0409827
0.076653
0.0462856
0.0357303
0.0631876
0.0697529
0.021422
0.201702
0.111761
0.00961035
0.0692582
0.00902064
0.0499316
0.0583628
0.0385406
0.046599
0.0360358
0.0190965
0.0423483
0.0089461
0.0377556
0.119048
0.028866
0.0659592
0.0398419
0.0781728
0.0174945
0.108886
0.317301
0.0538721
0.0740121
0.227313
0.00802866
0.0733186
0.0450467
0.0350246
0.0350018
0.0142475
0.100767
0.0289002
0.0513095
0.160889
0.0218318
0.0410476
0.0724739
0.0330671
0.0660959
0.0503345
0.193836
0.0937368
0.0165243
0.0365411
0.018064
0.0475986
0.0903737
0.0632239
0.0519703
0.0670433
0.0659787
0.121176
0.0223279
0.0808885
0.0274038
0.0774946
0.0272966
0.0939353
0.0629154
0.0361578
0.0414133
0.026403
0.0787561
0.0344927
0.00742875
0.0376487
0.0149983
0.0889336
0.0347136
0.185302
0.032754
0.121851
0.138618
0.0982547
0.118244
0.0573681
0.0743758
0.0195729
0.029949
0.195642
0.0815706
0.0257792
0.0845217
0.0254062
0.0269019
0.0155286
0.124372
0.0249581
0.0711519
0.0533812
0.0243183
0.0916588
0.00994327
0.0202719
0.128492
0.0636004
0.247688
0.0538508
0.0739006
0.048424
0.0159728
0.072482
0.0291255
0.135664
0.0297595
0.0786435
0.0913168
0.0301698
0.0334551
0.0168161
0.0413668
0.168219
0.0488236
0.0282042
0.0625717
0.112806
0.0296319
0.0367822
0.0704357
0.0849787
0.0219379
0.0465679
0.0286832
0.0682445
0.0530778
0.163494
0.056493
0.0233978
0.0194339
0.0685757
0.0145019
0.0766123
0.0561294
0.0275102
0.164899
0.0227139
0.0200114
0.188301
0.0508101
0.100257
0.0222699
0.15434
0.0318937
0.0386787
0.20385
0.0444342
0.0241999
0.0343144
0.0245688
0.0632302
0.0221094
0.0956789
0.0247942
0.030084
0.130712
0.0327528
0.024672
0.0762423
0.0696607
0.0318016
0.0412636
0.0208095
0.1188
0.0146382
0.0808558
0.0379422
0.0256123
0.0389343
0.0438976
0.0626159
0.0570701
0.0821736
0.0607613
0.0729631
0.034562
0.0588342
0.0331373
0.016657
0.0259876
0.0337702
0.0702768
0.0923725
0.0875202
0.0612778
0.0149059
0.0137494
0.0068195
0.056771
0.100188
0.17535
0.0347468
0.0924833
0.177035
0.0293383
0.0320324
0.0824369
0.0436984
0.13176
0.0273533
0.114355
0.0691867
0.0451267
0.0663627
0.0236936
0.0625952
0.0399452
0.0190238
0.0441854
0.033218
0.0970332
0.0650976
0.00961397
0.0250973
0.0108618
0.0526831
0.074615
0.0193506
0.0539985
0.0138413
0.0914662
0.0297052
0.018543
0.0282426
0.0494751
0.062674
0.0631052
0.0211569
0.0953345
0.041402
0.0220567
0.018924
0.23235
0.0303638
0.014484
0.0360023
0.0270466
0.115519
0.0962381
0.120386
0.029544
0.0667978
0.0451489
0.0420003
0.0107562
0.0512123
0.0732302
0.161203
0.0451079
0.0570053
0.134169
0.0748731
0.0269771
0.100704
0.0869028
0.0936056
0.133949
0.0120555
0.129302
0.01421
0.297529
0.0361423
0.178311
0.00583193
0.225919
0.133328
0.0477735
0.145697
0.0223551
0.0168343
0.0539516
0.0762045
0.031763
0.0535412
0.0448518
0.0184647
0.0486319
0.161741
0.0681734
0.0432073
0.124837
0.0566595
0.0388099
0.034839
0.01388
0.0158974
0.012535
0.0760514
0.115327
0.115997
0.0163665
0.00844139
0.0132159
0.0204541
0.0395841
0.0182396
0.0761559
0.295223
0.153177
0.0728333
0.111427
0.0288912
0.0244651
0.0647213
0.03763
0.0495331
0.0822107
0.131461
0.113638
0.0652919
0.046138
0.0218651
0.238706
0.0141277
0.049276
0.140444
0.0971536
0.0328836
0.0790941
0.0403067
0.113288
0.0273008
0.21748
0.00761666
0.0325485
0.117643
0.0139371
0.0604644
0.00756951
0.062316
0.0369246
0.0186945
0.0294691
0.249674
0.0769219
0.148822
0.1293
0.0388314
0.0315794
0.0544166
0.225976
0.0326646
0.128556
0.0364419
0.0156038
0.080576
0.150935
0.0409972
0.043744
0.0224733
0.0783533
0.0297332
0.0828966
0.0094615
0.0787305
0.0272026
0.013093
0.0819331
0.09921
0.0445027
0.0677913
0.116308
0.0582071
0.144016
0.0950639
0.0726833
0.0214741
0.146981
0.14624
0.0206466
0.0947815
0.20122
0.0481546
0.0213777
0.0719394
0.030459
0.0151183
0.0202854
0.0437099
0.191202
0.0551594
0.0376305
0.0572236
0.0440949
0.0916248
0.0491171
0.117694
0.0242055
0.0861693
0.0479816
0.0505958
0.0444678
0.0414688
0.0347188
0.073772
0.0278173
0.0327807
0.0341456
0.0326589
0.0179581
0.0346359
0.0478622
0.0189988
0.0479965
0.0428468
0.0156508
0.0689344
0.0444364
0.0648625
0.0811343
0.0869585
0.0227642
0.0264135
0.0683217
0.092592
0.0393514
0.050602
0.141492
0.0964761
0.0380366
0.0307418
0.0270715
0.0332698
0.0380775
0.0557322
0.132197
0.0707096
0.0398683
0.0543832
0.0241911
0.0690425
0.0131818
0.0701382
0.141532
0.0102867
0.123575
0.0547392
0.0782737
0.0231007
0.0663803
0.025216
0.149772
0.0901773
0.134989
0.153372
0.155328
0.0323994
0.0523857
0.0323754
0.041985
0.0396239
0.0315323
0.0738556
0.0462407
0.0547687
0.0524185
0.0238317
0.105516
0.0607594
0.0348983
0.143594
0.0344505
0.0336399
0.0173936
0.0540483
0.0382519
0.030238
0.0213201
0.0262874
0.010299
0.127828
0.0115877
0.0403887
0.0300509
0.03915
0.0594096
0.282338
0.0184311
0.0509622
0.043554
0.0431079
0.0896773
0.156285
0.0228994
0.0469387
0.0229808
0.0784206
0.0872278
0.0754376
0.0394301
0.0540482
0.0260149
0.0418597
0.00914164
0.043481
0.0308725
0.0763289
0.03847
0.0616074
0.0109311
0.0615064
0.0927224
0.0724867
0.0206854
0.0312174
0.0331198
0.138781
0.124992
0.13721
0.0311315
0.025251
0.0140542
0.053517
0.0267939
0.0575251
0.348257
0.0949676
0.0628376
0.178386
0.278586
0.104797
0.0620555
0.0355256
0.0819508
0.0743771
0.0900988
0.0293581
0.041037
0.0286648
0.190757
0.0170191
0.0798723
0.0131612
0.173306
0.0272455
0.0293322
0.0421243
0.0338769
0.0631421
0.0936425
0.0485556
0.0644007
0.0341266
0.0193778
0.0680583
0.0782624
0.0234264
0.0530142
0.0477062
0.0590399
0.0221306
0.028004
0.0442647
0.122055
0.0609737
0.133279
0.0436016
0.0565401
0.0232898
0.0145203
0.0671394
0.0309976
0.0476073
0.116565
0.0077595
0.0432729
0.0646839
0.0584497
0.0904111
0.0117565
0.0788429
0.0518714
0.0865762
0.0787927
0.0412679
0.0311246
0.0656956
0.106521
0.0252706
0.0632603
0.0309611
0.0305324
0.0548982
0.0379844
0.034454
0.0641397
0.0919628
0.121742
0.0901802
0.013683
0.0484925
0.0644676
0.033906
0.0152689
0.0422013
0.0214301
0.0317179
0.0448884
0.120939
0.0340919
0.0247462
0.0180671
0.0950138
0.0493526
0.0247432
0.0556412
0.024718
0.0187812
0.116434
0.0526502
0.0990151
0.0306095
0.0104431
0.00684113
0.0297379
0.0319786
0.141199
0.0248753
0.0539545
0.0644462
0.0665211
0.0927227
0.00816396
0.00615738
0.0901099
0.0424373
0.0438949
0.0396712
0.113329
0.163598
0.104426
0.110764
0.179142
0.0280981
0.039956
0.032667
0.0403094
0.0240951
0.0432822
0.0545432
0.129521
0.0375149
0.188263
0.0542245
0.105455
0.0195413
0.0256696
0.0459811
0.0323331
0.0211125
0.0166799
0.016504
0.0299569
0.0439966
0.0634462
0.0344196
0.102308
0.0418614
0.0289747
0.0209004
0.055903
0.012153
0.0247594
0.0590282
0.155587
0.0806429
0.0701598
0.043526
0.0415877
0.0391466
0.0314875
0.0209034
0.0335808
0.0315916
0.0393016
0.0611744
0.0636368
0.0454988
0.0345886
0.182308
0.289168
0.0433478
0.0612333
0.113254
0.0697666
0.158767
0.0218242
0.0324201
0.0123546
0.0653154
0.0173225
0.234704
0.0652031
0.0950098
0.0586803
0.171452
0.082777
0.0228448
0.0432573
0.0926864
0.0603207
0.0404747
0.0881762
0.038142
0.141828
0.0669125
0.030772
0.0273487
0.0321472
0.0373177
0.025595
0.0116611
0.0471617
0.0363941
0.0889948
0.0733272
0.0502625
0.0203717
0.131015
0.203252
0.0239031
0.0643965
0.0415126
0.132784
0.0798793
0.200233
0.0723058
0.0550542
0.101723
0.0268243
0.0137445
0.0228803
0.0318873
0.0194902
0.0269931
0.0523775
0.0633683
0.135864
0.0657843
0.0300551
0.0642261
0.079895
0.0304093
0.0309252
0.0429916
0.0169491
0.0168368
0.0617411
0.0357309
0.046451
0.0253225
0.0309975
0.457388
0.0311729
0.0840974
0.163352
0.051762
0.152736
0.0485842
0.0562577
0.0967005
0.0191564
0.0151128
0.143672
0.0975533
0.121095
0.026857
0.149237
0.0173128
0.047671
0.0818446
0.0466597
0.0307845
0.0390517
0.0510911
0.0145492
0.0199678
0.056192
0.0192314
0.0318677
0.00993229
0.0185499
0.058913
0.0113393
0.0792991
0.121709
0.102311
0.0331221
0.0168324
0.0509073
0.0747416
0.070668
0.105972
0.0155317
0.0670006
0.105605
0.0523193
0.0411168
0.130544
0.0606208
0.0322875
0.0420864
0.0870824
0.066493
0.072645
0.105816
0.0988202
0.177786
0.0727041
0.145129
0.0593867
0.0433069
0.107827
0.0338918
0.0343765
0.0834818
0.027328
0.100533
0.0936103
0.0490951
0.0372872
0.119572
0.0269867
0.0658355
0.0653528
0.0636793
0.0495674
0.0272547
0.0129943
0.144179
0.0266111
0.0411843
0.0733478
0.0557101
0.0562448
0.0375402
0.0820056
0.0372259
0.039463
0.0547673
0.182662
0.114716
0.0736108
0.188336
0.0321436
0.0248473
0.296172
0.0332346
0.0873871
0.0300077
0.037458
0.080635
0.0447383
0.028306
0.0503592
0.0625046
0.0508454
0.0384684
0.312479
0.0718525
0.044923
0.209795
0.112094
0.128214
0.0452408
0.0576232
0.0877817
0.0452313
0.0611486
0.0930122
0.0851709
0.0852647
0.0913655
0.0474826
0.0687261
0.0559817
0.053593
0.0345374
0.200494
0.143952
0.0898803
0.0458237
0.0727942
0.0713721
0.101055
0.0211037
0.0683016
0.00675096
0.0929979
0.0330738
0.0211204
0.0624239
0.130306
0.0542424
0.0421279
0.0367718
0.0461646
0.150169
0.0572341
0.292323
0.0336874
0.0192731
0.0688216
0.0393519
0.0172667
0.0031528
0.103851
0.0782579
0.0646255
0.0744932
0.0363094
0.0870753
0.0230657
0.0620259
0.0234168
0.0251678
0.0237226
0.0483674
0.0427796
0.0386579
0.0533038
0.0233185
0.0599201
0.0569347
0.165722
0.0785666
0.0450647
0.043957
0.0950481
0.0617582
0.150493
0.042363
0.15775
0.0484805
0.0308808
0.0226347
0.044831
0.0612171
0.06531
0.00749557
0.0383836
0.0244614
0.0829511
0.240923
0.0147705
0.014818
0.0259023
0.00912936
0.167028
0.118196
0.0905341
0.0687495
0.0218502
0.215097
0.0742427
0.0289988
0.0712052
0.0239963
0.0633604
0.0341016
0.0665426
0.0752314
0.0816729
0.0217183
0.0942147
0.0538978
0.0286595
0.0307083
0.112481
0.0194623
0.149292
0.165589
0.0318459
0.029556
0.039524
0.0586554
0.00783143
0.0469689
0.148225
0.0769938
0.107545
0.0809076
0.0468831
0.0241534
0.023028
0.0332008
0.0357475
0.148376
0.160247
0.0145146
0.0845532
0.0707552
0
0
0
0
0
0
0
0
0
0
0
0
0
0
0
0
0
0
0
0
0
0
0
0
0
0
0
0
0
0
0
0
777777