1.47204
999999
-0.305452
-0.436721
-0.109554
-0.113641
0.00476287
-0.205979
-0.0654278
0.685368
0.000307858
0.174068
0.456107
0.0883926
0.561798
-0.303713
-0.153295
0.326859
0.798195
0.122337
0.322479
0.0402461
-0.182276
0.523172
0.12437
0.346642
0.448846
-0.0373121
-0.0970222
-1.07838
0.0364725
0.865637
0.242517
-0.222533
-0.369566
-0.294884
-0.296635
0.247507
-0.00908649
0.245048
0.23075
0.0777878
0.322802
0.147973
1.25798
0.085345
0.455786
0.458547
-0.209361
-0.479534
0.309594
0.440589
0.0436538
-0.275876
0.118422
0.490427
0.427153
0.0966657
-0.0655649
0.113532
0.323261
0.081054
-0.3067
0.00456414
-0.04234
-0.457804
0.132205
-0.595542
0.288131
0.22284
0.368738
0.440583
0.17512
-0.479527
-0.369921
-0.0669529
-0.463997
-0.0149346
-0.133365
0.645599
0.273676
-0.107185
-0.0663392
-0.295098
0.34451
0.724395
0.0172019
0.963817
-0.14571
0.0749692
-0.556085
-0.36047
-0.230017
0.412309
-0.0537153
-0.459635
0.289506
-0.0366985
0.239247
0.620232
-0.695661
0.0154461
-0.0342466
-0.388645
-0.384394
0.287457
0.303497
-0.351868
-0.0683641
0.330853
-0.466476
-0.260213
0.109967
-0.179705
-0.124954
0.356462
-0.252539
0.160126
0.197288
-0.693877
0.2238
-0.283406
-0.283814
0.274656
-0.22443
-0.43913
0.568852
0.811006
0.478785
0.121142
0.707517
-0.17709
-0.0189631
-0.191025
1.37519
0.251168
-0.161426
0.0525984
-0.331612
0.264459
0.281379
-0.781073
0.692411
-0.0687631
0.221158
0.104664
0.5621
0.365691
0.032352
0.0232486
0.246243
0.66279
0.348939
0.0367625
-0.22311
-0.319319
0.147718
0.345757
0.317244
0.255392
0.236823
0.310126
-0.0880968
0.224872
-0.233074
0.461339
-0.0190213
-0.508635
-0.889106
-0.447626
0.0449733
-0.0544109
0.85719
-0.0304127
-0.882349
0.027581
-0.867222
0.147466
-0.173366
-0.293834
-0.754215
-0.619907
0.0599861
0.508859
-0.443288
0.0790261
0.111511
0.281491
0.162736
-0.268719
-0.258253
0.58575
0.838636
0.651892
0.498377
-0.920529
0.354515
0.15649
-0.0269108
0.368434
-0.00939346
0.239075
-0.699895
-0.772225
0.111519
-0.374411
-0.87152
-0.0499312
0.294821
-0.000432219
0.158674
-0.709465
-0.263891
0.158556
-0.326252
-0.369115
0.400644
-0.489417
0.456306
0.0780158
0.680521
-0.095078
-1.38061
-0.553071
-0.181254
-2.62846
0.524211
-0.0926185
-0.120853
0.152641
0.106363
0.0478362
1.55029
0.407195
0.896257
-0.230239
-0.0637997
-0.640217
0.0448188
0.18446
-0.345653
-0.373309
-0.332496
-0.167136
0.016815
-0.478685
0.0692425
-0.182679
-0.251613
0.481124
0.593183
0.0987448
0.0831066
0.760118
-0.0363331
-0.217108
0.325919
0.178644
-0.301411
-0.496119
-0.180985
-0.539013
0.145543
0.128409
0.430048
0.039115
-0.0635093
-0.521573
0.439086
-0.562273
0.522738
-0.728138
0.058744
0.193545
0.331846
0.188113
-0.226251
0.249551
-0.179679
0.385948
-0.364003
0.4241
-0.190404
-0.199047
-0.22731
0.302393
-0.583349
-0.00443235
0.124919
-0.684673
-0.0753807
0.305249
-0.211777
0.087568
-0.163559
0.650654
0.707588
1.00202
0.928724
-0.0400822
1.06608
0.869725
-1.73012
0.426028
-0.169712
0.746708
-0.479346
-0.717946
-0.118224
0.438981
0.492225
-0.10809
0.255602
-1.1026
-0.0508728
-0.158993
-0.0781617
0.231388
0.591061
-0.305223
0.681309
-0.214408
-0.233469
-0.267568
0.428689
-0.562275
-0.366827
0.104509
-0.457363
-0.717334
0.489579
-0.752112
-0.51684
0.186148
0.258668
0.637041
-0.432255
0.52783
0.263989
-0.157054
0.837607
0.525453
0.424494
0.289583
0.311587
0.409564
-0.897041
-0.532164
0.170096
-0.0451636
-0.778783
0.467958
-0.275529
-0.353203
-0.130398
0.123943
0.108964
0.178779
-0.466242
0.291839
-0.968529
-0.121278
-0.666729
-0.459243
-0.118422
0.0863109
-0.245872
0.030134
0.465877
0.00144682
-0.440174
0.356127
-0.18946
-1.30297
0.125501
-0.184859
0.0489445
-0.134369
0.62252
-0.277658
0.126779
-0.0446999
-0.316028
0.158807
0.169292
-0.576525
-0.170776
0.384178
-0.282555
-1.00851
-0.143588
-0.763589
0.294027
-0.645891
-1.22461
-0.231278
0.170135
-0.333317
0.156168
-0.886535
0.224291
0.2362
0.333708
-0.0320059
1.72845
0.1242
-0.564659
0.634562
-0.194201
-0.00168085
-0.975004
-0.21456
-0.370258
-0.0294613
0.988291
0.386347
-0.0941182
-0.348
0.253793
-0.451122
-0.212686
-1.29106
-0.683836
0.0191741
0.0270813
-0.356348
-0.0438036
-0.300293
0.114908
-0.0179203
-0.0558588
0.112509
-0.187358
0.353764
0.178719
0.0923364
-0.0833662
-0.453823
0.0894888
0.773875
-0.22274
1.03903
0.123804
-0.103281
-0.105187
-0.450562
0.475344
0.174262
-0.411362
0.368917
0.615306
-0.605476
0.191735
-0.0682962
0.136357
0.310489
0.157731
1.01179
0.00906902
-0.296477
-0.283095
-0.0670469
0.292157
-0.17592
-0.142012
0.422635
0.0245154
-0.0393927
0.624356
0.418983
0.265345
0.0415055
0.238268
-0.0745258
0.0731114
-0.0485571
-0.734514
0.0778598
0.725057
-0.648261
0.43886
0.241361
-0.0447278
0.223854
0.174618
-0.869498
-0.706517
-0.223373
0.0116066
0.458202
0.511297
0.490442
-0.440382
-0.419443
-0.118116
-0.646828
0.338437
0.153013
-0.0694728
-0.116447
-1.20428
-0.412643
-0.173322
-0.616642
0.967324
-0.525639
-0.363632
0.259857
1.87259
0.110912
-0.243215
0.0189924
-0.0311982
-0.0242458
-0.170395
-0.915775
0.190114
0.348091
0.317918
0.318741
0.141611
-0.565259
-0.255952
-0.112804
0.482068
0.37388
0.377919
0.0752245
1.27619
-0.694278
-0.135756
0.138475
-0.399997
0.119032
-0.0657979
-0.397807
0.439595
0.0104225
0.182473
-0.2105
-0.98804
0.596322
0.0451089
0.0636801
0.268452
0.13527
-0.306782
-0.304906
0.466296
0.0964226
0.337128
0.0734786
-0.213743
-0.194307
-0.486433
-0.736007
0.2707
-0.15519
-0.0705885
0.399502
0.364154
0.405136
-0.446731
-0.881282
0.217606
0.0724723
-0.962928
0.26513
-0.577804
0.324562
0.428606
0.558367
-0.520629
0.0651284
-0.91089
-0.282377
0.334032
-0.168924
-0.198821
-0.815868
0.689318
-0.207091
0.185154
-0.278516
0.0318446
0.801072
-0.43239
0.297947
1.86011
0.110855
-0.288701
0.128584
0.466026
-0.0811174
-0.0505201
0.0678961
-0.490194
-0.481838
-0.517829
0.550069
-0.134588
0.247262
-0.17785
-0.144349
-0.0860901
0.703389
1.29113
0.244268
-0.0354322
-0.631848
-0.128212
-0.320127
0.640073
0.231482
0.17058
0.463772
0.124687
0.200794
-0.167121
-0.878748
0.130904
0.370778
-0.391002
0.225089
0.30742
0.167506
-0.31187
0.00154673
0.242145
0.0601722
0.424526
-0.45827
0.0345123
0.137258
0.0237409
-1.4567
0.143176
-0.808239
0.212724
-0.127682
-0.174331
-0.04002
0.720724
0.295318
0.109459
-0.54192
0.0280149
0.100844
0.559282
-0.201944
-0.280777
-0.609371
0.183006
0.30049
0.192856
-0.243477
-0.525055
0.344156
0.74934
0.190802
-0.615217
0.367653
-0.0395206
-0.290308
-0.141316
-0.868385
-0.107332
-0.155314
-0.112221
0.311985
0.294553
0.493682
-0.227451
0.0630163
0.172731
-0.491031
-0.103431
0.651159
0.0451191
-0.418486
-1.43151
-0.381242
0.809429
0.398709
0.152348
-0.159009
-0.348689
0.334833
-0.52212
-0.0230954
-0.416305
0.493028
-0.280244
0.10058
0.386291
-0.34229
-0.747201
-0.15989
-0.782263
-0.20322
-1.06397
-0.426759
-0.0340971
-0.52178
-0.0521364
0.477786
0.255219
-0.132655
-0.137192
0.229878
0.19323
-0.440983
-0.287006
0.0368431
0.581774
-0.123496
0.181319
0.448873
0.0940465
-0.0939483
0.436355
-0.528568
-0.330811
0.676122
0.222622
-0.143378
0.16214
-0.231619
-0.3284
0.74995
-0.219745
0.618573
0.0961701
-0.0430673
-1.45373
-0.469948
0.473753
0.235578
-0.434453
-0.135306
-0.29562
0.566523
-0.0714587
0.311243
-0.123901
0.222042
-0.516248
0.332109
0.245986
-0.20182
0.115675
0.894683
1.06698
-0.308984
1.10061
-0.0901649
0.759156
0.000107001
-0.415097
-0.494705
0.436204
-0.156123
-0.606094
-0.0896302
-0.0233686
0.188122
0.138369
0.208213
0.259472
9.6505e-05
0.209361
-0.431268
0.446385
-0.613741
0.0309037
-0.603017
-0.140109
1.18666
-0.0003705
-0.145747
0.589027
0.016022
0.0148049
-0.00948553
-0.33503
0.59819
-0.23676
0.24022
0.123828
0.525425
-0.624015
-0.0733983
0.202167
0.0033828
0.391908
0.75111
-0.725904
1.39303
0.198807
0.244164
0.507807
-0.283951
-0.714829
-0.20992
1.2599
-0.408272
-0.0285845
-0.72461
0.391571
0.272248
0.246457
-0.021475
-0.462146
-0.58967
0.0341879
-0.066645
0.472585
-0.551412
-0.00183771
-0.3162
0.425819
-0.115011
0.250546
0.0472538
0.383126
0.152857
0.143886
0.2403
-0.132591
0.178482
-0.13979
-0.141436
0.52912
-0.369827
-0.0568358
-0.238333
0.273393
0.0870174
0.152084
-0.215757
-0.0165575
0.0385263
0.0908744
-0.082971
0.470525
-0.350316
0.241742
-0.190393
-0.42659
-0.0003944
0.10183
0.108303
0.0150888
0.0156887
0.0444318
0.477508
-0.343832
0.412108
-0.173906
0.581179
-0.145239
0.167419
0.0409328
0.421182
-0.24483
-0.147091
0.146118
-0.267433
-0.00853061
-0.010862
-0.14762
-0.705487
0.0719443
0.302243
0.488518
-0.0191932
-0.675687
0.219258
-0.274273
0.104367
-0.0985644
-0.469499
-0.216542
0.360657
-0.553584
0.233965
-0.224465
-0.294824
0.0972574
-0.87695
0.0699883
0.348982
-0.830715
1.42248
-0.510787
0.0678968
0.513876
-0.0994934
1.28574
0.270608
1.39852
-0.572431
-0.174402
0.423308
-0.018812
0.392427
-0.294797
0.171158
-0.274655
-0.0215429
0.0471963
-0.458851
0.330015
-0.00556475
0.221286
0.226839
-0.161223
-0.387002
0.411413
-0.324385
-0.32154
-0.503155
-0.250062
0.024208
-0.109928
0.00781425
-0.164188
0.25405
-0.987044
0.757752
0.0906949
-0.191632
0.849394
-0.123362
0.0219763
-0.0747476
0.463711
-0.390652
0.509812
-0.196554
0.00147255
0.448983
-0.121987
0.252009
0.401552
-0.587818
0.511659
0.743824
-0.00236234
-0.395132
0.723838
0.369728
-0.178901
-1.36923
-0.618701
-0.107633
-0.501782
0.0596393
-1.38903
-0.0164199
-1.12008
-0.043227
1.56352
0.2002
1.94643
-0.383788
-0.537867
0.414577
-0.00267559
-0.0756594
0.344185
0.134985
-0.710115
-0.322214
0.10875
0.10473
-1.10943
-0.389852
0.0339787
-0.222908
0.223613
0.278409
0.524211
-0.553059
-0.0466033
0.336598
0.0699553
0.349023
0.628274
-0.28946
0.270753
0.292966
-0.516588
0.145111
-0.278601
0.15799
0.368082
0.239023
0.258502
-0.21536
-0.590069
-0.183041
0.163357
0.238504
0.474908
0.535289
-0.0674557
0.326026
0.488965
0.0249424
0.254921
0.310572
0.711498
-0.0730924
0.205027
1.49485
0.082839
-0.126134
0.42219
-0.672718
-0.148387
-0.15765
1.15398
-0.228614
-0.450433
-0.306875
-0.0370983
-0.181685
-0.00409994
0.250431
-0.0457359
0.165767
-0.182684
0.995051
0.532706
-0.0524455
1.19312
-0.338785
-0.0854068
0.627662
-0.894529
0.0271079
-0.563056
-0.0100119
0.118107
-0.898591
0.0492309
-0.147762
0.132316
-0.264486
-0.177039
0.325702
0.246521
-0.0446754
0.29686
0.423188
0.204038
-0.812094
-0.169949
0.281272
-0.232982
0.263804
-0.469148
0.520808
-0.124871
-0.338366
-0.15512
-0.174984
0.056923
-0.240127
0.840916
0.182783
-0.607146
-0.0765451
0.752776
0.183048
0.169242
0.160577
-0.619222
2.91936
-0.103454
-0.140559
0.0301246
-0.397168
-0.403052
-0.0715746
0.0532723
0.312753
0.39403
0.0715589
-0.487461
-0.193743
0.0323349
0.14089
-0.19025
0.307828
0.0892032
-0.293297
-0.862172
0.260871
0.0272384
0.417953
-0.0831145
-0.368383
-0.0922706
-0.646818
0.278995
0.344289
0.135747
-0.191479
1.16793
0.284331
-0.130948
0.00624604
-0.592439
0.106547
-0.410109
-0.479122
-0.771169
-0.65728
-0.0899556
-0.242976
0.406501
0.349409
0.0768711
0.709267
-0.346136
-0.405444
0.163537
0.209084
-0.219769
-0.294002
0.300491
-1.19575
-0.102481
-0.0188415
0.669056
1.26995
0.142609
0.260154
0.468977
-1.15127
-0.529759
0.899458
-0.762718
0.807052
-0.395981
-0.72689
-0.0933265
-0.383656
-0.091843
-0.39913
0.418889
0.118636
-0.109714
0.104297
-0.107773
-0.779712
0.265324
-0.132484
-0.390857
0.348534
-0.242438
-0.0559333
0.340734
-0.295913
0.212009
0.0708869
-0.0773841
-0.163969
1.14062
0.153048
0.113124
-0.182669
0.297434
0.0911014
1.22794
-0.0609078
-0.512413
0.204528
0.111221
-0.144834
-0.794649
0.446024
-0.0195235
0.327668
-0.106053
0.847523
-0.382901
0.151439
0.0614708
-0.0681267
0.129572
0.180308
-0.1185
0.209771
-0.265098
0.339626
-0.682552
0.0433275
0.0347561
-0.593779
-0.278882
-0.308548
-0.192563
0.00539074
0.552235
-0.625026
-0.0433978
-0.0533535
0.0285027
-0.307824
-0.112966
0.163579
0.703281
1.62512
-0.296989
-0.803164
0.757169
-0.547699
0.431481
0.118694
-0.464081
-0.345189
-0.0919431
-0.0830592
0.121027
0.220342
-0.132845
-0.114505
-0.106177
-0.158874
-0.210128
-1.55505
0.217603
0.124916
-0.214901
0.0745645
-0.507318
0.481355
-0.150115
-0.0107249
-0.0242662
0.230564
0.631262
0.491106
0.589828
-0.0484401
0.226118
0.184497
0.0840392
0.290856
-0.443849
-0.421767
-0.0112259
0.0975487
0.391738
-0.566925
0.299809
0.119496
0.166454
0.340417
0.228466
0.539429
-0.402867
0.275836
0.243722
-0.154411
0.587386
-0.253653
0.34813
-0.121166
0.645421
0.624356
-0.0689905
-0.245859
-0.470835
-0.773758
-0.398199
-1.00071
0.0036448
-0.421349
0.331055
0.513276
-0.646637
-0.142217
-0.1304
-0.737346
0.378513
-0.331099
-0.0389889
0.101966
-0.211572
0.122474
0.381617
0.24404
-0.132318
0.228153
-0.0749912
0.104841
-0.510375
-0.0952955
0.92479
0.0923818
0.37573
0.337776
0.00247106
0.200815
-0.212625
-0.365659
0.474178
0.703152
0.110283
0.136661
-0.425056
0.58348
0.0504343
-0.0221777
0.149608
-0.107769
-0.351455
0.639624
-0.173092
0.308451
0.268881
0.213678
-0.54873
-0.179288
0.132624
-1.90066
0.294886
0.170166
1.06277
-0.0499761
0.0189522
0.0792327
0.398068
0.227108
-0.122473
-0.505376
0.229335
-0.342637
-0.447768
-0.640209
0.539123
0.263441
-0.0401033
-0.0781223
-0.165768
-0.450946
-0.212532
0.207584
-0.296468
-0.627294
0.045896
-0.120194
0.201109
0.0940673
-0.186383
0.151959
0.0667583
-0.103614
-0.148539
-0.26755
-0.545858
-1.07128
-0.476736
-0.356636
-0.407536
-0.281857
-0.217491
0.0581439
0.528972
-0.0920768
-0.374978
-0.395167
0.506844
0.329271
0.401579
-0.656907
-1.173
0.0593156
0.243917
-0.448598
-0.0134363
0.394985
0.0415897
0.943374
-0.359051
0.432457
-0.156756
0.792284
0.39569
0.448233
0.0184014
0.74012
-0.0200681
-0.112584
0.378132
-0.175887
0.1537
0.271394
-0.33771
0.0789012
0.107415
0.120224
-0.157809
0.635568
0.324652
-0.366723
0.239696
0.34485
0.379615
0.119477
-0.771873
-0.0521157
-0.565961
-0.0902706
1.01156
0.174404
-0.141766
-0.211274
0.57399
-0.189236
-0.19981
-0.625503
-0.513156
0.125594
0.26584
0.409962
-0.123243
0.14982
0.235577
-0.0530977
-0.0313934
0.456385
0.322785
-1.29035
0.291949
0.0247677
-0.389077
-0.327037
-0.724142
0.224517
0.137042
0.0120687
0.157958
-0.0404422
0.361507
0.144709
-0.0321624
-0.887008
1.74502
0.334489
0.569638
0.660398
-0.0672341
0.727131
-0.114279
-0.281833
-0.128629
-0.0448261
-0.49433
0.287482
-2.09968
-0.738922
0.123697
1.21344
0.0357166
0.205539
-0.014015
0.316471
-0.0731694
-0.0483963
0.111044
0.131123
-0.180548
0.357644
-0.00495715
-0.190724
0.105457
-0.129711
0.305492
0.0898556
0.214626
-0.283849
-0.434886
-0.0732857
-0.552467
0.136487
-0.561671
-0.318441
-0.125684
0.445022
0.287557
0.60137
-0.563127
-0.278301
0.787699
0.521807
-0.212612
-0.668435
-0.290211
-0.11364
0.26461
0.659249
0.400686
0.211075
-0.367503
-0.89081
0.279273
-0.331202
-0.683086
0.339137
-0.0996872
0.57247
0.0187774
0.0104691
0.814484
0.403535
-0.093431
0.16019
-0.0485405
-0.184473
-0.103334
0.0575862
-0.547302
-0.390908
0.238865
0.811678
0.140214
0.284785
-1.09277
0.177231
0.34217
-0.136559
0.476108
-0.25146
-0.0300809
-0.0283956
0.441326
-0.0786811
-0.681356
0.821987
-0.180166
-0.119588
1.78838
-0.0695228
-0.564939
0.186588
-0.0556317
0.166352
0.308259
0.0182209
-0.129378
-0.131695
0.155793
-0.127315
-2.57705
0.102628
0.203752
0.514226
-0.61086
0.326468
-0.148942
-1.09057
0.73209
-0.532994
-0.0908893
0.362163
-0.841958
-1.04431
-0.683206
-0.054052
0.420027
0.14391
-0.509348
-0.176561
-1.0254
0.282673
-0.143407
0.4257
0.205348
0.0564076
0.672952
0.192834
0.538102
-0.101919
1.09026
-0.343004
-0.0436726
-0.277971
-0.156357
0.048866
0.256298
0.178983
0.105726
1.75544
0.550879
1.00361
0.158892
0.17164
-0.0397102
0.669247
-0.127779
0.0812144
-0.411924
-0.669815
-0.0124583
0.257737
0.567719
-0.00990034
-0.055545
0.566811
-0.18527
0.0882363
-0.525023
-0.0336617
0.377391
-0.324194
-0.431308
0.272274
-0.443455
-0.234865
-0.821296
-0.483442
-0.192374
-0.0393996
-0.383012
-0.0263724
-1.20459
-0.145324
0.0501643
0.0283779
-0.126152
0.100211
-0.495328
0.443962
-0.326765
-0.149057
-0.238892
-0.0940653
-0.700929
3.42949
0.346071
-0.181753
0.128345
0.0527898
-0.0262046
-0.0470655
-0.245856
0.182233
0.112474
1.89676
0.0600807
0.407583
-0.345704
0.490209
0.212174
0.165008
-0.523051
-0.0308778
0.1952
-0.315492
-0.506707
-0.144944
-0.286245
-0.162606
-0.559758
-0.259953
-0.089643
0.699482
-0.60886
0.223025
0.521467
-0.0619404
0.24982
-0.240971
1.17698
-0.374157
-1.00479
-0.205162
0.00314194
-0.122034
0.298307
-0.077998
0.345008
0.759673
0.797222
0.100377
0.231896
0.346474
0.0845411
-0.183404
0.17198
-0.163149
0.0570926
-0.183599
0.104672
-0.16808
0.0231031
-0.113866
-0.104268
0.128119
0.0246999
-0.115726
-0.193223
0.0111041
0.0682237
-0.156079
-0.0685226
-0.156845
-0.0763311
-0.0496129
-0.048363
-0.0107757
0.0357473
-0.0172453
0.127606
0.0530418
0.162334
0.0869917
0.127751
0.184639
888888
0.0575504
0.0213049
0.0916398
0.026654
0.027494
0.0347387
0.0697741
0.107244
0.0425795
0.125234
0.0233958
0.027653
0.0942084
0.0559482
0.013163
0.0709354
0.0705017
0.0162562
0.0447705
0.150413
0.0366026
0.0975788
0.0942763
0.0580788
0.0542441
0.0125126
0.0389395
0.399309
0.00968609
0.0833393
0.0692024
0.034907
0.0507245
0.066981
0.062501
0.0371279
0.0666304
0.00615316
0.0515961
0.0316527
0.0651645
0.0361113
0.207951
0.03005
0.0368027
0.0520867
0.0296827
0.107323
0.038894
0.0273109
0.0429821
0.0665912
0.042179
0.0778303
0.054123
0.0288827
0.0333593
0.0176168
0.0319896
0.0325438
0.207477
0.280463
0.0341833
0.0502613
0.0960861
0.0249296
0.0293816
0.0148843
0.069568
0.118321
0.0597811
0.187395
0.0536999
0.102077
0.0417518
0.02605
0.0298539
0.173574
0.0398569
0.0373516
0.0330623
0.062506
0.0780722
0.0702316
0.0201758
0.166007
0.0768703
0.0328973
0.0477124
0.105928
0.0516457
0.0210795
0.0859022
0.0309094
0.0465916
0.0179644
0.0549605
0.0280769
0.0298516
0.0602885
0.0250693
0.0624251
0.0724234
0.0359722
0.0762092
0.0816493
0.0504008
0.071207
0.0975844
0.144638
0.0887831
0.108751
0.0257672
0.0301251
0.044864
0.0875262
0.0410869
0.0380388
0.0276082
0.0934917
0.0847758
0.0530304
0.0199042
0.0398201
0.0986942
0.124448
0.0982505
0.0972994
0.0478559
0.045063
0.122803
0.0867491
0.313447
0.0424625
0.0280856
0.0486512
0.0455618
0.0382801
0.157464
0.103875
0.0189278
0.0194617
0.0204157
0.0665105
0.272251
0.0849165
0.0926828
0.0458823
0.0285163
0.113081
0.0559875
0.0575904
0.00824671
0.0355231
0.15149
0.0871993
0.258001
0.0255673
0.0496988
0.0682799
0.0173122
0.069586
0.0226418
0.031163
0.0965358
0.00650351
0.206632
0.0313364
0.171717
0.0907775
0.115467
0.0313495
0.10607
0.0220903
0.111442
0.0121696
0.0365484
0.0507928
0.103302
0.0968358
0.0125996
0.0673667
0.0220805
0.103913
0.031111
0.0295351
0.011355
0.0423096
0.0274117
0.108855
0.085734
0.0942909
0.0748265
0.190637
0.047052
0.0150223
0.143236
0.131382
0.0277576
0.0330227
0.0429816
0.0649724
0.0840517
0.0175557
0.0799886
0.0774489
0.0687232
0.0918049
0.046083
0.104021
0.0469593
0.020168
0.0548224
0.0268336
0.0400047
0.0989794
0.0195905
0.0179445
0.0363155
0.0343563
0.147775
0.0739528
0.0228901
0.50385
0.0799174
0.116632
0.0311327
0.039274
0.0342858
0.0556103
0.181639
0.0246468
0.235647
0.0488025
0.0326226
0.0426264
0.0373158
0.00775921
0.220265
0.18051
0.0349268
0.0531726
0.0814217
0.0940951
0.0223707
0.0459251
0.0657406
0.0620873
0.0434687
0.0184596
0.0382463
0.143721
0.0450289
0.020024
0.104238
0.0262838
0.113368
0.0278054
0.0163295
0.0751624
0.0747079
0.0358145
0.0736046
0.0274069
0.0272925
0.331195
0.0272857
0.0526161
0.0652926
0.134663
0.0848447
0.0768372
0.0247189
0.126408
0.0610493
0.0399533
0.074915
0.0647588
0.0430556
0.213171
0.0152993
0.0803454
0.077779
0.0756642
0.0552135
0.0326752
0.0617525
0.0349428
0.00918017
0.0277028
0.0292826
0.0521387
0.0405901
0.0384336
0.0815895
0.115035
0.0628818
0.174244
0.0460033
0.0199822
0.239706
0.0393624
0.016594
0.112437
0.0903804
0.176668
0.00366777
0.0202848
0.117491
0.0724105
0.0156717
0.137571
0.0384123
0.023302
0.0769624
0.0412538
0.0133791
0.0607343
0.167011
0.0363279
0.187948
0.0916332
0.0855318
0.0996609
0.0224101
0.0860245
0.0443911
0.072217
0.0434649
0.11808
0.237941
0.0254388
0.0242956
0.0761621
0.0420023
0.099763
0.0504872
0.0176731
0.0654824
0.0383662
0.0645103
0.0668984
0.0259926
0.0527636
0.287703
0.141097
0.0409493
0.0389066
0.0978513
0.12962
0.0593682
0.0832219
0.0938928
0.00901421
0.0208427
0.0744375
0.014861
0.0646983
0.0607135
0.0669084
0.0690961
0.0804811
0.0423289
0.0424982
0.0773452
0.068607
0.101517
0.0331779
0.0512316
0.0594894
0.0313418
0.139811
0.0186951
0.0112643
0.0251358
0.0218382
0.0790377
0.018835
0.0493276
0.0328143
0.0494775
0.046367
0.0488276
0.115959
0.0379969
0.0180327
0.0562602
0.0782817
0.225219
0.150944
0.076218
0.0880104
0.0565297
0.227892
0.0119314
0.0236439
0.0589867
0.125116
0.0344324
0.0269209
0.0477405
0.0479249
0.144358
0.100983
0.0108395
0.0595717
0.0206886
0.0421883
0.407792
0.0399864
0.0632712
0.0209621
0.157141
0.0439805
0.0549671
0.0244743
0.0330303
0.0357478
0.051124
0.182254
0.108856
0.0213976
0.0276973
0.119822
0.0573239
0.0202583
0.0432091
0.0165003
0.0624545
0.0619472
0.0261104
0.0406257
0.0263118
0.0260958
0.0212501
0.0799686
0.0859857
0.0351519
0.0202147
0.0578545
0.029653
0.00957258
0.038997
0.0370102
0.151904
0.0142061
0.0642675
0.0311366
0.0947969
0.0562397
0.0281108
0.0416485
0.0218454
0.039018
0.0330784
0.102775
0.0334487
0.0561078
0.0415979
0.0181804
0.0290298
0.0303846
0.0131024
0.147515
0.0982067
0.031312
0.0253458
0.0306279
0.0553163
0.0804839
0.0758674
0.0124068
0.0895062
0.0476735
0.0456829
0.107675
0.0678528
0.0676628
0.116654
0.0536285
0.0702151
0.0464908
0.0476198
0.0685628
0.100777
0.102836
0.147302
0.124489
0.178924
0.0888455
0.0149593
0.0196827
0.0243203
0.124896
0.0847149
0.0533973
0.0333199
0.0289967
0.171366
0.0180905
0.0360658
0.0202673
0.13895
0.05571
0.0102778
0.0155052
0.2536
0.0389867
0.0851655
0.0345782
0.10694
0.0271354
0.0299384
0.234153
0.106661
0.0817412
0.153241
0.0159073
0.0931491
0.0263266
0.0480162
0.052224
0.13127
0.0311085
0.0880658
0.0493409
0.0649956
0.131276
0.0550861
0.0193844
0.0470396
0.0443376
0.0913054
0.0611473
0.0616308
0.04139
0.091447
0.0366015
0.0535838
0.0463423
0.0283945
0.149001
0.021986
0.0798841
0.0242837
0.0610062
0.0206714
0.0169411
0.0888016
0.122207
0.0737132
0.0842355
0.0599547
0.124384
0.0702776
0.033828
0.0635406
0.0140616
0.119612
0.196481
0.100189
0.0438219
0.0593884
0.0286027
0.209996
0.0490521
0.0255487
0.0377581
0.0864048
0.0747677
0.121966
0.069393
0.140397
0.0339591
0.00986152
0.0681116
0.0336801
0.045156
0.19941
0.227988
0.0387213
0.0395644
0.0165583
0.14215
0.136487
0.028302
0.224904
0.0387153
0.0427205
0.0147005
0.102733
0.034565
0.0422786
0.0313884
0.230364
0.178785
0.0138583
0.144308
0.0186662
0.157641
0.00759028
0.0128345
0.0442548
0.134121
0.158194
0.0701925
0.0439735
0.0293883
0.0190637
0.029206
0.0437756
0.0629136
0.1573
0.143873
0.0312183
0.0935809
0.125285
0.0542917
0.0461127
0.0257999
0.0133789
0.0179092
0.0740757
0.101499
0.0423916
0.0542143
0.0728888
0.0139352
0.0709579
0.0881578
0.0208325
0.0185452
0.0167257
0.390585
0.0243163
0.0439447
0.0291288
0.0767791
0.0182984
0.198757
0.0213376
0.0491597
0.0513313
0.0657808
0.0196922
0.0248924
0.138726
0.0350469
0.0610766
0.0807386
0.0254222
0.110722
0.0173547
0.0169434
0.159454
0.0505712
0.137733
0.0347626
0.0311912
0.0257503
0.0159714
0.0427349
0.0237134
0.14558
0.0576764
0.016433
0.130314
0.226984
0.0532003
0.0285001
0.0502054
0.0123434
0.0593582
0.0261214
0.289592
0.283901
0.0495904
0.0209031
0.262486
0.0917491
0.0671928
0.0508023
0.0310603
0.0998658
0.0805798
0.0480498
0.0184102
0.114016
0.114332
0.126836
0.0780782
0.0376651
0.0706803
0.0452303
0.0345164
0.0645477
0.0745174
0.0229146
0.196236
0.103643
0.00709245
0.0737531
0.00844459
0.0500612
0.059095
0.0367964
0.0496224
0.0329452
0.0230336
0.039324
0.00896662
0.0395389
0.117769
0.02969
0.0555352
0.0367234
0.0697
0.0159626
0.130631
0.267605
0.0489715
0.0586348
0.243919
0.00820844
0.0906585
0.045034
0.0366914
0.0361853
0.01412
0.108804
0.0299338
0.0582364
0.11197
0.021278
0.0384517
0.0735298
0.0277626
0.0689772
0.050677
0.219207
0.0974602
0.0171943
0.0365293
0.015849
0.0428971
0.0856127
0.0577676
0.0471199
0.0651746
0.0777563
0.100075
0.0202693
0.0849046
0.0278919
0.0863666
0.0266326
0.0951224
0.0774301
0.0351218
0.0453235
0.0293212
0.0753385
0.0358205
0.0101924
0.0351025
0.0146399
0.0975023
0.0355952
0.203972
0.0323622
0.120387
0.129647
0.0832202
0.120833
0.0687586
0.0676312
0.0202519
0.0297057
0.205903
0.075903
0.0249686
0.0861501
0.0253602
0.0275175
0.0145756
0.104548
0.026608
0.0700435
0.0552345
0.0261112
0.0842413
0.00952117
0.0232478
0.121782
0.0546442
0.253654
0.052997
0.085798
0.0473963
0.0155185
0.0797906
0.0291058
0.156275
0.0305916
0.107744
0.0688894
0.027603
0.0341214
0.0181105
0.0419278
0.158134
0.0415104
0.0259525
0.0561554
0.116362
0.032771
0.04188
0.0689864
0.0890132
0.0198079
0.048075
0.0263173
0.0698634
0.050401
0.158512
0.0561122
0.0243228
0.0214289
0.0774789
0.0182088
0.081845
0.0637156
0.0304888
0.196711
0.0208321
0.0221295
0.233951
0.0550311
0.0834811
0.0199617
0.144058
0.0280948
0.0357832
0.179971
0.0416068
0.0310449
0.0383701
0.0295412
0.0636881
0.0206228
0.0925596
0.0243822
0.028176
0.116996
0.0322053
0.0248002
0.0812088
0.070891
0.0249426
0.0371811
0.0237741
0.124847
0.0169398
0.0675585
0.0407386
0.0254734
0.0346787
0.0477019
0.0788339
0.0614698
0.0718476
0.0702885
0.0617121
0.0299444
0.0606223
0.0327798
0.0177757
0.0287751
0.0318234
0.0747866
0.0902746
0.0802547
0.0673427
0.0140627
0.0140689
0.00690085
0.05011
0.100491
0.154591
0.0284817
0.119694
0.191795
0.0306254
0.0274902
0.0815655
0.0432419
0.122147
0.025866
0.0959732
0.0658132
0.0468069
0.0751049
0.0241495
0.0673173
0.0324645
0.0178631
0.0501842
0.0273936
0.106261
0.0605905
0.00806899
0.025817
0.0116164
0.0455977
0.0893777
0.0190904
0.0575083
0.0136257
0.0950866
0.0305493
0.0182285
0.032721
0.0453311
0.07009
0.0504827
0.0249876
0.096789
0.0393419
0.0257796
0.0172041
0.186839
0.0252324
0.0156948
0.0392056
0.0255616
0.113879
0.0750602
0.105477
0.0345073
0.061434
0.0480186
0.0325583
0.00897432
0.0521357
0.0847059
0.176087
0.0489394
0.0547172
0.151123
0.0876596
0.0255442
0.126196
0.079144
0.107475
0.120741
0.0134965
0.133866
0.0137711
0.256758
0.0330707
0.19492
0.00576393
0.198476
0.133156
0.0507952
0.165663
0.025709
0.0176214
0.0573002
0.0773731
0.0295919
0.0589008
0.0463774
0.0211534
0.0527169
0.128192
0.06662
0.0533533
0.0991596
0.0529547
0.037934
0.0323122
0.0152682
0.0156691
0.0148838
0.0977869
0.130858
0.119683
0.0146435
0.00980465
0.0133586
0.0182256
0.0314243
0.0191663
0.0769365
0.315097
0.137631
0.0731402
0.108089
0.0260235
0.0218833
0.056882
0.0425273
0.0568752
0.0839388
0.138053
0.119383
0.0647204
0.0415696
0.0248162
0.26462
0.0133645
0.0518212
0.11827
0.0829419
0.0297976
0.0833729
0.0471887
0.112536
0.025553
0.244329
0.00810007
0.0390293
0.113271
0.0152021
0.0663799
0.00707853
0.0594531
0.0299019
0.0189101
0.0259266
0.258244
0.0785968
0.147561
0.108725
0.0364126
0.0287199
0.0506283
0.239127
0.0323281
0.099368
0.0394122
0.0156557
0.07092
0.132384
0.0434405
0.0405952
0.0262201
0.0581735
0.03002
0.111281
0.00949233
0.0966644
0.0246177
0.0111679
0.0677081
0.10669
0.040854
0.0703356
0.108777
0.051262
0.159296
0.103087
0.056208
0.022529
0.159132
0.147736
0.0195733
0.0891424
0.202434
0.0549712
0.0179609
0.0667692
0.0264457
0.0141689
0.0183857
0.0463513
0.190979
0.0615044
0.0390156
0.0468228
0.0422702
0.0936629
0.0471466
0.119185
0.0231969
0.0856601
0.0456746
0.0504428
0.0533911
0.0481917
0.0369364
0.0744027
0.0295912
0.0373132
0.0363351
0.0287373
0.0170359
0.0294333
0.0457873
0.0162857
0.0478367
0.0442236
0.0142383
0.0653545
0.04249
0.0678535
0.0930969
0.083701
0.0233438
0.0219932
0.0611503
0.104857
0.0438873
0.0487673
0.172206
0.090983
0.0313602
0.0326368
0.026504
0.030902
0.0391325
0.0551216
0.12579
0.0669212
0.0357882
0.0572616
0.0262603
0.071218
0.0124566
0.0605844
0.140481
0.0100292
0.126409
0.0554501
0.0782765
0.0212012
0.0481592
0.023984
0.138956
0.0912701
0.131547
0.150758
0.145252
0.0352199
0.0484357
0.0352533
0.0469328
0.0368137
0.0324017
0.0683978
0.0432366
0.0534744
0.0549335
0.0247188
0.114002
0.0647792
0.0304668
0.126552
0.0310612
0.0287884
0.0194565
0.0465103
0.0448407
0.0255234
0.0196874
0.0320918
0.00844687
0.131723
0.0128971
0.042814
0.0257878
0.0434221
0.057521
0.265333
0.0178662
0.0537619
0.0435801
0.0406713
0.086474
0.15013
0.0206269
0.0562438
0.020405
0.0664581
0.0885831
0.0617093
0.0494829
0.0514041
0.0306229
0.0459966
0.00807035
0.0446671
0.0353847
0.0763169
0.0394388
0.0551553
0.0127604
0.0490499
0.0962732
0.0659582
0.0220567
0.0309269
0.0282195
0.136728
0.139742
0.14049
0.0362226
0.0252795
0.012457
0.0475155
0.026035
0.066508
0.303339
0.0922535
0.0574022
0.176132
0.27081
0.0996736
0.0587945
0.0403034
0.0748976
0.0747746
0.0960811
0.0298544
0.0424371
0.027656
0.209517
0.0174314
0.0782609
0.0165124
0.157738
0.0318721
0.0300016
0.0384125
0.0350061
0.0732661
0.110762
0.043157
0.066622
0.0295331
0.0203169
0.0612864
0.084881
0.0262119
0.0520055
0.0456149
0.0681491
0.0218625
0.0299091
0.0439692
0.117137
0.0551483
0.124393
0.0391993
0.0589427
0.0230178
0.0130116
0.0667765
0.0271938
0.0488375
0.118683
0.0067673
0.0370719
0.0851288
0.050125
0.0866101
0.0118688
0.0758885
0.0464895
0.0985035
0.0836596
0.0408342
0.028235
0.0741216
0.112913
0.0265918
0.0575224
0.0283785
0.0272141
0.0558721
0.0446462
0.0326021
0.0698348
0.102631
0.12917
0.104873
0.011876
0.0420327
0.0595335
0.0382188
0.0148996
0.0488008
0.0225187
0.0356348
0.0459279
0.106205
0.0338276
0.0261715
0.0160353
0.0928019
0.0455943
0.0254449
0.0553472
0.02986
0.022274
0.125565
0.0630904
0.106041
0.0319534
0.010708
0.00688076
0.0293462
0.0357709
0.128729
0.0271914
0.0584523
0.0606168
0.0613226
0.0874928
0.00761374
0.0052628
0.111635
0.0468216
0.0328665
0.0359191
0.111653
0.153684
0.114436
0.113991
0.246871
0.0238579
0.0408579
0.0290013
0.04077
0.023436
0.0399336
0.0610198
0.135215
0.0341359
0.175553
0.0472722
0.109493
0.0202199
0.025245
0.0477933
0.0366642
0.0209437
0.017494
0.0161871
0.0303581
0.041996
0.0620086
0.0300848
0.0935872
0.0412418
0.0316727
0.0216771
0.0538301
0.0137783
0.0266151
0.0549436
0.135264
0.0793228
0.08037
0.0411455
0.0361649
0.0420499
0.0345704
0.0235853
0.0308291
0.0264456
0.0464153
0.0658742
0.0742344
0.050869
0.03644
0.230231
0.290101
0.0535503
0.0519533
0.11955
0.0790346
0.146825
0.019362
0.0276247
0.0126102
0.0528496
0.0183789
0.223416
0.0580418
0.119912
0.0618157
0.165506
0.0853152
0.0248672
0.0513475
0.104768
0.0552491
0.0444467
0.0909791
0.0414399
0.152232
0.0610115
0.0298908
0.025398
0.0363118
0.0322038
0.0246111
0.0104369
0.0494275
0.0423951
0.0909899
0.10163
0.0409231
0.020424
0.123109
0.275788
0.0226983
0.0707975
0.0386474
0.137812
0.0636155
0.198854
0.0893082
0.0501521
0.0929332
0.0271394
0.0147973
0.0209504
0.0341366
0.0179242
0.026696
0.0455484
0.0802683
0.121228
0.0652045
0.0228218
0.0637251
0.0693203
0.0325806
0.0304787
0.0456323
0.0167287
0.0145834
0.0720845
0.0436061
0.0515198
0.0235476
0.028163
0.504948
0.0307642
0.0800409
0.173068
0.0462283
0.178209
0.04566
0.0586706
0.10543
0.0174982
0.0134905
0.115559
0.100088
0.117289
0.0276764
0.126483
0.0165263
0.0488805
0.0790629
0.0590295
0.0253378
0.0372786
0.0552247
0.0150878
0.0197258
0.0541232
0.0176813
0.034493
0.0111478
0.0169754
0.064466
0.0112183
0.0959048
0.111653
0.12077
0.0348437
0.0169545
0.0486616
0.0706194
0.0759938
0.0897261
0.0130983
0.0830489
0.104325
0.0512596
0.0432914
0.151709
0.0678532
0.0362745
0.0419903
0.101097
0.0775058
0.085519
0.0998711
0.0835845
0.171052
0.0650312
0.139869
0.0582028
0.0421391
0.103566
0.0311106
0.034914
0.0779093
0.028622
0.103942
0.115907
0.0418635
0.0420804
0.0807493
0.0242072
0.0745733
0.0808091
0.0678005
0.0477534
0.0248403
0.0115835
0.138735
0.025622
0.0430427
0.0786134
0.0541943
0.0556358
0.0387223
0.0993546
0.033982
0.0367235
0.0556718
0.162514
0.0970568
0.0834573
0.223308
0.0277435
0.0350775
0.320556
0.0295505
0.0852871
0.0279189
0.0365997
0.0811274
0.0403649
0.0289377
0.0440916
0.0592313
0.0567511
0.0372835
0.290471
0.0627953
0.0507044
0.239212
0.120691
0.141904
0.0413141
0.0580656
0.0968276
0.0425123
0.0586664
0.104688
0.0760295
0.109442
0.0823541
0.0478488
0.0720553
0.0638064
0.0448223
0.0325374
0.20409
0.149659
0.0959088
0.048252
0.0861317
0.0751673
0.105359
0.0202405
0.063555
0.00614697
0.103796
0.0278965
0.0252577
0.0636677
0.122393
0.0548393
0.0389239
0.0400008
0.0481286
0.166214
0.0515224
0.262258
0.032256
0.0205779
0.0669816
0.0383864
0.0176465
0.00273676
0.0939568
0.0798314
0.07198
0.0711704
0.0437773
0.0910266
0.0263797
0.0659468
0.0260647
0.0288822
0.0224383
0.0482482
0.0415191
0.0409103
0.0469846
0.0240952
0.0567571
0.0452818
0.176688
0.069203
0.0387615
0.0459082
0.0825005
0.0629129
0.149416
0.0377721
0.199076
0.0566416
0.0255052
0.029417
0.0551958
0.0567999
0.0753642
0.00837803
0.0362578
0.0240429
0.0784113
0.2387
0.0143661
0.0136921
0.0239644
0.010631
0.169537
0.126881
0.0857809
0.0677175
0.01998
0.205411
0.0857776
0.0340724
0.0690397
0.0215762
0.0604351
0.0414825
0.0657202
0.081966
0.0764653
0.0221178
0.106196
0.0508553
0.0300386
0.0232385
0.122563
0.0219807
0.155638
0.17073
0.0289271
0.0345639
0.0412819
0.0511099
0.00863264
0.0463982
0.133026
0.0681823
0.104385
0.0865932
0.054068
0.0262252
0.0227357
0.028876
0.0393002
0.131727
0.163809
0.017422
0.0952361
0.0736967
0
0
0
0
0
0
0
0
0
0
0
0
0
0
0
0
0
0
0
0
0
0
0
0
0
0
0
0
0
0
0
0
777777