2.67056
999999
-0.385971
-0.346436
-0.0877302
-0.183088
0.17044
0.0255457
-0.19705
0.648598
-0.0698182
0.122939
0.413774
0.016224
0.0947472
-0.217029
-0.194823
0.175702
0.448224
0.118323
0.716395
-0.369242
0.0632879
0.643794
-0.288086
0.384096
0.501692
-0.0659817
-0.0403534
-0.88845
-0.011031
0.704483
0.352987
-0.155917
-0.184198
-0.79312
-0.305837
0.212759
0.0860013
0.275852
0.0822563
-0.17352
0.134202
0.219431
0.74865
0.211124
0.318733
0.377448
-0.202525
-0.243648
0.321518
0.493276
0.0742042
-0.12096
0.369009
0.412324
0.588994
0.255629
-0.12936
0.122309
0.220984
0.00438871
0.242899
-0.392911
-0.246995
-0.214911
0.0302047
-0.429661
0.201811
0.124726
0.000257654
0.526289
0.00452109
-0.736316
-0.204441
-0.0566408
-0.357531
-0.0397942
-0.105956
0.416405
0.126988
-0.1349
0.171062
-0.00206904
-0.0860469
0.950914
-0.0153751
0.945282
-0.139576
0.197203
-0.632007
-0.542763
-0.380839
0.199257
0.325841
-0.569383
0.24507
-0.0592294
0.22878
0.686796
-0.368356
-0.105695
-0.180935
0.0381066
-0.245642
0.173627
-0.212008
-0.176351
-0.400391
0.659998
-0.284436
-0.248266
0.24511
-0.294532
-0.0219607
0.580208
-0.193712
0.124775
0.148558
-0.535579
0.163521
-0.231774
-0.356614
-0.0531729
-0.241522
-0.321599
0.0171332
0.660124
0.183365
-0.15567
0.526748
-0.337372
0.114745
-0.513942
1.2449
0.517449
0.0580248
0.221732
-0.156545
0.277926
0.333898
-0.553407
0.503322
-0.0784047
0.158527
0.0887703
0.0393002
0.261063
0.159902
0.42732
0.124929
0.0858219
0.374875
0.148288
-0.184984
-0.319195
1.43647
-0.0866293
-0.280012
0.239811
0.182604
0.473859
-0.0646545
0.154161
-0.125396
-0.0684701
0.357473
-0.506732
-0.301601
-0.477193
0.590523
0.0939939
0.654414
-0.0622797
-1.39292
0.243308
-0.400552
0.116048
-0.0902002
-0.303942
-0.672435
-0.602194
0.0527922
0.554446
-0.320209
0.183174
0.152017
0.133536
0.143018
-0.262974
-0.24331
0.0134442
0.316101
0.900608
0.514649
-0.921857
0.173314
0.152288
0.0987354
0.134656
0.109871
0.4319
-0.403084
-0.430885
0.0520219
-0.425305
0.408868
-0.253851
-0.153188
-0.273699
0.0893365
-0.536792
-0.164349
0.19198
-0.628526
-0.547734
0.0725461
-0.936376
0.426469
0.112325
0.495257
0.0774073
-1.00317
-0.493678
-0.151168
-1.00066
0.401986
0.493253
-0.125576
0.142661
-0.0699061
0.130935
0.106438
0.52752
1.22976
-0.294488
-0.0503965
-0.77047
0.0703514
0.149021
0.7322
-0.52961
-0.491412
-0.461209
0.283506
-0.187271
-0.017642
-0.367477
0.0694871
0.764531
0.497801
0.147817
0.0920447
0.847593
0.0879404
-0.125593
0.323526
-0.0513049
-0.0728197
-0.440153
-0.244397
-0.269217
0.0886382
-0.00931353
0.141487
0.393164
-0.0911684
0.0291614
0.556698
-0.472286
0.198549
0.26579
0.111592
-0.170327
0.18922
0.0898988
-0.169357
0.492557
-0.487961
0.372999
-0.197266
0.0479806
-0.21399
-0.0273022
-0.117485
0.404546
-0.615432
-0.201073
-0.070116
-0.401173
-0.0509239
0.307605
0.173948
0.336258
-0.278716
0.589538
0.713098
0.379632
1.20297
0.698159
0.846318
0.764901
-0.934256
0.464172
-0.158696
0.917137
-0.126206
-0.502009
-0.131835
0.153326
0.521048
-0.142735
0.328102
0.0231293
-0.0494846
-0.239789
0.571284
0.301406
0.524073
-0.241512
-0.456106
-0.155091
0.613872
0.0952934
0.144308
-0.222806
-0.428409
0.104081
-0.515553
-0.247083
0.24593
-0.501347
-0.94761
0.541424
0.141403
0.134536
-0.300504
0.842918
0.16403
-0.199359
0.289089
0.34771
0.489921
-0.103313
0.375886
0.300784
0.684043
-0.309376
0.179392
-0.220844
-0.628541
0.629694
-0.326478
-0.23132
-0.138908
0.0873023
0.131466
0.297625
-0.332801
0.498844
-0.820698
0.194799
-0.601759
-0.187992
-0.21458
-0.15066
0.306453
0.0681596
0.527009
-0.0269539
-0.728674
0.210887
0.0135332
0.486426
0.11514
-0.334009
0.351388
-0.352754
0.31839
-0.367494
0.276158
0.028217
-0.233747
0.450895
0.0265066
0.159407
0.0298937
0.436666
-0.534396
-0.586138
-0.32697
0.246591
0.193651
0.0163962
-1.32727
-0.374801
0.230038
-0.350422
0.0105991
-0.845943
0.165787
0.0872638
0.252244
-0.273097
1.63829
0.182446
-0.545606
1.01213
-0.23188
0.0115812
-0.354286
-0.281618
-0.284953
-0.166495
1.09477
0.148374
-0.210701
-0.36393
0.0628867
-0.536256
0.265065
-1.0677
-0.524425
0.0402182
0.0755282
-0.0443621
-0.16793
-0.414019
-0.128873
-0.00651015
-0.351317
0.0721335
-0.119149
0.50345
0.187845
0.115717
-0.0449403
-0.639243
0.532731
0.622111
-0.348946
0.481376
0.00899422
-0.122052
-0.0466277
-0.415665
-0.0666515
0.163482
-0.366806
0.23362
0.976125
-0.0316977
0.202586
-0.170084
0.111559
0.0315433
0.104106
0.782004
0.068848
-0.266927
-0.461555
-0.0712394
0.399014
-0.27087
-0.125826
0.41956
0.107255
0.040005
0.557166
0.357502
0.307112
-0.1885
0.0156772
-0.138124
-0.232645
-0.247491
-0.687227
-0.219523
0.656115
-0.71414
0.899872
-0.0580808
0.0290594
0.523624
0.550465
0.0617084
-0.299714
-0.0484569
0.0051878
-0.0981584
0.780366
0.200999
-0.456049
-0.442105
-0.0960146
-0.323148
0.362761
0.02995
-0.196655
-0.182013
-1.16077
-0.46456
-0.123646
-0.798415
0.476477
-0.483562
-0.338797
0.144197
0.995997
0.0589977
-0.427686
0.00686011
0.754487
0.145627
-0.289591
0.219121
-0.00770348
0.755343
-0.0425099
0.38207
0.594135
-0.616316
-0.19899
-0.0892849
0.977472
0.217349
0.270706
-0.107465
0.998461
0.314733
-0.19504
0.113863
-0.151741
-0.263223
-0.137159
0.000106221
0.286732
0.291121
-0.0162879
-0.1519
-0.372571
0.632738
-0.125432
-0.280376
0.261675
-0.0187339
-0.188342
-0.212888
0.44026
0.131351
-0.121399
0.0529788
-0.162071
-0.416074
-0.790121
-0.360726
-0.212676
-0.120362
-0.517542
0.484725
0.0431405
1.37996
0.0440551
-1.1965
0.602407
0.255849
-0.875572
0.281851
-0.42106
0.446737
0.0248134
0.586689
-0.4249
0.0837187
-1.91329
-0.276602
0.318836
-0.0728302
-0.0606033
-0.554386
-0.409388
0.131632
0.279829
-0.204196
0.0642365
0.684822
-0.568453
0.300074
0.830757
-0.111087
-0.10466
0.27691
-0.025574
-0.158997
-0.487962
-0.0251784
-0.259045
0.742621
-0.53157
-0.924407
-0.0228495
0.932813
-0.216177
-0.237117
0.0876356
0.590101
-0.533302
-0.0879134
0.191477
-0.535528
-0.283239
-0.308045
0.420036
0.296032
0.776169
-0.192431
-0.127732
0.0724054
-0.102736
-0.99905
-0.033781
0.371669
-0.409262
0.26835
-0.0410725
-0.367787
-0.222215
0.218927
0.759381
0.0344882
0.588115
-0.513456
0.123485
0.062406
0.0374428
-1.0535
0.108143
-0.656399
0.218729
0.264381
-0.20831
0.872616
0.666457
0.174068
0.200625
-0.500615
0.116881
0.0762073
-0.0752531
-0.0941965
-0.111112
-1.14495
0.176458
0.267821
0.148312
-0.163138
0.0160457
0.203187
-0.361953
0.142724
-0.549468
0.408794
-0.0547081
-0.251883
0.0111675
0.00689886
0.105825
-0.270628
-0.167883
0.0328751
0.208178
0.353357
-0.128958
-0.0315288
0.419596
-0.487102
-1.57378
-0.672597
0.153773
-0.380779
-0.968805
0.113452
0.263551
0.132397
0.0675785
-0.198729
-0.079781
0.443162
-0.411965
0.583895
-0.292181
0.452919
-0.40788
-0.0148187
0.603957
-0.256028
-0.694876
-0.177603
-0.535165
-0.324723
-0.890512
-0.526931
-0.0862942
-0.275741
-0.0068145
0.19347
0.110902
-0.0299543
-0.137437
0.131767
0.166444
-0.337037
-0.185909
0.0515241
0.094941
-0.308302
-0.157204
0.180695
0.383799
-0.106549
-0.334816
0.521153
-0.370151
0.586281
-0.1099
-0.137787
0.673426
-0.15601
0.280687
0.825418
-0.275395
1.14072
0.0326532
-0.144445
-0.626332
-0.47332
0.435777
0.291294
-0.415647
-0.322867
-0.203878
0.424351
-0.129416
0.180372
-0.0142275
0.151186
-0.495434
0.126269
0.0508881
-0.0190433
-0.438826
0.3013
0.0112567
-0.109262
0.702422
0.126249
0.114523
0.125421
-0.720361
-0.570485
0.408276
-0.17672
-0.787445
-0.046526
0.0208444
0.126001
0.0772841
0.178907
-0.167359
0.0542118
-0.147583
-0.495735
0.360037
-0.479842
-0.0242986
-0.108405
-0.186391
0.986482
0.16698
-0.230053
1.68842
0.251218
0.140277
-0.407365
-0.551678
0.552492
-0.209215
0.0802479
0.077827
0.364265
-0.76907
-0.0232364
0.193899
0.0585937
0.329493
-0.410359
-0.752687
1.16147
0.206886
0.0459118
0.633104
-0.206586
-0.451038
-0.175374
0.565408
-0.278705
-0.00181626
-1.26816
0.699005
-0.0305902
0.215364
0.109651
-1.48302
-0.872641
-0.107411
0.14765
0.358305
-0.34372
-0.0122167
-0.674704
0.407234
0.0209811
0.170519
-0.204222
0.287505
0.055503
0.791997
-0.0190084
-0.272851
0.201898
-0.136748
-0.158198
-0.0357216
-0.163474
-0.0577963
-0.380868
0.342118
0.188277
0.829329
-0.165162
-0.32624
-0.0102211
0.662494
-0.298487
0.365916
-0.767944
0.338226
-0.280806
-0.199914
0.0310701
-0.0270291
0.0849997
-0.540345
0.0639891
0.197647
0.179145
-0.224264
0.509062
-0.353847
0.463269
-0.0114713
-0.0164399
0.139089
0.555126
-0.140157
-0.0761964
0.240197
-0.092709
0.193429
-0.168566
-0.208986
-0.9369
0.172895
0.329428
0.0748748
-0.215782
-0.424263
0.193083
-0.16847
0.11796
-0.0991025
-0.20193
0.377963
0.0366053
-0.432275
0.15589
-0.20938
-0.303446
0.0312687
-0.859859
0.0806738
0.143647
-0.424453
0.895989
-0.305896
0.133073
0.874957
-0.333807
1.29859
0.321437
0.444661
-0.148519
-0.337294
0.267559
-0.0035776
0.632133
-0.224901
0.238608
-0.358027
-0.158034
0.118962
-0.558614
0.277938
0.123843
0.197249
-0.00802543
0.013902
-0.356703
0.360032
-0.340777
-0.592803
-0.279173
-0.286776
0.118137
-0.215802
-0.132237
-0.490721
0.32263
-0.970199
0.887819
-0.0324415
-0.166288
0.473138
-0.0767108
0.0288268
-0.122496
0.256557
-0.4389
0.593224
0.0678836
0.0159563
0.417108
0.0616981
0.0381212
0.379383
-0.572483
-0.171199
0.697739
-0.0368717
-0.297505
-0.0558411
0.771932
-0.100426
-0.815031
-0.524517
0.0399356
-0.766889
0.0129611
-1.15411
-0.0810833
-0.638736
-0.185017
1.19922
0.171043
0.933572
0.0966179
-0.922011
-0.0485027
-0.145529
-0.0790258
0.13443
0.147799
-0.864053
0.0329073
-0.0106362
0.0229355
-1.11632
-0.389196
0.281716
-0.210802
-0.578424
-0.0647287
0.675406
-0.439111
0.0266577
0.283277
0.0810314
0.85172
0.412938
0.551639
0.374617
0.323107
-0.352472
0.130306
-0.187001
0.405792
0.123247
1.25958
0.612324
0.0630147
-0.55075
-0.214306
0.143562
0.0690296
0.629699
0.403227
0.0538848
0.240016
0.922886
-0.473519
0.0961315
0.792789
0.393654
-0.0198998
0.166964
2.20536
-0.0562061
-0.200147
0.274137
-0.791845
0.244828
-0.0749162
0.225019
-0.305858
-0.170893
-0.12137
0.0227533
0.0742766
0.0144932
0.0473361
-0.0456279
0.11238
-0.248944
-0.378949
0.167726
-0.425891
0.657614
-0.368786
-0.0350232
0.367118
1.22985
0.143068
-0.279851
0.0284732
0.0965959
-1.06336
-0.0389064
-0.370497
0.207655
-0.438684
-0.0818032
0.438601
-0.0896414
-0.0684653
-0.130743
0.387832
0.154977
-0.317014
-0.27542
0.261856
0.0430855
0.0556564
-0.489158
1.16775
0.121803
-0.487742
0.0510231
-0.183396
-0.568707
-0.224552
1.12992
-0.171008
-0.356116
-0.126787
0.280251
0.0960233
0.146773
0.0774155
-0.736912
0.973491
-0.415929
-0.332795
-0.0886268
-0.137729
-0.290985
0.0392433
0.00684433
0.334568
0.367835
0.222392
-0.360563
-0.18422
0.0253283
0.264242
-0.107203
0.332602
0.317491
0.00174264
-0.934347
0.225188
0.244278
0.465422
-0.233182
-0.230299
-0.108683
-0.657172
0.38264
0.0629921
0.271672
-0.161014
0.861166
0.358748
-0.138778
-0.0498202
-0.14014
0.222445
-0.460623
-0.858437
-0.891284
-0.522733
-0.0581544
-0.179604
0.0338238
0.283477
-0.0193753
0.00355005
-0.465157
-0.368943
-0.0217105
0.114566
-0.0482443
-0.311596
0.297847
-1.07908
-0.0548767
0.644169
0.696901
0.66413
-0.005876
-0.407047
0.515494
-0.499549
-0.279809
-0.0226766
-0.66654
1.0433
-0.436495
-0.685408
0.089085
-0.0961376
-0.0710332
-0.49163
0.121272
0.166204
-0.161384
-0.104187
-0.219468
-0.767466
0.416104
-0.139547
0.205787
0.152979
-0.411991
0.056795
-0.0756369
-0.180047
0.31036
-0.00483094
-0.18075
-0.213415
0.911573
0.167737
0.121684
-0.385036
0.190814
0.0971751
1.86675
-0.172323
-0.509742
0.264076
0.0485463
0.828728
-0.960409
0.365679
-0.374224
0.396941
-0.250515
0.260476
-0.145297
0.172328
0.415312
-0.0243573
0.0237977
0.196781
-0.203169
0.0548277
-0.127693
0.457538
-0.876214
0.0850839
0.136433
0.256837
-0.350776
-0.196389
-0.0531781
-0.152836
-0.0562617
-0.760816
-0.317397
0.119705
-0.0799849
-0.283798
-0.305264
0.224938
0.596367
1.11294
-0.453028
-0.767938
-0.427335
0.791331
0.0913379
0.370358
-0.578653
-0.237003
-0.0885774
-0.264494
0.168977
-0.0285688
-0.0976446
-0.361126
-0.0261636
-0.423636
-0.194155
-0.156029
0.150694
0.281083
-0.222538
0.0277161
-0.306154
1.03594
0.00816691
0.00573323
-0.00954264
0.174639
0.391511
0.477187
0.5613
0.0213969
0.36875
0.581051
0.179778
0.201388
-0.0748312
0.140753
0.312674
-0.719715
-0.111096
0.182199
0.290399
0.0227506
0.094052
0.399242
0.012762
0.291982
-0.428563
0.260772
-0.0289157
-0.00214545
0.390897
-0.117961
0.714576
0.0271517
0.528608
0.0691235
-0.0866996
-0.280036
-0.649911
-0.371242
-0.353589
-0.906373
0.164736
-0.292129
0.211478
0.392126
-0.572295
-0.154194
0.0704257
-0.985824
0.277719
-0.308535
0.018035
0.0548324
0.223381
0.177507
0.437789
0.351547
-0.169746
0.367805
0.351504
0.155313
-0.495847
-0.15634
0.489307
0.087131
0.595321
0.262466
0.0584166
0.143524
0.0798511
-0.380338
0.658951
0.48155
0.117637
0.159883
-0.466211
0.716362
-1.07718
-0.0101938
0.0304684
0.340545
-0.435875
0.0938379
-0.193061
0.30886
0.407709
-0.0480738
-0.311828
-0.168909
0.258223
-1.3089
0.668506
-0.284776
0.472491
0.0555427
0.0176405
0.184569
0.205028
0.194112
-0.239
-0.565777
-0.0183905
0.0563252
0.355339
-0.513659
0.619919
0.304418
-0.00772586
-0.0536156
-0.305196
-0.489499
-0.244951
0.00267239
-0.287428
-0.727824
0.183104
0.0585092
-0.176618
0.144598
-0.225835
-0.0023625
-0.0572138
-0.158358
0.0358523
-0.233338
-0.359204
-0.19716
-0.587045
-0.260322
-0.633068
-0.120759
-0.197199
0.0811251
0.296466
-0.160723
-0.306265
-0.433652
0.84933
0.481448
0.113938
-1.49481
-2.08616
-0.191459
-0.00460587
0.355374
0.541719
1.07992
-0.0709314
1.09561
-0.268545
0.226144
-0.0479669
4.71341
0.53948
0.51488
-0.130473
0.0215317
0.0950504
-0.168342
0.408961
-0.00055652
0.196391
0.271679
-0.334507
0.0290079
-0.467678
-0.0406723
0.127049
0.440983
0.447647
-0.42782
0.356562
0.265917
0.323369
-0.0426707
-0.0153342
0.205728
-0.620555
0.00468216
0.310027
0.426731
0.00722145
-0.371455
0.310328
0.39899
-0.184829
-0.384091
-0.15134
0.221508
0.624247
0.371276
-0.139988
0.110112
0.11957
-0.117153
0.168251
0.369339
0.833743
-0.869179
0.179241
-0.0507674
0.10781
0.0298407
-0.85912
0.231674
0.269352
0.0694923
0.223105
0.577745
0.299424
0.0945956
0.013962
-1.04689
0.428847
0.34836
0.392153
2.04325
-0.393899
0.48124
-0.299073
0.0854281
1.07093
-0.0495196
-0.339717
-0.393838
-1.74983
-0.432846
0.168625
1.23141
0.157011
0.331262
0.123672
0.35516
0.00138912
-0.0843361
0.318514
0.232579
-0.267375
0.0591165
0.0425795
-0.168092
0.0571359
-0.0226942
-0.089674
-0.113807
0.205649
-0.0986648
-0.48588
0.106754
-0.557724
0.00405245
-0.328377
-0.0047874
0.403386
0.445763
0.0205586
0.539005
-0.343064
-0.178739
0.168525
0.529959
-0.329507
-0.625122
-0.576251
0.259123
0.0146399
-0.0941376
0.334168
-0.223903
-0.476746
-0.801714
0.374795
-0.210845
-0.235695
0.432862
-0.14926
0.761378
0.154969
-0.0158418
0.604306
0.284238
-0.109128
0.145013
-0.0962651
-0.347673
-0.345104
0.0844011
-0.193759
-0.354493
0.28204
0.493573
0.255768
0.538995
-0.576414
0.0916419
0.236457
-0.230219
0.760324
-0.152999
0.0602874
0.0422969
-0.438792
-0.0723377
-0.614203
-0.099086
-0.29643
-0.161981
2.3678
-0.0460739
-0.738395
0.257002
-0.130414
0.868605
0.397879
0.110745
-0.0995741
0.0499726
-0.0334678
-0.0838799
-1.17766
0.247813
0.350184
-0.190802
-0.661279
-0.507616
-0.0717512
-1.06302
0.482925
-0.455876
0.163364
0.599413
-0.311216
-1.17465
-0.435695
0.100164
0.472187
-0.33321
-0.37758
-0.21503
-0.406863
0.00945971
-0.412059
0.387876
-0.106113
-0.0973539
0.353401
0.0811134
0.217725
-0.0999913
0.63771
-0.718207
0.0904842
-0.538565
0.0352147
-0.126007
0.0600949
0.298242
0.00670395
1.42503
0.330794
-0.105786
0.0480795
0.00545447
-0.211197
0.695306
-0.11439
0.0980488
-0.0117947
-0.366244
-0.0580233
-0.214875
0.679373
0.142915
0.0402893
0.876571
-0.142792
0.337366
-0.605933
-0.151907
0.325376
-0.19756
0.163689
0.266935
-0.392376
-0.381361
-0.938344
-0.118047
-0.316884
-0.0594657
-0.431368
-0.0917333
-0.838216
-0.163075
-0.721269
0.645493
0.257668
-0.0544331
-0.369638
0.406008
-0.139824
-0.141871
-0.200068
0.0367988
-0.697108
2.0401
0.383368
-0.0994447
0.129357
-0.000309204
0.762438
-0.0763502
-0.216631
0.1168
-0.0596712
1.22493
-0.184282
0.228567
-0.177279
0.489944
0.219291
-0.0125352
-0.599697
-0.0226083
-0.125713
-0.343435
-0.447507
0.0156139
-0.0883566
0.0715957
-0.0258765
-0.303306
0.0871876
0.763191
-0.544128
0.145925
0.245729
0.145781
0.255156
-0.156108
1.51076
-0.539199
-0.0610424
0.0505322
-0.161157
-0.0883406
0.236519
-0.0517151
0.298456
0.776097
0.564313
0.0410055
0.196695
0.348236
0.0845411
-0.183404
0.17198
-0.163149
0.0570926
-0.183599
0.104672
-0.16808
0.0231031
-0.113866
-0.104268
0.128119
0.0246999
-0.115726
-0.193223
0.0111041
0.0682237
-0.156079
-0.0685226
-0.156845
-0.0763311
-0.0496129
-0.048363
-0.0107757
0.0357473
-0.0172453
0.127606
0.0530418
0.162334
0.0869917
0.127751
0.184639
888888
0.0298908
0.0120035
0.0594361
0.0189373
0.0380656
0.0326415
0.0315917
0.175933
0.0189739
0.0843297
0.0296905
0.0307083
0.0817608
0.0237035
0.015479
0.0483064
0.0619422
0.00742923
0.0499927
0.220647
0.0252814
0.080716
0.107283
0.0295178
0.0652496
0.0133451
0.0582352
0.17543
0.024544
0.0810739
0.06977
0.0492534
0.0838443
0.0762286
0.0542132
0.0489486
0.0604913
0.0124648
0.0571911
0.0299631
0.0594951
0.0326856
0.439882
0.0286131
0.0230125
0.0511527
0.0141808
0.0625908
0.037833
0.00799113
0.0183756
0.0660521
0.0951797
0.0664833
0.0613298
0.0321535
0.0245213
0.0178472
0.0269073
0.0269956
0.113229
0.329882
0.0619098
0.0457717
0.0325769
0.0493843
0.0281427
0.0140336
0.0420497
0.0865605
0.0633591
0.0887165
0.053802
0.0235028
0.051781
0.014622
0.0567614
0.0867645
0.0270108
0.0496615
0.0394728
0.0712285
0.0853089
0.145864
0.01733
0.0797952
0.0352276
0.0271688
0.0832255
0.104017
0.0346138
0.0426718
0.129974
0.0178346
0.017988
0.00672271
0.0903404
0.0616397
0.0661293
0.0371728
0.0364739
0.0380078
0.066145
0.0528984
0.0634331
0.0724516
0.0384259
0.0621659
0.106247
0.0769782
0.100375
0.189037
0.0305305
0.0133672
0.0368442
0.0476002
0.0355282
0.0484479
0.0415591
0.0827655
0.0636617
0.0503877
0.0314618
0.0347585
0.037953
0.184927
0.083635
0.0508473
0.0893678
0.0568714
0.161549
0.0888012
0.219965
0.0755071
0.0202159
0.0596927
0.0729636
0.0236024
0.152274
0.0634432
0.0368373
0.0238553
0.0168049
0.0408347
0.109474
0.0736017
0.0515031
0.0186448
0.0338113
0.0410598
0.041503
0.109383
0.0123629
0.0348287
0.122256
0.138119
0.323954
0.0321091
0.0485559
0.0527566
0.00987664
0.111651
0.031551
0.0759658
0.126596
0.00447137
0.0767803
0.0402739
0.146927
0.111366
0.132118
0.0572831
0.269801
0.0361145
0.267572
0.00935893
0.0179901
0.0345974
0.137291
0.0451444
0.0157169
0.0359096
0.0327212
0.0785236
0.0165225
0.0283876
0.0127549
0.0204327
0.023588
0.081417
0.0538594
0.108316
0.0308698
0.172023
0.0659698
0.0184468
0.0859544
0.0879796
0.0391103
0.0264814
0.0598154
0.0480824
0.0905389
0.0209514
0.157303
0.0466527
0.140896
0.0834906
0.0451092
0.115086
0.0610679
0.0229973
0.0387298
0.0278664
0.0453535
0.128646
0.0197342
0.0305836
0.0717571
0.0409121
0.237222
0.0829815
0.0210564
0.428294
0.0713406
0.128429
0.0283887
0.023034
0.0560236
0.0498961
0.0889272
0.052226
0.341773
0.0898197
0.0219442
0.0581191
0.0304523
0.0163592
0.206816
0.139048
0.0451003
0.0538469
0.0898537
0.0706734
0.011714
0.0309482
0.0588449
0.105763
0.0266637
0.0169598
0.0281875
0.156982
0.0560673
0.0201446
0.0470387
0.0504316
0.0692611
0.0539563
0.0266375
0.0898566
0.0410029
0.0550477
0.0736903
0.0236439
0.0273082
0.129852
0.0385353
0.113099
0.0784488
0.117779
0.0790108
0.107246
0.0244605
0.138043
0.0533277
0.0465943
0.0742165
0.095533
0.0470491
0.12719
0.0128957
0.0500838
0.035658
0.0475897
0.0775506
0.0294628
0.0346866
0.0521915
0.00461003
0.0127142
0.033796
0.0540832
0.0278231
0.028433
0.0653061
0.0728154
0.0740475
0.164801
0.0352135
0.0163083
0.224303
0.0457529
0.0149015
0.21101
0.0451652
0.190627
0.00989347
0.0757505
0.0580356
0.101715
0.0161327
0.0983627
0.0314725
0.0344955
0.0853557
0.0304874
0.0109425
0.0612747
0.169241
0.0321799
0.200135
0.100087
0.042896
0.0522236
0.036728
0.042999
0.038127
0.100765
0.0284764
0.082214
0.162017
0.0787229
0.023343
0.040189
0.00834439
0.177487
0.0210084
0.0142602
0.130307
0.0525933
0.0848511
0.0504117
0.0358018
0.0489026
0.170352
0.0631432
0.0416185
0.0547655
0.062953
0.0785047
0.0427275
0.0455971
0.0720029
0.0164648
0.0179923
0.0579892
0.0124079
0.0916582
0.0464348
0.103654
0.0553005
0.0659127
0.0782707
0.0906206
0.0665554
0.0672772
0.077875
0.0202903
0.096692
0.0815146
0.0260232
0.13936
0.0144507
0.0176723
0.023521
0.0186538
0.0899423
0.012945
0.0453061
0.0489424
0.0464051
0.0526573
0.0746865
0.0722726
0.0680048
0.0217527
0.0721444
0.0508371
0.0866827
0.0942335
0.0793116
0.178576
0.072882
0.196335
0.0110856
0.0409698
0.0498085
0.0830638
0.0403639
0.0448237
0.0429918
0.0889496
0.154325
0.0541887
0.0128184
0.0811702
0.027248
0.0455588
0.215953
0.0332961
0.0457058
0.0291205
0.0990126
0.119736
0.0834653
0.0130909
0.0663662
0.0479264
0.047253
0.18694
0.131392
0.0172233
0.0323771
0.11321
0.0316397
0.0318481
0.0387125
0.0459986
0.0943278
0.0416734
0.0406785
0.0471246
0.0293743
0.0594653
0.023856
0.109521
0.0524283
0.0509202
0.037602
0.07591
0.0301633
0.014123
0.0113023
0.0448514
0.265272
0.0213595
0.0403261
0.0184606
0.0769545
0.0474118
0.0120437
0.0987334
0.0128181
0.110492
0.0193739
0.0551471
0.0222589
0.0343761
0.0527464
0.0219873
0.0194956
0.0678263
0.0268146
0.0979862
0.186832
0.0145572
0.0353645
0.0211984
0.0572471
0.0603705
0.0375636
0.0153224
0.0549403
0.0507835
0.0340586
0.044136
0.0702666
0.0301689
0.151525
0.0877606
0.0702266
0.0463486
0.0263225
0.116296
0.0845839
0.105058
0.067322
0.19397
0.171284
0.0560075
0.0192688
0.038289
0.0257404
0.087396
0.0572166
0.0395382
0.0633318
0.0275384
0.123997
0.018354
0.0370281
0.0563607
0.0743991
0.0749206
0.0181287
0.0237581
0.183548
0.0360856
0.125831
0.0613362
0.120207
0.0245028
0.0359339
0.121288
0.09177
0.11319
0.0609956
0.0158808
0.119967
0.02934
0.0433344
0.0399678
0.229105
0.0465432
0.0558715
0.0518521
0.120188
0.11423
0.0362802
0.0290063
0.114162
0.085894
0.0693449
0.0517534
0.0930165
0.0561044
0.098798
0.0401542
0.111429
0.0288825
0.0334028
0.201892
0.0283491
0.0722
0.0389112
0.0565946
0.0124664
0.0262305
0.0439139
0.125459
0.0532958
0.056815
0.0674712
0.0690899
0.0392217
0.0492695
0.0550406
0.0116223
0.092842
0.19768
0.156334
0.0635887
0.0798409
0.0456681
0.18069
0.0409284
0.0523823
0.0252491
0.14913
0.124925
0.117388
0.0393426
0.154669
0.0312081
0.0131134
0.0357744
0.0485354
0.0413484
0.124983
0.139801
0.0236466
0.0251539
0.0318149
0.152012
0.0910897
0.0677797
0.375976
0.0332604
0.0491766
0.0253193
0.100433
0.0355089
0.0763836
0.0392699
0.316571
0.11374
0.0196535
0.1483
0.0292288
0.272475
0.0209748
0.0142749
0.0446061
0.141323
0.303757
0.0504172
0.0547541
0.0557485
0.02588
0.0131186
0.0345724
0.125373
0.171931
0.0968301
0.0503295
0.0426059
0.0765878
0.120579
0.103267
0.0331524
0.0271134
0.0189657
0.0438922
0.0869565
0.06847
0.0642564
0.0667783
0.038327
0.0468824
0.0985101
0.0170878
0.0137626
0.0182984
0.116567
0.0281146
0.0521574
0.0132552
0.0994521
0.0241894
0.122168
0.0478861
0.0500827
0.102856
0.0623911
0.023584
0.0290952
0.132355
0.0317556
0.102322
0.142998
0.0408107
0.0642127
0.0194949
0.0151269
0.105203
0.0558294
0.0527868
0.0621252
0.0258335
0.027468
0.0278385
0.0226334
0.0134175
0.121664
0.0341736
0.0326056
0.0867101
0.277062
0.0627971
0.0193986
0.0498437
0.0109768
0.0505077
0.0211766
0.235132
0.23469
0.05245
0.0185417
0.135419
0.0640552
0.115153
0.0563743
0.0323992
0.0903802
0.137914
0.0417646
0.0244355
0.111909
0.0520718
0.0652484
0.0461114
0.0263178
0.0709945
0.0444188
0.0234559
0.0237717
0.0624402
0.0394607
0.104312
0.0503972
0.0234409
0.154546
0.00969374
0.055518
0.0377333
0.034257
0.0390109
0.0178589
0.022077
0.0386802
0.0197614
0.052496
0.0743509
0.0417381
0.0475082
0.0448714
0.173565
0.0148433
0.12055
0.119902
0.0230917
0.0514391
0.20553
0.00838237
0.111772
0.0343221
0.103554
0.0422657
0.0180445
0.162365
0.0385639
0.0452559
0.191497
0.0190173
0.0397901
0.080558
0.043172
0.0386982
0.0506341
0.154066
0.0691666
0.0208366
0.04704
0.0148999
0.0416891
0.0238137
0.0564093
0.0434934
0.0416801
0.144684
0.133566
0.0181709
0.153038
0.0406407
0.185309
0.0323365
0.0823756
0.0401242
0.0483653
0.0419472
0.0495623
0.130382
0.0310594
0.0118486
0.029174
0.030562
0.0457078
0.0238065
0.188704
0.0297671
0.102527
0.139002
0.0752211
0.0740823
0.0445598
0.0892602
0.0564007
0.0284577
0.212445
0.0685312
0.0244956
0.191978
0.0378803
0.0385568
0.0136123
0.1189
0.0299735
0.0567559
0.048934
0.0557524
0.12095
0.0254347
0.0142458
0.13698
0.0673403
0.246371
0.0298358
0.205226
0.0324012
0.0189987
0.0760041
0.0627574
0.118876
0.0316478
0.0423597
0.160696
0.0363824
0.0495549
0.0126679
0.0306309
0.170926
0.0420088
0.038142
0.062046
0.208674
0.0295903
0.022744
0.0825103
0.0832593
0.0261601
0.0546735
0.0490255
0.0971155
0.0280959
0.128429
0.0409633
0.0221828
0.0367146
0.10793
0.00715324
0.0681245
0.10981
0.0212726
0.0647399
0.017972
0.015369
0.203031
0.018485
0.0734662
0.0200822
0.0904539
0.0299207
0.0383812
0.26587
0.0490222
0.0244191
0.0494366
0.0263299
0.0317541
0.0442322
0.0551809
0.014716
0.0239818
0.12054
0.0410698
0.0124968
0.122637
0.0688528
0.0331615
0.0297229
0.0414774
0.398115
0.0260878
0.105347
0.0395804
0.027873
0.0546246
0.0249625
0.0625676
0.0697516
0.0943428
0.0854503
0.108073
0.0530692
0.0475506
0.0235741
0.0253833
0.0268562
0.0145778
0.0868287
0.0707535
0.0844527
0.143872
0.0149194
0.0198824
0.0113329
0.0376529
0.0681718
0.0799358
0.0405687
0.0658628
0.0815001
0.0173373
0.0293017
0.0473268
0.0418167
0.280262
0.0243489
0.0928579
0.106884
0.0443297
0.10972
0.0183213
0.0931819
0.0465773
0.0181076
0.0426019
0.0219394
0.0778639
0.0456558
0.0208827
0.0158454
0.0116187
0.0782462
0.126065
0.0315452
0.0814628
0.0277388
0.0516385
0.0464509
0.0135644
0.0533313
0.0512184
0.0662746
0.106546
0.0349327
0.0838627
0.0333467
0.0142556
0.0257521
0.136198
0.0375397
0.0247032
0.0148989
0.0276322
0.106052
0.0646496
0.0917499
0.0290945
0.0365413
0.0418597
0.0332846
0.0201626
0.0461948
0.0596115
0.216251
0.0454313
0.0356159
0.107031
0.183636
0.0397932
0.0859864
0.0422779
0.109071
0.0490878
0.0119541
0.153729
0.0106309
0.190809
0.0249509
0.170008
0.00895799
0.129204
0.0767
0.0694826
0.0891576
0.0394557
0.0226663
0.0481046
0.0785651
0.0600817
0.0736212
0.0420617
0.0198064
0.0475448
0.0680853
0.112218
0.0348388
0.0971107
0.0363244
0.050938
0.0218066
0.0157257
0.0133094
0.00624984
0.0714252
0.0929529
0.288154
0.0221009
0.00818178
0.0183932
0.0153426
0.0276517
0.0399463
0.0718502
0.144836
0.0949924
0.0387997
0.102222
0.0352139
0.0132741
0.0474851
0.0836493
0.0419479
0.0552378
0.0988907
0.112047
0.0501143
0.0673205
0.0853972
0.141962
0.0104458
0.0494061
0.285827
0.0556965
0.036316
0.0521066
0.0452983
0.0717973
0.0255618
0.331383
0.0162104
0.0469223
0.0705274
0.00556489
0.0758614
0.0110041
0.0293421
0.0711832
0.0280819
0.0260736
0.43397
0.112049
0.0697628
0.0613479
0.0306527
0.0537123
0.0767434
0.293093
0.0469855
0.0981423
0.0343617
0.0219484
0.0747966
0.0822393
0.0670721
0.0274007
0.0429764
0.0940878
0.0284265
0.0730175
0.00496973
0.0632202
0.0193481
0.015225
0.130256
0.0958167
0.0466589
0.0743325
0.0898372
0.0382728
0.183177
0.0629595
0.0572809
0.0190201
0.15733
0.213174
0.0361896
0.120251
0.154976
0.0372395
0.0228694
0.0914201
0.056792
0.0226901
0.0213387
0.0431222
0.106108
0.0255643
0.027672
0.046284
0.0555761
0.0645652
0.02358
0.0970498
0.0267923
0.136269
0.0430695
0.0456606
0.0744443
0.0224922
0.0349438
0.0724963
0.0187608
0.0459732
0.0442574
0.0268011
0.0208146
0.0194535
0.0509203
0.0249954
0.0433939
0.0285702
0.0252047
0.0436557
0.0370201
0.0533416
0.0639308
0.0991594
0.0430618
0.0335644
0.0479209
0.0474814
0.0252913
0.0593058
0.258974
0.13933
0.0465393
0.0281715
0.0376906
0.0559014
0.0298435
0.0648679
0.128892
0.076606
0.0857173
0.0769346
0.0282835
0.0502306
0.0181425
0.0691906
0.15176
0.0152499
0.0982175
0.0540582
0.129958
0.0351334
0.0748373
0.0360729
0.110281
0.0572596
0.0669712
0.132422
0.102797
0.0288873
0.0502681
0.0490758
0.0224894
0.0438752
0.0318163
0.0649388
0.0813033
0.0463026
0.0650772
0.0209344
0.0699507
0.0510485
0.0321558
0.128852
0.0254691
0.0420802
0.0359639
0.0508484
0.0271513
0.0373061
0.0200045
0.02062
0.0223462
0.161769
0.0198857
0.0336482
0.0286104
0.112681
0.0474839
0.501718
0.0139976
0.0272846
0.039539
0.0422141
0.103773
0.135555
0.0163889
0.0474809
0.0182198
0.0829125
0.0750038
0.0902496
0.0104425
0.0811493
0.0160042
0.0563431
0.00810998
0.0632536
0.044999
0.0935423
0.0366101
0.0703133
0.0167559
0.033059
0.0967367
0.0518338
0.0664071
0.0704504
0.0353217
0.143613
0.140859
0.125825
0.0420811
0.0180473
0.0139249
0.061849
0.0294494
0.0503404
0.111131
0.0834388
0.0493259
0.147103
0.268116
0.0628492
0.0368307
0.0396581
0.110246
0.0964804
0.0796221
0.0305437
0.0397764
0.022176
0.125075
0.0459046
0.0849088
0.0152273
0.157988
0.0209523
0.0414282
0.0376918
0.0539421
0.0490782
0.0746423
0.0277087
0.0462241
0.0283643
0.0155216
0.0849504
0.0591083
0.0189445
0.0379279
0.0410994
0.0818844
0.027837
0.0256258
0.0342127
0.105145
0.0548652
0.123724
0.104741
0.0704935
0.0136425
0.0184559
0.0726868
0.0214221
0.0521719
0.159391
0.0101444
0.0218151
0.0355644
0.0467913
0.0386156
0.00884652
0.0607871
0.0868192
0.0590679
0.145083
0.0208487
0.0383545
0.026342
0.189039
0.0343555
0.0732238
0.0338628
0.0280979
0.0340739
0.032351
0.0335945
0.0581445
0.0568997
0.375025
0.0911917
0.0137715
0.0568466
0.0876983
0.0587641
0.0180024
0.0687557
0.0202914
0.0539771
0.0253373
0.0690615
0.0461686
0.0259315
0.0227672
0.0705154
0.0343492
0.0590347
0.099407
0.0187989
0.0168742
0.172306
0.0388783
0.145327
0.0458163
0.0171137
0.0162769
0.0345627
0.0604511
0.116842
0.061673
0.0483257
0.0631636
0.0788416
0.0968325
0.015612
0.00488632
0.0647261
0.0468684
0.0500905
0.0232974
0.178991
0.0736087
0.0954309
0.087316
0.157367
0.0303596
0.0207258
0.0147326
0.0202958
0.0417536
0.0532474
0.0802895
0.152962
0.0300591
0.0826851
0.0625275
0.0828567
0.0157789
0.0480228
0.0685202
0.0515453
0.0224206
0.0212305
0.0161167
0.0324265
0.0489547
0.078564
0.0322783
0.0798993
0.0399032
0.044156
0.0434097
0.0364412
0.0136704
0.0459614
0.0431689
0.128145
0.135615
0.0539203
0.0898806
0.047322
0.0393608
0.036092
0.0140737
0.0294237
0.0397242
0.0511485
0.0756756
0.09883
0.0905763
0.0346619
0.226617
0.340003
0.0307823
0.0648056
0.0777517
0.116213
0.250091
0.0277987
0.0578651
0.0101183
0.0460782
0.0167941
0.736623
0.127633
0.153824
0.13
0.117405
0.234602
0.0308937
0.0287995
0.0612937
0.119271
0.0307125
0.0666464
0.045056
0.062535
0.10628
0.0314207
0.0404479
0.0392334
0.109138
0.0465052
0.0179394
0.0599875
0.0291798
0.141252
0.0901575
0.0303504
0.0223118
0.117146
0.18034
0.0224972
0.128291
0.0461747
0.0471142
0.0674695
0.140961
0.0382904
0.0674978
0.282345
0.0165575
0.0170823
0.0208702
0.0538125
0.0304309
0.0156577
0.0573707
0.0477932
0.244477
0.118885
0.027011
0.10905
0.0475671
0.0431346
0.02197
0.0313121
0.0164516
0.0252843
0.108984
0.0188913
0.0414475
0.0240759
0.0432206
0.432069
0.0408736
0.182494
0.243967
0.0708371
0.113272
0.0514657
0.050612
0.121496
0.0273263
0.0444494
0.143362
0.0699762
0.11762
0.0522389
0.123583
0.026915
0.0854969
0.058261
0.0566218
0.0190132
0.0172053
0.0512299
0.0156171
0.0175811
0.0839211
0.0105192
0.0386538
0.0196232
0.0285513
0.0478101
0.0472758
0.0373863
0.185968
0.0509468
0.0358115
0.00964686
0.0711865
0.0532689
0.0274118
0.0798225
0.0180254
0.121022
0.0401129
0.0875834
0.0579633
0.113275
0.106243
0.0741297
0.0286445
0.0546954
0.0791356
0.0576393
0.160605
0.0871622
0.212561
0.0506229
0.127993
0.0506088
0.0428999
0.0962103
0.0175668
0.0869985
0.0858681
0.0353243
0.0572632
0.061473
0.0602561
0.034079
0.12923
0.0295733
0.0355051
0.0876985
0.0896179
0.09652
0.0569752
0.0222875
0.266552
0.0232953
0.0614408
0.0533725
0.053256
0.0432826
0.0453669
0.0595592
0.0409792
0.0727297
0.0332242
0.140519
0.0643349
0.0732784
0.275829
0.020578
0.0248257
0.231984
0.026696
0.120826
0.022925
0.0220297
0.113509
0.0679671
0.0471215
0.0221508
0.0353778
0.0510037
0.0520006
0.175689
0.0643476
0.0718367
0.446394
0.0757994
0.151416
0.0350664
0.0559488
0.0478114
0.056184
0.0539756
0.057174
0.194262
0.0944299
0.0747683
0.0252971
0.0440021
0.0694267
0.0390181
0.0350339
0.232809
0.131439
0.0550896
0.0642446
0.0579725
0.0384538
0.108559
0.0270491
0.077697
0.0156415
0.098587
0.056237
0.0462132
0.0704811
0.0749551
0.0307148
0.0381457
0.0277776
0.0300817
0.166866
0.0248282
0.242096
0.0255236
0.0261505
0.0463139
0.035368
0.014083
0.0115191
0.0970694
0.0442593
0.0584167
0.0429238
0.0520098
0.0971611
0.0275814
0.0575733
0.0157209
0.0593365
0.045146
0.0270494
0.0370209
0.0511021
0.0574729
0.0208798
0.0614721
0.0469085
0.0592157
0.0831865
0.0419104
0.0253159
0.0931183
0.0792824
0.0498778
0.0247779
0.159176
0.0469544
0.0385366
0.0446596
0.0454273
0.0377613
0.0558154
0.0141091
0.021229
0.0268256
0.0971744
0.383197
0.0187733
0.0243296
0.0590032
0.00916448
0.135253
0.115722
0.0361324
0.0466468
0.0275012
0.120316
0.0677495
0.0347316
0.140555
0.0420209
0.0819094
0.0305055
0.0429913
0.0496656
0.0620097
0.0332209
0.0720952
0.092083
0.0501096
0.0332472
0.177009
0.0322523
0.138985
0.107318
0.0367197
0.0238288
0.0505273
0.0628249
0.00596051
0.0335412
0.21694
0.0912434
0.12536
0.0310119
0.0365852
0.0269248
0.0259857
0.0229143
0.049412
0.0684509
0.171554
0.030923
0.0859126
0.066344
0
0
0
0
0
0
0
0
0
0
0
0
0
0
0
0
0
0
0
0
0
0
0
0
0
0
0
0
0
0
0
0
777777