2.74864
999999
-0.390692
-0.351028
-0.0295605
-0.161274
0.199293
0.0593691
-0.16815
0.89906
-0.0861376
0.210222
0.382929
0.0192845
0.166945
-0.232038
-0.20647
0.257811
0.365581
0.117943
0.777689
-0.40681
0.0653781
0.637743
-0.214963
0.382221
0.554938
-0.0614754
0.0672754
-0.862548
0.0263851
0.759398
0.394497
-0.103583
-0.0164706
-0.832838
-0.290417
0.228395
0.12931
0.253723
0.0649034
-0.142922
0.107856
0.241241
0.775452
0.229618
0.334717
0.390795
-0.188923
-0.206233
0.305299
0.497666
0.0589987
-0.191209
0.513455
0.441364
0.619592
0.234925
-0.167397
0.122668
0.168433
-0.0157667
0.269874
-0.481643
-0.248691
-0.184139
0.00748091
-0.423151
0.238325
0.131511
-0.0152852
0.608127
-0.11158
-0.679463
-0.193005
-0.0309237
-0.387836
-0.0485869
-0.0712025
0.391578
0.115109
-0.229973
0.127703
0.0307234
-0.0689383
0.990306
0.000828041
0.877359
-0.186821
0.199898
-0.587928
-0.534525
-0.435308
0.245023
0.275345
-0.569948
0.232894
-0.0639387
0.178539
0.701731
-0.418448
-0.0922527
-0.17813
0.000460095
-0.401867
0.161616
-0.203614
-0.326547
-0.421554
0.641537
-0.193277
-0.394566
0.0937326
-0.162686
-0.0152081
0.590784
-0.192765
0.184226
0.167033
-0.644718
0.133301
-0.120734
-0.38054
-0.0354656
-0.244714
-0.300342
0.0129614
0.426864
0.173251
-0.104694
0.679758
-0.27305
0.293304
-0.620018
1.33766
0.548269
0.0751985
0.218206
-0.137408
0.296122
0.316892
-0.63156
0.533949
-0.106759
0.120462
0.128411
-0.109761
0.272348
0.117735
0.39758
0.115062
0.119284
0.410336
0.113931
-0.186929
-0.397816
1.59987
0.0245151
-0.433681
0.323582
0.164484
0.477357
-0.065022
0.277567
-0.137645
-0.038877
0.423801
-0.503177
-0.225471
-0.565443
0.352799
-0.0522882
0.490002
-0.00983956
-1.89837
0.215548
-0.198338
0.103681
-0.100336
-0.30927
-0.874906
-0.66018
0.0570608
0.517223
-0.32102
0.208949
0.158094
0.115937
0.135663
-0.293048
-0.239863
-0.0584165
0.373064
0.724684
0.510116
-0.851589
0.113079
0.137437
0.0945708
0.0576819
0.106318
0.437088
-0.373088
-0.404234
0.0430228
-0.426175
0.393222
-0.202674
-0.241982
-0.264943
0.069064
-0.414894
-0.14636
0.195032
-0.623508
-0.560372
0.0485561
-0.874963
0.474126
0.103937
0.514892
0.123364
-1.12395
-0.418327
-0.153767
-0.969482
0.519078
0.549008
-0.117509
0.161094
-0.134958
0.160956
0.00384285
0.546611
1.62847
-0.387303
-0.0505523
-0.720363
0.00409324
0.149178
0.627726
-0.435237
-0.438331
-0.464893
0.342573
-0.120619
-0.0219737
-0.377032
-0.0113515
0.735727
0.514462
0.171776
0.134909
0.87639
0.0299714
-0.121409
0.355815
-0.0013683
0.0448828
-0.382136
-0.246279
-0.229341
0.0655107
0.00806532
0.0981744
0.421248
-0.149217
-0.201778
0.564957
-0.626914
0.10583
0.363699
0.164709
-0.0629604
0.195703
0.355473
-0.0422153
0.544494
-0.462388
0.407625
-0.269182
0.0523716
-0.238669
0.0212597
-0.116335
0.405159
-0.594222
-0.253155
-0.0546791
-0.390428
-0.0521884
0.30529
0.206134
0.382411
-0.2553
0.563904
0.786063
0.445827
1.00657
0.61373
0.825909
0.770357
-0.680043
0.481636
-0.0977135
0.789838
-0.152114
-0.288903
-0.123758
0.148614
0.572547
-0.0713117
0.320514
-0.102887
-0.0476539
-0.247887
0.395614
0.271531
0.537767
-0.238544
-0.745847
-0.220236
0.373235
-0.0943495
0.182592
-0.239591
-0.496897
0.116585
-0.5203
-0.225869
0.232191
-0.6426
-1.1002
0.419207
0.161983
0.102748
-0.297441
0.999203
0.176785
-0.207412
0.430847
0.375182
0.483557
-0.0612978
0.390038
0.314288
0.684134
-0.289613
0.116848
-0.307819
-0.610809
0.619828
-0.359001
-0.230243
-0.168854
0.104862
0.155925
0.334565
-0.334803
0.478419
-0.868595
0.231507
-0.573392
-0.215481
-0.0563383
-0.288281
0.222017
0.127957
0.528134
-0.0053843
-0.571013
0.30529
0.0147998
0.795001
0.0933006
-0.336421
0.344216
-0.33214
0.336429
-0.376488
0.245386
-0.0159865
-0.287204
0.332655
-0.0210691
0.171327
0.0463238
0.44958
-0.533126
-0.519439
-0.218074
0.223191
0.155092
0.0220541
-1.47784
-0.273343
0.218336
-0.327286
0.0508627
-0.878206
0.225917
0.129083
0.25198
-0.262063
1.40402
0.161525
-0.550136
0.997287
-0.257055
-0.0542974
-0.213838
-0.277025
-0.248442
-0.144156
0.954768
0.103783
-0.247232
-0.373992
0.165657
-0.615484
0.238406
-0.953664
-0.480216
0.0548378
0.1026
-0.0627314
-0.148778
-0.4024
-0.139721
0.0204827
-0.232239
0.104358
-0.0848536
0.512555
0.218956
0.0500966
-0.0244943
-0.788874
0.625511
0.549336
-0.321565
0.390636
-0.00576922
-0.121785
-0.0357877
-0.380523
-0.618262
0.162048
-0.398241
0.213644
1.07773
0.00250381
0.203913
-0.277434
0.106083
0.115746
0.111839
0.761187
0.0643748
-0.23255
-0.416864
-0.0571968
0.389668
-0.206007
-0.117961
0.359401
-0.0387315
0.0787261
0.558115
0.324251
0.283232
-0.277919
-0.0338762
-0.0992484
-0.288768
-0.157422
-0.647445
-0.267921
0.606343
-0.719589
0.876132
-0.0610575
0.129896
0.537938
0.52145
0.065485
-0.401247
-0.155063
0.0652109
0.355827
0.684729
0.295514
-0.429507
-0.457969
-0.119299
-0.266514
0.573064
0.0551061
-0.314361
-0.175075
-1.16016
-0.509681
-0.119685
-0.756459
0.496217
-0.533859
-0.318105
0.182258
1.0756
0.0924504
-0.381609
0.048096
0.760117
0.179253
-0.364883
0.27447
-0.179955
0.67063
-0.0155019
0.395681
0.752446
-0.588113
-0.235958
-0.142751
1.07702
0.262428
0.209615
-0.168333
0.870821
0.373049
-0.107701
0.113388
-0.226769
-0.370176
-0.0718731
0.0239309
0.338064
0.22714
-0.118331
-0.105814
-0.225547
0.653005
-0.114275
-0.374659
0.259013
0.00729808
-0.133644
-0.267811
0.420582
0.12606
-0.118369
0.0126081
-0.229877
-0.388608
-0.850811
-0.48044
-0.207565
-0.156128
-0.452157
0.467287
-0.0114567
1.56146
0.0871512
-1.22738
0.513947
0.236512
-0.874993
0.292089
-0.439406
0.464032
0.378786
0.739446
-0.361129
0.127634
-1.97703
-0.278428
0.321551
-0.0628214
-0.137922
-0.562655
-0.305549
-0.00171855
0.251667
-0.202094
0.0227585
0.901495
-0.528634
0.470419
0.758523
-0.0592412
-0.175534
0.293381
0.0916955
-0.196149
-0.428419
-0.020025
-0.392819
0.833871
-0.502394
-1.00811
-0.10103
0.982839
-0.23742
-0.232588
0.0489979
0.682899
-0.815452
-0.136513
0.121583
-0.518207
-0.295063
-0.299255
0.412839
0.531602
0.914066
-0.357768
-0.135097
0.0546056
-0.015959
-0.857221
-0.0286505
0.415168
-0.343048
0.258149
-0.142496
-0.452165
-0.229057
0.206936
0.788169
0.035688
0.623197
-0.677279
0.115773
0.0559019
0.0229445
-0.913602
0.106906
-0.68459
0.207187
0.232211
-0.217966
0.770925
0.693988
0.141299
-0.0268897
-0.382388
0.165012
0.0555001
-0.096297
-0.152913
-0.134182
-1.05303
0.151472
0.319877
0.144517
-0.164603
0.0189766
0.0946079
-0.404122
0.22025
-0.528387
0.446042
-0.0568282
-0.307856
0.0203238
0.0308924
0.126182
-0.255737
-0.163757
0.345718
0.160126
0.333918
-0.133071
-0.0369318
0.41906
-0.445262
-1.34518
-0.335256
0.155085
-0.411353
-0.981725
0.0380139
0.145081
0.240605
0.045293
-0.194648
-0.245114
0.479597
-0.417959
0.593756
-0.245381
0.396083
-0.355598
-0.0121224
0.475798
-0.222662
-0.712542
-0.175239
-0.614218
-0.308742
-0.826915
-0.486649
-0.0963479
-0.481287
-0.000154047
0.113653
0.125582
-0.00373487
-0.230903
0.130787
0.167769
-0.343712
-0.199699
0.0904892
0.257731
-0.281928
-0.116702
0.195276
0.456822
-0.109031
-0.273344
0.654764
-0.399688
0.576903
-0.271406
-0.133374
0.702605
-0.100591
0.150022
0.83703
-0.305223
1.171
0.0221557
-0.212575
-0.406299
-0.459462
0.422254
0.408242
-0.392419
-0.336943
-0.183898
0.69427
0.0391308
0.197569
-0.0897422
0.145635
-0.524078
0.114682
-0.044823
0.0183517
-0.409964
0.384902
0.0411083
-0.117667
0.84788
0.202215
0.20333
0.0773378
-0.763784
-0.61235
0.487127
-0.203365
-0.749892
-0.21408
-0.00731691
0.137859
0.0526923
0.205739
-0.199403
0.0533593
-0.240058
-0.483237
0.373204
-0.211864
-0.178596
-0.205033
-0.199153
1.00542
0.247562
-0.181772
1.95855
0.272173
0.144011
-0.27058
-0.586273
0.595899
-0.205356
0.00432193
0.0564455
0.40937
-0.722087
-0.064098
0.0867824
0.0412877
0.337916
-0.337366
-0.810415
1.33442
0.224852
0.0662429
0.643415
-0.199399
-0.416926
-0.127267
0.527843
-0.311124
-0.00883121
-1.40209
0.675322
-0.0107113
0.198925
0.0818985
-1.30292
-0.877127
-0.0820949
0.134455
0.531532
-0.31855
-0.0289973
-0.590079
0.435697
-0.00513874
0.222694
-0.223176
0.336574
0.0636719
0.813412
-0.0354138
-0.274887
0.214769
-0.101812
-0.159128
-0.031234
-0.353043
-0.0686477
-0.425855
0.371449
0.197033
0.605453
-0.148834
-0.321051
0.0151713
0.704116
-0.249993
0.43648
-0.759832
0.324649
-0.290772
-0.184325
0.0113842
0.011284
0.0742016
-0.476701
0.0471399
0.170579
0.324654
-0.280798
0.496183
-0.365668
0.443424
0.000771639
0.00439798
0.107771
0.538926
-0.18154
0.0269201
0.236578
-0.116676
0.151341
-0.165624
-0.238338
-0.934152
0.192045
0.370984
0.0836885
-0.243551
-0.360369
0.1908
-0.188068
0.124874
-0.10329
-0.346765
0.294024
-0.115619
-0.517117
0.163081
-0.20928
-0.28929
0.0110971
-0.960156
0.171543
0.188523
-0.46978
0.940701
-0.336339
0.0802688
0.84346
-0.280563
1.19819
0.335741
0.503081
-0.20504
-0.331907
0.381659
-0.00707025
0.705065
-0.243801
0.243179
-0.343641
-0.144115
-0.004215
-0.550555
0.236435
0.128263
0.189535
0.0367291
0.0922429
-0.296479
0.385544
-0.348893
-0.568617
-0.192754
-0.296706
0.158806
-0.211608
-0.0994164
-0.43974
0.3389
-0.958679
0.885374
-0.0501813
-0.158721
0.430201
0.0231201
0.054316
-0.115046
0.255025
-0.487244
0.542046
0.0701244
0.0649579
0.431226
0.0943598
0.0483792
0.381419
-0.553101
-0.182607
1.03957
-0.0553556
-0.276055
0.0995589
0.916376
-0.0335145
-0.906442
-0.510593
-0.0260456
-0.658112
0.0342129
-1.2795
-0.0912374
-0.662206
-0.209008
1.0494
0.168132
0.759568
0.111723
-0.828864
0.0587536
-0.121292
-0.0824337
0.0492781
0.110568
-0.930253
0.0376671
-0.106035
0.0154786
-1.1639
-0.383255
0.389463
-0.165162
-0.644909
-0.0775706
0.547189
-0.422275
0.0349318
0.278579
0.0874084
0.849993
0.486877
0.370626
0.365357
0.316056
-0.357521
0.101514
-0.186612
0.38581
0.0172114
1.27881
0.621597
0.0682821
-0.559137
-0.212912
0.147392
0.032006
0.656474
0.36332
0.0212539
0.498469
0.996964
-0.414086
0.275234
0.79782
0.688927
-0.0180825
0.106565
2.65312
-0.150719
-0.168053
0.257381
-0.797437
0.30876
-0.0637681
0.405528
-0.314482
-0.186566
-0.106314
0.028898
0.100717
0.0163137
0.0527837
0.125415
0.109492
-0.257984
-0.585178
0.0114114
-0.516503
0.595716
-0.380573
-0.0302202
0.531954
1.36387
0.228603
-0.256857
0.0619119
0.0844297
-1.15047
-0.0034669
-0.405636
0.190805
-0.443772
0.0344616
0.419848
-0.0688711
-0.0651795
-0.093481
0.396344
0.133775
-0.40872
-0.521021
0.246528
0.170409
0.0968477
-0.50508
1.44263
0.169715
-0.535323
0.033049
-0.219497
-0.636456
-0.239658
1.33961
-0.205593
-0.37464
-0.0788414
0.378577
0.0784518
0.115044
0.0928905
-0.785283
0.838462
-0.43903
-0.363515
-0.171554
-0.190273
-0.0516517
0.0361317
0.040306
0.324028
0.362758
0.228671
-0.31664
-0.28145
0.0029232
0.28535
-0.11249
0.289909
0.352019
-0.0137013
-0.954941
0.220311
0.260935
0.394234
-0.19021
-0.225846
-0.0868967
-0.625796
0.372809
0.0547455
0.275701
-0.178122
0.64488
0.312083
-0.168959
-0.09888
-0.173979
0.237391
-0.447717
-0.482026
-0.83029
-0.570607
-0.0440109
-0.150942
0.12046
0.286899
-0.0940177
0.123792
-0.39765
-0.463646
0.0385429
0.164148
-0.0348298
-0.313615
0.37561
-1.27474
-0.0693685
0.49634
0.667519
0.538382
0.0553964
-0.35323
0.463752
-0.396262
-0.2798
0.011182
-0.568414
0.97336
-0.401341
-0.789194
0.0810177
-0.115423
-0.0411388
-0.482242
0.239697
0.174147
-0.123011
-0.138871
-0.203993
-0.888898
0.478897
-0.0992269
0.105003
0.166863
-0.38545
0.0894091
-0.0869618
-0.197036
0.271921
-0.00868967
-0.172894
-0.202025
0.674759
0.199307
0.107566
-0.427841
0.264239
0.0783622
2.33019
-0.184573
-0.513602
0.27032
0.0239968
0.825171
-1.16608
0.373271
-0.409038
0.418806
-0.0884675
0.32503
-0.301312
0.168605
0.431878
-0.0158611
-0.0334036
0.189583
-0.280333
-0.0553385
0.197787
0.439403
-0.811853
0.06108
0.136978
0.177018
-0.270254
-0.22812
0.0127841
-0.166447
-0.148249
-0.67604
-0.159238
0.0582674
-0.109468
-0.278229
-0.302136
0.22551
0.563246
0.96466
-0.553982
-0.755921
-0.461156
0.404718
0.0671591
0.346697
-0.603907
-0.36705
-0.138558
-0.27451
0.161716
-0.0019998
-0.0919085
-0.29599
-0.104406
-0.379318
-0.18417
-0.0867984
0.161929
0.269233
-0.218499
-0.0118765
-0.280167
1.113
0.0227061
-0.0306998
-0.0141922
0.144532
0.510395
0.490506
0.572071
0.0724643
0.306644
0.686806
0.148884
0.229323
-0.0587734
-0.0114411
0.259205
-0.595869
-0.21182
0.189638
0.299196
-0.0151951
0.0923066
0.402754
0.0564521
0.320294
-0.425946
0.257869
-0.0177762
-0.00663758
0.421728
-0.123827
0.721746
0.0457502
0.563924
0.119364
-0.0838293
-0.286586
-0.62666
-0.240486
-0.360704
-0.830999
0.163511
-0.29897
0.234938
0.385159
-0.574863
-0.121878
0.149561
-0.140243
0.351274
-0.324264
-0.0731197
0.035436
0.271806
0.206327
0.382925
0.359946
-0.24039
0.371959
0.435169
0.157709
-0.552721
-0.142069
0.566106
0.117469
0.571818
0.212582
0.0665808
0.142424
-0.0824676
-0.3766
0.472663
0.51205
0.140315
0.164759
-0.419423
0.681303
-1.11772
0.0888514
-0.0353745
0.311637
-0.466078
0.050825
-0.179971
0.305686
0.466274
-0.0865995
-0.309577
-0.167362
0.000130412
-1.28712
0.469075
-0.173424
0.627032
0.0566154
0.0191989
0.207639
0.213492
0.185323
-0.195634
-0.579769
-0.150627
0.079965
0.251769
-0.560473
0.642188
0.287237
0.00185807
-0.0508513
-0.330413
-0.498558
-0.242291
0.0280904
-0.341802
-0.699961
0.0993324
0.0807265
-0.273871
0.135327
-0.230117
-0.0633436
-0.111677
-0.164292
0.0764864
-0.221474
-0.412044
-0.201302
-0.57969
-0.28798
-0.580218
-0.174861
-0.271282
0.0467073
0.340245
-0.133159
-0.337008
-0.347297
0.799888
0.489978
0.12479
-1.59326
-2.00461
-0.188189
0.0468273
0.335152
0.414688
0.869589
-0.0705089
1.01928
-0.271527
0.175403
-0.0711734
4.66231
0.447604
0.50865
-0.127743
0.198488
-0.057264
-0.146006
0.436358
0.0200148
0.155275
0.26034
-0.370805
-0.000751686
-0.513358
0.128052
0.130339
0.413464
0.440067
-0.31482
0.371802
0.268029
0.412631
-0.0151969
0.0205732
0.254616
-0.608504
0.0344257
0.0299196
0.145325
-0.00588718
-0.391074
0.28426
0.362604
-0.119693
-0.387213
-0.0994496
0.226885
0.129763
0.365745
-0.128771
0.159167
0.138672
-0.0918543
0.158679
0.298244
0.831798
-0.569155
0.0599159
-0.0786269
0.186484
-0.0198579
-0.866512
0.246382
0.23759
0.040307
0.226653
0.444098
0.336222
0.118832
0.0197642
-1.01145
0.707752
0.376481
0.0898288
2.11987
-0.366055
0.482139
-0.330454
0.137405
1.19725
-0.0444589
-0.330653
-0.34776
-1.83064
-0.552879
0.262437
1.43944
0.129523
0.315415
0.171196
0.40442
0.0179397
-0.0787197
0.276082
0.222358
-0.283268
0.0996795
0.0368913
-0.140335
0.0409408
-0.0534988
-0.0353374
-0.213497
0.22485
-0.194932
-0.503296
0.0648957
-0.566427
0.0653095
-0.287172
0.00760778
0.393365
0.429546
0.303493
0.59445
-0.291623
0.0358012
0.182188
0.60727
-0.223726
-0.608501
-0.545666
0.266318
0.0253438
-0.420726
0.442208
-0.13634
-0.456795
-0.623856
0.395274
-0.184532
-0.296072
0.460253
-0.0793076
0.62376
0.159129
-0.0918005
0.464688
0.246076
-0.128454
0.0600005
-0.0841162
-0.321278
-0.476282
0.0285776
-0.052931
-0.243098
0.296357
0.523912
0.267998
0.383483
-0.519235
0.0319306
0.303408
-0.159191
0.692611
-0.117859
0.0874893
0.058297
-0.417067
-0.0842062
-0.655458
0.0344611
-0.329659
-0.164998
2.46752
-0.0549947
-0.631361
0.241343
-0.116723
0.781031
0.330272
0.125613
-0.104587
0.0542128
-0.040889
-0.105523
-1.24808
0.166534
0.347343
0.945932
-0.565424
-0.684372
-0.0762164
-1.12302
0.529912
-0.450605
0.210103
0.50203
-0.150178
-1.10844
-0.448306
0.0993301
0.58016
-0.36754
-0.388216
-0.23185
-0.771375
0.187806
-0.347155
0.439615
-0.0733221
-0.144237
0.347201
0.0605201
0.190235
-0.0727254
0.649743
-0.766022
0.128103
-0.431848
0.0039024
-0.161506
0.0599193
0.32407
0.0253029
1.57693
0.331752
-0.050424
0.055265
0.0671835
-0.168645
0.719117
-0.13189
0.0975228
0.0826297
-0.417447
-0.0833911
-0.235946
0.691724
0.184901
0.0265684
0.823475
-0.143502
0.332474
-0.540097
-0.170307
0.374549
-0.219141
0.0760871
0.262782
-0.378708
-0.330592
-0.860765
-0.141149
-0.31314
-0.00801481
-0.486228
-0.12897
-0.801734
-0.229583
-0.87315
0.636308
0.315591
0.00969129
-0.384662
0.367474
-0.101653
-0.148336
-0.183942
0.0871095
-0.62833
1.25872
0.364647
-0.116653
0.166078
0.00930457
0.961406
0.030492
-0.237211
0.0455051
-0.0968885
1.00323
-0.158311
0.290635
-0.314429
0.534337
0.257313
-0.0431118
-0.669101
-0.0130418
-0.123502
-0.334257
-0.486824
0.0434513
-0.0966425
0.0961259
0.04453
-0.339228
0.127746
0.781415
-0.495918
0.113808
0.282238
0.140004
0.243125
-0.127665
1.55211
-0.401981
-0.136922
0.0610678
-0.184034
-0.0722479
0.213715
-0.0463191
0.246846
0.779536
0.530349
0.0164147
0.174381
0.295133
0.0845411
-0.183404
0.17198
-0.163149
0.0570926
-0.183599
0.104672
-0.16808
0.0231031
-0.113866
-0.104268
0.128119
0.0246999
-0.115726
-0.193223
0.0111041
0.0682237
-0.156079
-0.0685226
-0.156845
-0.0763311
-0.0496129
-0.048363
-0.0107757
0.0357473
-0.0172453
0.127606
0.0530418
0.162334
0.0869917
0.127751
0.184639
888888
0.0309693
0.0122105
0.0602467
0.0228085
0.0352686
0.0310211
0.0268825
0.172769
0.0205168
0.0949541
0.032043
0.0337784
0.0769312
0.0171002
0.0157652
0.0441505
0.057641
0.00646084
0.0419228
0.216322
0.0199378
0.0924488
0.109804
0.0265491
0.0639322
0.0115248
0.0596908
0.180653
0.0268277
0.0872473
0.0770448
0.0391582
0.0923199
0.0713869
0.0474135
0.0477992
0.0494585
0.0111867
0.0586491
0.0287493
0.0578502
0.0371922
0.401635
0.0284596
0.0264931
0.0553113
0.0145903
0.0572532
0.0383935
0.00805929
0.0201499
0.0770858
0.101367
0.0583502
0.0533362
0.0278437
0.0270934
0.0147714
0.0303803
0.0252771
0.0976145
0.32728
0.0579046
0.0404248
0.0403014
0.0409083
0.0298436
0.0132987
0.0360841
0.0918668
0.0653199
0.085018
0.049025
0.0222453
0.0461494
0.0166518
0.0506302
0.0871795
0.0250909
0.055807
0.0433911
0.0716385
0.0716921
0.150855
0.0219488
0.0718215
0.0338455
0.0261418
0.0750021
0.0980246
0.0327871
0.042669
0.116751
0.0168105
0.0194708
0.00711699
0.0874938
0.0604429
0.0731039
0.0386073
0.0343358
0.038903
0.0734404
0.0584243
0.0575122
0.0853999
0.0380895
0.06177
0.115805
0.0941372
0.119794
0.190445
0.0266927
0.0120358
0.0353341
0.0477101
0.0337392
0.0557175
0.0355991
0.102675
0.0620655
0.0544591
0.0284822
0.0283746
0.0384001
0.176508
0.0844253
0.044536
0.0960298
0.0592587
0.16195
0.10639
0.19356
0.0572435
0.0200689
0.0658175
0.0801188
0.0208683
0.134087
0.0510734
0.0296136
0.0276585
0.0209875
0.0434478
0.094339
0.0758491
0.0521579
0.0181271
0.0272205
0.0426419
0.0414332
0.0969424
0.013122
0.037417
0.153445
0.146273
0.300236
0.0353858
0.047403
0.058464
0.00808115
0.108391
0.0289836
0.0758052
0.13522
0.00439795
0.0810843
0.034456
0.157827
0.12032
0.121523
0.059789
0.230544
0.0405354
0.246447
0.00907104
0.0187024
0.0387133
0.14457
0.0589954
0.0150838
0.0346406
0.0324076
0.0663017
0.0154843
0.028375
0.0116978
0.0204812
0.0228103
0.0704171
0.0460552
0.12636
0.0338828
0.169853
0.0797826
0.0162852
0.0806521
0.0850054
0.0415866
0.0260931
0.0635483
0.0493316
0.0883778
0.0183025
0.140676
0.040928
0.156893
0.093828
0.0447646
0.122853
0.059991
0.0232259
0.0492673
0.0250806
0.0455488
0.107522
0.020121
0.0270522
0.0732725
0.0402289
0.235219
0.083651
0.0225704
0.459903
0.0770741
0.111415
0.0299375
0.0244255
0.0647587
0.0452753
0.0935936
0.0422799
0.30356
0.0879936
0.0202169
0.0496088
0.0301391
0.0148917
0.213804
0.125786
0.0510858
0.050653
0.0932922
0.0830959
0.0116116
0.0360356
0.069977
0.13108
0.0292176
0.0185795
0.0283481
0.169562
0.056478
0.0186551
0.04772
0.0521025
0.0695217
0.0464744
0.0273862
0.0987172
0.0499238
0.0529909
0.0859578
0.0240617
0.0248263
0.124374
0.0370582
0.121353
0.0764319
0.126976
0.0740261
0.0976933
0.0261307
0.129992
0.0567822
0.0472125
0.0697742
0.0743197
0.0517294
0.124227
0.0127696
0.0440282
0.0337223
0.0541626
0.0880719
0.0395207
0.0374076
0.053022
0.00568293
0.0097364
0.030179
0.0503204
0.0293381
0.0297323
0.0603638
0.0739577
0.07886
0.184514
0.0384983
0.0163341
0.210471
0.0499883
0.0167642
0.196384
0.0423773
0.178696
0.0129869
0.0784972
0.0651858
0.0999142
0.015312
0.12841
0.0409965
0.0355746
0.0826645
0.031187
0.0104472
0.0615894
0.180206
0.0349002
0.16088
0.127086
0.0433056
0.0536558
0.0368793
0.046791
0.0344905
0.093646
0.0288999
0.073962
0.141162
0.102783
0.0216567
0.0381346
0.00754138
0.187903
0.0192626
0.014463
0.119717
0.0524905
0.100934
0.0456058
0.0450487
0.0470841
0.165366
0.0539704
0.0420403
0.0576336
0.0635878
0.0758289
0.0374994
0.0430597
0.0608526
0.0177123
0.0192409
0.060156
0.0132437
0.102316
0.0482952
0.108731
0.0533135
0.0658309
0.0758407
0.11141
0.0817101
0.0606768
0.0692354
0.0200649
0.102644
0.0824186
0.0230165
0.146163
0.0147388
0.0175526
0.020468
0.0185392
0.0986137
0.0117618
0.0539164
0.0513455
0.0423699
0.0508594
0.065349
0.0589052
0.0617145
0.0203363
0.0755449
0.0479944
0.0886404
0.100177
0.0701985
0.183482
0.0741263
0.212667
0.013326
0.0445121
0.0457398
0.0836842
0.0498749
0.0439432
0.0417868
0.103257
0.170132
0.0491849
0.0143048
0.0824311
0.0286821
0.0450325
0.214307
0.0380648
0.0525785
0.027598
0.108704
0.124539
0.085386
0.0147398
0.0674717
0.0565396
0.0495049
0.243699
0.12982
0.0181417
0.0326747
0.107796
0.0294866
0.0279338
0.0356705
0.0502909
0.0942836
0.0439729
0.0400455
0.044898
0.0298745
0.0696224
0.0280748
0.140347
0.0474023
0.0465767
0.0389448
0.0817265
0.0261211
0.0136037
0.0109347
0.0393567
0.224078
0.0205382
0.0372776
0.0205912
0.0796421
0.0500821
0.0103961
0.115367
0.0119939
0.116993
0.018753
0.0536732
0.0189456
0.0351513
0.0488209
0.0241245
0.0228734
0.0677444
0.0250484
0.105906
0.18778
0.0151546
0.0301888
0.0212857
0.0525964
0.0565351
0.0365095
0.0160429
0.0565425
0.0513508
0.0338538
0.0401058
0.0557833
0.032767
0.154571
0.111207
0.070224
0.0456616
0.0288537
0.112853
0.082619
0.100945
0.0856558
0.243555
0.167653
0.0733886
0.0187045
0.0361521
0.0290736
0.0904569
0.0614321
0.039217
0.0778164
0.0312254
0.146741
0.0173189
0.043535
0.058062
0.0693891
0.0870242
0.017487
0.0224596
0.160781
0.0446953
0.123084
0.0717539
0.117738
0.0249879
0.0362541
0.114471
0.0932592
0.111206
0.0698457
0.0174406
0.140983
0.0294609
0.0461098
0.0475174
0.225249
0.0502956
0.055682
0.0678549
0.129397
0.0950763
0.0392784
0.0298173
0.127312
0.084401
0.0723184
0.0566581
0.103118
0.0595012
0.107407
0.0346992
0.120212
0.0298245
0.034218
0.19212
0.0251804
0.0655319
0.0466205
0.0558308
0.0114863
0.0269263
0.049171
0.116895
0.0482148
0.0630902
0.0560645
0.0725197
0.0396377
0.052824
0.052303
0.0102051
0.0936076
0.197037
0.134994
0.0718966
0.0892049
0.0397748
0.142078
0.0469758
0.0526139
0.0251993
0.167401
0.145163
0.110299
0.0469985
0.168153
0.0340466
0.0114772
0.0369342
0.0499697
0.0351162
0.140801
0.123787
0.0243607
0.0251763
0.0308666
0.16572
0.0751519
0.0817452
0.402947
0.036084
0.0418496
0.023034
0.0930477
0.0334276
0.0676543
0.0399744
0.278457
0.141691
0.019372
0.147438
0.0277204
0.265219
0.0226737
0.0157427
0.0405937
0.141478
0.343926
0.0507096
0.0515721
0.0651367
0.0291116
0.0118125
0.038881
0.116953
0.164382
0.0885866
0.0470109
0.0468106
0.080696
0.130687
0.101399
0.0337478
0.0262611
0.0197269
0.0464012
0.0748014
0.0722113
0.06516
0.0692134
0.0406895
0.0413689
0.0994754
0.0183642
0.0145326
0.0169312
0.104982
0.0205986
0.0535204
0.0112333
0.0976659
0.025139
0.11106
0.0461173
0.0547502
0.128216
0.055615
0.026077
0.0239885
0.137468
0.0361892
0.0892511
0.143068
0.0362201
0.0620531
0.0180243
0.0152359
0.0941176
0.0589018
0.0554563
0.0759315
0.0256084
0.0255387
0.0295021
0.0272353
0.0145464
0.116546
0.0312476
0.0370493
0.0754605
0.333705
0.0636168
0.0190487
0.04692
0.0106233
0.0422338
0.0214465
0.21365
0.236995
0.0598491
0.0178955
0.129042
0.0653987
0.108805
0.0496698
0.0296795
0.10236
0.132116
0.0420392
0.0248999
0.0945024
0.048742
0.0610939
0.0509936
0.0236952
0.0772913
0.0425581
0.0203647
0.0242131
0.0676479
0.0323376
0.100691
0.0535539
0.0209272
0.142928
0.0098667
0.0531494
0.0377497
0.031751
0.043276
0.0152016
0.0231712
0.0331696
0.0204937
0.0580582
0.0767573
0.0396124
0.0478246
0.0433739
0.186691
0.0145245
0.137009
0.121228
0.022735
0.0469182
0.153785
0.00775399
0.118533
0.0361108
0.120574
0.0450148
0.0211781
0.192507
0.034848
0.0379565
0.206544
0.0176682
0.0334124
0.0801132
0.0430393
0.0360234
0.0513916
0.162154
0.0811395
0.0207619
0.0523642
0.0169088
0.0371054
0.0253926
0.0497482
0.0424102
0.0445927
0.144854
0.160083
0.0150064
0.165466
0.0474772
0.163425
0.0345665
0.0881059
0.0332419
0.054337
0.0401475
0.0459601
0.123119
0.0310561
0.0128766
0.0252346
0.0287625
0.0493622
0.0212613
0.191956
0.0362813
0.100397
0.131133
0.0857211
0.0780946
0.0429469
0.088142
0.0603866
0.0334316
0.18135
0.0663294
0.0218824
0.194042
0.0444694
0.0408278
0.0149062
0.122978
0.0254554
0.0505982
0.0484229
0.0513272
0.120393
0.0256249
0.0106853
0.118625
0.0634155
0.21864
0.0286485
0.170528
0.0264221
0.0203612
0.0811596
0.0570315
0.118385
0.0317174
0.0417477
0.143339
0.0379646
0.0586786
0.0151845
0.0393952
0.188407
0.0494196
0.0384062
0.0551997
0.216397
0.0358833
0.0226215
0.0706757
0.0803776
0.0306702
0.0615722
0.0529284
0.0932837
0.0280126
0.110578
0.0366641
0.0234015
0.0380471
0.119012
0.00723693
0.0647991
0.101571
0.0236286
0.067485
0.0173853
0.0133482
0.174299
0.0182067
0.0778562
0.0204584
0.083889
0.0263778
0.037998
0.263264
0.0443021
0.0271336
0.0562059
0.0246257
0.0327435
0.0442782
0.0580287
0.0162137
0.0239496
0.120881
0.0389152
0.0112886
0.117348
0.0681893
0.0289322
0.032812
0.0427615
0.412623
0.0259647
0.0982065
0.0341162
0.0313832
0.0455753
0.0263772
0.0668595
0.0633344
0.0911255
0.0888378
0.132502
0.0486424
0.0438842
0.0204667
0.0251568
0.0268061
0.0119359
0.09135
0.0595583
0.0700101
0.136995
0.0136372
0.0189212
0.011906
0.0412582
0.0851364
0.074732
0.0459428
0.0683215
0.0790269
0.0162069
0.0305937
0.0541748
0.0444594
0.255866
0.0246187
0.0850531
0.0971097
0.0563214
0.120934
0.0169924
0.0772894
0.0451398
0.0168796
0.0419552
0.0268062
0.0812357
0.0540048
0.0223099
0.0152414
0.0122384
0.0786328
0.120175
0.0323823
0.0709174
0.0349729
0.0566312
0.0445732
0.0121747
0.051831
0.0562654
0.0739982
0.134743
0.0345546
0.0909909
0.0321795
0.013414
0.0244956
0.126064
0.0353046
0.0266022
0.0152807
0.0252122
0.125152
0.0465995
0.0791886
0.0296016
0.0385261
0.0428084
0.0374499
0.0193113
0.0541125
0.0485987
0.190211
0.0407696
0.0346824
0.104029
0.163058
0.0382661
0.0830346
0.0421661
0.100176
0.0525558
0.0138191
0.167673
0.0115501
0.171506
0.0268799
0.16265
0.00902755
0.117924
0.0635678
0.0718393
0.0770983
0.0384031
0.0262679
0.0491647
0.0781723
0.0606606
0.0732444
0.0389356
0.0227607
0.0573164
0.0606314
0.136858
0.0356739
0.0899075
0.0349161
0.0512505
0.0184977
0.0148311
0.0150338
0.0067806
0.0734997
0.106528
0.33794
0.0216134
0.00853293
0.0170899
0.0158061
0.0269914
0.0386384
0.0687786
0.138988
0.0872534
0.044536
0.0959917
0.0342422
0.0140575
0.0387649
0.079191
0.0448465
0.0512074
0.109149
0.121083
0.0529487
0.069689
0.0820362
0.143422
0.00929084
0.0467052
0.291383
0.0604053
0.0356131
0.0505414
0.0409687
0.0673233
0.0271545
0.431271
0.0153869
0.044087
0.066787
0.00614181
0.0633458
0.0110659
0.0303082
0.0741682
0.02704
0.0237642
0.363752
0.107837
0.0804541
0.0711206
0.0261551
0.0566414
0.0785212
0.25359
0.0567832
0.122314
0.032458
0.0236796
0.0761321
0.0933672
0.0710046
0.0238124
0.0349903
0.0895015
0.0310783
0.0786442
0.00543421
0.0661754
0.0231899
0.0161344
0.112422
0.0713921
0.0453783
0.0751626
0.0769381
0.0302657
0.1698
0.056754
0.05521
0.0194296
0.170289
0.220097
0.0356195
0.116752
0.148483
0.0364812
0.0214201
0.11683
0.0689241
0.0274219
0.0187774
0.0514283
0.111102
0.0218308
0.0256682
0.0372191
0.0556361
0.0636857
0.0224177
0.097941
0.0251199
0.139532
0.0351061
0.0413593
0.0774556
0.0274735
0.0360721
0.0828318
0.0237565
0.0351812
0.0394528
0.0246879
0.0197981
0.0199651
0.0507913
0.0260895
0.0457012
0.0289018
0.0240624
0.0358276
0.0417062
0.05537
0.0615966
0.107564
0.0438952
0.036471
0.0435359
0.0458827
0.0279395
0.0452874
0.307823
0.13321
0.0567957
0.0278209
0.0345631
0.0589293
0.0317259
0.0701763
0.120481
0.0740969
0.0966607
0.0943431
0.0271053
0.0562936
0.0200776
0.0592404
0.152844
0.0157197
0.092546
0.0446719
0.122645
0.0415406
0.072901
0.0405619
0.104234
0.0563215
0.0513542
0.12895
0.09064
0.0250531
0.0454797
0.0439144
0.0253982
0.0411241
0.0319039
0.0579852
0.0856924
0.0423815
0.0608554
0.021074
0.0836262
0.051754
0.0367566
0.105216
0.0250276
0.0429543
0.033543
0.0489999
0.0294537
0.044166
0.021358
0.0215095
0.021477
0.172781
0.0212902
0.038995
0.029037
0.112776
0.041769
0.48819
0.0144755
0.026663
0.0433765
0.0436919
0.101408
0.133767
0.0194204
0.0513779
0.0175233
0.0819578
0.0848897
0.0901772
0.0118995
0.0877914
0.0151671
0.0472256
0.00724766
0.0641029
0.0472123
0.105651
0.0378659
0.0865568
0.0170397
0.0327806
0.0930826
0.0618838
0.0671094
0.0746846
0.0390442
0.145465
0.147732
0.127159
0.0402139
0.016624
0.013391
0.0724898
0.0292283
0.0513748
0.104731
0.095546
0.0477313
0.13915
0.239356
0.0574598
0.0386376
0.0427963
0.123998
0.125742
0.0702391
0.0301922
0.0442839
0.0223809
0.110075
0.047972
0.0780412
0.0160604
0.136702
0.0215558
0.0445335
0.0433062
0.0596498
0.0513455
0.0783102
0.0256638
0.0436106
0.0286146
0.0156192
0.0982626
0.0623237
0.0169407
0.0335135
0.0377647
0.082518
0.0262449
0.026846
0.0369788
0.105832
0.0445231
0.108766
0.0996851
0.0706751
0.0141913
0.023682
0.0690498
0.0195036
0.0442041
0.137083
0.0088827
0.0198082
0.0323636
0.045604
0.0414252
0.00873599
0.0531714
0.0759099
0.0602063
0.138607
0.0187888
0.0384774
0.0239933
0.236835
0.0428484
0.0833364
0.0369362
0.0345295
0.033293
0.027032
0.0268947
0.0544218
0.0553805
0.446489
0.102262
0.015352
0.0452447
0.0877259
0.0625315
0.0205331
0.0723637
0.0212315
0.043536
0.0235687
0.0670742
0.0486664
0.0301073
0.0211569
0.0774567
0.0317307
0.0630962
0.101252
0.022792
0.0174416
0.17716
0.0493541
0.124922
0.042307
0.0146311
0.0166806
0.0379811
0.0563311
0.123135
0.072193
0.0461611
0.0543919
0.0808887
0.0795014
0.0140884
0.00544613
0.0699666
0.0427445
0.0465386
0.0265783
0.18779
0.0889016
0.102421
0.0841704
0.147589
0.0275744
0.0197862
0.0155214
0.0255097
0.0317126
0.0546095
0.067972
0.153657
0.0305591
0.0829466
0.0557442
0.0831806
0.0155317
0.0496037
0.06469
0.0501554
0.0226189
0.0233493
0.0175334
0.0362658
0.0515441
0.0872049
0.0370995
0.0818042
0.0382035
0.0403852
0.0586669
0.034288
0.013419
0.0419396
0.0473917
0.132415
0.134461
0.0624462
0.0948054
0.0476051
0.0370486
0.040962
0.017098
0.0282301
0.0348475
0.0498666
0.0837244
0.0929305
0.106425
0.0346852
0.196071
0.332465
0.0298858
0.0787943
0.06915
0.0991767
0.221459
0.0327806
0.0650705
0.0103758
0.0420301
0.0175529
0.638498
0.14693
0.138594
0.152555
0.121002
0.209832
0.0324978
0.0285819
0.0707452
0.126225
0.0280533
0.0728353
0.0442354
0.0542474
0.094923
0.032321
0.041287
0.0461032
0.0984136
0.0508543
0.0168489
0.0576639
0.0238133
0.126828
0.0760294
0.0250489
0.022919
0.115338
0.197183
0.0201908
0.163613
0.0491713
0.0420444
0.0699421
0.133839
0.0381473
0.0764608
0.256616
0.0154079
0.0160865
0.022624
0.05029
0.0264654
0.016224
0.0530406
0.0392161
0.24649
0.147663
0.022364
0.115346
0.0580544
0.0484252
0.0211066
0.0338394
0.0159393
0.0237926
0.131894
0.0203716
0.0464729
0.0200005
0.0393749
0.49687
0.0395453
0.197866
0.214758
0.0713589
0.101097
0.056777
0.0423921
0.132086
0.0290839
0.0426039
0.144279
0.0790808
0.114753
0.0570224
0.144453
0.0281867
0.0764357
0.06954
0.0545346
0.0201537
0.0175519
0.052331
0.0125422
0.0148794
0.0698763
0.0108326
0.0399519
0.0226244
0.0286476
0.0549668
0.046894
0.0336934
0.178714
0.03873
0.0341276
0.00933365
0.0729457
0.0469431
0.0293989
0.0715403
0.0201713
0.129599
0.0368075
0.108003
0.0708864
0.117445
0.107982
0.0759456
0.0253132
0.0639543
0.0699077
0.0657474
0.145022
0.0865066
0.274513
0.0555
0.149631
0.0442809
0.0456336
0.0855137
0.0206377
0.0699637
0.0850512
0.0288216
0.0503784
0.0689283
0.0718144
0.0362981
0.132221
0.0271521
0.0342134
0.0901981
0.0831276
0.0917011
0.0570538
0.0199229
0.374998
0.0296986
0.0654525
0.0503905
0.0559644
0.0426387
0.0445126
0.0687146
0.041473
0.0715152
0.0252405
0.118739
0.0557012
0.0659425
0.238367
0.0225029
0.0218967
0.260638
0.0280926
0.104533
0.0240709
0.0206095
0.0910418
0.0659982
0.0512742
0.0237267
0.0370067
0.0578128
0.0576074
0.176848
0.0732519
0.0707513
0.453303
0.075783
0.186237
0.0277567
0.0598958
0.0517079
0.0586343
0.0510838
0.0564191
0.213375
0.0957452
0.0691614
0.0292181
0.0467247
0.0676431
0.0430421
0.0348857
0.253416
0.118261
0.056794
0.0735201
0.0537863
0.0350131
0.115176
0.02425
0.0637085
0.0161332
0.0941713
0.0527044
0.0491454
0.075489
0.0673253
0.0300498
0.0302727
0.0272741
0.0278481
0.1515
0.0286623
0.236713
0.0222966
0.0249606
0.0470041
0.0359507
0.0130772
0.0130175
0.104123
0.0430558
0.0591398
0.0492959
0.0541506
0.0994816
0.0310285
0.0618437
0.0170836
0.0624237
0.047269
0.0248191
0.0417816
0.0477288
0.0563229
0.0190637
0.0656547
0.0521951
0.0592752
0.0834485
0.0437503
0.0226867
0.0950234
0.0856846
0.0462114
0.0278722
0.156015
0.0540542
0.0412636
0.040261
0.0496559
0.041719
0.0653353
0.0137376
0.0207157
0.0264943
0.102346
0.365626
0.0180078
0.0279739
0.058127
0.00933603
0.155407
0.119149
0.0435057
0.0409449
0.0320646
0.147676
0.0636154
0.0369971
0.138776
0.0508928
0.0628871
0.031276
0.050926
0.04574
0.0510362
0.0376159
0.0757341
0.103395
0.055632
0.038651
0.175837
0.0325416
0.143676
0.131233
0.0404874
0.0270513
0.0559559
0.0646914
0.00670968
0.0303971
0.232049
0.0954116
0.125163
0.0346872
0.0393384
0.0340044
0.0269103
0.0249952
0.0499839
0.0774666
0.208055
0.0299275
0.0931401
0.0568157
0
0
0
0
0
0
0
0
0
0
0
0
0
0
0
0
0
0
0
0
0
0
0
0
0
0
0
0
0
0
0
0
777777