3.01991
999999
-0.322761
-0.427108
-0.0215291
-0.0726832
0.135164
-0.0395259
-0.108375
0.451413
0.081342
-0.0188823
0.441514
0.0205416
0.19019
-0.223219
-0.14093
0.221921
0.700503
0.120893
0.511168
0.279466
-0.0866716
0.153235
-0.264201
0.433519
0.339414
-0.0495409
-0.0376937
-0.442033
0.0104716
0.966956
0.0689505
-0.148269
-0.216346
-0.141066
-0.348419
0.24383
-0.0143552
0.230457
0.287178
-0.0538818
0.0978172
0.12899
1.64814
0.182579
0.460043
0.689955
-0.25136
-0.267249
0.28276
0.44882
0.0632411
-0.257201
0.174391
0.432713
0.456268
0.166344
-0.121611
0.204334
0.298565
0.165559
0.0240038
0.571524
-0.12216
-0.289149
0.040428
-0.662349
0.267288
0.193452
0.247505
-0.0923452
0.00331947
-0.359228
-0.255361
-0.195425
-0.382864
0.0544995
-0.025869
0.675827
0.108954
-0.110443
-0.0390963
-0.45442
0.172103
0.534904
0.0203091
0.495094
-0.132746
0.114606
-0.558591
-0.527139
-0.254475
0.339129
0.320311
-0.444206
0.250927
-0.0313271
0.0155636
0.830838
-0.626508
0.146876
0.0382017
-0.2696
-0.109634
0.284498
0.342332
-0.0403306
-0.153133
0.528013
3.36277e-05
0.221766
-0.176633
-0.335647
-0.150049
0.489931
-0.228383
0.109341
0.288751
-0.642631
0.217182
-0.173678
-0.483317
0.236867
-0.158485
-0.284457
0.0575154
1.00839
0.482393
-0.0797607
0.722855
-0.194611
0.256948
-0.409663
1.32745
0.291327
-0.0481323
-0.0471429
-0.28002
0.306266
0.0769992
-0.343108
0.719921
-0.0022564
0.232142
0.0656483
0.333572
0.405026
-0.0435536
0.283474
0.256427
0.209511
0.486846
0.321403
-0.225313
-0.400748
0.130492
0.8391
-0.551912
0.321755
0.286205
0.314135
-0.0502439
0.209853
-0.271062
0.376995
-0.126809
-0.528561
-0.604076
-0.445815
0.155477
0.215854
0.663334
-0.0124674
-0.636512
0.0555171
-0.709417
0.182071
-0.278798
-0.346919
-0.347002
-0.500712
0.0268987
0.478317
-0.447812
-0.080595
0.187528
0.128257
0.129413
-0.210878
-0.274852
0.334922
0.314076
0.858276
0.560981
-0.606247
0.286361
0.149498
-0.152258
0.367654
0.0722061
0.262162
-0.575232
-0.595324
0.156778
-0.424415
-0.621822
0.020092
0.0370261
0.0681715
0.0100876
-0.574233
-0.116728
0.200528
-0.48206
-0.439014
0.434705
-0.535411
0.449774
0.0552349
0.566226
0.140031
-1.52898
-0.517838
-0.251623
-2.40683
0.0854793
0.223349
-0.146215
0.155315
0.273679
0.199929
0.815443
0.343686
1.45932
-0.256512
0.0365439
-0.60883
0.0241682
0.148981
0.158148
-0.854831
-0.619815
-0.354463
0.206698
-0.14302
0.0867488
-0.190007
-0.219553
0.383883
0.640307
0.142452
0.113315
0.823628
-0.0513449
-0.19898
0.241237
0.120184
-0.361662
-0.453001
-0.197098
-0.323221
0.2665
0.272792
0.438142
-0.000400152
-0.125959
0.428058
0.43071
-0.57373
0.37072
-0.533446
-0.123252
0.103325
0.268622
0.315657
-0.122722
0.18922
-0.377577
0.509009
-0.392937
0.476693
-0.199326
-0.0517177
0.0140269
0.239128
-0.398952
-0.131358
0.145543
-0.440641
-0.0642543
0.262405
-0.15621
0.134102
-0.232603
0.565059
0.590621
0.550553
0.923268
0.0021568
1.03405
0.828154
-1.15114
0.339586
-0.166702
0.688383
-0.387849
-0.39753
-0.113307
0.367218
0.813128
-0.254223
0.277054
-0.510722
-0.0520151
-0.192288
-0.0389358
0.367276
0.595494
-0.316281
1.14304
-0.169723
0.139818
-0.497927
0.484179
-0.366677
-0.387456
0.0666063
-0.483963
-0.612259
0.39733
-0.575544
-0.324995
0.302227
0.187191
0.526741
-0.285826
0.509942
0.291242
-0.157904
0.549801
0.455958
0.354936
0.0149148
0.417761
0.298408
-9.56837e-05
-0.338649
0.105446
0.0251673
-0.6179
0.597416
-0.251087
-0.401351
-0.134063
0.17461
0.0798867
0.225676
-0.474804
0.364561
-0.882214
-0.145831
-0.782874
-0.207924
0.0162626
0.0139984
0.0696762
0.139998
0.846277
-0.109114
-0.542429
0.422322
-0.0661858
-0.451377
0.0648045
-0.266159
0.180128
-0.283172
0.653277
-0.333248
0.243008
0.0058715
-0.185268
0.254781
0.448306
-0.548853
-0.117501
0.535333
-0.403482
-1.11595
-0.232341
-0.151646
0.0265251
-0.178481
-1.01176
-1.77593
0.171115
-0.282353
0.264248
-0.614817
-0.0266517
0.161131
0.15865
-0.140218
1.33155
0.232945
-0.54207
0.597679
-0.133831
0.0244774
-1.06331
-0.176608
-0.297396
-0.0743909
0.750179
0.288491
-0.250325
-0.332168
0.215903
-0.28364
0.13077
-1.51425
-0.588486
0.0467792
0.052737
-0.36671
-0.129348
-0.385571
0.190039
-0.0376689
0.0218155
0.123255
-0.123243
0.434035
0.227511
0.000472194
-0.0603464
-0.457664
0.289624
0.660055
-0.277606
0.803637
-0.0656476
-0.0902555
0.0218245
-0.223748
0.3679
0.147693
-0.368943
0.29698
0.468824
-0.298457
0.16127
-0.0643108
-0.0201409
0.295575
0.0110436
0.854221
0.0992297
-0.221511
-0.27779
-0.0689982
0.405321
-0.169729
-0.162953
0.392896
0.00976446
0.0333019
0.633802
0.377662
0.473843
-0.279793
0.0290956
-0.0813213
-0.0699336
-0.228744
-0.653681
0.147187
0.422052
-0.631762
0.732834
0.115155
-0.00100621
0.313961
0.349385
-0.746199
-0.45897
0.0755144
0.0108887
0.63069
0.993904
0.402786
-0.432027
-0.472019
-0.0811552
-0.348455
0.424477
0.201161
-0.105172
-0.0957055
-1.48401
-0.431701
-0.250573
-0.63815
0.760071
-0.542654
-0.345219
0.234249
1.02697
0.0270779
-0.120235
0.0922567
0.158214
0.0360399
-0.240579
-0.361214
0.118574
0.376064
0.101497
0.317268
0.172991
-0.58237
-0.193897
-0.112753
-0.116714
0.394834
0.293144
-0.117184
0.880393
-0.469207
-0.226106
0.124856
-0.400729
-0.0561007
-0.0936164
-0.171292
0.42737
0.0957049
0.126682
-0.360231
-0.758107
0.510789
0.0287187
0.0720776
0.239304
0.343535
-0.331234
-0.300145
0.464063
0.121704
0.268107
-0.135401
-0.390334
-0.358561
-0.679067
-0.520057
0.2277
-0.162082
-0.265449
0.432187
0.47893
0.649223
-0.10866
-0.809167
0.407454
0.0887713
-1.2085
0.299697
-0.649347
0.465605
0.688828
0.812161
-0.345566
-0.161754
-0.819407
-0.205447
0.271237
-0.176205
0.0885449
-0.799559
0.516128
-0.211299
0.222505
-0.158782
0.026132
0.997682
-0.470742
0.258588
1.42938
0.0216612
-0.159414
0.167643
0.240712
-0.114494
-0.0994827
0.134407
-0.541107
0.732486
-0.469292
0.0741063
-0.0347082
0.108742
-0.175583
-0.185674
-0.0402139
0.736479
0.750517
-0.00524591
0.0272435
-0.598263
-0.234415
-0.332188
0.453319
0.12206
0.409442
0.18183
-0.0020367
0.251299
-0.280299
-0.757141
0.0782759
0.355846
-0.389724
0.219334
0.43031
-0.0836096
-0.386534
-0.00336996
0.396128
0.0123742
0.352334
-0.305506
-0.0314899
0.0922889
-0.00243631
-0.823365
0.136427
-0.725451
0.224576
0.0138675
-0.205871
-0.1042
0.666836
0.313377
0.0965312
-0.548798
-0.0107623
-0.0176183
0.676576
-0.0689473
-0.180348
-0.674988
0.233202
0.260746
0.199003
-0.155891
-0.800273
0.223708
0.477039
0.0723865
-0.572268
0.361411
-0.00962139
-0.307208
-0.012638
-0.344218
-0.0445307
-0.242041
0.0433585
0.0177315
0.38948
0.452534
-0.130859
0.0552608
0.150636
-0.391092
0.382851
-0.010719
-0.0463793
-0.420515
-0.759184
-0.200955
0.688231
0.289028
-0.00668069
-0.251396
-0.342721
0.359131
-0.495595
0.138887
-0.673734
0.540186
-0.423613
-0.109021
0.481405
-0.195961
-0.798462
-0.183185
-0.577324
-0.301788
-1.35315
-0.414161
-0.071688
-0.588825
-0.0458352
0.372083
0.433311
-0.112578
-0.119684
0.226076
0.15859
-0.465772
-0.308011
-0.0193561
-0.135642
-0.090924
0.0817983
0.335207
0.196757
-0.120945
0.29542
-0.399125
-0.308289
0.309503
-0.109741
-0.138596
0.499818
-0.378125
-0.259793
0.867741
-0.262704
1.0268
0.119726
-0.0423766
-1.02087
-0.444033
0.482966
0.174739
-0.573098
-0.284143
-0.192266
0.702009
-0.297735
0.211024
-0.178091
0.191344
-0.403476
0.0490297
0.203796
-0.10833
-0.326501
0.664241
0.639367
-0.344189
1.35142
0.0312799
0.529112
0.07582
-0.368001
-0.713153
0.496558
-0.133767
-0.758098
0.141391
-0.0612771
0.169907
0.107362
0.192345
0.151603
0.00626983
0.293706
-0.418462
0.526449
-0.0234355
-0.114225
-0.905295
0.012623
0.877246
0.00642241
-0.351032
0.551008
-0.112611
0.119995
-0.236121
-0.398159
0.54949
-0.191616
-0.0329412
0.0835944
0.483506
-0.573816
-0.039534
0.159257
0.0577207
0.349171
0.421384
-0.50043
1.07153
0.0747994
-0.0606891
0.48825
-0.267167
-0.65802
-0.27663
0.647251
-0.424658
0.237716
-0.925904
0.363421
0.184741
0.229931
-0.112118
-0.788191
-0.597774
-0.164711
0.159349
-0.346978
-0.4563
0.00105969
-0.414933
0.596288
-0.0893062
0.112523
0.0280155
0.829168
0.0111673
0.103942
0.0212235
-0.127871
0.202538
-0.251234
-0.151674
0.12876
-0.102856
-0.0340778
-0.0562845
0.279298
0.176352
-0.0103219
-0.150639
-0.0471583
0.0565182
0.270532
-0.17334
0.637657
-1.20704
0.294024
-0.20953
-0.272569
-0.0447388
0.0886562
0.0697064
-0.319081
0.024374
0.079565
0.45478
-0.29675
0.416137
-0.384395
0.417683
-0.161824
0.374368
0.079028
0.501958
-0.198872
-0.280586
0.129632
-0.200427
-0.0776959
0.0916029
0.0109737
-0.86438
0.122865
0.119855
0.262839
-0.0825509
-0.600955
0.204197
-0.235379
0.0557073
-0.0552606
-0.271598
0.289606
0.429697
-0.420871
0.167032
-0.25289
-0.291346
0.213945
-0.519968
0.0125928
0.384559
-0.25068
0.898678
-0.441775
0.0465352
0.714821
-0.148897
1.10389
0.172231
1.10581
-0.531465
-0.141852
0.638841
-0.0358563
0.285257
-0.196391
0.218606
-0.217127
-0.138069
0.0165699
-0.727164
0.329628
-0.0404934
0.206074
0.378758
-0.137593
-0.297663
-0.00968251
-0.398823
-0.511031
-0.47847
-0.306484
0.0876643
-0.112565
-0.0198407
-0.0264556
0.141429
-0.981034
0.755851
-0.00948768
-0.10569
1.08029
-0.0479128
-0.00591438
-0.0470221
0.415162
-0.565508
0.322839
-0.252158
0.125126
0.283378
-0.0018962
0.182504
0.407534
-0.66681
0.131791
0.690634
-0.155592
-0.187962
0.0140315
0.151531
-0.197134
-1.4572
-0.501465
-0.133384
-0.897111
0.0472692
-1.43264
-0.0492561
0.0459005
0.0565836
0.967755
0.197498
1.26634
-0.162019
-0.634216
0.427275
-0.0595549
-0.0994271
0.0907249
-0.0135396
-0.827913
-0.304281
0.0838685
0.0502379
-1.08084
-0.829449
0.134619
-0.125362
-0.475235
-0.0568024
0.477245
-0.597769
-0.0572907
0.314204
0.0771246
0.478841
0.358169
-0.420334
0.319328
0.318149
-0.470009
0.0567173
-0.279979
0.197571
0.0922072
0.105551
0.29306
0.0298888
-0.236927
-0.187178
0.285537
0.0515649
0.295761
0.357902
-0.0134616
0.295812
0.372865
-0.160553
0.214979
0.376247
0.570211
-0.055283
0.234146
1.64791
-0.16806
-0.0386785
0.13624
-0.704112
-0.180267
-0.203936
1.2396
-0.250716
-0.31768
-0.400572
-0.0199209
0.00621285
-0.00186227
0.243586
-0.0051556
0.149222
-0.21325
0.677377
0.21781
-0.69132
0.914442
-0.349901
0.0630426
0.512468
-0.946084
0.149612
-0.576692
0.022417
0.0902502
-0.938471
0.109451
-0.108814
0.234888
-0.190977
-0.0580072
0.375799
0.0790513
-0.0655128
-0.156479
0.452046
0.144631
-0.591973
0.00844216
0.271325
0.0216942
0.13153
-0.411644
0.406556
0.190596
-0.594489
-0.0413276
-0.430316
-0.374184
-0.194064
0.562914
0.203417
-0.349715
0.0107174
0.621241
0.132567
0.155935
0.130242
-0.603627
1.79366
-0.237357
-0.107567
0.0491014
-0.167751
-0.42848
0.034839
-0.215462
0.274359
0.296386
0.0842306
-0.326749
-0.15392
-0.0230084
0.192509
0.0436569
0.336647
0.0932755
-0.298739
-0.889456
0.22341
0.206113
0.621365
-0.152019
-0.316748
-0.103207
-0.628294
0.423044
0.251262
0.0373028
0.118403
0.842646
0.247639
-0.064937
0.195428
-0.205622
0.0598173
-0.43708
0.125655
-0.777632
-0.579929
0.00394561
-0.313419
0.358294
0.185418
-0.0904924
0.319123
-0.330059
-0.626066
0.140757
0.175114
-0.0968392
-0.309738
0.175401
-0.442347
-0.0416562
0.322693
0.646958
1.28615
0.257119
-0.00513173
0.389506
-1.53246
-0.252462
0.135354
-0.629433
0.844225
-0.373515
-0.696868
-0.101473
-0.17456
0.0315115
-0.379308
0.592106
0.0994696
-0.123726
-0.0732612
-0.160754
-0.575379
0.216107
-0.168899
-0.382375
0.212134
-0.382356
-0.084731
0.245256
-0.332625
0.277415
0.0965748
-0.102134
-0.179549
0.721413
0.152928
0.159161
-0.211068
0.284037
0.142457
2.22759
-0.0605915
-0.393951
0.155929
0.0515771
0.497571
-0.697467
0.419798
-0.163153
0.397594
0.0118267
0.359036
-0.523037
0.279454
0.145077
-0.0464584
0.102437
0.186588
-0.0894192
0.144732
-0.347692
0.464191
-0.605731
0.0628764
0.311106
-0.379853
-0.177455
-0.310049
-0.201871
-0.0308435
0.241487
-0.899763
-0.36937
-0.0413376
0.0540398
-0.333248
-0.211469
0.245217
0.702054
1.27449
-0.519644
-0.642606
0.484119
0.826002
-0.0727597
0.324707
-0.434076
0.00893116
-0.0731438
-0.296604
0.209718
0.165962
-0.115003
-0.412197
-0.0983085
-0.213424
-0.163074
-0.961122
0.156103
0.303016
-0.200636
0.0284631
-0.517114
0.731836
-0.0977108
0.00616671
0.0679987
0.239746
0.564701
0.679139
0.532829
0.0939768
0.110167
0.426683
0.083608
0.235219
-0.328039
-0.0997029
-0.156099
0.0299393
0.242787
-0.584805
0.307409
0.085472
-0.0188821
0.341256
0.0422745
0.408478
-0.422614
0.196979
-0.0498214
-0.049601
0.3527
-0.20616
0.654849
0.12015
0.715785
0.308173
-0.00962832
-0.297004
-0.624685
-0.694901
-0.403984
-0.933059
0.0703906
-0.360454
0.207311
0.233427
-0.616475
-0.111033
0.00184652
-1.35765
0.261385
-0.326933
0.0921747
0.0214597
-0.0222232
0.162763
0.110026
0.293591
-0.199894
0.40091
0.617528
0.0619003
-0.541362
-0.0774012
0.841214
0.0545115
0.242297
0.0288706
0.0548822
0.228151
0.0626554
-0.39049
-0.0104018
0.590086
0.162096
0.14032
-0.50931
0.646416
0.41869
-0.0316538
0.0642836
0.0975014
-0.48186
0.764628
-0.188252
0.333814
0.579425
0.0506316
-0.511531
-0.0771766
-0.0929333
-1.25873
0.437144
0.178638
0.422926
-0.0377337
0.0870265
0.0789095
0.334776
0.281681
-0.156779
-0.411827
-0.127352
-0.0341587
-0.0515552
-0.75506
0.643263
0.174073
0.00507747
-0.176719
-0.116611
-0.490502
-0.250311
0.0957637
-0.190296
-0.599214
0.113269
-0.13209
0.262393
-0.0149238
-0.127332
0.14394
-0.101753
-0.150493
-0.181489
-0.37256
-0.147031
-1.06974
-0.514211
-0.320285
-0.400085
-0.265318
-0.189125
0.0393221
0.404419
-0.100467
-0.139092
-0.43502
0.473602
0.271099
0.260639
-0.199568
-1.31151
0.089874
0.189184
-0.43025
0.000510357
0.361974
0.113483
1.01612
-0.310401
0.165925
-0.0681197
1.28863
0.267999
0.587377
0.0666279
0.843154
0.421043
-0.108786
0.384953
-0.267925
0.147001
0.335081
-0.383415
0.0734294
-0.310726
-0.0581665
-0.0498007
0.586376
0.363586
-0.257399
0.192915
0.298486
0.50509
0.0111357
-0.457517
0.054664
-0.551192
-0.0427844
0.620504
0.30969
-0.0595874
-0.345375
0.470499
0.118117
-0.151697
-0.293815
-0.265117
0.192006
0.226531
0.353316
-0.130617
0.240354
0.206521
0.00875148
-0.00725451
0.387016
0.527152
-1.42759
-0.0168134
-0.0749475
-0.276097
-0.183546
-0.726613
0.286419
0.333527
0.00645873
0.236601
0.32596
0.40105
0.112574
-0.0054728
-0.970818
1.76185
0.444948
0.632651
0.73209
-0.313305
-0.490836
-0.276917
-0.155953
0.234971
-0.0558933
-0.497124
-0.249426
-1.71439
-0.319829
0.157147
0.952539
0.0639257
0.428243
0.273061
0.0743622
-0.0728654
-0.110657
0.337883
0.178628
-0.308346
0.166079
0.0352554
-0.173283
0.0789503
-0.130912
-0.132599
0.0778956
0.426563
0.0276696
-0.389538
-0.0190904
-0.579533
0.0978729
-0.56627
-0.379932
-0.00825256
0.4214
0.108171
0.757276
-0.404831
-0.231194
0.396684
0.640871
-0.185732
-0.644077
-0.396178
-0.270153
-0.019079
0.420927
0.382575
-0.317763
-0.443228
-0.844742
0.161856
-0.362568
-0.268933
0.357868
-0.155036
0.663723
0.0594421
0.0781156
0.460128
0.298566
-0.15117
-0.449754
-0.121455
-0.164993
-0.226606
0.0695128
-0.411622
-0.47619
0.268093
0.624728
0.0720925
0.267182
-0.838822
0.0637249
0.298504
-0.184929
0.702679
-0.207418
-0.165522
0.0384448
0.366531
-0.0820625
-0.778189
0.544776
-0.292831
-0.0117133
2.31989
-0.0319366
-0.407885
0.24206
-0.149057
-0.250949
0.357532
0.147177
-0.0870451
-0.0681281
0.0329829
-0.295462
-0.248276
0.124543
0.206277
0.466441
-0.364806
-0.14441
-0.0536558
-0.911718
0.519099
-0.484433
-0.147046
0.276488
-0.518477
-1.27446
-0.326512
-0.165247
0.333895
0.121365
-0.247947
-0.264934
-1.79547
0.27314
-0.251252
0.581874
0.0724343
-0.0915538
0.651481
0.208234
0.269774
-0.112587
1.12482
-0.372799
0.0473015
-0.257018
0.117149
0.0192226
0.0373804
0.22896
-0.0951811
1.47216
0.606507
0.340463
0.180576
0.145583
-0.176205
0.689555
-0.178925
0.0851759
-0.625104
-0.285495
0.0400434
0.135417
0.511249
0.254159
-0.0407424
0.616071
-0.151344
0.145843
-0.789906
-0.183314
0.376718
-0.169462
-0.3428
0.234483
-0.436179
-0.403218
-0.550738
-0.341433
-0.20478
0.065055
-0.404678
-0.0689625
-0.634296
-0.22784
-0.0761805
-0.0562924
0.0986787
0.0615581
-0.318709
0.317419
-0.191311
-0.151814
-0.248524
-0.0669462
-0.906684
3.12521
0.295424
-0.115977
0.30561
0.0261818
-0.131638
0.213215
-0.293088
0.432369
0.0449762
1.03699
0.031979
0.245211
-0.279611
0.537574
0.122495
0.0485107
-0.390443
-0.362668
0.0183864
-0.328036
-0.509002
0.122059
-0.195729
-0.0658266
-0.439583
-0.292355
-0.163537
0.721728
-0.412974
0.193336
0.490013
0.108653
0.271205
-0.0678686
0.961194
-0.287
-0.632778
0.061628
-0.0447128
-0.0790977
0.230561
-0.0929624
0.360626
0.825398
0.825196
0.120039
0.378998
0.221597
0.0845411
-0.183404
0.17198
-0.163149
0.0570926
-0.183599
0.104672
-0.16808
0.0231031
-0.113866
-0.104268
0.128119
0.0246999
-0.115726
-0.193223
0.0111041
0.0682237
-0.156079
-0.0685226
-0.156845
-0.0763311
-0.0496129
-0.048363
-0.0107757
0.0357473
-0.0172453
0.127606
0.0530418
0.162334
0.0869917
0.127751
0.184639
888888
0.0417545
0.0162207
0.0832871
0.0285662
0.0245459
0.0330904
0.0437931
0.105166
0.025194
0.126676
0.0396953
0.043233
0.104523
0.0391367
0.016874
0.0435322
0.0693618
0.01344
0.0439941
0.194452
0.0353575
0.0956857
0.0991026
0.0448392
0.0511446
0.0122382
0.0359903
0.284411
0.0125387
0.0571512
0.0462768
0.0350659
0.061704
0.0895625
0.069401
0.0514782
0.0573413
0.00846997
0.112701
0.033219
0.0480885
0.0247259
0.292578
0.04028
0.0290263
0.0654477
0.0290451
0.103384
0.0285969
0.0154712
0.0319776
0.0652419
0.0604459
0.0746487
0.0989693
0.0360428
0.027377
0.0167414
0.0317997
0.0318286
0.147682
0.307193
0.0475969
0.0400732
0.0857036
0.0411011
0.0337938
0.0124128
0.0575544
0.105416
0.0626492
0.172343
0.0615784
0.0479428
0.0461361
0.0181926
0.0319973
0.105412
0.0442957
0.0491344
0.0383285
0.0727201
0.0810836
0.0674172
0.0165746
0.113102
0.0756045
0.0396567
0.0441173
0.0709777
0.0506547
0.0319891
0.0803112
0.0154572
0.0408305
0.011245
0.0522537
0.0492655
0.0299267
0.0661371
0.0382309
0.0552409
0.0721191
0.0629526
0.0924941
0.091419
0.0403942
0.0648256
0.0748357
0.101224
0.110074
0.170697
0.0319062
0.0292152
0.0506299
0.0684687
0.0363991
0.0323874
0.02721
0.0734975
0.116863
0.0992691
0.0210165
0.0437403
0.106708
0.141582
0.116315
0.0853791
0.0420234
0.0434908
0.129269
0.108673
0.192013
0.0614646
0.0222497
0.0505618
0.0757541
0.0317738
0.17777
0.0791423
0.0305308
0.0210486
0.0284473
0.0517408
0.129288
0.0948215
0.062872
0.0654111
0.0306146
0.0678532
0.03994
0.0818205
0.0111965
0.0331149
0.18255
0.215844
0.303415
0.0328746
0.0467288
0.0654608
0.0135902
0.0658534
0.0479263
0.0618266
0.1045
0.00706269
0.139484
0.0305731
0.114196
0.0790226
0.119208
0.0321339
0.164535
0.0340109
0.126847
0.015205
0.0247858
0.0367429
0.127782
0.062905
0.0136861
0.0551843
0.0259161
0.113325
0.0300108
0.0262032
0.0125116
0.0333358
0.0177141
0.06862
0.0956397
0.0902885
0.0609917
0.214345
0.0566157
0.0162037
0.108288
0.0900141
0.0315958
0.0370701
0.0618915
0.055728
0.0827795
0.024999
0.104577
0.0470106
0.112977
0.066026
0.0596329
0.104338
0.0591297
0.022525
0.0402444
0.0214033
0.0514442
0.107823
0.0178387
0.0334321
0.0498206
0.0385692
0.174079
0.0649814
0.0310919
0.403618
0.0615122
0.143136
0.0301991
0.0330085
0.03662
0.0476889
0.178991
0.0332077
0.236838
0.0648074
0.0193564
0.0575582
0.0239661
0.0137161
0.206303
0.175369
0.041174
0.054484
0.0623123
0.0856964
0.0179236
0.0526382
0.033202
0.0976984
0.0362
0.0168096
0.0281747
0.100695
0.0489863
0.0294103
0.0847201
0.0385737
0.0611243
0.0289466
0.0185438
0.0538201
0.0579748
0.0476051
0.0799489
0.0468021
0.0303729
0.217181
0.0215221
0.0779358
0.0614069
0.144868
0.0641419
0.0904368
0.0279987
0.119689
0.0827529
0.0307735
0.0969807
0.0815685
0.0441015
0.131429
0.0193004
0.0901325
0.057746
0.0516292
0.0717356
0.0375619
0.0506339
0.061352
0.0102099
0.0241786
0.0321287
0.0504022
0.0448988
0.0459897
0.0892477
0.104773
0.0813457
0.135167
0.0395199
0.0204575
0.234953
0.0370736
0.0165014
0.163512
0.0478653
0.188117
0.00914645
0.0155529
0.102925
0.130645
0.0122005
0.0986043
0.033607
0.0298631
0.069552
0.0378353
0.012137
0.082658
0.135267
0.0570577
0.219444
0.112292
0.0932297
0.0531904
0.0254252
0.0487482
0.0344768
0.0867466
0.028463
0.0914325
0.31061
0.0371357
0.0183042
0.0512448
0.0329268
0.115231
0.0206319
0.0138889
0.0881955
0.0365498
0.064513
0.0596216
0.0310371
0.0610379
0.250928
0.068648
0.0346389
0.0513638
0.0875594
0.144078
0.0614191
0.0893711
0.0533033
0.0155406
0.0201641
0.0531392
0.0171248
0.0593805
0.046685
0.0765881
0.0621764
0.0580779
0.0575405
0.0455127
0.0756637
0.0688125
0.0808763
0.0250094
0.0527518
0.0950539
0.0277978
0.173086
0.0158391
0.0112784
0.031712
0.0298787
0.111302
0.0194361
0.0495668
0.034034
0.0590026
0.0404335
0.0604439
0.115008
0.0579248
0.0264331
0.045331
0.0818203
0.185327
0.134198
0.0985006
0.123189
0.0534765
0.349618
0.00998136
0.022527
0.0659423
0.119037
0.0353436
0.0343982
0.042717
0.0491825
0.131087
0.0743318
0.00928896
0.0519704
0.0168178
0.0476242
0.339555
0.0359268
0.057118
0.0260728
0.164293
0.0760339
0.0595506
0.0218761
0.0294053
0.0352038
0.0776301
0.231071
0.160239
0.0242083
0.0519578
0.104754
0.0460701
0.0271
0.0400122
0.0159592
0.064127
0.0551484
0.0265422
0.0306029
0.0274951
0.0241271
0.0266896
0.0798572
0.0616766
0.0396774
0.0240692
0.05086
0.0334992
0.0131877
0.0329142
0.0289693
0.235711
0.0164551
0.0573237
0.0307073
0.0667229
0.0711717
0.0247031
0.0476918
0.0235085
0.0420643
0.0457264
0.0936204
0.0298354
0.0502131
0.0577251
0.0269647
0.0308549
0.0437314
0.0194572
0.0959615
0.0984276
0.0225376
0.0240645
0.0308691
0.05416
0.0652574
0.0712302
0.0130147
0.0413436
0.0346263
0.0419013
0.0677954
0.0803646
0.039624
0.143487
0.0566593
0.0646987
0.0301926
0.0748538
0.093209
0.104033
0.100309
0.0965575
0.176021
0.165899
0.0784345
0.0133428
0.0203323
0.0269545
0.0961602
0.0495688
0.0531447
0.0502468
0.0144473
0.122524
0.0289887
0.0270955
0.0294893
0.121305
0.061088
0.0137134
0.0180298
0.220012
0.039957
0.111245
0.033482
0.0622075
0.0353672
0.0374505
0.170098
0.144692
0.0689293
0.0827242
0.0176142
0.0835252
0.047007
0.0617343
0.0725382
0.149699
0.0332424
0.0777385
0.0813878
0.072053
0.110212
0.0373314
0.0187852
0.0766812
0.0449401
0.0723621
0.0694947
0.0815724
0.0425615
0.0740905
0.0564896
0.0761116
0.0360958
0.0278762
0.124161
0.0249266
0.0540387
0.0306019
0.0584361
0.0197849
0.0158704
0.0670684
0.127896
0.0690647
0.0682611
0.0756696
0.0722141
0.0750919
0.0431694
0.102074
0.0160132
0.0898389
0.317819
0.176174
0.0401225
0.0752263
0.0320019
0.179621
0.0342396
0.0381908
0.0393519
0.104593
0.0775258
0.139129
0.0508518
0.143239
0.0433731
0.0132244
0.0424988
0.032486
0.0232506
0.208649
0.187661
0.0306943
0.037969
0.0227544
0.0743038
0.115865
0.0324882
0.368376
0.03632
0.0452064
0.0162041
0.0727471
0.04842
0.0560439
0.0279253
0.22051
0.176037
0.0199074
0.221314
0.0258583
0.166598
0.0167867
0.0129862
0.0486069
0.122696
0.120918
0.0556591
0.0395633
0.0468967
0.0305172
0.014405
0.0411926
0.0685593
0.192718
0.10226
0.0701338
0.0706529
0.138639
0.0564339
0.0589524
0.029231
0.0177041
0.0238355
0.0686403
0.0729161
0.0563678
0.0474671
0.0725795
0.0225787
0.0705148
0.102051
0.0386496
0.0213361
0.0122399
0.26917
0.027496
0.0610167
0.0197584
0.104549
0.0230112
0.174047
0.0338064
0.0380923
0.0547551
0.0599679
0.0237553
0.0207556
0.194066
0.0442677
0.0635611
0.0684187
0.0325096
0.0713505
0.0212528
0.0180908
0.122608
0.0487996
0.131168
0.0487291
0.0276097
0.0344792
0.0271058
0.0357792
0.0253643
0.183422
0.0460325
0.0243289
0.0987184
0.244471
0.0535036
0.0364424
0.0422542
0.0138269
0.0571005
0.0217963
0.31653
0.143524
0.0519772
0.0130329
0.189173
0.0951985
0.059562
0.0511737
0.0315327
0.0701981
0.0994166
0.0590442
0.0148391
0.131118
0.125413
0.0798696
0.073116
0.0439175
0.0707359
0.0511273
0.0346935
0.0522881
0.0667404
0.0272389
0.200438
0.096101
0.00924667
0.0671101
0.0109772
0.0396771
0.0424749
0.05155
0.040206
0.0274275
0.0358048
0.0547943
0.0198427
0.0362513
0.10577
0.0389547
0.0619188
0.0314878
0.0834011
0.020074
0.0894311
0.246761
0.0332301
0.0598459
0.282788
0.00614676
0.114202
0.0322024
0.0657995
0.0445276
0.0140073
0.101062
0.0349609
0.0501576
0.261472
0.0147709
0.0251815
0.0797565
0.0432809
0.0744071
0.0460085
0.192082
0.0732784
0.0319261
0.0548219
0.0207262
0.0399339
0.0644087
0.0816619
0.0469627
0.0638366
0.120839
0.0719627
0.0163522
0.124466
0.0332697
0.095675
0.0234798
0.082885
0.0582529
0.0441173
0.043129
0.0388862
0.0807746
0.0440101
0.00839567
0.0431537
0.0188243
0.05721
0.0314017
0.130421
0.0313756
0.117046
0.160701
0.109465
0.130674
0.0722763
0.0914658
0.0232958
0.0264259
0.247251
0.100878
0.0268606
0.0966251
0.0284817
0.0217428
0.0198063
0.121482
0.0260464
0.0490305
0.0458022
0.0360953
0.090343
0.0148946
0.0226442
0.136239
0.0767378
0.178977
0.0626284
0.0964252
0.0327317
0.018276
0.0743053
0.0357819
0.0797114
0.0272243
0.0597727
0.147583
0.027335
0.0380675
0.0135847
0.0397971
0.185546
0.0570727
0.0256699
0.0637774
0.163444
0.0319599
0.037849
0.0598258
0.0771022
0.0144612
0.0624825
0.0370585
0.0747882
0.0357741
0.169518
0.040067
0.0221511
0.0211781
0.0653371
0.0111865
0.0795742
0.0534923
0.0220866
0.0882868
0.0269724
0.0194806
0.231506
0.0309819
0.0661154
0.0200796
0.138182
0.0384881
0.0472809
0.170513
0.0321224
0.0301997
0.0435626
0.02929
0.0627346
0.0301379
0.0867825
0.020151
0.0211941
0.0974359
0.0315426
0.0193172
0.0829705
0.0639567
0.0378085
0.0350216
0.0255976
0.180582
0.0144452
0.107873
0.043507
0.0219984
0.0595775
0.0480484
0.0712757
0.0465932
0.0897026
0.0582707
0.0839399
0.0387325
0.0596589
0.0281295
0.0297514
0.0222409
0.0238719
0.0555629
0.0596936
0.122145
0.077042
0.0144092
0.0180553
0.00903027
0.0416834
0.0766277
0.122498
0.0262977
0.0779356
0.170231
0.0294919
0.02262
0.0610028
0.0522382
0.157838
0.0284575
0.138948
0.0824962
0.0608395
0.0648442
0.0248167
0.0556457
0.0506724
0.0231311
0.0616444
0.0283775
0.0720329
0.0845644
0.0114079
0.0306544
0.0098739
0.0663768
0.126127
0.023406
0.0935204
0.0205586
0.0834812
0.0224179
0.01578
0.0404729
0.0584742
0.0517544
0.0780444
0.0315863
0.0719221
0.0371566
0.0186758
0.0243636
0.207967
0.0317727
0.0138129
0.0184092
0.0196382
0.0894908
0.0798723
0.113234
0.0506249
0.060237
0.0437315
0.0371953
0.0142128
0.0445761
0.0830565
0.0966905
0.0386771
0.0521016
0.111552
0.0795213
0.0228656
0.109845
0.0576596
0.0843264
0.0553743
0.0108293
0.123737
0.0125789
0.226298
0.0348238
0.149848
0.00567024
0.208473
0.0787441
0.0658678
0.0802856
0.0265221
0.0147592
0.0609799
0.0725829
0.0561013
0.0455391
0.0464817
0.024198
0.0475068
0.114211
0.0563788
0.0329942
0.117899
0.0440436
0.0495255
0.0426212
0.014465
0.00938441
0.0115769
0.0678085
0.0623151
0.12391
0.0196671
0.0089425
0.0171912
0.0210392
0.031944
0.0166221
0.0736562
0.204849
0.157547
0.0880074
0.0983956
0.0329777
0.0210912
0.0515801
0.0677977
0.0453148
0.0677322
0.128914
0.0939265
0.0858763
0.0558273
0.0341838
0.225533
0.0169884
0.0558289
0.189324
0.0762502
0.0388376
0.0786377
0.054344
0.0988228
0.0271592
0.225815
0.00827381
0.0317353
0.0874916
0.0139277
0.0667134
0.00859192
0.0505215
0.03107
0.0251169
0.033827
0.32707
0.0742892
0.11643
0.0763225
0.0440798
0.0388204
0.0733984
0.180139
0.0376298
0.0841972
0.037889
0.0158032
0.0777442
0.134164
0.0415192
0.0342644
0.0243225
0.0445039
0.029507
0.0792605
0.00622689
0.0957294
0.0219462
0.0137195
0.0928001
0.0754338
0.045303
0.0499007
0.0530643
0.054792
0.161894
0.0721628
0.0487429
0.0407662
0.171194
0.148696
0.0306225
0.0928231
0.189288
0.0627398
0.0243095
0.0640361
0.0497821
0.0195807
0.0203566
0.04699
0.14486
0.0494828
0.0307878
0.0709328
0.0618413
0.0800456
0.0297308
0.1154
0.0197694
0.103636
0.0653261
0.0649989
0.0417852
0.045324
0.0458305
0.0589267
0.0241866
0.0346559
0.0363969
0.0403815
0.0210319
0.0185876
0.0440553
0.021179
0.046621
0.0406458
0.0157154
0.0415033
0.0352593
0.0794694
0.0806674
0.0684928
0.0230669
0.0392554
0.0692689
0.0795687
0.0312544
0.0315787
0.174746
0.129608
0.0242324
0.0257249
0.0605515
0.0366528
0.0418156
0.0685756
0.175708
0.055978
0.0372665
0.0402668
0.0243727
0.0514736
0.0110793
0.0440099
0.156591
0.014677
0.133068
0.0337643
0.110072
0.0242184
0.0790478
0.0400574
0.182698
0.0807992
0.148016
0.123789
0.114309
0.0283895
0.0533682
0.0332019
0.0476675
0.0423387
0.0298772
0.0883836
0.0538515
0.0470522
0.0468773
0.0211525
0.0872331
0.0537348
0.0486522
0.141598
0.0355461
0.0380086
0.0170189
0.0421628
0.0424316
0.0284072
0.0206807
0.0329293
0.0158383
0.1463
0.0146845
0.0378835
0.034667
0.0341295
0.0500858
0.27793
0.0181065
0.0313166
0.0375277
0.0390346
0.0910478
0.131129
0.016086
0.0497173
0.0300485
0.0763629
0.093986
0.097808
0.0318293
0.0723196
0.0231903
0.0393148
0.0101379
0.0425719
0.0281681
0.0882497
0.0333904
0.0449482
0.00873101
0.0590587
0.0824939
0.0836257
0.0430358
0.0522094
0.0368238
0.149796
0.161422
0.168167
0.0229854
0.0298203
0.0193822
0.0716546
0.0249385
0.0486133
0.236309
0.0996255
0.0588193
0.148352
0.29094
0.084804
0.0703246
0.0469848
0.086965
0.0613331
0.0913432
0.0224824
0.0352351
0.0228869
0.163875
0.0205432
0.0734584
0.0140747
0.113767
0.020326
0.0188998
0.0323203
0.0292194
0.0568534
0.110575
0.032939
0.0415777
0.0390196
0.0182095
0.0835295
0.0721628
0.0200945
0.0352923
0.048752
0.0893061
0.0266967
0.0383131
0.0692937
0.0954609
0.0580823
0.146602
0.0548214
0.0652613
0.0190863
0.0157561
0.0709398
0.0258095
0.0729188
0.0987592
0.0110889
0.0323407
0.0601009
0.0464187
0.051921
0.019301
0.0698601
0.0655644
0.0589137
0.112834
0.0410942
0.0493374
0.0458612
0.126154
0.0287336
0.0738349
0.030165
0.0284742
0.045986
0.0551459
0.0422633
0.0268407
0.0859197
0.12998
0.0771907
0.0158947
0.0429737
0.0668852
0.0383655
0.0142407
0.067219
0.019117
0.0330118
0.0446674
0.126817
0.045827
0.0306819
0.035728
0.101969
0.0386522
0.0294545
0.0758897
0.0291689
0.0178407
0.085364
0.0658393
0.134205
0.0371203
0.0165999
0.0112438
0.0295533
0.0398127
0.122291
0.0266737
0.0500786
0.0619113
0.0589022
0.0838018
0.00912257
0.0091229
0.0885512
0.0396902
0.0390847
0.0283597
0.0747796
0.129456
0.109275
0.110836
0.191919
0.0202061
0.0297922
0.0260903
0.0257326
0.0323468
0.0469697
0.0519525
0.130503
0.0483045
0.0848761
0.055498
0.0777261
0.019689
0.0301507
0.0681621
0.0417079
0.0232515
0.020116
0.023072
0.0278644
0.0308082
0.0909145
0.0322309
0.105
0.0371369
0.0363291
0.0153902
0.0420605
0.016775
0.0357468
0.057367
0.14851
0.114063
0.0448074
0.0387831
0.0496748
0.0506555
0.0537118
0.0237382
0.0393565
0.0457165
0.0395998
0.0355046
0.086498
0.0547961
0.0403773
0.140875
0.229757
0.0521075
0.0531423
0.130305
0.0672105
0.170528
0.0244318
0.0392553
0.00949406
0.0632191
0.0245422
0.351261
0.0775788
0.123983
0.0532395
0.156611
0.118696
0.0242512
0.0283584
0.0904126
0.0473192
0.0305765
0.091865
0.0342284
0.147775
0.0524246
0.0369936
0.0492839
0.0310725
0.036642
0.0377392
0.0135609
0.0579931
0.038
0.140203
0.0993035
0.0392822
0.0186958
0.103874
0.147133
0.0284615
0.0859056
0.0358892
0.0646602
0.0605835
0.217029
0.0729352
0.0479293
0.126725
0.0195671
0.0168914
0.0171661
0.0332559
0.0275587
0.0316436
0.0362545
0.0582697
0.147622
0.0749526
0.0233228
0.0799638
0.0797908
0.0240128
0.0321909
0.0389444
0.0180342
0.0147013
0.0898917
0.0448239
0.0363377
0.0281167
0.0253662
0.566074
0.0362452
0.0788407
0.233901
0.0569109
0.219959
0.0366743
0.0632248
0.0809898
0.0332334
0.0187319
0.100507
0.103797
0.0835183
0.0293868
0.169512
0.0185732
0.0460516
0.0931805
0.0378553
0.0275476
0.0283994
0.0517646
0.0171783
0.015395
0.0583408
0.0133611
0.0387141
0.00882459
0.0303109
0.0485467
0.0125354
0.0835304
0.145517
0.0761438
0.0312722
0.0235888
0.0539879
0.0678627
0.0497631
0.0715107
0.0115732
0.107518
0.0954407
0.0956611
0.069219
0.120127
0.0622853
0.0472922
0.0407686
0.0896383
0.0684956
0.0514639
0.12875
0.0627846
0.160373
0.0414705
0.134262
0.0345097
0.0329316
0.102836
0.0277044
0.0527283
0.0603819
0.0394463
0.0741111
0.0885154
0.0598508
0.0238625
0.160283
0.0271676
0.0767912
0.0811257
0.0569823
0.0590455
0.0432027
0.0156122
0.15264
0.0307304
0.0560893
0.0662145
0.0499867
0.0415433
0.0551352
0.0841209
0.0232263
0.0439518
0.0529644
0.168304
0.0706127
0.0859817
0.25325
0.0232915
0.0214629
0.216936
0.026165
0.109417
0.024397
0.025278
0.132181
0.0651851
0.0370562
0.0584061
0.041494
0.0365124
0.0803308
0.319635
0.0600486
0.0531927
0.16989
0.122014
0.14518
0.0541776
0.0393574
0.0602337
0.0499076
0.0700662
0.0854569
0.115126
0.106976
0.0713529
0.0482789
0.0607503
0.063075
0.0449263
0.0368209
0.280831
0.129871
0.0621129
0.0570092
0.0359579
0.0533775
0.115786
0.0166993
0.112322
0.0101565
0.0703164
0.0474214
0.0246211
0.0684685
0.104242
0.0504163
0.0400224
0.0313547
0.0368094
0.149189
0.0443958
0.23142
0.0234668
0.0271322
0.0523173
0.0584666
0.0151893
0.00340005
0.0917439
0.068386
0.0816562
0.0672313
0.0523768
0.0883775
0.0295751
0.0709905
0.0268044
0.0301916
0.0445674
0.037433
0.0467446
0.052132
0.0693926
0.0284188
0.0557878
0.0532171
0.136978
0.0824742
0.0513594
0.0440246
0.0981624
0.0532378
0.12103
0.0312738
0.11101
0.0496544
0.0292251
0.0231379
0.0446886
0.0684787
0.0714181
0.00722426
0.0326682
0.0244856
0.09496
0.260729
0.0215856
0.0154753
0.0310848
0.0124077
0.16678
0.18162
0.0691187
0.0616504
0.0290557
0.245323
0.0814291
0.0242056
0.0798583
0.0209396
0.0617273
0.0434107
0.0930365
0.0641294
0.0606076
0.0232672
0.102277
0.0657437
0.0465154
0.0295982
0.0980753
0.0224785
0.120972
0.174386
0.0369213
0.0274132
0.0315991
0.0590173
0.00715304
0.0545087
0.117388
0.100743
0.0951842
0.0446046
0.0360002
0.0316797
0.0286442
0.0315835
0.0349513
0.118024
0.179824
0.0186126
0.0800852
0.0712291
0
0
0
0
0
0
0
0
0
0
0
0
0
0
0
0
0
0
0
0
0
0
0
0
0
0
0
0
0
0
0
0
777777