3.03942
999999
-0.304082
-0.428427
-0.184564
-0.0882681
0.12258
0.0113172
-0.0399481
0.352849
0.0989554
0.0394951
0.46231
0.0471561
0.205324
-0.265571
-0.153863
0.231654
0.67004
0.110748
0.534434
0.223829
-0.124913
0.217593
-0.2598
0.409784
0.326773
-0.0440526
-0.00462862
-0.541801
0.00633292
0.932461
0.0809383
-0.151943
-0.331189
-0.119408
-0.278032
0.304991
-0.028383
0.223366
0.439732
-0.0467005
0.115232
0.155696
1.6391
0.208701
0.466372
0.672421
-0.244904
-0.352612
0.288
0.441608
0.0181208
-0.212412
0.292854
0.534525
0.281564
0.226467
-0.127092
0.2132
0.310014
0.139985
0.114338
0.975883
-0.213673
-0.365364
0.0997538
-0.648697
0.226927
0.195809
0.229159
-0.227063
0.0856047
-0.201218
-0.163442
-0.266654
-0.330461
0.0341201
-0.00146602
0.661836
0.104563
-0.0852947
-0.0474394
-0.374091
0.229114
0.463326
0.0125515
0.281124
-0.0844313
0.0644427
-0.56845
-0.539669
-0.300781
0.361792
0.159437
-0.460563
0.230319
-0.035513
0.00437108
0.848792
-0.648162
0.0319451
0.059807
-0.182638
-0.0819952
0.255293
0.31268
-0.0842328
-0.116996
0.544473
0.026014
0.164226
-0.146905
-0.353567
-0.119229
0.495279
-0.275978
0.104831
0.261854
-0.603949
0.210315
-0.219035
-0.123744
0.178842
-0.142519
-0.318573
0.0522863
0.861146
0.373184
-0.126906
0.707487
-0.191454
0.216097
-0.450836
1.35361
0.39776
-0.0430214
-0.127083
-0.114471
0.27958
0.291683
-0.417057
0.753745
-0.0217416
0.233466
-0.0318518
0.307294
0.430995
-0.0178941
0.313745
0.23801
0.294014
0.457448
0.391582
-0.245635
-0.407122
0.274383
0.949517
-0.373833
0.299739
0.278035
0.304659
-0.0534322
0.0977112
-0.265829
0.267864
-0.14601
-0.527932
-0.682097
-0.429194
0.179754
0.228541
0.714868
-0.0387401
-0.255496
0.100317
-0.833861
0.186804
-0.241483
-0.379181
-0.484032
-0.492415
-0.0014729
0.477515
-0.455788
-0.0765374
0.153953
0.0995752
0.117876
-0.136754
-0.306514
0.245535
0.254558
0.910002
0.48364
-0.36157
0.242959
0.159718
-0.159827
0.351428
0.0578943
0.259134
-0.542997
-0.615577
0.282467
-0.436204
-0.542415
-0.0182797
0.0756578
0.0815722
-0.033297
-0.450551
-0.153218
0.206768
-0.482486
-0.44172
0.524788
-0.577552
0.451358
0.0971778
0.595042
0.133528
-1.7946
-0.595555
-0.265596
-2.42417
0.153664
0.604971
-0.0979231
0.189082
0.311618
0.255796
0.846211
0.380669
0.959085
-0.313042
0.0171958
-0.550652
0.080802
0.143427
0.286916
-0.912208
-0.516792
-0.569458
0.257235
-0.0630267
0.0762314
-0.223684
-0.19529
0.29329
0.651851
0.153089
0.106523
0.721776
-0.00635421
-0.240496
0.272207
0.14447
-0.309531
-0.445233
-0.221771
-0.403885
0.305428
0.330463
0.391195
-0.085386
-0.127743
0.704836
0.420159
-0.46935
0.505722
-0.123076
-0.128562
0.0651259
0.277913
0.030224
-0.208195
0.183039
-0.45892
0.487878
-0.421534
0.44728
-0.236531
-0.0626097
0.0400683
0.256185
-0.430633
-0.162226
0.0919291
-0.431104
-0.0477538
0.288234
-0.112657
0.155334
-0.153195
0.549639
0.554971
0.481917
0.919822
-0.0324541
1.0438
0.799042
-0.746424
0.36055
-0.164296
0.798454
-0.355557
-0.168675
-0.120036
0.329769
0.829201
-0.281499
0.291152
-0.412802
-0.0627129
-0.180707
-0.0941256
0.35162
0.605256
-0.381374
1.10815
-0.245433
0.256503
-0.415429
0.529598
-0.275576
-0.358661
0.027963
-0.510298
-0.662615
0.398623
-0.420215
-0.142341
0.297743
0.173275
0.530296
-0.280117
0.533069
0.296554
-0.137602
0.496867
0.489788
0.243105
-0.123402
0.505943
0.188256
-0.431777
-0.297515
0.0742643
0.0502545
-0.732303
0.618058
-0.209586
-0.347695
-0.116308
0.174945
0.0849621
0.193127
-0.516522
0.172812
-0.921699
-0.0771478
-0.762243
-0.252525
-0.0144137
0.0559997
0.0529411
0.160115
0.738237
-0.131838
-0.548585
0.535952
-0.0481118
-0.661729
0.068381
-0.264105
0.213392
-0.304442
0.684602
-0.35972
0.27151
0.0141393
-0.28767
0.241355
0.497806
-0.569305
-0.159073
0.529168
-0.368632
-0.983886
-0.453674
0.0304801
-0.00725102
-0.136293
-0.950393
-1.56494
0.174936
-0.240028
0.135074
-0.693133
-0.0509922
0.198312
0.18558
-0.0762359
1.29351
0.34368
-0.544984
0.586704
-0.13424
0.0708916
-0.815738
-0.227558
-0.286295
-0.0415228
0.755998
0.393344
-0.30533
-0.340094
0.210936
-0.288851
0.197784
-1.64398
-0.755313
0.0380578
-0.0326725
-0.319039
-0.132046
-0.388196
0.111023
-0.0687092
0.151789
0.161393
-0.106909
0.446544
0.240199
0.0437516
-0.09521
-0.370539
0.363588
0.74872
-0.253121
0.814344
-0.0476442
-0.0871461
0.0471858
-0.199993
0.390701
0.143816
-0.312201
0.297858
0.542003
-0.362417
0.150897
-0.069882
-0.0517416
0.269148
-0.00154984
0.86501
0.0497416
-0.193064
-0.338551
-0.0519144
0.482147
-0.126012
-0.166504
0.310008
0.131533
0.0353827
0.635491
0.405982
0.485555
-0.288685
-0.0797126
-0.0747294
-0.0632553
-0.225744
-0.605017
0.169588
0.333323
-0.607797
0.866817
0.0882056
-0.0693671
0.355696
0.108743
-0.674108
-0.358277
0.161082
-0.000146388
0.592648
1.18211
0.431424
-0.433781
-0.4719
-0.106708
-0.585752
0.428004
0.224151
-0.038004
-0.0832662
-1.48317
-0.466351
-0.313339
-0.631121
0.787515
-0.57221
-0.359122
0.237066
1.29955
0.0396403
-0.0276848
0.0821381
0.236587
0.0434869
-0.223761
-0.307137
-0.0304767
0.491181
0.251662
0.310398
0.134968
-0.570861
-0.234669
-0.0360758
-0.178107
0.417926
0.351708
-0.134465
0.896266
-0.774917
-0.210669
0.115626
-0.512589
-0.0573484
-0.0658998
0.0152441
0.40531
0.177228
0.299598
-0.282954
-0.812923
0.530134
0.0176868
-0.105514
0.232326
0.307305
-0.351772
-0.224294
0.446952
0.118321
0.257841
-0.0720535
-0.448164
-0.294766
-0.640436
-0.629545
0.375852
-0.122401
-0.211908
0.417038
0.577849
0.689354
0.14983
-0.876483
0.416864
0.101311
-0.974074
0.201884
-0.671109
0.509061
0.563327
0.695558
-0.503582
-0.133183
-0.440014
-0.162186
0.260226
-0.148476
0.0874301
-0.797247
0.450305
0.308824
0.216785
-0.173317
0.00354577
0.984096
-0.424306
0.234219
1.63911
0.0598339
-0.140895
0.171236
0.278397
-0.00483334
-0.181582
0.127967
-0.84775
0.8487
-0.447527
-0.000204742
-0.0474125
0.150396
-0.194122
-0.221437
-0.0134606
0.624776
0.71474
-0.0174302
-0.021789
-0.578345
-0.256893
-0.344666
0.375275
0.269999
0.613363
0.118434
-0.129156
0.254826
-0.116519
-0.670455
-0.00504626
0.319261
-0.403471
0.22226
0.362245
-0.0489586
-0.413441
0.0343712
0.4387
0.0401779
0.388394
-0.377991
-0.0647324
0.0783875
-0.000348852
-0.88061
0.112289
-0.687161
0.206859
-0.0706487
-0.175913
0.0890721
0.685193
0.22844
0.0983073
-0.616468
0.0123285
-0.0132849
0.418863
-0.100075
-0.242702
-0.661658
0.259357
0.273046
0.180341
-0.149557
-0.741233
0.225305
0.292837
0.049519
-0.607769
0.400571
0.0343955
-0.289379
-0.0278346
-0.270617
-0.0896604
-0.213205
0.00745265
0.14786
0.425557
0.452547
-0.189422
0.0777205
0.166568
-0.386543
0.45879
-0.13743
-0.0817552
-0.427523
-0.701206
-0.29263
0.577064
0.311183
-0.0196268
-0.169352
-0.274755
0.386736
-0.495872
0.154326
-0.825408
0.360891
-0.319322
-0.0962736
0.665467
-0.237627
-0.764668
-0.172303
-0.614481
-0.302716
-1.2445
-0.364435
-0.063824
-0.55219
-0.034639
0.397651
0.427866
-0.145301
-0.0624765
0.258117
0.199536
-0.451262
-0.300875
0.0064988
-0.24142
-0.128462
0.0918436
0.308519
0.231522
-0.18574
0.253183
-0.264919
-0.3046
0.267045
0.384938
-0.126879
0.650449
-0.363511
-0.274721
0.908959
-0.285218
0.951261
0.104313
-0.0366208
-1.18575
-0.434519
0.456716
0.161496
-0.537023
-0.35816
-0.208754
0.512189
-0.229496
0.220584
-0.212282
0.198689
-0.370068
0.102051
0.25913
-0.0941898
-0.294706
0.467376
0.611726
-0.365043
1.05599
0.0462694
0.581111
0.0613222
-0.430637
-0.666484
0.536451
-0.151353
-0.784115
0.184218
-0.130044
0.165769
0.0808813
0.202777
0.178077
-0.0276146
0.443022
-0.425113
0.688371
-0.0116201
-0.0583562
-0.793059
0.212927
0.879662
0.00250688
-0.325516
0.634669
-0.15034
0.151536
-0.310535
-0.341
0.551248
-0.218713
-0.0207915
0.085878
0.524534
-0.557279
0.0059639
0.208762
0.0440689
0.342502
0.253142
-0.533953
1.49762
0.0910393
0.0593382
0.499303
-0.263071
-0.638784
-0.271568
0.628936
-0.443091
0.278324
-0.902985
0.350342
0.189245
0.210714
-0.104367
-0.815334
-0.472108
-0.172658
0.205027
-0.340288
-0.482252
-0.0135217
-0.321678
0.628824
-0.0789276
0.150565
0.0693503
0.663163
0.0310649
-0.0131385
0.0509859
-0.134617
0.217859
-0.169856
-0.147828
0.109494
-0.0850878
-0.0805231
-0.11755
0.366412
0.17428
-0.4416
-0.14663
-0.0338949
0.0416409
0.152686
-0.115872
0.676005
-1.12537
0.318763
-0.234502
-0.254029
-0.0608888
0.132398
0.0794837
-0.347038
0.0259029
0.085867
0.560244
-0.292715
0.40442
-0.570868
0.418281
-0.16629
0.384431
0.0684496
0.488659
-0.198039
-0.419562
0.12765
-0.209118
-0.13442
0.0893799
0.178092
-0.811863
0.00995172
0.194569
0.205769
-0.0591901
-0.579974
0.216402
-0.208542
0.0494838
-0.0795548
-0.304618
0.275401
0.61015
-0.425073
0.155647
-0.243049
-0.282918
0.170273
-0.554758
0.0764984
0.425568
-0.344062
1.0511
-0.407885
0.0848947
0.872975
-0.0734455
1.13876
0.177487
1.08681
-0.470005
-0.121623
0.587307
-0.0542468
0.337264
-0.18932
0.216185
-0.087149
-0.160008
0.106821
-0.967699
0.305813
-0.0702825
0.207993
0.366081
-0.091724
-0.288595
0.170308
-0.368067
-0.574133
-0.48743
-0.311859
0.1441
-0.168865
0.0329715
0.0871352
0.148657
-0.976795
0.783122
0.0155531
-0.0655567
1.15569
-0.0895906
0.00269877
-0.040271
0.383847
-0.544486
0.422704
-0.329549
0.0950483
0.365154
0.0359228
0.178861
0.409181
-0.625265
0.172375
0.662993
-0.138802
-0.121414
0.125078
0.114773
-0.196358
-1.52609
-0.475913
-0.0925522
-0.883811
0.0519613
-1.4144
-0.0637559
0.00558844
0.0695818
1.05063
0.199271
1.31752
-0.202313
-0.6886
0.337003
-0.0228119
-0.090992
0.156243
0.0890518
-0.794527
-0.30892
0.0751696
0.0815908
-1.11752
-0.887757
0.104043
-0.103551
-0.503582
-0.0329968
0.457819
-0.688238
-0.067346
0.32033
0.0643673
0.457052
0.331265
-0.540996
0.329667
0.324848
-0.459423
0.057018
-0.25441
0.196192
0.0944542
0.308888
0.179191
0.0259564
-0.19083
-0.230739
0.317758
0.0762635
0.224944
0.403935
-0.0211862
0.139259
0.40206
-0.16066
0.238507
0.321947
0.770776
-0.0399971
0.21542
1.68743
-0.2466
-0.091358
0.266297
-0.741309
-0.240432
-0.204574
1.21476
-0.259304
-0.322401
-0.246226
0.000823539
-0.0126805
-0.00495548
0.255614
0.0219308
0.164224
-0.16602
0.835896
0.263818
-0.525094
0.783444
-0.371506
0.0262199
0.604612
-0.88971
0.155021
-0.586965
0.0609017
0.130278
-0.805096
0.322202
-0.0531644
0.225218
-0.191223
-0.0396351
0.302358
0.115193
-0.0684976
-0.306295
0.453789
0.153608
-0.564224
-0.126605
0.222667
0.00477858
0.0924195
-0.489321
0.289277
0.140825
-0.555582
-0.022351
-0.50596
-0.598706
-0.195174
0.569449
0.0769066
-0.288292
0.00517061
0.623199
0.120024
0.184608
0.172574
-0.610084
1.76987
-0.273835
-0.0867119
0.068757
0.0792635
-0.375185
-0.000909365
-0.0860504
0.254948
0.475547
0.153156
-0.32391
-0.0845405
0.0010761
0.193866
-0.0280585
0.365208
0.112977
-0.303324
-0.934508
0.229727
0.21515
0.59273
-0.142389
-0.357144
-0.139776
-0.613688
0.426538
0.233239
0.168918
0.278372
0.773375
0.253115
-0.0653445
0.211141
-0.167937
0.0329269
-0.459683
0.111742
-0.798238
-0.623249
0.00283037
-0.224624
0.309814
0.1763
-0.113019
0.274309
-0.397126
-0.547909
0.149689
0.216639
-0.0363513
-0.328898
0.288219
-0.539873
-0.0637202
0.35051
0.661684
1.45196
0.238279
-0.0684391
0.324653
-1.46672
-0.126645
0.20159
-0.656876
0.704579
-0.408184
-0.70807
-0.120294
-0.131481
0.0494335
-0.33782
0.616638
0.0820483
-0.176565
-0.0497514
-0.160847
-0.497523
0.236583
-0.204149
-0.627764
0.221239
-0.358376
-0.089986
0.257655
-0.258662
0.268398
0.0917222
-0.097277
-0.168491
0.440592
0.217494
0.163185
-0.257776
0.271304
0.0420434
2.2699
-0.0844856
-0.428971
0.251984
-0.0448245
0.548543
-0.664902
0.436576
-0.113505
0.375912
0.0729041
0.412462
-0.441201
0.282646
0.110177
-0.0207589
0.0429631
0.195886
-0.144702
0.140365
-0.184105
0.481454
-0.52043
0.067463
0.329182
-0.299227
-0.235121
-0.393398
-0.206266
-0.0291112
0.240186
-1.04378
-0.43894
-0.0549128
0.0734381
-0.324677
-0.286988
0.242809
0.622564
1.01363
-0.571847
-0.568175
0.554194
0.832509
-0.0358608
0.355832
-0.415003
-0.0119581
-0.0853541
-0.11999
0.170795
0.129407
-0.128169
-0.349041
-0.0676873
-0.186007
-0.159873
-1.0293
0.12104
0.324403
-0.171449
0.0024211
-0.527759
0.71382
-0.0961854
-0.0697946
0.102451
0.261428
0.49953
0.730257
0.546153
0.0877406
0.0561373
0.487026
0.0828472
0.205496
-0.286578
-0.0673322
-0.182467
-0.0378478
0.131088
-0.683
0.293979
0.0645658
-0.0615593
0.386621
0.190966
0.396058
-0.429014
0.180205
-0.107155
-0.0552871
0.374472
-0.208271
0.78219
0.0786074
0.693538
0.249735
-0.051695
-0.28425
-0.584264
-0.639247
-0.42098
-0.86059
0.0750334
-0.343575
0.189334
0.263128
-0.574398
-0.0975996
0.0232807
-1.31113
0.315358
-0.334052
0.13952
-0.00252752
-0.0662524
0.155254
0.197785
0.269344
-0.246335
0.358739
0.570416
0.0331599
-0.566956
-0.0951804
0.763345
0.0435543
0.231492
0.0262874
0.0622667
0.242276
0.172356
-0.302848
-0.311013
0.580204
0.170622
0.131902
-0.4987
0.60952
0.24056
-0.0351542
0.0967942
0.0596635
-0.523678
0.718139
-0.205431
0.332141
0.607738
0.10939
-0.504836
-0.0786591
-0.0835174
-1.2602
0.605002
0.0825193
0.44749
-0.031897
0.122887
0.106381
0.348654
0.279534
-0.219124
-0.333886
0.0278444
-0.104908
-0.22722
-0.722052
0.673002
0.173072
0.0365155
-0.228517
-0.1661
-0.517805
-0.223787
0.105468
-0.15656
-0.583197
0.193811
-0.15481
0.260608
-0.00868897
-0.153853
0.125866
-0.0173003
-0.160371
-0.166505
-0.442731
-0.210975
-1.04822
-0.566374
-0.307324
-0.379445
-0.337915
-0.143617
0.0674915
0.324399
-0.160485
-0.173435
-0.401784
0.543099
0.280279
0.243996
-0.108628
-1.39536
0.118089
0.239825
-0.381804
0.0383776
0.309964
0.0505944
1.0428
-0.312016
0.182364
-0.0856907
1.56439
0.294646
0.560846
0.121907
0.906385
0.706464
-0.0909741
0.427896
-0.214769
0.147794
0.362945
-0.369767
0.137024
-0.496002
-0.016629
-0.0325305
0.57053
0.407451
-0.217802
0.15805
0.314133
0.439198
0.00620274
-0.427785
-0.0102189
-0.590209
-0.0709027
0.489477
0.205511
-0.0247891
-0.432864
0.491266
0.0886629
-0.221159
0.0809043
-0.312938
0.180205
0.223371
0.371523
-0.153852
0.241878
0.199678
0.0232543
-0.00250866
0.367525
0.652494
-1.39359
0.0276008
-0.0494544
-0.236767
-0.109012
-0.679184
0.230993
0.361599
0.0404457
0.232943
0.289894
0.429282
0.147733
0.000966065
-0.965416
1.54634
0.478822
0.602079
0.511661
-0.267972
-0.635267
-0.23799
-0.172813
0.286072
-0.0271225
-0.521536
-0.365837
-1.68844
-0.229357
0.169752
0.984111
0.0855442
0.467495
0.262712
0.0372183
-0.0378144
-0.161021
0.324963
0.164358
-0.309778
0.110881
0.0132953
-0.219334
0.0782982
-0.136399
-0.188665
0.0723409
0.454593
0.0679428
-0.430015
-0.0221792
-0.575907
0.0811649
-0.443663
-0.271465
-0.00556438
0.4241
0.0724724
0.593843
-0.559161
-0.259799
0.555415
0.629136
-0.0972469
-0.59698
-0.150763
-0.363401
-0.0968098
0.371465
0.393731
0.162648
-0.484716
-0.888627
0.139825
-0.352043
-0.17826
0.321063
-0.128747
0.584675
0.073832
-0.0139893
0.445922
0.409031
-0.145634
-0.640785
-0.10042
-0.136313
-0.174526
0.197012
-0.469054
-0.470299
0.264371
0.35882
0.110781
0.304357
-0.938477
-0.00341296
0.324182
-0.207108
0.777605
-0.220671
-0.15028
-0.0272016
0.333207
-0.0895221
-0.692967
0.62778
-0.294799
-0.0139573
2.34852
-0.0661514
-0.410546
0.251021
-0.170093
-0.180363
0.406086
0.119164
-0.0709894
-0.0855976
0.0126845
-0.299142
-0.339943
0.0423309
0.220115
0.460009
-0.168956
0.0289207
0.00683855
-0.889937
0.540481
-0.462384
-0.14512
0.271246
-0.523346
-1.40149
-0.351611
-0.0916984
0.423868
-0.0195659
-0.22678
-0.210448
-1.45225
0.354822
-0.203416
0.610155
0.0962295
-0.190355
0.803935
0.217727
0.285562
-0.118107
1.17122
-0.32736
0.0608174
-0.244738
0.29788
0.125159
0.0367424
0.249477
-0.0853761
1.38394
0.636085
0.0270393
0.167194
0.169276
-0.117115
0.648453
-0.20273
0.0817734
-0.618123
-0.350087
0.113273
0.226476
0.538036
0.442962
-0.0442638
0.564247
-0.155527
0.122466
-0.769587
-0.165632
0.384705
-0.123246
-0.47913
0.199192
-0.384538
-0.350959
-0.611153
-0.373142
-0.161023
0.0310363
-0.289869
-0.117944
-0.60413
-0.238968
-0.179665
-0.0439547
0.0481464
0.0504714
-0.303099
0.240606
-0.241745
-0.16665
-0.232977
-0.0470093
-0.824648
3.10746
0.254573
-0.0980888
0.297606
0.018827
-0.231707
0.211592
-0.308918
0.335237
0.0774582
0.409274
0.0209735
0.230017
-0.237477
0.540873
0.0272595
0.0195946
-0.477715
-0.299716
-0.0563854
-0.32143
-0.370549
0.271474
-0.173019
-0.0400831
-0.499575
-0.277117
-0.188301
0.636295
-0.451356
0.196476
0.476028
0.0299916
0.265357
0.031407
0.956598
-0.288905
-0.627666
0.107489
-0.0959815
-0.0742167
0.252185
-0.0760728
0.35771
0.748261
0.65084
0.109758
0.381333
0.296182
0.0845411
-0.183404
0.17198
-0.163149
0.0570926
-0.183599
0.104672
-0.16808
0.0231031
-0.113866
-0.104268
0.128119
0.0246999
-0.115726
-0.193223
0.0111041
0.0682237
-0.156079
-0.0685226
-0.156845
-0.0763311
-0.0496129
-0.048363
-0.0107757
0.0357473
-0.0172453
0.127606
0.0530418
0.162334
0.0869917
0.127751
0.184639
888888
0.0353883
0.0198403
0.100595
0.0328922
0.028242
0.0315498
0.0455109
0.109271
0.0251123
0.107143
0.038304
0.039049
0.118714
0.0336148
0.0124007
0.0473945
0.0627996
0.0142557
0.0441761
0.188733
0.0380529
0.0897788
0.101451
0.0426423
0.0509048
0.0124922
0.036843
0.240244
0.0106466
0.0624431
0.0500383
0.0385398
0.0657703
0.0817843
0.0671355
0.0551069
0.0654272
0.00832053
0.103732
0.0351434
0.053437
0.0256617
0.212965
0.0343833
0.0304425
0.0596242
0.028198
0.0955664
0.0279464
0.0146672
0.0247706
0.0684994
0.0635335
0.093989
0.100853
0.0378953
0.0252752
0.0170363
0.0309756
0.0363037
0.154253
0.278252
0.0459836
0.0422667
0.0907028
0.0389435
0.0371925
0.0114224
0.054937
0.102845
0.070368
0.175271
0.0677155
0.0454933
0.0423301
0.0202255
0.0350424
0.115543
0.0509719
0.0541405
0.0411813
0.0733475
0.0747119
0.0681313
0.0180413
0.117736
0.0806472
0.0500081
0.0400864
0.0803088
0.0535679
0.0340962
0.0734444
0.019002
0.0363683
0.0123932
0.0459613
0.0390233
0.0316757
0.0630883
0.0447426
0.0618928
0.0667213
0.0699579
0.0897878
0.0877335
0.0391809
0.0763281
0.0621711
0.122679
0.0981133
0.198815
0.0296628
0.0335154
0.0507826
0.0729542
0.0337296
0.0301567
0.0279114
0.0676366
0.130256
0.120333
0.0245771
0.0395182
0.125622
0.140353
0.130455
0.0981397
0.0468257
0.040857
0.133054
0.104406
0.2025
0.0680126
0.0229194
0.0550516
0.0752373
0.0313471
0.165904
0.0874403
0.0339616
0.0179281
0.0270772
0.0468827
0.117081
0.0892663
0.0589672
0.0620459
0.0342148
0.0706578
0.0406294
0.0862397
0.0122952
0.0295062
0.225027
0.219777
0.358952
0.0314075
0.0476741
0.0613416
0.0123475
0.0649038
0.0525616
0.0673223
0.112825
0.00705243
0.128835
0.0266519
0.113047
0.0681745
0.107837
0.02891
0.172573
0.0268084
0.11453
0.0148183
0.0235915
0.0502364
0.141699
0.0609967
0.0134061
0.0515593
0.0238676
0.114585
0.0309633
0.0207545
0.0123833
0.0317917
0.0210257
0.0595904
0.10254
0.0916209
0.0651632
0.197582
0.0527813
0.017574
0.0951027
0.0700079
0.0276981
0.0359561
0.0542701
0.0630167
0.0724046
0.0287214
0.134637
0.0492128
0.121491
0.0618659
0.0571546
0.114988
0.070363
0.0251312
0.0370937
0.019569
0.0502759
0.107915
0.0155033
0.0372885
0.0542156
0.0357391
0.1845
0.0630021
0.0332647
0.330917
0.0709114
0.122964
0.029673
0.0333512
0.0375034
0.0460549
0.178222
0.0264869
0.261819
0.0623005
0.0189718
0.041765
0.0265007
0.0127728
0.21803
0.146955
0.0426965
0.056702
0.0508021
0.0660932
0.0226051
0.0574256
0.0294749
0.1201
0.0291687
0.0193551
0.0331739
0.0892891
0.0488263
0.0315965
0.0828685
0.0416127
0.0530104
0.0277596
0.0174293
0.0584388
0.0488859
0.0481453
0.0838307
0.0425927
0.0298056
0.219363
0.0264644
0.0675323
0.0557635
0.126758
0.070054
0.0802064
0.0296201
0.135797
0.0862432
0.0283401
0.0906011
0.073592
0.0430496
0.132522
0.0193732
0.0849641
0.0593904
0.0549312
0.0655072
0.0352376
0.0490079
0.0662771
0.0104549
0.0236108
0.0289751
0.0461513
0.0487598
0.0438998
0.0862925
0.0911819
0.0914918
0.121335
0.0378099
0.0217506
0.236804
0.0329034
0.0125665
0.1586
0.0556098
0.174392
0.00894172
0.0164153
0.108562
0.12138
0.010532
0.106532
0.0282933
0.0358066
0.0736953
0.0365701
0.0124753
0.0726648
0.114703
0.0553752
0.220662
0.118526
0.0866939
0.050214
0.0277575
0.0422955
0.0418012
0.0821938
0.0268685
0.101391
0.272152
0.0345648
0.0177955
0.0491
0.0378608
0.112244
0.0200556
0.0140496
0.0773421
0.0320042
0.0726451
0.0726712
0.0299141
0.0604353
0.253735
0.0786186
0.0358739
0.0505703
0.0878538
0.136556
0.0603966
0.0914402
0.0578262
0.0180376
0.0168716
0.0491911
0.0163588
0.0753106
0.0435917
0.0735685
0.0671968
0.0475267
0.0668777
0.0530022
0.0763987
0.0700333
0.0934287
0.0248552
0.0464893
0.109771
0.0244009
0.201163
0.0147228
0.00948784
0.0316377
0.0299251
0.112622
0.0189537
0.0490735
0.0291882
0.0557994
0.0359363
0.0681422
0.123788
0.0552736
0.0266055
0.042851
0.0947005
0.184216
0.15114
0.106743
0.144307
0.0454238
0.383642
0.0107634
0.0223094
0.0694086
0.140156
0.0356908
0.0325184
0.0412499
0.0602637
0.106003
0.0702129
0.00802019
0.0461049
0.0160133
0.0415791
0.288472
0.0350913
0.0614319
0.0289282
0.142946
0.0658767
0.0576883
0.0221891
0.0259693
0.034598
0.0686947
0.214234
0.204646
0.0241742
0.0602449
0.0882825
0.0399299
0.0285594
0.0495168
0.0151231
0.0608253
0.0552663
0.0300651
0.0314796
0.0222101
0.0249355
0.0309795
0.0785853
0.0633065
0.0427542
0.0248269
0.0473878
0.0259948
0.0129367
0.0356482
0.027952
0.23325
0.0143299
0.0508361
0.0310388
0.0635661
0.0602471
0.0247246
0.0478781
0.0228501
0.0386814
0.0440847
0.0964252
0.0317979
0.0505762
0.0507575
0.0282449
0.0362631
0.0387413
0.0216597
0.0886434
0.0915208
0.0244568
0.0271069
0.0272932
0.0485674
0.0682124
0.076638
0.0133262
0.0355066
0.0342723
0.0447028
0.0781018
0.0816841
0.0461781
0.127014
0.0630347
0.0625423
0.0307667
0.075712
0.100139
0.0973352
0.102371
0.0952888
0.177737
0.171648
0.0922005
0.0119319
0.0217361
0.0265887
0.0978299
0.0454011
0.0552652
0.0478294
0.0139991
0.121099
0.0318053
0.0270236
0.029044
0.115545
0.0618456
0.0143106
0.0181226
0.226139
0.0382055
0.106526
0.0375855
0.0638893
0.0355171
0.0311433
0.139077
0.11122
0.0580153
0.0900685
0.0175967
0.0927993
0.0476903
0.074345
0.0733679
0.150133
0.0323226
0.0752118
0.0709889
0.0658125
0.108567
0.0330427
0.0179628
0.0645613
0.0470541
0.0735889
0.0661477
0.0748069
0.040549
0.0838861
0.061147
0.0661553
0.0379472
0.02837
0.133628
0.0244895
0.0523625
0.0312569
0.0571924
0.0184314
0.0165573
0.0642191
0.128913
0.0710245
0.0619595
0.0750318
0.073405
0.0754785
0.0394053
0.0953783
0.0159744
0.0868999
0.334228
0.191113
0.0359324
0.0726678
0.0344649
0.187975
0.0372913
0.0335732
0.0338778
0.109761
0.0685349
0.139237
0.0497758
0.156011
0.0397617
0.0113619
0.0422025
0.0299492
0.0231943
0.207764
0.196353
0.0305088
0.0355856
0.022243
0.0677124
0.106885
0.0314873
0.409774
0.0354702
0.0503492
0.0174012
0.0684611
0.0434449
0.0556391
0.0264578
0.212893
0.16205
0.0217903
0.200927
0.0301061
0.170757
0.0149029
0.014196
0.0472455
0.122552
0.125248
0.051362
0.0354288
0.0462037
0.0337016
0.0165492
0.0437375
0.0624953
0.184313
0.0971462
0.0831007
0.0720431
0.116688
0.0521502
0.0609356
0.0265927
0.0160185
0.0227611
0.0723066
0.0769757
0.0591887
0.0409812
0.0566886
0.021966
0.0612354
0.122949
0.04378
0.0231405
0.0123166
0.259167
0.0304279
0.0497501
0.0181516
0.0909509
0.0208248
0.158741
0.0350158
0.0401438
0.0589878
0.0604338
0.021603
0.0240277
0.210603
0.0382532
0.0533852
0.0640366
0.033495
0.0622437
0.0217045
0.014921
0.147061
0.0463694
0.181233
0.0534814
0.0263489
0.0351125
0.0276368
0.0334212
0.0243706
0.234525
0.0486499
0.0243538
0.0836726
0.217889
0.0399866
0.0340126
0.0495034
0.0170535
0.0505768
0.0195073
0.287412
0.136092
0.0481295
0.0131875
0.223684
0.0997628
0.0536557
0.0536633
0.0285066
0.0827323
0.0861228
0.0569398
0.0139662
0.134692
0.140961
0.0799707
0.0704566
0.0516935
0.0868767
0.0652035
0.0324962
0.0439426
0.058019
0.0249066
0.17785
0.109481
0.00913353
0.0803915
0.00884949
0.0533995
0.0492405
0.0525019
0.044374
0.0247154
0.0345604
0.0564155
0.0202474
0.0413364
0.100949
0.0389233
0.0617258
0.0270379
0.0943554
0.0203217
0.0755356
0.248872
0.0310465
0.0548287
0.269394
0.00608258
0.118738
0.0276614
0.0541407
0.0482557
0.0127324
0.102891
0.0356256
0.0498538
0.325247
0.0168073
0.0244154
0.0818338
0.0558584
0.08437
0.0496502
0.174785
0.0649605
0.0307348
0.0616302
0.018999
0.039737
0.0661138
0.0800757
0.0524536
0.0656204
0.114555
0.075871
0.0124771
0.136548
0.0346462
0.0794531
0.026399
0.0832266
0.0605241
0.0487019
0.0455601
0.0356431
0.0829793
0.0439561
0.00691218
0.0480965
0.0158747
0.0582066
0.0340328
0.142125
0.0307619
0.12051
0.163723
0.102495
0.127135
0.0887632
0.112269
0.0230783
0.026949
0.260604
0.10006
0.0267429
0.0785744
0.0306475
0.0199024
0.0209891
0.149719
0.0253581
0.0568387
0.0478017
0.0399134
0.0873879
0.0140184
0.0241707
0.166757
0.0787521
0.194111
0.0548332
0.0958076
0.0331833
0.0154429
0.0751264
0.035163
0.0628301
0.0263017
0.0549251
0.153315
0.0272086
0.0375274
0.0148679
0.0333566
0.21028
0.0656663
0.0278835
0.0646098
0.147254
0.0292529
0.0350909
0.0554287
0.0875887
0.0159292
0.0601615
0.0407893
0.0797017
0.0415941
0.161345
0.0436392
0.0186071
0.0231375
0.0678153
0.0114839
0.0786309
0.0554774
0.0230032
0.0843635
0.0312238
0.0140356
0.22533
0.0281143
0.0540365
0.0207655
0.12258
0.0368369
0.041559
0.169978
0.0263001
0.0265362
0.0378122
0.0295474
0.0699955
0.0346573
0.0794517
0.0222898
0.0256142
0.105856
0.0366084
0.0163047
0.103662
0.0565535
0.0286932
0.0317315
0.0232782
0.173719
0.0153677
0.113731
0.0446307
0.0195196
0.0515999
0.0419334
0.0721094
0.0461073
0.0806074
0.050388
0.102198
0.0397429
0.0581644
0.0256321
0.0246171
0.0223646
0.0208108
0.0581236
0.0615953
0.123941
0.0804061
0.0150582
0.0172116
0.00881564
0.0386993
0.0750397
0.114829
0.0230001
0.0826287
0.189381
0.031591
0.0247872
0.0506699
0.0560636
0.171751
0.0292452
0.132278
0.0840216
0.0600713
0.0706396
0.0250352
0.0571191
0.0428703
0.0213384
0.0599831
0.0258645
0.0719338
0.0917655
0.0111913
0.0280697
0.00968638
0.069419
0.109373
0.0273969
0.11574
0.0200961
0.0876799
0.0231431
0.0155879
0.0377043
0.057706
0.056465
0.0789292
0.0272978
0.0805475
0.0334651
0.0185516
0.0233361
0.211219
0.0334589
0.0120325
0.0195809
0.0211588
0.0769499
0.0784078
0.115132
0.0463945
0.0605935
0.046265
0.041905
0.014953
0.0450306
0.0786314
0.0888989
0.0354111
0.0494276
0.144651
0.0642872
0.0220877
0.0914246
0.057348
0.0713314
0.0616013
0.0110836
0.113333
0.0160985
0.195775
0.033714
0.13992
0.00530261
0.16138
0.096484
0.069465
0.0945569
0.0242735
0.0133483
0.0545525
0.070032
0.0495411
0.0452281
0.044335
0.0246275
0.0630509
0.102836
0.044045
0.0295235
0.113353
0.0428105
0.0578544
0.0388637
0.0147849
0.00989793
0.0118467
0.0657412
0.0592803
0.112421
0.0181209
0.0100646
0.0159511
0.0199367
0.0381322
0.0166569
0.0837361
0.214106
0.157039
0.0923767
0.101414
0.035452
0.0220937
0.0467255
0.0679223
0.0476033
0.0695975
0.127298
0.112482
0.0928537
0.0483913
0.0317882
0.239646
0.0185335
0.0556414
0.138331
0.0776165
0.0331898
0.0765757
0.0666459
0.101431
0.0228317
0.220643
0.00766413
0.026247
0.0733575
0.0148395
0.0784216
0.0106315
0.0670468
0.03074
0.0263072
0.0360007
0.338895
0.0737355
0.110437
0.0778363
0.0517009
0.0379255
0.0793737
0.18318
0.0334285
0.0702739
0.0405849
0.0154539
0.0815587
0.143086
0.0402485
0.0378129
0.0223675
0.0402027
0.0325701
0.0786809
0.00573576
0.115701
0.021126
0.0142185
0.101639
0.0808819
0.0458118
0.0536711
0.0551382
0.0574298
0.170499
0.0665992
0.0506911
0.0355836
0.150173
0.172083
0.0282844
0.0851728
0.163657
0.0569268
0.0237488
0.0553895
0.0533998
0.0211588
0.0212327
0.0438038
0.141453
0.0465818
0.037261
0.0537103
0.0723386
0.0790112
0.0318426
0.121272
0.0210415
0.11179
0.064287
0.0565063
0.0407773
0.047281
0.0451157
0.0596618
0.0292167
0.0338093
0.0319849
0.0377643
0.018222
0.0163141
0.0455899
0.0221564
0.0387116
0.041429
0.0165357
0.0415898
0.0372918
0.0846062
0.0931612
0.0872029
0.0213154
0.0407754
0.0656376
0.0814739
0.0241953
0.0313135
0.198208
0.13768
0.024
0.0238119
0.0580761
0.0367246
0.0487618
0.0677765
0.186507
0.0502825
0.0429012
0.0433423
0.0284868
0.0506998
0.0120549
0.0446753
0.196964
0.0159516
0.121172
0.0309224
0.123371
0.0240541
0.071882
0.0513551
0.186706
0.0936815
0.128508
0.100474
0.126923
0.0339465
0.0532695
0.030298
0.0475892
0.0413052
0.0366601
0.082281
0.0607725
0.0433911
0.0514401
0.0180195
0.0878829
0.0648122
0.0489858
0.129525
0.0329205
0.0402414
0.0195462
0.0369461
0.0474218
0.0247873
0.0195433
0.0397123
0.0184843
0.151679
0.0167996
0.0388034
0.0359312
0.0354015
0.0545464
0.243107
0.0164108
0.0409114
0.0416403
0.0438745
0.10029
0.138664
0.0140432
0.053312
0.0300206
0.0680507
0.102613
0.0890106
0.0281059
0.0729499
0.0229478
0.0417834
0.00898826
0.0372173
0.0238131
0.0976394
0.0318317
0.0436257
0.00816435
0.0547844
0.0815531
0.077373
0.0446805
0.0533896
0.035398
0.135293
0.148028
0.187102
0.0241238
0.0268838
0.0190052
0.0617337
0.0210666
0.0458179
0.247914
0.105506
0.0593593
0.154158
0.273061
0.0842821
0.0782107
0.044967
0.0974319
0.0512241
0.0857667
0.0230873
0.039008
0.0219358
0.196788
0.0227994
0.075534
0.0172764
0.116883
0.0211785
0.0189159
0.0299834
0.0337045
0.0524351
0.115604
0.0347421
0.0423425
0.0414209
0.019663
0.0850703
0.0865569
0.0208318
0.0296067
0.0428958
0.086067
0.0244313
0.0368285
0.0714895
0.0777459
0.0659694
0.135132
0.0672566
0.0719885
0.0200192
0.014313
0.0617102
0.0254551
0.0703462
0.0889034
0.0137791
0.0331786
0.0560066
0.0416262
0.0477013
0.0183984
0.0635899
0.067495
0.052786
0.11437
0.0391037
0.0536511
0.0439972
0.12861
0.0258962
0.0747778
0.0279006
0.0280119
0.0454465
0.0597056
0.0463141
0.0266062
0.0779195
0.132138
0.0799335
0.0170758
0.0446288
0.0672821
0.0395581
0.0140619
0.0605234
0.0130723
0.035389
0.0405166
0.132706
0.0532886
0.0329528
0.0416612
0.10077
0.0351342
0.0282505
0.0737127
0.0264557
0.0174715
0.076366
0.065601
0.122033
0.0411539
0.0194606
0.0149453
0.0340031
0.0425443
0.123464
0.0250356
0.0491908
0.0625045
0.0560698
0.0728952
0.0079053
0.0093845
0.0824699
0.0426068
0.041169
0.0281705
0.0769039
0.123849
0.102353
0.111793
0.173156
0.0183349
0.0342099
0.024206
0.0226909
0.0299286
0.0460993
0.054124
0.156694
0.0582039
0.0845735
0.0633673
0.0748019
0.0201485
0.0353941
0.0637245
0.0372388
0.0241905
0.0174941
0.0220815
0.0305937
0.0280218
0.0907715
0.0391663
0.083439
0.0433771
0.0321421
0.0154274
0.0460974
0.0150834
0.0401034
0.055613
0.173131
0.0866121
0.0411022
0.0394702
0.0475097
0.0534644
0.0493084
0.0240255
0.0307898
0.0370059
0.045708
0.0341275
0.0929294
0.0585862
0.0435949
0.121636
0.194366
0.0411984
0.0467966
0.172946
0.0586668
0.16897
0.0221888
0.0328489
0.0088525
0.0509007
0.0281408
0.287294
0.0665032
0.110648
0.0519089
0.173017
0.139792
0.0270411
0.0301558
0.0821493
0.0426089
0.0363112
0.0897274
0.0285418
0.16325
0.0470842
0.0349262
0.0510785
0.0267004
0.0492633
0.0288962
0.013354
0.0540689
0.0416234
0.135235
0.101638
0.042534
0.0163461
0.101228
0.132051
0.0292626
0.074909
0.0381439
0.0585123
0.0527134
0.235586
0.0729955
0.0431658
0.121851
0.0207493
0.0184199
0.0176368
0.0334416
0.0263941
0.0296782
0.0407381
0.0589957
0.15745
0.0766346
0.0236156
0.0695263
0.0771849
0.024609
0.0299479
0.0399595
0.0209478
0.0157046
0.10499
0.040165
0.0463888
0.0268332
0.0227036
0.548507
0.0359281
0.0673087
0.258962
0.0666646
0.187759
0.0354371
0.0648516
0.0900576
0.0370222
0.017583
0.110336
0.119199
0.0778492
0.0240711
0.157936
0.0190257
0.0456424
0.102269
0.0438292
0.0294063
0.0299787
0.0410659
0.0183064
0.0137649
0.0556543
0.0130968
0.0444566
0.00975084
0.0324044
0.0538249
0.0116136
0.0764007
0.142114
0.0767019
0.032941
0.0211674
0.0539289
0.0664197
0.0593102
0.0563116
0.0116138
0.119459
0.0948154
0.0909569
0.0666203
0.113652
0.0614719
0.052561
0.0368588
0.11162
0.0564955
0.0389299
0.130721
0.0655678
0.163246
0.0456211
0.138421
0.0340694
0.0302765
0.115515
0.0300961
0.0467914
0.0601089
0.0351529
0.069236
0.0878852
0.0625693
0.0202589
0.138086
0.0340232
0.071286
0.0777744
0.0544199
0.0535229
0.0342618
0.0166646
0.173049
0.0319709
0.0704646
0.0721374
0.0425522
0.0379594
0.055481
0.0720996
0.0263383
0.0487941
0.0521894
0.158206
0.0692342
0.0954621
0.258014
0.0208209
0.0222165
0.206112
0.0245441
0.11948
0.0273271
0.0261326
0.134114
0.0717042
0.0386476
0.0611294
0.0461738
0.0304187
0.0974095
0.357236
0.0677762
0.0484143
0.17801
0.11418
0.142018
0.0564956
0.0393888
0.0479386
0.0577239
0.0710407
0.0791132
0.11008
0.10084
0.0754833
0.0418945
0.0644502
0.0697828
0.0408379
0.0361676
0.286846
0.13121
0.0642472
0.0493448
0.0289477
0.0459489
0.1157
0.0160727
0.103849
0.0096625
0.0707323
0.0524195
0.0268899
0.0655653
0.122149
0.0488267
0.0412682
0.029969
0.039255
0.132081
0.0413453
0.268758
0.0265124
0.024726
0.05745
0.0622326
0.0154178
0.00404276
0.0869725
0.0853232
0.0962272
0.0610664
0.0519729
0.103604
0.0277351
0.068855
0.0254014
0.0362485
0.0349184
0.0334608
0.0436412
0.0621427
0.0850724
0.0269994
0.04791
0.0544408
0.132337
0.0942757
0.0453661
0.044538
0.114209
0.0620623
0.119169
0.0292363
0.111397
0.0520264
0.0220711
0.0263605
0.0444327
0.0736815
0.0741451
0.00754109
0.0301615
0.0261331
0.0796803
0.258516
0.0254735
0.0146388
0.0280263
0.0124596
0.166496
0.161228
0.0740463
0.0599118
0.0334155
0.262449
0.0749212
0.0235627
0.0827957
0.021697
0.0592973
0.0392191
0.0985501
0.0686516
0.0775845
0.0208869
0.0935334
0.0782605
0.0403355
0.0337179
0.0827303
0.0216032
0.135985
0.171677
0.0378512
0.0233796
0.0320603
0.0728396
0.00728689
0.0636336
0.109593
0.102185
0.113557
0.0384342
0.0317302
0.0306061
0.0233068
0.0255834
0.033441
0.121757
0.199663
0.0189647
0.0885124
0.0752101
0
0
0
0
0
0
0
0
0
0
0
0
0
0
0
0
0
0
0
0
0
0
0
0
0
0
0
0
0
0
0
0
777777