2.8068
999999
-0.355977
-0.341361
-0.0431517
-0.150449
0.0647969
-0.0867609
-0.209541
0.257581
-0.0152799
0.166283
0.348728
0.106947
-0.0639217
-0.331196
-0.172511
0.314301
0.593028
0.156068
0.472007
0.397935
0.0775951
0.380222
0.17035
0.393305
0.484263
-0.0173415
-0.190942
-0.665228
0.0299377
0.920533
0.303616
-0.0338963
0.205605
-0.512299
-0.156357
0.224884
0.21041
0.276533
-0.0185935
-0.0926012
0.345036
0.137533
1.75691
0.0657614
0.23293
0.200607
-0.198231
-0.198746
0.431008
0.486253
0.136203
-0.197139
0.297944
0.243889
0.675082
0.178255
-0.125294
0.178015
0.2922
-0.0201642
-0.0926932
-0.665447
-0.301237
-0.254499
0.0884402
-0.522733
0.319837
0.132998
0.168851
0.383379
0.220641
-0.294793
-0.354562
-0.174141
-0.239666
-0.0509805
-0.297244
0.722006
0.177675
-0.0837429
-0.0082433
-0.0122717
-0.247567
0.523582
0.122629
0.660008
-0.0358425
0.181625
-0.581035
-0.890895
-0.273418
0.199996
0.202854
-0.555828
0.198541
-0.0444473
0.746511
0.601541
-0.395672
-0.0846408
-0.0721258
-0.0211204
-0.233415
0.264611
-0.0488194
0.0429683
-0.364616
0.527908
-0.22794
-0.375519
0.105468
-0.0616025
-0.0959517
0.554262
-0.233633
0.454036
0.247066
-0.559306
0.174473
-0.199654
-0.374533
0.0490393
-0.154826
-0.403942
0.0520874
0.988716
0.215187
-0.0342244
0.565656
-0.289026
0.201905
-0.631524
0.996069
0.463921
0.0036643
-0.0892972
0.149889
0.25608
0.463854
-0.547317
0.602177
-0.0633244
0.167933
0.00603003
0.137846
0.169855
-0.150388
0.297423
0.13247
0.106711
0.245415
0.519056
-0.260575
-0.250078
1.02492
0.431802
0.0749483
0.25325
0.220335
0.311793
-0.0850557
0.276587
0.0171053
0.317275
0.261477
-0.513639
-0.0294058
-0.49149
0.368619
-0.26364
0.60634
-0.118848
-1.25978
0.13378
-0.566501
0.134553
-0.15045
-0.238751
-1.06214
-0.498057
-0.0544113
0.595524
-0.38115
-0.000255654
0.127084
0.167163
0.159517
-0.329255
-0.313976
0.0913475
0.125483
0.477631
0.720696
-0.42058
0.362126
0.152915
0.0729671
0.227584
-0.0207979
0.261034
-0.743564
-0.282785
0.303133
-0.427873
-1.06162
-0.104591
-0.263495
-0.118119
-0.00327649
-0.22684
-0.316104
0.159838
-0.498695
-0.42836
0.119922
-0.77105
0.503964
0.151124
0.906273
0.076325
-1.04988
-0.360126
-0.15376
-0.413632
0.493659
0.259289
-0.116275
0.190352
-0.0196198
0.325992
-0.199396
0.417569
1.3923
-0.256061
-0.0459596
-0.732898
0.0635234
0.110575
0.965729
-0.582001
-0.642984
-0.51128
-0.0518916
0.0949339
-0.0246318
-0.285932
-0.0588833
0.403597
0.407623
0.179247
0.0595268
0.944747
0.0923623
-0.346935
0.39459
-0.0306714
-0.136828
-0.459808
-0.16558
-0.198052
0.14604
0.0120244
0.348477
0.424805
-0.074826
-0.0956547
0.548854
-0.453557
0.206668
-0.173267
-0.119603
-0.115344
0.273044
0.506405
-0.279912
0.584017
-0.507124
0.411157
-0.208429
0.486277
-0.265732
-0.0269052
-0.14725
0.252931
-0.836383
-0.208014
-0.0782973
-0.400655
-0.0561607
0.322858
0.0870303
0.403978
-0.301727
0.411429
0.711467
0.532038
1.06547
0.217621
0.902501
0.772021
-1.47509
0.476699
-0.1977
0.578191
-0.111587
-0.698264
-0.154214
0.168593
0.89282
-0.0983003
0.313903
-0.566382
-0.0406361
-0.333178
0.303172
0.357912
0.485288
-0.370323
0.46558
-0.137793
-0.102064
0.156055
0.36691
-0.194414
-0.404594
-0.010718
-0.462378
-0.199527
0.396036
-0.225449
0.311923
0.448594
0.235737
0.525431
-0.318237
0.496824
0.320023
-0.176555
0.893527
0.31752
0.629454
-0.271125
0.299256
0.262469
0.532375
-0.276595
-0.106089
-0.168553
-0.495191
0.912537
-0.180303
-0.22499
0.00725083
0.0872737
0.101668
0.189402
-0.349343
0.689738
-0.740522
-0.0610476
-0.537812
-0.31504
-0.0743859
-0.302969
0.290788
-0.263592
0.709674
0.0776816
-0.431933
0.0149537
0.0690447
0.359959
0.106076
-0.347327
0.233325
-0.340343
0.120026
-0.344308
0.308469
0.121457
-0.296136
0.350169
0.365683
-0.0184297
0.211587
0.339363
-0.643513
-0.576009
-1.04404
0.228461
0.0799199
-0.262818
-1.27697
-1.39522
0.175691
-0.310316
0.109687
-0.644744
0.332894
0.0551428
0.122022
-0.229481
1.35948
0.143889
-0.548053
0.708207
-0.140404
-0.0357746
-0.00120197
-0.197198
-0.389373
-0.183295
0.832231
0.234966
-0.527266
-0.416978
0.214655
-0.576481
0.021063
-0.281441
-0.264335
-0.00185589
0.0548482
-0.305898
-0.0259833
-0.395551
-0.0365046
0.0414997
-0.211395
-0.0409944
0.0422058
0.481829
0.322661
0.0626136
-0.176201
-0.401194
0.283422
0.606267
-0.454732
0.355948
0.029625
-0.0720035
0.0131229
-0.312818
-0.0987045
0.136038
-0.383925
0.265366
0.438828
-0.312269
0.233119
-0.460309
0.0751628
0.350439
0.115343
0.841549
0.0028202
0.0288869
-0.463614
-0.0329698
0.468614
-0.352524
-0.155005
0.514604
-0.125376
0.000588679
0.567367
0.268797
0.562934
-0.141259
-0.00558234
-0.152451
-0.0596551
-0.173596
-0.586672
-0.368665
0.258309
-0.687851
1.4252
0.108204
-0.122899
0.500358
0.447551
-0.43504
-0.466704
-0.102199
0.041234
0.152087
0.120713
0.186251
-0.525221
-0.625345
-0.0968446
-0.361431
0.409111
0.00714862
-0.0603875
-0.167933
-1.27163
-0.532924
-0.191462
-0.604102
0.757778
-0.443501
-0.318958
0.221662
-0.167895
0.195481
-0.401464
0.027723
0.289602
0.256061
-0.367556
0.297146
-0.0485369
1.41054
0.167052
0.384317
0.565549
-0.520712
-0.221407
-0.11319
0.0566323
0.330143
0.275844
-0.151728
1.18171
0.143359
-0.2477
0.0973951
0.154875
-0.0289993
-0.285983
0.00177758
0.235643
0.0595806
-0.391955
-0.271267
-0.902476
0.718186
0.00288143
0.221163
0.122499
0.341142
-0.275244
-0.164385
0.440069
0.0857218
-0.0420275
-0.00434918
0.100902
-0.567337
-0.739666
-0.416006
-0.044577
-0.263407
-0.0559542
0.502937
0.0673156
0.97648
0.144699
-0.964868
0.29523
0.134169
-1.39216
0.189909
-0.457046
0.409125
0.103283
-0.0986475
-0.155404
0.0903185
-1.3577
-0.227456
0.252075
-0.0797262
0.0256674
-0.703132
-0.469031
0.138837
0.360924
-0.222959
0.0740191
1.17982
-0.360265
0.259895
1.56419
0.0205341
-0.043961
0.192807
0.230768
-0.145641
-0.485105
0.0828568
-1.54774
1.02813
-0.391333
-0.190334
-0.0638217
0.658872
-0.199808
-0.219872
0.00482553
0.309448
0.640727
0.00135639
0.0230074
-0.5606
-0.307436
-0.294348
0.543919
-0.161275
0.30083
-0.113356
-0.10348
0.313483
-0.247922
-0.674118
-0.00980382
0.293398
-0.24144
0.249763
0.0733372
-0.0920012
-0.045279
-0.0155544
0.365924
0.015437
0.61881
-0.912167
0.0300729
0.126123
0.113657
-0.70579
0.0220945
-0.814137
0.182209
0.380595
-0.280776
0.131676
0.712726
0.413568
-0.00809662
-0.639381
0.0715336
0.00504105
0.641426
-0.122911
-0.161715
-0.600115
0.120489
0.251632
0.124229
-0.249218
-0.191222
0.0423132
-0.366121
0.00560587
-0.643512
0.364814
0.0026723
-0.362492
0.0298062
0.547962
0.0192291
-0.204774
-0.367209
-0.120659
0.421244
0.361196
-0.241805
-0.0286426
0.32549
-0.426797
0.10449
-0.705528
0.168621
-0.469236
-0.633503
0.0592794
0.240732
0.129216
-0.197954
-0.0289821
-0.3068
0.44164
-0.503295
0.251979
-0.178199
0.495441
-0.578207
-0.0219828
0.435766
-0.0412034
-0.764268
-0.0815717
-0.481595
-0.374015
-1.07074
-0.494714
-0.108987
-0.535077
-0.0707603
0.170989
0.241359
-0.240229
-0.0597335
0.0978704
0.180171
-0.356518
-0.194042
-0.225449
0.0212848
-0.27919
-0.136001
0.217369
0.235171
-0.139194
-0.325307
-0.190532
-0.259471
0.350621
-0.825179
-0.136152
0.171649
-0.219175
-0.023347
0.61368
-0.249402
0.744589
0.163044
0.258579
-1.12372
-0.424811
0.402056
0.49815
-0.459591
-0.252666
0.034816
0.0347733
0.0780822
0.15785
-0.124147
0.162241
-0.635541
0.16594
0.281925
-0.182817
-0.134701
0.0480732
0.179693
-0.21588
1.20164
0.178751
0.458204
0.086331
-0.306958
-0.290343
0.257992
-0.142996
-0.531497
-0.111274
-0.0172664
0.10886
0.0836099
0.063421
0.0216579
0.116324
1.51448
-0.378672
0.440071
0.0552088
-0.034768
-0.306859
-0.142843
0.306561
-0.0559386
-0.187327
1.79219
0.332556
0.189361
-0.138016
-0.464527
0.601449
-0.149513
-0.0190029
0.0598692
0.498534
-0.632824
0.00033578
0.358282
0.0364021
0.32047
0.480484
-0.794989
0.819827
0.319699
-0.0890659
0.643272
-0.134868
-0.529509
-0.273802
0.872549
-0.255524
0.0191811
-1.54667
0.534964
-0.00979503
0.231192
0.0122091
-0.756917
-0.751257
-0.0808653
0.20485
-0.136881
-0.506323
-0.00247986
-0.747368
0.70217
-0.0414266
-0.125996
-0.199931
0.51998
0.0492342
0.796963
-0.313104
-0.236742
0.062607
-0.153813
-0.160253
-0.118345
-0.589832
-0.0365605
0.0481433
0.386786
0.193361
-0.11295
-0.234633
-0.156625
-0.0294156
0.510786
-0.1685
0.450838
-1.29556
0.23632
-0.415915
-0.199632
0.0532844
-0.00365415
0.107244
-0.442513
-0.0043843
0.13394
0.50433
-0.172099
0.461921
-0.402705
0.286394
-0.0542018
0.0716103
0.0571115
-0.577218
-0.245067
-0.426889
0.115243
0.00788121
0.279041
0.103975
-0.264666
-0.680318
0.146797
0.0307208
0.530711
0.194705
-0.48126
0.131868
-0.191186
0.125862
-0.0524152
-0.304492
0.387155
0.154065
0.206627
0.106926
-0.132851
-0.304298
0.0893053
-0.567432
-0.131114
0.375979
-0.673124
0.863773
-0.233394
0.116174
0.821375
-0.149078
0.766709
0.305729
0.2661
-0.0581375
-0.50593
0.465093
-0.0443456
0.367052
-0.17285
0.164225
-0.482854
-0.107575
-0.0776749
-0.415029
0.309834
0.0335448
0.190462
0.209069
0.608164
-0.386973
0.20078
-0.250888
-0.451414
-0.410734
-0.28914
0.121607
-0.090985
0.0196451
0.0871025
0.272568
-0.961654
0.954868
0.0340997
-0.131538
1.20085
-0.119885
0.000269223
-0.0903145
0.326124
-0.417688
0.964496
0.330955
0.0578514
0.391808
0.0253092
0.0548069
0.423805
-0.522924
-0.0772034
1.36115
-0.166881
-0.360884
-0.0930603
0.329283
-0.0720899
-0.82555
-0.218417
0.432326
-0.901191
-0.0149743
-0.936213
-0.0344863
-0.490481
-0.0407718
1.02398
0.165202
0.455452
0.197555
-0.592838
0.0597695
-0.095794
0.0133988
-0.0958531
-0.194223
-0.690349
-0.00688773
0.505663
0.0711644
-0.963994
-0.45011
-0.029159
-0.257592
-0.391647
-0.314541
0.459905
-0.534734
0.110731
0.310172
0.0851258
0.520793
0.217616
0.0746912
0.315661
0.349897
-0.429266
0.119934
-0.117617
0.252312
-0.0210098
0.437752
0.541597
-0.0687224
-0.513163
-0.252291
0.115532
0.0403018
0.697986
0.321772
-0.100792
0.0142553
0.393276
-0.646419
0.0196088
0.564021
0.131857
-0.0132611
0.277839
2.4346
-0.116411
-0.00158137
0.518431
-0.673877
0.401159
-0.165985
0.494053
-0.197833
-0.291818
-0.355043
0.0443579
0.0501472
0.0404657
0.152228
0.268118
0.13658
-0.148146
0.436851
0.260252
-0.265364
0.627868
-0.38185
-0.197842
0.678493
-1.14554
-0.0416124
-0.305865
0.0128468
0.144423
-0.910012
-0.00313627
-0.165986
0.286272
-0.258092
-0.170832
0.364956
-0.0557417
-0.0613023
-0.0519379
0.488322
0.141887
-0.818649
-0.32233
0.150603
0.0571474
-0.201897
-0.366747
0.485866
0.276588
-0.548414
0.0607614
-0.395724
0.196703
-0.310234
0.563855
0.086002
-0.356513
-0.094588
0.150363
-0.317422
0.220553
0.139571
-0.74753
1.51761
-0.386616
-0.185015
0.0282971
-0.168844
-0.421204
-0.0754104
-0.202606
0.300861
-0.0231737
0.274677
-0.441899
-0.383162
0.0173577
0.0945117
-0.411819
0.351951
0.0616904
0.00538987
-0.817343
0.154949
0.329296
0.315348
-0.105582
-0.208236
-0.17238
-0.640103
0.389589
0.130043
0.154481
-0.20617
0.764773
0.306181
-0.0894477
-0.019276
0.0397643
0.217634
-0.486571
-0.265171
-0.66853
-0.493062
-0.071405
-0.221919
0.0751005
0.31406
-0.257313
0.653985
-0.0546416
-0.720792
0.203186
0.176058
0.0624145
-0.3059
0.506191
-0.171469
-0.0131739
0.578673
0.435263
0.60253
0.09932
-0.397844
0.428898
-0.248724
-0.509866
0.128905
-0.19759
0.762553
-0.383537
-0.658016
-0.163771
-0.0991426
-0.0375405
-0.358742
0.0360732
0.282631
-0.165154
-0.310424
-0.19866
-0.620386
0.464129
-0.121005
0.326833
0.117915
-0.247977
-0.063276
-0.102446
-0.176746
0.223774
0.0810623
-0.19718
-0.120022
0.143449
0.14947
0.199042
-0.344967
0.223756
-0.0810331
1.47662
-0.1186
-0.465259
0.168915
0.0304666
0.53017
-1.27769
0.395213
-0.158329
0.442628
-0.0185631
0.200739
-0.079157
0.224841
0.0531125
-0.0981344
0.153509
0.187676
-0.239782
0.143655
0.2689
0.506706
-0.730201
0.115739
0.230799
-0.203142
-0.247534
-0.300759
-0.17592
-0.0732531
0.403447
-0.993118
-0.264119
0.126213
-0.0562136
-0.325026
-0.143121
0.32766
0.567346
1.0393
-0.273188
-0.829675
-0.0980285
0.473198
0.182213
0.494127
-0.466362
-0.329213
0.162137
-0.0548417
0.151828
0.0395885
-0.112241
-0.704853
-0.039138
-0.555214
-0.117309
-1.08007
0.18479
0.226074
-0.0875291
0.0119464
-0.507901
1.00015
0.0677287
0.0241118
0.0205774
0.269836
0.371877
0.699719
0.564154
1.5002e-05
0.125814
0.524622
0.239941
0.146501
-0.00977026
0.663839
0.322181
-0.18357
0.0277208
0.168098
0.287531
0.0548054
0.101546
0.381996
-0.0855894
0.645415
-0.403495
0.356092
-0.0515754
-0.0457856
0.566765
-0.188722
0.517453
0.171735
0.60856
0.705829
-0.0281931
-0.255667
-0.599546
-1.03461
-0.559173
-0.686441
0.144761
-0.349112
0.310655
0.468155
-0.691256
-0.135208
-0.170863
-0.12172
0.0135968
-0.314601
0.19251
-0.10487
-0.0348822
0.11334
0.166974
0.353611
-0.124147
0.332179
0.356302
0.201367
-0.623822
-0.113653
0.611865
0.106201
0.39384
-0.10595
0.0475359
0.20434
1.01331
-0.426273
0.337167
0.353981
0.161268
0.0994706
-0.652509
0.854221
-0.964117
-0.0704951
0.0248253
0.355642
0.0309666
0.685697
-0.127242
0.341434
0.640123
0.00244588
-0.412405
-0.23221
0.0807729
-1.00283
0.505633
-0.480864
0.410653
-0.215781
0.175671
0.0849587
0.229203
0.199738
-0.265542
-0.237187
-0.944914
-0.0454177
0.345679
-0.551614
0.546817
0.273814
-0.0486559
0.0807232
-0.276624
-0.48307
-0.267138
0.0488299
-0.412144
-0.558117
-0.291042
-0.0715187
-0.182913
0.239325
-0.12947
0.150334
-0.270967
-0.18235
0.00650009
-0.390791
-0.0683308
-0.886864
-0.733888
-0.296683
-0.538895
-0.198305
-0.0538327
0.126082
0.384742
-0.0524401
-0.139671
-0.269246
0.629841
0.433019
0.150544
-1.64098
-1.80153
-0.0257093
0.541192
0.46365
0.449752
0.826151
0.000494308
1.02221
-0.296587
0.171979
-0.0188821
1.85574
0.547957
0.536443
-0.409033
-0.139095
0.22071
-0.145186
0.487407
-0.281615
0.0193999
0.344896
-0.52115
0.0561664
-0.527143
0.0318469
-0.0452712
0.335664
0.236903
-0.75082
0.319448
0.279029
0.135618
-0.0247145
-0.341666
-0.199796
-0.509741
-0.0188024
0.597749
-0.450818
-0.0168218
-0.347483
0.314363
0.125214
-0.00450262
-0.62928
0.132979
0.0995354
1.4674
0.360354
-0.161067
0.348365
0.133854
-0.0948671
0.145438
0.346885
0.909583
0.095544
-0.0291157
-0.0473943
-0.329266
-0.14117
-0.619303
0.452695
0.161458
0.0562602
0.157626
0.216811
0.292001
0.0251366
0.0881975
-0.961691
0.264712
0.321159
0.479548
1.22942
-0.264566
0.252863
-0.178573
-0.102195
1.24639
-0.0774901
-0.435901
0.367057
-1.70027
-0.911754
0.284579
0.781779
0.145529
0.25549
0.167406
0.206847
-0.0196511
-0.0706879
0.293817
0.250325
-0.281885
0.146423
0.0677753
-0.130287
0.0527162
-0.0836048
-0.0946315
-0.00253744
0.126616
0.125378
-0.375194
0.140967
-0.602252
0.252262
-0.515569
-0.0353055
0.362184
0.473655
-0.0405971
0.526957
-0.672665
-0.0173208
0.333131
0.64275
-0.49753
-0.591
-0.475406
0.227775
0.328618
0.0478756
0.308613
-0.95884
-0.495083
-0.735381
0.242352
-0.11318
-0.181352
0.352398
-0.25138
0.56781
-0.00686348
0.221481
0.391051
0.52847
-0.0463891
0.331822
-0.0953584
-0.252233
-0.346259
-0.191921
-0.221843
-0.146687
0.291445
-0.426638
0.18381
0.344163
-0.586605
0.0824437
0.162728
0.012655
0.544768
-0.131153
-0.0597947
0.20611
-0.148632
-0.0356379
-0.96453
-1.08092
-0.3615
0.0828697
1.47404
-0.01695
-1.1207
0.226011
-0.148625
0.486902
0.380615
0.0948403
-0.0616305
0.182012
-0.054296
0.0675279
-1.06252
0.331494
0.368976
-0.0939384
-0.301299
0.0697042
0.0193877
-1.27405
0.584076
-0.711361
-0.233378
0.452552
-0.432494
-1.16842
-0.320315
-0.0552525
0.32819
-0.119398
-0.337054
-0.0448375
-0.112755
-0.198954
-0.442933
0.338055
-0.0790774
-0.163857
0.814635
0.128147
0.231074
-0.108795
0.781426
-0.4093
-0.00958435
-0.317168
0.102049
-0.0298199
0.00739948
0.276096
-0.0118768
1.61818
0.3758
1.19523
0.172113
0.109443
-0.20576
0.650384
-0.182419
0.088619
-0.679013
-0.292474
-0.290955
-0.176966
0.606004
0.309478
-0.14411
0.585542
-0.190491
0.337176
-0.602035
-0.150579
0.406523
-0.277968
-0.151768
0.314095
-0.745408
-0.444322
-0.825064
-0.17046
-0.358225
-0.129281
-0.789342
0.132982
-1.06018
-0.14892
-0.335065
0.149165
0.30495
0.0900376
-0.259729
0.569498
-0.300223
-0.131337
-0.305121
-0.0183729
-0.615879
3.01957
0.289597
-0.0984853
0.179154
-0.058717
0.615607
0.319807
-0.277632
0.454373
0.0867468
0.468174
-0.355488
0.217398
-0.0563277
0.58365
-0.0789252
0.143739
-0.692556
-0.0864559
0.184384
-0.233277
-0.22612
0.147166
0.0700238
0.0562518
-0.206979
-0.255881
0.260911
1.01425
-0.614173
0.119056
0.166402
0.129358
0.230212
0.0344502
1.08743
-0.613312
0.0760655
0.0500473
-0.0744833
-0.084192
0.214654
0.00226112
0.161466
0.833007
0.291773
-0.0201406
0.335849
0.381038
0.0845411
-0.183404
0.17198
-0.163149
0.0570926
-0.183599
0.104672
-0.16808
0.0231031
-0.113866
-0.104268
0.128119
0.0246999
-0.115726
-0.193223
0.0111041
0.0682237
-0.156079
-0.0685226
-0.156845
-0.0763311
-0.0496129
-0.048363
-0.0107757
0.0357473
-0.0172453
0.127606
0.0530418
0.162334
0.0869917
0.127751
0.184639
888888
0.032721
0.0100548
0.0935117
0.0232992
0.0277355
0.050193
0.0447183
0.190657
0.0259415
0.0676897
0.0394215
0.0452969
0.0999505
0.0190821
0.00712831
0.0327108
0.0532246
0.00769557
0.0448224
0.227651
0.0418356
0.0889405
0.128388
0.0306518
0.0779964
0.0107584
0.038376
0.349013
0.0171245
0.0850245
0.108891
0.0183999
0.094315
0.0831415
0.0600634
0.0511397
0.0745045
0.0143214
0.0468367
0.0391687
0.0372339
0.0291886
0.28352
0.0226091
0.0244075
0.0821911
0.0243213
0.0489303
0.0483776
0.0117939
0.0380077
0.0557509
0.0733916
0.0581582
0.0551907
0.0353382
0.0237119
0.0136845
0.0266316
0.0200827
0.126364
0.266473
0.0973224
0.0584903
0.0532975
0.0542375
0.0191989
0.00944659
0.0379629
0.110657
0.0743212
0.114599
0.0466024
0.0249911
0.041567
0.0135865
0.0332523
0.109872
0.0569732
0.0374246
0.0393412
0.109516
0.151035
0.122733
0.0291901
0.084885
0.0394559
0.0434944
0.08942
0.103822
0.0289817
0.0259204
0.119826
0.0252889
0.0420627
0.0112209
0.116532
0.0483856
0.0664559
0.0382124
0.0347167
0.0513478
0.0528529
0.0396188
0.0610822
0.0658328
0.0261952
0.0759056
0.0983111
0.049222
0.10005
0.304541
0.0323279
0.0143489
0.0460873
0.0625512
0.0259083
0.0807657
0.039517
0.05737
0.0660682
0.0516388
0.0317434
0.0486685
0.0357175
0.141078
0.111791
0.0626356
0.0601713
0.0611878
0.153206
0.12924
0.200055
0.0604714
0.0145284
0.0542203
0.0680246
0.0210851
0.101815
0.0763104
0.0409134
0.015266
0.033263
0.0487482
0.119671
0.0642075
0.047686
0.0236617
0.0368582
0.0586078
0.0404115
0.104844
0.0117103
0.0265698
0.203892
0.158549
0.290982
0.0429185
0.0608718
0.065679
0.0146114
0.0733973
0.0401773
0.124746
0.104081
0.00681299
0.100606
0.0268329
0.0643613
0.081081
0.0931232
0.0415174
0.165473
0.0393331
0.209314
0.010024
0.0226868
0.0298509
0.0786334
0.0440182
0.0155815
0.0423184
0.0260392
0.0692223
0.0259465
0.0224078
0.0184511
0.0233115
0.0230849
0.0817663
0.0634626
0.0589731
0.0530505
0.221771
0.0504057
0.0190589
0.0795748
0.0943779
0.0460116
0.0178686
0.0685261
0.0721532
0.0538867
0.0223707
0.114729
0.0459749
0.148583
0.0884885
0.0556259
0.124251
0.0541655
0.0285521
0.0344797
0.0216335
0.0335233
0.100748
0.031163
0.0295756
0.0741428
0.0147574
0.295053
0.0855236
0.0217113
0.357378
0.0567875
0.125935
0.0272752
0.0179708
0.0525273
0.0498826
0.166928
0.0345586
0.372063
0.0487546
0.0209596
0.0655765
0.0295102
0.0124626
0.167852
0.157229
0.0445929
0.0438423
0.0716023
0.0839236
0.020507
0.0300638
0.0308058
0.11849
0.0346054
0.0150628
0.0300596
0.144658
0.0971928
0.0352651
0.0414669
0.0487919
0.0395418
0.0383019
0.0187383
0.081447
0.0323817
0.0290146
0.0622615
0.0385779
0.0244696
0.126132
0.0242108
0.0793351
0.0465584
0.112755
0.0712779
0.0863452
0.0274883
0.165902
0.105497
0.048138
0.079439
0.0798404
0.0700211
0.119125
0.01498
0.0835896
0.0331224
0.0543762
0.0922192
0.0229549
0.0357467
0.0354007
0.00665314
0.0188994
0.0279454
0.0507389
0.0209963
0.0347285
0.0560988
0.151809
0.092025
0.198158
0.0274432
0.0144018
0.202951
0.0370752
0.0134956
0.201477
0.0448942
0.162969
0.018093
0.0470923
0.116268
0.127757
0.0211778
0.154774
0.0380263
0.0282236
0.0883436
0.0327764
0.0148487
0.0611537
0.211427
0.0298035
0.14082
0.0900828
0.0745129
0.0473387
0.0385649
0.0711658
0.034639
0.0688237
0.0360209
0.08345
0.203012
0.0417633
0.021341
0.0638145
0.00841646
0.124815
0.0293956
0.012535
0.0981379
0.0360602
0.117543
0.0369917
0.0203122
0.0361735
0.137319
0.0823651
0.0611841
0.0316171
0.054264
0.115169
0.0511987
0.0441744
0.0966463
0.0135295
0.0144913
0.0395231
0.0150397
0.0804369
0.0565425
0.0947806
0.0762363
0.0578823
0.0812591
0.060805
0.0613521
0.0651169
0.0620513
0.0204963
0.0670645
0.102117
0.0326266
0.147246
0.0112928
0.018164
0.0204489
0.0225237
0.0795102
0.013318
0.031287
0.0246008
0.0636577
0.0471639
0.0902742
0.153409
0.0488197
0.0258728
0.0764064
0.0690523
0.110937
0.0576049
0.0786849
0.126068
0.0667867
0.348958
0.0144745
0.0507717
0.0308551
0.0872858
0.0589036
0.0614423
0.0422853
0.0379257
0.136307
0.0429058
0.0150831
0.0525354
0.0241904
0.0550253
0.199886
0.0257848
0.0328938
0.0292124
0.0741825
0.110737
0.0585364
0.0259857
0.0418746
0.0563082
0.0630692
0.217675
0.0810196
0.0151923
0.0192488
0.124247
0.0345549
0.0221575
0.0429111
0.0514506
0.0849336
0.0352265
0.0347587
0.0479743
0.0467807
0.037078
0.037306
0.105449
0.0748182
0.0537113
0.0302046
0.0624322
0.0290986
0.0110291
0.019655
0.0371558
0.196415
0.018836
0.0567268
0.0165079
0.084699
0.0768401
0.0175317
0.056665
0.00874485
0.0896848
0.022712
0.0686687
0.0197643
0.060851
0.0524277
0.0373155
0.0258932
0.0724178
0.0237339
0.0842477
0.125358
0.0166767
0.0333785
0.0328307
0.0478346
0.046845
0.0369693
0.0226949
0.0664638
0.0251143
0.0294784
0.0883397
0.0542012
0.0354555
0.184879
0.063377
0.0819715
0.0521147
0.0280821
0.0773252
0.070994
0.0802584
0.0571991
0.152923
0.151998
0.102302
0.0274258
0.0471306
0.0471451
0.0746122
0.0459929
0.0420616
0.0292508
0.0262563
0.101725
0.0265288
0.0345939
0.0417065
0.0640944
0.0722998
0.0150573
0.0240674
0.24782
0.0415471
0.0923485
0.0425334
0.0665101
0.0282942
0.0392203
0.122944
0.0792777
0.128004
0.0587489
0.0174222
0.0759883
0.0245753
0.0439434
0.0514781
0.199727
0.0419711
0.0768001
0.0494289
0.107654
0.150715
0.0525752
0.0246699
0.0762796
0.0618353
0.0634653
0.0519066
0.106038
0.0691362
0.131304
0.0518436
0.0898033
0.0464789
0.0281741
0.154932
0.0396141
0.0727906
0.0625921
0.0351701
0.0170168
0.0159942
0.0536569
0.085365
0.0582075
0.0556153
0.0999441
0.0721525
0.0510595
0.0403433
0.0879979
0.0170645
0.106735
0.163091
0.164179
0.0637576
0.0788342
0.0316061
0.165199
0.0385536
0.0653848
0.0243961
0.171032
0.133683
0.0943359
0.0401474
0.177951
0.036334
0.0170398
0.0313285
0.0493323
0.0192245
0.0901134
0.149524
0.0270826
0.0242441
0.030345
0.0861344
0.0672564
0.0690854
0.346209
0.0369885
0.05443
0.0193521
0.0709612
0.0423704
0.0460052
0.0404344
0.214482
0.149652
0.0264756
0.186277
0.0309603
0.143233
0.018667
0.0139777
0.0482921
0.169681
0.303852
0.0608653
0.0303372
0.0390647
0.0442425
0.00960436
0.027178
0.124534
0.164374
0.0899475
0.0388319
0.0392007
0.084236
0.160951
0.0716715
0.0361998
0.0219183
0.0191451
0.0302203
0.109473
0.0753237
0.0424113
0.0782341
0.0332244
0.0603156
0.168505
0.0260845
0.00711875
0.0213677
0.173594
0.0264417
0.0688043
0.0139975
0.0685405
0.0171114
0.119009
0.0313078
0.0657374
0.0539348
0.045356
0.0281039
0.0278837
0.174355
0.0327687
0.0611751
0.0965283
0.0323646
0.0542096
0.0269392
0.0242372
0.0757185
0.0631257
0.0713176
0.0343619
0.0222082
0.0195062
0.0265195
0.0282207
0.0128459
0.147078
0.0264864
0.0289316
0.090802
0.3208
0.147919
0.0192498
0.0368028
0.0096952
0.0432453
0.0206762
0.389905
0.232869
0.0839105
0.0218332
0.277616
0.147656
0.0691561
0.0489081
0.0432558
0.0957325
0.0609051
0.0283574
0.0243021
0.13202
0.0900561
0.0921277
0.0379207
0.0308819
0.0502648
0.0537276
0.0249042
0.0345226
0.0696719
0.0306502
0.0995504
0.0390171
0.0299557
0.0844816
0.0141621
0.0506429
0.0329041
0.0514602
0.0275778
0.0202228
0.0299284
0.0433616
0.0142938
0.063281
0.0975433
0.0255552
0.0541143
0.0310874
0.136494
0.0286641
0.10941
0.182677
0.0188227
0.0473971
0.304208
0.00721271
0.171421
0.019159
0.0716888
0.044348
0.0175553
0.14949
0.0231777
0.0680566
0.27824
0.0178927
0.0251366
0.0588804
0.037751
0.0484031
0.0691497
0.118986
0.0824639
0.0189656
0.0625842
0.0237491
0.0345848
0.0314904
0.0792493
0.106944
0.0399259
0.158391
0.0647485
0.0242783
0.156076
0.0248872
0.0922835
0.0199668
0.104782
0.0432284
0.0366573
0.04163
0.0507933
0.118709
0.0446704
0.0108185
0.0337265
0.0311034
0.0580277
0.0278493
0.329783
0.0257512
0.0776466
0.123207
0.130346
0.0441856
0.0680693
0.126356
0.0529759
0.0548025
0.330825
0.108073
0.0183251
0.119635
0.0437485
0.0288701
0.0228718
0.127384
0.0214733
0.0555582
0.0649927
0.0423498
0.184959
0.020048
0.0158712
0.1383
0.0815216
0.227762
0.0441486
0.181541
0.0567718
0.0185467
0.0796958
0.0311696
0.0884478
0.0351311
0.0396182
0.214592
0.0229683
0.0466347
0.0151194
0.0386919
0.220929
0.0689114
0.0264366
0.124347
0.116442
0.0320341
0.0295103
0.100872
0.165011
0.0180155
0.0506892
0.0703381
0.0563741
0.0287792
0.108951
0.0574331
0.0346742
0.0407476
0.0705432
0.0094457
0.0486816
0.0806245
0.0215223
0.0902579
0.0160364
0.0189047
0.226356
0.0385178
0.0569079
0.0167603
0.114372
0.0476582
0.0427755
0.102666
0.0329401
0.0283796
0.0257198
0.0269847
0.0499899
0.0376545
0.0694987
0.0203944
0.0388866
0.0661715
0.0356794
0.0146964
0.0533649
0.0579265
0.0411575
0.0424175
0.0332306
0.37501
0.0336259
0.06327
0.0359906
0.0344763
0.0455358
0.0805986
0.0640482
0.0851853
0.0985539
0.0675498
0.106347
0.0817211
0.0352459
0.0162484
0.0303145
0.0285213
0.0136944
0.0872677
0.0673013
0.147455
0.184957
0.0199386
0.0346253
0.00927107
0.0470695
0.0435165
0.0899222
0.0492715
0.0573362
0.0736845
0.0284589
0.0248422
0.0294226
0.0441219
0.227361
0.0179896
0.111301
0.0932574
0.0630318
0.110157
0.0250426
0.08591
0.0334674
0.0176204
0.0531496
0.0214106
0.126816
0.0729038
0.0266654
0.0344362
0.0101873
0.102895
0.132434
0.0307947
0.159113
0.0262201
0.0684113
0.0464934
0.0110523
0.0499751
0.0420464
0.101454
0.154779
0.024715
0.0948292
0.0424889
0.0130606
0.0189009
0.272839
0.0254729
0.0177509
0.0161591
0.0234921
0.0848612
0.112014
0.113137
0.0389541
0.0325914
0.0410728
0.0430256
0.0119167
0.0338927
0.0396734
0.222915
0.0317995
0.054325
0.0871215
0.14208
0.0432073
0.101476
0.0591322
0.107717
0.0370052
0.0130299
0.125934
0.0144854
0.104759
0.0333621
0.106508
0.0106804
0.181902
0.0663588
0.0711256
0.0675494
0.0360017
0.0170687
0.0640228
0.0940098
0.0674748
0.0400398
0.0778804
0.0153234
0.088936
0.0880213
0.0929004
0.0299709
0.128429
0.0701884
0.0851642
0.0374858
0.0277919
0.0215099
0.00680969
0.0831294
0.107747
0.28866
0.0259998
0.0116374
0.0174742
0.0115613
0.0213214
0.035746
0.0646477
0.245387
0.135741
0.0472893
0.0847709
0.0184219
0.0192988
0.0504226
0.0478637
0.0729866
0.0456997
0.0969077
0.0831084
0.0632503
0.0421822
0.0437155
0.161689
0.019731
0.053771
0.224667
0.0538151
0.0560794
0.072113
0.046895
0.140727
0.033661
0.24212
0.0214056
0.06262
0.0463332
0.00875976
0.0577821
0.0107903
0.0397188
0.0405807
0.0408231
0.0271643
0.296951
0.0834469
0.0817016
0.0472768
0.0369633
0.0463308
0.0469875
0.162084
0.0505064
0.085264
0.0334499
0.0115071
0.0680294
0.102526
0.0559311
0.0439847
0.065033
0.0900272
0.0204981
0.0470841
0.0105642
0.0444362
0.0292634
0.0185509
0.104544
0.0802977
0.0586515
0.0791617
0.0829712
0.0464148
0.179292
0.0806125
0.0647729
0.0251075
0.114035
0.233324
0.03439
0.079503
0.263362
0.0310799
0.0369281
0.0853504
0.0940453
0.0284347
0.0203679
0.0719837
0.106569
0.0226333
0.0526516
0.0501432
0.0696127
0.0684567
0.035398
0.127668
0.026617
0.0895373
0.0326496
0.034953
0.0645099
0.0217013
0.0409512
0.106012
0.0306396
0.052609
0.0480048
0.033913
0.0243061
0.0273537
0.083512
0.0338818
0.0545775
0.0237114
0.0136322
0.0613569
0.0176265
0.0653905
0.075239
0.0821744
0.0206399
0.0382217
0.0602321
0.0547846
0.044324
0.0326232
0.176203
0.159165
0.0340378
0.0313637
0.0350236
0.0587593
0.0369427
0.0540919
0.0969816
0.0686851
0.0761039
0.0715939
0.0245842
0.0448108
0.024388
0.0475943
0.137131
0.01756
0.123615
0.0498779
0.114771
0.0303327
0.0607467
0.0550781
0.1332
0.0483663
0.041023
0.13309
0.0899764
0.0287184
0.0603852
0.0475026
0.0313742
0.0483686
0.0320997
0.101195
0.0564775
0.0583325
0.054853
0.0180128
0.0980517
0.0674241
0.0362057
0.103013
0.0269515
0.0214041
0.0289805
0.0397724
0.0357949
0.0406845
0.0200149
0.0231213
0.0248241
0.132427
0.0134052
0.0279644
0.0337034
0.0707834
0.0439195
0.42692
0.0219726
0.0293851
0.0319784
0.0360317
0.0882053
0.112458
0.0224324
0.0489182
0.0236988
0.0702081
0.0620887
0.0644214
0.00973854
0.066907
0.0281216
0.0554621
0.00841496
0.0335901
0.047758
0.0752327
0.0200841
0.0645944
0.0138169
0.0396208
0.103083
0.0672601
0.0478186
0.0652289
0.0322578
0.117715
0.139932
0.0923358
0.0290502
0.0153487
0.0114855
0.115794
0.0278157
0.0317111
0.174763
0.0471923
0.0497531
0.104118
0.187462
0.0627852
0.046379
0.0429338
0.0769504
0.0874885
0.0522155
0.0360021
0.0543588
0.0200243
0.0909682
0.0339674
0.086214
0.0156427
0.149895
0.0188928
0.047951
0.0403907
0.0608415
0.0922503
0.0693127
0.0285257
0.0338415
0.0566258
0.0153427
0.110481
0.0782749
0.0160181
0.0340503
0.069029
0.0825774
0.0337004
0.0245694
0.0337009
0.143425
0.056573
0.146466
0.108734
0.0728105
0.0177623
0.0264522
0.0500406
0.0183582
0.0419788
0.17166
0.00762761
0.0240037
0.0494037
0.03396
0.0574174
0.0159907
0.044411
0.0725522
0.0460299
0.128016
0.0334586
0.0324783
0.0351815
0.224856
0.0306948
0.0564156
0.0494747
0.0249614
0.0345907
0.0249149
0.0283506
0.0468143
0.0582856
0.388936
0.0642882
0.0137637
0.0504989
0.126977
0.0477428
0.0163807
0.0412413
0.0176951
0.0281188
0.0276552
0.0549316
0.0320256
0.0319583
0.0306584
0.0738031
0.0384287
0.0750349
0.0884796
0.0406213
0.0174326
0.152841
0.0557806
0.143556
0.0298784
0.0122212
0.0155098
0.0278248
0.0357458
0.119935
0.0653801
0.0527506
0.0503589
0.0917841
0.113313
0.0175322
0.00953714
0.0583364
0.0280491
0.101776
0.0304189
0.144175
0.0810456
0.133099
0.0940833
0.173592
0.034666
0.0338338
0.0179531
0.0196791
0.0304014
0.0716836
0.0661098
0.184987
0.0271003
0.0408165
0.0550564
0.0894297
0.0229278
0.0481124
0.0526825
0.057215
0.0249539
0.0163482
0.0259613
0.0465643
0.0191338
0.0694611
0.0258843
0.0764874
0.0295923
0.0364546
0.02591
0.100602
0.0119268
0.0368991
0.0348711
0.144604
0.0839953
0.0438137
0.0835138
0.0618401
0.0542831
0.0529284
0.0128188
0.0400594
0.0259417
0.0464807
0.0611031
0.0898111
0.0519583
0.0312107
0.334898
0.502469
0.035815
0.0806811
0.121879
0.0729624
0.39046
0.0134569
0.0490946
0.0117821
0.078487
0.0132633
0.758813
0.114982
0.179078
0.0846805
0.124079
0.157506
0.0414727
0.0284755
0.0607834
0.0637693
0.032994
0.0622953
0.0564591
0.0780645
0.102226
0.0317424
0.0348391
0.0359585
0.09755
0.0413275
0.00710941
0.0590156
0.0424565
0.147169
0.0908402
0.022228
0.0212627
0.175243
0.180614
0.0292704
0.162037
0.0401578
0.0645139
0.0789446
0.13201
0.0368669
0.0744998
0.275422
0.0133499
0.0246101
0.025426
0.0528361
0.0167874
0.0627083
0.0765772
0.0582095
0.171988
0.107722
0.0184925
0.0726963
0.0584971
0.0372277
0.0309805
0.05015
0.023385
0.030013
0.061674
0.0278589
0.0591267
0.0207794
0.0307917
0.646335
0.0345101
0.128848
0.172293
0.0452385
0.116825
0.0328436
0.0698186
0.118014
0.0264558
0.0187096
0.115128
0.0765852
0.0848785
0.047147
0.160864
0.0324966
0.0694518
0.0363975
0.0377427
0.0209032
0.0199688
0.0581161
0.0228413
0.0147702
0.0549816
0.0113405
0.0242265
0.0231646
0.0313919
0.0612882
0.0303403
0.0642029
0.2107
0.0651688
0.040855
0.0159129
0.0914726
0.0721077
0.0227388
0.0704234
0.0206485
0.0774218
0.0334396
0.103683
0.0546196
0.0593321
0.106062
0.0575427
0.0434904
0.0867601
0.0915959
0.0542123
0.0825707
0.104752
0.199278
0.0654886
0.0851609
0.0543714
0.0478685
0.0517983
0.020217
0.0479877
0.0930971
0.0424657
0.0716323
0.0762526
0.0349042
0.0292115
0.106607
0.0329785
0.0456914
0.094505
0.0835569
0.0862627
0.0533681
0.0157877
0.265521
0.0317441
0.0426239
0.109114
0.0461943
0.0373657
0.0486221
0.0543378
0.0414205
0.0561407
0.0283164
0.154868
0.0637646
0.0744896
0.318652
0.0202162
0.0371049
0.259488
0.0199812
0.155971
0.032509
0.0204677
0.118013
0.0768312
0.0337125
0.0245462
0.038553
0.0492926
0.0708537
0.14631
0.070837
0.059074
0.300316
0.0955875
0.167492
0.0430579
0.0574995
0.0565429
0.064685
0.0596423
0.062302
0.138511
0.16205
0.0580429
0.0218377
0.0379969
0.04644
0.0410899
0.039281
0.250845
0.156171
0.0550221
0.0680563
0.0376979
0.0452684
0.101994
0.0363641
0.0708598
0.00924938
0.0594675
0.083146
0.0327581
0.0665629
0.125666
0.0317301
0.0328168
0.0305139
0.0235996
0.113366
0.0312155
0.234807
0.0337192
0.0502118
0.0393779
0.0363797
0.0155206
0.008722
0.0583561
0.0630931
0.0661695
0.0460956
0.0652252
0.0634949
0.0214529
0.0454478
0.0291396
0.0411809
0.0511959
0.018946
0.0584225
0.0514257
0.0632195
0.0228587
0.0715175
0.0478424
0.0640311
0.0735278
0.07597
0.0313014
0.0561247
0.056813
0.124379
0.0265187
0.119605
0.0495382
0.0345238
0.0184122
0.0261491
0.0432591
0.0616161
0.0110772
0.0286833
0.0290625
0.0885529
0.338934
0.0132266
0.0205457
0.0479458
0.0222065
0.149022
0.131321
0.0608141
0.0773115
0.0279476
0.302474
0.117484
0.0565604
0.0761941
0.0422017
0.0484277
0.0255473
0.0658848
0.0769564
0.0622429
0.0285184
0.0921954
0.0516877
0.0424487
0.043544
0.122505
0.0174788
0.107798
0.102334
0.0497273
0.0384965
0.0675702
0.0594575
0.00821889
0.0614499
0.243871
0.11952
0.131955
0.0413627
0.0342541
0.0382215
0.0320957
0.0292535
0.0478125
0.0972142
0.0864594
0.0227089
0.0671
0.0515787
0
0
0
0
0
0
0
0
0
0
0
0
0
0
0
0
0
0
0
0
0
0
0
0
0
0
0
0
0
0
0
0
777777