2.86085
999999
-0.378891
-0.338195
-0.0196507
-0.136601
0.0979785
-0.0177745
-0.135004
0.553511
-0.0142657
0.198422
0.349959
0.128978
0.0167904
-0.32662
-0.170473
0.320536
0.553778
0.150296
0.462812
0.388027
0.178805
0.355187
-0.0346551
0.39394
0.396884
-0.0180721
-0.229944
-0.782843
-0.000670744
0.952908
0.194815
-0.00196751
0.095449
-0.377583
-0.143974
0.247941
0.23371
0.280502
-0.0227424
-0.0278955
0.337113
0.167616
1.58059
0.0537469
0.256477
0.124376
-0.203243
-0.184912
0.513196
0.488644
0.151718
-0.231571
0.412892
0.254548
0.649358
0.252804
-0.134579
0.202431
0.268456
-0.025856
-0.032069
-0.470555
-0.39253
-0.199402
0.0847203
-0.55874
0.310283
0.145327
0.202138
0.439211
0.198
-0.191949
-0.341308
-0.185569
-0.215225
-0.0678493
-0.271091
0.680932
0.151808
-0.0862528
-0.00657693
0.317366
-0.220308
0.452294
0.134231
0.565462
0.0649116
0.150878
-0.716462
-0.782914
-0.238469
0.160023
0.170247
-0.526389
0.126081
-0.0340928
0.862568
0.605711
-0.380122
-0.00151581
-0.11534
0.0766433
-0.249522
0.28245
-0.0122018
0.0496657
-0.351734
0.374035
-0.284404
-0.348005
0.32317
0.641638
-0.113203
0.583265
-0.19859
0.486616
0.244388
-0.583855
0.309942
-0.305978
-0.336924
0.0961682
-0.198046
-0.416219
-0.0162724
0.842475
0.271255
0.0767289
0.494402
-0.332528
0.544266
-0.819722
0.683366
0.482629
0.00634661
-0.0723517
0.207773
0.275218
0.421012
-0.489992
0.605973
-0.0773649
0.175148
0.0535902
-0.0285836
0.224121
-0.166247
0.27527
0.1185
0.122286
0.18912
0.354517
-0.270898
-0.252297
1.20818
0.351841
0.0124955
0.253276
0.183861
0.38851
-0.0930677
0.167324
-0.0286597
0.0480005
0.110584
-0.517796
0.1782
-0.560462
0.373666
-0.186694
0.39318
-0.0482902
-1.57337
0.085477
-0.466917
0.134312
-0.17997
-0.224126
-1.06095
-0.541818
-0.0634979
0.616265
-0.401992
-0.0889003
0.130586
0.171468
0.158098
-0.319888
-0.337652
0.226642
0.0706156
0.485094
0.668063
-0.525373
0.486717
0.138366
0.00734677
0.215034
-0.0525472
0.223606
-0.664578
-0.251871
0.317987
-0.442358
-0.866018
-0.0960341
-0.214163
-0.106862
-0.0230654
-0.0741085
-0.353844
0.10039
-0.49247
-0.449675
0.0835472
-0.841789
0.478759
0.187368
0.862603
0.0926728
-1.37554
-0.321272
-0.150678
-0.00421883
0.393982
0.296063
-0.136098
0.158664
-0.0905517
0.316892
-0.451505
0.402761
1.2044
-0.267757
-0.0273534
-0.698813
0.10246
0.091127
1.11565
-0.523641
-0.660528
-0.533081
0.106952
0.193353
-0.000812153
-0.303804
-0.0429618
0.44503
0.421019
0.188294
0.156782
0.92313
-0.0248181
-0.259815
0.440327
0.00405669
-0.186751
-0.409454
-0.146373
-0.28634
0.171834
0.0704618
0.309512
0.399681
-0.0581793
0.0474775
0.513812
-0.368422
0.201358
-0.288939
-0.00559618
0.0772032
0.28126
0.605894
-0.311575
0.534937
-0.423933
0.34817
-0.216358
0.536395
-0.245628
-0.055305
-0.102522
0.172679
-0.887396
-0.218533
-0.0766025
-0.348955
-0.0517541
0.302861
0.0672179
0.407328
-0.327184
0.422356
0.65961
0.495076
1.17353
0.334333
0.951675
0.790311
-1.11699
0.519193
-0.193265
0.264272
-0.131064
-0.740302
-0.177012
0.150759
0.802578
-0.147873
0.306687
-0.372381
-0.0181712
-0.316589
0.296965
0.344937
0.487887
-0.397616
0.344944
-0.163598
-0.123113
0.0736694
0.342576
-0.252303
-0.483343
0.0546421
-0.445266
-0.0457639
0.45037
-0.203906
0.478112
0.431677
0.254439
0.573302
-0.314012
0.359791
0.328287
-0.175851
0.877032
0.261131
0.62452
-0.227072
0.288198
0.285206
0.661869
-0.335929
-0.0227736
-0.205811
-0.508338
1.10415
-0.204742
-0.224451
0.106325
0.0859072
0.0972163
0.24324
-0.353197
0.695496
-0.65198
-0.0484954
-0.576921
-0.326501
-0.0142577
-0.301519
0.328962
-0.280627
0.725622
0.0822693
-0.549383
-0.0319631
0.0534666
0.228324
0.0973087
-0.341563
0.231946
-0.313595
0.0997506
-0.341711
0.330603
0.135973
-0.239989
0.405676
0.530521
0.00885461
0.224173
0.343726
-0.549218
-0.685278
-0.95129
0.220408
0.219309
-0.26828
-1.268
-0.649473
0.149395
-0.251349
0.0983324
-0.558124
0.321085
0.0496268
0.141213
-0.244326
1.24211
0.137851
-0.546843
0.725368
-0.146728
-0.0560661
-0.305426
-0.180378
-0.410715
-0.177901
0.842502
0.0408636
-0.531157
-0.393196
0.231204
-0.68499
0.00299926
-0.371995
-0.229313
0.0419126
0.0520481
-0.440714
-0.0267405
-0.406825
-0.00507458
0.0617972
-0.321063
-0.0927389
0.0293931
0.521102
0.244687
0.0772562
-0.180896
-0.338744
0.349708
0.590538
-0.441492
0.352754
0.049277
-0.0616254
0.0196506
-0.39685
-0.178001
0.14518
-0.287974
0.244725
0.390108
-0.350108
0.279601
-0.40954
0.0727486
0.284777
0.138287
0.779532
0.00488298
0.101786
-0.531799
-0.0266897
0.568373
-0.269946
-0.129724
0.423356
-0.141285
-0.00695786
0.619317
0.276333
0.482821
-0.164741
0.00536428
-0.157803
-0.0330896
-0.174787
-0.584836
-0.445518
0.204542
-0.655934
1.6995
0.0756195
-0.196162
0.549271
0.45233
-0.394572
-0.391262
-0.0770202
0.0725052
0.363066
0.0260215
0.22508
-0.488366
-0.623186
-0.0466043
-0.0741766
0.37457
0.0183729
-0.0128866
-0.202036
-1.3574
-0.551119
-0.23517
-0.645046
0.753938
-0.498066
-0.294001
0.198879
-0.0332331
0.166656
-0.349856
0.0852446
0.274233
0.240906
-0.376597
0.380447
0.0138273
1.4481
0.235069
0.356874
0.662525
-0.50715
-0.154571
-0.0249664
-0.00946223
0.362648
0.304381
-0.186762
1.36169
-0.0312542
-0.191443
0.15584
0.217742
-0.0976105
-0.400031
0.0285945
0.253278
0.0373445
-0.458046
-0.358813
-0.984155
0.67445
0.0216468
0.263082
0.123411
0.432067
-0.260627
-0.182294
0.425205
0.109355
-0.0117457
-0.0109734
0.109797
-0.504074
-0.670214
-0.383948
-0.0259693
-0.190984
-0.117169
0.505111
0.0523387
1.31705
0.138637
-0.979782
0.175761
0.166348
-1.38171
0.242305
-0.499687
0.427423
0.353712
0.0308629
-0.302427
0.0929159
-1.2671
-0.216849
0.26399
-0.0689271
-0.0765611
-0.713313
-0.558312
0.351275
0.34315
-0.237005
0.0820169
1.19802
-0.368751
0.358153
1.55996
0.0871789
-0.0247131
0.229624
0.266389
-0.093417
-0.498169
0.0701114
-1.73649
1.15234
-0.39826
-0.0797009
-0.0760331
0.628887
-0.203823
-0.231841
-0.00163671
0.515982
0.12831
0.0335798
0.00988015
-0.586206
-0.328672
-0.302138
0.520749
-0.107567
0.170888
-0.169634
-0.110961
0.34808
-0.121536
-0.451845
-0.0126741
0.334617
-0.225498
0.244254
0.0774593
-0.0465339
-0.0336768
0.0382309
0.39511
0.0255636
0.652712
-0.978814
0.0584572
0.128551
0.132455
-0.686894
0.0697191
-0.78486
0.140001
0.259531
-0.298947
0.271265
0.723473
0.465203
0.0785237
-0.667678
0.0270061
0.00939582
0.985071
-0.131915
-0.175229
-0.571703
0.0459606
0.251221
0.0691206
-0.223692
-0.308394
-0.0138534
-0.40975
-0.0189382
-0.638728
0.351312
-0.051093
-0.401128
0.0417465
0.392211
0.0257348
-0.20405
-0.304597
-0.458515
0.630888
0.402911
-0.248951
-0.0390088
0.275866
-0.422354
0.441076
-0.799917
0.104657
-0.454891
-0.877153
0.184785
0.239126
0.142391
-0.255338
0.0949331
-0.214018
0.436569
-0.468159
0.160246
-0.265293
0.498381
-0.56867
-0.00800931
0.379648
-0.101263
-0.793423
-0.0481208
-0.474152
-0.354577
-1.03958
-0.429534
-0.0547982
-0.434458
-0.05479
0.174133
0.224908
-0.264442
-0.0820037
0.088886
0.146659
-0.359074
-0.202365
-0.154509
0.0182542
-0.255736
-0.15052
0.221945
0.43561
-0.114307
-0.607571
0.0209583
-0.264093
0.388391
-1.22853
-0.142537
0.375462
-0.228547
-0.112905
0.64039
-0.225458
0.728428
0.126431
0.272422
-1.09771
-0.437004
0.430325
0.49459
-0.499306
-0.332827
-0.0203858
-0.0827981
0.205963
0.160381
-0.103405
0.138858
-0.588216
0.194603
0.191641
-0.16068
-0.00177261
-0.097694
0.131176
-0.217026
0.86884
0.158851
0.499313
0.114573
-0.43933
-0.26054
0.290783
-0.0921722
-0.568897
0.0245415
0.0435683
0.116893
0.0276408
0.020233
-0.0394798
0.124268
2.07075
-0.368757
0.558081
0.0112578
-0.0600744
-0.322496
-0.162705
0.431119
-0.0320376
-0.199704
1.75979
0.3467
0.200163
-0.268498
-0.453672
0.588448
-0.151389
0.34891
0.0743843
0.457451
-0.694251
-0.0135414
0.246773
0.0156062
0.314597
0.609194
-0.799623
0.622988
0.308245
-0.0663659
0.709619
-0.0985583
-0.624704
-0.264163
1.04075
-0.239116
-0.0369774
-1.358
0.542614
-0.0394702
0.225482
0.0209706
-0.757017
-0.916812
-0.120409
0.0466585
-0.13861
-0.480831
-0.0195642
-0.717725
0.81666
-0.0476411
-0.0799316
-0.170289
0.487011
0.099058
0.662598
-0.412965
-0.213617
0.0696752
-0.14347
-0.15131
-0.0738435
-0.594792
-0.044317
0.0538599
0.393275
0.207805
-0.284922
-0.241319
-0.0704787
-0.0254461
0.424232
-0.0943631
0.4197
-1.29767
0.205543
-0.466736
-0.167598
0.0481089
-0.00537575
0.0641225
-0.340591
0.00330402
0.139503
0.437549
-0.17223
0.454834
-0.401346
0.301017
-0.0483922
0.12264
0.0907996
-0.815499
-0.235438
-0.445644
0.10033
0.0674759
0.27859
-0.0402892
-0.300075
-0.65886
0.174433
0.0708331
0.525032
0.179118
-0.444241
0.14916
-0.160575
0.167244
-0.0580613
-0.230987
0.482548
0.193684
0.448772
0.122795
-0.111387
-0.309927
0.137789
-0.596895
-0.0012752
0.3446
-0.542857
0.742711
-0.244693
0.0993961
0.847225
-0.148273
0.710016
0.326807
0.168518
-0.110333
-0.600036
0.324073
-0.021071
0.395686
-0.190574
0.158924
-0.505738
-0.109788
0.00484436
-0.460466
0.321765
0.013657
0.192103
0.0996951
0.596649
-0.379943
0.337129
-0.163189
-0.453445
-0.304898
-0.297921
0.0636782
0.000325541
-0.0494365
0.117551
0.29268
-0.85387
1.05621
0.0101638
-0.142658
0.720144
-0.0992589
-0.00788208
-0.0809734
0.33951
-0.425166
0.829692
0.421181
0.0715222
0.412332
-0.0140538
0.101926
0.433153
-0.533255
-0.0705501
1.77762
-0.16158
-0.449958
-0.127358
0.389451
-0.0993441
-0.689107
-0.195119
0.413435
-0.864388
0.00831046
-1.01072
-0.0203055
-0.618468
-0.0305893
0.954157
0.156755
0.362191
0.138602
-0.595686
0.0155083
-0.107373
0.000386469
-0.182007
-0.231976
-0.641209
0.010003
0.528503
0.0459973
-0.984429
-0.537435
-0.109405
-0.239187
-0.317893
-0.312231
0.486182
-0.568067
0.151759
0.278448
0.095186
0.508276
0.28049
0.0262051
0.296777
0.355791
-0.417001
0.131403
-0.139005
0.203803
0.0196827
0.2469
0.420598
-0.112928
-0.473481
-0.246483
0.117819
0.0900457
0.740554
0.294947
-0.117706
0.0700104
0.455798
-0.642033
-0.00610826
0.624343
0.304191
-0.00790933
0.230404
2.70413
-0.105582
-0.0118314
0.513832
-0.701234
0.349285
-0.187138
0.540609
-0.228594
-0.273784
-0.396117
0.0457727
0.161792
0.0426548
0.150304
0.293075
0.182816
-0.140459
0.0823854
0.25452
-0.140464
0.58296
-0.397977
-0.149043
0.740758
-1.49012
-0.0583588
-0.304904
-0.00769457
0.158554
-0.939467
0.0735999
-0.194599
0.334229
-0.220844
-0.223825
0.341794
0.00840468
-0.0600083
-0.162383
0.482726
0.144292
-0.621818
-0.304175
0.131318
0.108666
-0.173803
-0.380819
0.788469
0.107015
-0.615786
0.0869621
-0.205035
0.222926
-0.297572
0.565002
0.292034
-0.41929
-0.143932
0.137564
-0.396601
0.250849
0.123303
-0.78427
1.66746
-0.365075
-0.121248
0.0272948
-0.0587957
-0.364722
-0.0831742
-0.348228
0.298651
0.0232644
0.269354
-0.469417
-0.452118
0.00357724
0.117381
-0.462122
0.374488
0.0286039
-0.0318432
-0.824978
0.193637
0.274472
0.144873
-0.057459
-0.166336
-0.157978
-0.638778
0.396865
0.136866
0.156475
-0.288351
0.967501
0.309141
-0.0596095
-0.103989
0.0981914
0.216235
-0.433278
-0.382574
-0.623606
-0.466844
-0.0940126
-0.253695
0.0840908
0.298871
-0.200511
0.444975
-0.0345947
-0.729906
0.115464
0.206496
0.0116324
-0.302995
0.526401
-0.417195
0.000885146
0.741014
0.433694
0.470183
0.124768
-0.416879
0.456705
-0.219837
-0.482646
0.0992338
-0.200063
0.714642
-0.38176
-0.640178
-0.191714
-0.123323
-0.0358897
-0.438634
-0.0564155
0.359729
-0.160586
-0.302084
-0.196301
-0.608348
0.517958
-0.178221
0.217969
0.107965
-0.242842
-0.0256857
-0.134376
-0.165598
0.17583
0.0779774
-0.167614
-0.129493
0.282338
0.141915
0.184815
-0.3088
0.291061
-0.186864
1.21532
-0.136937
-0.453152
0.180788
0.0227712
0.498926
-1.09188
0.364386
-0.08096
0.414247
-0.0205439
0.171909
-0.0935719
0.224164
0.0398406
-0.122504
0.177713
0.180273
-0.23373
0.0963384
0.322974
0.50268
-0.709184
0.106298
0.24915
-0.103376
-0.245892
-0.1911
-0.194852
-0.126261
0.480273
-1.02068
-0.210922
0.0902593
-0.0581295
-0.333404
-0.0412037
0.316352
0.539629
1.05767
-0.234731
-0.883298
0.0182388
0.794569
0.100921
0.475768
-0.514887
-0.306277
0.133288
-0.0742977
0.114987
0.0329564
-0.0821688
-0.665241
-0.0308189
-0.387896
-0.0937842
-0.80691
0.163221
0.175837
-0.0879774
-0.0794789
-0.441935
0.982377
0.0813328
0.144872
-0.00852093
0.28789
0.406729
0.857271
0.553803
0.0280284
0.200409
0.507129
0.207637
0.168516
0.038402
0.57092
0.359592
-0.421086
-0.167575
0.155524
0.288546
0.0476546
0.110119
0.361842
-0.0851753
0.868718
-0.397457
0.303937
-0.0567956
-0.0435098
0.569277
-0.186449
0.591917
0.295602
0.608385
0.655534
-0.0475966
-0.251857
-0.564163
-0.937869
-0.548619
-0.640898
0.100953
-0.324365
0.29179
0.483449
-0.719453
-0.202471
-0.114702
0.210703
0.205711
-0.29785
0.237821
-0.39653
-0.150199
0.129772
0.209388
0.36894
-0.06649
0.375299
0.314154
0.220102
-0.680731
-0.0779074
0.692669
0.0767207
0.48098
-0.0229034
0.0951942
0.217973
1.31521
-0.384938
0.651724
0.388552
0.147541
0.103497
-0.65869
0.756501
-0.829999
-0.0663158
-0.00518579
0.269561
0.0873778
0.538949
-0.159522
0.316316
0.720189
0.0112155
-0.481239
-0.243942
0.172861
-0.919898
0.483168
-0.651581
0.559677
-0.238438
0.170098
0.0604635
0.252186
0.17798
-0.10593
-0.274047
-1.22943
-0.0417577
0.421254
-0.634071
0.615844
0.278005
-0.0577553
0.0295566
-0.334719
-0.469731
-0.25676
0.111295
-0.428059
-0.567373
-0.389187
-0.0375203
-0.182251
0.182356
-0.137802
0.199769
-0.224879
-0.191001
0.0049405
-0.430587
0.00623068
-0.956612
-0.662907
-0.282593
-0.584126
-0.132883
-0.0960203
0.138855
0.367768
-0.0365369
-0.0985455
-0.264481
0.66163
0.545251
0.154902
-1.24162
-2.00745
0.0321711
0.466904
0.464396
0.462228
0.611392
-0.00283697
1.01909
-0.305713
0.157038
-0.0123152
0.873764
0.589937
0.537302
-0.442159
-0.24787
0.051744
-0.143388
0.500415
-0.240292
-0.108685
0.346212
-0.566825
0.0384608
-0.595239
0.0410103
-0.0690501
0.376928
0.251466
-0.64966
0.293182
0.275046
0.0896814
-0.0229757
-0.337445
-0.0781653
-0.53039
-0.0265577
0.173172
-0.342835
-0.0156642
-0.452653
0.274293
0.126648
0.0201418
-0.439658
0.144547
0.0747683
1.56528
0.372562
-0.15279
0.323466
0.15924
-0.0822453
0.188186
0.459125
1.00685
0.0861294
0.143053
-0.0771921
-0.26572
-0.14148
-0.657014
0.472306
0.158246
0.0402705
0.116594
0.0858802
0.326318
0.0695472
0.0919716
-0.960436
0.44882
0.308684
0.36498
0.929555
-0.288953
0.166625
-0.221531
-0.0865176
1.28763
-0.117578
-0.422162
0.274487
-1.66604
-0.964501
0.3405
0.865104
0.138197
0.357142
0.170591
0.277143
-0.0287824
-0.0702465
0.312445
0.283268
-0.279729
0.113507
0.0696112
-0.168072
0.0512045
-0.0629282
-0.159237
-0.00152087
0.230081
-0.0655506
-0.441718
0.155355
-0.602959
0.171163
-0.515586
-0.0322662
0.395341
0.4681
-0.083659
0.629553
-0.527522
0.0200746
0.268502
0.658503
-0.434739
-0.529437
-0.331674
0.205071
0.329417
0.246325
0.148056
-1.06587
-0.478055
-0.809286
0.240366
-0.0929172
-0.23485
0.349582
-0.243772
0.5315
-0.0038716
0.0906111
0.426784
0.519156
-0.0308904
0.409746
-0.12076
-0.281313
-0.286085
-0.156226
-0.0877285
-0.134695
0.305169
-0.0268348
0.161756
0.277609
-0.707553
-0.0607866
0.201187
0.0669854
0.634922
-0.0895043
-0.0891022
0.197142
-0.260891
-0.101696
-0.98713
-1.17209
-0.354752
0.105101
1.84647
-0.0148505
-1.18877
0.230419
-0.128746
0.507444
0.325394
0.111231
-0.0571103
0.175898
0.0177879
-0.0197216
-1.29708
0.223514
0.365141
0.151242
-0.38625
0.13964
0.0689494
-1.29773
0.593417
-0.688238
-0.205684
0.49318
-0.321858
-1.18759
-0.379123
-0.0123396
0.336518
-0.142916
-0.325211
-0.0489189
-0.691968
-0.170451
-0.42998
0.230342
-0.0215352
-0.115648
0.914418
0.139142
0.129295
-0.106333
0.805664
-0.346413
-0.0112892
-0.296188
0.0129375
-0.0795019
0.0179069
0.306865
0.00233595
1.70034
0.357553
1.15478
0.237969
0.0694494
-0.262816
0.670118
-0.168443
0.0853538
-0.588158
-0.331633
-0.475136
-0.178225
0.689244
0.271829
-0.106693
0.538865
-0.218934
0.364564
-0.652376
-0.180785
0.51213
-0.240576
-0.159182
0.270904
-0.658726
-0.428764
-0.774714
-0.204426
-0.201717
-0.138232
-0.770589
0.0489364
-1.0675
-0.12248
-0.381885
0.0839585
0.289465
0.126494
-0.254558
0.530536
-0.410923
-0.144397
-0.299231
-0.0202732
-0.567609
3.15201
0.280384
-0.111095
0.111885
-0.0526273
0.395185
0.253769
-0.262289
0.485666
0.12268
0.451876
-0.341887
0.178186
0.00558312
0.584215
-0.0527046
0.125355
-0.720811
-0.140417
0.23503
-0.255113
-0.014427
0.019562
-0.0543787
0.0402142
-0.195029
-0.272581
0.291434
0.991593
-0.617454
0.111559
0.137774
0.209189
0.240304
0.0537286
0.905561
-0.632859
0.105039
0.146765
-0.0775793
-0.113727
0.190319
-0.00548121
0.189567
1.00487
0.458685
-0.0149487
0.311513
0.398879
0.0845411
-0.183404
0.17198
-0.163149
0.0570926
-0.183599
0.104672
-0.16808
0.0231031
-0.113866
-0.104268
0.128119
0.0246999
-0.115726
-0.193223
0.0111041
0.0682237
-0.156079
-0.0685226
-0.156845
-0.0763311
-0.0496129
-0.048363
-0.0107757
0.0357473
-0.0172453
0.127606
0.0530418
0.162334
0.0869917
0.127751
0.184639
888888
0.0316707
0.0103048
0.0847095
0.02486
0.0285893
0.0469426
0.0494526
0.198626
0.0217437
0.0621699
0.0391671
0.0422082
0.0986503
0.0215525
0.00752223
0.0341762
0.0555834
0.00770844
0.0409257
0.23003
0.0421576
0.0906119
0.131474
0.0268293
0.0671753
0.00969185
0.0383532
0.333666
0.0166407
0.0820314
0.0925918
0.0175851
0.0942459
0.086226
0.0512344
0.0569604
0.0665023
0.0147864
0.0413084
0.0330304
0.0373921
0.0281545
0.279425
0.0189235
0.0268365
0.0632566
0.026124
0.04976
0.0464995
0.0137575
0.032625
0.0532453
0.0625855
0.0597217
0.0518189
0.0324229
0.02466
0.012706
0.0282501
0.019986
0.133575
0.280755
0.0971412
0.0717079
0.0529977
0.0577636
0.0206752
0.0100596
0.0383595
0.0980464
0.0729349
0.114691
0.050112
0.0212604
0.036178
0.0125022
0.0367021
0.106271
0.0562238
0.0312018
0.0371398
0.115931
0.157028
0.11803
0.030885
0.118997
0.041041
0.047114
0.103885
0.09768
0.0240361
0.0265895
0.0903786
0.0271491
0.0480794
0.00913107
0.0974886
0.0479808
0.063508
0.0334288
0.0410917
0.0563678
0.0617757
0.0424733
0.0604981
0.0617572
0.0264133
0.0903392
0.0806757
0.0532104
0.131064
0.306785
0.034182
0.0131135
0.0489475
0.0623267
0.0217464
0.0813508
0.0548005
0.0577046
0.0630307
0.0466414
0.0318929
0.047039
0.0333861
0.124867
0.0877053
0.0515231
0.0650767
0.0612116
0.162456
0.131498
0.20146
0.055941
0.0129347
0.0532298
0.0706738
0.0222572
0.093633
0.0744712
0.0361233
0.0173812
0.0258067
0.0441422
0.144716
0.0607741
0.0488188
0.0214332
0.0393866
0.0563259
0.0412172
0.106193
0.0103907
0.0283703
0.195762
0.151354
0.306243
0.0453621
0.0647886
0.0637035
0.0155932
0.0649123
0.0465798
0.12314
0.1187
0.00580059
0.104927
0.0318704
0.066084
0.0682415
0.109722
0.0455903
0.18576
0.0372492
0.237605
0.00827657
0.024226
0.030748
0.0691829
0.042019
0.0167891
0.0492047
0.026414
0.0608146
0.0260178
0.0267299
0.0186737
0.0214302
0.0236863
0.0934169
0.0669984
0.0522004
0.0495634
0.221904
0.0547431
0.0158978
0.0881124
0.0913275
0.0536063
0.0159038
0.0670531
0.0833548
0.0509573
0.0234364
0.113999
0.0473217
0.142757
0.0934879
0.0591649
0.132155
0.0535468
0.0333481
0.0363196
0.0208268
0.0297793
0.0920803
0.0313059
0.0336023
0.0922152
0.015916
0.303537
0.0858645
0.0232626
0.393884
0.0607481
0.117131
0.0229352
0.016931
0.0653513
0.0515025
0.16195
0.035035
0.369149
0.046107
0.0218122
0.0652339
0.0321389
0.0135429
0.186448
0.15232
0.0478513
0.039052
0.0778141
0.0816517
0.0194943
0.037214
0.031514
0.122441
0.036022
0.0148282
0.0301733
0.15889
0.0909523
0.0299514
0.0478766
0.0450796
0.040498
0.0435092
0.0223454
0.0796865
0.0310564
0.0273707
0.0592749
0.042961
0.0256915
0.134821
0.0226783
0.0842214
0.049411
0.124185
0.0597609
0.0845369
0.0314365
0.193373
0.106661
0.0436448
0.0642566
0.0952277
0.0693377
0.103597
0.0215347
0.0750153
0.0358016
0.0695151
0.100512
0.0234402
0.028449
0.0350716
0.00704688
0.0170367
0.0315656
0.048945
0.0206018
0.0321045
0.0470877
0.175491
0.0837283
0.181037
0.0289722
0.0130432
0.203232
0.033706
0.0135263
0.22663
0.0529336
0.15575
0.0168315
0.0419001
0.106458
0.115762
0.0220888
0.162008
0.0308832
0.0240371
0.0946042
0.0378953
0.0162996
0.060665
0.234317
0.0317043
0.160413
0.0860309
0.0819232
0.0441729
0.0379862
0.0583069
0.0316992
0.0700675
0.0350892
0.0765277
0.207728
0.0363073
0.020979
0.0668968
0.0075959
0.120262
0.0293358
0.0118067
0.102342
0.0404053
0.119075
0.036624
0.0198404
0.0345944
0.1518
0.0942939
0.0482933
0.0288149
0.0550442
0.127285
0.0522078
0.0477356
0.0913857
0.0127715
0.0131693
0.0435915
0.0172549
0.0875328
0.053924
0.0934634
0.0708743
0.0582836
0.0661588
0.0664452
0.0654573
0.0584268
0.0517965
0.0200293
0.0601655
0.113034
0.0339004
0.145331
0.0100381
0.0186212
0.0161194
0.0215237
0.0752536
0.0124002
0.0353056
0.0230247
0.0595905
0.0505905
0.0923888
0.123485
0.047599
0.0348698
0.0764188
0.0738344
0.12246
0.0598319
0.0729743
0.151223
0.0747702
0.356647
0.0161495
0.0526252
0.026823
0.073295
0.0667772
0.0712169
0.0387136
0.0327103
0.174131
0.040145
0.0168977
0.0558229
0.023869
0.0516833
0.177718
0.0213892
0.034093
0.0295075
0.0911147
0.111922
0.0523619
0.0299466
0.0465153
0.0621896
0.0451443
0.213449
0.0777477
0.012029
0.0201214
0.117214
0.0352004
0.0193181
0.0347059
0.0610453
0.102281
0.0438595
0.0282524
0.0377519
0.0476433
0.037743
0.0371015
0.130187
0.0754746
0.0544956
0.0264274
0.0584838
0.0301987
0.0114274
0.0165696
0.0435229
0.159131
0.014173
0.0531748
0.0122846
0.0968045
0.084767
0.0212333
0.0579725
0.0067748
0.0841753
0.0213401
0.0915493
0.0194524
0.0683006
0.0577867
0.040462
0.0295575
0.0715947
0.0248761
0.0747798
0.110163
0.0146696
0.0318671
0.0304002
0.0597596
0.0483275
0.029991
0.0228935
0.0688424
0.0209271
0.0273207
0.0816622
0.055489
0.0375982
0.233637
0.0603558
0.0630398
0.0446847
0.0294174
0.0717314
0.069619
0.0786469
0.0594833
0.163044
0.163718
0.0866484
0.0293804
0.0500356
0.0425519
0.081117
0.0531569
0.0392171
0.033482
0.0247953
0.0946847
0.0281925
0.0327292
0.0374514
0.0617433
0.0754567
0.0194692
0.0239916
0.319467
0.0455115
0.0934564
0.0445997
0.0604421
0.0282325
0.04151
0.111402
0.0711153
0.130891
0.0419071
0.018298
0.0714944
0.0237686
0.0433631
0.0543804
0.158748
0.0546598
0.0912429
0.0611014
0.113543
0.127158
0.0443633
0.0288857
0.0635164
0.0645172
0.0535172
0.053089
0.117793
0.0679114
0.159749
0.0584104
0.0872406
0.0518485
0.02779
0.154742
0.0377397
0.0723844
0.0641214
0.0350848
0.0202796
0.0213704
0.0615786
0.073447
0.059042
0.0509896
0.0885732
0.0723884
0.0604546
0.0377586
0.0872996
0.0168486
0.093565
0.175061
0.167417
0.0676145
0.0806993
0.0320338
0.167524
0.0407544
0.054746
0.0255412
0.194451
0.135455
0.0940716
0.0380231
0.140889
0.0338867
0.0157437
0.0295908
0.0461422
0.0190433
0.104766
0.189744
0.0262618
0.0324475
0.0317222
0.0792759
0.0821598
0.0818341
0.360966
0.0327731
0.0494248
0.0260401
0.0588624
0.0432364
0.0477538
0.041893
0.233929
0.153436
0.0277926
0.169971
0.0323105
0.15134
0.0170033
0.0127879
0.0468536
0.154983
0.328614
0.0585041
0.0289652
0.0364433
0.0435046
0.0100566
0.0262842
0.134083
0.146734
0.0785954
0.0347257
0.0448502
0.0770157
0.195705
0.0648714
0.0406007
0.0206378
0.0182296
0.0309471
0.113142
0.0765078
0.0477631
0.0804456
0.0294762
0.0650687
0.17066
0.022239
0.00628331
0.0215781
0.155413
0.0251002
0.0817439
0.0179644
0.0639887
0.0207308
0.1329
0.0319924
0.0632866
0.0537211
0.0416581
0.0279365
0.029536
0.188278
0.0344913
0.0630474
0.10634
0.0363967
0.0574009
0.0266773
0.0261091
0.08104
0.0643152
0.0705475
0.0345426
0.0194577
0.019753
0.0289023
0.0313813
0.0103655
0.152344
0.0251008
0.030479
0.0899251
0.286942
0.149336
0.0149963
0.0344521
0.00831335
0.0501343
0.0218914
0.413841
0.214036
0.0903308
0.0184747
0.292047
0.134317
0.0751831
0.0570278
0.0457552
0.0983906
0.0709216
0.0259298
0.0234309
0.149282
0.0860061
0.0737631
0.0302794
0.0280804
0.0544925
0.0590382
0.0243284
0.035729
0.0681684
0.0302696
0.0948785
0.0404106
0.0298307
0.0827845
0.0144264
0.0556788
0.0360991
0.042369
0.028358
0.0206865
0.0325234
0.0455682
0.0153573
0.0708695
0.116122
0.0285802
0.0566819
0.0283905
0.143054
0.0246096
0.124588
0.211135
0.0230492
0.0462371
0.29945
0.0064453
0.150365
0.0191064
0.0740391
0.0423473
0.0210552
0.171168
0.0224026
0.064467
0.290723
0.0199885
0.0227732
0.0567751
0.0340653
0.0408323
0.0725408
0.122102
0.0822953
0.0179902
0.0579489
0.021024
0.0375895
0.0247472
0.0731413
0.111849
0.047897
0.143855
0.0626199
0.0230131
0.143766
0.019417
0.0875992
0.0226271
0.108469
0.0456314
0.0433177
0.0409437
0.0485254
0.134443
0.0418521
0.0108053
0.0328688
0.0297477
0.058003
0.0291275
0.294367
0.0317696
0.0729454
0.110046
0.125563
0.0494412
0.0641856
0.12283
0.0498199
0.064992
0.314396
0.0973006
0.0173124
0.135083
0.0371756
0.0264537
0.0218951
0.139156
0.0172779
0.05151
0.0711296
0.04384
0.180475
0.0188062
0.0149563
0.153598
0.0690977
0.233674
0.0419567
0.185091
0.0547045
0.0198696
0.0913393
0.0304234
0.0832667
0.0376286
0.0374518
0.22831
0.0242835
0.0473349
0.0170686
0.0376406
0.264317
0.0841554
0.0253452
0.116853
0.127754
0.0320158
0.0306541
0.1158
0.165011
0.0159436
0.0448202
0.0553392
0.0621792
0.0300004
0.123906
0.068552
0.0367339
0.0381109
0.0628264
0.0107116
0.0524765
0.0825562
0.0210868
0.105584
0.0199732
0.0173907
0.257463
0.0372355
0.0628824
0.014935
0.10319
0.0469576
0.0421018
0.095716
0.0352587
0.0305521
0.027994
0.0282905
0.056158
0.0418534
0.0774755
0.0209314
0.045393
0.0519312
0.0347687
0.0187328
0.0519742
0.0500781
0.04104
0.0359326
0.0339789
0.359846
0.0338545
0.0622566
0.0355536
0.0332416
0.0493811
0.0777148
0.0642855
0.0868265
0.105788
0.0597832
0.122118
0.0752695
0.0324526
0.0143901
0.0310305
0.0319004
0.0136694
0.0820879
0.0687736
0.148689
0.164347
0.0206899
0.0425855
0.00955015
0.0520648
0.0465854
0.105366
0.0537592
0.0596308
0.080169
0.0244259
0.0231158
0.0292128
0.0499318
0.207709
0.017416
0.0981363
0.106472
0.0668119
0.100515
0.0286794
0.0944735
0.042747
0.0185798
0.0512904
0.0238613
0.129468
0.0681985
0.0296323
0.0316415
0.0114395
0.0930924
0.114596
0.0275566
0.147677
0.0358894
0.0652644
0.0437621
0.0118961
0.0439192
0.0467924
0.10903
0.165115
0.022073
0.0781565
0.04489
0.0123526
0.0185616
0.288903
0.0291444
0.0192683
0.0165324
0.0216013
0.0858781
0.0800672
0.125577
0.0387787
0.0341969
0.0477835
0.0499177
0.0114185
0.033283
0.0343043
0.205793
0.0355509
0.050259
0.0827723
0.164177
0.0437619
0.0959055
0.0634918
0.120747
0.0382362
0.0115658
0.153506
0.0164255
0.103717
0.0361188
0.139349
0.0114251
0.214561
0.0621875
0.0780965
0.058274
0.0374871
0.0167484
0.0745171
0.103121
0.0682816
0.0397497
0.0773306
0.0159139
0.0970171
0.0938936
0.0813176
0.028731
0.132191
0.0801781
0.0824928
0.0375918
0.0271694
0.0210529
0.00688569
0.066158
0.115075
0.303711
0.0280152
0.0129969
0.0181024
0.0103278
0.0221996
0.0347969
0.0601147
0.21797
0.144896
0.0536852
0.0821404
0.0163777
0.017027
0.0572798
0.0403076
0.0649254
0.0452613
0.0885556
0.0836289
0.0673252
0.0525937
0.0443376
0.184507
0.0211387
0.0563095
0.243568
0.0440134
0.0498748
0.0681889
0.0457098
0.156299
0.044812
0.217711
0.0190673
0.0541345
0.0444873
0.00866215
0.057903
0.00994835
0.04212
0.0402497
0.0358423
0.0261926
0.286037
0.0978035
0.0808054
0.0482752
0.034226
0.0464556
0.0389343
0.17928
0.0555487
0.0834519
0.0282654
0.00960224
0.0661768
0.098991
0.0436964
0.0389808
0.0618171
0.104674
0.0247866
0.0521037
0.0106348
0.0426658
0.0314664
0.0177102
0.0922351
0.0940969
0.0552509
0.0838948
0.0739526
0.0454529
0.166449
0.0865211
0.0674732
0.0257284
0.103377
0.243172
0.0306749
0.0698421
0.260754
0.0282184
0.038767
0.0835072
0.0835852
0.0301458
0.019857
0.076274
0.106806
0.0220211
0.0579461
0.0469183
0.0671387
0.0655557
0.0277388
0.115735
0.0272481
0.0803904
0.0330753
0.033732
0.0641394
0.0235344
0.0413539
0.118176
0.0292254
0.0508832
0.0381008
0.0347396
0.0252442
0.0281963
0.0884914
0.0349932
0.0594679
0.0238366
0.0147685
0.0621166
0.0164523
0.0590239
0.0935025
0.108946
0.0218812
0.0399515
0.0560366
0.0540591
0.0537896
0.0350512
0.150361
0.130393
0.0331197
0.028387
0.0279568
0.0596434
0.037333
0.0585098
0.0996138
0.0844507
0.0677449
0.0865003
0.02122
0.0453947
0.022444
0.0423331
0.139508
0.0198176
0.122356
0.0501955
0.120346
0.0285855
0.0538084
0.0502217
0.137223
0.0473287
0.0390023
0.133654
0.0767917
0.0312526
0.0686688
0.044429
0.0323603
0.0458438
0.0365273
0.100291
0.0568122
0.0559982
0.0603304
0.0196556
0.121012
0.0681378
0.0335657
0.100966
0.0349278
0.0181044
0.0294386
0.0412744
0.0355814
0.0448522
0.0229001
0.0221729
0.0218411
0.142294
0.0128213
0.0257725
0.0361142
0.05384
0.0572802
0.4369
0.0228832
0.0285294
0.0326278
0.0391067
0.0859227
0.111477
0.0218473
0.0560159
0.0234589
0.0685916
0.0577808
0.066724
0.00897222
0.0638379
0.029804
0.0583092
0.00874777
0.0368554
0.0440288
0.0861604
0.0208213
0.0771012
0.013258
0.0404608
0.121074
0.0663338
0.0428063
0.0519379
0.034177
0.0991257
0.170083
0.103751
0.0277767
0.0159041
0.0135389
0.111093
0.0253082
0.0339169
0.216358
0.0480322
0.0488592
0.107427
0.174189
0.0659954
0.0483032
0.0402235
0.0892211
0.0825103
0.0572139
0.030406
0.0467374
0.0183088
0.0952832
0.0339455
0.082915
0.0135815
0.163406
0.0202091
0.0495545
0.0382601
0.056944
0.0921191
0.0660349
0.0303572
0.0450549
0.0584082
0.0135863
0.119902
0.0774171
0.0189364
0.0314719
0.0694376
0.0765323
0.031926
0.0213369
0.0420388
0.126566
0.056541
0.128586
0.111063
0.073028
0.0194125
0.0234088
0.0468768
0.0199327
0.0454785
0.185441
0.00733632
0.028984
0.0599794
0.0421679
0.0517478
0.0142367
0.0394262
0.0652915
0.0523845
0.131824
0.0327373
0.0315545
0.036034
0.234404
0.0284958
0.0594684
0.0478441
0.0252117
0.0299443
0.027274
0.0268483
0.0523723
0.0657109
0.404712
0.0686335
0.0120325
0.055981
0.129351
0.048032
0.0138965
0.0455868
0.016201
0.030506
0.0274025
0.0425465
0.0298029
0.0389686
0.0293509
0.0790016
0.0367456
0.0719627
0.0935377
0.0431167
0.0164694
0.162336
0.0462989
0.160588
0.0305553
0.0122458
0.0146574
0.0269222
0.0303701
0.118066
0.0654577
0.051102
0.0535703
0.091812
0.103846
0.0160139
0.0115241
0.0676615
0.0268336
0.123758
0.0348726
0.173383
0.0830234
0.14498
0.0967688
0.160545
0.0321973
0.0306199
0.0165735
0.0225974
0.0341181
0.0797824
0.0664588
0.189167
0.0216723
0.0302643
0.0477681
0.0881972
0.0208283
0.0531435
0.0492814
0.0615077
0.0233813
0.0158141
0.0297127
0.0487419
0.01577
0.0826527
0.0268949
0.0782246
0.0322392
0.0391071
0.0270324
0.088983
0.011401
0.0350626
0.0313849
0.125096
0.0852871
0.0533961
0.0711085
0.0617229
0.0436004
0.0543592
0.0127168
0.0378758
0.0265843
0.0480132
0.0632061
0.0837715
0.0530693
0.0288193
0.370286
0.49064
0.0346713
0.0734696
0.117562
0.0653815
0.375807
0.0153767
0.0495558
0.0110381
0.0913517
0.0152594
0.809461
0.130009
0.166729
0.0731422
0.117859
0.146729
0.0458412
0.0288122
0.079991
0.0628676
0.0359516
0.0576871
0.06639
0.0854096
0.0936646
0.0355578
0.0348314
0.034176
0.108181
0.0334082
0.00522615
0.0743594
0.0441595
0.138888
0.0916047
0.0243617
0.0180659
0.186515
0.228444
0.0292354
0.166265
0.0377011
0.0771984
0.0788895
0.146675
0.0390449
0.0659075
0.31517
0.0114313
0.0232116
0.0257135
0.0500004
0.0162323
0.0630077
0.0851502
0.0526099
0.190721
0.0985963
0.0219962
0.0738918
0.0653017
0.0398765
0.0382793
0.0449207
0.026583
0.032551
0.0662903
0.0294264
0.0605111
0.0173378
0.0326248
0.664778
0.0365407
0.146186
0.181169
0.0426928
0.128004
0.0295103
0.0680962
0.112779
0.0277369
0.0166384
0.121018
0.0885163
0.0933284
0.0391652
0.151914
0.0319
0.0585744
0.0339542
0.0329198
0.0172613
0.0170357
0.0440671
0.0256601
0.0152353
0.0504797
0.0119014
0.0251876
0.0224557
0.027337
0.0574899
0.0312923
0.0614857
0.251666
0.0607531
0.040171
0.014578
0.0924001
0.0646217
0.0232002
0.0624839
0.0209484
0.0782047
0.0348149
0.0983917
0.0585924
0.0784127
0.0979548
0.0574219
0.0374801
0.08705
0.0998639
0.065616
0.080798
0.0871463
0.197065
0.0650403
0.102339
0.0561561
0.0483509
0.0655608
0.0183009
0.0446592
0.0852285
0.0502452
0.077194
0.0730561
0.0330998
0.0251056
0.0902242
0.0341263
0.0433569
0.0828632
0.0897989
0.0758719
0.0523816
0.0140223
0.34132
0.0276634
0.0355375
0.118911
0.0547672
0.0375776
0.056463
0.0526119
0.0360878
0.0735103
0.0271842
0.158488
0.0562835
0.0746195
0.2919
0.0185385
0.0364782
0.264221
0.0152204
0.152776
0.0321359
0.0229052
0.122716
0.0715292
0.0305874
0.0184789
0.0407374
0.0596186
0.0696178
0.122266
0.0732169
0.0479167
0.304623
0.0878372
0.148829
0.0429119
0.0509094
0.0674314
0.0705155
0.05472
0.0614486
0.140955
0.156083
0.0533026
0.0246183
0.0319502
0.0410126
0.0401585
0.0360441
0.296003
0.127078
0.0536122
0.0762263
0.0380474
0.0491338
0.106319
0.0353778
0.0779466
0.0101812
0.0579678
0.0834862
0.0275531
0.0779719
0.147105
0.0325815
0.0320717
0.0275532
0.0247477
0.110861
0.032154
0.248229
0.0326477
0.0501228
0.0384949
0.0369486
0.0147196
0.0077664
0.0480839
0.0682667
0.0649126
0.0542917
0.0580744
0.0595416
0.0239792
0.0461568
0.024518
0.039507
0.0527185
0.0240304
0.0482049
0.0361225
0.0663732
0.0232462
0.068735
0.0423834
0.0692706
0.0719408
0.0855356
0.0320526
0.0576995
0.0582794
0.122384
0.0320293
0.1109
0.0471995
0.0263952
0.0204168
0.0239186
0.0349736
0.0579791
0.0121699
0.0315581
0.0289206
0.0894495
0.378671
0.0132626
0.0215256
0.0542127
0.02193
0.14851
0.151463
0.0698288
0.0782121
0.0302715
0.267233
0.106973
0.0533972
0.0779864
0.0355992
0.0374648
0.0244759
0.0647162
0.0937285
0.0565768
0.0291854
0.0840744
0.0569879
0.0477574
0.0360416
0.124393
0.0185268
0.10541
0.104512
0.0470997
0.0384584
0.0599195
0.0542102
0.00803036
0.0524363
0.218487
0.134067
0.117276
0.0454417
0.0364703
0.0359823
0.0362946
0.0284759
0.0408824
0.106727
0.0886729
0.0224502
0.0677324
0.0466204
0
0
0
0
0
0
0
0
0
0
0
0
0
0
0
0
0
0
0
0
0
0
0
0
0
0
0
0
0
0
0
0
777777