2.80084
999999
-0.367205
-0.336086
-0.17508
-0.11992
0.091112
-0.1036
-0.27526
0.152445
-0.0523581
0.192935
0.384724
0.0959539
-0.213409
-0.34339
-0.177732
0.265161
0.574884
0.158326
0.411661
0.180359
0.0820522
0.559393
0.341047
0.419924
0.625923
-0.00705719
-0.188516
-0.463706
0.0272738
0.926648
0.235864
-0.0113676
0.114428
-0.478013
-0.0688151
0.217702
0.0721054
0.275151
0.0386886
-0.106983
0.336512
0.180566
1.61844
0.0475728
0.244265
0.263782
-0.200905
-0.261627
0.51442
0.475742
0.144653
-0.21944
0.407919
0.217854
0.668783
0.14327
-0.138701
0.171983
0.239494
-0.0475991
0.00298266
-1.39587
-0.276544
-0.309784
0.12372
-0.523049
0.315518
0.136054
0.126999
0.470683
0.296545
-0.38062
-0.308358
-0.198622
-0.269915
-0.0551594
-0.296887
0.772858
0.168973
-0.0485376
0.0371012
0.000446669
-0.334334
0.563936
0.11595
0.607544
0.00761822
0.21352
-0.493628
-0.965396
-0.312081
0.193847
0.386395
-0.553814
0.215057
-0.0519723
0.859451
0.627914
-0.380278
-0.122145
-0.0532458
0.0239413
-0.208578
0.284081
-0.13799
-0.102986
-0.405527
0.534978
-0.288906
-0.331532
0.11923
0.21414
-0.112136
0.57624
-0.171804
0.464543
0.264452
-0.710892
0.204134
-0.252325
-0.485341
0.03944
-0.172444
-0.443831
0.0353601
0.93476
0.21521
-0.10821
0.522608
-0.216736
0.192737
-0.636352
1.26869
0.512852
0.0113853
-0.170263
0.0425018
0.265704
0.463462
-0.488427
0.608838
-0.0854989
0.184107
0.0307068
0.361572
0.091822
-0.191422
0.290673
0.0637028
0.0823806
0.254859
0.472186
-0.268154
-0.233016
1.18027
0.568686
0.0771787
0.223315
0.306425
0.310155
-0.0935448
0.316998
-0.0060847
0.133114
0.47489
-0.510412
-0.0068764
-0.525188
0.561059
-0.320369
0.58045
-0.0704942
-1.03188
0.116389
-0.580536
0.1259
-0.11496
-0.302352
-0.962862
-0.506147
-0.0360932
0.566368
-0.398961
0.0515019
0.137344
0.149985
0.169694
-0.314899
-0.282342
0.0630567
0.116439
0.472382
0.715412
-0.397095
0.352626
0.136906
0.0837128
0.249459
-0.0308259
0.196082
-0.685908
-0.274673
0.317561
-0.419244
-0.94015
-0.0428813
-0.397987
-0.205996
0.00275213
-0.475721
-0.195379
0.198087
-0.525615
-0.414307
0.0811913
-0.800439
0.462266
0.158425
0.842134
0.103244
-0.465929
-0.476848
-0.141024
-0.959486
0.456032
0.245922
-0.168119
0.167156
-0.126165
0.280195
-0.298053
0.398371
1.0473
-0.246657
-0.0578717
-0.699515
0.0669874
0.114159
1.10012
-0.619925
-0.666917
-0.504288
-0.0473526
0.166769
-0.0326435
-0.250994
-0.108962
0.446348
0.377269
0.177876
0.109644
0.995008
0.023116
-0.378945
0.328679
-0.050805
-0.135535
-0.461779
-0.114282
-0.0624586
0.144479
-0.0162303
0.481158
0.358682
-0.0946518
-0.0560382
0.563911
-0.398361
0.225784
-0.288613
-0.152478
-0.203174
0.258473
0.377447
-0.445064
0.650858
-0.570718
0.404689
-0.187852
0.355186
-0.280948
-0.198996
-0.146496
0.349909
-0.903465
-0.213531
-0.0735067
-0.429432
-0.0511023
0.340028
0.0839316
0.349639
-0.268406
0.42681
0.719963
0.502021
1.15388
0.202002
0.913569
0.77407
-1.35028
0.493905
-0.195501
0.854315
-0.122165
-0.646031
-0.161159
0.236636
0.772823
-0.127982
0.31648
-0.552027
-0.0591754
-0.362603
0.319221
0.374278
0.476536
-0.290664
0.490871
-0.119276
-0.0476975
0.0677446
0.388065
-0.110225
-0.400894
0.166089
-0.443971
-0.159948
0.351981
-0.166686
0.0312468
0.404589
0.268116
0.636863
-0.316033
0.759026
0.327568
-0.210122
0.95119
0.366559
0.681513
-0.230171
0.262906
0.301653
0.363875
-0.204203
-0.0831011
-0.151851
-0.428736
0.922276
-0.231661
-0.219392
-0.0127239
0.0942137
0.113721
0.215403
-0.361496
0.709219
-0.686567
-0.0572976
-0.448108
-0.382417
-0.124642
-0.366135
0.422796
-0.253904
0.678386
0.0909447
-0.423908
0.201238
-0.00514399
0.046002
0.106698
-0.307392
0.236155
-0.358253
-0.00916754
-0.353831
0.252256
0.151303
-0.268552
0.330754
0.400044
0.545734
0.178923
0.294282
-0.617206
-0.557334
-1.14623
0.224337
0.0601842
-0.256525
-1.18205
-1.01347
0.178209
-0.281564
0.12555
-0.73139
0.273597
0.00589051
0.179135
-0.194051
1.62763
0.141113
-0.554301
0.674099
-0.11756
-0.0981159
-0.00615683
-0.180595
-0.394822
-0.134339
0.748145
0.280566
-0.490313
-0.418086
0.175582
-0.595618
-0.0883589
-0.507278
-0.335575
0.0114321
0.0351156
-0.376904
-0.0367102
-0.368073
-0.0328355
0.12248
-0.0596897
-0.0292344
0.0209517
0.453093
0.433894
0.0613736
-0.206234
-0.613291
0.321554
0.623329
-0.454896
0.30671
0.0172065
-0.079803
0.0645432
-0.326494
0.220341
0.111553
-0.343095
0.276629
0.53762
-0.309703
0.2348
-0.453843
0.0890546
0.375475
0.101739
0.942884
0.007232
0.0168312
-0.478829
-0.0302807
0.482549
-0.384223
-0.14202
0.352162
-0.24035
-0.00840371
0.547981
0.222844
0.531295
-0.13135
-0.0618029
-0.135431
-0.0074518
-0.181537
-0.601787
-0.463535
0.32333
-0.678518
1.61615
0.0908334
-0.101931
0.564336
0.400696
-0.394713
-0.448143
-0.101277
-0.00477518
0.404959
-0.121697
0.302712
-0.553001
-0.659526
-0.160593
-0.404307
0.495113
0.0265946
-0.0331881
-0.182025
-1.03579
-0.529526
-0.169715
-0.620143
0.718731
-0.387256
-0.314473
0.225
-0.347494
0.210626
-0.274575
0.064013
0.245721
0.293104
-0.401695
0.202027
-0.0736942
1.58742
0.183437
0.403752
0.539222
-0.558807
-0.157189
-0.0851518
0.229079
0.347288
0.25197
-0.202301
0.872374
0.26584
-0.300639
0.0718049
0.108398
0.00965163
-0.353083
0.00542423
0.0749582
0.0361593
-0.372241
-0.309938
-0.819378
0.684357
-0.0102917
0.542251
0.154888
0.323921
-0.238534
-0.182013
0.429398
0.107874
-0.116114
0.0246113
0.125771
-0.687893
-0.755444
-0.497665
-0.0571317
-0.276543
-0.122294
0.509473
0.00412706
0.935932
0.166126
-0.938099
0.222553
0.0820517
-1.39421
0.177186
-0.448777
0.428151
0.0815965
-0.0314944
-0.176875
0.0816177
-1.30499
-0.261759
0.216397
-0.119146
0.0686806
-0.712592
-0.441382
-0.0988612
0.361871
-0.198627
0.0729833
0.970824
-0.320054
0.198439
1.1893
0.0589657
-0.0683356
0.163187
0.234148
-0.169709
-0.576784
0.0607525
-1.63817
0.881212
-0.450466
0.0828599
-0.0483273
0.891964
-0.175492
-0.205514
0.134815
0.158355
0.44963
0.23912
-0.00434853
-0.531934
-0.235682
-0.286991
0.511886
-0.223738
0.230649
-0.12852
-0.0831224
0.344077
-0.251858
-0.888726
0.102532
0.219511
-0.222997
0.232817
0.0455585
-0.121161
0.0256642
0.0245041
0.3094
0.0448375
0.577099
-0.894593
0.0201396
0.115477
0.103959
-0.605626
0.0056597
-0.842891
0.198198
0.48265
-0.277448
0.100163
0.712926
0.363909
-0.0284955
-0.703641
0.0544368
-0.0145015
0.465131
-0.126626
-0.145312
-0.69761
0.124245
0.319587
0.0990574
-0.255894
-0.148799
0.0560876
-0.429414
0.0618738
-0.684166
0.362414
0.0240882
-0.350364
0.0359845
0.563778
-0.00170545
-0.19808
-0.458871
-0.453077
0.356349
0.367736
-0.267841
-0.0334688
0.302485
-0.487694
-0.882796
-0.54838
0.254553
-0.500585
-0.718703
0.0655898
0.175231
0.0606231
-0.175845
-0.0942773
-0.456979
0.456971
-0.504871
0.280467
-0.202825
0.349324
-0.59811
-0.0515812
0.438126
-0.0767531
-0.749585
-0.0781035
-0.333289
-0.367875
-1.04354
-0.486719
-0.077472
-0.626574
-0.103999
0.16011
0.249016
-0.192685
-0.0773202
0.0795083
0.188589
-0.296036
-0.193181
-0.236271
-0.0624215
-0.294143
-0.183909
0.244142
0.411914
-0.0923557
-0.539928
0.0241535
-0.259744
0.34694
-1.07138
-0.139666
0.105672
-0.214288
0.07688
0.66444
-0.226629
0.506027
0.135766
0.229731
-0.907318
-0.428726
0.383586
0.450419
-0.462551
-0.308722
-0.00871415
0.107479
0.0890812
0.159729
0.0895635
0.16196
-0.611419
0.182144
0.178078
-0.265402
-0.0510138
-0.0773674
0.158903
-0.216022
1.15899
0.171621
0.346504
0.101953
-0.465461
-0.332552
0.278213
-0.103356
-0.552553
-0.179786
-0.106456
0.11511
0.0531166
0.0268109
0.0508287
0.12005
1.12187
-0.357546
0.498022
-0.0477099
0.140446
-0.281284
-0.199269
0.403464
-0.124624
-0.272211
1.95365
0.381601
0.188425
-0.167296
-0.426215
0.596112
-0.111917
0.10177
0.0671905
0.405925
-0.552841
0.0119157
0.709653
0.0635501
0.300992
0.35235
-0.647558
0.739599
0.257709
0.0381035
0.658482
-0.132022
-0.622282
-0.327299
0.843408
-0.220695
0.0748509
-1.38775
0.518546
0.0418418
0.228887
0.0158145
-0.693123
-0.826378
-0.0704007
0.197059
-0.119834
-0.513399
0.0141574
-0.657056
0.752345
-0.0521042
-0.139161
-0.224248
0.455574
0.0539702
0.635683
-0.418694
-0.251458
0.0428756
-0.0664543
-0.166413
-0.0921341
-0.613278
-0.0463453
0.0594389
0.362973
0.223015
-0.366246
-0.234839
-0.257779
-0.0244776
0.544653
-0.113331
0.503882
-1.23911
0.241371
-0.402152
-0.203042
0.05997
-0.0594241
0.0689007
-0.501827
0.00921906
0.182498
0.454487
-0.154025
0.464697
-0.392412
0.22822
-0.0159605
0.0901291
0.059622
-0.868608
-0.241483
-0.361588
0.135418
0.0194983
0.249217
0.0107996
-0.303083
-0.71796
0.309097
0.0761587
0.672245
0.0367472
-0.438362
0.117459
-0.18801
0.157212
-0.0553313
-0.324157
0.323427
0.0759396
-0.0316553
0.134059
-0.160505
-0.305012
0.0982264
-0.552976
-0.193191
0.320177
-0.683873
0.903032
-0.209995
0.15482
0.873453
-0.194764
1.22091
0.292363
0.546592
-0.0973696
-0.482376
0.523227
-0.038329
0.356594
-0.158481
0.169837
-0.460274
-0.11994
-0.00764506
-0.404434
0.319852
0.0577687
0.183688
0.274859
0.900969
-0.349292
0.344731
-0.274442
-0.514974
-0.427512
-0.308646
0.0531017
-0.0720895
0.218049
0.285987
0.261648
-1.06504
0.972294
0.0593471
-0.163121
1.46239
-0.143311
0.00944714
-0.0592196
0.343356
-0.469398
0.736628
0.604994
0.0280753
0.396872
0.07785
0.0962086
0.417455
-0.539408
-0.0378504
0.809429
-0.174354
-0.405594
-0.0657593
0.28028
-0.0154394
-0.797502
-0.0988515
0.551325
-0.856744
-0.0277266
-1.03004
-0.0154408
-0.33084
-0.0596925
0.843877
0.150079
0.439211
0.253961
-0.564431
0.13379
-0.119015
0.0214176
-0.0242701
-0.164584
-0.725914
-0.00442585
0.458554
0.0774826
-0.859191
-0.508849
-0.0191739
-0.2794
-0.55663
-0.39481
0.737042
-0.499892
0.114091
0.29093
0.090151
0.454253
0.130703
0.201286
0.320709
0.350604
-0.460316
0.117534
-0.0724833
0.274609
0.0531831
0.221172
0.430947
0.00433536
-0.566961
-0.239533
0.100175
0.0462589
0.743509
0.265766
-0.0269245
0.0724143
0.306977
-0.640284
0.0326393
0.574088
0.257998
0.0108581
0.280336
2.6512
-0.0303654
-0.0169968
0.532638
-0.682713
0.447816
-0.235705
0.595706
-0.162812
-0.380642
-0.360009
0.0309264
0.122033
0.0521212
0.139215
0.298616
0.141325
-0.17795
-0.0695865
0.2338
-0.314912
0.602857
-0.436775
-0.210006
0.657951
-1.42979
-0.0867869
-0.303225
0.0746277
0.129649
-0.927674
0.099708
-0.123693
0.245673
-0.381024
-0.256941
0.310216
-0.114507
-0.0457018
-0.0170682
0.484666
0.124975
-0.836553
-0.209298
0.19441
0.0833259
-0.201319
-0.334039
0.636717
0.294316
-0.499964
0.0534468
-0.500975
0.236793
-0.329827
0.604405
0.325346
-0.370919
-0.0466763
0.128638
-0.344831
0.186284
0.175465
-0.88659
1.46243
-0.420671
-0.140266
-0.0210091
-0.28488
-0.402865
-0.0678667
0.124727
0.318053
0.00435999
0.293698
-0.4632
-0.38632
-0.00360617
0.107195
-0.282591
0.35613
-0.0198541
0.0483378
-0.785189
0.184833
0.308224
0.252566
-0.150231
-0.182579
-0.161098
-0.616443
0.402193
0.139803
0.0975201
-0.168747
0.755764
0.324202
-0.0321243
0.00859131
-0.0215927
0.192457
-0.473247
-0.193723
-0.640106
-0.493309
-0.0518155
-0.231118
0.0184553
0.359952
-0.257597
0.650285
-0.0912097
-0.826453
0.205443
0.185075
-0.000759991
-0.281946
0.512026
-0.14517
-0.00973655
0.661172
0.430737
0.65419
0.0393888
-0.466158
0.454065
-0.412755
-0.530326
0.108573
-0.364658
0.817258
-0.419575
-0.734946
-0.130174
-0.067147
0.0275007
-0.447801
0.169144
0.31213
-0.157069
-0.255241
-0.186248
-0.616831
0.668617
-0.185152
0.441066
0.165541
-0.250955
-0.10306
-0.066523
-0.199314
0.172758
0.0652514
-0.223278
-0.126232
-0.0303212
0.132282
0.179823
-0.335905
0.206235
-0.0885237
1.54311
-0.0806515
-0.48445
0.185195
-0.000512959
0.497038
-1.42208
0.434617
-0.204555
0.456272
0.0126728
0.235217
-0.0458596
0.235351
0.0425843
-0.052685
0.0586225
0.192485
-0.245895
0.0998603
0.353655
0.521951
-0.722512
0.128956
0.218444
-0.299201
-0.129545
-0.318998
-0.219024
-0.0922608
0.336284
-0.979204
-0.304946
0.107267
-0.0555442
-0.331393
-0.297124
0.363861
0.584705
1.37584
-0.299956
-0.777404
-0.0951066
0.410311
0.205095
0.536991
-0.49903
-0.390553
0.228513
-0.057398
0.0922026
0.0807486
-0.109093
-0.688621
0.039409
-0.611143
-0.0871434
-1.1661
0.227762
0.255686
-0.0425455
-0.114645
-0.330938
1.07139
0.0369201
0.0508457
0.105385
0.281939
0.524535
0.593554
0.558418
-0.0140099
0.156192
0.392884
0.240652
0.138662
0.0312568
1.24599
0.304565
0.00935178
0.229564
0.250778
0.302616
0.0186188
0.180808
0.371589
-0.179253
0.420263
-0.414629
0.346831
-0.0325469
-0.034452
0.577345
-0.188242
0.490184
0.204439
0.606931
0.659271
0.0100606
-0.209138
-0.600582
-0.700734
-0.554108
-0.675161
0.220651
-0.370984
0.394229
0.496049
-0.697792
-0.0795451
-0.157137
0.118222
0.000900725
-0.31956
0.265254
-0.156868
-0.0169674
0.0913958
0.220204
0.35166
-0.119914
0.307037
0.300844
0.200771
-0.662776
-0.0770037
0.526805
0.128932
0.400652
-0.17175
0.0462474
0.179505
1.135
-0.476497
0.44924
0.266099
0.155842
0.115702
-0.64965
0.880015
-0.75441
-0.106244
0.0534014
0.314532
0.0921326
0.695168
-0.100753
0.349891
0.62196
0.00497808
-0.651588
-0.167165
0.424095
-0.851274
0.556789
-0.341153
0.468067
-0.212354
0.180894
0.0702993
0.15914
0.164031
-0.257845
-0.21051
-1.08188
-0.0782589
0.411335
-0.599248
0.499779
0.271828
-0.0352591
0.0287221
-0.321774
-0.471615
-0.303746
0.0792532
-0.391535
-0.576411
-0.305303
-0.0551282
-0.246067
0.237407
-0.140239
0.0750886
-0.190786
-0.193125
0.0233531
-0.375059
-0.223576
-0.950782
-0.656171
-0.452494
-0.545211
-0.230595
-0.00664032
0.139509
0.35462
-0.0744953
-0.114023
-0.272086
0.446128
0.477977
0.186966
-1.79246
-2.11155
-0.0697335
0.468099
0.427217
0.455867
0.94512
0.00609508
1.07218
-0.296495
0.266624
-0.026826
2.05817
0.632804
0.420176
-0.379209
-0.0984697
0.189989
-0.0863185
0.49174
-0.284282
0.0803469
0.320063
-0.58096
0.106282
-0.494334
0.176436
-0.0523118
0.337549
0.23327
-0.74469
0.311204
0.274785
0.0899584
-0.0697804
-0.424381
-0.240566
-0.531903
-0.0270677
0.436153
-0.43219
-0.00727246
-0.366347
0.386278
0.126484
0.174787
-0.740003
0.0908727
0.219626
1.07947
0.377287
-0.171581
0.349061
0.0678051
-0.139596
0.115951
0.364728
0.922688
-0.096832
-0.0035241
-0.0427602
-0.444654
-0.0706995
-0.615773
0.481753
0.192441
0.0735805
0.159316
0.0913234
0.269249
-0.0747279
0.0897548
-0.955573
0.467061
0.300204
0.519371
0.814541
-0.267775
0.314354
-0.173535
-0.169095
1.42566
-0.0920644
-0.420602
0.412354
-1.70751
-0.900773
0.309273
0.706541
0.136413
0.244811
0.16761
0.190225
0.00892382
-0.0558961
0.268752
0.263533
-0.288571
0.126191
0.0763962
-0.136622
0.076014
-0.0572892
-0.0601857
-0.0643837
0.0989726
0.333412
-0.431149
0.140011
-0.61511
0.254806
-0.468562
-0.0320622
0.233698
0.491968
-0.0645628
0.505988
-0.856944
0.0150589
0.326771
0.704952
-0.509046
-0.622853
-0.486614
0.266999
0.323785
-0.0324181
0.142886
-1.21098
-0.554873
-0.847922
0.24171
-0.104799
-0.258508
0.386549
-0.234934
0.404597
-0.00647724
0.126428
0.407548
0.464546
-0.0618938
0.274521
-0.0609319
-0.220216
-0.469156
-0.220803
0.0193223
-0.132598
0.300717
-0.840754
0.187494
0.339805
-0.597764
0.082131
0.145908
0.0267632
0.529709
-0.0481385
-0.0986867
0.195098
-0.198314
0.0776389
-0.993349
-1.48061
-0.351641
0.162356
1.77732
-0.00898708
-1.11507
0.207946
-0.169239
0.415248
0.304057
0.0959605
-0.0838524
0.286957
-0.110658
0.0793286
-1.0656
0.261007
0.484254
0.0213628
-0.372626
0.0401985
0.0638079
-1.29339
0.549882
-0.680383
-0.240621
0.405621
-0.511695
-1.04242
-0.385581
-0.0558993
0.325669
-0.0913114
-0.284765
-0.0113886
-0.167783
-0.170146
-0.476321
0.254067
-0.0852758
-0.138676
0.813956
0.160195
0.196778
-0.114325
0.825866
-0.428954
0.023263
-0.30854
0.258069
-0.0262262
0.0441958
0.295815
-0.028124
1.58463
0.385396
0.933907
0.120338
0.106178
-0.154063
0.728346
-0.177403
0.0871081
-0.742359
-0.208257
-0.426514
-0.171026
0.667476
0.2852
-0.135323
0.5938
-0.233886
0.288819
-0.499418
-0.14725
0.330399
-0.339722
-0.211049
0.304405
-0.749
-0.438792
-0.800966
-0.113302
-0.344681
-0.173185
-0.787993
0.0704953
-1.15781
-0.157573
-0.193532
0.222285
0.311885
0.095211
-0.26854
0.51684
-0.232968
-0.122425
-0.302596
0.0109973
-0.64546
2.74584
0.280372
-0.0644887
0.179244
-0.0323839
0.767078
0.189451
-0.40087
0.451005
0.0809635
0.71332
-0.383732
0.165958
-0.045503
0.617041
-0.0698737
0.110234
-0.739839
-0.112572
0.0973973
-0.187259
-0.290939
0.199011
0.0650093
0.0575097
-0.34583
-0.249871
0.046685
0.968315
-0.599285
0.0811266
0.0667458
0.125279
0.240204
0.0732249
0.973353
-0.574171
0.0147687
0.0746071
-0.0739695
-0.0766356
0.192651
0.0290242
0.127735
0.810557
0.382097
0.00507514
0.331165
0.46742
0.0845411
-0.183404
0.17198
-0.163149
0.0570926
-0.183599
0.104672
-0.16808
0.0231031
-0.113866
-0.104268
0.128119
0.0246999
-0.115726
-0.193223
0.0111041
0.0682237
-0.156079
-0.0685226
-0.156845
-0.0763311
-0.0496129
-0.048363
-0.0107757
0.0357473
-0.0172453
0.127606
0.0530418
0.162334
0.0869917
0.127751
0.184639
888888
0.0307252
0.0101315
0.0914497
0.0238636
0.0261909
0.0490325
0.0447804
0.186631
0.0283184
0.0623648
0.0468682
0.045008
0.0907843
0.0160726
0.00539377
0.0338888
0.0502376
0.0084627
0.0458113
0.188261
0.0521782
0.0923958
0.102969
0.0250128
0.0902655
0.0115822
0.0343489
0.306984
0.0168663
0.0903175
0.108788
0.0231522
0.0864831
0.0894974
0.0775562
0.0568942
0.0827159
0.0165326
0.0507492
0.0431405
0.0385093
0.0287036
0.280339
0.0218629
0.0213745
0.062608
0.0261036
0.0439509
0.0447069
0.0128454
0.0332577
0.0530112
0.0912591
0.0488471
0.0601195
0.0370998
0.0205829
0.0142305
0.0262469
0.0191404
0.141613
0.290406
0.0894834
0.0617691
0.0430751
0.0579664
0.0180572
0.0105886
0.0481267
0.10698
0.0789556
0.121882
0.0462573
0.0284645
0.0476432
0.0147749
0.0291773
0.123079
0.0671159
0.0317853
0.0402637
0.108616
0.14126
0.109226
0.0272388
0.0693508
0.0398121
0.0462493
0.103734
0.0932597
0.032097
0.0295741
0.118868
0.0279191
0.0438543
0.0104393
0.118236
0.0468407
0.0828847
0.0409251
0.0352262
0.0479158
0.0600425
0.0385137
0.0531763
0.0692564
0.0243662
0.0690857
0.10293
0.0436242
0.128215
0.296936
0.0352431
0.0169252
0.0393208
0.0679147
0.0270102
0.0878572
0.0410911
0.057129
0.0771633
0.0555402
0.0369431
0.0446465
0.0330539
0.159562
0.109523
0.0542289
0.0716476
0.0667724
0.185099
0.166206
0.210947
0.0589048
0.0156994
0.0616819
0.0791509
0.0186199
0.120579
0.0560541
0.0434459
0.014496
0.0339137
0.0447589
0.11901
0.062708
0.0508996
0.0213084
0.0380633
0.0572596
0.0343756
0.0904516
0.0110555
0.0277825
0.205353
0.15623
0.305958
0.04763
0.0616992
0.0628479
0.0116118
0.0782839
0.0340182
0.124487
0.108679
0.00593891
0.109752
0.0274305
0.0740257
0.0753029
0.0895608
0.0444967
0.169446
0.0348018
0.236256
0.00985573
0.0207498
0.0351345
0.0679508
0.0401573
0.0166783
0.0453477
0.0265174
0.0692841
0.0254858
0.0240957
0.0164719
0.0225111
0.021075
0.0882901
0.0537612
0.0665921
0.0550979
0.196775
0.0488281
0.0181327
0.080871
0.101766
0.0497369
0.0190418
0.0688093
0.0808562
0.0601436
0.0230013
0.128761
0.0503781
0.138469
0.0901339
0.0502731
0.139856
0.0562894
0.0282006
0.0338503
0.0218334
0.0312233
0.0888592
0.0311683
0.0295283
0.0698467
0.0153572
0.296939
0.100908
0.022334
0.336698
0.0645324
0.157786
0.0246272
0.0175287
0.0483219
0.0496887
0.171904
0.0336436
0.375856
0.0461398
0.0196573
0.064153
0.0320115
0.0105255
0.173074
0.1544
0.0520621
0.0460713
0.0659249
0.0968465
0.0217072
0.0303478
0.0313181
0.119757
0.0357629
0.0161017
0.0328316
0.142106
0.0988083
0.0336782
0.0421984
0.0496751
0.0357658
0.0398879
0.0187171
0.101634
0.0295523
0.0309889
0.0645827
0.0440288
0.0351577
0.145377
0.0204303
0.0797638
0.0528762
0.115992
0.0730651
0.101659
0.0278851
0.176682
0.116923
0.0438932
0.0858198
0.0841413
0.0686221
0.130064
0.0157263
0.0673726
0.0329144
0.0576932
0.0823638
0.0194704
0.0314465
0.0376013
0.00678401
0.016798
0.0246004
0.0392052
0.0198572
0.0402134
0.0534762
0.152164
0.087184
0.194564
0.0234823
0.0159657
0.170518
0.0326975
0.0157244
0.203659
0.0437157
0.180731
0.0194818
0.0554989
0.0981353
0.107769
0.0235262
0.15665
0.035094
0.0248586
0.102306
0.0376907
0.0116597
0.0552003
0.265499
0.0279636
0.143569
0.0767916
0.0641033
0.04986
0.0337723
0.0801104
0.0283052
0.0689487
0.0318759
0.0620608
0.198753
0.0452737
0.0202445
0.0691972
0.00836508
0.117616
0.0295501
0.012463
0.0876739
0.0431946
0.100013
0.0412754
0.0221974
0.036275
0.126129
0.0823635
0.0581382
0.0352312
0.0435797
0.0954359
0.0518093
0.0415737
0.101986
0.0160689
0.0169256
0.0312352
0.0142274
0.0678147
0.0589233
0.0848769
0.0759947
0.0468172
0.0757495
0.0756096
0.0629923
0.0631588
0.0625101
0.0214484
0.0552234
0.115109
0.0442029
0.141016
0.0106303
0.0181762
0.0200074
0.0257685
0.0807148
0.0111607
0.0291781
0.0305995
0.0631207
0.0502529
0.100137
0.171735
0.0462405
0.0304789
0.0940296
0.0636134
0.104304
0.06059
0.068683
0.148981
0.0699504
0.3202
0.013832
0.0421312
0.0334635
0.0756339
0.059129
0.068547
0.0408576
0.0353782
0.119711
0.052591
0.0145357
0.0539029
0.0260676
0.0455366
0.171362
0.0267055
0.0355474
0.0281027
0.0792859
0.124892
0.0605826
0.025571
0.0369713
0.0531376
0.0656112
0.217914
0.0899275
0.0170946
0.0189528
0.15008
0.0280036
0.0208481
0.0512887
0.0565687
0.0924392
0.0353262
0.0326655
0.0487726
0.0458858
0.035869
0.0375287
0.110675
0.0697429
0.0466798
0.030461
0.0556436
0.0260057
0.0105665
0.0199861
0.038449
0.24449
0.0180105
0.0571585
0.0155662
0.0829204
0.0948689
0.0169475
0.0641542
0.0094025
0.0945382
0.0190022
0.0636857
0.0220848
0.0512635
0.0471279
0.0409754
0.0346034
0.0759653
0.0245019
0.0870657
0.140792
0.0168922
0.0366429
0.0306268
0.0408464
0.0455678
0.0363042
0.0247406
0.0639818
0.0235903
0.0334692
0.0940358
0.0594419
0.040481
0.213869
0.0873811
0.0752118
0.0571135
0.0262726
0.0559084
0.0732389
0.0826229
0.047363
0.184092
0.151395
0.114949
0.0313187
0.0502145
0.0448558
0.076387
0.0474154
0.0361403
0.0286934
0.024589
0.109085
0.0246329
0.0363372
0.0417354
0.0588051
0.0686063
0.014777
0.026788
0.255375
0.0497716
0.103938
0.0469241
0.0655803
0.0257052
0.0392193
0.114787
0.0851241
0.134111
0.0695221
0.0216455
0.0706445
0.0217239
0.0452366
0.0531574
0.200711
0.0365724
0.0688685
0.0444222
0.118444
0.147782
0.0603244
0.0252004
0.0795832
0.0544969
0.066819
0.0450151
0.117588
0.0741284
0.14311
0.0548587
0.0938885
0.0423886
0.031407
0.165704
0.0415488
0.0849456
0.0608791
0.0364563
0.0148698
0.0172303
0.0434385
0.0850132
0.0568745
0.0556496
0.0964173
0.0662424
0.0425124
0.0357006
0.0931618
0.0149233
0.138122
0.175181
0.151025
0.0753635
0.0851561
0.0341257
0.164859
0.0340678
0.0654767
0.0233368
0.163902
0.119696
0.0799724
0.0353338
0.17509
0.0350061
0.0203469
0.0273745
0.0469679
0.0215228
0.0922959
0.162331
0.0301705
0.0251646
0.0273029
0.0937038
0.0733667
0.0515638
0.271847
0.0334743
0.0494976
0.0202129
0.0788461
0.0394324
0.0511019
0.0456138
0.189924
0.144673
0.0285162
0.171643
0.0296257
0.123692
0.016205
0.0128127
0.0440005
0.14813
0.269456
0.0758589
0.0289202
0.0410815
0.0463817
0.0085003
0.0299337
0.109787
0.18779
0.110421
0.0424751
0.0431403
0.0807154
0.176068
0.0733208
0.0401221
0.0239843
0.0196104
0.0328434
0.0929523
0.0725617
0.0434734
0.0795841
0.0283836
0.0642056
0.167406
0.0248846
0.00638887
0.0204828
0.167369
0.0236144
0.0727407
0.0138701
0.0564373
0.0166209
0.102715
0.029376
0.0635639
0.0530808
0.0526232
0.0281438
0.0239661
0.189733
0.0382275
0.072828
0.0862362
0.0326856
0.0694393
0.0277089
0.0207466
0.0752222
0.0535362
0.073094
0.0319145
0.0194669
0.0147019
0.0269105
0.0285172
0.0131877
0.158797
0.0262529
0.0335014
0.0987776
0.292793
0.142696
0.0183159
0.0350804
0.00920487
0.052372
0.0225685
0.397803
0.188255
0.0894168
0.0241365
0.267789
0.141711
0.0627562
0.046034
0.0425044
0.11705
0.0573361
0.0273426
0.0239896
0.11113
0.0836333
0.0914621
0.0386576
0.0262884
0.0489598
0.0611333
0.0218598
0.0303858
0.0901907
0.0340874
0.0820617
0.0339234
0.0352959
0.0996706
0.0139102
0.0487605
0.0300771
0.0470515
0.0267826
0.0202513
0.0327966
0.0384733
0.0134007
0.0599519
0.0791218
0.0280295
0.0427576
0.0270764
0.13267
0.0305121
0.114428
0.176125
0.0208218
0.049103
0.316466
0.0065051
0.151004
0.0202383
0.0729949
0.0489302
0.0175872
0.130612
0.0225964
0.0590922
0.271607
0.0226372
0.0191572
0.0605194
0.0383812
0.0445672
0.0586297
0.11157
0.0870937
0.0174008
0.0642678
0.0229836
0.0361794
0.0277878
0.0561312
0.114012
0.0451513
0.163081
0.0558172
0.0241707
0.17651
0.0250961
0.0916433
0.0253636
0.106818
0.0463044
0.0371478
0.0396013
0.04901
0.112148
0.0503022
0.0104077
0.0299898
0.0353901
0.0590226
0.0246362
0.367977
0.0216958
0.0744723
0.13383
0.150929
0.0514216
0.0687357
0.116359
0.0435647
0.0607872
0.297263
0.114968
0.0153377
0.0886147
0.0414506
0.026826
0.0228874
0.102093
0.020382
0.0665912
0.0693222
0.0355434
0.234426
0.0211891
0.0175035
0.142856
0.0929291
0.293473
0.0432815
0.206406
0.069907
0.016864
0.082353
0.030638
0.0797761
0.0348029
0.0383165
0.250538
0.0205557
0.0523539
0.0149827
0.0367628
0.214835
0.0643833
0.0305498
0.108777
0.1169
0.0258764
0.0286719
0.103519
0.170651
0.016819
0.0444441
0.06986
0.0639399
0.0305302
0.0983469
0.0531788
0.0333973
0.042484
0.0712429
0.0092477
0.0524658
0.100085
0.0225857
0.102383
0.0143748
0.0192484
0.207552
0.0382629
0.0588079
0.0147632
0.0941941
0.0433839
0.0390906
0.0843786
0.0341169
0.0285689
0.0258334
0.0259216
0.0500484
0.0415166
0.0622747
0.0212837
0.0430563
0.0810286
0.0292555
0.0138827
0.0570997
0.0587604
0.045615
0.0382088
0.028647
0.336592
0.0374432
0.0703128
0.0434732
0.0395205
0.0557691
0.0745437
0.0727795
0.0806796
0.107034
0.0627508
0.119287
0.0814003
0.0344467
0.0129492
0.0259267
0.0286416
0.0143714
0.0851681
0.0557598
0.136478
0.194576
0.024758
0.0340238
0.00838287
0.0476689
0.0362887
0.0897093
0.0580322
0.0524752
0.0765276
0.0270021
0.0244576
0.0307114
0.0497411
0.304847
0.0170673
0.11175
0.0843631
0.0699079
0.123582
0.0263861
0.0804248
0.0257863
0.0187988
0.0439335
0.0195618
0.118893
0.0854133
0.031784
0.0308482
0.011568
0.105393
0.170172
0.034946
0.148821
0.023796
0.070337
0.0449291
0.012051
0.0476697
0.0394261
0.0966949
0.161765
0.0246471
0.0823307
0.038348
0.0154582
0.0202569
0.327147
0.0237744
0.015628
0.0175022
0.023411
0.082823
0.10914
0.0912435
0.0462758
0.0248729
0.0388183
0.0438418
0.0129757
0.0304012
0.0447483
0.21338
0.029749
0.0545392
0.0836249
0.135758
0.0467512
0.101829
0.0598551
0.113975
0.0374048
0.0110854
0.145441
0.0126679
0.094824
0.0305729
0.107501
0.0117124
0.19764
0.0741114
0.0669895
0.0671033
0.0409885
0.0155004
0.070252
0.0948131
0.0687874
0.0389106
0.0739367
0.0179728
0.090827
0.0807949
0.0914904
0.0326578
0.109912
0.0673857
0.0970061
0.0465922
0.0315384
0.02173
0.00644362
0.0891351
0.105939
0.273516
0.030728
0.0105779
0.0192804
0.0125427
0.0223876
0.0436124
0.0702803
0.247772
0.131158
0.0477645
0.0776728
0.0166083
0.0151614
0.0488235
0.0485381
0.0755052
0.0510051
0.107723
0.0782824
0.0580877
0.0483777
0.04255
0.143661
0.0244271
0.0463722
0.228984
0.043235
0.0575738
0.0782604
0.0480194
0.143122
0.0390377
0.290958
0.0222428
0.0630805
0.0487916
0.00917368
0.0696566
0.0136005
0.0335411
0.0472226
0.0349715
0.0260944
0.322512
0.0848165
0.0906378
0.047478
0.0387463
0.0545542
0.0366794
0.168584
0.0446538
0.0968295
0.0346797
0.0120463
0.0610624
0.107408
0.0537137
0.0454615
0.0777601
0.0744294
0.0193961
0.0533794
0.0113933
0.0421075
0.0291551
0.0167907
0.101707
0.0689237
0.0578876
0.0725826
0.0782286
0.0499483
0.145732
0.0838071
0.0709138
0.0239812
0.11316
0.252263
0.0290338
0.0794004
0.246331
0.0322925
0.0401499
0.0916895
0.100661
0.0319659
0.0183332
0.0668451
0.114405
0.0230494
0.0471098
0.0512858
0.0781178
0.0640275
0.0307379
0.13378
0.0262557
0.100934
0.029448
0.0368604
0.0781897
0.0236313
0.0403329
0.131103
0.0295518
0.0600793
0.0586484
0.0353455
0.0272488
0.0294411
0.0834527
0.033034
0.0550013
0.0248719
0.0150345
0.067475
0.0159121
0.0546832
0.0815413
0.0895456
0.0224542
0.0420116
0.0502783
0.0534664
0.0401627
0.0317879
0.201541
0.159591
0.0367706
0.0317711
0.0316163
0.0587029
0.0356411
0.0521151
0.0808913
0.0575028
0.0736993
0.0745179
0.0237156
0.0503973
0.0232657
0.0532108
0.122707
0.0170474
0.112788
0.0483847
0.12712
0.0317193
0.0572825
0.0604963
0.125464
0.0510877
0.0459999
0.140336
0.0779775
0.0279135
0.0781554
0.045146
0.0370582
0.062297
0.0312165
0.112592
0.0596833
0.0509039
0.0481566
0.0180999
0.0929944
0.0787535
0.0357376
0.11433
0.0269663
0.0247011
0.0295089
0.0360643
0.0327771
0.0461485
0.0201767
0.0178785
0.0277765
0.134489
0.0141383
0.0336835
0.0362636
0.0746473
0.0538722
0.493054
0.021516
0.0276904
0.0274062
0.0266379
0.0819354
0.100402
0.023586
0.0553283
0.0211862
0.064105
0.0608818
0.0597774
0.00979332
0.0630191
0.0302964
0.0572214
0.00866806
0.0328102
0.0509152
0.0777111
0.0184956
0.0733463
0.0149286
0.0331905
0.11833
0.0779247
0.0501419
0.0595417
0.0297571
0.111548
0.138587
0.0900248
0.0269921
0.015113
0.00961317
0.11611
0.0279353
0.034948
0.201059
0.0510782
0.0504267
0.0930845
0.178924
0.0624212
0.0403141
0.0498993
0.0719865
0.0747854
0.0594985
0.0347779
0.0597341
0.0206982
0.085101
0.03733
0.0799927
0.0169955
0.142582
0.0193247
0.0408132
0.0345059
0.0623716
0.0778921
0.0688245
0.026352
0.0336015
0.049007
0.0161839
0.110513
0.084854
0.0162339
0.0322265
0.078445
0.0779678
0.0308046
0.0295446
0.0313153
0.179546
0.0607006
0.156469
0.105434
0.0751656
0.0191646
0.0227279
0.0530302
0.0200143
0.0457267
0.197871
0.00874739
0.0216729
0.0397275
0.033891
0.0540042
0.0146002
0.0473487
0.0629437
0.0426021
0.116801
0.0367818
0.0325695
0.0329578
0.191995
0.0325874
0.0536353
0.0530491
0.0279414
0.0352745
0.0225209
0.0263458
0.0475857
0.051247
0.458641
0.0629412
0.013115
0.047944
0.135272
0.0484969
0.0171272
0.0405253
0.0160594
0.0291165
0.0254533
0.0467422
0.0344936
0.0291295
0.0283004
0.0691143
0.0409325
0.0720644
0.0873298
0.0419244
0.0227972
0.151184
0.0585248
0.140099
0.0320494
0.0107422
0.0160823
0.0274893
0.0424453
0.112697
0.0729711
0.0525178
0.064514
0.0961202
0.1407
0.0163531
0.0102169
0.061767
0.0215059
0.100358
0.0367431
0.167557
0.0927697
0.12206
0.0954498
0.154853
0.0392167
0.0404276
0.0169529
0.0234295
0.0316071
0.0818005
0.0619844
0.19491
0.0269812
0.04388
0.04779
0.0860221
0.0227662
0.0438383
0.053596
0.0594003
0.0272268
0.0170169
0.0225773
0.047008
0.0182801
0.0694727
0.0270469
0.0703456
0.0302743
0.0428192
0.0282229
0.0885857
0.0106498
0.0450297
0.0338372
0.145637
0.0831121
0.0421308
0.0779598
0.0705116
0.0589591
0.0505913
0.0130011
0.0467526
0.0236125
0.044562
0.0581602
0.0859903
0.0475828
0.0313594
0.329243
0.443119
0.0389026
0.0677189
0.095292
0.0739831
0.353743
0.0140953
0.0397786
0.00946948
0.0887475
0.0120956
0.853317
0.100684
0.254125
0.0840662
0.1551
0.209798
0.0414481
0.0345408
0.0621038
0.0734199
0.0308282
0.0579579
0.0550918
0.0741378
0.104432
0.0335321
0.0333825
0.0344699
0.0934343
0.0410031
0.00819071
0.044326
0.0420762
0.143659
0.0881989
0.026745
0.0176863
0.151557
0.193434
0.0255012
0.145449
0.0419344
0.0509677
0.10244
0.124318
0.0360738
0.0691931
0.26308
0.0173853
0.0230239
0.0281294
0.0543661
0.0187154
0.0625815
0.0828857
0.0666465
0.170054
0.106242
0.0160617
0.0660517
0.0693476
0.0293147
0.0350991
0.0470563
0.0229561
0.0277889
0.05929
0.0247556
0.0570792
0.0232527
0.0237198
0.754928
0.0370545
0.109667
0.170239
0.043087
0.125844
0.0325628
0.0727674
0.137369
0.0246065
0.0175202
0.101287
0.0647491
0.086558
0.046448
0.1696
0.0282047
0.0715637
0.0423418
0.0333881
0.0175286
0.0178821
0.0611677
0.0206263
0.0145688
0.0581699
0.00925116
0.021794
0.0186844
0.038063
0.0606385
0.0282996
0.05963
0.172967
0.0769038
0.0392061
0.014746
0.0766328
0.0651946
0.0232117
0.0762817
0.0189231
0.0876083
0.0362264
0.106575
0.0496901
0.0625823
0.124959
0.0495715
0.0426913
0.0884165
0.081979
0.0609623
0.0938257
0.102796
0.178532
0.0656239
0.0673498
0.0405051
0.0447959
0.0565547
0.0198982
0.0512981
0.0887749
0.0447765
0.0702457
0.0802547
0.0369853
0.031367
0.0958307
0.0421677
0.0511004
0.0944437
0.0873367
0.091763
0.0534865
0.0155883
0.250077
0.0304336
0.047132
0.103193
0.0377122
0.0380595
0.0392693
0.0559055
0.0395902
0.0495346
0.0300171
0.136734
0.0698616
0.0699608
0.373644
0.0180082
0.0375815
0.208874
0.0178505
0.175541
0.0304608
0.0194138
0.111619
0.0914948
0.0347096
0.030059
0.0421053
0.0478849
0.0561618
0.129169
0.0684489
0.0472981
0.337358
0.0915849
0.135569
0.0491952
0.0515336
0.0557675
0.0624504
0.0663684
0.0681602
0.127894
0.145571
0.0647694
0.0213362
0.0371485
0.0497793
0.046939
0.0334003
0.225759
0.182359
0.0615464
0.0680682
0.0319218
0.045761
0.112979
0.0417121
0.0679959
0.00863052
0.0543968
0.0909002
0.0362667
0.0605487
0.130327
0.0292169
0.0379203
0.0264183
0.0227916
0.100554
0.0299215
0.270856
0.0293308
0.0419144
0.0449315
0.0493925
0.0145564
0.00859613
0.060859
0.0604347
0.081576
0.0512725
0.052709
0.0475709
0.0214999
0.0529185
0.0268472
0.0370425
0.0577195
0.0156445
0.0570054
0.0439077
0.0602001
0.0201583
0.0707254
0.0498649
0.0647504
0.0718898
0.081713
0.0318497
0.0537437
0.0495715
0.145567
0.0249369
0.141244
0.0451255
0.0375801
0.0170987
0.0236004
0.0394316
0.0597228
0.0133329
0.0268342
0.0317829
0.0978093
0.339518
0.0137437
0.0190954
0.0555668
0.0230544
0.168647
0.12974
0.0640464
0.07895
0.0248729
0.319659
0.125295
0.0502116
0.0741845
0.043153
0.042823
0.0242857
0.0714804
0.078829
0.0491558
0.0256464
0.0868704
0.0435177
0.0427235
0.0413655
0.113585
0.0150077
0.104544
0.0834299
0.0502652
0.0417044
0.0799412
0.0678727
0.00764258
0.0629611
0.236623
0.111084
0.138956
0.0376481
0.0282164
0.0362757
0.0322262
0.0240904
0.0491894
0.0909111
0.084313
0.0253315
0.0616749
0.0694068
0
0
0
0
0
0
0
0
0
0
0
0
0
0
0
0
0
0
0
0
0
0
0
0
0
0
0
0
0
0
0
0
777777