2.8439
999999
-0.326446
-0.333896
-0.138945
-0.0575507
0.129909
-0.144888
-0.2661
0.0510863
-0.0583369
0.140275
0.432364
0.153105
-0.146321
-0.329995
-0.173845
0.309362
0.465546
0.169469
0.29369
-0.150101
0.101072
0.522435
0.346609
0.421822
0.659521
0.0145637
-0.166801
-0.288022
0.041111
1.04679
0.225926
0.0321453
0.275021
-0.383263
-0.139779
0.200553
-0.0297443
0.302646
-0.00966596
-0.0625867
0.29382
0.181738
1.62387
0.0545666
0.241195
0.397384
-0.200791
-0.273071
0.503001
0.456304
0.142648
-0.338647
0.528866
0.238548
0.577775
0.131663
-0.130551
0.182673
0.228825
-0.0125325
0.175685
-1.59762
-0.21083
-0.237828
0.13087
-0.486984
0.283127
0.139273
0.109333
0.446582
0.291174
-0.470072
-0.367632
-0.194635
-0.324544
-0.0471372
-0.313952
0.75549
0.00468612
-0.0708738
0.0312216
0.156886
-0.336181
0.614999
0.0740122
0.627892
-0.0359672
0.176631
-0.517619
-0.950609
-0.281942
0.179796
0.481138
-0.555117
0.246095
-0.0299719
0.984794
0.595631
-0.43414
-0.150086
-0.0531681
0.0437836
-0.148997
0.255997
-0.173465
-0.0600006
-0.404997
0.515906
-0.290423
-0.350475
-0.0305839
0.530405
-0.189747
0.566757
-0.144534
0.511296
0.212351
-0.743927
0.284249
-0.213197
-0.475109
0.022743
-0.15054
-0.457341
0.0345518
1.20222
0.190534
-0.146162
0.498625
-0.234811
0.187688
-0.45493
1.22352
0.525718
0.0322785
-0.199941
0.241444
0.263662
0.518265
-0.429321
0.584063
-0.0820881
0.168241
0.113232
0.418044
0.0940059
-0.22829
0.253709
0.0590356
0.0313717
0.250935
0.46379
-0.270183
-0.213944
1.3247
0.570379
-0.510592
0.293688
0.374785
0.277392
-0.0954884
0.35066
-0.0285275
0.218232
0.449442
-0.516301
-0.074698
-0.496793
0.53311
-0.227898
0.647904
-0.0836506
-1.07573
0.0350133
-0.80139
0.136068
-0.11616
-0.312932
-0.991059
-0.571183
-0.0135316
0.555623
-0.406488
0.0501361
0.107484
0.126542
0.187856
-0.334548
-0.29646
0.105598
0.0972519
0.491827
0.590816
-0.412774
0.332638
0.115581
0.0922415
0.267615
-0.00422852
0.170634
-0.600606
-0.278518
0.245282
-0.472568
-0.990522
-0.026226
-0.491896
-0.0942781
0.118235
-0.369962
-0.224566
0.217243
-0.494662
-0.423752
0.0772758
-0.869458
0.472291
0.169144
0.756286
0.090091
-0.360764
-0.480563
-0.119687
-1.39393
0.431073
0.276139
-0.141299
0.198701
-0.124605
0.279879
-0.225181
0.396924
1.78782
-0.234269
-0.0226863
-0.744024
0.124488
0.117298
0.980115
-1.0411
-0.67509
-0.544089
-0.0700925
0.148987
-0.00996004
-0.275503
-0.156796
0.501645
0.375735
0.178204
0.17047
1.02286
-0.0613472
-0.425216
0.318146
-0.0321075
-0.106273
-0.517826
-0.0917228
0.00535215
0.175892
0.005843
0.441511
0.425573
-0.0373567
0.168971
0.517191
-0.432558
0.240388
-0.357071
-0.0596407
-0.242693
0.267633
0.401547
-0.62082
0.586433
-0.630557
0.383995
-0.265768
0.0170082
-0.30279
-0.244179
-0.137612
0.397382
-0.917945
-0.214633
-0.0858493
-0.43888
-0.0505066
0.341447
0.127675
0.299129
-0.242959
0.435666
0.766691
0.318771
1.19708
0.142882
0.954129
0.779677
-1.30806
0.508013
-0.191841
0.512647
-0.0721832
-0.500092
-0.153904
0.252685
0.710205
-0.280463
0.290496
-0.703711
-0.0619892
-0.339926
0.435032
0.456758
0.467678
-0.340592
0.770329
-0.140472
0.0882941
-0.0968322
0.37931
-0.0817974
-0.44192
0.243127
-0.408053
-0.182141
0.386562
-0.164694
0.0869703
0.369673
0.238697
0.517765
-0.317158
0.711241
0.357205
-0.212195
0.866921
0.378365
0.641472
-0.208587
0.303567
0.21355
0.592473
-0.127486
-0.0992583
-0.159635
-0.4605
0.875739
-0.220967
-0.226945
-0.0875581
0.106325
0.106528
0.214064
-0.359213
0.758583
-0.55758
0.0383868
-0.374684
-0.35031
-0.0830122
-0.297008
0.446423
-0.279071
0.631385
0.101621
-0.362776
0.126953
-0.0108857
0.0388134
0.118682
-0.298535
0.238789
-0.321047
-0.0179586
-0.352518
0.244455
0.134526
-0.296531
0.293335
0.365799
0.213755
0.128007
0.323459
-0.800284
-0.619528
-1.06834
0.26776
0.0859205
-0.325071
-1.26402
-1.45305
0.182614
-0.30297
0.0931164
-0.637678
0.194626
0.0214348
0.237312
-0.146879
1.69859
0.14999
-0.559547
0.739868
-0.0970436
-0.118361
-0.399716
-0.216588
-0.35357
-0.165498
0.706625
0.341052
-0.516648
-0.354067
0.168637
-0.577066
-0.0963606
-0.561037
-0.449783
0.0210595
0.0618808
-0.47577
0.00389676
-0.374437
-0.0580419
0.100074
0.0492
-0.0439916
0.0833052
0.420097
0.497418
0.064835
-0.214733
-0.60012
0.302636
0.575248
-0.425636
0.329592
0.00400604
-0.0886746
0.0452333
-0.268166
0.446223
0.0509513
-0.426124
0.269278
0.55999
-0.269198
0.22134
-0.415891
0.0859051
0.246832
0.0782104
0.957151
-0.00691608
0.0139184
-0.488405
0.01044
0.46917
-0.319724
-0.155613
0.269475
-0.336737
0.00236126
0.554634
0.235709
0.586128
-0.17842
-0.0516341
-0.171603
-0.0706066
-0.1696
-0.595623
-0.52379
0.367325
-0.640737
1.88149
-0.0829717
-0.0499824
0.626012
0.381545
-0.363271
-0.439309
-0.0675576
-0.0659017
0.323503
0.0955959
0.208233
-0.530357
-0.70684
-0.148591
-0.438499
0.494334
0.0191497
-0.0256504
-0.166902
-0.926973
-0.522518
-0.154851
-0.647762
0.701021
-0.291601
-0.334819
0.214697
-0.145379
0.271473
-0.26904
0.111547
0.0897446
0.330846
-0.39267
0.281178
-0.0925889
1.70851
0.146702
0.436367
0.650316
-0.55395
-0.199268
-0.0019734
0.11885
0.287214
0.207153
-0.130145
0.895213
0.115205
-0.271927
0.0784842
0.0704414
-0.0252335
-0.427636
-0.0601608
0.0784204
0.0875581
-0.422379
-0.305552
-0.776612
0.685143
-0.0254168
0.644962
0.141957
0.236749
-0.141223
-0.115616
0.444143
0.106954
-0.126651
0.0591551
0.188255
-0.752293
-0.959257
-0.470559
-0.0255027
-0.28599
-0.203422
0.521951
-0.0400181
1.18117
0.0701188
-0.884555
0.23137
0.0904425
-1.54468
0.181998
-0.417513
0.460219
-0.0545866
-0.0301592
-0.314859
0.149121
-1.1734
-0.258141
0.244668
-0.149709
0.046921
-0.75673
-0.628692
0.111566
0.398036
-0.178532
0.0424602
0.972218
-0.289666
0.194333
1.27518
0.0241644
-0.0605983
0.124923
0.189047
-0.15684
-0.561551
0.089877
-1.69721
1.01213
-0.450062
0.0620766
-0.0369825
0.934219
-0.146111
-0.205933
0.0765739
0.49476
0.345451
0.313122
0.00499454
-0.575394
-0.163488
-0.310125
0.547562
-0.113671
0.0372998
-0.226132
-0.071479
0.346602
-0.337274
-0.573338
0.104982
0.232923
-0.235196
0.220048
0.0252896
-0.0309106
0.0947608
0.0269766
0.423848
0.0586486
0.674653
-1.07536
0.0505492
0.114573
0.0762188
-0.686603
-0.00457508
-0.79572
0.206847
0.498617
-0.322588
0.173087
0.711779
0.220329
0.0376548
-0.738894
0.0308633
0.0274495
0.297591
-0.0953774
-0.143219
-0.662236
0.113117
0.323925
0.0832794
-0.271067
-0.100865
0.149608
-0.412068
-0.0455037
-0.696595
0.360621
0.00577768
-0.348595
0.055475
0.188486
0.0095024
-0.175053
-0.348325
-0.591117
0.182008
0.385552
-0.221843
-0.0202282
0.362569
-0.515444
-1.15222
-0.623102
0.174826
-0.513542
-0.636814
-0.0693787
0.215292
0.122767
-0.170324
0.0726144
-0.414266
0.472663
-0.501124
0.495448
-0.205052
0.280222
-0.611186
-0.0159063
0.345134
-0.162706
-0.712715
-0.0638428
-0.301369
-0.385926
-0.903698
-0.428485
-0.0652457
-0.608283
-0.110852
0.136401
0.231968
-0.172859
-0.118099
0.0701653
0.167561
-0.314457
-0.221915
-0.1971
-0.0116621
-0.335812
-0.214005
0.213227
0.321265
-0.0624422
-0.628476
-0.201311
-0.265171
0.437746
-1.04714
-0.134398
0.0977998
-0.215357
0.169803
0.680809
-0.239438
0.466264
0.151109
0.188071
-1.18947
-0.456827
0.372688
0.50696
-0.463142
-0.254553
-0.0550027
-0.053551
0.125186
0.151233
0.0439161
0.123792
-0.633236
0.170738
0.0961467
-0.165338
-0.0806644
-0.248647
0.198904
-0.19824
0.974452
0.138474
0.383254
0.0946818
-0.314635
-0.393613
0.335585
-0.140398
-0.552123
-0.174658
-0.169826
0.096492
0.00935062
0.0387846
-0.0228714
0.117448
-0.0819329
-0.36907
0.436049
-0.0301445
0.19459
-0.321801
-0.0998938
0.479467
-0.116182
-0.246769
2.2162
0.299809
0.18446
-0.00964138
-0.489262
0.584549
-0.134714
0.243842
0.032501
0.361515
-0.546923
-0.0182948
0.469731
0.0692271
0.312605
0.502649
-0.815146
0.376732
0.321254
-0.226765
0.740441
-0.136416
-0.5418
-0.278625
0.827007
-0.22305
0.0638677
-1.32089
0.488125
0.0455032
0.217811
0.000186137
-0.945795
-0.790735
-0.112667
0.350698
-0.178998
-0.598416
0.0233068
-0.565914
0.625438
-0.0821486
-0.190092
-0.101668
0.412611
0.0741207
0.597175
-0.447549
-0.237188
0.0516353
0.000149105
-0.188566
-0.0309331
-0.664765
-0.0276616
0.0960984
0.345808
0.215219
-0.607809
-0.223717
-0.233625
-0.0159105
0.539717
-0.179278
0.540239
-1.31638
0.247583
-0.385784
-0.191504
0.057796
-0.0187448
0.0220205
-0.595496
0.0317459
0.147583
0.473031
-0.174077
0.448377
-0.340972
0.297666
-0.0155868
0.0633796
0.0998017
-1.26068
-0.225525
-0.260698
0.145973
-0.0130915
0.237376
0.00491017
-0.23492
-0.667782
0.443143
0.15413
0.509814
-0.00133523
-0.419129
0.116391
-0.146173
0.178718
-0.0559426
-0.407485
0.321291
0.110493
-0.0979486
0.139348
-0.121659
-0.314797
0.0718633
-0.598495
-0.244007
0.405823
-0.741805
0.874325
-0.196647
0.10731
0.870922
-0.179333
1.22812
0.299193
0.306447
-0.190451
-0.44208
0.655398
-0.0258459
0.321929
-0.107294
0.228899
-0.434629
-0.115674
0.0144512
-0.268775
0.34705
0.131785
0.182237
0.168577
0.953182
-0.348955
0.361574
-0.274773
-0.542305
-0.48099
-0.319859
0.0342708
-0.0715542
0.0685835
0.0194211
0.228001
-1.07512
0.973867
0.0702451
-0.158597
1.19716
-0.126168
0.0115974
-0.0329624
0.372249
-0.60928
0.653339
0.561211
0.0361491
0.382701
0.141078
0.144485
0.410784
-0.502897
-0.069032
0.547401
-0.154707
-0.318266
0.0166989
0.153775
-0.0727376
-0.663209
-0.11412
0.564911
-0.827158
-0.0273377
-1.21047
-0.0224346
-0.406236
-0.0777577
0.775645
0.163322
0.472712
0.259809
-0.56235
0.147603
-0.129406
-0.00572593
0.00421089
-0.108381
-0.797715
0.00229386
0.474305
0.0937319
-0.76369
-0.498537
0.150877
-0.284193
-0.604381
-0.293574
0.814143
-0.45699
0.111091
0.324009
0.0803978
0.549647
0.0906849
0.0857691
0.38737
0.355118
-0.466558
0.114494
-0.0995446
0.219663
0.0324245
0.276519
0.376858
-0.107724
-0.437333
-0.269811
0.0845526
0.0338803
0.727099
0.326246
0.088497
-0.0100674
0.417443
-0.715091
-0.0628622
0.587512
0.230035
0.00144988
0.21169
2.65785
-0.0566582
-0.0577042
0.544772
-0.706667
0.682663
-0.256265
0.123042
-0.142577
-0.396691
-0.312603
0.0356391
0.259649
0.0295295
0.167759
0.190314
0.176323
-0.134574
0.16853
0.318808
-0.333178
0.667364
-0.465032
-0.199292
0.686485
-1.21927
-0.0838154
-0.352511
0.0456451
0.123368
-0.943398
-0.0407195
-0.161192
0.326985
-0.473406
-0.161323
0.277029
-0.070675
-0.0560742
0.0308296
0.49864
0.108486
-0.86786
-0.225932
0.289517
-0.0120684
-0.18984
-0.39119
0.716128
0.118447
-0.632007
0.0740272
-0.472734
-0.0470628
-0.288715
0.543628
0.30436
-0.384125
-0.0111553
0.127331
-0.302121
0.1598
0.182379
-0.970691
1.42227
-0.402018
-0.135761
-0.147764
-0.278787
-0.363418
-0.103556
0.267863
0.345918
0.0935415
0.287382
-0.485721
-0.484424
-0.0039514
0.144576
-0.274867
0.420512
0.0554399
0.028046
-0.741802
0.186154
0.280772
0.357286
-0.203961
-0.233916
-0.151848
-0.606746
0.350096
0.124513
0.15913
-0.201256
0.715109
0.323833
0.00875765
0.182101
-0.028343
0.278863
-0.505095
-0.505044
-1.00674
-0.48274
-0.059328
-0.237642
-0.0149752
0.419227
-0.288687
0.6452
-0.0326277
-0.838406
0.24074
0.164242
0.00803949
-0.297659
0.541873
-0.060238
-0.0271596
0.669953
0.356286
0.450011
0.0645184
-0.466357
0.553074
-0.456753
-0.568567
0.156328
-0.250506
0.773593
-0.40778
-0.798362
-0.0906138
-0.0512384
-0.0108783
-0.441057
0.166323
0.361032
-0.170883
-0.310896
-0.185736
-0.575988
0.766395
-0.125728
0.524641
0.191285
-0.226112
-0.0792574
-0.0809193
-0.221985
0.217743
0.0538735
-0.215467
-0.126663
-0.167262
0.118672
0.237029
-0.296605
0.180398
-0.0213224
1.27943
-0.0614572
-0.445934
0.19354
0.0126152
0.488855
-1.39096
0.469746
-0.218923
0.462098
0.0803265
0.232317
-0.0344112
0.231162
0.0362215
-0.0637426
0.0861054
0.192669
-0.198454
0.0709288
0.412149
0.542285
-0.671189
0.136575
0.274427
-0.531424
-0.0829067
-0.281522
-0.291239
-0.0863172
0.591123
-0.820265
-0.303217
0.145203
-0.0414465
-0.325787
-0.19004
0.364772
0.540989
1.18297
-0.30053
-0.81106
-0.196526
0.432838
0.206255
0.523121
-0.51011
-0.456733
0.226381
-0.0251301
0.0567325
0.210274
-0.132647
-0.824102
0.0177772
-0.639378
-0.100858
-1.32238
0.227594
0.274736
-0.0117735
-0.146263
-0.400627
1.12117
0.0505929
0.0662333
0.0454308
0.287557
0.499162
0.653441
0.554141
0.0286391
0.199323
0.498184
0.125722
0.188425
0.0732711
1.29454
0.393198
-0.19129
0.212449
0.162347
0.286009
0.0331181
0.0981703
0.412356
-0.159754
0.492125
-0.410258
0.337307
-0.0424113
0.0103743
0.435691
-0.193216
0.524514
0.260023
0.566708
0.778115
0.00396747
-0.213745
-0.622136
-0.89039
-0.580031
-0.785482
0.142823
-0.378747
0.374986
0.553138
-0.712791
-0.12816
-0.286469
0.638805
-0.0617575
-0.332227
0.249284
0.000793042
0.0542263
0.105643
0.211607
0.353971
-0.105312
0.271652
0.207685
0.162817
-0.681353
-0.114962
0.522857
0.158413
0.300051
-0.247236
0.0461122
0.172913
1.1694
-0.566979
0.220451
0.238122
0.162728
0.106154
-0.592177
0.857213
-0.652079
-0.179662
0.0511165
0.288924
0.161112
0.840959
-0.120002
0.359761
0.623701
0.0322388
-0.581921
-0.120449
0.491074
-0.935582
0.704114
-0.309325
0.831325
-0.262088
0.157156
0.100822
0.182833
0.128835
-0.291675
-0.318287
-1.02627
-0.0520389
0.397364
-0.635543
0.486102
0.277166
0.050113
-0.0389477
-0.290911
-0.453807
-0.300672
0.072246
-0.396134
-0.555283
-0.101407
-0.0523608
-0.204197
0.212506
-0.261852
0.0676875
-0.117627
-0.220726
0.0225016
-0.280211
-0.0204044
-1.00184
-0.600857
-0.278952
-0.395944
-0.142842
-0.0865621
0.127698
0.348167
-0.0398599
-0.233399
-0.276885
0.252388
0.517831
0.206272
-1.54488
-1.73135
-0.0606393
0.615015
0.43726
0.390907
0.564336
0.00143998
1.08651
-0.298764
0.245706
-0.0229376
2.38664
0.764619
0.111036
-0.371441
-0.0941887
0.23485
-0.0920489
0.468747
-0.35607
0.0422953
0.295573
-0.624172
0.137264
-0.559655
0.174692
-0.0503014
0.317335
0.234048
-0.662368
0.334214
0.263858
0.0525599
-0.0368726
-0.617937
-0.145071
-0.473503
-0.0296008
0.442998
-0.51474
-0.0289288
-0.504277
0.420898
0.153569
0.224386
-0.770977
0.0905549
0.252664
0.338228
0.37025
-0.158367
0.358856
0.0627348
-0.13435
0.091792
0.444297
0.982799
-0.394738
0.043206
-0.0876051
-0.427658
-0.13441
-0.575704
0.457877
0.255568
0.0621427
0.163266
0.0838258
0.292728
0.00846164
0.0752472
-0.950907
-0.586597
0.307372
0.392841
0.820336
-0.254294
0.366708
-0.145497
-0.283283
1.46544
-0.0988829
-0.425767
0.501349
-1.74598
-0.818083
0.275407
0.949624
0.179096
0.224975
0.119276
0.154413
0.0194807
-0.0608226
0.354692
0.317033
-0.285747
0.0992286
0.0754901
-0.162668
0.0676495
-0.0902793
-0.133967
-0.11269
0.174788
0.341415
-0.406056
0.136253
-0.657201
0.343695
-0.490222
-0.0317708
0.0927765
0.477951
-0.132971
0.4807
-0.840346
-0.0161873
0.337794
0.583274
-0.472666
-0.609291
-0.448436
0.301427
0.42325
0.0487205
0.0698126
-1.55163
-0.555691
-0.841478
0.252065
-0.119615
-0.349612
0.374967
-0.242729
0.408646
-0.0233639
0.317078
0.372936
0.441243
-0.0412362
0.190736
-0.132587
-0.240185
-0.427779
-0.166039
0.186905
-0.164515
0.284998
-1.32036
0.189496
0.326173
-0.576911
0.112682
0.078419
0.00649077
0.519589
-0.0193548
-0.114308
0.206484
-0.20465
-0.0519355
-0.9749
-1.35707
-0.34153
0.158757
1.63056
-0.0194628
-1.51188
0.199454
-0.175622
0.361541
0.290155
0.0771714
-0.0761341
0.306322
-0.108007
0.126462
-0.953785
0.256896
0.474999
0.0777078
-0.411339
0.174437
0.0760324
-1.30946
0.534457
-0.657474
-0.288839
0.244352
-0.506486
-0.891342
-0.411173
-0.0640102
0.32874
-0.0683232
-0.278776
-0.0388852
-0.455381
-0.00593382
-0.531319
0.23426
-0.0636242
-0.207193
0.647032
0.100339
0.320166
-0.107969
0.766257
-0.277018
0.0407396
-0.334026
0.276118
-0.042714
0.130342
0.284788
-0.0208611
1.62805
0.408825
1.10182
0.167491
0.152391
-0.100056
0.734953
-0.189155
0.0797777
-0.821791
-0.242545
-0.471331
-0.156235
0.586322
0.31953
-0.13923
0.541675
-0.232306
0.23059
-0.50827
-0.14066
0.42523
-0.331298
-0.165079
0.340351
-0.748302
-0.460443
-0.886783
0.00915648
-0.325644
-0.150974
-0.717134
0.0151299
-1.29224
-0.20952
-0.29605
0.129149
0.28141
0.13295
-0.29517
0.443749
-0.078224
-0.1108
-0.300162
0.014468
-0.730156
3.0671
0.26259
-0.10359
0.177162
-0.0292962
0.744087
0.191793
-0.551228
0.384621
0.048293
0.624634
-0.325631
0.204564
0.00943587
0.588924
-0.113231
0.121734
-0.781842
-0.0906263
0.0645272
-0.18266
-0.326487
0.185532
0.0851502
0.044653
-0.475158
-0.247855
0.133355
0.859781
-0.522943
0.0972322
0.0297833
0.203743
0.239321
0.00294769
0.490899
-0.566831
0.0875911
0.0975773
-0.134726
-0.125393
0.216589
0.0173062
0.186813
0.88758
0.333822
0.0200561
0.35771
0.447566
0.0845411
-0.183404
0.17198
-0.163149
0.0570926
-0.183599
0.104672
-0.16808
0.0231031
-0.113866
-0.104268
0.128119
0.0246999
-0.115726
-0.193223
0.0111041
0.0682237
-0.156079
-0.0685226
-0.156845
-0.0763311
-0.0496129
-0.048363
-0.0107757
0.0357473
-0.0172453
0.127606
0.0530418
0.162334
0.0869917
0.127751
0.184639
888888
0.03401
0.00882124
0.0783879
0.0282265
0.0224361
0.0545203
0.0511956
0.149991
0.029161
0.0600585
0.0398919
0.0460505
0.0859031
0.0144836
0.00591849
0.0441147
0.0511425
0.00954745
0.0476428
0.193598
0.0527834
0.0927303
0.0974916
0.0237016
0.0943465
0.0113076
0.0356328
0.314738
0.0159994
0.097107
0.0943894
0.0244838
0.0928442
0.0969905
0.0746896
0.05664
0.0930647
0.0165656
0.042737
0.0448486
0.0389755
0.0304381
0.278617
0.0212922
0.022698
0.0597926
0.0207166
0.0449503
0.0540538
0.013851
0.0315588
0.0602561
0.0890541
0.0451526
0.059099
0.0408988
0.0217491
0.0144793
0.0249611
0.0212487
0.146478
0.264386
0.0879802
0.0665622
0.0481453
0.0569963
0.0159392
0.00997556
0.049647
0.0837149
0.0759407
0.127486
0.0418342
0.0272628
0.0472915
0.0157817
0.0308604
0.118758
0.0772448
0.0283393
0.0349916
0.101622
0.118531
0.106896
0.0232372
0.0833087
0.0323845
0.0435368
0.120372
0.11545
0.0311897
0.0304354
0.110231
0.0242616
0.0479363
0.0121483
0.123389
0.0466228
0.0918742
0.0364697
0.0327341
0.0464566
0.0667318
0.0366474
0.0537638
0.0891586
0.0191249
0.0726422
0.113999
0.0385489
0.126209
0.303363
0.037435
0.0119952
0.0326328
0.0693509
0.0273621
0.0890214
0.0429201
0.0553277
0.0891736
0.0612908
0.0351853
0.0470391
0.0268205
0.213376
0.133484
0.0498163
0.0696073
0.0660538
0.184297
0.215448
0.183548
0.0629671
0.016326
0.0592914
0.0796283
0.0195547
0.133532
0.055342
0.0457819
0.0125266
0.0400615
0.0439367
0.113803
0.0634409
0.0542191
0.0179516
0.0340697
0.0468123
0.0328186
0.0876373
0.0096008
0.0280171
0.181171
0.150504
0.30041
0.0568127
0.0605731
0.0590106
0.0117333
0.0837697
0.0373873
0.145537
0.104693
0.00593424
0.0969552
0.0325846
0.0624135
0.0715714
0.0792503
0.0431811
0.19519
0.0367746
0.224518
0.00846964
0.0233976
0.0350346
0.0787441
0.0427547
0.0165302
0.0538803
0.025035
0.076384
0.0265494
0.019779
0.0170802
0.023133
0.0164288
0.0871855
0.0493022
0.0646593
0.0654656
0.18921
0.0482044
0.0172089
0.0819846
0.100063
0.059983
0.025607
0.0771711
0.0913114
0.0546745
0.0244273
0.127172
0.0584035
0.118027
0.0926876
0.0620334
0.134058
0.0549716
0.0261274
0.0449222
0.0260011
0.0355045
0.0909297
0.0290116
0.0293608
0.0635594
0.0155007
0.278889
0.082521
0.0191684
0.337052
0.0611182
0.145941
0.0225449
0.0182999
0.0459183
0.0523226
0.148459
0.0341327
0.37947
0.0443321
0.0216953
0.0566623
0.0318549
0.011117
0.147609
0.156924
0.0525869
0.0517324
0.0695897
0.0889772
0.023963
0.0302918
0.0306689
0.096481
0.0320046
0.0186056
0.0361885
0.135226
0.105449
0.0299247
0.0378804
0.0514585
0.0345975
0.0417234
0.0204823
0.119763
0.0302508
0.0302467
0.0685977
0.0413537
0.0313322
0.15052
0.0199891
0.0717513
0.0470217
0.109989
0.0700935
0.100971
0.0339576
0.207638
0.144791
0.0370155
0.0741144
0.0735083
0.0696753
0.138501
0.0133198
0.0650513
0.0291332
0.0604505
0.0769724
0.0196075
0.0321223
0.0381568
0.00643166
0.0143062
0.0215112
0.0327829
0.0197621
0.0395111
0.059428
0.151551
0.0796498
0.177233
0.0233192
0.0161034
0.174375
0.0369518
0.0172655
0.210171
0.0497971
0.152918
0.0277025
0.0652014
0.100541
0.115891
0.0230418
0.166682
0.033229
0.0250825
0.107996
0.0451461
0.0113827
0.0627331
0.228502
0.0272648
0.120177
0.0619575
0.0630983
0.0496817
0.0331721
0.0881263
0.0303507
0.0716443
0.0278467
0.0670236
0.161052
0.0429793
0.0181933
0.0705424
0.00846065
0.154332
0.031421
0.0138164
0.106049
0.0438075
0.105277
0.0463897
0.0183515
0.0399442
0.120648
0.084576
0.0544825
0.0355459
0.0416334
0.0960197
0.0549255
0.0411047
0.0845287
0.0165671
0.015213
0.0292336
0.0181644
0.0692793
0.0616964
0.0822315
0.0845648
0.0522163
0.0784804
0.0648623
0.0591757
0.0592117
0.0619867
0.0259908
0.0609415
0.106871
0.0499264
0.128659
0.0111111
0.0176952
0.0208804
0.0294876
0.0765867
0.0139473
0.0302029
0.0292135
0.0635401
0.05033
0.102023
0.167257
0.0445014
0.0291787
0.0870627
0.0675309
0.107531
0.0495872
0.0514405
0.131104
0.0753658
0.367657
0.0131526
0.0396351
0.0306608
0.0747007
0.0557839
0.0697449
0.0390509
0.0364385
0.115376
0.0510551
0.0172628
0.0549055
0.0247331
0.0419548
0.184579
0.0278446
0.0327831
0.031526
0.0759173
0.12901
0.0585109
0.0302866
0.0330144
0.0455364
0.0751825
0.217151
0.103413
0.0209186
0.020086
0.137668
0.0280857
0.0185554
0.0468422
0.0612282
0.0955503
0.0286251
0.0384759
0.0431645
0.0579325
0.0304426
0.0385649
0.110645
0.0638397
0.0437785
0.0281368
0.0561859
0.0206168
0.0103394
0.0235311
0.0375612
0.253415
0.0180015
0.0631167
0.0177187
0.0848291
0.0969298
0.0162257
0.0641519
0.00833185
0.115608
0.0182435
0.0677084
0.0241407
0.0533566
0.0421164
0.035998
0.0325442
0.0788147
0.0214024
0.0992032
0.136769
0.0171361
0.0373532
0.0291344
0.0364741
0.0524007
0.0342466
0.0286335
0.0644685
0.0220542
0.0290637
0.100926
0.0583757
0.0413267
0.21504
0.0910781
0.0664561
0.0656729
0.0245694
0.058691
0.0808525
0.0789208
0.0477333
0.165631
0.151345
0.137957
0.0286603
0.044011
0.0527622
0.0718488
0.0473038
0.0357317
0.0298516
0.0237855
0.11122
0.0223513
0.0289157
0.0356628
0.0560263
0.0620259
0.016395
0.0288955
0.211798
0.0419919
0.108269
0.0573257
0.0656306
0.0270621
0.0380714
0.109766
0.0987066
0.129369
0.0749705
0.0226287
0.0636625
0.0239688
0.0399219
0.0588699
0.228429
0.0421784
0.0631757
0.0570899
0.128592
0.146932
0.0569087
0.0231746
0.0852098
0.0608289
0.0813887
0.0366024
0.119275
0.0706946
0.150135
0.0566323
0.0851778
0.0383203
0.0298318
0.159999
0.0416534
0.099912
0.064371
0.029848
0.0133931
0.0171864
0.037954
0.0783277
0.0541488
0.0513816
0.111076
0.0665835
0.0427315
0.032244
0.0870514
0.0160581
0.134266
0.152446
0.14913
0.0724702
0.0876222
0.0339796
0.158724
0.0323144
0.0677878
0.0234964
0.187666
0.113247
0.0867898
0.0362582
0.168159
0.0326989
0.0157778
0.0268455
0.0476046
0.0223555
0.0965459
0.150217
0.0307649
0.0256594
0.0266451
0.0829853
0.0620676
0.0440469
0.246938
0.0352536
0.0553789
0.0236615
0.0824512
0.0419968
0.0437601
0.0434722
0.187829
0.115741
0.0322262
0.184
0.0288489
0.114177
0.0185073
0.0134061
0.0505566
0.160635
0.304363
0.0782269
0.0309751
0.0358531
0.0496956
0.0104612
0.0275703
0.123163
0.187038
0.105234
0.032383
0.0409008
0.0809897
0.180833
0.0806787
0.0342289
0.0203261
0.0169855
0.0346473
0.0860904
0.086308
0.0452367
0.0868856
0.0322888
0.0447788
0.161167
0.0242822
0.00626452
0.0213923
0.175523
0.0207379
0.0812642
0.0153193
0.0550005
0.0184825
0.105224
0.0306655
0.0645203
0.0590837
0.051146
0.0256671
0.0283881
0.209563
0.039895
0.0879647
0.0967933
0.0341246
0.0572922
0.0244673
0.0223804
0.0767758
0.073587
0.0703907
0.0362575
0.0217182
0.0137221
0.0280633
0.0254648
0.0128409
0.155158
0.0267599
0.0289779
0.0966085
0.30037
0.125162
0.0184008
0.0319798
0.00928184
0.0613033
0.0220676
0.340588
0.212966
0.081972
0.0249787
0.283987
0.144719
0.0650161
0.0454086
0.0384628
0.109399
0.06841
0.0257177
0.0238075
0.108648
0.0734661
0.0979068
0.0319158
0.0286048
0.0506978
0.0639884
0.0236186
0.0313333
0.0952681
0.0344327
0.0998271
0.03629
0.0295783
0.088978
0.0138707
0.0487224
0.029405
0.044938
0.0268618
0.0178059
0.0348501
0.0441663
0.0173727
0.0601407
0.088546
0.0280873
0.0578102
0.0272715
0.114863
0.0352153
0.105646
0.157685
0.0207611
0.0439798
0.355082
0.00541857
0.145743
0.0191882
0.080298
0.0536093
0.018693
0.124647
0.0181215
0.0549058
0.243402
0.02208
0.0215488
0.0665872
0.0392685
0.0453541
0.0532717
0.110799
0.10802
0.0156063
0.052827
0.0193157
0.0339732
0.0255382
0.0591331
0.121082
0.0340842
0.176194
0.0682752
0.0251451
0.191472
0.0212629
0.0988384
0.0247418
0.102665
0.0501723
0.0376254
0.0371426
0.0495078
0.111976
0.0539903
0.0101235
0.0287609
0.031862
0.0573257
0.0226012
0.445596
0.0244225
0.0746466
0.121019
0.144488
0.0475433
0.07184
0.120023
0.0486186
0.060873
0.289711
0.0987617
0.0158558
0.0869936
0.0480356
0.0280836
0.0216528
0.117455
0.0204991
0.0759682
0.0695794
0.0394357
0.234086
0.016537
0.0175437
0.146758
0.0847905
0.339962
0.0412447
0.236215
0.0658947
0.0149279
0.0903432
0.0314015
0.0659531
0.0359861
0.0501888
0.246107
0.0198664
0.0428084
0.0157413
0.0403005
0.210608
0.0647228
0.0283089
0.111946
0.118744
0.0290787
0.0303929
0.114082
0.177405
0.0163802
0.0376703
0.0680565
0.0647513
0.029371
0.0868426
0.052466
0.0317092
0.0398035
0.0771605
0.0107921
0.0498603
0.0896805
0.0210121
0.105576
0.0157754
0.0160215
0.264723
0.0317096
0.0585135
0.0126549
0.0894521
0.0365974
0.0429918
0.0792231
0.0344344
0.0290213
0.0224407
0.0242367
0.0491305
0.0477269
0.0657807
0.0201204
0.0488463
0.0898484
0.0273791
0.015578
0.0558066
0.0569799
0.0473239
0.0416027
0.0325061
0.292945
0.0320639
0.0636305
0.050131
0.0363577
0.0527623
0.0677314
0.0716608
0.077667
0.0966524
0.0533463
0.0985777
0.0795258
0.0337187
0.013562
0.026659
0.0400025
0.0138409
0.076869
0.0533417
0.151378
0.197946
0.0272429
0.0365897
0.00874133
0.0491114
0.0349736
0.0838463
0.0457312
0.0525612
0.0882875
0.0267158
0.0236926
0.0311176
0.0547189
0.262557
0.0185094
0.123723
0.0853774
0.0723862
0.129294
0.0275147
0.076188
0.0313952
0.0183788
0.0432153
0.016843
0.125969
0.0796598
0.0301752
0.032653
0.0129667
0.110316
0.177374
0.0455556
0.140402
0.0220321
0.0707226
0.0401884
0.0125268
0.0457045
0.0339396
0.0886631
0.151607
0.0233089
0.0782974
0.036587
0.0131197
0.0177694
0.292234
0.0207926
0.0166826
0.0144567
0.0177683
0.0747195
0.0986158
0.0816526
0.0509447
0.0260806
0.0339807
0.0533713
0.013731
0.0284557
0.0457975
0.191585
0.027199
0.069426
0.0785013
0.156457
0.0548797
0.0993972
0.0840012
0.129675
0.0403623
0.0109662
0.155538
0.0146705
0.107025
0.0270028
0.094067
0.01304
0.216899
0.0628425
0.0630348
0.0743158
0.0343777
0.0147503
0.0894321
0.0963741
0.0660096
0.0349526
0.062374
0.0226348
0.094751
0.0789121
0.105457
0.0305988
0.105369
0.0727909
0.0864896
0.0471114
0.0345794
0.0181789
0.00537778
0.11756
0.109615
0.280188
0.0346763
0.0108498
0.0195819
0.0125652
0.0227925
0.0422877
0.0528898
0.239994
0.146926
0.0430838
0.0846611
0.0166001
0.0176775
0.0585298
0.0487885
0.0826441
0.0641704
0.0955827
0.0722878
0.0519667
0.0495485
0.0475381
0.124289
0.0260593
0.0457526
0.220089
0.0503201
0.0534846
0.0866487
0.0519845
0.1555
0.0400008
0.287624
0.0237694
0.0716374
0.048115
0.00915861
0.0772157
0.0143339
0.0278523
0.0482219
0.0400146
0.0235926
0.32796
0.0931782
0.108615
0.0521818
0.0357731
0.0553166
0.0428955
0.176031
0.0428598
0.0873562
0.0300688
0.0139776
0.0672561
0.105998
0.0580646
0.043948
0.0776707
0.0882768
0.0177183
0.051637
0.009763
0.041373
0.0245085
0.0167923
0.102859
0.0675068
0.0510505
0.0674427
0.0778377
0.0467291
0.101933
0.088017
0.06369
0.0228599
0.118467
0.256639
0.0290719
0.0664644
0.278269
0.0371904
0.0465946
0.0682791
0.0976651
0.0275921
0.0182588
0.0755456
0.110384
0.0212307
0.0394476
0.0586395
0.0774552
0.0724813
0.0308841
0.114541
0.0283358
0.0857117
0.0272435
0.0355788
0.0772303
0.0247498
0.0401601
0.116666
0.0306298
0.0736344
0.0515888
0.0387984
0.0272112
0.0295122
0.0853309
0.0301225
0.0574149
0.0253621
0.0152645
0.0761145
0.014956
0.0487895
0.07594
0.0925519
0.0215121
0.0315646
0.0603208
0.0572944
0.0372036
0.0334337
0.179236
0.178766
0.0275362
0.031726
0.036381
0.0592214
0.0356841
0.0584615
0.0738091
0.0544872
0.0679758
0.0785976
0.0245788
0.0490253
0.03032
0.0500781
0.126197
0.0134611
0.114051
0.0440636
0.134131
0.0310148
0.0562041
0.0667806
0.107735
0.0443205
0.0492151
0.148836
0.0760885
0.0238991
0.0658391
0.0467732
0.0371327
0.0635846
0.0246193
0.104633
0.0592413
0.0487911
0.0469211
0.0186723
0.103991
0.0760842
0.0324984
0.110249
0.0278117
0.0237515
0.0290314
0.0326499
0.0277481
0.046309
0.0191482
0.0144258
0.0243691
0.122029
0.0158509
0.0354521
0.0351546
0.0793558
0.0432974
0.394448
0.0209129
0.0263452
0.026574
0.027636
0.0814314
0.0960358
0.0210577
0.0528974
0.0203251
0.0627096
0.0549832
0.063074
0.00723798
0.0603996
0.0273266
0.0639052
0.00807158
0.0361324
0.0611037
0.0942795
0.0215527
0.0753377
0.0138646
0.0340347
0.115009
0.0841667
0.0545762
0.0573013
0.0293733
0.112202
0.157615
0.0928486
0.030129
0.0136667
0.00832919
0.123987
0.0265455
0.0345813
0.257328
0.0480829
0.0634869
0.109292
0.172435
0.0509661
0.0437382
0.0482469
0.0643672
0.0705478
0.0495261
0.0410975
0.0486315
0.0227795
0.0977801
0.0403754
0.0818822
0.0145356
0.160042
0.0190848
0.0432947
0.0386052
0.0644064
0.067435
0.0806178
0.025055
0.0272127
0.0469459
0.0141817
0.117427
0.0764343
0.0149912
0.0301115
0.0727406
0.0853407
0.0351208
0.0285944
0.0404396
0.145574
0.0735446
0.160187
0.116686
0.0695643
0.0204073
0.0218736
0.0573038
0.019538
0.0405875
0.146744
0.00931684
0.0220921
0.0456114
0.0386412
0.0604095
0.0156265
0.0440008
0.0579291
0.0434304
0.114359
0.0363974
0.0350441
0.031593
0.21453
0.039482
0.0659226
0.0502242
0.0325502
0.0376233
0.0214654
0.0220696
0.0557225
0.045589
0.413237
0.072087
0.0109443
0.0483291
0.13272
0.042139
0.0159387
0.0365127
0.0167226
0.0300277
0.032913
0.0470039
0.0351495
0.0305958
0.0299041
0.0636167
0.0446358
0.0707078
0.0988902
0.0362095
0.0220769
0.167945
0.0540096
0.154755
0.0329667
0.00928372
0.012393
0.0252304
0.0405783
0.124379
0.0721353
0.0511688
0.0660229
0.106183
0.10872
0.0191799
0.0115166
0.0605296
0.0192202
0.0889638
0.0407274
0.165784
0.0882063
0.124743
0.077347
0.162178
0.0422694
0.0342644
0.0190611
0.0268473
0.0321106
0.0693128
0.0511939
0.170963
0.0254352
0.0424969
0.0492934
0.0777856
0.0222173
0.0451007
0.0487559
0.0639232
0.0284722
0.0195432
0.0233634
0.0467341
0.0174747
0.0725395
0.0216052
0.0751495
0.0259223
0.055275
0.0359144
0.0821129
0.0100092
0.0501286
0.0382875
0.126677
0.0967973
0.0415809
0.0893433
0.0719949
0.0458402
0.0574639
0.0107282
0.0445531
0.0249401
0.0431179
0.0556411
0.0921545
0.0439996
0.0314045
0.354559
0.555898
0.0395637
0.0643726
0.0975959
0.0692589
0.390408
0.0133686
0.0476958
0.00876081
0.0971118
0.0123015
0.760504
0.102888
0.258314
0.0754227
0.135529
0.169675
0.0345448
0.0350528
0.0642386
0.0765478
0.0282411
0.0464653
0.041245
0.0776602
0.102323
0.0300637
0.0366816
0.035121
0.0731142
0.0438772
0.00799099
0.044191
0.0412313
0.154196
0.0946288
0.0282042
0.0183768
0.140123
0.194256
0.0257485
0.166761
0.0474917
0.0511873
0.0966192
0.110932
0.0308716
0.0750472
0.269796
0.0204216
0.0227604
0.0323102
0.0595138
0.0214564
0.0591239
0.0809949
0.060044
0.147077
0.104403
0.015341
0.0617438
0.073734
0.0269434
0.0370051
0.0432667
0.026326
0.0221077
0.0624523
0.0259841
0.0619726
0.0227915
0.0208026
0.653688
0.0395992
0.119286
0.17019
0.0415127
0.114144
0.0309643
0.070657
0.126161
0.0231423
0.0195719
0.101756
0.0571481
0.0907414
0.0431424
0.172613
0.0274487
0.0676072
0.053661
0.0309315
0.0212403
0.0217187
0.0662894
0.0247563
0.0122816
0.0555508
0.0103073
0.0228436
0.0179437
0.0341902
0.0661817
0.0301837
0.051691
0.188383
0.0589905
0.034524
0.0162833
0.0721964
0.0640337
0.0175604
0.086249
0.016222
0.0816698
0.036933
0.0971338
0.052126
0.0546517
0.12916
0.0557918
0.0396596
0.0840508
0.0703592
0.0572614
0.0880867
0.10026
0.170806
0.0856532
0.0573275
0.0340334
0.0470781
0.0555982
0.0181107
0.0492095
0.0907336
0.0358912
0.0720108
0.0685394
0.0349032
0.0326548
0.088704
0.0479844
0.0505916
0.0953701
0.0761581
0.105902
0.045969
0.0172783
0.253772
0.0252342
0.0472401
0.0955692
0.0386792
0.039188
0.0447185
0.0617967
0.0430553
0.0495617
0.0313997
0.157107
0.0702975
0.0732624
0.410109
0.0191919
0.0418253
0.2292
0.019106
0.18618
0.0277838
0.0214508
0.100791
0.113415
0.0315659
0.0241067
0.0367182
0.0435135
0.0624934
0.143432
0.0652194
0.0486679
0.389887
0.0874102
0.123725
0.0510787
0.0593406
0.0546552
0.0611257
0.0629381
0.0778748
0.133333
0.16041
0.06684
0.0187719
0.0346704
0.0390881
0.0495256
0.0336584
0.279625
0.173746
0.0643368
0.0776086
0.0303704
0.0523593
0.108774
0.0361951
0.0818722
0.00806417
0.0627774
0.0872425
0.0334349
0.0635962
0.144537
0.0277501
0.0465145
0.0292123
0.0256528
0.105534
0.0320592
0.221297
0.0362085
0.0450169
0.0425051
0.0407103
0.0152872
0.0085185
0.0689106
0.0559524
0.0837731
0.0475839
0.0535566
0.0398746
0.0195512
0.0603702
0.0295463
0.0362376
0.0365161
0.0169358
0.0592913
0.0416909
0.0593719
0.0240334
0.0695554
0.0506218
0.0615028
0.0645728
0.0746953
0.0286498
0.0503009
0.0450238
0.14372
0.0278809
0.147291
0.0397878
0.0397409
0.0188487
0.02788
0.039685
0.0664893
0.0127125
0.0264999
0.0299576
0.107537
0.344143
0.0172221
0.0184792
0.0634218
0.0260813
0.1325
0.15233
0.0678278
0.0697399
0.0252957
0.373031
0.152618
0.0524253
0.0738923
0.044585
0.0426886
0.0268418
0.0649373
0.0788178
0.054418
0.025935
0.0932093
0.0440949
0.0363763
0.039227
0.129394
0.013667
0.111414
0.0768456
0.049018
0.045665
0.0837348
0.0569163
0.00802456
0.0524617
0.249848
0.122522
0.178528
0.0356492
0.0255459
0.0462951
0.0335292
0.0213071
0.0403729
0.0948413
0.077073
0.0195736
0.0503854
0.0712476
0
0
0
0
0
0
0
0
0
0
0
0
0
0
0
0
0
0
0
0
0
0
0
0
0
0
0
0
0
0
0
0
777777