2.7582
999999
-0.368058
-0.323103
-0.03789
-0.161671
0.0844957
-0.0786719
-0.144852
-0.2828
0.0746805
0.186995
0.215689
0.0757614
-0.142631
-0.356096
-0.146504
0.31554
0.533455
0.160755
0.483529
0.633335
0.114246
0.477222
-0.0859468
0.44115
0.640884
0.00117062
-0.234869
-0.264922
0.0201571
0.745038
0.399017
-0.0462447
0.240916
-0.459001
-0.0211187
0.396847
0.111624
0.236915
-0.106911
0.0163521
0.421858
0.140461
1.9666
0.0578351
0.182341
0.248968
-0.152743
-0.212936
0.423753
0.487745
-0.00472179
-0.105791
0.259648
0.103738
0.550779
0.210693
-0.15616
0.195612
0.315008
-0.0208864
-0.10299
-0.155697
-0.0938192
-0.295156
0.0541643
-0.574859
0.32919
0.143374
0.240901
0.464686
0.210728
-0.306565
-0.265682
-0.180041
-0.227902
-0.0744281
-0.256272
0.864906
0.290643
-0.0946487
-0.0458113
-0.0384271
-0.321143
0.543306
0.171554
0.592311
0.0335171
0.111065
-0.913065
-0.733834
-0.298021
0.210206
0.220966
-0.598038
0.194481
-0.0439922
0.929814
0.602898
-0.475325
-0.139392
-0.150346
-0.0501086
-0.356528
0.2945
-0.0618248
-0.0168726
-0.371578
0.421612
-0.391773
-0.405455
0.263052
0.524351
-0.0697654
0.572011
-0.21199
0.591915
0.288407
-0.519003
0.126889
-0.338368
-0.394564
0.103626
-0.122825
-0.373322
0.0239081
1.36244
-0.0362016
-0.0670938
0.489482
-0.293912
0.366777
-0.492972
0.64559
0.476337
0.0121842
0.0461574
0.0529947
0.299267
0.836621
-0.804893
0.538097
-0.0550791
0.259987
0.039768
0.182364
0.194487
-0.128931
0.289161
0.0496851
-0.0119897
0.17412
0.725885
-0.256507
-0.176683
1.34882
0.329526
0.837542
0.250863
0.15553
0.233738
-0.0970743
0.205239
0.0676549
0.435476
0.13122
-0.50284
-0.16094
-0.449475
0.423606
-0.193398
0.565781
-0.0409038
-1.28225
0.171111
-0.541888
0.130304
-0.185099
-0.228525
-0.836442
-0.489618
-0.0349772
0.60979
-0.338197
0.0159839
0.106602
0.202306
0.15239
-0.300295
-0.268053
0.298652
0.00313679
0.434362
0.71022
-0.512569
0.447705
0.182911
0.0763135
0.150989
0.0179998
0.319002
-0.718232
-0.182906
0.215946
-0.441864
-1.39204
-0.106887
-0.153223
-0.239628
-0.0394169
-0.113538
-0.405759
0.0947922
-0.529059
-0.409531
0.070687
-0.765365
0.469556
0.111102
0.976582
0.0711617
-1.51529
-0.270884
-0.184155
-0.540811
0.447905
0.442599
-0.124973
0.16612
-0.00567956
0.360762
-0.165486
0.332101
1.08942
-0.260656
-0.0306615
-0.593817
-0.00840464
0.117345
1.21237
-0.39721
-0.635126
-0.62337
-0.113504
0.263858
-0.0868386
-0.250626
-0.0905497
0.445273
0.43054
0.170384
0.0484725
0.813241
0.00812333
-0.352828
0.335278
0.040108
-0.188602
-0.388907
-0.162246
0.0943252
0.156396
0.0443399
0.382633
0.37497
-0.0497866
-0.370191
0.537273
-0.521216
0.0497601
-0.213924
-0.0475554
-0.00559858
0.309091
0.73889
-0.287468
0.776958
-0.505743
0.379389
-0.325696
0.267261
-0.26486
0.140529
-0.155192
0.387353
-0.834627
-0.203124
-0.0744424
-0.40301
-0.0590711
0.374736
0.105269
0.226729
-0.262472
0.490137
0.732862
0.207036
1.01369
0.192506
0.907262
0.756253
-1.64468
0.477767
-0.199097
0.58681
-0.0100015
-0.835612
-0.0932407
0.169179
0.52559
0.0128168
0.318866
-0.497768
0.0456637
-0.386942
0.479247
0.298417
0.530222
-0.337215
0.228241
-0.197878
-0.234959
0.295917
0.429699
-0.181465
-0.519925
-0.0139308
-0.476515
-0.200446
0.427068
-0.135219
0.270068
0.37017
0.230397
0.502131
-0.300718
0.646202
0.419647
-0.154607
0.926533
0.275382
0.447024
-0.303838
0.302932
0.222945
0.611243
-0.390825
-0.086821
-0.193332
-0.501478
1.1148
-0.183296
-0.185116
0.201661
0.11178
0.125477
0.155416
-0.372384
0.72887
-0.816415
-0.108359
-0.61077
-0.317095
0.0657237
-0.239328
0.321431
-0.394291
0.638939
0.0600765
-0.305575
0.0711373
0.104498
0.372575
0.103818
-0.35579
0.219431
-0.385635
0.194931
-0.337229
0.287264
0.092586
-0.391683
0.310667
0.514991
-0.0228985
0.273316
0.393131
-0.448171
-0.590368
-1.0426
0.184365
0.000589851
-0.190634
-1.17829
-1.16561
0.193063
-0.341627
0.0980622
-0.84068
0.283363
0.0702288
0.102295
-0.273616
1.2573
0.217527
-0.48877
0.818913
-0.158423
0.121802
-0.377015
-0.205661
-0.430049
-0.124086
0.861841
0.194463
-0.51585
-0.459974
0.32636
-0.538333
0.0540326
-0.953141
-0.18576
-0.0294568
0.0906968
0.0584783
-0.0600507
-0.379906
0.0188157
-0.0105325
-0.205578
-0.0377899
0.03337
0.490467
0.325942
0.0345298
-0.203275
-0.502009
0.267685
0.51906
-0.42543
0.379875
0.028514
-0.0488088
0.0168786
-0.270641
0.00702463
0.114206
-0.249251
0.246865
0.558535
-0.340278
0.2241
-0.507462
0.0708037
0.360617
0.051797
0.947315
0.0284034
-0.0553921
-0.420938
-0.0182335
0.453568
-0.268653
-0.153863
0.522781
-0.300048
-0.0382924
0.500748
0.217266
0.5412
-0.111457
0.0375699
-0.131042
-0.0583786
-0.200254
-0.564942
-0.323975
0.375456
-0.753374
1.07982
0.181771
0.0488157
0.55266
0.453788
-0.333033
-0.335566
0.0668539
0.0213761
-0.045047
0.0169071
0.120028
-0.482128
-0.668221
-0.149445
-0.398788
0.419914
0.0992495
-0.0115276
-0.204186
-1.22754
-0.528653
-0.163836
-0.662609
0.75865
-0.343683
-0.364027
0.236307
-0.0769208
0.111567
-0.433562
0.0310072
0.554142
0.251551
-0.39533
0.216614
-0.0854613
1.12156
0.195135
0.37791
0.608608
-0.542322
-0.173149
-0.130799
-0.0457823
0.375939
0.272803
-0.0518591
0.902589
-0.204936
-0.355622
0.0441305
0.188335
-0.00752923
-0.294007
-0.046303
0.171987
-0.0955169
-0.449191
-0.282661
-0.901893
0.668458
-0.00550387
0.276379
0.0455126
0.242467
-0.326059
-0.164349
0.435916
0.0434432
0.118485
0.0599181
0.171962
-0.656636
-0.883519
-0.437216
-0.0549793
-0.295042
0.224205
0.511209
0.0332975
0.988368
0.160696
-0.92335
0.502899
0.119224
-1.49834
0.155347
-0.526354
0.395425
-0.0687398
0.12297
0.00451992
0.0527038
-1.51683
-0.317816
0.24873
-0.0599943
0.0215038
-0.705622
-0.4824
0.0959911
0.325789
-0.196362
0.0990387
1.09488
-0.42254
0.226985
0.96967
0.00259082
-0.174347
0.179714
0.374891
-0.0938773
-0.445183
0.0461385
-1.89525
1.24683
-0.363646
-0.780673
-0.0402781
0.969464
-0.227231
-0.179615
-2.83812e-05
0.465216
0.87397
0.0314871
0.0256692
-0.544159
-0.314898
-0.291739
0.530388
-0.332575
0.245103
-0.235654
-0.119136
0.223582
-0.489774
-0.67672
0.10375
0.295945
-0.281538
0.236124
0.133131
-0.0443173
0.145737
-0.0743638
0.270299
0.0094696
0.532119
-0.915784
-0.0571645
0.120666
0.094681
-0.546961
-0.0680246
-0.836062
0.178448
0.620888
-0.292343
0.274907
0.734209
0.383263
-0.0109787
-0.673344
0.0174951
-0.0395696
0.881676
-0.108485
-0.0945831
-0.871194
0.170471
0.228135
0.125721
-0.262677
-0.258873
0.0885804
-0.423146
0.0121477
-0.629615
0.392499
-0.0119936
-0.275237
0.0313411
0.487445
-0.0160261
-0.176629
-0.339104
-0.123435
0.303048
0.367528
-0.195943
-0.0156828
0.350557
-0.418509
0.920347
-0.48892
0.072212
-0.456244
-0.772069
-0.0207316
0.162524
0.0503015
-0.145532
-0.0057814
-0.310925
0.431643
-0.506539
0.61806
-0.168479
0.168904
-0.550132
-0.0280607
0.522459
-0.0509638
-0.791566
-0.0225698
-0.436994
-0.394716
-1.0723
-0.541433
-0.153439
-0.55215
-0.0470039
0.230862
0.240188
-0.201502
-0.035365
0.104637
0.210575
-0.458407
-0.203297
-0.226737
-0.0394069
-0.295709
-0.177791
0.21209
0.347625
-0.139653
-0.352496
-0.522455
-0.299246
0.317407
-1.78415
-0.133641
0.303126
-0.228315
0.0098559
0.653287
-0.240251
0.952116
0.125396
0.301236
-0.509866
-0.484441
0.413687
0.540909
-0.485892
-0.303035
-0.0591745
0.208121
-0.124542
0.153369
-0.232732
0.154634
-0.563348
0.101162
0.296576
-0.416932
-0.0565526
0.163069
0.121289
-0.236216
1.72099
0.151567
0.422239
0.0877287
-0.59317
-0.334805
0.24114
-0.0565707
-0.685472
-0.0206999
0.0940495
0.0916979
0.0349917
0.00321962
-0.0405134
0.105919
1.68459
-0.351238
0.395827
-0.14312
0.0984862
-0.314401
-0.0960699
0.495819
-0.0687309
-0.193493
1.23137
0.349374
0.228194
-0.0627498
-0.571362
0.597431
-0.20651
0.135838
0.0312083
0.520601
-0.631311
-0.0377375
0.162385
0.0699432
0.305556
0.72238
-0.891102
0.947646
0.279404
-0.179962
0.710341
-0.152073
-0.725273
-0.192974
1.11205
-0.218285
-0.0941636
-1.31108
0.486497
0.0860303
0.220206
0.0662415
-1.34412
-0.756852
-0.106952
5.96736e-05
-0.0602056
-0.582115
-0.0337465
-0.86382
0.608795
0.0125087
-0.0756778
-0.224911
0.65437
-0.0272032
0.51355
-0.371749
-0.218715
-0.0182165
-0.218455
-0.143976
-0.0718571
-0.65954
-0.0224598
0.0399871
0.385918
0.205681
0.198181
-0.228762
-0.0736924
-0.0334835
0.557727
-0.163509
0.387217
-1.59916
0.314664
-0.411884
-0.163215
0.0564941
0.0627693
0.0781442
-0.439394
-0.00388301
0.116215
0.603735
-0.193451
0.416737
-0.444438
0.408733
-0.0738079
-0.0670504
0.0740155
-0.627161
-0.249256
-0.430375
0.143094
0.0329842
0.379764
0.253973
-0.266972
-0.595594
-0.00980955
0.0307206
0.293384
-0.188213
-0.503303
0.113055
-0.243439
0.0620359
-0.0397929
-0.504555
0.4587
0.061055
0.674845
0.0702251
-0.11568
-0.296031
0.11488
-0.453071
-0.00348686
0.468261
-0.511803
0.79583
-0.196913
0.0432144
0.787251
-0.122157
1.28054
0.33113
0.257017
-0.0421387
-0.484987
0.567225
-0.110685
0.472481
-0.154709
0.21118
-0.537844
-0.170081
-0.0732636
-0.404309
0.265634
0.0396487
0.19792
0.0426544
0.629309
-0.392735
0.225402
-0.306679
-0.46427
-0.358484
-0.287907
0.0861649
-0.174922
0.0211271
0.117727
0.318745
-1.02324
0.848757
0.0316371
-0.118354
1.41171
-0.132669
0.0235242
-0.0747485
0.316145
-0.492994
1.22914
0.404424
0.0881117
0.402616
-0.0605054
0.129187
0.392912
-0.543082
-0.0772636
1.05669
-0.193228
-0.326998
-0.149654
0.632797
-0.0802008
-1.09949
-0.277132
0.272249
-1.00916
0.0056469
-1.00532
-0.0411934
-0.340308
-0.00203807
0.885666
0.157782
-0.169592
0.295516
-0.781173
-0.00787113
-0.0787515
0.0303869
-0.00686491
-0.132119
-0.730243
-0.101566
0.473578
0.0978017
-0.750813
-0.35418
-0.204339
-0.198731
-0.279944
-0.429309
0.462175
-0.565288
0.165401
0.316722
0.0695033
0.449338
0.322857
-0.413234
0.324788
0.332545
-0.435726
0.135241
-0.113234
0.197437
0.0807003
0.989331
0.438087
0.0132296
-0.521192
-0.318401
0.110958
0.0924109
0.612075
0.425483
-0.060917
0.105753
0.518786
-0.726472
0.043156
0.477809
0.142034
0.0115865
0.280531
2.86702
-0.177997
-0.0856095
0.305946
-0.63752
0.720694
-0.20583
0.416088
-0.149676
-0.299536
-0.351072
0.0565897
0.0697664
0.0386937
0.186637
0.257009
0.0845172
-0.139998
-0.0339932
0.197355
-0.317595
0.651049
-0.223389
-0.174644
0.715981
-1.25965
0.0169387
-0.329003
-0.0462755
0.19089
-0.910465
-0.135277
-0.195903
0.300341
-0.267216
-0.0992484
0.396759
-0.122156
-0.0640881
-0.125468
0.472081
0.117154
-1.02063
-0.454585
0.256974
-0.0453021
0.0943633
-0.358433
0.886577
0.140616
-0.592929
0.096139
-0.559758
0.664028
-0.324595
0.435988
0.0406359
-0.405883
-0.17195
-0.0468588
-0.589051
0.174592
0.196491
-0.875728
1.28667
-0.377082
-0.149013
0.023359
-0.118223
-0.379537
-0.117434
-0.0251758
0.345355
0.0118471
0.260762
-0.512487
-0.341925
-0.0176726
0.145331
-0.388189
0.354235
0.111255
0.0299109
-0.838825
0.164341
0.379212
0.206098
-0.186902
-0.0745376
-0.179712
-0.64223
0.376144
0.153888
-0.00855097
-0.312048
0.663806
0.311629
-0.118372
-0.0606706
0.163985
0.297216
-0.460614
-0.179066
-1.1838
-0.554751
-0.00904548
-0.225381
0.135656
0.222893
-0.279597
0.598415
0.0762616
-0.779392
0.206229
0.127886
-0.0142926
-0.291896
0.439487
-0.151116
-0.0173317
0.856513
0.502836
0.880466
0.115835
-0.279991
0.459667
-0.471531
-0.554734
0.132802
-0.239473
0.62709
-0.359537
-0.841097
-0.139931
-0.0731708
-0.0192631
-0.309044
0.502155
0.330956
-0.212089
-0.280998
-0.198487
-0.673671
0.595104
-0.0873474
0.379083
0.112791
-0.263235
-0.0430109
-0.0578296
-0.0367069
0.285215
0.131614
-0.161853
-0.11853
-0.0625447
0.141047
0.24142
-0.301652
0.186347
-0.0955302
2.15115
-0.170252
-0.501592
0.183709
-0.0307276
0.631381
-1.40455
0.4289
-0.194862
0.477426
0.0233803
0.241822
-0.252994
0.233998
-0.0116785
-0.0786528
0.278211
0.190811
-0.195902
0.258483
0.170516
0.44787
-0.645072
0.104063
0.203508
-0.159968
-0.271272
-0.333215
-0.125021
-0.00314373
0.630191
-1.25173
-0.188154
0.145159
-0.0434689
-0.32631
0.193903
0.3371
0.576908
1.1598
-0.18571
-0.750684
-0.217604
0.370292
0.262624
0.386285
-0.475536
-0.249468
0.000613842
0.0132103
0.110856
0.0782635
-0.157666
-0.881253
-0.0626271
-0.579532
-0.142703
-1.16837
0.243369
0.31614
-0.105156
-0.00450329
-0.552333
1.09257
0.0988489
0.0742872
-0.0321246
0.282426
0.279144
0.833044
0.542186
0.00745579
-0.0479054
0.445129
0.240584
0.120354
0.0138939
0.732698
0.324828
0.00480063
0.112815
0.215611
0.295305
0.0199482
0.179487
0.394314
-0.0463475
0.31877
-0.416349
0.312568
0.0377135
-0.0870935
0.486903
-0.186461
0.499836
0.221835
0.575687
0.854918
0.0451431
-0.266633
-0.569394
-0.960339
-0.530135
-0.723462
0.2098
-0.392263
0.259231
0.558533
-0.728549
-0.104947
0.00163871
-0.0721645
0.116513
-0.296348
0.283501
-0.136863
-0.0097423
0.0735574
0.151498
0.361652
-0.142026
0.329101
0.449238
0.213064
-0.594763
-0.134816
0.498766
0.0931151
0.307357
-0.260471
-0.0121696
0.208731
1.20722
-0.39323
0.179535
0.310342
0.165069
0.0936737
-0.574579
0.845193
-1.03114
-0.255258
0.0326459
0.32628
0.310787
0.60737
-0.15395
0.353182
0.643571
-0.0129767
-0.0709666
-0.274129
-0.0330543
-1.2682
0.40714
-0.689928
0.360985
-0.198775
0.15214
0.0824383
0.252729
0.192776
-0.188495
-0.257668
-0.968096
-0.0288997
0.290563
-0.662342
0.451304
0.297371
-0.172203
-0.019532
-0.194412
-0.413465
-0.266653
0.00145255
-0.303218
-0.51943
-0.231798
-0.0757572
-0.278026
0.247783
-0.0328866
0.0883071
-0.108322
-0.162355
0.0644467
-0.344979
0.0497981
-0.912833
-0.662618
-0.258202
-0.556359
-0.124529
-0.0812832
0.100299
0.455062
-0.055121
-0.219163
-0.264617
0.550166
0.444851
0.151
-1.79298
-2.08444
-0.0263588
0.579313
0.720298
0.481281
0.442774
0.00595269
1.01344
-0.315259
0.207353
-0.00400915
2.68248
0.469033
0.416936
-0.314589
-0.153002
0.260386
-0.139114
0.516332
-0.398779
0.0585914
0.404811
-0.42322
0.0326695
-0.576306
0.00965539
-0.0695836
0.284731
0.202616
-1.06315
0.352824
0.268396
0.276526
0.0157733
-0.644416
-0.174522
-0.507278
-0.0124549
0.6195
-0.476255
-0.0518682
0.000523596
0.30681
0.0846426
-0.0435771
-0.815153
0.215278
0.109676
1.47617
0.378335
-0.160797
0.40646
0.0333575
-0.0364763
0.0745875
0.526183
0.908892
0.528561
0.041999
-0.0943549
-0.326038
-0.241142
-0.595787
0.455254
0.147316
0.0585543
0.164815
0.22458
0.30431
0.11494
0.0740235
-1.03601
0.7694
0.438948
0.349809
1.43715
-0.34395
0.0375395
-0.162786
-0.0317273
1.07875
-0.134361
-0.444902
0.624623
-1.71644
-0.889112
0.224269
0.895948
0.160123
0.231727
0.224304
0.125941
-0.00580289
-0.0805107
0.213718
0.303563
-0.281713
0.135411
0.0795832
-0.119941
-0.00134975
0.0698685
-0.111601
0.0413454
0.256863
0.256385
-0.412409
0.206832
-0.562498
0.371608
-0.547707
-0.0125242
0.397191
0.453254
-0.208555
0.551599
-0.745376
0.0499683
0.389141
0.534119
-0.66936
-0.638875
-0.467648
0.048463
0.262043
0.0674896
0.132635
-0.688598
-0.653751
-0.693783
0.159263
0.0149855
-0.138203
0.366071
-0.229526
0.470459
-0.0665323
0.185723
0.34186
0.319076
0.0363421
0.254337
-0.101144
-0.251866
-0.350409
-0.243236
-0.23854
-0.260476
0.256847
-0.911888
0.210009
0.316348
-0.500425
0.100804
0.130298
-0.0203992
0.549255
-0.16249
0.0972956
0.176597
-0.294407
-0.0830355
-0.979507
-0.603475
-0.348146
0.147834
2.06902
0.00963111
-1.67782
0.210126
-0.158605
0.516554
0.308692
-0.0750318
-0.112029
0.231275
-0.113691
0.139518
-1.28525
0.279837
0.338611
-0.628717
-0.295084
0.282881
-0.0944873
-1.07456
0.620595
-0.763104
-0.213312
0.458582
-0.346093
-1.20713
-0.256754
-0.034506
0.278938
-0.00488979
-0.424344
-0.103618
-0.509766
-0.0128092
-0.44849
0.302701
-0.130363
-0.131396
1.05384
0.0498201
0.0840682
-0.12113
0.665947
-0.371609
-0.0747393
-0.484098
0.161814
-0.0158895
0.0636345
0.250484
-0.00511782
1.31349
0.360405
1.07635
0.215824
0.0639044
-0.197909
0.743837
-0.174518
0.0551526
-0.649799
-0.353328
-0.360577
-0.147693
0.603272
0.212988
-0.125619
0.542893
-0.230087
0.345253
-0.568216
-0.158789
0.358992
-0.337703
-0.138905
0.332593
-0.765119
-0.382127
-0.875822
-0.292989
-0.348419
-0.161873
-0.608363
0.145657
-1.70847
-0.0891915
-0.541665
0.118512
0.259313
0.0440513
-0.259964
0.523596
-0.304687
-0.134883
-0.231033
-0.0627671
-0.603666
2.66669
0.285168
-0.114304
0.197205
-0.0949029
0.776633
0.13787
-0.442576
0.608784
0.0979745
0.288578
-0.481999
0.271479
-0.133231
0.59174
-0.0958617
0.147579
-0.741875
-0.122123
0.0924801
-0.209396
-0.147183
0.205363
-0.0405708
-0.00219571
-0.204483
-0.26074
0.31693
1.06263
-0.623759
0.16422
0.173402
0.133386
0.228215
0.037894
0.958074
-0.687011
-0.121814
-0.0612532
-0.0577794
0.0100558
0.136329
0.0103623
0.138268
0.936638
0.234637
0.0232537
0.288984
0.311418
0.0845411
-0.183404
0.17198
-0.163149
0.0570926
-0.183599
0.104672
-0.16808
0.0231031
-0.113866
-0.104268
0.128119
0.0246999
-0.115726
-0.193223
0.0111041
0.0682237
-0.156079
-0.0685226
-0.156845
-0.0763311
-0.0496129
-0.048363
-0.0107757
0.0357473
-0.0172453
0.127606
0.0530418
0.162334
0.0869917
0.127751
0.184639
888888
0.037485
0.00931234
0.097409
0.0231451
0.026866
0.0396633
0.0450971
0.198573
0.0267476
0.0590936
0.0570616
0.0454534
0.124049
0.0204879
0.00711502
0.0286022
0.0576506
0.0068052
0.0457928
0.266823
0.0522155
0.0735063
0.137476
0.0282785
0.0863699
0.00874313
0.0347271
0.36111
0.0178445
0.0777185
0.0903785
0.0153878
0.102769
0.0936625
0.0817753
0.052987
0.0807452
0.0170593
0.0418107
0.0396857
0.0440517
0.0405822
0.285131
0.0212786
0.0260083
0.074637
0.0283146
0.0469705
0.0439373
0.0125189
0.039324
0.0515939
0.0651808
0.0542689
0.0574673
0.0455924
0.0234118
0.0154481
0.0229349
0.0228659
0.0985325
0.273089
0.0776114
0.073763
0.0497635
0.0580381
0.0211432
0.00814847
0.0391703
0.111437
0.0803613
0.105526
0.0318746
0.0298684
0.0423211
0.014291
0.0260473
0.110487
0.0506277
0.0337964
0.0287184
0.110801
0.13645
0.135083
0.0445876
0.0874363
0.0447354
0.0293713
0.111994
0.138591
0.0239381
0.0300789
0.12683
0.0277009
0.0352018
0.00952587
0.148433
0.0450782
0.06581
0.0318483
0.0354139
0.04668
0.0490912
0.0382574
0.065895
0.065658
0.0226408
0.0774236
0.081161
0.0576313
0.0901477
0.365739
0.0484195
0.0124383
0.0456169
0.0607567
0.0220355
0.0836806
0.0456501
0.0616853
0.0685978
0.0475378
0.0232098
0.0505956
0.0433422
0.168621
0.110611
0.0760908
0.0587576
0.0523865
0.161552
0.111971
0.203927
0.0596744
0.0132958
0.0500729
0.0601426
0.0215218
0.0999668
0.0769541
0.0417418
0.0131025
0.0397355
0.0521303
0.0959526
0.0579075
0.0359468
0.0240582
0.0305163
0.0529076
0.0357103
0.116044
0.0145121
0.0320227
0.218148
0.151846
0.315086
0.0362794
0.0527661
0.0610902
0.0132537
0.0639277
0.0390444
0.144846
0.107302
0.00623995
0.0836731
0.0300142
0.0625185
0.082165
0.0903854
0.0464162
0.164563
0.0310063
0.216182
0.0114592
0.0257209
0.0305833
0.0885301
0.0324395
0.0152926
0.0462661
0.0299788
0.0781344
0.0250081
0.0169243
0.0246195
0.0217212
0.0259835
0.0860785
0.0596339
0.0409903
0.0521158
0.214761
0.0746364
0.0167672
0.0772414
0.0951248
0.041298
0.0172792
0.0711085
0.0760879
0.049187
0.0211264
0.120474
0.0410324
0.171963
0.113994
0.0468562
0.121373
0.0538939
0.0296338
0.0309269
0.0266078
0.0370216
0.0811549
0.0350286
0.0287765
0.0605095
0.0158623
0.286698
0.114121
0.0287
0.456608
0.0696323
0.133856
0.0278192
0.0187475
0.0601063
0.0546218
0.157966
0.0336865
0.309157
0.04795
0.0149818
0.0616095
0.0275873
0.0114815
0.165632
0.172872
0.0411533
0.0451103
0.0730997
0.085206
0.0273449
0.0395302
0.0276728
0.129348
0.0350132
0.0145459
0.0320842
0.153894
0.109215
0.0404918
0.0339408
0.0449767
0.0417197
0.0321196
0.0178088
0.101342
0.033072
0.0302483
0.0461043
0.0380892
0.0220879
0.10499
0.0209078
0.108228
0.0428483
0.121187
0.0782636
0.0923708
0.0311223
0.158925
0.0982636
0.0485265
0.0768473
0.0858853
0.0676485
0.1256
0.0151586
0.0935283
0.0283536
0.0611361
0.0889219
0.0212762
0.0371984
0.0266968
0.00686697
0.0144053
0.0283138
0.0464404
0.022063
0.032196
0.0412296
0.205868
0.119475
0.184385
0.0251667
0.0140619
0.18323
0.0293057
0.0121846
0.195963
0.0430286
0.177763
0.022082
0.0480331
0.112215
0.113079
0.0238646
0.156797
0.0482749
0.0291447
0.113447
0.0227053
0.0133698
0.0590361
0.249095
0.0254918
0.121153
0.10107
0.077571
0.039795
0.0525249
0.0609225
0.031771
0.0376665
0.0318265
0.0812804
0.221025
0.0370872
0.0212777
0.0596068
0.00886992
0.0957811
0.0347426
0.0108422
0.0806997
0.0295321
0.100035
0.0346407
0.0206689
0.0299047
0.16814
0.0765208
0.0451909
0.0267505
0.0530182
0.136892
0.0302715
0.0449696
0.0918397
0.0165274
0.0165049
0.0334763
0.0126608
0.0786199
0.0654669
0.0868641
0.0655484
0.044066
0.078441
0.0559189
0.056642
0.0571601
0.0710323
0.0189457
0.0802407
0.0963521
0.0294787
0.131107
0.0104707
0.0229313
0.0216547
0.0179561
0.0774407
0.0124297
0.0359843
0.0310725
0.0488477
0.054579
0.102929
0.119106
0.044893
0.027432
0.0641088
0.0744239
0.110306
0.0517926
0.0933372
0.105597
0.0612982
0.28937
0.0121924
0.0627282
0.0268846
0.0952793
0.0529637
0.0712944
0.036581
0.036276
0.148225
0.0380277
0.0174441
0.0413732
0.0253531
0.0809238
0.196257
0.0219684
0.035569
0.034583
0.080904
0.135859
0.0538496
0.030639
0.0467927
0.0595667
0.0781029
0.252662
0.0773647
0.0160896
0.0180982
0.152448
0.0345654
0.0278887
0.0481347
0.0717117
0.106606
0.0330021
0.0396887
0.0446558
0.037558
0.03861
0.0366031
0.0920208
0.0581412
0.0593133
0.0346939
0.0599454
0.0270638
0.0113205
0.016809
0.026773
0.196745
0.0190956
0.0662773
0.0206372
0.0900611
0.0996832
0.021512
0.0450896
0.0101412
0.095966
0.0228551
0.0721609
0.021454
0.0755866
0.0501602
0.0302631
0.0250395
0.0768649
0.0262247
0.0854279
0.123539
0.015429
0.025652
0.0331029
0.0383944
0.0419912
0.0339975
0.0237562
0.0639775
0.0265064
0.0339973
0.0953352
0.0471421
0.0386465
0.210661
0.0716467
0.0693563
0.0585502
0.0271346
0.0759898
0.0601772
0.0977798
0.0632476
0.191767
0.153596
0.0936476
0.0272925
0.0632378
0.0575435
0.068682
0.0522754
0.0371471
0.0270784
0.0201334
0.0984296
0.026364
0.0377458
0.0379329
0.0831133
0.0682213
0.0150116
0.0299821
0.2286
0.0320388
0.100605
0.038652
0.0784312
0.0295507
0.0371325
0.159376
0.0599116
0.127485
0.0551407
0.0252853
0.0774959
0.0216218
0.0400402
0.0479149
0.180254
0.0526362
0.0815797
0.050456
0.11535
0.198705
0.0514982
0.0291414
0.09177
0.0567835
0.0510297
0.0668525
0.103459
0.0601173
0.150347
0.0401902
0.0865675
0.0387749
0.0279497
0.134292
0.0394777
0.0684824
0.050969
0.0291124
0.0148512
0.0139608
0.0538521
0.0875195
0.0534668
0.0589995
0.101762
0.0582262
0.0473787
0.0481699
0.116097
0.0171477
0.114343
0.214087
0.174546
0.0515584
0.0842577
0.0258863
0.174737
0.0404359
0.0922319
0.0282341
0.111105
0.132651
0.0799572
0.0356071
0.201167
0.0404475
0.0165607
0.03525
0.0495718
0.0132918
0.127014
0.167674
0.034887
0.0307004
0.0246543
0.107468
0.0770743
0.0584294
0.359063
0.0438724
0.0488945
0.0209652
0.0560142
0.0414299
0.0384661
0.0408517
0.263763
0.180747
0.0295215
0.216344
0.0314822
0.123921
0.0174096
0.0123663
0.0383473
0.113254
0.380303
0.0866913
0.024974
0.0319456
0.0393918
0.0099065
0.0254326
0.133536
0.156413
0.0929835
0.0361376
0.0424834
0.110984
0.173753
0.0570823
0.0253711
0.0212477
0.0172963
0.0286612
0.130207
0.0872981
0.0356902
0.0740837
0.0348587
0.0542991
0.1878
0.0238302
0.00594033
0.0163299
0.139243
0.0270924
0.0731313
0.0125934
0.0733809
0.0249637
0.101966
0.0375826
0.0542298
0.0564758
0.0526129
0.0248778
0.0267877
0.163221
0.0409847
0.0524507
0.0773321
0.0303993
0.0472486
0.0230743
0.0232173
0.0779209
0.0614863
0.0885931
0.0354455
0.0153781
0.016941
0.0284229
0.0316084
0.0129917
0.152297
0.0368502
0.0252159
0.119731
0.344912
0.190165
0.0152239
0.0313915
0.00969723
0.0448672
0.0210434
0.392635
0.313255
0.09032
0.019899
0.256441
0.161621
0.0632911
0.0538231
0.0396497
0.080886
0.0633836
0.0314106
0.0208744
0.154218
0.0716415
0.104348
0.0359082
0.0235209
0.0530012
0.0584949
0.0199568
0.0402333
0.0773786
0.0293044
0.10884
0.039317
0.0343439
0.0531912
0.0153337
0.0617087
0.0388232
0.0556018
0.0373878
0.0243512
0.0280593
0.0569794
0.0147034
0.0636376
0.114247
0.0283374
0.0688825
0.0457261
0.162202
0.0264306
0.0995784
0.197269
0.0155647
0.0486617
0.365043
0.00620218
0.184361
0.0138834
0.0702142
0.037198
0.0172432
0.137985
0.0200109
0.058095
0.269175
0.0158512
0.0296146
0.0556787
0.0413708
0.0487052
0.0695683
0.0999293
0.0773784
0.0153336
0.0684492
0.0207594
0.0395148
0.0443352
0.100084
0.0976196
0.0333305
0.164615
0.0584312
0.0229419
0.153067
0.0219926
0.0750602
0.0190077
0.129272
0.0510789
0.0379567
0.0489434
0.04911
0.122284
0.0537058
0.0124335
0.0329201
0.0248378
0.0577361
0.0270185
0.269605
0.0271218
0.0683008
0.163863
0.120564
0.0525175
0.0666906
0.142185
0.0606469
0.055105
0.274933
0.114268
0.0213408
0.108747
0.050813
0.0294535
0.0287541
0.114718
0.0245925
0.0642383
0.0690323
0.0518883
0.165462
0.0220314
0.0190177
0.110368
0.0943011
0.224509
0.0591105
0.167958
0.0622602
0.021526
0.0821703
0.0287069
0.0877659
0.0393913
0.0471269
0.282375
0.021821
0.0478761
0.0142755
0.0447882
0.242422
0.0671188
0.024056
0.131481
0.121934
0.0328849
0.0276157
0.0962963
0.141232
0.0123754
0.0497974
0.0773659
0.0578553
0.0295063
0.106405
0.0459396
0.0416155
0.0293388
0.0683419
0.0130507
0.0439654
0.0699124
0.0202345
0.0705608
0.0177275
0.0194772
0.217061
0.0392947
0.0626848
0.0184395
0.141105
0.0412362
0.0393734
0.0991146
0.0311127
0.0275441
0.0204862
0.0304423
0.0529345
0.0379555
0.0698542
0.0272654
0.0471952
0.0617299
0.0323435
0.011373
0.0490944
0.0720666
0.0456653
0.0459562
0.046961
0.329721
0.032006
0.0723209
0.03326
0.032536
0.0553455
0.073533
0.079957
0.078446
0.100176
0.0539205
0.0990728
0.100947
0.0427232
0.0185437
0.0312926
0.0299751
0.0141358
0.0642289
0.0643074
0.148387
0.183092
0.0210926
0.035552
0.00751796
0.0402245
0.0349452
0.0881339
0.063257
0.0577577
0.0849344
0.0353688
0.0268333
0.0386086
0.0387289
0.24774
0.0168408
0.0824465
0.0830755
0.0721102
0.108612
0.026307
0.0788099
0.0321062
0.0249795
0.043484
0.0190722
0.133991
0.0606502
0.0272067
0.0289721
0.010646
0.121117
0.106733
0.0256889
0.165269
0.0263458
0.0605224
0.0479955
0.0119044
0.0586122
0.0405046
0.0776169
0.12617
0.0239587
0.103589
0.0420395
0.0115443
0.0197626
0.326013
0.0197704
0.0143608
0.0166943
0.0289759
0.0699994
0.116445
0.130114
0.0497465
0.039566
0.0356631
0.0466637
0.0133328
0.0238746
0.052747
0.190623
0.0363124
0.0554625
0.091353
0.121968
0.0445126
0.097162
0.0710033
0.12153
0.0325708
0.0134594
0.138598
0.0120756
0.107181
0.0342945
0.109528
0.0121421
0.225875
0.0628611
0.0877719
0.0635356
0.0364122
0.0172044
0.0793342
0.103659
0.071223
0.0454251
0.0944674
0.0239725
0.0948016
0.0837069
0.113258
0.0381266
0.141158
0.0770483
0.0955924
0.0288962
0.0265583
0.0219194
0.00706306
0.0875647
0.108938
0.283497
0.0247258
0.0111372
0.0206458
0.0117889
0.0243636
0.044006
0.0534915
0.225153
0.118254
0.043013
0.0749102
0.02388
0.0231999
0.0434664
0.0463166
0.0639839
0.0481119
0.0845495
0.0702416
0.0738368
0.032434
0.0370738
0.220566
0.0190043
0.0492142
0.226197
0.0510729
0.0471604
0.066832
0.0460865
0.136719
0.0314589
0.19257
0.0247815
0.055484
0.0566843
0.00995007
0.06566
0.0104141
0.0440894
0.032389
0.0449571
0.02804
0.299402
0.0888844
0.0950673
0.0460781
0.0361999
0.0333883
0.0462735
0.194821
0.0443693
0.0753536
0.041643
0.0107083
0.0698759
0.10611
0.0533784
0.0464446
0.0718562
0.0854502
0.0219153
0.0440385
0.012587
0.0464123
0.029458
0.0182844
0.114084
0.0875454
0.0825532
0.0980836
0.0730103
0.0461012
0.203426
0.0924234
0.0529454
0.0271055
0.129258
0.257357
0.0340919
0.0631698
0.23647
0.037153
0.0396735
0.0914716
0.105041
0.0232099
0.0201581
0.0881535
0.0894833
0.0193549
0.0548848
0.0333132
0.0464758
0.0820634
0.0292154
0.149106
0.0216651
0.102316
0.0371593
0.0366333
0.0668497
0.0195352
0.0421343
0.123163
0.0275022
0.0604441
0.0399746
0.0338545
0.0236354
0.0224465
0.0950344
0.0307441
0.0558369
0.0229708
0.0124711
0.06838
0.0163047
0.0756962
0.0820442
0.107803
0.0196376
0.0207458
0.0648912
0.0459464
0.0502176
0.0371904
0.213873
0.176921
0.0346391
0.0314211
0.0381956
0.0494345
0.0426718
0.0558277
0.109131
0.0830389
0.0505561
0.0674172
0.0270101
0.0582294
0.0222323
0.0555784
0.131645
0.0201014
0.150008
0.063924
0.0956798
0.0286194
0.0592118
0.0526482
0.106844
0.0441689
0.0558473
0.128417
0.0684305
0.0317251
0.0624631
0.0489261
0.0306743
0.0514757
0.0402197
0.0967102
0.0508388
0.0551476
0.0460511
0.0163903
0.104845
0.0642299
0.0456901
0.127858
0.0296071
0.0162114
0.0200973
0.0400657
0.0404598
0.0489251
0.0267037
0.0237633
0.0273942
0.125564
0.0144184
0.0281175
0.0262922
0.067585
0.0360005
0.40241
0.0229797
0.0383622
0.043387
0.0328546
0.0972203
0.10347
0.0206599
0.04419
0.0163655
0.0747393
0.0596817
0.061312
0.0112976
0.0696376
0.0272979
0.0577421
0.00585237
0.0494584
0.045656
0.0955876
0.0213939
0.0511224
0.0130961
0.0416535
0.109781
0.069654
0.0699799
0.0735471
0.0345354
0.111994
0.148386
0.0987394
0.0315337
0.0150809
0.00695951
0.105523
0.0317836
0.0399661
0.232269
0.0540055
0.0494804
0.0945101
0.159482
0.0697785
0.0502717
0.0427179
0.0767472
0.0799453
0.0611105
0.0351814
0.0424969
0.0267897
0.0927735
0.0349817
0.0932328
0.0120076
0.175688
0.0202042
0.0435428
0.0407935
0.0589669
0.085276
0.0604944
0.0332561
0.0299089
0.0591582
0.0139195
0.0980436
0.0596369
0.0153824
0.0394834
0.0608988
0.0626929
0.0357777
0.0241185
0.0310488
0.135132
0.056624
0.181484
0.125675
0.0647527
0.0152777
0.0188558
0.0576283
0.0158408
0.0343418
0.218844
0.00658948
0.0369259
0.0568922
0.0293956
0.0603712
0.0144475
0.0473691
0.0743967
0.0440203
0.123943
0.0416684
0.0282542
0.05349
0.234092
0.0251621
0.0569596
0.0397568
0.0189569
0.0447931
0.0246181
0.0242191
0.0496117
0.0628843
0.352164
0.0518528
0.0136037
0.049275
0.13556
0.046615
0.018892
0.0349237
0.0159961
0.0229157
0.0241032
0.0450325
0.0408783
0.0302497
0.0374339
0.0637302
0.0448458
0.0714332
0.0675483
0.0409784
0.0169651
0.126658
0.0542483
0.163132
0.0217501
0.0132076
0.0182911
0.0310421
0.037674
0.0907102
0.0799183
0.0458319
0.0600764
0.114549
0.103234
0.0120366
0.010069
0.0617246
0.0226667
0.105387
0.0304757
0.159822
0.0632039
0.115659
0.0891903
0.166435
0.0272237
0.0340879
0.0172981
0.0224244
0.0332432
0.0814289
0.078836
0.22661
0.0278324
0.0571566
0.0484208
0.104468
0.0198943
0.0525
0.0568002
0.0540659
0.0309874
0.0171222
0.0304683
0.0558338
0.0193025
0.0672801
0.0325044
0.0742985
0.0366873
0.036194
0.0249997
0.124793
0.00905654
0.0405716
0.0305943
0.147545
0.102983
0.0405799
0.0954994
0.0728919
0.0712429
0.0499755
0.0110812
0.0481878
0.0231785
0.0416266
0.0705751
0.0932735
0.0592344
0.0283738
0.403939
0.47127
0.0422657
0.0799383
0.106255
0.0672247
0.359818
0.0142184
0.0409523
0.0124005
0.0694862
0.0156061
0.669799
0.141702
0.214269
0.0777304
0.138321
0.138818
0.0579951
0.0259297
0.0591368
0.0570908
0.0301715
0.0871099
0.0541172
0.0684268
0.0762209
0.0345388
0.0297998
0.0297482
0.120088
0.0352199
0.00764082
0.0421893
0.0444565
0.148748
0.0756777
0.0219919
0.0230621
0.187681
0.176552
0.027044
0.136389
0.0335699
0.0726605
0.0539751
0.127945
0.0382622
0.0720763
0.21279
0.0140682
0.0307105
0.0283256
0.0445529
0.0188683
0.0639187
0.063634
0.0475821
0.188316
0.124408
0.0229134
0.0719577
0.0686023
0.0433358
0.0207506
0.0389118
0.0208874
0.0240937
0.061047
0.0252905
0.0684934
0.0212982
0.0358446
0.594053
0.0377063
0.096805
0.160789
0.0370217
0.136838
0.0353751
0.0637181
0.160121
0.0357846
0.0187972
0.0998176
0.0593663
0.0972306
0.0500242
0.192908
0.023945
0.0591263
0.0301996
0.0334694
0.0230484
0.0182067
0.0576879
0.0271621
0.0149878
0.0589402
0.0111847
0.0237164
0.0244166
0.0351034
0.04601
0.0279171
0.0595658
0.191656
0.059101
0.042304
0.0198747
0.0971755
0.076869
0.0193916
0.0767848
0.0227351
0.0732718
0.0369112
0.151464
0.0492034
0.0655051
0.100033
0.0589364
0.0400452
0.0836205
0.0950063
0.0550885
0.0692687
0.111676
0.18194
0.0724816
0.0781992
0.0681116
0.0571606
0.0514748
0.0158956
0.0457879
0.0850825
0.0365333
0.0651216
0.0762697
0.0390335
0.033582
0.085706
0.0263683
0.0492004
0.08134
0.0766965
0.0631347
0.0304293
0.0163096
0.240227
0.0338935
0.0449583
0.114667
0.0408618
0.0436229
0.0355684
0.0458225
0.0375705
0.0543107
0.0299117
0.142323
0.0576536
0.0720414
0.308104
0.0205771
0.035137
0.307591
0.0220187
0.171328
0.0231708
0.0220349
0.110238
0.0800564
0.0419314
0.0225924
0.0315118
0.0475474
0.0746364
0.140791
0.0759993
0.0573587
0.293484
0.114213
0.172659
0.0639147
0.0739362
0.0547566
0.0487185
0.0758727
0.0509685
0.160348
0.142297
0.0546559
0.0257188
0.0339846
0.039891
0.0464291
0.0367399
0.249287
0.229557
0.0471046
0.0522001
0.0312277
0.0447246
0.100301
0.0352427
0.0599392
0.00934546
0.056795
0.0757278
0.0290536
0.0865833
0.119434
0.0230958
0.0369396
0.0310832
0.0250169
0.0929573
0.0341236
0.255796
0.0315964
0.0567279
0.0353734
0.0330706
0.013038
0.0104724
0.0623617
0.0738465
0.0606316
0.044317
0.0753956
0.0592424
0.0207834
0.0368245
0.0275529
0.0340672
0.0510928
0.0214906
0.0601792
0.0574568
0.0571088
0.0206192
0.0855679
0.0560063
0.0647729
0.0925071
0.0715644
0.0348738
0.0590635
0.05822
0.142256
0.0252712
0.113485
0.0608497
0.0352327
0.0167562
0.0280026
0.0578219
0.064636
0.0105958
0.0331243
0.0373273
0.0771528
0.371816
0.0134496
0.0205567
0.0644314
0.0242421
0.151257
0.126183
0.0655455
0.0746018
0.0270527
0.307827
0.114714
0.0588077
0.0695252
0.0358714
0.0362886
0.0294734
0.058582
0.0768386
0.0744817
0.0225398
0.0985919
0.0461112
0.0548086
0.0399667
0.115402
0.0169636
0.0991053
0.102485
0.0464397
0.0402151
0.0517685
0.0732698
0.00566691
0.0541012
0.238965
0.109715
0.16313
0.0428971
0.0285978
0.0377962
0.0301009
0.0285804
0.0411023
0.068595
0.0723354
0.0260482
0.0774187
0.0555223
0
0
0
0
0
0
0
0
0
0
0
0
0
0
0
0
0
0
0
0
0
0
0
0
0
0
0
0
0
0
0
0
777777