2.76563
999999
-0.377383
-0.339529
0.0830606
-0.148954
0.0759594
-0.0291479
-0.0761824
0.0827954
0.0832635
0.206864
0.298319
0.134575
-0.174333
-0.357896
-0.144054
0.301845
0.58915
0.156786
0.521179
0.436796
0.200112
0.633966
-0.176226
0.409699
0.68379
-0.0109696
-0.223559
-0.102992
0.047637
0.785234
0.25272
-0.0100114
0.197125
-0.485262
0.0621557
0.427552
0.236
0.227942
0.00211393
0.0730726
0.429708
0.12794
2.0156
0.0680282
0.180414
0.178708
-0.14851
-0.295377
0.405213
0.4816
0.00795293
-0.127812
0.191328
0.114804
0.495192
0.249849
-0.150733
0.193948
0.306747
-0.0200593
-0.0744433
-0.480105
-0.115639
-0.280402
0.0768592
-0.685085
0.310145
0.13967
0.261167
0.561375
0.134871
-0.334805
-0.25734
-0.17591
-0.200711
-0.0943329
-0.265632
0.823616
0.223757
-0.134058
-0.00518205
-0.0845184
-0.547878
0.36375
0.184631
0.753094
0.0663154
0.0709833
-0.865903
-0.747276
-0.324854
0.170077
0.24332
-0.569366
0.190455
-0.0398031
0.72518
0.596967
-0.572475
-0.177986
-0.184443
-0.0309311
-0.442773
0.353698
-0.0789793
0.0611967
-0.372301
0.386338
-0.368463
-0.419797
0.259565
0.0454333
-0.114658
0.555533
-0.205586
0.573414
0.29694
-0.641361
0.149012
-0.371299
-0.451088
0.0783301
-0.0601197
-0.345466
-0.00108229
1.20273
-0.0383567
-0.057052
0.431532
-0.308462
0.317082
-0.380118
0.850783
0.415626
0.00258658
0.0389803
0.0680377
0.315688
0.749521
-0.69266
0.50142
-0.0477322
0.268104
0.0572975
0.223442
0.175278
-0.11673
0.296153
0.0615004
-0.0436365
0.191427
0.652734
-0.268583
-0.164335
1.2739
0.33728
0.997923
0.285324
0.193387
0.212882
-0.0957232
0.184058
0.0755803
0.40446
0.112856
-0.51163
-0.223623
-0.454939
0.498245
-0.197233
0.586631
-0.110543
-1.37389
0.25232
-0.731763
0.159138
-0.187393
-0.232424
-0.864563
-0.476229
-0.0423801
0.645344
-0.400207
0.14542
0.134526
0.165424
0.186155
-0.299816
-0.2573
0.137249
0.0277128
0.449006
0.783747
-0.303469
0.565683
0.172857
0.0674036
0.163559
0.0422467
0.312953
-0.71247
-0.114395
0.2621
-0.431835
-1.45647
-0.12162
-0.189574
-0.213268
-0.052483
0.101822
-0.348124
0.063925
-0.541701
-0.44002
-0.0202133
-0.802103
0.461525
0.142186
1.04573
0.0769367
-1.93336
-0.187612
-0.150984
-0.405882
0.453231
0.406909
-0.128416
0.182505
-0.00519627
0.323343
-0.141347
0.327582
1.3753
-0.288043
-0.0470125
-0.450288
-0.058133
0.12009
1.14922
-0.593604
-0.713219
-0.633303
-0.0300833
0.403664
-0.0663564
-0.258607
-0.127621
0.531748
0.421939
0.162579
0.0637945
0.841678
0.0363046
-0.349455
0.413006
-0.006147
-0.151717
-0.388349
-0.173173
0.0397979
0.137883
0.0526429
0.363509
0.364425
-0.0566354
-0.589685
0.513515
-0.424335
0.12818
-0.280221
-0.094508
0.113407
0.254121
0.912247
-0.278986
0.79394
-0.477848
0.238845
-0.25787
0.283283
-0.28202
0.201737
-0.191487
0.339446
-0.797674
-0.196346
-0.059127
-0.396136
-0.0677675
0.382806
0.114241
0.191404
-0.247867
0.48792
0.759221
0.345545
0.688249
-0.213649
0.891315
0.761596
-1.20139
0.482027
-0.176578
0.998108
-0.00717685
-0.663774
-0.0970969
0.091699
0.418687
0.0353687
0.330348
-0.65181
-0.0324754
-0.42396
0.47107
0.295827
0.532743
-0.333268
0.122692
-0.189617
-0.307726
0.418249
0.500641
-0.223221
-0.411417
0.0454173
-0.460822
-0.194049
0.382733
-0.218927
0.148507
0.38381
0.202571
0.413795
-0.317318
0.484528
0.467568
-0.146987
0.860859
0.273654
0.277378
-0.29399
0.269396
0.208839
0.519683
-0.30468
-0.121995
-0.173906
-0.488844
1.18438
-0.237183
-0.234948
0.161494
0.125309
0.107373
0.162174
-0.381391
0.754705
-0.885968
-0.139516
-0.675491
-0.304777
0.0980283
-0.270461
0.330337
-0.364331
0.682705
0.0767205
-0.411477
0.0410166
0.119832
0.451573
0.10998
-0.400466
0.229318
-0.400058
0.209946
-0.331739
0.261115
0.0767039
-0.417042
0.387045
0.533918
0.00258578
0.24063
0.390882
-0.335181
-0.766862
-1.08575
0.234404
-0.0578709
-0.223224
-1.18303
-1.65115
0.190607
-0.357186
0.0717256
-0.781571
0.361175
0.0134618
0.190599
-0.300063
1.13761
0.250442
-0.48521
0.863921
-0.16777
0.194186
-0.0484253
-0.241371
-0.479256
-0.155262
0.799501
0.287599
-0.539705
-0.453725
0.261042
-0.516997
0.0916326
-0.979089
-0.23572
-0.056873
0.0929668
-0.171887
-0.028036
-0.367527
0.0747014
0.0842436
-0.241069
-0.0559715
0.0139072
0.471036
0.340234
0.0355475
-0.161824
-0.584944
0.216828
0.503917
-0.454549
0.263436
0.0596725
-0.0569364
0.0471191
-0.272384
0.147679
0.0952934
-0.196868
0.248918
0.483409
-0.454519
0.2237
-0.504714
0.0617169
0.38563
0.0827855
0.901688
0.0588756
-0.108238
-0.42709
-0.0490473
0.45565
-0.164526
-0.110763
0.454787
-0.271191
-0.0341639
0.510625
0.219041
0.477135
-0.124656
0.0999766
-0.141181
-0.0952758
-0.211757
-0.586089
-0.323328
0.343483
-0.675353
0.829482
0.126675
-0.030647
0.69355
0.483185
-0.382437
-0.360621
-0.1155
0.101571
-0.0381998
0.0817348
-0.0233355
-0.48146
-0.690833
-0.139116
-0.360864
0.434543
0.151328
0.00594027
-0.187715
-1.10216
-0.467286
-0.169314
-0.642669
0.697766
-0.371244
-0.373474
0.230976
-0.00695612
0.0492372
-0.258348
0.0816448
0.574588
0.266634
-0.427201
0.352947
-0.0761554
1.23254
0.158445
0.399828
0.753126
-0.556961
-0.205494
-0.105051
-0.0949148
0.393847
0.222727
-0.0777165
0.991468
-0.271806
-0.330205
0.054084
-0.142676
-0.0226985
-0.305265
-0.136436
0.214542
-0.131556
-0.320817
-0.244626
-0.901151
0.628405
0.012869
0.0969749
0.0172099
0.23555
-0.355391
-0.182258
0.458075
0.0612644
0.158701
0.0565324
0.112505
-0.656865
-0.828834
-0.465193
-0.0496029
-0.270743
0.138047
0.519031
0.0509276
0.649372
-0.298012
-0.960112
0.43192
0.117074
-1.45143
0.20723
-0.674626
0.386964
-0.0926069
0.2486
0.0668836
0.0266182
-1.35102
-0.305833
0.240391
-0.081046
-0.0479669
-0.7301
-0.745258
-0.0226635
0.326798
-0.16124
0.132691
1.04501
-0.277894
0.30571
1.3551
-0.0250478
-0.0858829
0.157085
0.370069
-0.0681782
-0.438392
0.0792499
-1.84999
1.27087
-0.374831
-0.657557
-0.0537495
0.929252
-0.246526
-0.187216
0.0347906
0.547953
0.497146
-0.0317878
0.0437396
-0.549878
-0.289021
-0.292202
0.526202
-0.388784
-0.010965
-0.223281
-0.109158
0.289726
-0.498189
-0.640515
0.0428422
0.26186
-0.279116
0.242433
0.163521
-0.0597636
0.290246
-0.0726956
0.243865
-0.035137
0.458691
-0.856563
-0.0411046
0.131176
0.0944554
-0.416608
-0.0647649
-0.916583
0.190441
0.468769
-0.320931
0.225896
0.650987
0.420579
-0.1329
-0.789504
0.020175
-0.048164
0.692961
-0.128654
-0.0789518
-0.784808
0.178261
0.289455
0.121807
-0.281697
-0.489027
0.0522699
-0.225934
-0.00699584
-0.612594
0.397922
-0.0114987
-0.323541
0.047194
0.496937
0.0226514
-0.226306
-0.396834
0.141338
0.415283
0.380712
-0.180278
-0.0144162
0.364382
-0.439864
0.758746
-0.17192
0.24083
-0.41101
-0.631486
-0.149476
0.222878
0.131971
-0.149236
0.141025
-0.314699
0.411175
-0.542128
0.889758
-0.28455
0.263911
-0.600616
-0.0078785
0.57775
-0.0192996
-0.804232
0.00806973
-0.439323
-0.413886
-1.17285
-0.564341
-0.209459
-0.608742
-0.0321955
0.349983
0.269693
-0.167902
0.0244368
0.132321
0.219656
-0.387092
-0.198469
-0.342261
-0.142028
-0.262776
-0.224203
0.262456
0.242692
-0.187218
-0.249182
-0.4952
-0.290818
0.256211
-1.82653
-0.129387
0.269543
-0.208745
-0.0319098
0.623471
-0.267636
0.962599
0.105163
0.304502
-0.238448
-0.500909
0.466157
0.542623
-0.478938
-0.316512
0.00525902
0.109286
0.0159307
0.138273
-0.140129
0.15148
-0.538177
0.208341
0.3344
-0.2269
-0.0299123
-0.283621
0.126528
-0.235247
1.72971
0.147893
0.384412
0.0937137
-0.545183
-0.336127
0.201523
-0.017041
-0.653318
-0.188525
0.00505033
0.0818101
0.0598836
-0.0267549
-0.0721871
0.134851
1.67439
-0.358901
0.299946
-0.00317288
0.0826898
-0.31867
-0.16645
0.412112
-0.0897041
-0.194251
1.38337
0.312785
0.229564
0.205085
-0.540375
0.561128
-0.152352
0.237059
0.0366259
0.478489
-0.573584
-0.00149156
0.240993
0.0877886
0.299806
0.76767
-0.914143
0.99251
0.285959
-2.40009e-05
0.717605
-0.125402
-0.65884
-0.208121
1.13747
-0.321933
-0.00555428
-0.626011
0.496882
0.027106
0.239425
0.0485927
-1.40992
-0.71312
-0.109823
0.000589664
-0.207651
-0.58827
-0.0358202
-0.97633
0.481781
0.0150237
-0.0332323
-0.259225
0.727426
-0.0182642
0.661867
-0.331335
-0.187117
-0.0259887
-0.221664
-0.119914
-0.117211
-0.742456
-0.0176783
0.026269
0.360304
0.192103
0.130436
-0.219184
-0.0244505
-0.0635082
0.70534
-0.152957
0.351057
-1.61729
0.337362
-0.425222
-0.140839
0.0591023
-0.00530445
0.126423
-0.302914
-0.0224015
0.0687902
0.585674
-0.208742
0.409452
-0.480007
0.393369
-0.0886006
-0.127839
0.134987
-0.95193
-0.273221
-0.460021
0.099193
0.073857
0.382994
0.312041
-0.193241
-0.53998
0.157777
-0.00614316
0.116127
-0.336223
-0.515126
0.132502
-0.262257
0.0717354
-0.0279043
-0.473277
0.490462
-0.0331708
0.421812
0.0320434
-0.110167
-0.305649
0.157634
-0.592499
0.0447412
0.488432
-0.446221
0.888534
-0.197939
0.0302739
0.877943
-0.175186
0.724322
0.324986
0.302702
-0.0849493
-0.489563
0.678085
-0.105678
0.573897
-0.159515
0.187182
-0.558531
-0.185296
0.0689552
-0.483235
0.309999
0.0485372
0.181466
0.174399
0.601149
-0.381673
0.150406
-0.303191
-0.470428
-0.373619
-0.296835
0.0747752
-0.145888
-0.0579717
-0.044071
0.346786
-1.15506
0.858176
0.0289293
-0.102618
1.08066
-0.113216
0.0193131
-0.0793054
0.298351
-0.482956
1.21057
0.558456
0.025201
0.411178
-0.0258995
0.163317
0.38287
-0.503761
-0.150811
0.958481
-0.232046
-0.339505
-0.246834
0.362932
-0.135063
-1.02483
-0.234279
0.303032
-1.06503
0.00488307
-1.06466
-0.0325204
-0.327333
0.00813443
0.739118
0.153367
-0.0709375
0.277358
-1.0019
0.0160001
-0.080522
0.0139762
-0.0106004
-0.156834
-0.626249
-0.0807985
0.307697
0.125384
-0.83854
-0.232084
-0.106553
-0.205769
-0.0719858
-0.604833
0.410902
-0.546135
0.150721
0.305924
0.0670986
0.472087
0.399342
-0.205568
0.324313
0.333638
-0.407545
0.128012
-0.105228
0.17482
-0.00272418
0.86975
0.220952
-0.11432
-0.458579
-0.258122
0.122443
0.0522401
0.665645
0.440784
-0.0477983
0.184685
0.496421
-0.683131
0.0339948
0.492697
-0.0232217
0.0318899
0.260278
3.1959
-0.20583
-0.0857275
0.272384
-0.668521
0.706626
-0.20031
0.460345
-0.157494
-0.365595
-0.326524
0.0509379
0.124717
0.0343181
0.127177
0.210984
0.0935866
-0.160392
-0.13153
0.260026
-0.311323
0.704274
-0.200933
-0.147164
0.801784
-1.19027
0.0052266
-0.380453
-0.0953524
0.188045
-0.960297
-0.291961
-0.098394
0.251715
-0.257808
-0.128635
0.394918
-0.0382649
-0.0795438
-0.0663016
0.510789
0.127438
-1.02958
-0.374058
0.301925
-0.0890929
0.0947139
-0.360326
1.22783
0.0601695
-0.555522
0.118463
-0.696094
0.948381
-0.268709
0.389738
-0.131607
-0.412134
-0.124359
-0.0202315
-0.676203
0.154571
0.187954
-0.876806
1.35769
-0.326479
-0.134175
0.0100325
-0.061312
-0.42519
-0.136917
-0.0202085
0.290666
0.103367
0.282568
-0.581667
-0.400703
-0.0342759
0.174119
-0.590858
0.289156
0.0706895
0.0452874
-0.826023
0.171514
0.382744
0.214925
-0.188621
-0.113298
-0.164954
-0.642649
0.51535
0.164423
-0.030738
-0.186023
0.811227
0.28289
-0.121318
-0.0617382
0.202437
0.20749
-0.459007
-0.0533106
-1.20916
-0.532574
0.0179941
-0.214926
0.124242
0.269142
-0.392235
0.615034
0.0752566
-0.84688
0.252737
0.120372
-0.0764569
-0.304869
0.351823
-0.244152
-0.0500505
0.611225
0.450531
0.911369
0.0968882
-0.389914
0.610803
-0.456534
-0.531783
0.097114
-0.209853
0.611241
-0.324739
-0.764287
-0.0571766
-0.112279
0.00992787
-0.316465
0.528748
0.256031
-0.248744
-0.279328
-0.183142
-0.650489
0.633843
-0.197416
0.490313
0.090443
-0.263568
-0.0469805
-0.0124827
-0.00134322
0.26928
0.170305
-0.161976
-0.0891256
-0.25257
0.114768
0.232794
-0.298166
0.178743
-0.0718741
2.25781
-0.130716
-0.452598
0.227056
-0.0122748
0.756677
-1.40712
0.419342
-0.141363
0.468439
0.0679646
0.241451
-0.28224
0.23176
-0.0420895
-0.117555
0.301479
0.187557
-0.195707
0.321757
0.133116
0.432121
-0.601257
0.104302
0.202572
-0.260628
-0.21598
-0.409911
-0.097807
-0.0319501
0.642356
-1.4752
-0.031802
0.200594
-0.0510766
-0.320912
0.242469
0.321669
0.542252
1.00304
-0.127075
-0.75919
-0.153703
0.626165
0.197125
0.335918
-0.578442
-0.276206
0.00384
-0.104594
0.106572
0.139528
-0.149864
-0.785782
-0.0442056
-0.534002
-0.149789
-0.926329
0.269022
0.30086
-0.0304327
0.160658
-0.493603
1.10403
0.0990639
0.0670125
-0.100752
0.292608
0.11495
0.798421
0.572223
-0.0230924
-0.0837833
0.536786
0.273808
0.147357
-0.00330787
0.928005
0.27269
0.0261531
0.0833401
0.368104
0.324235
0.0266387
0.293451
0.395948
-0.0186358
0.100639
-0.428268
0.260651
0.0467449
-0.0852304
0.518893
-0.176007
0.539534
0.299988
0.582243
1.09938
0.0418972
-0.248458
-0.531745
-1.46346
-0.537798
-0.686464
0.213986
-0.377183
0.259379
0.551255
-0.727193
-0.108399
0.0759639
0.364717
0.117293
-0.340061
0.313355
-0.0696891
0.021701
0.0791504
0.18397
0.39189
-0.151631
0.276813
0.497101
0.211124
-0.575108
-0.115557
0.490755
0.0997104
0.30041
-0.256174
-0.0321339
0.206689
1.27323
-0.357516
0.327146
0.341205
0.146114
0.0910942
-0.570024
0.831795
-0.974294
-0.201615
0.0529198
0.364977
0.237535
0.624861
-0.161534
0.34698
0.629877
0.0170973
-0.145913
-0.289547
-0.14095
-1.27292
0.429848
-0.685274
0.283696
-0.193874
0.150414
0.0391949
0.283264
0.199404
-0.111941
-0.104523
-1.08977
-0.0299044
0.451372
-0.619394
0.401148
0.289588
-0.0561432
-0.0937182
-0.191125
-0.391663
-0.280248
0.0366133
-0.248176
-0.529142
-0.20814
-0.0565956
-0.232974
0.240731
-0.0719245
0.115243
0.0387062
-0.147966
0.112516
-0.325614
0.0492295
-1.00622
-0.700896
-0.17104
-0.451086
-0.15653
-0.08664
0.111807
0.429077
-0.0772554
-0.176859
-0.396742
0.557346
0.475908
0.168637
-2.21984
-1.73314
-0.0495086
0.597752
0.66536
0.522964
0.670434
0.0111178
0.956947
-0.311444
0.133107
-0.000510312
2.88806
0.570522
0.118533
-0.405607
-0.153957
0.386377
0.0112201
0.517946
-0.363286
0.0435
0.370674
-0.323215
-0.052752
-0.674385
0.117111
-0.0331317
0.271896
0.202174
-1.09122
0.372806
0.27253
0.39615
-0.100587
-0.512186
-0.229962
-0.492621
-0.00514098
0.709402
-0.244675
-0.0641726
-0.0808088
0.317497
0.0856812
-0.0661044
-0.650275
0.205986
0.0865433
1.31879
0.366887
-0.122555
0.41814
0.0200529
-0.0285257
0.0189383
0.52311
0.907599
0.38759
0.049767
-0.125998
-0.277748
-0.220738
-0.604226
0.43761
0.111139
0.0411171
0.202098
0.277255
0.293273
0.15196
0.0424829
-0.999472
0.278889
0.4709
0.295106
1.29192
-0.315377
-0.106625
-0.203705
-0.0611993
0.840195
-0.116907
-0.425312
0.700598
-1.75192
-0.906204
0.184659
0.770963
0.147536
0.188363
0.258548
0.139813
0.0152068
-0.0680459
0.242145
0.337906
-0.289528
0.142422
0.0693001
-0.164621
-0.00630334
0.0668708
-0.136878
0.023661
0.408607
0.32262
-0.429541
0.220618
-0.599001
0.234431
-0.546527
-0.00636278
0.572614
0.488045
-0.204263
0.532935
-0.975939
0.1222
0.456365
0.505801
-0.796836
-0.618053
-0.452068
0.17584
0.149666
0.00422149
0.282231
-0.561352
-0.658115
-0.721737
0.151698
0.0462816
-0.108174
0.338722
-0.232128
0.351086
-0.0946802
0.056204
0.450989
0.372396
0.0341234
0.349121
-0.0703875
-0.214027
-0.311527
-0.225862
-0.335495
-0.265415
0.258551
-0.900153
0.218362
0.299582
-0.46847
0.10681
0.0999246
-0.0476378
0.568588
-0.186627
-0.00325892
0.224717
-0.357156
-0.0343406
-0.980956
-1.02707
-0.341011
0.0551607
1.68161
0.0228559
-1.6506
0.161546
-0.175344
0.497377
0.317902
-0.0388086
-0.146979
0.227957
-0.106563
0.159307
-1.15808
0.34966
0.341409
-0.370332
-0.0334262
0.843802
-0.0884212
-0.958605
0.591898
-0.793113
-0.150078
0.502725
-0.277884
-1.28452
-0.288714
-0.0676118
0.263417
0.0777031
-0.342667
-0.14117
-0.418018
0.172631
-0.451032
0.288328
-0.113641
-0.116899
1.09811
-0.023996
0.0792743
-0.11378
0.679253
-0.424474
-0.0394665
-0.335794
0.241149
-0.0246233
0.102056
0.254197
-0.0101968
1.55426
0.401855
1.34363
0.241383
0.00197887
-0.208277
0.703839
-0.175025
0.0422777
-0.649496
-0.41316
-0.298396
-0.179901
0.557269
0.196682
-0.125307
0.584594
-0.206028
0.393823
-0.553485
-0.137212
0.339307
-0.189911
-0.0209174
0.376919
-0.719459
-0.367302
-0.895643
-0.404933
-0.137036
-0.103535
-0.605668
0.167224
-1.80857
-0.0684167
-0.70366
0.186997
0.25789
0.047444
-0.282797
0.509551
-0.380969
-0.104803
-0.230556
-0.00922838
-0.629042
2.3364
0.284181
-0.0844589
0.11145
-0.107986
0.952585
0.123634
-0.527677
0.590871
0.11551
0.429046
-0.444367
0.218161
-0.208777
0.654677
-0.116992
0.139092
-0.811116
-0.133876
0.104224
-0.217706
-0.175326
0.212206
-0.0733936
-0.0238363
-0.360056
-0.239629
0.571072
1.2442
-0.608919
0.142681
0.14964
0.0417127
0.218296
0.023788
0.897678
-0.762818
-0.141774
-0.0466074
-0.00211608
0.0479608
0.0958015
-0.0348396
0.0885494
0.97487
0.217477
0.0124167
0.375462
0.347641
0.0845411
-0.183404
0.17198
-0.163149
0.0570926
-0.183599
0.104672
-0.16808
0.0231031
-0.113866
-0.104268
0.128119
0.0246999
-0.115726
-0.193223
0.0111041
0.0682237
-0.156079
-0.0685226
-0.156845
-0.0763311
-0.0496129
-0.048363
-0.0107757
0.0357473
-0.0172453
0.127606
0.0530418
0.162334
0.0869917
0.127751
0.184639
888888
0.0334818
0.00946005
0.0790365
0.0206149
0.0244407
0.0508655
0.0432415
0.188207
0.022391
0.058598
0.0510324
0.0504983
0.126122
0.0192564
0.00726104
0.0292544
0.0540616
0.00719313
0.0443892
0.253282
0.0537106
0.0850817
0.14897
0.0287678
0.0834998
0.00817969
0.035727
0.331808
0.019872
0.0824204
0.078944
0.0174737
0.102257
0.11316
0.0794559
0.051586
0.0971635
0.015492
0.0473004
0.0435786
0.0498479
0.0337547
0.261544
0.0191845
0.0228127
0.0727302
0.03114
0.0428708
0.0422486
0.0113179
0.039759
0.057599
0.0690752
0.0470338
0.0607546
0.0445832
0.0259483
0.0196912
0.0174091
0.0239865
0.0871098
0.281688
0.072271
0.0770981
0.0457146
0.0521698
0.0238259
0.00744613
0.0402447
0.117174
0.0776056
0.121185
0.0268808
0.0344301
0.0427285
0.0146359
0.0242738
0.102749
0.0475954
0.0299254
0.0319551
0.111763
0.140014
0.123192
0.0431871
0.100588
0.0492684
0.0330477
0.0949712
0.155551
0.0227928
0.0325199
0.118271
0.02255
0.0309374
0.00879665
0.143359
0.0454231
0.0685784
0.0274184
0.0334865
0.0458179
0.0527826
0.0365092
0.0730083
0.064399
0.0231733
0.095628
0.0863353
0.06071
0.0908969
0.375678
0.0416295
0.0123782
0.0405632
0.0585949
0.0219549
0.0813192
0.0464767
0.0739422
0.0733469
0.0437953
0.0256638
0.050438
0.0383721
0.157187
0.121062
0.0834756
0.0589342
0.056386
0.19184
0.111948
0.179844
0.0713934
0.0128222
0.04183
0.0681236
0.0231429
0.102246
0.0887796
0.0437988
0.0112029
0.037393
0.0453669
0.084145
0.0533233
0.0346546
0.0269871
0.0301514
0.0512184
0.03702
0.0970471
0.0192292
0.0308858
0.242523
0.146334
0.290007
0.037547
0.0605022
0.0693231
0.0146747
0.0526059
0.0376506
0.129629
0.10016
0.00587056
0.0773271
0.0304602
0.0500257
0.0878045
0.0889255
0.0407249
0.143774
0.0330663
0.198774
0.0136558
0.0282073
0.0299193
0.0931451
0.0311441
0.0140747
0.0496889
0.0319327
0.0778883
0.0274778
0.0155369
0.0258732
0.0221616
0.0286243
0.0899095
0.0517463
0.0461749
0.0523332
0.182702
0.0696495
0.0172928
0.089999
0.0847996
0.0358547
0.0164211
0.0635608
0.0700358
0.0493693
0.0229768
0.126152
0.0398299
0.15175
0.134913
0.0431937
0.127992
0.0576325
0.0337666
0.0310881
0.0274304
0.04121
0.0849832
0.0315548
0.0261011
0.0533934
0.0161273
0.295916
0.124234
0.0277231
0.486649
0.0681704
0.131592
0.0275943
0.0181641
0.0502523
0.0620436
0.135264
0.0292633
0.31781
0.0512667
0.0129748
0.06432
0.0243231
0.014048
0.138354
0.162793
0.0433267
0.039952
0.0735112
0.0891816
0.028085
0.038159
0.0315609
0.110661
0.036704
0.015265
0.0290571
0.137079
0.0914128
0.0418717
0.0320019
0.0481993
0.0423398
0.0275605
0.0160153
0.101897
0.03266
0.0334986
0.0397049
0.0377306
0.0206889
0.130855
0.0220651
0.118237
0.0346603
0.1032
0.0642499
0.103027
0.0328843
0.168945
0.0861853
0.0365581
0.060213
0.0859864
0.0876213
0.107285
0.0143122
0.0919559
0.0315616
0.0615089
0.0717231
0.0224776
0.037901
0.0257971
0.00671327
0.0130855
0.0290314
0.0469865
0.0206515
0.0276161
0.0404905
0.183062
0.13237
0.168242
0.0270277
0.0125568
0.172255
0.0293326
0.0125953
0.246528
0.0473798
0.177215
0.0162349
0.055641
0.117166
0.102826
0.025746
0.200153
0.0473583
0.0312013
0.116219
0.0226557
0.0128446
0.0558081
0.218179
0.0215967
0.10247
0.108096
0.0669924
0.0453691
0.0710203
0.0565212
0.0313501
0.038792
0.0342597
0.0881599
0.225812
0.0368307
0.0256527
0.0643997
0.00699075
0.0832566
0.0341082
0.00867333
0.082142
0.0306371
0.106642
0.0387043
0.0207812
0.0318769
0.17047
0.0657835
0.0557853
0.0325432
0.0566522
0.143659
0.0276801
0.0449556
0.08862
0.0153573
0.016584
0.0354718
0.0158315
0.0799515
0.055303
0.0959213
0.0735378
0.0424489
0.0696297
0.0441534
0.0618378
0.0563668
0.0696414
0.0188277
0.0899796
0.0895724
0.031301
0.128893
0.0094716
0.0202285
0.023118
0.0184004
0.0770796
0.0148475
0.035569
0.0290323
0.0575227
0.0501732
0.0964773
0.140107
0.048199
0.0274676
0.0680624
0.0808243
0.127424
0.0467397
0.0880156
0.0945222
0.0595205
0.308446
0.012684
0.0659354
0.0227394
0.0736761
0.0494012
0.0739078
0.046878
0.0376418
0.142237
0.0362986
0.0174899
0.0440393
0.0201227
0.0845566
0.211308
0.0195368
0.0382715
0.0324706
0.085848
0.122745
0.052414
0.0270683
0.0470533
0.0732831
0.0725286
0.281014
0.065547
0.019649
0.0172966
0.133814
0.0399767
0.0245041
0.0532547
0.0703462
0.106904
0.0235016
0.040405
0.0448781
0.0369278
0.0427963
0.0360537
0.0890789
0.0512365
0.0605866
0.0295694
0.0548408
0.0307971
0.0127537
0.0164765
0.0241252
0.193598
0.0188991
0.0699887
0.0218466
0.0907911
0.099081
0.0232495
0.0430041
0.0100374
0.0946977
0.0250045
0.0730754
0.0256348
0.0826301
0.0581913
0.0341404
0.0235947
0.0722048
0.0219025
0.0788762
0.101525
0.0174064
0.0249458
0.0381917
0.0373354
0.0382726
0.0375137
0.0228072
0.0599713
0.0227526
0.0369714
0.0821392
0.0564014
0.0413326
0.195677
0.0721102
0.0616235
0.0637712
0.0289872
0.0686266
0.0645423
0.112495
0.0615297
0.203155
0.161694
0.0932493
0.0248344
0.0531813
0.0524506
0.0673407
0.0537973
0.0383659
0.026777
0.0184748
0.107765
0.0251035
0.0378314
0.0386616
0.0731435
0.0749461
0.0157564
0.0283002
0.232101
0.0392468
0.0930093
0.0406793
0.078231
0.0260918
0.0318565
0.135523
0.0584846
0.139732
0.0534631
0.0287119
0.0850364
0.0217945
0.0362558
0.043259
0.159815
0.0474938
0.0903765
0.0504744
0.125149
0.19397
0.0438007
0.0298401
0.0941406
0.0570439
0.0490572
0.0729904
0.0818779
0.0636082
0.144766
0.0344202
0.0666584
0.0411716
0.0305905
0.130095
0.0370541
0.0669863
0.0637226
0.0281783
0.0140594
0.0130476
0.0442708
0.0951034
0.0472135
0.0633422
0.110795
0.0699446
0.0457558
0.0555895
0.109599
0.0217835
0.102626
0.192741
0.178139
0.0540009
0.082339
0.0268549
0.160387
0.0494138
0.102131
0.0254316
0.113964
0.113548
0.0776737
0.035129
0.214031
0.0461162
0.0187852
0.0436051
0.0438924
0.0127521
0.137645
0.188033
0.0321917
0.0326172
0.02918
0.0941184
0.0856285
0.0715875
0.304049
0.0415175
0.0445709
0.0221093
0.0630462
0.0438812
0.0399226
0.039324
0.270184
0.17765
0.0284677
0.194125
0.0269203
0.130708
0.01664
0.00973326
0.0420123
0.105043
0.367371
0.0846883
0.0203893
0.0368878
0.0420104
0.00862209
0.0260877
0.135802
0.178575
0.0788072
0.0305354
0.0413445
0.102491
0.229037
0.0591852
0.0264068
0.0182677
0.0183524
0.0311367
0.110266
0.0951666
0.0365131
0.0689797
0.0342841
0.0533829
0.178115
0.0194909
0.00700879
0.0164398
0.127612
0.0283753
0.0731647
0.0118572
0.0731618
0.0223635
0.104281
0.0360844
0.0515213
0.0461923
0.0588852
0.0223613
0.024894
0.153819
0.0364723
0.0518411
0.0630495
0.0313902
0.0488803
0.0250678
0.0239328
0.102622
0.0721933
0.0916762
0.0347299
0.014765
0.0176099
0.0243232
0.0322441
0.0126194
0.162676
0.0340645
0.0279387
0.0990064
0.353898
0.174809
0.0176645
0.0354718
0.0109103
0.0481417
0.024461
0.368358
0.316582
0.0904454
0.0237941
0.238506
0.16618
0.0601832
0.0548674
0.0437914
0.0871076
0.0612743
0.0302447
0.0209567
0.160729
0.0817146
0.101534
0.0397872
0.0241781
0.0516055
0.0638851
0.0169238
0.0378322
0.0852313
0.0271172
0.0935396
0.0423521
0.0305668
0.058015
0.0159682
0.0721772
0.0360349
0.0440883
0.0451755
0.0255548
0.0285714
0.0591933
0.0154999
0.0760007
0.0946959
0.0287716
0.0733186
0.0420533
0.181697
0.0265013
0.0911426
0.182026
0.0166212
0.0494409
0.299247
0.00662129
0.170622
0.0151609
0.0824299
0.0388479
0.0209343
0.140495
0.0225613
0.0568946
0.272707
0.0137562
0.0267487
0.0612463
0.0413126
0.047111
0.0753511
0.10676
0.071632
0.0179563
0.0626342
0.0236782
0.0395129
0.0497852
0.110193
0.099795
0.0309906
0.178997
0.0610339
0.0191002
0.137587
0.0241485
0.0755578
0.0145544
0.0992605
0.049689
0.0479841
0.0460178
0.0496762
0.124826
0.0469819
0.0128476
0.0309883
0.0242234
0.0520975
0.0289618
0.267345
0.0303058
0.0902348
0.18162
0.142171
0.0545413
0.0565686
0.141622
0.0582845
0.0599845
0.220539
0.110622
0.0231631
0.152047
0.0568905
0.0303239
0.0298288
0.119592
0.0223856
0.063568
0.07126
0.046448
0.161329
0.0207105
0.024346
0.11004
0.0813647
0.219861
0.059406
0.183347
0.0527808
0.0231741
0.0709645
0.0233094
0.0744503
0.0414649
0.0507984
0.258521
0.021847
0.0589755
0.0140462
0.0463622
0.229734
0.0674871
0.026984
0.120203
0.127742
0.026265
0.0287177
0.101074
0.160952
0.0124641
0.0541949
0.0743554
0.0596482
0.0298325
0.102919
0.0530904
0.045422
0.0278202
0.0710508
0.015383
0.0343102
0.0756983
0.0192228
0.0568078
0.0171119
0.0180727
0.221414
0.0388761
0.0613664
0.0169709
0.139512
0.0484831
0.0420499
0.10995
0.0320949
0.0274622
0.017816
0.0312479
0.0565001
0.0361015
0.0666742
0.0298758
0.0464628
0.068536
0.0339206
0.0116626
0.0542967
0.071334
0.0490734
0.0463294
0.0479507
0.326632
0.0265656
0.065283
0.031264
0.0305181
0.0609784
0.0829954
0.0767937
0.0714867
0.110983
0.0597384
0.102487
0.117299
0.0511461
0.0179559
0.0304065
0.0313519
0.0139266
0.0643666
0.061796
0.161906
0.156552
0.0238391
0.0378094
0.0069605
0.0468514
0.0339289
0.0795315
0.0679706
0.0619638
0.0797203
0.0442134
0.0246072
0.0411518
0.033785
0.287359
0.0175518
0.0932994
0.073111
0.0674449
0.0891342
0.0267338
0.0855702
0.0311108
0.0286549
0.0504598
0.0172646
0.126172
0.054407
0.0270183
0.0298493
0.0111728
0.125427
0.112117
0.0250522
0.145182
0.0227823
0.0616707
0.0421373
0.0127124
0.0711163
0.048512
0.066275
0.12049
0.0244413
0.104738
0.0369887
0.0108786
0.0193019
0.339661
0.0191295
0.0149438
0.0158768
0.0290581
0.0655353
0.113171
0.135359
0.0464451
0.0337199
0.0274025
0.0463671
0.0128651
0.0217425
0.0512192
0.221034
0.0453566
0.0592172
0.0971198
0.114657
0.0483459
0.11343
0.0840999
0.128279
0.0340596
0.013357
0.166971
0.0116435
0.103152
0.0363829
0.117855
0.0123463
0.270608
0.0657158
0.100249
0.0554625
0.0389795
0.0192857
0.0760872
0.10423
0.0760439
0.0373518
0.0973481
0.0220116
0.070228
0.103647
0.11054
0.0361533
0.147793
0.0760043
0.0992163
0.026686
0.0279582
0.0220644
0.00611744
0.0803385
0.118353
0.274479
0.0250628
0.0110324
0.0269218
0.0122913
0.0219561
0.0556849
0.0520157
0.266803
0.123658
0.0550433
0.0654394
0.0319223
0.0191098
0.0530469
0.0452226
0.0658413
0.0420947
0.0778357
0.0724247
0.0735343
0.0345629
0.0376105
0.22419
0.0179424
0.0447148
0.223671
0.0507562
0.0493402
0.0734715
0.0405706
0.13816
0.0322971
0.16884
0.0255624
0.0507096
0.0469719
0.00800425
0.0608126
0.0107658
0.0458134
0.0312315
0.0443325
0.0342827
0.295
0.0667042
0.084845
0.042337
0.0349878
0.0319993
0.0504026
0.201982
0.045294
0.0716099
0.0445794
0.00748821
0.0635207
0.110342
0.045844
0.051865
0.0586907
0.0777874
0.0227428
0.0371947
0.0151157
0.0536873
0.0296394
0.0198258
0.0990831
0.0910175
0.0844554
0.103859
0.0799514
0.042411
0.162684
0.109882
0.0519437
0.0280665
0.156699
0.21118
0.0340852
0.0765155
0.245401
0.0303459
0.0406127
0.0968372
0.104523
0.0219993
0.0153531
0.103786
0.0984231
0.0197082
0.0492629
0.0347623
0.0475626
0.0852473
0.0321126
0.141301
0.0215409
0.0989452
0.0431718
0.0382147
0.0630199
0.0194382
0.0408014
0.147352
0.0290296
0.0522672
0.0319188
0.0295609
0.0211804
0.0193692
0.0804923
0.0264535
0.0583693
0.0224721
0.012349
0.0808571
0.0192976
0.0569161
0.0897132
0.0883001
0.0224236
0.0207268
0.0615699
0.0485023
0.0538416
0.0368001
0.207437
0.153984
0.031958
0.0305417
0.0367186
0.0475937
0.0412138
0.0662118
0.109891
0.0668726
0.0581023
0.0649039
0.0256782
0.0552936
0.0244633
0.0514795
0.136985
0.0173543
0.17505
0.0549627
0.115109
0.0296543
0.0631112
0.0579126
0.104071
0.0419869
0.059851
0.113666
0.0722923
0.0325176
0.0718037
0.0517607
0.0379113
0.0546574
0.0355778
0.107238
0.0452269
0.0523617
0.0487214
0.0193658
0.129414
0.0624348
0.0508635
0.118754
0.032343
0.0142704
0.0175478
0.0395548
0.0370605
0.0515076
0.0281372
0.0233482
0.0280964
0.130477
0.0137183
0.0343717
0.027835
0.0605118
0.0344084
0.431266
0.0194611
0.0396211
0.0386459
0.0322853
0.100045
0.0911059
0.0279501
0.0389468
0.0178164
0.0775843
0.0597271
0.0594117
0.00972334
0.0737492
0.0267222
0.0700413
0.0064074
0.044659
0.0423852
0.087169
0.0240773
0.0452933
0.0136864
0.0367881
0.100303
0.0693886
0.0668757
0.0680462
0.0313533
0.0969459
0.168776
0.0785836
0.0296202
0.0168193
0.00727821
0.0911679
0.0297804
0.0379774
0.267796
0.0484552
0.0374078
0.100532
0.15914
0.0683698
0.0496425
0.0494636
0.092514
0.0845489
0.0623656
0.0373124
0.0449676
0.0245875
0.0772441
0.0327931
0.0972302
0.0116318
0.157451
0.0182854
0.0440595
0.0436707
0.0658099
0.0878732
0.0549779
0.0351199
0.0347866
0.0566489
0.0123978
0.0863376
0.0743555
0.0138172
0.0446728
0.0728567
0.0577787
0.0318631
0.0266691
0.0299613
0.131624
0.0589769
0.227472
0.135865
0.0706623
0.0141978
0.0155267
0.0495543
0.0159007
0.0323607
0.236941
0.00735488
0.0376658
0.0578548
0.0292254
0.0634691
0.0130076
0.0473794
0.0753297
0.0406817
0.141379
0.0380219
0.028162
0.0516641
0.22868
0.0287802
0.0548464
0.0360412
0.0195825
0.0478045
0.0275632
0.0237063
0.0519821
0.0665472
0.406137
0.0527424
0.015288
0.0465914
0.142075
0.0415448
0.0174019
0.0327581
0.0175078
0.0275112
0.0248171
0.0478293
0.0308007
0.0264302
0.0384347
0.0641175
0.0412187
0.067998
0.0580126
0.0446084
0.0175339
0.113586
0.0641396
0.179044
0.0290201
0.0122819
0.0194377
0.0290734
0.0407064
0.0857698
0.0988068
0.0608137
0.0577753
0.120093
0.100431
0.0128866
0.00986491
0.0654582
0.0236859
0.10616
0.0319408
0.181007
0.053979
0.0968707
0.104619
0.168941
0.0301249
0.0311329
0.0205835
0.024285
0.0295557
0.0767918
0.0797511
0.229132
0.0269292
0.0782756
0.0466145
0.0951706
0.0214786
0.0532714
0.0572474
0.046388
0.0258838
0.0181698
0.0339744
0.0572088
0.0178322
0.0769393
0.0316989
0.0836482
0.0347443
0.0304943
0.0266177
0.116798
0.00853079
0.0414579
0.0258376
0.150102
0.101378
0.0378885
0.08396
0.0615258
0.0709125
0.0440929
0.0130256
0.0512135
0.02404
0.0379037
0.0677392
0.0954703
0.0543297
0.0308682
0.366826
0.535435
0.0405159
0.0768955
0.101856
0.0718557
0.444419
0.0115305
0.0446632
0.0107285
0.0616606
0.0179012
0.636257
0.145866
0.222555
0.0747335
0.134731
0.136543
0.0560724
0.0256581
0.0594901
0.0580626
0.0375192
0.0988415
0.0538468
0.0642708
0.0697457
0.0393912
0.0291312
0.0292378
0.143234
0.0357011
0.00688154
0.0499552
0.0527869
0.159822
0.0816687
0.0244524
0.0249377
0.198052
0.19686
0.0268305
0.133623
0.0343562
0.0615303
0.049451
0.116705
0.0361718
0.0707072
0.199793
0.0134445
0.029212
0.0300518
0.0472071
0.0188356
0.0550971
0.0688757
0.0479011
0.159093
0.124422
0.0248604
0.0665609
0.0684434
0.0461939
0.0219635
0.0380065
0.021328
0.0249332
0.0667431
0.0230019
0.0691413
0.0197515
0.0326485
0.611097
0.0398194
0.0942259
0.118655
0.0362516
0.136125
0.0383554
0.0684461
0.196257
0.0375266
0.0198729
0.12559
0.0613211
0.107049
0.0538869
0.152139
0.0263538
0.0546705
0.0312001
0.0277457
0.0226449
0.0174974
0.0520698
0.026977
0.0143359
0.0495365
0.00857349
0.026266
0.0258547
0.0376726
0.0515267
0.0201181
0.0552541
0.206407
0.0676336
0.0420792
0.0185277
0.0985382
0.0850751
0.0205646
0.0932653
0.0263605
0.0702783
0.0342315
0.144448
0.047554
0.0549171
0.0941812
0.062773
0.0390081
0.0818808
0.0885131
0.0613434
0.0825515
0.104933
0.13938
0.0719952
0.0790604
0.0663023
0.0572883
0.0528596
0.017075
0.0487972
0.0747876
0.0352739
0.0726418
0.0758041
0.0352862
0.0420845
0.0791126
0.0281996
0.0458148
0.0730059
0.0823761
0.0695506
0.0332473
0.013433
0.207402
0.0295409
0.0497663
0.118136
0.037141
0.0396391
0.0401929
0.0467904
0.0399722
0.0544221
0.0358952
0.123678
0.0561089
0.0779222
0.301172
0.0206996
0.0353617
0.40494
0.0197131
0.185597
0.0228236
0.0257292
0.11123
0.0714081
0.0436226
0.0234718
0.030712
0.0506385
0.0849084
0.146676
0.0947983
0.055324
0.353904
0.110164
0.234099
0.0683326
0.0640208
0.0468542
0.0395415
0.0638773
0.0509985
0.147516
0.11241
0.06255
0.0300419
0.0282098
0.03916
0.0475433
0.0405784
0.260131
0.227319
0.0458563
0.0506564
0.0278366
0.046834
0.124469
0.0445484
0.0533335
0.00757773
0.0697057
0.0684366
0.029413
0.0857658
0.10382
0.0201329
0.0426353
0.036569
0.0320733
0.110666
0.0409084
0.227632
0.0283397
0.052039
0.0320013
0.0311971
0.0133982
0.0124659
0.0672372
0.0630745
0.0667311
0.0419573
0.0571413
0.0580505
0.022075
0.0340871
0.0231085
0.0337863
0.0433154
0.0202703
0.0615136
0.0601928
0.0556938
0.0234263
0.084735
0.0629821
0.0655371
0.0954257
0.0843307
0.0357045
0.0631718
0.064194
0.137651
0.0337108
0.102658
0.0497147
0.0372015
0.0165006
0.0286856
0.0632442
0.0708053
0.0114442
0.0409501
0.0387284
0.0886282
0.26737
0.0124275
0.0205853
0.074895
0.0264882
0.149033
0.134493
0.0570383
0.0699883
0.0255997
0.372714
0.128393
0.0633656
0.0589164
0.047724
0.0361363
0.0288922
0.0581172
0.0916867
0.0762002
0.022688
0.116078
0.0405627
0.0529746
0.0433851
0.127057
0.0174253
0.108332
0.134802
0.0517075
0.0396178
0.0456291
0.0838542
0.00639958
0.0488441
0.201881
0.10879
0.152305
0.0463563
0.0307626
0.0337203
0.0360678
0.0273646
0.0375588
0.0646175
0.0729783
0.0256647
0.0724355
0.0560974
0
0
0
0
0
0
0
0
0
0
0
0
0
0
0
0
0
0
0
0
0
0
0
0
0
0
0
0
0
0
0
0
777777