-1 -1 -1 -1 -1 -1 -1 -1 -1 -1 -1 -1 0 0 0 0 0 0 0 0 1 1 1 1 1 1 1 1 1 1 1 1
-1 -1 -1 -1 -1 -1 -1 -1 0 -1 -1 -1 -1 0 0 0 0 0 0 0 1 1 1 1 1 1 1 1 1 1 1 1
-1 -1 -1 -1 -1 -1 -1 -1 0 -1 -1 -1 -1 0 0 0 0 1 0 0 1 0 1 1 1 1 1 1 1 1 1 1
-1 -1 -1 -1 -1 -1 -1 -1 0 0 -1 -1 -1 -1 0 0 0 1 0 0 1 0 1 1 1 1 1 1 1 1 1 1
-1 -1 -1 -1 -1 -1 -1 -1 1 0 -1 -1 -1 0 0 0 0 0 0 0 1 0 1 1 1 1 1 1 1 1 1 1
-1 -1 -1 -1 0 -1 -1 -1 0 0 -1 -1 -1 -1 0 0 0 0 0 0 1 0 1 1 1 1 1 1 1 1 1 1
-1 -1 -1 -1 0 -1 -1 -1 0 0 -1 -1 -1 -1 0 0 0 0 0 0 1 1 1 1 1 0 1 1 1 1 1 1
-1 -1 -1 -1 0 0 -1 -1 -1 0 -1 -1 -1 -1 0 0 0 0 0 0 1 1 1 1 1 0 1 1 1 1 1 1
-1 -1 -1 -1 0 0 -1 -1 -1 0 -1 -1 -1 -1 0 0 0 0 0 0 1 1 1 1 1 1 1 1 1 1 0 1
-1 -1 -1 -1 0 0 -1 -1 -1 0 0 -1 -1 -1 0 -1 0 0 0 0 1 1 1 1 1 1 1 1 1 1 0 1
-1 -1 -1 -1 0 0 -1 -1 -1 0 0 -1 -1 -1 0 -1 0 0 0 1 1 1 1 0 1 1 1 1 1 1 0 1
-1 -1 -1 -1 0 0 -1 -1 -1 0 0 -1 -1 -1 0 0 0 0 -1 1 1 1 1 0 1 1 1 1 1 1 0 1
-1 -1 -1 -1 0 0 -1 -1 -1 0 0 -1 -1 -1 0 1 0 0 0 1 1 1 0 0 1 1 1 1 1 1 0 1
-1 -1 -1 -1 0 0 -1 -1 -1 0 0 0 -1 -1 0 0 0 0 -1 1 1 1 0 0 1 1 1 1 1 1 0 1
-1 -1 -1 -1 0 0 -1 -1 -1 0 0 0 -1 -1 0 0 0 0 -1 1 1 1 0 1 1 1 0 1 1 1 0 1
-1 -1 -1 -1 0 0 -1 -1 -1 0 0 0 -1 -1 0 0 0 0 0 1 1 1 -1 1 1 1 0 1 1 1 0 1
-1 -1 -1 -1 0 0 -1 -1 -1 0 0 0 -1 -1 0 0 0 0 1 1 1 1 0 1 1 0 0 1 1 1 0 1
-1 -1 -1 -1 0 0 -1 0 -1 0 0 -1 -1 -1 0 0 0 0 1 1 1 1 0 1 1 0 0 1 1 1 0 1
-1 -1 -1 -1 0 0 -1 0 -1 0 0 -1 -1 -1 0 0 0 0 1 1 1 1 0 1 1 0 1 1 1 1 0 0
-1 -1 -1 0 0 0 -1 -1 -1 0 0 -1 -1 -1 0 0 0 0 1 1 1 1 0 1 1 0 1 1 1 1 0 0
-1 -1 -1 0 0 0 -1 -1 -1 0 0 -1 -1 -1 0 0 0 0 1 1 1 1 0 1 1 1 1 1 1 0 0 0
-1 -1 -1 0 0 0 0 -1 -1 0 -1 -1 -1 -1 0 0 0 0 1 1 1 1 0 1 1 1 1 1 1 0 0 0
-1 -1 -1 0 0 0 0 -1 -1 0 -1 -1 -1 -1 0 0 0 0 1 1 1 1 1 1 1 1 0 1 1 0 0 0
-1 -1 0 0 0 0 -1 -1 -1 0 -1 -1 -1 -1 0 0 0 0 1 1 1 1 1 1 1 1 0 1 1 0 0 0
-1 -1 0 0 0 0 -1 -1 -1 0 -1 -1 -1 -1 0 0 0 1 1 1 1 0 1 1 1 1 0 1 1 0 0 0
-1 0 0 0 0 -1 -1 -1 -1 0 -1 -1 -1 -1 0 0 0 1 1 1 1 0 1 1 1 1 0 1 1 0 0 0
-1 0 0 0 0 -1 -1 -1 -1 0 -1 -1 -1 -1 0 0 0 1 1 1 1 1 1 1 0 1 0 1 1 0 0 0
0 0 0 0 -1 -1 -1 -1 -1 0 -1 -1 -1 -1 0 0 0 1 1 1 1 1 1 1 0 1 0 1 1 0 0 0
0 0 0 0 -1 -1 -1 -1 -1 0 -1 -1 -1 -1 0 1 0 1 0 1 1 1 1 1 0 1 0 1 1 0 0 0
0 0 0 0 -1 -1 -1 -1 -1 0 -1 0 -1 -1 0 0 0 1 -1 1 1 1 1 1 0 1 0 1 1 0 0 0
0 0 0 0 -1 -1 -1 -1 -1 0 -1 0 -1 -1 1 0 0 1 0 1 1 1 1 0 0 1 0 1 1 0 0 0
0 0 0 0 -1 -1 -1 -1 -1 0 -1 0 0 -1 1 0 -1 1 0 1 1 1 1 0 0 1 0 1 1 0 0 0
0 0 0 0 -1 -1 -1 -1 -1 0 -1 0 1 -1 1 0 0 1 0 1 1 0 1 0 0 1 0 1 1 0 0 0
0 0 0 0 -1 -1 -1 0 -1 0 -1 -1 1 -1 1 0 0 1 0 1 1 0 1 0 0 1 0 1 1 0 0 0
0 0 0 0 -1 -1 -1 1 -1 0 0 -1 1 -1 0 0 0 1 0 1 1 0 1 0 0 1 0 1 1 0 0 0
0 0 0 0 -1 -1 0 1 -1 0 -1 -1 1 -1 0 0 0 1 0 1 1 0 1 0 0 1 0 1 1 0 0 0
0 0 0 0 -1 -1 0 1 -1 0 -1 -1 1 -1 0 0 0 1 0 1 1 0 1 0 1 1 0 1 0 0 0 0
0 0 0 0 -1 -1 0 1 -1 0 -1 -1 1 0 0 0 -1 1 0 1 1 0 1 0 1 1 0 1 0 0 0 0
0 0 0 0 -1 -1 0 1 -1 0 -1 -1 1 1 0 0 0 1 0 1 0 0 1 0 1 1 0 1 0 0 0 0
0 0 0 0 -1 -1 0 1 -1 0 0 -1 1 1 -1 0 0 1 0 1 0 0 1 0 1 1 0 1 0 0 0 0
0 0 0 0 -1 -1 0 1 -1 0 1 -1 1 1 0 0 0 0 0 1 0 0 1 0 1 1 0 1 0 0 0 0
0 0 0 0 -1 -1 0 1 0 0 1 -1 1 0 0 0 0 0 0 1 0 0 0 0 1 1 -1 1 0 0 0 0
0 0 0 0 -1 -1 0 1 0 0 1 -1 1 0 0 0 0 0 0 1 0 0 0 1 1 1 -1 0 0 0 0 0
0 0 0 0 -1 -1 0 1 0 0 1 -1 1 0 0 0 0 0 0 1 0 0 0 1 1 1 0 0 0 0 0 -k
0 0 0 0 -1 -1 0 1 0 0 1 -1 1 0 0 0 0 0 0 1 0 0 1 1 1 0 0 0 0 0 0 -k
0 0 0 0 -1 -1 0 1 0 0 1 -1 1 0 0 0 0 0 0 1 0 0 1 1 1 0 0 -k 0 0 0 0
0 0 0 0 -1 -1 0 1 0 0 1 -1 1 0 0 0 0 0 1 1 0 0 1 0 1 0 0 -k 0 0 0 0
0 0 0 0 -1 -1 0 1 0 0 1 -1 1 0 0 0 0 0 1 1 0 0 1 -k 1 0 0 0 0 0 0 0
0 0 0 0 -1 -1 0 1 0 0 1 -1 1 0 1 0 0 0 0 1 0 0 1 -k 1 0 0 0 0 0 0 0
0 0 0 0 -1 -1 0 1 0 0 1 -1 1 0 1 0 0 0 -k 1 0 0 1 0 1 0 0 0 0 0 0 0
0 0 0 0 -1 -1 0 1 0 0 1 -1 1 0 1 1 0 0 0 1 0 0 0 0 1 0 0 0 0 0 0 0
0 0 0 0 -1 -1 0 1 0 0 1 0 1 0 1 0 0 0 -1 1 0 0 0 0 1 0 0 0 0 0 0 0
0 0 0 0 -1 -1 0 1 0 0 1 0 1 0 1 0 0 0 -1 1 0 1 0 0 0 0 0 0 0 0 0 0
0 0 0 0 -1 -1 0 1 0 0 1 0 1 0 1 0 0 0 0 1 0 1 0 -1 0 0 0 0 0 0 0 0
0 0 0 0 -1 -1 0 1 0 0 1 0 1 0 1 0 0 1 0 1 0 0 0 -1 0 0 0 0 0 0 0 0
0 0 0 0 -1 -1 0 1 0 0 1 0 1 0 1 0 0 1 0 1 0 0 0 0 0 0 0 -1 0 0 0 0
0 0 0 0 -1 -1 0 1 0 0 1 0 1 0 1 1 0 1 0 0 0 0 0 0 0 0 0 -1 0 0 0 0
0 0 0 0 -1 -1 0 1 0 0 1 0 1 0 1 1 0 1 0 0 0 0 0 0 0 0 0 0 0 0 0 -k
0 0 0 0 -1 -1 0 1 0 0 1 0 1 1 1 1 0 0 0 0 0 0 0 0 0 0 0 0 0 0 0 -k
0 0 0 0 -1 -1 0 1 0 0 1 0 1 1 1 1 0 0 0 0 0 0 0 0 0 0 0 -k 0 0 0 0
0 0 0 0 -1 -1 0 1 0 1 1 0 1 0 1 1 0 0 0 0 0 0 0 0 0 0 0 -k 0 0 0 0
0 0 0 0 -1 -1 0 1 0 1 1 0 1 0 1 1 0 0 0 0 0 0 0 -k 0 0 0 0 0 0 0 0
k 0 0 0 -1 0 0 1 0 0 1 0 1 0 1 1 0 0 0 0 0 0 0 -k 0 0 0 0 0 0 0 0
k 0 0 0 -1 0 0 1 0 0 1 0 1 0 1 1 0 0 -k 0 0 0 0 0 0 0 0 0 0 0 0 0
k 0 0 0 -1 0 0 1 0 0 1 1 1 0 1 0 0 0 -k 0 0 0 0 0 0 0 0 0 0 0 0 0
k 0 0 0 -1 0 0 1 0 -k 1 1 1 0 0 0 0 0 0 0 0 0 0 0 0 0 0 0 0 0 0 0
k 0 0 k -1 0 0 0 0 -k 1 1 1 0 0 0 0 0 0 0 0 0 0 0 0 0 0 0 0 0 0 0
k 0 0 k -1 0 0 0 0 0 1 1 1 0 -k 0 0 0 0 0 0 0 0 0 0 0 0 0 0 0 0 0
k 0 0 k -1 0 0 1 0 0 1 0 1 0 -k 0 0 0 0 0 0 0 0 0 0 0 0 0 0 0 0 0
k 0 0 k -1 0 0 1 0 -k 1 0 1 0 0 0 0 0 0 0 0 0 0 0 0 0 0 0 0 0 0 0
k 0 k k -1 0 0 0 0 -k 1 0 1 0 0 0 0 0 0 0 0 0 0 0 0 0 0 0 0 0 0 0
k 0 k k -1 0 0 0 0 0 1 0 1 0 -k 0 0 0 0 0 0 0 0 0 0 0 0 0 0 0 0 0
k 0 k k -1 0 1 0 0 0 0 0 1 0 -k 0 0 0 0 0 0 0 0 0 0 0 0 0 0 0 0 0
k 0 k k -1 0 1 0 0 0 -k 0 1 0 0 0 0 0 0 0 0 0 0 0 0 0 0 0 0 0 0 0
k k k k -1 0 0 0 0 0 -k 0 1 0 0 0 0 0 0 0 0 0 0 0 0 0 0 0 0 0 0 0
k k k k -1 0 0 0 0 0 0 0 1 0 0 -k 0 0 0 0 0 0 0 0 0 0 0 0 0 0 0 0
k k k 0 -1 0 0 k 0 0 0 0 1 0 0 -k 0 0 0 0 0 0 0 0 0 0 0 0 0 0 0 0
k k k 0 -1 0 0 k 0 0 0 0 1 0 0 0 0 0 0 -k 0 0 0 0 0 0 0 0 0 0 0 0
k k k k -1 0 0 0 0 0 0 0 1 0 0 0 0 0 0 -k 0 0 0 0 0 0 0 0 0 0 0 0
k k k k -1 0 0 0 0 0 0 0 1 0 0 -k 0 0 0 0 0 0 0 0 0 0 0 0 0 0 0 0
k k k 0 -1 0 0 k 0 0 0 0 1 0 0 -k 0 0 0 0 0 0 0 0 0 0 0 0 0 0 0 0
k k k 0 -1 0 0 k 0 0 0 0 1 0 0 0 0 0 0 -k 0 0 0 0 0 0 0 0 0 0 0 0
k k k k -1 0 0 0 0 0 0 0 1 0 0 0 0 0 0 -k 0 0 0 0 0 0 0 0 0 0 0 0
k k k k -1 0 0 0 0 0 0 0 1 0 0 -k 0 0 0 0 0 0 0 0 0 0 0 0 0 0 0 0
k k k 0 -1 0 0 k 0 0 0 0 1 0 0 -k 0 0 0 0 0 0 0 0 0 0 0 0 0 0 0 0
k k k 0 -1 0 0 k 0 0 0 0 1 0 0 0 0 0 0 -k 0 0 0 0 0 0 0 0 0 0 0 0
k k k k -1 0 0 0 0 0 0 0 1 0 0 0 0 0 0 -k 0 0 0 0 0 0 0 0 0 0 0 0
k k k k -1 0 0 0 0 0 0 0 1 0 0 -k 0 0 0 0 0 0 0 0 0 0 0 0 0 0 0 0
k k k 0 -1 0 0 k 0 0 0 0 1 0 0 -k 0 0 0 0 0 0 0 0 0 0 0 0 0 0 0 0
k k k 0 -1 0 0 k 0 0 0 0 1 0 0 0 0 0 0 -k 0 0 0 0 0 0 0 0 0 0 0 0
k k k k -1 0 0 0 0 0 0 0 1 0 0 0 0 0 0 -k 0 0 0 0 0 0 0 0 0 0 0 0
k k k k -1 0 0 0 0 0 0 0 1 0 0 -k 0 0 0 0 0 0 0 0 0 0 0 0 0 0 0 0
k k k 0 -1 0 0 k 0 0 0 0 1 0 0 -k 0 0 0 0 0 0 0 0 0 0 0 0 0 0 0 0
k k k 0 -1 0 0 k 0 0 0 0 1 0 0 0 0 0 0 -k 0 0 0 0 0 0 0 0 0 0 0 0
k k k k -1 0 0 0 0 0 0 0 1 0 0 0 0 0 0 -k 0 0 0 0 0 0 0 0 0 0 0 0
k k k k -1 0 0 0 0 0 0 0 1 0 0 -k 0 0 0 0 0 0 0 0 0 0 0 0 0 0 0 0
k k k 0 -1 0 0 k 0 0 0 0 1 0 0 -k 0 0 0 0 0 0 0 0 0 0 0 0 0 0 0 0
k k k 0 0 0 0 k -1 0 0 0 1 0 0 -k 0 0 0 0 0 0 0 0 0 0 0 0 0 0 0 0
k k k 0 0 1 0 k 0 0 0 0 0 0 0 -k 0 0 0 0 0 0 0 0 0 0 0 0 0 0 0 0
k k k 0 0 1 0 k 0 0 0 0 0 0 0 0 0 0 0 -k 0 0 0 0 0 0 0 0 0 0 0 0
k k k k 0 1 0 0 0 0 0 0 0 0 0 0 0 0 0 -k 0 0 0 0 0 0 0 0 0 0 0 0
k k k k 0 1 0 0 0 0 0 0 0 0 0 -k 0 0 0 0 0 0 0 0 0 0 0 0 0 0 0 0
k k k 0 0 1 0 k 0 0 0 0 0 0 0 -k 0 0 0 0 0 0 0 0 0 0 0 0 0 0 0 0
k k k 0 0 1 0 k 0 0 0 0 0 0 0 0 0 0 0 -k 0 0 0 0 0 0 0 0 0 0 0 0
k k k k 0 1 0 0 0 0 0 0 0 0 0 0 0 0 0 -k 0 0 0 0 0 0 0 0 0 0 0 0
k k k k 0 1 0 0 0 0 0 0 0 0 0 -k 0 0 0 0 0 0 0 0 0 0 0 0 0 0 0 0
k k k 0 0 1 0 k 0 0 0 0 0 0 0 -k 0 0 0 0 0 0 0 0 0 0 0 0 0 0 0 0
k k k 0 0 1 0 k 0 0 0 0 0 0 0 0 0 0 0 -k 0 0 0 0 0 0 0 0 0 0 0 0
k k k k 0 1 0 0 0 0 0 0 0 0 0 0 0 0 0 -k 0 0 0 0 0 0 0 0 0 0 0 0
k k k k 0 1 0 0 0 0 0 0 0 0 0 -k 0 0 0 0 0 0 0 0 0 0 0 0 0 0 0 0
k k k 0 0 1 0 k 0 0 0 0 0 0 0 -k 0 0 0 0 0 0 0 0 0 0 0 0 0 0 0 0
k k k 0 0 1 0 k 0 0 0 0 0 0 0 0 0 0 0 -k 0 0 0 0 0 0 0 0 0 0 0 0
k k k k 0 1 0 0 0 0 0 0 0 0 0 0 0 0 0 -k 0 0 0 0 0 0 0 0 0 0 0 0
k k k k 0 1 0 0 0 0 0 0 0 0 0 -k 0 0 0 0 0 0 0 0 0 0 0 0 0 0 0 0
k k k 0 0 1 0 k 0 0 0 0 0 0 0 -k 0 0 0 0 0 0 0 0 0 0 0 0 0 0 0 0
k k k 0 0 1 0 k 0 0 0 0 0 0 0 0 0 0 0 -k 0 0 0 0 0 0 0 0 0 0 0 0
k k k k 0 1 0 0 0 0 0 0 0 0 0 0 0 0 0 -k 0 0 0 0 0 0 0 0 0 0 0 0
k k k k 0 1 0 0 0 0 0 0 0 0 0 -k 0 0 0 0 0 0 0 0 0 0 0 0 0 0 0 0
k k k 0 0 1 0 k 0 0 0 0 0 0 0 -k 0 0 0 0 0 0 0 0 0 0 0 0 0 0 0 0
k k k 0 0 1 0 k 0 0 0 0 0 0 0 0 0 0 -k 0 0 0 0 0 0 0 0 0 0 0 0 0
k k k k 0 1 0 0 0 0 0 0 0 0 0 0 0 0 -k 0 0 0 0 0 0 0 0 0 0 0 0 0
k k k k 0 1 0 0 0 0 0 0 0 0 0 -k 0 0 0 0 0 0 0 0 0 0 0 0 0 0 0 0
k k k 0 0 1 0 k 0 0 0 0 0 0 0 -k 0 0 0 0 0 0 0 0 0 0 0 0 0 0 0 0
k k k 0 0 1 0 k 0 0 0 0 0 0 0 0 0 0 0 -k 0 0 0 0 0 0 0 0 0 0 0 0
k k k k 0 1 0 0 0 0 0 0 0 0 0 0 0 0 0 -k 0 0 0 0 0 0 0 0 0 0 0 0
k k k k 0 1 0 0 0 0 0 0 0 0 0 -k 0 0 0 0 0 0 0 0 0 0 0 0 0 0 0 0
k k k 0 0 1 0 k 0 0 0 0 0 0 0 -k 0 0 0 0 0 0 0 0 0 0 0 0 0 0 0 0
k k k 0 0 1 0 k 0 0 0 0 0 0 0 0 0 0 0 -k 0 0 0 0 0 0 0 0 0 0 0 0
k k k k 0 1 0 0 0 0 0 0 0 0 0 0 0 0 0 -k 0 0 0 0 0 0 0 0 0 0 0 0
k k k k 0 1 0 0 0 0 0 0 0 0 0 -k 0 0 0 0 0 0 0 0 0 0 0 0 0 0 0 0
k k k 0 0 1 0 k 0 0 0 0 0 0 0 -k 0 0 0 0 0 0 0 0 0 0 0 0 0 0 0 0
k k k 0 0 1 0 k 0 0 0 0 0 0 0 0 0 0 0 -k 0 0 0 0 0 0 0 0 0 0 0 0
k k k k 0 1 0 0 0 0 0 0 0 0 0 0 0 0 0 -k 0 0 0 0 0 0 0 0 0 0 0 0
k k k k 0 1 0 0 0 0 0 0 0 0 0 -k 0 0 0 0 0 0 0 0 0 0 0 0 0 0 0 0
k k k 0 0 1 0 k 0 0 0 0 0 0 0 -k 0 0 0 0 0 0 0 0 0 0 0 0 0 0 0 0
k k k 0 0 1 0 k 0 0 0 0 0 0 0 0 0 0 0 -k 0 0 0 0 0 0 0 0 0 0 0 0
0 k k 0 k 1 0 k 0 0 0 0 0 0 0 0 0 0 0 -k 0 0 0 0 0 0 0 0 0 0 0 0
0 k k 0 k 1 0 k 0 0 0 0 0 0 0 0 0 0 0 0 0 0 0 -k 0 0 0 0 0 0 0 0
0 k k k k 1 0 0 0 0 0 0 0 0 0 0 0 0 0 0 0 0 0 -k 0 0 0 0 0 0 0 0
0 k k k k 1 0 0 0 0 0 0 0 0 0 0 0 0 0 -k 0 0 0 0 0 0 0 0 0 0 0 0
k k k k k 0 0 0 0 0 0 0 0 0 0 0 0 0 0 -k 0 0 0 0 0 0 0 0 0 0 0 0
k k k k k 0 0 0 0 0 0 0 0 0 0 -k 0 0 0 0 0 0 0 0 0 0 0 0 0 0 0 0
k k k k 0 0 0 0 k 0 0 0 0 0 0 -k 0 0 0 0 0 0 0 0 0 0 0 0 0 0 0 0
k k k k 0 0 0 0 k 0 0 -k 0 0 0 0 0 0 0 0 0 0 0 0 0 0 0 0 0 0 0 0
k k k k 0 k 0 0 0 0 0 -k 0 0 0 0 0 0 0 0 0 0 0 0 0 0 0 0 0 0 0 0
k k k k 0 k 0 0 0 0 0 0 0 0 0 -k 0 0 0 0 0 0 0 0 0 0 0 0 0 0 0 0
k k k k 0 0 0 0 0 k 0 0 0 0 0 -k 0 0 0 0 0 0 0 0 0 0 0 0 0 0 0 0
k k k k 0 0 0 0 0 k 0 -k 0 0 0 0 0 0 0 0 0 0 0 0 0 0 0 0 0 0 0 0
k k k k 0 0 k 0 0 0 0 -k 0 0 0 0 0 0 0 0 0 0 0 0 0 0 0 0 0 0 0 0
k k k k 0 0 k -k 0 0 0 0 0 0 0 0 0 0 0 0 0 0 0 0 0 0 0 0 0 0 0 0
k k 0 k 0 0 k 0 0 0 0 k 0 0 0 0 0 0 0 0 0 0 0 0 0 0 0 0 0 0 0 0