2.81927
999999
0.13205
-0.169025
0.0744174
-0.145574
-0.0838566
-0.155809
0.125845
-0.0694576
0.0419369
-0.16303
-0.177296
-0.069883
-0.0739241
0.129177
-0.0208464
-0.103209
0.0227305
-0.0833117
-0.153396
-0.0414913
-0.0734226
0.0605678
-0.157912
-0.0288074
-0.123946
-0.173722
-0.13179
0.0925955
-0.0334846
-0.165184
-0.134039
-0.135417
-0.0427832
0.151157
0.148698
-0.0778524
0.0604416
0.0702528
0.152716
0.0803274
-0.135712
0.0180493
-0.162138
0.188395
0.10205
-0.00408043
-0.0299289
-0.0301845
-0.178795
0.0776791
0.150113
-0.196032
0.0201892
0.17554
-0.0163012
0.102796
-0.00144375
-0.123741
-0.0957584
0.183244
-0.177987
0.0411033
0.185571
0.0583051
-0.114428
0.00700976
0.0379029
-0.195216
0.187644
0.16616
-0.0920348
-0.19841
-0.100706
-0.131017
-0.195982
0.18922
-0.00239084
0.0674979
-0.132265
0.181127
0.0529552
-0.165507
-0.186391
0.117507
-0.166091
-0.0318438
0.157083
0.0569736
0.151617
-0.00478229
0.163476
0.196462
0.146716
-0.194159
0.0778199
-0.182011
-0.129387
0.17668
0.117418
0.14371
-0.0458312
-0.135718
0.176847
0.104563
0.146197
-0.0917778
-0.192245
0.175073
0.0713763
0.00500661
-0.165982
-0.00264853
-0.14245
-0.114364
0.185246
-0.0536047
-0.0663748
-0.0979032
0.11906
0.0353385
0.0506331
0.133692
-0.0539652
0.101526
0.0685843
-0.165623
0.0389913
0.148954
-0.0462311
0.195808
0.0541842
0.152401
0.194819
-0.106445
-0.0664817
0.120886
0.170878
0.0332197
0.162014
-0.00662382
-0.175809
0.037325
-0.0212423
-0.140681
-0.00280448
0.182028
0.147402
0.0623984
0.172978
0.0812638
0.0163994
0.148031
0.0787587
-0.0922612
-0.137026
-0.193167
-0.0425889
-0.134477
-0.100173
-0.122257
-0.100263
0.0511242
-0.028246
0.0223408
0.0764254
0.00722563
0.0205049
-0.198058
-0.114895
-0.168707
0.179002
-0.149846
0.0027467
-0.141799
0.180024
-0.156048
-0.0588076
-0.118634
0.0451571
-0.0476583
0.102309
0.180831
-0.0931196
-0.198684
-0.184342
0.0644388
-0.160359
-0.0672947
0.0443124
0.0128799
0.118107
-0.103051
-0.18381
0.00331968
0.0726209
-0.163025
0.13436
-0.0952781
-0.0632789
-0.197773
0.159384
0.197557
-0.171658
0.141515
-0.152603
-0.0138897
0.164648
0.047653
0.0151192
-0.18667
-0.126536
-0.0362229
0.0586424
-0.0210949
0.119369
0.184476
0.0251687
-0.156406
0.146716
-0.0454251
0.07643
-0.122732
-0.0767621
0.145463
-0.0997866
-0.146748
-0.0992006
-0.172596
-0.190381
0.0212485
-0.0114527
-0.0754346
0.133952
-0.0388528
0.125773
0.0854399
-0.0867484
-0.101177
0.0854739
-0.135051
0.136359
-0.186392
-0.0196158
0.000232023
0.179998
-0.0598712
0.110013
-0.159155
0.0935909
-0.0600694
0.164303
-0.116221
-0.14514
0.0894449
-0.0605225
0.0537988
-0.154599
-0.093607
0.114085
0.12931
0.196638
-0.0601991
0.00602908
-0.0778799
-0.0443437
-0.174445
0.0187457
-0.127498
-0.0416416
0.0627513
-0.156928
0.156436
-0.099759
-0.13674
0.117125
-0.101465
-0.153018
-0.176931
-0.0993102
-0.115433
-0.0922794
0.154864
0.0242181
0.110075
-0.164102
0.000364603
-0.0903135
0.17724
-0.172104
-0.145441
-0.0158856
-0.12633
-0.158567
-0.197778
-0.138054
0.0358914
0.18418
0.135157
0.141874
-0.180072
-0.0636852
-0.0113666
0.0446682
-0.0450335
-0.0727356
-0.0388217
0.0912187
0.0739687
-0.112301
0.0517926
-0.0137246
0.0869644
-0.0222207
0.172367
-0.196072
-0.154047
-0.127234
-0.165003
-0.116632
-0.0666545
0.0640287
-0.191141
-0.106523
-0.0431518
-0.112481
0.15819
-0.165338
0.0202155
0.182441
-0.126597
-0.190012
0.0747838
0.18591
-0.115954
0.165544
0.00319039
0.160947
-0.0763207
0.0131887
0.0663471
-0.139917
-0.0542783
0.0823408
0.147768
0.0674303
0.153489
0.128282
-0.0547867
-0.0804629
0.159691
-0.0527761
-0.122528
0.119118
-0.105825
-0.173963
0.0215023
0.064725
-0.136276
-0.010622
0.053983
0.0868856
-0.192596
-0.0625969
0.0315383
0.0802006
-0.193429
-0.083941
0.0309199
0.0232878
-0.195255
-0.122958
-0.149184
-0.0551189
-0.0193925
-0.161831
0.170239
-0.0964233
0.037025
0.188938
0.0530325
-0.0986886
0.168367
0.155827
0.183736
0.0673801
0.152243
0.190541
-0.0610842
-0.148751
0.137044
0.122723
-0.0407347
-0.0546578
0.117351
-0.00935187
-0.150372
0.0464695
-0.0457997
0.108864
0.100943
0.169746
0.0360557
0.0723525
0.0304642
0.0778504
-0.00718205
-0.182353
0.062133
0.0815384
-0.0220118
-0.0846771
-0.13481
0.0301166
0.0297216
-0.167212
-0.186431
0.0298347
0.0129715
-0.145854
0.109327
0.180716
-0.0353662
0.093633
0.0698472
0.0437376
-0.0511349
0.109918
0.00884482
0.0196903
-0.0414105
-0.0913459
-0.19464
-0.0654956
0.0205388
-0.159626
0.0358199
-0.0710765
0.0692224
0.188555
0.0396784
-0.15326
-0.00179609
0.142827
-0.0946127
-0.178871
-0.0747546
-0.0752111
-0.184586
0.0394148
-0.165702
-0.15051
0.159069
-0.0499667
-0.055373
-0.061551
-0.0459984
-0.0299119
0.155717
0.165837
-0.125466
0.0138813
-0.0358849
-0.136905
0.127963
0.0379512
-0.155015
0.0816809
-0.179095
0.0125286
-0.0702916
0.055069
0.0759764
0.156354
0.110058
-0.177725
-0.176419
0.141872
0.0778099
0.14195
0.0293368
-0.0871035
-0.0554995
-0.096105
0.0275963
-0.104267
0.057565
0.0350801
0.0450125
-0.147651
-0.0765928
-0.127992
-0.186757
-0.154265
0.0567755
-0.14672
-0.112659
0.0996634
0.0612701
-0.175627
-0.0876345
0.186181
-0.105736
-0.112261
-0.160048
-0.017207
-0.148706
-0.14672
-0.0272914
-0.025856
-0.0212988
0.00169565
0.167767
-0.0246591
-0.0173221
0.166138
-0.184662
0.00747068
0.183768
-0.149167
-0.0507655
-0.0967181
-0.168374
-0.0508229
-0.0905535
-0.12185
0.075839
0.105988
-0.0845374
-0.125442
-0.0659021
0.122305
-0.0778117
0.170981
-0.0197806
-0.0339608
0.148182
-0.0757387
-0.12169
0.0880137
-0.0116289
-0.152414
-0.0404369
0.127181
0.0524811
0.110546
0.0492981
0.103945
-0.111655
-0.074973
-0.0977219
0.143813
-0.0504654
0.0268513
0.105819
-0.0948578
0.100856
-0.0291322
0.166765
-0.0873208
-0.190038
0.0988614
-0.128556
0.0216571
0.124949
-0.0377781
-0.0824114
-0.123271
-0.161914
-0.0188104
0.0400522
-0.0308492
0.0495545
0.0628421
0.135445
-0.144584
-0.0875289
-0.186131
0.0718165
0.0936557
0.195126
0.142422
-0.0206161
0.186485
-0.0828087
-0.167899
0.0626072
0.136191
0.184727
-0.155169
0.106798
0.106911
0.0668538
-0.0945288
-0.170669
0.0922079
0.0977324
-0.0468754
0.153967
-0.153597
-0.076244
0.188588
-0.103687
0.0970271
0.119108
-0.165562
0.037031
0.00789037
0.162311
-0.0911365
0.177037
-0.0461226
-0.176052
-0.0624811
0.192541
0.0922539
-0.133617
0.196319
0.0626791
-0.128515
-0.139893
-0.0205933
0.0740556
0.000226081
-0.0219776
0.0800731
0.0916382
0.19466
0.138295
-0.0875479
-0.0223447
-0.00328773
0.00322547
-0.0481214
-0.132392
0.119666
0.0523985
-0.0462279
0.129904
0.0644579
0.175034
0.00710962
-0.0736675
-0.152773
-0.0616874
-0.145692
0.108033
-0.1514
-0.115272
-0.0510223
0.107128
-0.0244974
-0.138507
0.146115
-0.159814
0.107183
-0.186713
0.0992146
0.095808
0.140614
-0.199597
-0.139827
-0.0265224
-0.12883
-0.0827476
-0.0127039
-0.156992
-0.00790884
-0.125553
-0.0538656
-0.108681
-0.15845
0.158383
0.10838
0.0841211
-0.030523
0.0269949
0.0547543
-0.167484
-0.119702
-0.129216
0.0553013
0.0239558
0.141426
0.18462
-0.163202
0.105172
0.156378
0.0826606
-0.1477
-0.0400548
-0.176787
0.0654223
-0.00063792
-0.108812
0.103695
0.186745
0.160484
0.072544
-0.018337
0.00863682
-0.0785063
-0.153535
-0.11758
-0.0773746
0.120116
-0.0491809
0.0308917
-0.170972
0.0288308
-0.101191
-0.10384
-0.0514498
0.0749246
0.0807137
0.0295075
0.138052
-0.102234
0.0377431
-0.100083
-0.0423244
0.00182361
0.191815
-0.145701
-0.118291
0.0376217
-0.175711
0.177581
-0.122263
0.170218
0.0659128
-0.0974742
-0.105169
0.137777
0.0151319
0.0300835
0.0345678
-0.128583
0.140234
-0.141404
0.103069
0.0834393
0.137198
-0.126404
-0.120723
0.195707
-0.0253944
0.169142
-0.0899703
0.000521734
0.18424
0.0777982
0.169591
0.0884868
-0.0123273
-0.11984
0.167791
0.162324
0.07591
0.157517
0.160971
-0.0265425
-0.187647
0.0304393
0.0452091
-0.0142678
0.169141
0.117895
-0.100777
0.0295896
-0.11062
0.113992
0.132862
0.0119988
0.147373
0.0622086
-0.0209665
-0.10951
-0.0582255
0.158042
-0.0199327
0.158664
0.0484453
-0.0802275
0.157724
0.0663005
-0.0792068
-0.0332194
0.154328
-0.112672
0.0358363
-0.0597729
-0.156902
-0.094182
-0.102217
0.168215
-0.0495049
0.113411
-0.0913917
0.0667466
-0.151593
-0.0166886
-0.114658
-0.040963
-0.130607
0.0207588
-0.0200475
0.0443556
0.185841
-0.0930595
0.165873
-0.0725445
-0.146076
-0.16658
-0.130917
-0.086367
-0.0684924
0.0947318
0.0425953
-0.0844909
0.164051
0.0645792
-0.120367
-0.062247
0.083408
-0.137722
0.129775
0.0506378
0.0687148
0.0785266
-0.181804
0.133253
-0.105879
-0.192051
-0.0428428
0.150774
0.0589645
0.0413002
0.0829463
-0.123852
-0.126949
0.0940631
-0.0060477
0.00520137
-0.138429
-0.125951
0.0959239
0.0231413
-0.136261
-0.166777
0.0119873
-0.128152
-0.0141485
-0.188526
-0.0614877
0.167798
-0.0631173
0.114631
-0.0719606
0.193099
0.0108563
-0.0186938
0.146136
-0.137045
-0.0976513
-0.0708097
0.175408
-0.119241
-0.050123
0.127709
-0.122803
-0.0680051
0.0689993
0.15925
-0.0346752
0.0486139
-0.175935
0.150723
0.0178209
0.0539795
-0.103083
-0.0165828
0.158516
0.0200033
0.164656
-0.105106
0.157255
0.175671
0.085272
0.16622
0.137712
0.066549
0.103358
-0.146075
-0.0493695
0.0669012
0.106954
-0.024099
0.0641804
-0.0737441
0.114745
-0.120403
-0.122214
-0.0715381
-0.105172
0.190866
-0.128945
-0.148895
0.102425
0.0267642
-0.120574
0.0251472
0.157454
0.163496
-0.100986
-0.0338889
0.128839
-0.0742909
-0.104076
0.177974
-0.0120769
0.183038
-0.146137
-0.111794
-0.162451
-0.165023
0.0332567
-0.172685
-0.138149
0.18506
0.00137789
0.176666
-0.161453
0.0180077
0.053037
-0.0076653
0.163608
0.169812
0.197466
0.0639979
-0.112294
0.049785
0.101315
0.167132
0.0979161
0.0479233
-0.0914523
0.187466
0.196163
-0.141735
0.05473
0.00119197
-0.0200112
0.0460138
0.163777
-0.0240274
-0.194796
-0.0636517
-0.0805621
-0.119719
-0.116324
0.189132
-0.0844041
-0.121839
-0.00917336
0.0777842
-0.0771351
-0.0433896
0.0666677
-0.175528
-0.177556
-0.111839
0.00676463
0.186636
0.0772472
-0.160475
0.192225
0.108534
0.0078665
0.0309807
0.0358083
0.0247053
-0.0713713
-0.0807054
-0.131825
0.0760777
-0.0999375
-0.107268
0.105476
-0.185378
0.165835
0.108107
-0.109489
-0.123058
0.134085
-0.100029
-0.0486142
0.119345
-0.182461
-0.0542201
-0.0570668
-0.194887
0.182121
-0.169059
-0.0503669
0.148088
0.064097
-0.0527809
0.107162
-0.00841824
0.0568522
-0.108194
-0.193333
-0.0821594
0.112386
0.116671
0.145659
-0.112665
-0.141694
0.075877
-0.109138
-0.0816189
-0.140296
0.119225
0.0713721
0.0071173
0.134681
-0.199969
-0.126847
0.0927477
0.097634
-0.167542
-0.0873608
0.110072
-0.101535
0.101798
-0.0110616
-0.169963
-0.010921
0.177567
-0.104517
0.0204985
0.173272
-0.169073
-0.196023
0.0750806
-0.159606
-0.182381
0.135563
-0.00990341
0.135347
0.0117206
-0.116993
0.103064
-0.0430975
0.0921688
-0.12439
-0.0611072
-0.0928946
-0.154698
0.189694
0.0549668
0.123037
-0.123648
-0.192825
-0.010567
-0.150508
0.178114
-0.18461
0.17573
0.189874
-0.128733
-0.120719
-0.138902
0.0605269
-0.087381
-0.108137
0.108272
-0.013821
0.0653757
0.156843
0.149596
-0.0177542
0.160747
-0.195634
0.163447
0.0583918
-0.0563946
0.0279612
0.0439531
0.0712038
0.13112
-0.00767099
0.013814
0.133917
-0.0063086
0.192678
-0.094647
-0.0765455
-0.115821
-0.190575
0.0972422
-0.0322676
0.0856725
0.0440229
0.149835
0.00220812
0.141026
0.125961
-0.188845
-0.0676146
0.0114881
-0.15387
-0.137885
0.151704
-0.0939804
0.0259617
-0.00449559
0.124118
0.0124222
0.0178231
0.196573
-0.115384
-0.0642617
0.145291
0.0042954
-0.0160671
0.00521182
-0.0256464
0.00696622
0.160228
-0.0542143
0.150838
0.0738948
-0.00735244
0.112074
0.131973
0.0927443
-0.121657
0.190782
0.14423
-0.191492
-0.0865311
-0.0846894
0.169975
0.157806
0.135627
0.0645389
0.0445864
0.181096
-0.193481
0.00426586
-0.18023
-0.124784
-0.0207287
-0.116875
-0.127617
0.10655
0.0388275
0.103089
0.125751
-0.0495841
-0.108581
-0.034906
0.0143495
0.0294949
-0.179976
-0.0141734
-0.062663
0.0932373
-0.131695
-0.143891
0.168187
0.0668327
-0.0133677
0.115457
-0.0981865
0.180172
-0.171778
-0.161851
-0.148336
-0.129876
0.0147398
-0.181363
-0.0372798
-0.140269
0.0937424
-0.154158
0.0545184
0.0555125
-0.0459415
0.0552232
-0.115484
0.131583
0.077967
-0.188121
-0.153395
-0.0730352
-0.164961
-0.125705
-0.101347
-0.0227689
0.152187
-0.104583
0.0581894
-0.110102
0.0552786
-0.119075
-0.115704
0.0611533
0.0541375
0.0821218
-0.0641298
0.00634747
0.133651
-0.000684665
-0.0768073
-0.0884842
0.0185333
-0.198967
-0.0487879
-0.0378048
-0.0679534
0.169711
-0.153184
-0.0906583
-0.185771
0.0200681
0.161928
-0.00809019
0.0222481
-0.113051
0.000712319
-0.0979635
0.0180164
0.106047
0.0651715
-0.15268
-0.180351
0.147319
0.0249713
0.109495
-0.138411
0.165667
0.0767235
-0.17528
-0.144093
0.0586545
-0.0906234
-0.0286095
0.150234
-0.131021
0.108444
0.118491
0.151542
-0.0505966
-0.0183605
0.182954
0.0671514
-0.0955372
0.166722
0.134758
-0.0542034
-0.177366
0.166439
-0.0302157
0.0743682
-0.0615284
-0.0149033
-0.0607035
-0.0693035
0.154818
-0.106839
0.143092
0.0866095
-0.176361
0.163344
0.0916169
-0.0173553
-0.11336
0.0956299
0.15481
0.147391
0.0437384
-0.141952
-0.183197
-0.0579242
-0.0433953
0.0106643
0.0671493
-0.0126714
0.196089
-0.0706066
-0.0134703
-0.0282456
-0.14844
-0.0490292
-0.122253
-0.182988
0.0436491
0.0194496
-0.0942229
-0.101114
-0.0716308
0.105857
-0.152202
-0.158848
-0.179252
0.117154
-0.103142
0.169025
-0.0430551
-0.0520633
0.162341
-0.0424631
0.0263234
0.026041
0.0203187
0.0807001
0.0934205
0.172131
0.0706623
-0.056431
0.0508149
-0.190564
-0.0744785
0.129546
-0.0679269
0.0195134
-0.0442349
-0.19124
-0.189312
-0.164104
0.0279184
0.00899091
-0.0257036
-0.0644753
0.119102
-0.194185
-0.0902891
0.146878
-0.0567564
0.052039
-0.0560678
-0.165967
-0.195311
-0.0148136
-0.131298
0.180197
0.0644101
-0.0999466
-0.0668213
0.168151
-0.169294
0.0106552
0.0918621
0.037575
0.0980138
-0.0924365
-0.0415276
-0.0876628
-0.133537
-0.185177
-0.194199
0.177666
-0.00398254
0.137916
-0.179538
0.130867
-0.00503102
0.146443
-0.181609
-0.147868
-0.00975142
0.187343
-0.0506771
0.103477
0.0819677
-0.0274242
-0.0237576
-0.0375329
-0.195491
0.147952
-0.195207
0.0361666
0.157112
-0.160914
-0.0690299
-0.0805987
-0.180353
0.102269
0.0378494
-0.0803437
-0.0133321
-0.0260323
-0.163975
0.0935819
-0.0669863
-0.131392
-0.17011
0.134777
-0.0147216
-0.00607012
-0.124847
-0.0852831
-0.147951
-0.000334724
0.16555
-0.195283
-0.121694
-0.198755
-0.0263806
0.0690765
-0.112879
-0.129783
-0.144855
-0.137387
0.167697
0.137339
0.00508522
-0.0248536
0.0808612
-0.1516
0.00142627
-0.179667
0.16904
-0.0502623
0.0137817
-0.105876
0.117996
-0.0728119
0.191908
0.173269
-0.0796306
0.13191
-0.141134
-0.15904
-0.169367
-0.0675471
-0.127294
0.187439
-0.0789748
-0.116284
-0.0784823
-0.198149
0.101701
-0.00197117
0.0845221
-0.0193928
-0.0499187
0.108108
0.0304329
0.0435123
0.0615239
0.177194
0.165896
-0.110442
-0.150894
0.178108
-0.130689
0.12044
0.188244
0.0580264
-0.144731
-0.134226
-0.121158
-0.0655006
0.113519
-0.0400257
0.0164799
-0.185333
-0.181846
-0.134232
-0.0102241
0.141805
-0.190109
0.107705
0.0871946
0.0674987
0.0272444
-0.05497
-0.0608556
0.121161
-0.18994
-0.107479
0.0806701
-0.0895751
0.0340032
-0.0890968
0.190773
0.166683
-0.0741176
-0.0319425
-0.0559604
-0.0264452
-0.183282
-0.168495
-0.162453
-0.157159
-0.168483
-0.0571461
-0.102636
-0.106891
0.0268183
0.154345
-0.146961
0.162724
-0.103091
-0.158008
-0.0605412
-0.139353
-0.176122
-0.118309
0.160484
0.10633
-0.199627
-0.125301
-0.186081
-0.190692
-0.0223814
0.0406941
0.0530016
-0.150365
-0.113161
-0.026939
-0.155123
0.0639002
-0.19813
0.102957
0.0978001
-0.123727
0.0370617
0.0589894
-0.0325315
0.0614283
0.192195
0.16372
-0.0350419
0.10221
0.175108
-0.0492
-0.104959
-0.0898061
0.0103319
0.0425356
-0.137082
0.100246
-0.0608794
-0.189219
-0.0366518
0.152979
0.105268
-0.136159
0.178194
0.0744349
0.153924
0.151469
0.153332
-0.120281
0.139599
0.0355621
-0.187241
0.199546
0.0706913
-0.0556717
-0.0144568
0.111774
0.152782
-0.188317
-0.13088
-0.1501
0.0589231
-0.100353
-0.193973
-0.157673
0.0265657
0.0894303
0.190847
0.134986
-0.129188
0.0143977
-0.128811
0.0326654
-0.0119869
-0.086298
-0.178904
0.132605
0.134762
-0.134065
-0.0860042
-0.154975
0.129493
0.0968209
0.0147102
-0.142251
0.189221
0.129947
-0.066301
-0.143645
0.194258
0.00797515
-0.0531784
0.0491564
0.0302021
-0.178857
-0.185605
0.0285962
-0.13424
-0.156027
0.0438497
0.143284
0.0200685
0.0510554
0.146449
-0.116075
0.151826
0.0333111
-0.107218
0.0257029
0.0532947
0.0314337
-0.0384678
0.0220417
0.00837036
0.0458721
0.0876886
-0.0223865
0.156292
0.024242
0.0463346
-0.104244
0.0209584
-0.0920019
-0.164822
-0.0780566
-0.0623836
0.0426273
0.0140299
0.10081
0.0966555
-0.0635129
-0.17403
0.0298048
-0.0648486
0.129948
0.0585368
0.0644217
-0.107113
0.0115543
-0.0413986
0.0335951
0.0376306
0.0687487
-0.193445
-0.0804692
-0.0326178
0.13776
0.0653158
0.0332462
0.0220055
-0.120948
-0.0226843
-0.139093
0.0821407
0.0862614
-0.106625
-0.15266
-0.119751
0.0172531
0.146337
-0.154489
0.085024
0.0960461
-0.00451472
-0.0550174
-0.150249
-0.010026
-0.0597816
-0.0264361
-0.064103
-0.186396
0.144473
0.139154
-0.0703433
-0.114174
0.0150738
-0.0612459
0.0750143
-0.189743
0.0644375
0.154105
888888
0.05
0.05
0.05
0.05
0.05
0.05
0.05
0.05
0.05
0.05
0.05
0.05
0.05
0.05
0.05
0.05
0.05
0.05
0.05
0.05
0.05
0.05
0.05
0.05
0.05
0.05
0.05
0.05
0.05
0.05
0.05
0.05
0.05
0.05
0.05
0.05
0.05
0.05
0.05
0.05
0.05
0.05
0.05
0.05
0.05
0.05
0.05
0.05
0.05
0.05
0.05
0.05
0.05
0.05
0.05
0.05
0.05
0.05
0.05
0.05
0.05
0.05
0.05
0.05
0.05
0.05
0.05
0.05
0.05
0.05
0.05
0.05
0.05
0.05
0.05
0.05
0.05
0.05
0.05
0.05
0.05
0.05
0.05
0.05
0.05
0.05
0.05
0.05
0.05
0.05
0.05
0.05
0.05
0.05
0.05
0.05
0.05
0.05
0.05
0.05
0.05
0.05
0.05
0.05
0.05
0.05
0.05
0.05
0.05
0.05
0.05
0.05
0.05
0.05
0.05
0.05
0.05
0.05
0.05
0.05
0.05
0.05
0.05
0.05
0.05
0.05
0.05
0.05
0.05
0.05
0.05
0.05
0.05
0.05
0.05
0.05
0.05
0.05
0.05
0.05
0.05
0.05
0.05
0.05
0.05
0.05
0.05
0.05
0.05
0.05
0.05
0.05
0.05
0.05
0.05
0.05
0.05
0.05
0.05
0.05
0.05
0.05
0.05
0.05
0.05
0.05
0.05
0.05
0.05
0.05
0.05
0.05
0.05
0.05
0.05
0.05
0.05
0.05
0.05
0.05
0.05
0.05
0.05
0.05
0.05
0.05
0.05
0.05
0.05
0.05
0.05
0.05
0.05
0.05
0.05
0.05
0.05
0.05
0.05
0.05
0.05
0.05
0.05
0.05
0.05
0.05
0.05
0.05
0.05
0.05
0.05
0.05
0.05
0.05
0.05
0.05
0.05
0.05
0.05
0.05
0.05
0.05
0.05
0.05
0.05
0.05
0.05
0.05
0.05
0.05
0.05
0.05
0.05
0.05
0.05
0.05
0.05
0.05
0.05
0.05
0.05
0.05
0.05
0.05
0.05
0.05
0.05
0.05
0.05
0.05
0.05
0.05
0.05
0.05
0.05
0.05
0.05
0.05
0.05
0.05
0.05
0.05
0.05
0.05
0.05
0.05
0.05
0.05
0.05
0.05
0.05
0.05
0.05
0.05
0.05
0.05
0.05
0.05
0.05
0.05
0.05
0.05
0.05
0.05
0.05
0.05
0.05
0.05
0.05
0.05
0.05
0.05
0.05
0.05
0.05
0.05
0.05
0.05
0.05
0.05
0.05
0.05
0.05
0.05
0.05
0.05
0.05
0.05
0.05
0.05
0.05
0.05
0.05
0.05
0.05
0.05
0.05
0.05
0.05
0.05
0.05
0.05
0.05
0.05
0.05
0.05
0.05
0.05
0.05
0.05
0.05
0.05
0.05
0.05
0.05
0.05
0.05
0.05
0.05
0.05
0.05
0.05
0.05
0.05
0.05
0.05
0.05
0.05
0.05
0.05
0.05
0.05
0.05
0.05
0.05
0.05
0.05
0.05
0.05
0.05
0.05
0.05
0.05
0.05
0.05
0.05
0.05
0.05
0.05
0.05
0.05
0.05
0.05
0.05
0.05
0.05
0.05
0.05
0.05
0.05
0.05
0.05
0.05
0.05
0.05
0.05
0.05
0.05
0.05
0.05
0.05
0.05
0.05
0.05
0.05
0.05
0.05
0.05
0.05
0.05
0.05
0.05
0.05
0.05
0.05
0.05
0.05
0.05
0.05
0.05
0.05
0.05
0.05
0.05
0.05
0.05
0.05
0.05
0.05
0.05
0.05
0.05
0.05
0.05
0.05
0.05
0.05
0.05
0.05
0.05
0.05
0.05
0.05
0.05
0.05
0.05
0.05
0.05
0.05
0.05
0.05
0.05
0.05
0.05
0.05
0.05
0.05
0.05
0.05
0.05
0.05
0.05
0.05
0.05
0.05
0.05
0.05
0.05
0.05
0.05
0.05
0.05
0.05
0.05
0.05
0.05
0.05
0.05
0.05
0.05
0.05
0.05
0.05
0.05
0.05
0.05
0.05
0.05
0.05
0.05
0.05
0.05
0.05
0.05
0.05
0.05
0.05
0.05
0.05
0.05
0.05
0.05
0.05
0.05
0.05
0.05
0.05
0.05
0.05
0.05
0.05
0.05
0.05
0.05
0.05
0.05
0.05
0.05
0.05
0.05
0.05
0.05
0.05
0.05
0.05
0.05
0.05
0.05
0.05
0.05
0.05
0.05
0.05
0.05
0.05
0.05
0.05
0.05
0.05
0.05
0.05
0.05
0.05
0.05
0.05
0.05
0.05
0.05
0.05
0.05
0.05
0.05
0.05
0.05
0.05
0.05
0.05
0.05
0.05
0.05
0.05
0.05
0.05
0.05
0.05
0.05
0.05
0.05
0.05
0.05
0.05
0.05
0.05
0.05
0.05
0.05
0.05
0.05
0.05
0.05
0.05
0.05
0.05
0.05
0.05
0.05
0.05
0.05
0.05
0.05
0.05
0.05
0.05
0.05
0.05
0.05
0.05
0.05
0.05
0.05
0.05
0.05
0.05
0.05
0.05
0.05
0.05
0.05
0.05
0.05
0.05
0.05
0.05
0.05
0.05
0.05
0.05
0.05
0.05
0.05
0.05
0.05
0.05
0.05
0.05
0.05
0.05
0.05
0.05
0.05
0.05
0.05
0.05
0.05
0.05
0.05
0.05
0.05
0.05
0.05
0.05
0.05
0.05
0.05
0.05
0.05
0.05
0.05
0.05
0.05
0.05
0.05
0.05
0.05
0.05
0.05
0.05
0.05
0.05
0.05
0.05
0.05
0.05
0.05
0.05
0.05
0.05
0.05
0.05
0.05
0.05
0.05
0.05
0.05
0.05
0.05
0.05
0.05
0.05
0.05
0.05
0.05
0.05
0.05
0.05
0.05
0.05
0.05
0.05
0.05
0.05
0.05
0.05
0.05
0.05
0.05
0.05
0.05
0.05
0.05
0.05
0.05
0.05
0.05
0.05
0.05
0.05
0.05
0.05
0.05
0.05
0.05
0.05
0.05
0.05
0.05
0.05
0.05
0.05
0.05
0.05
0.05
0.05
0.05
0.05
0.05
0.05
0.05
0.05
0.05
0.05
0.05
0.05
0.05
0.05
0.05
0.05
0.05
0.05
0.05
0.05
0.05
0.05
0.05
0.05
0.05
0.05
0.05
0.05
0.05
0.05
0.05
0.05
0.05
0.05
0.05
0.05
0.05
0.05
0.05
0.05
0.05
0.05
0.05
0.05
0.05
0.05
0.05
0.05
0.05
0.05
0.05
0.05
0.05
0.05
0.05
0.05
0.05
0.05
0.05
0.05
0.05
0.05
0.05
0.05
0.05
0.05
0.05
0.05
0.05
0.05
0.05
0.05
0.05
0.05
0.05
0.05
0.05
0.05
0.05
0.05
0.05
0.05
0.05
0.05
0.05
0.05
0.05
0.05
0.05
0.05
0.05
0.05
0.05
0.05
0.05
0.05
0.05
0.05
0.05
0.05
0.05
0.05
0.05
0.05
0.05
0.05
0.05
0.05
0.05
0.05
0.05
0.05
0.05
0.05
0.05
0.05
0.05
0.05
0.05
0.05
0.05
0.05
0.05
0.05
0.05
0.05
0.05
0.05
0.05
0.05
0.05
0.05
0.05
0.05
0.05
0.05
0.05
0.05
0.05
0.05
0.05
0.05
0.05
0.05
0.05
0.05
0.05
0.05
0.05
0.05
0.05
0.05
0.05
0.05
0.05
0.05
0.05
0.05
0.05
0.05
0.05
0.05
0.05
0.05
0.05
0.05
0.05
0.05
0.05
0.05
0.05
0.05
0.05
0.05
0.05
0.05
0.05
0.05
0.05
0.05
0.05
0.05
0.05
0.05
0.05
0.05
0.05
0.05
0.05
0.05
0.05
0.05
0.05
0.05
0.05
0.05
0.05
0.05
0.05
0.05
0.05
0.05
0.05
0.05
0.05
0.05
0.05
0.05
0.05
0.05
0.05
0.05
0.05
0.05
0.05
0.05
0.05
0.05
0.05
0.05
0.05
0.05
0.05
0.05
0.05
0.05
0.05
0.05
0.05
0.05
0.05
0.05
0.05
0.05
0.05
0.05
0.05
0.05
0.05
0.05
0.05
0.05
0.05
0.05
0.05
0.05
0.05
0.05
0.05
0.05
0.05
0.05
0.05
0.05
0.05
0.05
0.05
0.05
0.05
0.05
0.05
0.05
0.05
0.05
0.05
0.05
0.05
0.05
0.05
0.05
0.05
0.05
0.05
0.05
0.05
0.05
0.05
0.05
0.05
0.05
0.05
0.05
0.05
0.05
0.05
0.05
0.05
0.05
0.05
0.05
0.05
0.05
0.05
0.05
0.05
0.05
0.05
0.05
0.05
0.05
0.05
0.05
0.05
0.05
0.05
0.05
0.05
0.05
0.05
0.05
0.05
0.05
0.05
0.05
0.05
0.05
0.05
0.05
0.05
0.05
0.05
0.05
0.05
0.05
0.05
0.05
0.05
0.05
0.05
0.05
0.05
0.05
0.05
0.05
0.05
0.05
0.05
0.05
0.05
0.05
0.05
0.05
0.05
0.05
0.05
0.05
0.05
0.05
0.05
0.05
0.05
0.05
0.05
0.05
0.05
0.05
0.05
0.05
0.05
0.05
0.05
0.05
0.05
0.05
0.05
0.05
0.05
0.05
0.05
0.05
0.05
0.05
0.05
0.05
0.05
0.05
0.05
0.05
0.05
0.05
0.05
0.05
0.05
0.05
0.05
0.05
0.05
0.05
0.05
0.05
0.05
0.05
0.05
0.05
0.05
0.05
0.05
0.05
0.05
0.05
0.05
0.05
0.05
0.05
0.05
0.05
0.05
0.05
0.05
0.05
0.05
0.05
0.05
0.05
0.05
0.05
0.05
0.05
0.05
0.05
0.05
0.05
0.05
0.05
0.05
0.05
0.05
0.05
0.05
0.05
0.05
0.05
0.05
0.05
0.05
0.05
0.05
0.05
0.05
0.05
0.05
0.05
0.05
0.05
0.05
0.05
0.05
0.05
0.05
0.05
0.05
0.05
0.05
0.05
0.05
0.05
0.05
0.05
0.05
0.05
0.05
0.05
0.05
0.05
0.05
0.05
0.05
0.05
0.05
0.05
0.05
0.05
0.05
0.05
0.05
0.05
0.05
0.05
0.05
0.05
0.05
0.05
0.05
0.05
0.05
0.05
0.05
0.05
0.05
0.05
0.05
0.05
0.05
0.05
0.05
0.05
0.05
0.05
0.05
0.05
0.05
0.05
0.05
0.05
0.05
0.05
0.05
0.05
0.05
0.05
0.05
0.05
0.05
0.05
0.05
0.05
0.05
0.05
0.05
0.05
0.05
0.05
0.05
0.05
0.05
0.05
0.05
0.05
0.05
0.05
0.05
0.05
0.05
0.05
0.05
0.05
0.05
0.05
0.05
0.05
0.05
0.05
0.05
0.05
0.05
0.05
0.05
0.05
0.05
0.05
0.05
0.05
0.05
0.05
0.05
0.05
0.05
0.05
0.05
0.05
0.05
0.05
0.05
0.05
0.05
0.05
0.05
0.05
0.05
0.05
0.05
0.05
0.05
0.05
0.05
0.05
0.05
0.05
0.05
0.05
0.05
0.05
0.05
0.05
0.05
0.05
0.05
0.05
0.05
0.05
0.05
0.05
0.05
0.05
0.05
0.05
0.05
0.05
0.05
0.05
0.05
0.05
0.05
0.05
0.05
0.05
0.05
0.05
0.05
0.05
0.05
0.05
0.05
0.05
0.05
0.05
0.05
0.05
0.05
0.05
0.05
0.05
0.05
0.05
0.05
0.05
0.05
0.05
0.05
0.05
0.05
0.05
0.05
0.05
0.05
0.05
0.05
0.05
0.05
0.05
0.05
0.05
0.05
0.05
0.05
0.05
0.05
0.05
0.05
0.05
0.05
0.05
0.05
0.05
0.05
0.05
0.05
0.05
0.05
0.05
0.05
0.05
0.05
0.05
0.05
0.05
0.05
0.05
0.05
0.05
0.05
0.05
0.05
0.05
0.05
0.05
0.05
0.05
0.05
0.05
0.05
0.05
0.05
0.05
0.05
0.05
0.05
0.05
0.05
0.05
0.05
0.05
0.05
0.05
0.05
0.05
0.05
0.05
0.05
0.05
0.05
0.05
0.05
0.05
0.05
0.05
0.05
0.05
0.05
0.05
0.05
0.05
0.05
0.05
0.05
0.05
0.05
0.05
0.05
0.05
0.05
0.05
0.05
0.05
0.05
0.05
0.05
0.05
0.05
0.05
0.05
0.05
0.05
0.05
0.05
0.05
0.05
0.05
0.05
0.05
0.05
0.05
0.05
0.05
0.05
0.05
0.05
0.05
0.05
0.05
0.05
0.05
0.05
0.05
0.05
0.05
0.05
0.05
0.05
0.05
0.05
0.05
0.05
0.05
0.05
0.05
0.05
0.05
0.05
0.05
0.05
0.05
0.05
0.05
0.05
0.05
0.05
0.05
0.05
0.05
0.05
0.05
0.05
0.05
0.05
0.05
0.05
0.05
0.05
0.05
0.05
0.05
0.05
0.05
0.05
0.05
0.05
0.05
0.05
0.05
0.05
0.05
0.05
0.05
0.05
0.05
0.05
0.05
0.05
0.05
0.05
0.05
0.05
0.05
0.05
0.05
0.05
0.05
0.05
0.05
0.05
0.05
0.05
0.05
0.05
0.05
0.05
0.05
0.05
0.05
0.05
0.05
0.05
0.05
0.05
0.05
0.05
0.05
0.05
0.05
0.05
0.05
0.05
0.05
0.05
0.05
0.05
0.05
0.05
0.05
0.05
0.05
0.05
0.05
0.05
0.05
0.05
0.05
0.05
0.05
0.05
0.05
0.05
0.05
0.05
0.05
0.05
0.05
0.05
0.05
0.05
0.05
0.05
0.05
0.05
0.05
0.05
0.05
0.05
0.05
0.05
0.05
0.05
0.05
0.05
0.05
0.05
0.05
0.05
0.05
0.05
0.05
0.05
0.05
0.05
0.05
0.05
0.05
0.05
0.05
0.05
0.05
0.05
0.05
0.05
0.05
0.05
0.05
0.05
0.05
0.05
0.05
0.05
0.05
0.05
0.05
0.05
0.05
0.05
0.05
0.05
0.05
0.05
0.05
0.05
0.05
0.05
0.05
0.05
0.05
0.05
0.05
0.05
0.05
0.05
0.05
0.05
0.05
0.05
0.05
0.05
0.05
0.05
0.05
0.05
0.05
0.05
0.05
0.05
0.05
0.05
0.05
0.05
0.05
0.05
0.05
0.05
0.05
0.05
0.05
0.05
0.05
0.05
0.05
0.05
0.05
0.05
0.05
0.05
0.05
0.05
0.05
0.05
0.05
0.05
0.05
0.05
0.05
0.05
777777