1.14273
999999
-0.0763614
0.107221
-0.0571743
-0.1627
-0.135514
0.0446348
-0.0209487
-0.0389949
-0.171165
-0.124008
-0.15982
0.0424226
0.130714
0.016428
0.099291
-0.132076
0.0151442
-0.186942
-0.168492
0.196873
0.130476
-0.146855
-0.0784696
-0.171864
0.0406335
0.0170921
-0.182033
0.143551
0.153728
-0.148126
0.0883194
-0.0183771
0.0283068
0.134927
0.0783781
-0.0267029
0.0962616
0.0863932
-0.0265817
-0.00409974
0.0356132
0.0913459
-0.194323
-0.00782508
-0.0423394
0.158019
-0.156133
-0.166528
0.183021
0.0279623
0.0522415
-0.149892
0.0544571
0.115292
-0.115542
0.0953111
-0.130962
-0.140625
0.101481
-0.0762917
0.094113
0.0607687
0.0699237
-0.103196
0.037082
0.0269649
-0.0740558
-0.14637
0.126026
-0.122712
-0.138174
0.173168
0.128041
0.0730262
-0.0938654
0.122544
-0.0604301
0.0398286
-0.188851
-0.0145588
0.0469862
0.11038
-0.147342
0.075598
-0.0956205
0.0315159
0.0488345
-0.163199
-0.0287426
0.00442225
-0.144692
-0.0689939
-0.116286
-0.16964
-0.12276
0.114697
0.182234
-0.138438
-0.0397002
0.0323779
0.128864
0.0285406
0.192405
-0.0905883
-0.0188551
0.1161
0.190974
0.0333322
0.187408
-0.196508
0.103514
-0.0820264
-0.143676
-0.160866
-0.0247119
0.0142679
-0.190483
0.191914
-0.0600403
-0.112941
0.0779189
0.0808476
-0.139526
-0.153822
-0.10596
0.1683
0.0378904
-0.120773
-0.127132
0.121729
0.0182941
0.192076
0.196669
0.145182
0.159472
0.139118
0.0775213
-0.0324928
0.150986
0.142686
0.110098
0.133123
0.055928
-0.0664506
-0.198149
-0.0155446
6.13069e-05
-0.0687546
-0.119458
0.098083
-0.107486
-0.111453
0.136002
-0.165461
-0.164284
0.0474371
-0.0331773
-0.1261
-0.11081
-0.126404
0.0494649
0.161571
0.0408204
-0.174112
0.114466
-0.143863
-0.101407
0.0977842
0.127754
-0.175835
-0.138158
-0.183
-0.161626
0.156162
-0.0625989
0.0101225
-0.0173408
0.0518376
0.0732393
0.0366989
0.0533417
0.101905
0.161466
-0.0849003
-0.112452
-0.198595
-0.18574
-0.0963106
-0.0277734
0.172542
-0.0963807
0.0510821
0.0827547
0.109533
-0.199393
0.165637
-0.0179502
0.0693216
-0.133421
0.124975
-0.189753
-0.197097
0.0585335
-0.134683
-0.0747693
0.0702708
-0.116674
0.114049
0.117998
-0.177503
0.16417
0.089483
-0.119861
0.00676058
-0.177812
-0.165227
0.0442998
0.104286
0.117926
-0.0562678
-0.0414526
0.140294
-0.197583
0.0507356
0.0202834
0.181806
-0.116754
-0.0180475
-0.109215
0.124401
0.166395
0.145934
0.00218426
-0.0520923
-0.142282
0.0774987
0.0335951
0.0174569
-0.144744
-0.0746165
-0.0402054
-0.120349
0.150966
0.0617798
0.176349
0.165667
0.105324
-0.166722
-0.118993
-0.132639
0.185773
-0.0294827
0.16074
0.178242
-0.0036689
-0.0598795
-0.178651
-0.0341042
0.00743574
-0.129601
-0.0155067
0.156343
-0.175133
0.084459
-0.0529285
0.0299967
-0.175805
-0.0960286
0.129658
-0.124472
-0.104277
0.187367
0.15032
0.016508
-0.150688
-0.133235
0.0774776
-0.115986
-0.0656361
-0.159249
-0.0604595
0.122276
0.148783
-0.0278947
-0.0378547
0.0307394
-0.18816
-0.178318
-0.118861
-0.154435
0.191632
-0.100608
-0.172632
-0.112563
-0.197408
-0.10013
-0.149532
0.0677632
-0.10805
-0.103139
0.0350016
0.116019
0.134735
-0.0721316
0.0410584
-0.0148558
0.12462
-0.173475
-0.138181
0.190981
0.147915
0.0358038
-0.105172
-0.160043
0.0165077
0.0792032
0.00267655
0.105143
-0.0115813
0.115557
0.1279
-0.179145
-0.154502
0.127178
0.108805
-0.0161708
0.0889982
-0.118736
0.105868
-0.0955317
0.0948768
0.142796
0.172118
0.170838
-0.0682432
0.103839
-0.00676567
0.0799153
0.124251
-0.00644318
-0.0890209
-0.0934573
0.177529
-0.167299
0.176341
0.048836
-0.0477036
-0.133171
0.0514051
-0.0208924
-0.057647
0.0396556
0.0512002
-0.00208155
-0.0315979
-0.133981
-0.0952613
0.0854162
0.00243527
0.198735
0.0941959
-0.18957
-0.0705155
-0.108449
-0.0534298
-0.0226963
0.183967
-0.115714
-0.131759
-0.144332
0.178097
0.0112375
0.0928727
-0.0988156
0.0558888
-0.12354
0.00137246
0.157093
-0.140458
0.00199951
-0.104903
0.188884
0.0104445
0.153477
0.0790015
0.121342
-0.0625339
0.0776151
0.19273
-0.0378858
-0.150586
0.0999131
-0.00600034
-0.155308
0.132718
-0.15617
-0.117489
-0.0171447
-0.13281
-0.174049
-0.027631
-0.0277003
0.0783763
-0.0446693
0.0875832
0.188634
-0.046197
0.190726
-0.00168379
0.188812
0.0429864
0.0735039
-0.00527723
-0.103711
0.110836
0.0699834
0.199317
0.153561
-0.0422476
-0.0738899
-0.0625446
0.0167483
0.0440569
-0.168489
-0.117861
0.0525638
0.0203891
0.108087
0.177014
0.150476
0.117756
0.0213674
-0.169431
0.157538
-0.133138
0.160191
-0.0723637
-0.1338
0.0656619
0.0475842
0.0945021
0.0745391
0.0779263
-0.0242823
0.0396173
0.141177
0.0192699
-0.0268656
-0.0493085
-0.0478067
-0.0180017
0.0394811
-0.0525801
0.119382
0.139661
-0.0592145
-0.159434
0.0899738
0.097045
0.134074
0.0942009
-0.0675803
-0.000264335
-0.00395477
0.14782
0.0492656
-0.0962954
-0.108798
0.0502768
0.158793
0.19666
0.167665
-0.176543
-0.0948697
-0.13333
0.0235094
0.0440314
-0.00974683
-0.107754
-0.179345
0.019707
-0.17647
0.0670769
-0.15676
-0.0722364
0.0378768
-0.107643
-0.132729
-0.171155
-0.0260938
0.0386399
0.122014
0.0625198
0.130539
0.164755
0.051056
0.0944092
-0.189545
0.116118
-0.0817235
-0.055822
-0.0773723
-0.0775453
-0.0565864
-0.0781883
-0.191638
-0.00652288
0.0739992
0.139183
0.0712394
-0.146732
0.0497127
-0.0891394
-0.0239962
-0.18849
-0.103006
-0.183336
-0.11437
0.018473
-0.084113
0.0793265
0.0340416
0.0137941
-0.0904498
0.0778495
-0.066351
-0.0742577
-0.0138019
-0.100911
0.0547112
-0.168951
-0.0256637
-0.165735
-0.0502448
-0.102512
-0.0825835
-0.159546
0.0165445
-0.0652237
0.0891029
0.0446163
0.0542732
0.00355062
0.0792893
0.187368
0.074926
-0.100616
-0.0115199
-0.117921
0.0264994
0.180611
-0.0504191
0.158316
-0.0974754
0.0717127
0.181286
0.0970348
0.0827449
0.160203
0.00527101
0.155445
0.198947
-0.0568425
0.176357
-0.0057917
0.110182
0.15862
0.120526
-0.00955898
-0.0290779
-0.122595
0.180235
-0.0291633
-0.199749
0.110498
0.00917778
0.120451
-0.191805
-0.143878
0.0808116
-0.106852
-0.124001
-0.0238478
0.111802
-0.124298
-0.19069
0.0350882
0.170234
-0.15938
-0.134168
0.0393032
-0.0724853
0.182696
-0.197091
0.176388
-0.0999807
0.0743295
0.184078
0.170075
0.0492482
-0.0595565
0.0334736
0.0849746
0.175695
0.168961
-0.0767391
0.0867921
0.0695933
0.154282
-0.120124
-0.0686503
0.115618
0.104685
0.0244354
-0.173022
0.162363
-0.087564
0.179943
-0.0313232
-0.172552
0.0703929
0.00589804
0.0494188
0.107065
0.0779932
0.121356
0.140909
-0.0681932
0.0357048
0.00286586
0.124059
0.13774
0.175557
0.056886
0.0182844
-0.0744924
0.133461
-0.198602
0.0737858
0.0787451
0.173006
-0.0708213
0.167965
0.0726277
-0.0819666
-0.058717
-0.101704
0.0949439
0.177359
-0.160948
-0.0391711
-0.138393
-0.0759679
0.0722215
-0.116851
0.135157
0.158442
-0.0957225
0.100445
0.0190699
-0.0498003
-0.0334572
0.00694915
-0.148541
0.0219293
0.101547
0.145321
0.157348
0.0396516
0.173119
0.126308
0.0379668
0.0808894
-0.0623045
-0.194672
-0.0942697
-0.0231821
0.17899
0.0963958
0.156961
0.148218
-0.0323484
0.0327037
0.169004
0.19903
-0.0344942
0.0701549
-0.0216994
0.181368
-0.106146
0.0492829
-0.0663567
-0.108092
0.0196573
0.00192742
-0.0369835
-0.00186328
0.165601
-0.134677
0.108767
0.155704
0.0694328
0.0737531
-0.0288917
-0.100887
0.099558
0.0407137
0.0771743
-0.0777002
0.0833392
0.160677
0.117281
-0.108073
0.0409067
-0.0811684
-0.0615506
-0.177519
0.00208059
0.0763916
0.185757
-0.107026
-0.103493
0.00163415
0.0159156
0.123866
-0.160724
0.171816
0.107663
-0.151569
-0.0160662
-0.152729
-0.16548
-0.0589289
0.0232031
0.0503948
0.197301
0.00980833
-0.198426
0.0879961
0.142999
0.133711
0.0162131
0.126923
0.128605
0.051355
-0.179994
-0.0375588
-0.0771008
-0.0111281
0.144102
0.0345715
-0.128191
0.178537
0.152296
0.120198
0.119474
-0.140799
0.0263705
0.137199
-0.00780699
0.184171
0.113237
-0.187435
0.170754
0.00589791
-0.0837256
-0.126532
0.0787002
-0.135806
0.120489
-0.0511344
-0.0777307
0.0278786
-0.149256
-0.157514
0.0130225
-0.0523366
-0.0107405
-0.0336697
0.0657474
0.101199
-0.0824907
-0.162279
-0.103998
0.0915474
0.0731628
-0.180018
0.109125
0.0881298
-0.107547
0.00219321
0.0540812
-0.115232
-0.0317411
0.17035
-0.147142
0.119506
-0.00631032
-0.0111051
0.117259
-0.0244186
0.0390413
0.112696
-0.156397
-0.123139
-0.158904
-0.0186042
-0.0926512
-0.12123
-0.0314222
0.148203
0.0190598
0.173959
0.0360518
0.157211
-0.154679
0.0240514
0.0391493
-0.150451
-0.092047
-0.0525617
0.0535035
-0.1628
0.130752
0.0557028
0.0939926
0.106484
0.0602668
-0.0445991
0.197328
-0.165315
-0.132597
-0.157142
-0.0691493
0.0261893
0.16554
0.121117
0.011628
0.0399983
0.0232636
-0.16781
0.148822
0.199183
0.0706115
0.173165
0.0515784
-0.0567354
0.127729
-0.105663
-0.0245709
-0.167593
-0.143409
-0.125133
-0.00337304
0.0973061
-0.11068
0.152446
-0.0655595
-0.115597
-0.145944
-0.148033
0.0144836
-0.0534679
-0.0814356
-0.0872643
-0.0022525
-0.157577
0.0348834
-0.0542661
-0.101838
0.11172
-0.143324
0.119303
-0.0544935
-0.0549343
-0.0847439
0.0141137
0.161119
0.168707
-0.0292633
0.139927
-0.192392
-0.039733
0.115065
0.195455
-0.0693063
0.155608
-0.169866
0.164969
0.159169
-0.187386
-0.183343
-0.0978303
-0.140999
0.0768395
0.0247834
0.0381595
0.150727
-0.194868
0.0054114
0.107291
0.149323
0.0235566
0.160608
0.142513
-0.0337895
-0.0421237
0.0203792
-0.0240309
0.015383
0.0402712
0.164833
0.198107
0.129166
0.125873
-0.156246
-0.0277259
0.00383113
-0.130399
-0.0116272
-0.196324
0.145615
-0.028277
-0.0152581
-0.163998
-0.161497
-0.0732658
0.0235538
-0.0525833
-0.0537829
0.06387
-0.137838
0.130002
0.0780766
0.179133
0.0123264
-0.0597485
-0.102673
0.0332152
-0.122238
0.10078
0.0390536
-0.159579
-0.146524
0.031388
-0.0919266
0.188402
-0.118029
0.149374
0.0492928
0.0564777
0.141283
-0.0684419
-0.0284662
0.068716
-0.104275
0.151057
0.0552435
0.0992314
0.153754
0.115722
0.113854
0.191718
-0.188825
-0.176439
-0.149042
0.0772606
-0.0749049
-0.086086
0.162642
0.164734
-0.18886
-0.146089
0.0813578
0.152306
-0.114994
-0.0313955
-0.180385
0.186081
0.161171
-0.16928
0.142073
0.159705
-0.0176078
0.0641869
-0.194651
-0.0787579
-0.093183
-0.136238
0.147975
-0.195836
0.116674
-0.172609
0.140738
0.103901
-0.0496519
0.123579
0.114232
0.0911235
-0.0711234
-0.0121263
0.155466
-0.113218
-0.188461
0.0650062
0.0702953
-0.169573
0.188107
-0.0687357
0.064658
0.115301
-0.0751153
0.118065
0.0465144
0.0805301
0.157492
-0.146181
0.119336
0.0839718
0.116864
0.194437
0.177812
-0.187479
0.113164
-0.0205341
-0.0432811
0.00810328
-0.0324976
-0.0532603
-0.147175
-0.099142
-0.0438573
0.182846
0.199311
0.125227
-0.0034654
0.176039
0.11693
-0.0595052
-0.0925853
0.126789
-0.0317179
0.0237084
-0.0874782
-0.182397
0.0140399
0.138901
0.188317
0.131513
0.0966209
0.0989938
0.108748
-0.182105
-0.0523508
-0.197886
-0.155176
0.121643
0.133685
-0.0915258
0.132929
-0.145623
-0.173293
0.117355
-0.126995
-0.191171
0.0497032
0.134841
-0.0941989
-0.0224221
-0.0466509
-0.19611
0.109164
0.188528
-0.0145211
0.0577931
-0.136131
0.164425
0.0672742
0.0606607
-0.0496904
0.152111
0.044306
0.033582
0.134197
-0.0395749
0.0798408
-0.167515
0.0378776
0.194201
0.0174201
-0.0332311
0.0084803
0.0889859
0.121821
-0.174524
-0.129246
0.065569
-0.104793
0.097443
0.193146
0.00247593
0.111683
0.0860863
-0.0114899
-0.140045
0.137556
0.178646
0.11166
-0.0217184
-0.174576
0.1214
-0.0743581
0.16204
-0.0158276
-0.121638
-0.132982
0.190673
-0.0980626
-0.015727
-0.0463173
-0.184631
-0.0987427
0.109446
-0.119399
-0.0522501
0.194633
0.0048535
0.00692741
0.061806
0.0271379
-0.123701
0.00491214
0.147162
-0.0624837
0.144376
-0.102722
-0.00854343
0.162941
0.110068
-0.133762
0.190083
-0.0394502
0.15621
0.0320934
-0.101541
-0.162523
-0.0654533
0.163866
-0.195838
0.127062
0.0995454
0.121569
0.0519612
0.0361255
-0.137766
0.0365671
-0.0443216
0.17899
-0.0334959
0.0877451
0.0428081
-0.101969
-0.0766692
-0.169533
0.142711
0.0468233
0.136455
0.18962
-0.156027
0.194997
0.0610234
0.133866
0.124788
-0.0476597
0.017974
-0.073673
-0.0967394
0.138767
-0.00669339
-0.138069
-0.0706717
-0.153844
0.166223
0.108887
-0.138999
-0.178248
0.0110904
0.191967
-0.0109629
0.0693396
0.110955
0.17016
0.0834502
0.0568939
-0.178694
-0.104972
0.115348
0.109754
0.0491923
-0.107089
-0.147924
-0.00105108
0.0601323
-0.174594
0.0690534
-0.186737
-0.00516077
-0.0300296
0.0595206
-0.195161
-0.0336765
0.055751
-0.0699382
0.166908
-0.179618
0.181251
0.0907911
0.0833148
-0.0178342
0.129272
0.17591
0.129566
-0.1739
-0.108459
-0.10491
-0.0492534
0.136381
0.118828
-0.018779
-0.040463
-0.00970716
-0.188729
0.108776
0.177858
-0.0339337
0.13407
0.0874275
0.00600559
0.0704453
-0.0811749
0.133283
0.0515616
0.0844032
0.0842607
-0.00101552
-0.0629857
-0.0895345
0.0934031
0.0906227
0.18834
0.102254
-0.0969025
0.0537862
-0.0349737
-0.027995
0.0675625
0.00968361
-0.0572684
0.0894458
0.109243
-0.12446
-0.12132
-0.0883921
-0.0796435
-0.197414
-0.135442
-0.062861
-0.0503973
0.154584
-0.0256477
-0.075992
0.015007
-0.179168
0.0851719
0.0942566
0.0364201
0.146485
0.197894
-0.184109
0.0343496
0.111379
0.0395086
-0.141866
0.0238458
-0.0371028
0.0180722
-0.189227
-0.0775398
-0.0326075
-0.0109602
-0.11313
0.0150321
0.192949
-0.00532977
0.0127888
0.112298
-0.00644753
0.155616
-0.185098
-0.00575527
-0.124175
-0.0368077
-0.185243
-0.171975
0.0179013
-0.123535
-0.00535108
0.174952
-0.0870271
-0.124761
0.184755
0.16512
0.0228047
-0.117147
-0.0186866
0.168339
0.13688
-0.102936
-0.0866414
-0.142631
0.105783
-0.109485
0.165093
-0.136114
0.0419188
-0.024856
0.00206925
0.181928
-0.0493829
0.109343
0.173357
-0.115132
0.193551
-0.00156989
0.137417
-0.0626698
-0.184964
-0.0828573
-0.0409585
0.149446
-0.165699
0.00380909
-0.0559374
-0.0758101
0.0250381
0.0342321
-0.0432247
-0.0832207
0.179143
-0.180851
0.0676174
0.0232516
0.101714
0.00677994
-0.114604
-0.0479677
-0.16415
0.109068
-0.0113093
0.0656467
0.0553719
0.0913408
-0.181439
-0.0120399
0.138496
0.126314
-0.0211421
-0.0671234
-0.132876
0.0545499
-0.00314218
0.053127
0.13992
0.0711109
0.192446
0.0771164
-0.183017
-0.158022
0.0905025
0.0778536
-0.0422192
-0.078669
-0.00701309
0.0680183
-0.185613
0.0409654
-0.17315
-0.181395
0.167176
0.122004
0.0547581
0.153226
-0.189557
-0.150899
-0.101843
0.0189927
0.00901317
0.133871
-0.0566993
-0.128725
0.194097
-0.115748
0.0380147
0.165857
0.0609187
-0.0399458
-0.062465
-0.154255
-0.022624
0.0383113
0.0471175
0.147662
0.18347
0.0697346
-0.198845
0.0486387
0.171824
0.180772
-0.179734
0.193889
0.168834
0.103774
-0.12645
0.146141
-0.192419
-0.130121
0.123043
0.107084
0.0369748
0.102151
0.0941
0.0652467
0.0674195
-0.157669
-0.135655
-0.111592
0.030846
-0.0823624
0.0720545
0.0905052
0.0250697
0.177132
0.177565
0.132638
0.00887607
-0.0895484
0.146142
0.0712566
0.0655094
-0.00624745
0.0531109
0.109763
0.185023
-0.1786
0.103958
-0.0527078
-0.155768
0.0583122
-0.12108
0.118608
0.0380868
0.152451
-0.185581
0.0846882
-0.125501
0.0474812
-0.151968
0.125327
-0.153738
-0.100014
-0.123189
0.184112
0.103151
0.179006
0.0888313
0.187543
-0.0804939
0.1016
0.106314
-0.0817819
0.0545266
-0.168636
0.143952
0.163979
0.058827
-0.184049
-0.162195
0.0185882
-0.0909981
-0.0134524
-0.124892
0.0425566
-0.0168542
-0.147956
0.0253687
0.13324
-0.11737
0.174339
-0.144661
0.103402
-0.0203975
0.179254
-0.0817454
0.158196
-0.157786
0.160784
0.0938438
0.0896563
0.0428116
0.0462395
0.032998
-0.0537953
0.130191
-0.151966
-0.118926
0.0920388
0.153871
-0.105355
-0.0188592
-0.011001
0.00325103
0.00170088
0.0278759
-0.171217
0.153871
0.190455
-0.0535008
-0.0772377
-0.0430341
-0.0820237
0.149345
-0.186468
0.182561
-0.184461
-0.183329
-0.0898141
6.98405e-05
0.147471
-0.117603
-0.00620624
0.171598
0.155616
-0.0889576
0.0383267
0.0891912
0.113068
0.0415611
-0.024868
-0.0131627
0.15951
-0.161074
0.155683
-0.144967
-0.0415345
0.0546154
0.0471759
0.0200899
0.0608559
0.0982615
-0.174206
0.0277111
0.182758
-0.00426002
0.0735694
0.168473
-0.0346501
0.134404
0.108752
-0.0563488
0.0511427
0.028109
-0.158484
-0.0190768
0.182257
0.188387
0.0153895
0.164206
-0.0504867
-0.0117918
0.0165302
0.0758568
-0.0812338
-0.113678
0.0574116
-0.18824
0.178556
0.107933
-0.0236555
0.0941619
-0.0502804
-0.164715
-0.0270788
0.0270087
0.00787508
-0.110014
-0.0154942
0.11787
0.0907119
0.167058
0.0586742
-0.101879
-0.111538
-0.112886
-0.016176
-0.199593
-0.0303175
-0.125462
0.0781931
0.122734
-0.0507127
0.182579
0.0938043
-0.00220401
-0.0983882
-0.160546
0.161781
-0.138224
0.153783
0.100054
-0.0737756
0.124665
-0.169023
0.174689
0.146881
-0.0868598
0.14883
0.0850478
0.167604
-0.179249
0.176048
-0.0797364
0.137529
-0.157134
-0.134896
0.0729279
-0.0997916
-0.173293
0.0733881
-0.138228
-0.139883
0.00635018
0.147183
-0.0613277
-0.186455
-0.14863
-0.0858252
0.129973
0.0958245
0.10876
0.0218197
-0.196208
0.101331
-0.136857
0.154301
-0.0455303
0.13565
-0.158526
0.140929
0.12952
-0.0730274
-0.00820513
-0.0133103
-0.0404015
-0.0647269
-0.0747366
0.131261
0.00816337
0.0214364
-0.0407076
0.155732
0.16332
0.142502
-0.0974399
-0.00629051
-0.0580653
0.125961
0.164333
-0.185704
-0.194407
-0.044256
-0.106477
-0.00548183
0.176686
-0.0506718
0.0620418
-0.0167511
0.175028
0.111125
-0.000717979
888888
0.05
0.05
0.05
0.05
0.05
0.05
0.05
0.05
0.05
0.05
0.05
0.05
0.05
0.05
0.05
0.05
0.05
0.05
0.05
0.05
0.05
0.05
0.05
0.05
0.05
0.05
0.05
0.05
0.05
0.05
0.05
0.05
0.05
0.05
0.05
0.05
0.05
0.05
0.05
0.05
0.05
0.05
0.05
0.05
0.05
0.05
0.05
0.05
0.05
0.05
0.05
0.05
0.05
0.05
0.05
0.05
0.05
0.05
0.05
0.05
0.05
0.05
0.05
0.05
0.05
0.05
0.05
0.05
0.05
0.05
0.05
0.05
0.05
0.05
0.05
0.05
0.05
0.05
0.05
0.05
0.05
0.05
0.05
0.05
0.05
0.05
0.05
0.05
0.05
0.05
0.05
0.05
0.05
0.05
0.05
0.05
0.05
0.05
0.05
0.05
0.05
0.05
0.05
0.05
0.05
0.05
0.05
0.05
0.05
0.05
0.05
0.05
0.05
0.05
0.05
0.05
0.05
0.05
0.05
0.05
0.05
0.05
0.05
0.05
0.05
0.05
0.05
0.05
0.05
0.05
0.05
0.05
0.05
0.05
0.05
0.05
0.05
0.05
0.05
0.05
0.05
0.05
0.05
0.05
0.05
0.05
0.05
0.05
0.05
0.05
0.05
0.05
0.05
0.05
0.05
0.05
0.05
0.05
0.05
0.05
0.05
0.05
0.05
0.05
0.05
0.05
0.05
0.05
0.05
0.05
0.05
0.05
0.05
0.05
0.05
0.05
0.05
0.05
0.05
0.05
0.05
0.05
0.05
0.05
0.05
0.05
0.05
0.05
0.05
0.05
0.05
0.05
0.05
0.05
0.05
0.05
0.05
0.05
0.05
0.05
0.05
0.05
0.05
0.05
0.05
0.05
0.05
0.05
0.05
0.05
0.05
0.05
0.05
0.05
0.05
0.05
0.05
0.05
0.05
0.05
0.05
0.05
0.05
0.05
0.05
0.05
0.05
0.05
0.05
0.05
0.05
0.05
0.05
0.05
0.05
0.05
0.05
0.05
0.05
0.05
0.05
0.05
0.05
0.05
0.05
0.05
0.05
0.05
0.05
0.05
0.05
0.05
0.05
0.05
0.05
0.05
0.05
0.05
0.05
0.05
0.05
0.05
0.05
0.05
0.05
0.05
0.05
0.05
0.05
0.05
0.05
0.05
0.05
0.05
0.05
0.05
0.05
0.05
0.05
0.05
0.05
0.05
0.05
0.05
0.05
0.05
0.05
0.05
0.05
0.05
0.05
0.05
0.05
0.05
0.05
0.05
0.05
0.05
0.05
0.05
0.05
0.05
0.05
0.05
0.05
0.05
0.05
0.05
0.05
0.05
0.05
0.05
0.05
0.05
0.05
0.05
0.05
0.05
0.05
0.05
0.05
0.05
0.05
0.05
0.05
0.05
0.05
0.05
0.05
0.05
0.05
0.05
0.05
0.05
0.05
0.05
0.05
0.05
0.05
0.05
0.05
0.05
0.05
0.05
0.05
0.05
0.05
0.05
0.05
0.05
0.05
0.05
0.05
0.05
0.05
0.05
0.05
0.05
0.05
0.05
0.05
0.05
0.05
0.05
0.05
0.05
0.05
0.05
0.05
0.05
0.05
0.05
0.05
0.05
0.05
0.05
0.05
0.05
0.05
0.05
0.05
0.05
0.05
0.05
0.05
0.05
0.05
0.05
0.05
0.05
0.05
0.05
0.05
0.05
0.05
0.05
0.05
0.05
0.05
0.05
0.05
0.05
0.05
0.05
0.05
0.05
0.05
0.05
0.05
0.05
0.05
0.05
0.05
0.05
0.05
0.05
0.05
0.05
0.05
0.05
0.05
0.05
0.05
0.05
0.05
0.05
0.05
0.05
0.05
0.05
0.05
0.05
0.05
0.05
0.05
0.05
0.05
0.05
0.05
0.05
0.05
0.05
0.05
0.05
0.05
0.05
0.05
0.05
0.05
0.05
0.05
0.05
0.05
0.05
0.05
0.05
0.05
0.05
0.05
0.05
0.05
0.05
0.05
0.05
0.05
0.05
0.05
0.05
0.05
0.05
0.05
0.05
0.05
0.05
0.05
0.05
0.05
0.05
0.05
0.05
0.05
0.05
0.05
0.05
0.05
0.05
0.05
0.05
0.05
0.05
0.05
0.05
0.05
0.05
0.05
0.05
0.05
0.05
0.05
0.05
0.05
0.05
0.05
0.05
0.05
0.05
0.05
0.05
0.05
0.05
0.05
0.05
0.05
0.05
0.05
0.05
0.05
0.05
0.05
0.05
0.05
0.05
0.05
0.05
0.05
0.05
0.05
0.05
0.05
0.05
0.05
0.05
0.05
0.05
0.05
0.05
0.05
0.05
0.05
0.05
0.05
0.05
0.05
0.05
0.05
0.05
0.05
0.05
0.05
0.05
0.05
0.05
0.05
0.05
0.05
0.05
0.05
0.05
0.05
0.05
0.05
0.05
0.05
0.05
0.05
0.05
0.05
0.05
0.05
0.05
0.05
0.05
0.05
0.05
0.05
0.05
0.05
0.05
0.05
0.05
0.05
0.05
0.05
0.05
0.05
0.05
0.05
0.05
0.05
0.05
0.05
0.05
0.05
0.05
0.05
0.05
0.05
0.05
0.05
0.05
0.05
0.05
0.05
0.05
0.05
0.05
0.05
0.05
0.05
0.05
0.05
0.05
0.05
0.05
0.05
0.05
0.05
0.05
0.05
0.05
0.05
0.05
0.05
0.05
0.05
0.05
0.05
0.05
0.05
0.05
0.05
0.05
0.05
0.05
0.05
0.05
0.05
0.05
0.05
0.05
0.05
0.05
0.05
0.05
0.05
0.05
0.05
0.05
0.05
0.05
0.05
0.05
0.05
0.05
0.05
0.05
0.05
0.05
0.05
0.05
0.05
0.05
0.05
0.05
0.05
0.05
0.05
0.05
0.05
0.05
0.05
0.05
0.05
0.05
0.05
0.05
0.05
0.05
0.05
0.05
0.05
0.05
0.05
0.05
0.05
0.05
0.05
0.05
0.05
0.05
0.05
0.05
0.05
0.05
0.05
0.05
0.05
0.05
0.05
0.05
0.05
0.05
0.05
0.05
0.05
0.05
0.05
0.05
0.05
0.05
0.05
0.05
0.05
0.05
0.05
0.05
0.05
0.05
0.05
0.05
0.05
0.05
0.05
0.05
0.05
0.05
0.05
0.05
0.05
0.05
0.05
0.05
0.05
0.05
0.05
0.05
0.05
0.05
0.05
0.05
0.05
0.05
0.05
0.05
0.05
0.05
0.05
0.05
0.05
0.05
0.05
0.05
0.05
0.05
0.05
0.05
0.05
0.05
0.05
0.05
0.05
0.05
0.05
0.05
0.05
0.05
0.05
0.05
0.05
0.05
0.05
0.05
0.05
0.05
0.05
0.05
0.05
0.05
0.05
0.05
0.05
0.05
0.05
0.05
0.05
0.05
0.05
0.05
0.05
0.05
0.05
0.05
0.05
0.05
0.05
0.05
0.05
0.05
0.05
0.05
0.05
0.05
0.05
0.05
0.05
0.05
0.05
0.05
0.05
0.05
0.05
0.05
0.05
0.05
0.05
0.05
0.05
0.05
0.05
0.05
0.05
0.05
0.05
0.05
0.05
0.05
0.05
0.05
0.05
0.05
0.05
0.05
0.05
0.05
0.05
0.05
0.05
0.05
0.05
0.05
0.05
0.05
0.05
0.05
0.05
0.05
0.05
0.05
0.05
0.05
0.05
0.05
0.05
0.05
0.05
0.05
0.05
0.05
0.05
0.05
0.05
0.05
0.05
0.05
0.05
0.05
0.05
0.05
0.05
0.05
0.05
0.05
0.05
0.05
0.05
0.05
0.05
0.05
0.05
0.05
0.05
0.05
0.05
0.05
0.05
0.05
0.05
0.05
0.05
0.05
0.05
0.05
0.05
0.05
0.05
0.05
0.05
0.05
0.05
0.05
0.05
0.05
0.05
0.05
0.05
0.05
0.05
0.05
0.05
0.05
0.05
0.05
0.05
0.05
0.05
0.05
0.05
0.05
0.05
0.05
0.05
0.05
0.05
0.05
0.05
0.05
0.05
0.05
0.05
0.05
0.05
0.05
0.05
0.05
0.05
0.05
0.05
0.05
0.05
0.05
0.05
0.05
0.05
0.05
0.05
0.05
0.05
0.05
0.05
0.05
0.05
0.05
0.05
0.05
0.05
0.05
0.05
0.05
0.05
0.05
0.05
0.05
0.05
0.05
0.05
0.05
0.05
0.05
0.05
0.05
0.05
0.05
0.05
0.05
0.05
0.05
0.05
0.05
0.05
0.05
0.05
0.05
0.05
0.05
0.05
0.05
0.05
0.05
0.05
0.05
0.05
0.05
0.05
0.05
0.05
0.05
0.05
0.05
0.05
0.05
0.05
0.05
0.05
0.05
0.05
0.05
0.05
0.05
0.05
0.05
0.05
0.05
0.05
0.05
0.05
0.05
0.05
0.05
0.05
0.05
0.05
0.05
0.05
0.05
0.05
0.05
0.05
0.05
0.05
0.05
0.05
0.05
0.05
0.05
0.05
0.05
0.05
0.05
0.05
0.05
0.05
0.05
0.05
0.05
0.05
0.05
0.05
0.05
0.05
0.05
0.05
0.05
0.05
0.05
0.05
0.05
0.05
0.05
0.05
0.05
0.05
0.05
0.05
0.05
0.05
0.05
0.05
0.05
0.05
0.05
0.05
0.05
0.05
0.05
0.05
0.05
0.05
0.05
0.05
0.05
0.05
0.05
0.05
0.05
0.05
0.05
0.05
0.05
0.05
0.05
0.05
0.05
0.05
0.05
0.05
0.05
0.05
0.05
0.05
0.05
0.05
0.05
0.05
0.05
0.05
0.05
0.05
0.05
0.05
0.05
0.05
0.05
0.05
0.05
0.05
0.05
0.05
0.05
0.05
0.05
0.05
0.05
0.05
0.05
0.05
0.05
0.05
0.05
0.05
0.05
0.05
0.05
0.05
0.05
0.05
0.05
0.05
0.05
0.05
0.05
0.05
0.05
0.05
0.05
0.05
0.05
0.05
0.05
0.05
0.05
0.05
0.05
0.05
0.05
0.05
0.05
0.05
0.05
0.05
0.05
0.05
0.05
0.05
0.05
0.05
0.05
0.05
0.05
0.05
0.05
0.05
0.05
0.05
0.05
0.05
0.05
0.05
0.05
0.05
0.05
0.05
0.05
0.05
0.05
0.05
0.05
0.05
0.05
0.05
0.05
0.05
0.05
0.05
0.05
0.05
0.05
0.05
0.05
0.05
0.05
0.05
0.05
0.05
0.05
0.05
0.05
0.05
0.05
0.05
0.05
0.05
0.05
0.05
0.05
0.05
0.05
0.05
0.05
0.05
0.05
0.05
0.05
0.05
0.05
0.05
0.05
0.05
0.05
0.05
0.05
0.05
0.05
0.05
0.05
0.05
0.05
0.05
0.05
0.05
0.05
0.05
0.05
0.05
0.05
0.05
0.05
0.05
0.05
0.05
0.05
0.05
0.05
0.05
0.05
0.05
0.05
0.05
0.05
0.05
0.05
0.05
0.05
0.05
0.05
0.05
0.05
0.05
0.05
0.05
0.05
0.05
0.05
0.05
0.05
0.05
0.05
0.05
0.05
0.05
0.05
0.05
0.05
0.05
0.05
0.05
0.05
0.05
0.05
0.05
0.05
0.05
0.05
0.05
0.05
0.05
0.05
0.05
0.05
0.05
0.05
0.05
0.05
0.05
0.05
0.05
0.05
0.05
0.05
0.05
0.05
0.05
0.05
0.05
0.05
0.05
0.05
0.05
0.05
0.05
0.05
0.05
0.05
0.05
0.05
0.05
0.05
0.05
0.05
0.05
0.05
0.05
0.05
0.05
0.05
0.05
0.05
0.05
0.05
0.05
0.05
0.05
0.05
0.05
0.05
0.05
0.05
0.05
0.05
0.05
0.05
0.05
0.05
0.05
0.05
0.05
0.05
0.05
0.05
0.05
0.05
0.05
0.05
0.05
0.05
0.05
0.05
0.05
0.05
0.05
0.05
0.05
0.05
0.05
0.05
0.05
0.05
0.05
0.05
0.05
0.05
0.05
0.05
0.05
0.05
0.05
0.05
0.05
0.05
0.05
0.05
0.05
0.05
0.05
0.05
0.05
0.05
0.05
0.05
0.05
0.05
0.05
0.05
0.05
0.05
0.05
0.05
0.05
0.05
0.05
0.05
0.05
0.05
0.05
0.05
0.05
0.05
0.05
0.05
0.05
0.05
0.05
0.05
0.05
0.05
0.05
0.05
0.05
0.05
0.05
0.05
0.05
0.05
0.05
0.05
0.05
0.05
0.05
0.05
0.05
0.05
0.05
0.05
0.05
0.05
0.05
0.05
0.05
0.05
0.05
0.05
0.05
0.05
0.05
0.05
0.05
0.05
0.05
0.05
0.05
0.05
0.05
0.05
0.05
0.05
0.05
0.05
0.05
0.05
0.05
0.05
0.05
0.05
0.05
0.05
0.05
0.05
0.05
0.05
0.05
0.05
0.05
0.05
0.05
0.05
0.05
0.05
0.05
0.05
0.05
0.05
0.05
0.05
0.05
0.05
0.05
0.05
0.05
0.05
0.05
0.05
0.05
0.05
0.05
0.05
0.05
0.05
0.05
0.05
0.05
0.05
0.05
0.05
0.05
0.05
0.05
0.05
0.05
0.05
0.05
0.05
0.05
0.05
0.05
0.05
0.05
0.05
0.05
0.05
0.05
0.05
0.05
0.05
0.05
0.05
0.05
0.05
0.05
0.05
0.05
0.05
0.05
0.05
0.05
0.05
0.05
0.05
0.05
0.05
0.05
0.05
0.05
0.05
0.05
0.05
0.05
0.05
0.05
0.05
0.05
0.05
0.05
0.05
0.05
0.05
0.05
0.05
0.05
0.05
0.05
0.05
0.05
0.05
0.05
0.05
0.05
0.05
0.05
0.05
0.05
0.05
0.05
0.05
0.05
0.05
0.05
0.05
0.05
0.05
0.05
0.05
0.05
0.05
0.05
0.05
0.05
0.05
0.05
0.05
0.05
0.05
0.05
0.05
0.05
0.05
0.05
0.05
0.05
0.05
0.05
0.05
0.05
0.05
0.05
0.05
0.05
0.05
0.05
0.05
0.05
0.05
0.05
0.05
0.05
0.05
0.05
0.05
0.05
0.05
0.05
0.05
0.05
0.05
0.05
0.05
0.05
0.05
0.05
0.05
0.05
0.05
0.05
0.05
0.05
0.05
0.05
0.05
0.05
0.05
0.05
0.05
0.05
0.05
0.05
0.05
0.05
0.05
0.05
0.05
0.05
0.05
0.05
0.05
0.05
0.05
0.05
0.05
0.05
0.05
0.05
0.05
0.05
0.05
0.05
0.05
0.05
0.05
0.05
0.05
0.05
0.05
0.05
0.05
0.05
0.05
0.05
0.05
0.05
0.05
0.05
0.05
777777