1.9761
999999
0.068002
-0.163436
-0.0354997
0.0465752
-0.0376132
-0.0891599
0.0629697
0.0391463
0.111796
-0.100018
0.0450109
0.136445
0.0584373
-0.106516
0.182553
0.101754
-0.186613
-0.0926842
0.125441
0.111028
-0.184831
-0.197922
0.12765
0.179861
-0.0321115
-0.0361922
0.0345419
0.0877033
0.129915
0.187753
-0.0021374
-0.0128478
-0.0647735
-0.170159
-0.113905
0.0283392
-0.0570218
-0.080709
-0.144528
-0.117053
-0.0591289
0.110457
-0.176713
-0.159131
-0.0929153
0.0325267
0.187091
-0.0553511
0.133565
0.151882
-0.172279
0.152121
-0.0913243
0.0301508
-0.0174536
0.118734
-0.00877195
-0.174215
-0.0812862
-0.0722121
-0.190276
-0.0732723
-0.103207
-0.00173149
0.0716775
0.166441
-0.0954653
0.158396
-0.0080925
0.143471
0.00295046
-0.0846584
0.132035
-0.185679
-0.0153376
0.0570861
0.117047
-0.0540114
0.046873
-0.193438
0.0369988
0.124715
-0.0599508
0.0767208
0.0906438
-0.0703481
-0.0744775
0.142757
-0.0161153
0.00768327
0.0309082
0.0680193
-0.199886
-0.0767941
0.148431
-0.0216839
0.162104
0.166364
0.100918
-0.0204702
-0.0100643
-0.143334
-0.0499613
0.0577113
-0.16422
0.0759215
-0.187532
-0.196224
0.136688
-0.0598753
0.0889348
-0.197922
-0.16941
-0.0252742
-0.171934
-0.0877578
0.045102
-0.0878974
0.168639
-0.0482118
-0.146008
0.113028
0.0669621
-0.00244214
-0.198908
-0.188448
0.127889
-0.0522726
0.0502578
-0.120062
-0.0578394
0.127235
0.0278409
0.0456416
-0.0503133
-0.174205
0.00410112
-0.146758
-0.0886103
-0.125614
-0.0351855
-0.125773
-0.194579
-0.00579925
-0.197688
-0.192303
0.0269111
0.180532
0.00904979
-0.0564923
-0.110799
0.0277486
-0.197018
0.108731
-0.00288443
-0.179612
-0.0141987
-0.193679
0.0826189
-0.0241696
0.188274
0.15192
0.15307
-0.00618045
-0.0343144
0.109732
-0.142417
-0.0176824
0.0772296
0.05771
-0.00766064
0.158929
-0.107623
0.0399809
0.0934145
0.173852
0.16063
0.0237582
-0.101019
-0.0935515
0.088399
0.183681
0.0325371
0.00639774
-0.00851767
-0.0930051
0.133844
-0.0593452
0.00290796
-0.045659
0.154867
0.0934296
-0.162032
0.186701
0.0178186
-0.142429
-0.0197962
-0.0793424
-0.0446752
0.180289
0.0595892
-0.16214
-0.0264858
-0.196378
0.186468
0.0617823
-0.175616
-0.0760955
0.0512459
-0.185453
0.0195875
0.0917361
-0.122713
-0.0825284
-0.138915
0.0362751
-0.0847705
0.0220941
0.104985
0.171566
-0.148216
-0.186682
-0.0642218
-0.00186337
0.0384346
0.0435729
-0.0682495
-0.12049
0.145862
0.0386472
-0.166307
-0.162942
0.0355106
-0.00824947
-0.167873
0.112359
-0.14448
-0.0141737
-0.141235
-0.188307
0.154392
0.11085
0.124514
0.12505
0.082214
-0.049341
0.0577391
-0.151308
0.0553418
-0.169256
0.0588868
0.169873
-0.171032
-0.134403
0.1965
0.0160153
-0.0269498
-0.194493
0.087313
0.00669586
0.181224
-0.11748
-0.132823
0.0394364
0.0523331
0.00707368
-0.0136318
0.158756
-0.0681533
0.078775
-0.0938294
0.108121
-0.108914
-0.0163786
-0.180785
0.11492
-0.0838658
-0.184079
-0.104095
0.0071123
-0.153922
-0.0459652
-0.079874
0.174406
-0.185651
0.126564
0.1427
0.148192
0.0468297
-0.124752
0.183954
0.117876
-0.0933796
0.0141772
-0.133756
-0.0847782
0.168943
-0.10969
0.121008
-0.194758
0.121484
0.0586447
0.0419339
-0.147706
-0.00149508
-0.0417403
-0.157106
-0.135609
-0.0772378
-0.129925
0.0134992
0.0530103
0.0116382
0.173267
-0.117986
0.0926035
-0.00602787
-0.0183779
0.198485
0.148813
-0.0934839
-0.0451243
0.0387416
-0.170657
-0.0269474
0.136106
0.0557288
0.13658
0.0507562
0.186978
-0.181389
0.0683224
0.0414851
-0.174183
-0.116878
-0.181072
-0.116003
0.110155
-0.0729705
-0.0822915
0.0797419
0.142156
-0.133602
-0.0190783
0.00831561
0.167253
0.0945057
-0.0909682
-0.14214
-0.19525
-0.120659
-0.0427784
0.117064
0.0533133
-0.106146
-0.198164
-0.157952
0.0588141
0.104184
0.187705
-0.124688
-0.0981526
-0.131252
-0.136677
0.0594896
0.14948
-0.0579879
0.0834121
0.0830861
0.141338
-0.041422
-0.140483
0.134784
0.0972598
-0.151751
0.128015
0.0608977
-0.0955077
0.142016
0.0801395
-0.0282194
-0.00775047
-0.174697
0.142815
-0.13547
0.159975
-0.19197
0.127368
-0.167116
-0.12628
0.09014
-0.100552
0.0582302
0.0582068
0.0510604
-0.0676688
-0.147444
-0.0319587
0.0405285
-0.158646
-0.146362
0.0215683
-0.166608
0.045717
-0.14513
-0.0362287
-0.0619068
0.0456237
-0.0583286
-0.0826796
0.135435
0.0246903
0.165711
-0.0812718
0.1991
0.0870007
-0.0259541
-0.102741
-0.166055
0.10648
0.0122037
-0.18472
0.0253128
-0.126435
0.0254625
-0.037103
0.147952
0.00494313
0.0705298
0.028568
-0.0119053
0.0384038
0.0463524
-0.0756194
0.104349
0.0654731
-0.170934
0.19979
0.138077
0.162674
-0.153312
-0.188565
-0.16306
0.0997132
-0.117131
-0.112236
0.0989943
-0.112674
-0.0198256
-0.187894
-0.0671934
0.0544988
-0.179338
0.0966191
0.125451
0.153973
0.148289
-0.134007
0.112614
0.18508
0.196234
-0.00452609
0.191517
0.0699204
-0.195312
-0.0260573
-0.140738
-0.00388513
0.00269309
-0.0924087
0.151235
0.0207185
-0.14918
0.0336173
0.198999
-0.169166
-0.163241
-0.132894
0.150801
-0.161118
0.0918873
-0.0615537
-0.18658
0.115869
-0.196885
0.0458922
-0.0722394
0.152099
-0.121997
0.160578
-0.0844846
-0.0511273
-0.121117
-0.142386
-0.0509037
-0.0882765
-0.0383951
-0.0211571
-0.0358976
0.138252
-0.0808273
-0.184052
0.0256673
0.0515575
-0.134591
0.0766727
0.174672
-0.170572
-0.0166222
0.123743
0.150257
-0.0880499
0.131148
-0.104878
0.0199006
0.0878732
0.185542
-0.0213486
-0.0870185
-0.0715681
0.115613
0.0763101
-0.0721632
-0.0651222
0.100165
0.141472
-0.0409893
-0.0328139
0.164644
0.191019
-0.0491974
-0.144183
-0.0846632
0.145927
-0.0142932
0.131646
-0.0950667
-0.0973054
-0.0902525
-0.152029
0.191674
0.0195088
-0.036524
-0.095803
0.008377
0.181122
0.0365832
-0.0217589
-0.16539
0.0826722
-0.192697
0.139467
0.179812
-0.112234
-0.0793888
0.0022076
0.154496
-0.0518453
-0.0826018
-0.173899
0.194558
-0.0739295
0.0709237
-0.165571
-0.0839377
0.117138
0.0931376
0.109404
0.182258
-0.0723621
0.0186797
-0.0313919
-0.0226854
0.06307
0.169319
0.159233
-0.115865
0.0320705
0.041165
-0.163545
0.12171
0.190058
0.151807
-0.0366158
-0.0641254
0.0862237
0.133303
-0.139536
-0.145837
-0.0508188
0.00916541
-0.0124246
0.143883
-0.00813995
-0.135608
0.101895
0.0015817
0.0652669
0.114501
-0.194331
-0.0326527
0.173428
0.0399231
-0.111422
-0.0319331
-0.0659702
-0.0240564
0.156199
-0.0290244
-0.0435233
0.105038
0.182219
-0.0512168
0.102419
-0.0588564
0.0331271
-0.192742
-0.140286
0.1536
-0.156043
-0.0874089
-0.116738
0.0460627
0.0939865
-0.173836
-0.0467011
0.0512314
0.124969
-0.192228
-0.051391
0.119555
0.150315
0.161677
0.0951291
-0.0193344
-0.169865
0.119234
0.121373
-0.0416281
0.168956
0.00742596
0.0267065
0.100221
0.0305777
-0.0781937
-0.0416912
0.103618
-0.183887
0.141768
0.0943756
0.196762
0.127439
-0.158862
0.0315451
0.180981
0.121878
0.17493
-0.190188
0.103552
0.174068
-0.0252783
0.0769164
0.15671
-0.130436
0.045078
0.106252
-0.180324
-0.15936
0.0554456
-0.135146
0.0336308
-0.199011
0.054746
0.160984
-0.104481
0.00762277
0.197506
0.0256589
-0.113625
0.103107
-0.17028
0.134052
-0.0160063
0.0872879
-0.0980019
0.0589804
-0.0861592
0.00891149
0.142802
-0.195897
0.0115108
0.0723556
0.0842529
0.164214
0.129013
-0.0364906
0.0755734
0.0189745
-0.151591
0.00997189
-0.17873
-0.0224008
0.029624
-0.0974318
-0.0997972
-0.0678754
-0.0984342
0.190952
0.0440597
-0.146391
-0.0515275
-0.119436
-0.0116125
0.0476325
0.110161
-0.180111
0.152388
0.123302
0.0297738
-0.0857477
-0.0460257
-0.0362434
0.14697
-0.000896945
-0.0212671
0.0429504
0.0784802
-0.143977
0.114159
0.0876503
-0.0204056
0.0714785
0.165482
0.123215
-0.123634
0.031423
0.0515108
-0.184812
-0.180955
-0.195845
-0.11996
0.112781
0.064115
0.17951
-0.00718949
0.059574
-0.0952642
0.0729837
0.160648
-0.162487
0.135143
-0.0100232
-0.0834032
0.0373999
0.00450575
-0.0664003
-0.169424
-0.0611784
0.131765
0.164832
0.0524333
-0.119388
-0.182345
-0.0233198
0.0960746
0.157754
-0.184093
0.135282
0.0616123
-0.184244
-0.0496236
-0.0981298
0.00103636
-0.180253
-0.156794
0.131298
0.192299
0.105076
0.0511207
-0.171412
-0.184342
0.00483434
-0.0145232
0.179491
0.141283
0.0242008
-0.0745349
-0.08478
0.0599728
-0.168737
0.0412921
-0.0452213
0.191302
0.154873
-0.0233189
-0.0303737
-0.0488468
0.111271
0.0795026
-0.176458
-0.192186
0.134501
0.16141
-0.098787
0.0125669
-0.0738196
0.136888
-0.139616
-0.0367148
0.0972172
-0.190552
-0.107017
-0.0645411
0.18802
0.0872007
-0.00514838
-0.01091
0.0337597
-0.0437266
0.0503573
-0.0585726
-0.0773332
0.15145
-0.0503704
0.000106934
0.128129
-0.00416669
0.159744
0.144749
-0.0356744
-0.115335
-0.0591362
-0.00690166
0.14091
-0.137686
0.0752027
0.16654
0.0832468
-0.0501481
0.0582236
-0.0695247
0.102423
0.162175
0.186275
-0.0674384
-0.157512
0.106718
-0.0255773
-0.142378
-0.0218135
0.171663
0.0583773
-0.0920132
0.0277952
-0.00182679
0.0819864
0.15877
0.0386726
0.19791
-0.15528
0.0906166
-0.175959
-0.0310771
-0.165139
0.158193
-0.0095023
-0.0333346
-0.195595
-0.0923336
-0.0349269
0.150357
-0.133336
0.0757614
0.0431286
-0.0997342
-0.00195666
-0.173175
0.0832278
0.0137782
0.0129227
0.0849585
-0.00901166
0.00134365
-0.0721355
-0.180198
0.137901
0.163161
-0.141282
0.138764
-0.17629
0.122616
0.058688
0.123304
-0.0717894
0.132415
0.0330545
0.069244
0.039432
-0.0380451
-0.0241307
0.131453
0.114021
0.0679454
-0.0934275
0.0718902
-0.147213
-0.0636106
-0.150844
0.197996
-0.156718
0.167259
-0.0968512
-0.187659
-0.14834
-0.10675
-0.0666447
0.0275585
-0.150036
0.0416188
-0.0717674
0.0559868
-0.121694
-0.0127684
-0.101917
0.0755969
0.0809274
-0.110337
-0.0216897
-0.12251
0.0692304
-0.0149099
0.112147
-0.0523141
-0.0799095
-0.128257
-0.0324433
0.0816208
-0.0210869
0.010676
-0.0525333
0.0666152
0.0705392
0.138274
0.0730145
0.197793
-0.152229
0.0613465
0.0532937
-0.161873
0.0276356
-0.00166758
0.168379
0.184342
0.00498802
-0.0803437
0.0191814
0.0691075
0.130507
-0.0743241
0.124532
0.0613597
0.0213664
-0.115659
0.182448
-0.119276
0.0870457
0.0528573
-0.181607
0.193717
0.125626
-0.00572061
0.182303
-0.0407995
0.00891335
0.000919864
0.142248
-0.0304903
-0.0830269
0.168471
0.0229525
0.164732
-0.1226
0.0606944
0.10068
0.0167366
-0.116173
0.00089366
-0.0465355
-0.0798378
-0.0646668
0.00940793
-0.0850616
-0.00559616
0.161794
-0.132068
-0.0543645
-0.0587044
-0.0891025
-0.107
0.143988
0.0453809
-0.122504
0.0311711
0.0318356
0.0873852
0.0986993
-0.125635
0.121634
0.196207
0.145592
0.151699
-0.166246
-0.0998522
0.165703
0.134158
-0.101326
-0.0307958
-0.0342478
0.182502
-0.0485978
0.107504
0.0264913
0.0872617
-0.0297187
-0.193999
0.108097
0.0218032
0.0559825
0.192182
0.0543384
0.145685
0.106179
-0.0989927
-0.0412458
0.17238
-0.100053
0.0764212
0.060719
-0.0777667
-0.199156
-0.0794872
-0.0862094
-0.0828592
0.148466
0.0755353
0.114163
-0.124525
0.00654885
0.0444597
0.174008
0.14202
0.0106364
-0.00340174
-0.0333935
-0.152479
0.0717496
0.16191
-0.0239386
-0.143698
0.077935
-0.0936774
-0.166951
-0.109285
-0.0606255
-0.0242066
-0.114279
0.159124
-0.0759561
0.0369
-0.164734
-0.023599
0.111369
-0.176637
0.136208
0.124912
-0.186999
-0.0963117
0.00744183
-0.0425431
-0.133774
-0.115328
0.0204711
0.163019
0.0376914
0.186148
0.196842
0.181024
-0.0777819
0.142569
-0.113682
0.0236349
0.179856
0.107405
0.111184
-0.127275
-0.00343432
-0.0712925
0.0106442
0.123856
-0.100904
0.145759
-0.00955199
0.157234
0.1332
0.0603639
-0.122371
-0.0198093
-0.101717
-0.122795
-0.198507
-0.160823
-0.0187318
-0.0165665
0.0918327
0.194169
0.163381
-0.0271905
-0.0245244
0.0692893
-0.0184948
0.098322
0.0610189
-0.0437341
-0.190005
-0.157463
-0.179749
-0.116298
0.0118978
0.110679
-0.192822
-0.0561883
0.0588426
0.187676
-0.0184203
-0.13867
0.0730371
0.126705
-0.17153
-0.177481
-0.00427033
-0.147264
-0.178629
0.132146
-0.047033
-0.0949863
-0.0847011
0.0329991
-0.014916
0.0199598
0.105174
0.0384581
0.159321
0.12468
0.103024
0.167944
-0.0274664
0.0875611
0.115766
-0.167718
-0.156605
-0.0799761
-0.067026
-0.0868036
0.197232
0.0626807
-0.0386156
-0.0139261
0.105075
0.180955
0.110003
0.0207116
0.150217
-0.0818252
-0.0403774
-0.0480511
0.0387984
-0.127126
0.126162
-0.0941813
-0.108425
-0.160865
0.0230084
-0.0618405
-0.0779135
0.114966
-0.153692
0.0913369
0.0719793
-0.111278
0.0952498
0.0630575
-0.169768
0.00170463
-0.150311
0.185768
-0.0122687
-0.187562
0.100705
0.159295
-0.048712
-0.0437593
0.13726
-0.0788727
-0.11577
-0.0143337
-0.0753806
0.067854
-0.198084
0.0217173
-0.0519454
-0.118785
-0.0839236
0.165725
-0.123676
-0.065366
-0.14986
-0.106495
-0.044948
-0.0851386
0.0283178
0.117796
0.0729704
-0.133026
0.104316
-0.116922
-0.0264755
0.161392
0.122769
-0.0415
0.161031
0.0421697
0.160497
0.157826
0.0466088
-0.131438
-0.0776349
0.0364809
-0.0941795
-0.189152
0.169576
0.0202345
0.155307
-0.00323983
0.0980788
0.156984
0.111569
0.139686
-0.014002
-0.0926989
0.139826
0.165585
-0.0201755
0.0533363
-0.185795
-0.160204
-0.069793
0.11029
0.0680414
0.00872579
-0.0249356
0.136623
-0.0275213
0.0321699
0.0440562
-0.189533
0.153146
0.0853677
-0.0992387
-0.108187
-0.0119311
0.10031
0.120744
-0.188514
0.0426727
0.164537
0.00592517
-0.108096
0.106078
-0.160795
-0.159508
0.158312
0.15092
0.182273
-0.162377
0.0862435
0.00422028
0.0666825
-0.0736082
0.0264246
-0.0201678
0.196597
0.129485
0.00163069
0.150759
0.0897138
-0.0497868
0.106851
-0.181983
0.0413423
-0.0341628
-0.0701037
0.183975
0.14918
-0.00227462
-0.167306
0.00209495
0.10571
-0.0169996
0.161491
-0.0827005
-0.0279804
-0.0446838
0.0665803
-0.056986
-0.159285
0.0946147
-0.0197064
-0.113365
-0.0756213
0.112314
0.191753
-0.0984724
0.0872304
0.00877
-0.0130875
0.00717995
0.0668912
-0.022715
0.0235009
0.0938949
-0.0197045
-0.0926785
0.0908574
0.0786697
0.156479
0.168209
0.119366
0.037002
-0.111415
0.0168691
-0.0412212
0.0896855
0.165365
-0.125555
0.0763441
-0.109437
-0.168217
0.097227
0.120843
0.0646896
-0.126304
-0.0196412
-0.199465
-0.142736
0.0148182
0.159027
-0.0420459
0.0266273
-0.197175
-0.184128
0.182153
0.00842721
-0.0033557
-0.170803
0.10523
-0.105752
0.0492112
-0.0768583
0.0976025
0.0674376
-0.166692
-0.158273
-0.0990243
0.132356
0.190927
0.0453789
-0.0241261
0.142167
0.042999
-0.0230664
0.0198778
-0.0958465
0.120067
-0.183853
0.156638
0.0889942
0.181851
0.156439
0.172169
-0.155133
-0.0550811
0.15957
-0.149797
0.112655
0.0281094
-0.136008
-0.00986263
0.043233
-0.168891
0.0886577
-0.182097
-0.145238
0.152541
0.014294
0.178269
0.0791434
0.0947799
0.00526825
-0.165374
0.0501564
-0.0985101
-0.153693
-0.0721257
0.0184716
0.106957
0.120468
0.138163
0.119022
0.0612006
-0.161175
0.187588
0.131228
-0.173925
-0.0961851
0.0668758
0.0220047
-0.0335484
0.1121
0.0553933
-0.0223367
-0.154254
0.0340491
0.166744
0.187065
-0.0858351
0.165082
-0.0634319
0.187859
0.188849
-0.165246
0.0523302
-0.153296
0.16501
-0.163239
0.0932505
-0.144717
0.0682588
-0.0298776
0.07159
0.0897364
-0.0362521
0.0291344
-0.140563
0.00603111
-0.0305489
-0.13783
-0.0299217
-0.048645
0.120268
-0.0860479
-0.12487
-0.0170453
-0.110276
0.193614
0.188705
-0.0946795
0.070638
-0.0238223
-0.0720095
0.101092
0.126262
0.0281884
-0.184899
-0.194678
-0.0504957
-0.159578
0.140349
0.180381
-0.146042
-0.125753
-0.197363
-0.0806471
0.0609208
0.158431
-0.0127601
-0.181123
0.117487
-0.152968
-0.185828
0.0784158
-0.00787513
-0.133763
0.153106
0.0445967
-0.119069
-0.0338372
-0.130501
-0.0101027
-0.157068
-0.0154308
-0.0880798
-0.0552528
0.114013
-0.0849475
-0.152286
0.172244
0.0118864
0.0987021
0.149878
-0.0723203
-0.175352
-0.105235
-0.0222906
0.106396
-0.136305
-0.0675378
-0.115633
0.161747
0.158969
0.13315
0.0620216
0.074384
0.138482
-0.129741
-0.0757326
-0.139354
0.101128
0.0721163
0.178741
0.170883
-0.0443504
0.0560501
0.0262981
0.0370773
-0.00561857
0.039259
0.0266889
-0.0316316
-0.14861
-0.190947
0.0197453
0.106444
-0.152857
0.170757
-0.125003
-0.152655
0.175373
0.159087
-0.0362274
0.193662
-0.147654
0.135403
-0.181141
0.0271939
0.0443575
0.199308
0.129388
0.0800428
-0.0379652
-0.0234298
-0.119659
-0.00805203
-0.0232829
0.0153835
0.0282435
0.0363941
0.101823
0.110798
0.154606
0.0391375
0.175049
-0.0113045
0.0474597
-0.0373934
0.00521978
0.185657
0.0730788
-0.0513418
0.09093
-0.168099
-0.190606
0.180719
0.146036
0.176842
-0.0917952
0.178841
0.0388487
0.10434
0.0471666
-0.0236802
0.115348
-0.0931302
-0.13517
0.0171947
-0.156075
-0.0801955
0.150763
-0.126158
-0.0227621
0.0232216
0.14851
0.1692
0.160297
0.140052
0.00893805
-0.193309
0.0564142
-0.121616
-0.0514936
-0.119075
-0.00382415
-0.036312
0.0272351
-0.111741
-0.0598822
-0.0131534
0.138482
0.100518
0.0742194
-0.127602
-0.0238207
-0.175849
-0.159645
-0.141913
-0.126994
0.0202847
-0.0582969
0.0660207
0.146951
-0.148096
0.0280699
0.00261665
0.0596538
-0.07774
0.195356
0.186773
-0.093859
-0.0887248
-0.00411157
0.010956
0.135919
0.168115
-0.142596
0.00698208
0.0606468
-0.180453
-0.00306748
0.0095613
-0.0469526
0.0631779
-0.154303
-0.150093
-0.0428305
0.0405208
0.0639169
-0.0835081
-0.101769
-0.168321
-0.0760927
-0.112968
0.029761
-0.144469
0.16315
-0.127422
-0.00625072
0.1955
0.154202
-0.0897705
0.00974722
-0.162267
0.0094185
-0.0220927
-0.0560468
-0.0813546
-0.142667
-0.002684
0.175844
-0.0275063
-0.136241
0.0493132
0.116533
0.0796158
0.0581694
0.157852
0.146946
-0.0515424
0.182958
0.0378128
-0.188632
888888
0.05
0.05
0.05
0.05
0.05
0.05
0.05
0.05
0.05
0.05
0.05
0.05
0.05
0.05
0.05
0.05
0.05
0.05
0.05
0.05
0.05
0.05
0.05
0.05
0.05
0.05
0.05
0.05
0.05
0.05
0.05
0.05
0.05
0.05
0.05
0.05
0.05
0.05
0.05
0.05
0.05
0.05
0.05
0.05
0.05
0.05
0.05
0.05
0.05
0.05
0.05
0.05
0.05
0.05
0.05
0.05
0.05
0.05
0.05
0.05
0.05
0.05
0.05
0.05
0.05
0.05
0.05
0.05
0.05
0.05
0.05
0.05
0.05
0.05
0.05
0.05
0.05
0.05
0.05
0.05
0.05
0.05
0.05
0.05
0.05
0.05
0.05
0.05
0.05
0.05
0.05
0.05
0.05
0.05
0.05
0.05
0.05
0.05
0.05
0.05
0.05
0.05
0.05
0.05
0.05
0.05
0.05
0.05
0.05
0.05
0.05
0.05
0.05
0.05
0.05
0.05
0.05
0.05
0.05
0.05
0.05
0.05
0.05
0.05
0.05
0.05
0.05
0.05
0.05
0.05
0.05
0.05
0.05
0.05
0.05
0.05
0.05
0.05
0.05
0.05
0.05
0.05
0.05
0.05
0.05
0.05
0.05
0.05
0.05
0.05
0.05
0.05
0.05
0.05
0.05
0.05
0.05
0.05
0.05
0.05
0.05
0.05
0.05
0.05
0.05
0.05
0.05
0.05
0.05
0.05
0.05
0.05
0.05
0.05
0.05
0.05
0.05
0.05
0.05
0.05
0.05
0.05
0.05
0.05
0.05
0.05
0.05
0.05
0.05
0.05
0.05
0.05
0.05
0.05
0.05
0.05
0.05
0.05
0.05
0.05
0.05
0.05
0.05
0.05
0.05
0.05
0.05
0.05
0.05
0.05
0.05
0.05
0.05
0.05
0.05
0.05
0.05
0.05
0.05
0.05
0.05
0.05
0.05
0.05
0.05
0.05
0.05
0.05
0.05
0.05
0.05
0.05
0.05
0.05
0.05
0.05
0.05
0.05
0.05
0.05
0.05
0.05
0.05
0.05
0.05
0.05
0.05
0.05
0.05
0.05
0.05
0.05
0.05
0.05
0.05
0.05
0.05
0.05
0.05
0.05
0.05
0.05
0.05
0.05
0.05
0.05
0.05
0.05
0.05
0.05
0.05
0.05
0.05
0.05
0.05
0.05
0.05
0.05
0.05
0.05
0.05
0.05
0.05
0.05
0.05
0.05
0.05
0.05
0.05
0.05
0.05
0.05
0.05
0.05
0.05
0.05
0.05
0.05
0.05
0.05
0.05
0.05
0.05
0.05
0.05
0.05
0.05
0.05
0.05
0.05
0.05
0.05
0.05
0.05
0.05
0.05
0.05
0.05
0.05
0.05
0.05
0.05
0.05
0.05
0.05
0.05
0.05
0.05
0.05
0.05
0.05
0.05
0.05
0.05
0.05
0.05
0.05
0.05
0.05
0.05
0.05
0.05
0.05
0.05
0.05
0.05
0.05
0.05
0.05
0.05
0.05
0.05
0.05
0.05
0.05
0.05
0.05
0.05
0.05
0.05
0.05
0.05
0.05
0.05
0.05
0.05
0.05
0.05
0.05
0.05
0.05
0.05
0.05
0.05
0.05
0.05
0.05
0.05
0.05
0.05
0.05
0.05
0.05
0.05
0.05
0.05
0.05
0.05
0.05
0.05
0.05
0.05
0.05
0.05
0.05
0.05
0.05
0.05
0.05
0.05
0.05
0.05
0.05
0.05
0.05
0.05
0.05
0.05
0.05
0.05
0.05
0.05
0.05
0.05
0.05
0.05
0.05
0.05
0.05
0.05
0.05
0.05
0.05
0.05
0.05
0.05
0.05
0.05
0.05
0.05
0.05
0.05
0.05
0.05
0.05
0.05
0.05
0.05
0.05
0.05
0.05
0.05
0.05
0.05
0.05
0.05
0.05
0.05
0.05
0.05
0.05
0.05
0.05
0.05
0.05
0.05
0.05
0.05
0.05
0.05
0.05
0.05
0.05
0.05
0.05
0.05
0.05
0.05
0.05
0.05
0.05
0.05
0.05
0.05
0.05
0.05
0.05
0.05
0.05
0.05
0.05
0.05
0.05
0.05
0.05
0.05
0.05
0.05
0.05
0.05
0.05
0.05
0.05
0.05
0.05
0.05
0.05
0.05
0.05
0.05
0.05
0.05
0.05
0.05
0.05
0.05
0.05
0.05
0.05
0.05
0.05
0.05
0.05
0.05
0.05
0.05
0.05
0.05
0.05
0.05
0.05
0.05
0.05
0.05
0.05
0.05
0.05
0.05
0.05
0.05
0.05
0.05
0.05
0.05
0.05
0.05
0.05
0.05
0.05
0.05
0.05
0.05
0.05
0.05
0.05
0.05
0.05
0.05
0.05
0.05
0.05
0.05
0.05
0.05
0.05
0.05
0.05
0.05
0.05
0.05
0.05
0.05
0.05
0.05
0.05
0.05
0.05
0.05
0.05
0.05
0.05
0.05
0.05
0.05
0.05
0.05
0.05
0.05
0.05
0.05
0.05
0.05
0.05
0.05
0.05
0.05
0.05
0.05
0.05
0.05
0.05
0.05
0.05
0.05
0.05
0.05
0.05
0.05
0.05
0.05
0.05
0.05
0.05
0.05
0.05
0.05
0.05
0.05
0.05
0.05
0.05
0.05
0.05
0.05
0.05
0.05
0.05
0.05
0.05
0.05
0.05
0.05
0.05
0.05
0.05
0.05
0.05
0.05
0.05
0.05
0.05
0.05
0.05
0.05
0.05
0.05
0.05
0.05
0.05
0.05
0.05
0.05
0.05
0.05
0.05
0.05
0.05
0.05
0.05
0.05
0.05
0.05
0.05
0.05
0.05
0.05
0.05
0.05
0.05
0.05
0.05
0.05
0.05
0.05
0.05
0.05
0.05
0.05
0.05
0.05
0.05
0.05
0.05
0.05
0.05
0.05
0.05
0.05
0.05
0.05
0.05
0.05
0.05
0.05
0.05
0.05
0.05
0.05
0.05
0.05
0.05
0.05
0.05
0.05
0.05
0.05
0.05
0.05
0.05
0.05
0.05
0.05
0.05
0.05
0.05
0.05
0.05
0.05
0.05
0.05
0.05
0.05
0.05
0.05
0.05
0.05
0.05
0.05
0.05
0.05
0.05
0.05
0.05
0.05
0.05
0.05
0.05
0.05
0.05
0.05
0.05
0.05
0.05
0.05
0.05
0.05
0.05
0.05
0.05
0.05
0.05
0.05
0.05
0.05
0.05
0.05
0.05
0.05
0.05
0.05
0.05
0.05
0.05
0.05
0.05
0.05
0.05
0.05
0.05
0.05
0.05
0.05
0.05
0.05
0.05
0.05
0.05
0.05
0.05
0.05
0.05
0.05
0.05
0.05
0.05
0.05
0.05
0.05
0.05
0.05
0.05
0.05
0.05
0.05
0.05
0.05
0.05
0.05
0.05
0.05
0.05
0.05
0.05
0.05
0.05
0.05
0.05
0.05
0.05
0.05
0.05
0.05
0.05
0.05
0.05
0.05
0.05
0.05
0.05
0.05
0.05
0.05
0.05
0.05
0.05
0.05
0.05
0.05
0.05
0.05
0.05
0.05
0.05
0.05
0.05
0.05
0.05
0.05
0.05
0.05
0.05
0.05
0.05
0.05
0.05
0.05
0.05
0.05
0.05
0.05
0.05
0.05
0.05
0.05
0.05
0.05
0.05
0.05
0.05
0.05
0.05
0.05
0.05
0.05
0.05
0.05
0.05
0.05
0.05
0.05
0.05
0.05
0.05
0.05
0.05
0.05
0.05
0.05
0.05
0.05
0.05
0.05
0.05
0.05
0.05
0.05
0.05
0.05
0.05
0.05
0.05
0.05
0.05
0.05
0.05
0.05
0.05
0.05
0.05
0.05
0.05
0.05
0.05
0.05
0.05
0.05
0.05
0.05
0.05
0.05
0.05
0.05
0.05
0.05
0.05
0.05
0.05
0.05
0.05
0.05
0.05
0.05
0.05
0.05
0.05
0.05
0.05
0.05
0.05
0.05
0.05
0.05
0.05
0.05
0.05
0.05
0.05
0.05
0.05
0.05
0.05
0.05
0.05
0.05
0.05
0.05
0.05
0.05
0.05
0.05
0.05
0.05
0.05
0.05
0.05
0.05
0.05
0.05
0.05
0.05
0.05
0.05
0.05
0.05
0.05
0.05
0.05
0.05
0.05
0.05
0.05
0.05
0.05
0.05
0.05
0.05
0.05
0.05
0.05
0.05
0.05
0.05
0.05
0.05
0.05
0.05
0.05
0.05
0.05
0.05
0.05
0.05
0.05
0.05
0.05
0.05
0.05
0.05
0.05
0.05
0.05
0.05
0.05
0.05
0.05
0.05
0.05
0.05
0.05
0.05
0.05
0.05
0.05
0.05
0.05
0.05
0.05
0.05
0.05
0.05
0.05
0.05
0.05
0.05
0.05
0.05
0.05
0.05
0.05
0.05
0.05
0.05
0.05
0.05
0.05
0.05
0.05
0.05
0.05
0.05
0.05
0.05
0.05
0.05
0.05
0.05
0.05
0.05
0.05
0.05
0.05
0.05
0.05
0.05
0.05
0.05
0.05
0.05
0.05
0.05
0.05
0.05
0.05
0.05
0.05
0.05
0.05
0.05
0.05
0.05
0.05
0.05
0.05
0.05
0.05
0.05
0.05
0.05
0.05
0.05
0.05
0.05
0.05
0.05
0.05
0.05
0.05
0.05
0.05
0.05
0.05
0.05
0.05
0.05
0.05
0.05
0.05
0.05
0.05
0.05
0.05
0.05
0.05
0.05
0.05
0.05
0.05
0.05
0.05
0.05
0.05
0.05
0.05
0.05
0.05
0.05
0.05
0.05
0.05
0.05
0.05
0.05
0.05
0.05
0.05
0.05
0.05
0.05
0.05
0.05
0.05
0.05
0.05
0.05
0.05
0.05
0.05
0.05
0.05
0.05
0.05
0.05
0.05
0.05
0.05
0.05
0.05
0.05
0.05
0.05
0.05
0.05
0.05
0.05
0.05
0.05
0.05
0.05
0.05
0.05
0.05
0.05
0.05
0.05
0.05
0.05
0.05
0.05
0.05
0.05
0.05
0.05
0.05
0.05
0.05
0.05
0.05
0.05
0.05
0.05
0.05
0.05
0.05
0.05
0.05
0.05
0.05
0.05
0.05
0.05
0.05
0.05
0.05
0.05
0.05
0.05
0.05
0.05
0.05
0.05
0.05
0.05
0.05
0.05
0.05
0.05
0.05
0.05
0.05
0.05
0.05
0.05
0.05
0.05
0.05
0.05
0.05
0.05
0.05
0.05
0.05
0.05
0.05
0.05
0.05
0.05
0.05
0.05
0.05
0.05
0.05
0.05
0.05
0.05
0.05
0.05
0.05
0.05
0.05
0.05
0.05
0.05
0.05
0.05
0.05
0.05
0.05
0.05
0.05
0.05
0.05
0.05
0.05
0.05
0.05
0.05
0.05
0.05
0.05
0.05
0.05
0.05
0.05
0.05
0.05
0.05
0.05
0.05
0.05
0.05
0.05
0.05
0.05
0.05
0.05
0.05
0.05
0.05
0.05
0.05
0.05
0.05
0.05
0.05
0.05
0.05
0.05
0.05
0.05
0.05
0.05
0.05
0.05
0.05
0.05
0.05
0.05
0.05
0.05
0.05
0.05
0.05
0.05
0.05
0.05
0.05
0.05
0.05
0.05
0.05
0.05
0.05
0.05
0.05
0.05
0.05
0.05
0.05
0.05
0.05
0.05
0.05
0.05
0.05
0.05
0.05
0.05
0.05
0.05
0.05
0.05
0.05
0.05
0.05
0.05
0.05
0.05
0.05
0.05
0.05
0.05
0.05
0.05
0.05
0.05
0.05
0.05
0.05
0.05
0.05
0.05
0.05
0.05
0.05
0.05
0.05
0.05
0.05
0.05
0.05
0.05
0.05
0.05
0.05
0.05
0.05
0.05
0.05
0.05
0.05
0.05
0.05
0.05
0.05
0.05
0.05
0.05
0.05
0.05
0.05
0.05
0.05
0.05
0.05
0.05
0.05
0.05
0.05
0.05
0.05
0.05
0.05
0.05
0.05
0.05
0.05
0.05
0.05
0.05
0.05
0.05
0.05
0.05
0.05
0.05
0.05
0.05
0.05
0.05
0.05
0.05
0.05
0.05
0.05
0.05
0.05
0.05
0.05
0.05
0.05
0.05
0.05
0.05
0.05
0.05
0.05
0.05
0.05
0.05
0.05
0.05
0.05
0.05
0.05
0.05
0.05
0.05
0.05
0.05
0.05
0.05
0.05
0.05
0.05
0.05
0.05
0.05
0.05
0.05
0.05
0.05
0.05
0.05
0.05
0.05
0.05
0.05
0.05
0.05
0.05
0.05
0.05
0.05
0.05
0.05
0.05
0.05
0.05
0.05
0.05
0.05
0.05
0.05
0.05
0.05
0.05
0.05
0.05
0.05
0.05
0.05
0.05
0.05
0.05
0.05
0.05
0.05
0.05
0.05
0.05
0.05
0.05
0.05
0.05
0.05
0.05
0.05
0.05
0.05
0.05
0.05
0.05
0.05
0.05
0.05
0.05
0.05
0.05
0.05
0.05
0.05
0.05
0.05
0.05
0.05
0.05
0.05
0.05
0.05
0.05
0.05
0.05
0.05
0.05
0.05
0.05
0.05
0.05
0.05
0.05
0.05
0.05
0.05
0.05
0.05
0.05
0.05
0.05
0.05
0.05
0.05
0.05
0.05
0.05
0.05
0.05
0.05
0.05
0.05
0.05
0.05
0.05
0.05
0.05
0.05
0.05
0.05
0.05
0.05
0.05
0.05
0.05
0.05
0.05
0.05
0.05
0.05
0.05
0.05
0.05
0.05
0.05
0.05
0.05
0.05
0.05
0.05
0.05
0.05
0.05
0.05
0.05
0.05
0.05
0.05
0.05
0.05
0.05
0.05
0.05
0.05
0.05
0.05
0.05
0.05
0.05
0.05
0.05
0.05
0.05
0.05
0.05
0.05
0.05
0.05
0.05
0.05
0.05
0.05
0.05
0.05
0.05
0.05
0.05
0.05
0.05
0.05
0.05
0.05
0.05
0.05
0.05
0.05
0.05
0.05
0.05
0.05
0.05
0.05
0.05
0.05
0.05
0.05
0.05
0.05
0.05
0.05
0.05
0.05
0.05
0.05
0.05
0.05
0.05
0.05
0.05
0.05
0.05
0.05
0.05
0.05
0.05
0.05
0.05
0.05
0.05
0.05
0.05
0.05
0.05
0.05
0.05
0.05
0.05
0.05
0.05
0.05
0.05
0.05
0.05
0.05
0.05
0.05
0.05
0.05
0.05
0.05
0.05
0.05
0.05
0.05
0.05
0.05
0.05
0.05
0.05
0.05
0.05
0.05
0.05
0.05
0.05
0.05
0.05
0.05
0.05
0.05
0.05
0.05
0.05
777777