1.51634
999999
0.145159
0.0885157
0.108687
0.0861686
0.152974
-0.162031
-0.102384
-0.182051
-0.138977
-0.195859
-0.0635688
-0.174264
0.0706505
-0.0546301
-0.194154
0.0749666
-0.0258126
-0.0486101
-0.10755
0.149501
-0.0492438
0.127865
0.0537208
-0.0383502
-0.0639675
0.153836
-0.00388389
-0.0786151
-0.0528455
0.191784
0.172187
-0.179286
-0.0611372
-0.0908776
-0.183555
-0.118836
0.0500489
0.135758
0.182342
0.126161
0.0480119
-0.193484
-0.0265308
-0.148667
-0.04058
-0.0156713
0.151483
0.0674673
-0.184457
-0.191113
0.0533788
-0.0726161
0.0933481
-0.144627
-0.013855
-0.0403734
0.00186535
-0.150002
-0.114785
0.168077
0.182817
0.115554
0.137225
0.106391
0.169697
-0.117266
0.0515672
-0.004691
0.0853702
-0.0562152
-0.187864
-0.0894109
0.149733
-0.197765
-0.00444368
-0.0867595
0.0180888
0.0780625
0.0903558
0.177173
0.143241
-0.180753
-0.158022
0.0360381
-0.147212
0.077095
-0.157969
0.177915
0.0253526
0.0390943
-0.0407365
0.121931
-0.087036
0.0749599
-0.144604
-0.148451
0.0372131
-0.0996393
0.0933756
0.196244
-0.123091
0.0533091
-0.10355
-0.0504663
-0.147422
0.0340811
0.133083
-0.186594
0.001036
0.194979
-0.163001
0.0111385
-0.0940666
-0.00865229
0.167104
0.0392937
0.0426945
-0.0723627
0.108803
0.165749
0.00720371
-0.036636
-0.0636282
0.165714
-0.160706
0.0390063
0.0643836
-0.11908
-0.17431
-0.0875305
-0.0280965
-0.189581
0.0971653
0.0765084
-0.0455989
0.089288
-0.0598352
0.0571531
0.191889
0.127835
-0.101185
-0.113166
0.164859
-0.0966858
-0.026813
0.164414
-0.0325831
0.159801
0.159903
0.00498005
-0.142281
0.082052
-0.152059
-0.0507598
-0.000599214
0.0557705
-0.0109739
0.11753
0.156752
-0.0136069
-0.162107
-0.163286
0.105984
-0.160724
-0.0527661
-0.164231
0.068575
-0.148227
0.139819
-0.0604458
-0.103504
0.0962106
0.0487937
0.128145
-0.0597368
0.171065
0.102003
0.0845485
0.0263325
-0.0205244
-0.080898
-0.100729
-0.00503623
-0.0218758
0.0362558
0.0998878
0.168708
0.19874
0.01852
0.0311391
-0.0668271
-0.113335
-0.00685752
-0.0334329
0.127919
0.13873
-0.0563938
-0.133279
-0.126268
0.00650928
0.0153458
-0.0614278
0.141103
-0.074328
-0.0460602
0.160888
-0.0575615
-0.0931408
0.0800273
0.170433
0.0977059
-0.0123313
0.0168006
-0.180398
0.108104
-0.0689325
0.0420811
0.18389
0.0033622
-0.050315
0.197259
-0.0435163
-0.0706965
-0.0422187
0.169476
-0.131274
-0.097115
0.0609929
0.113176
0.13272
0.0222741
-0.163245
0.0061391
-0.0798538
0.0473184
-0.190945
-0.0738819
-0.026232
0.0528613
0.114961
0.150591
-0.153794
0.0978239
-0.152613
0.0293934
0.161194
-0.0723174
-0.165567
-0.11724
-0.00671352
0.064609
-0.136419
0.0588174
-0.160763
0.111604
-0.0394336
0.187162
-0.191419
-0.0202444
-0.199848
0.0750818
-0.156045
0.0923773
-0.0184259
-0.149884
0.0348422
-0.115131
0.169589
0.159259
0.095974
0.043024
0.0311887
-0.127024
0.0678675
0.148485
0.127028
-0.0711806
0.10465
-0.138632
-0.177664
0.112015
-0.0826488
-0.103486
-0.0200831
0.00186764
0.114029
0.0075746
-0.0692482
-0.0719027
-0.0569707
0.172915
0.162544
-0.0902939
-0.193775
-0.178252
0.171603
-0.0219159
0.134904
0.0497828
0.0888885
0.0345106
-0.0276506
0.164525
-0.0559852
0.0145584
0.0118186
-0.0729518
-0.156974
0.0336045
0.158818
-0.0403202
0.105984
0.0228986
-0.105706
-0.13745
-0.127068
0.149338
0.178303
0.116179
0.148317
0.0693562
-0.0789162
0.16108
0.0898588
-0.0411489
-0.16322
0.0209834
-0.168046
-0.0868213
0.0996748
-0.172824
0.0729172
-0.0755669
-0.180073
-0.160364
0.0780363
0.0601075
0.138174
-0.108053
-0.19037
-0.0171038
0.0519395
-0.0152238
0.0235441
0.191462
0.0713098
0.183887
-0.115339
-0.0527445
0.0879659
0.101141
0.104922
0.142806
0.15884
-0.138601
0.136385
0.0117759
0.165686
0.0324076
-0.0547919
-0.188468
0.10658
0.00864671
-0.0917047
-0.00667166
0.158092
0.0447312
0.130298
0.194687
0.0181509
-0.0345661
-0.188163
0.0190801
-0.01171
0.0462017
-0.106343
0.0864474
-0.0328619
-0.0418514
0.140333
0.181123
-0.0448024
0.0848408
0.117708
-0.0202743
-0.0051536
-0.105558
-0.146291
0.108844
-0.190262
-0.0249953
-0.0745008
-0.113432
0.19352
-0.0502485
-0.185414
0.00429608
-0.0962486
-0.00342558
0.0728574
0.119769
-0.106061
-0.0129639
-0.127959
0.0395089
0.0113642
-0.168357
0.0407745
-0.195964
0.126861
0.0812204
0.0690117
-0.113226
-0.0612013
0.185409
-0.0635819
-0.0797489
0.179141
0.0824313
0.0110341
0.109957
0.0261673
0.00985231
0.0698908
0.17791
0.195759
-0.0144419
0.0648414
0.147814
-0.0150288
0.0644154
0.176522
0.128635
0.065407
-0.160114
0.0839336
0.194783
-0.174061
0.083525
-0.120815
0.172674
0.153702
-0.184436
0.093365
-0.0122896
0.0949112
-0.0499714
-0.0345069
0.0713318
0.136672
-0.0595361
-0.0732307
-0.110205
0.0941428
-0.152261
-0.0601015
0.167601
-0.0249722
0.0773361
-0.0789592
0.0353476
0.0339952
0.109968
-0.0258474
0.136457
-0.067554
0.0519554
0.0877605
0.0721868
0.0358653
0.0336602
0.0549458
0.130243
-0.0174127
0.12915
-0.044237
0.0414472
0.140493
-0.158622
-0.087752
0.11167
-0.167197
0.0874085
0.0259512
0.192308
0.15199
0.0571715
-0.0332187
-0.136043
-0.153328
0.115408
0.0929117
0.0551605
-0.130566
0.0875647
-0.014035
0.138132
0.0207335
0.199076
-0.144772
0.157578
0.0603333
-0.0876253
0.0138997
0.0643597
-0.164766
-0.0907093
0.129796
0.13831
0.0458213
0.127364
-0.176417
-0.198121
-0.118466
-0.0781773
0.021598
0.0652686
-0.17894
-0.157993
0.0425991
0.0171128
0.178107
-0.199275
-0.125316
0.112931
0.0646977
0.0695112
-0.0974537
-0.114127
0.112063
-0.0911019
-0.0130416
-0.0186886
0.103563
0.120847
0.167866
0.137997
0.0776421
0.123271
-0.091566
0.00359518
-0.00361581
-0.0724784
0.149618
-0.00615743
-0.182418
-0.0651493
0.0513926
-0.170785
0.104198
-0.0671504
0.0824918
-0.193334
-0.119993
-0.0599707
-0.166372
-0.0492765
0.130955
-0.0370895
-0.0656426
0.173752
-0.163268
-0.0301337
-0.0374249
-0.0135261
-0.0844303
-0.0539758
0.198746
0.0584947
-0.13928
-0.069486
0.129952
-0.177386
-0.192977
0.153511
-0.0724486
0.0689859
0.154331
-0.093469
0.154279
-0.0989486
0.110884
0.00245509
-0.089085
-0.106978
0.162534
-0.0436894
-0.105954
-0.0419696
0.191996
-0.0585758
0.113042
-0.0451566
0.145622
0.108881
-0.026319
-0.188196
-0.0783983
-0.174101
0.0774681
-0.0247342
-0.0964881
0.0913741
0.154534
-0.0253374
0.0401359
0.0698017
0.136762
-0.157801
0.111952
0.176672
0.056365
0.128274
0.0558427
-0.191742
0.165625
0.147671
0.173742
0.0122132
0.121547
0.0256035
-0.0285239
0.0702954
-0.137277
0.00970426
-0.103872
0.0357948
0.0779521
-0.0663143
0.0452381
-0.127193
-0.146638
-0.193659
-0.0623902
-0.189583
0.0539367
-0.139285
-0.127524
-0.148816
0.05248
-0.0941544
-0.0735266
0.0423296
0.101492
-0.139599
0.145726
0.161427
-0.085928
-0.138047
-0.166058
0.103139
-0.0714957
0.107285
0.195161
-0.133873
-0.193875
0.135403
0.012325
-0.0126065
0.0838737
-0.0115796
0.122443
0.144612
0.154421
0.117188
0.0818648
-0.0723458
-0.124361
0.11234
0.129264
-0.0858294
-0.197149
-0.0918981
-0.00292918
-0.0563775
0.0352494
0.192873
0.0586228
0.0348987
0.188602
-0.163724
-0.0401588
-0.0359771
-0.171441
0.144052
0.197547
-0.0724531
0.121621
0.175557
0.13759
0.0219412
-0.169701
0.109242
-0.0328303
-0.12448
0.120231
-0.138368
0.0622121
-0.0617666
-0.122144
0.15295
-0.0058195
0.135173
0.0255667
-0.0845147
0.0338748
-0.146291
0.145466
-0.198419
-0.145564
0.082908
-0.195468
-0.0543111
-0.141179
-0.0873282
0.103492
0.140109
0.18
0.0407094
0.134981
-0.00455706
-0.184982
0.133707
-0.00275328
0.0393979
-0.105666
-0.115304
0.164208
0.183731
0.0163487
0.160499
0.159651
-0.038676
0.19557
-0.13059
-0.191113
-0.0197529
-0.0302232
-0.0344552
0.0660856
0.183408
-0.0909686
0.140526
-0.114144
-0.193035
0.176553
0.0674812
0.0553646
-0.152693
-0.0281485
-0.144439
-0.00838424
-0.101679
0.0170631
0.166952
0.19121
0.16679
0.132112
0.187067
-0.0770176
-0.0795997
-0.175549
-0.117864
0.0922693
0.0179051
-0.0380182
-0.0791077
0.0725106
0.147978
0.132832
-0.101805
-0.0683105
0.165275
-0.0434001
-0.135865
-0.0028658
-0.0233928
0.199414
-0.131564
-0.0166847
-0.0333268
-0.151874
-0.164867
0.0891398
-0.0472087
-0.032609
-0.148897
0.0653603
-0.146617
0.175531
0.0551022
0.0742607
-0.1453
0.187758
0.0674262
-0.00415386
0.0616955
0.0121453
-0.0209417
-0.147178
-0.189642
0.195739
0.0424752
-0.175301
-0.0455814
0.136655
-0.0256511
0.0537687
-0.00125178
-0.0765649
-0.0592685
0.0408283
0.0385406
0.01673
0.0377764
0.0153295
-0.080928
0.146149
-0.0688786
-0.171705
-0.0174373
-0.018049
-0.022896
-0.0732117
0.136404
-0.0810317
0.00796773
0.0995058
0.180566
-0.186926
0.0113754
-0.0900176
-0.0834848
-0.135793
-0.175165
0.194948
0.115423
-0.0368646
0.0288226
0.0594886
0.0444602
0.181896
-0.150935
-0.140145
0.0300227
0.140113
0.167678
-0.144616
0.163538
0.029175
0.14487
0.110094
-0.0717488
0.15652
-0.142508
-0.0684637
-0.0506343
0.168688
-0.0291846
0.0286021
0.132024
0.0689477
0.0830305
0.0312777
0.0261277
0.0916171
0.147087
0.0278669
-0.0794955
-0.0558803
0.0569899
0.161714
0.124774
-0.121283
0.0118052
-0.0538922
-0.0392834
-0.193073
0.0990024
-0.0924021
-0.0899129
-0.16147
0.111732
0.0772779
-0.0694882
-0.119223
-0.125121
-0.00759551
-0.0775736
0.157059
0.142186
0.0797841
-0.104218
0.141998
0.177546
0.0232835
-0.0720294
0.0740229
0.0412134
-0.113792
-0.0875218
-0.188613
-0.00513673
-0.105143
0.145607
0.199545
-0.105375
-0.0355308
0.195311
-0.147184
0.113967
-0.147952
0.153871
0.123291
0.0112722
-0.126521
-0.0714963
-0.0428562
-0.110652
0.0571699
-0.169504
-0.137891
-0.146709
-0.0864987
-0.0966215
0.0620512
0.0346681
-0.0659608
0.135922
0.118675
-0.124414
0.00972049
0.152649
-0.104963
-0.126203
-0.197418
0.060576
0.147894
-0.154206
-0.0909325
-0.0528552
-0.0486295
0.0763172
0.133668
0.13526
-0.0104129
0.19578
0.152121
-0.18844
-0.111854
0.0687304
-0.114582
0.160259
-0.0759669
-0.0259626
0.139906
-0.109813
-0.0828089
-0.091811
0.112631
0.172108
-0.0545372
0.147716
-0.136018
0.141897
-0.0281084
0.0318245
0.135888
-0.0948152
-0.161563
0.0851591
-0.0746216
-0.0446578
0.174167
0.121674
0.094621
-0.0366731
0.131189
-0.0961709
0.0502997
0.00905498
0.0530113
-0.155477
0.0611597
0.123556
-0.120384
0.0903428
0.0388333
0.0344147
0.0847426
0.0922764
-0.0018563
0.0443335
0.111704
0.0914469
-0.0371814
0.00485312
0.118938
-0.180068
-0.0173344
-0.0498035
-0.0775665
-0.0245011
0.101702
-0.118544
0.00710294
0.0673987
0.187681
0.0799695
0.178149
-0.136945
0.0431028
0.123681
0.161381
-0.165738
0.0222673
-0.0892446
0.100015
0.158983
0.0293839
-0.0800139
-0.100007
0.166447
0.15737
0.0591614
-0.0712275
0.140853
-0.127032
-0.187252
0.0847198
0.115694
-0.14755
-0.0740247
0.0842788
-0.16533
0.0491138
-0.0506688
-0.146945
-0.184683
0.170737
0.102524
0.182046
-0.1936
-0.0067081
0.17233
0.0483572
0.0584338
0.153131
-0.06678
-0.00921106
0.0610818
-0.0371326
-0.144266
-0.0407686
-0.164569
0.167507
0.00448081
0.0385798
-0.0457923
0.0232482
-0.0941339
-0.0754087
-0.0985453
-0.113891
0.131675
-0.194939
0.0706996
-0.192434
-0.00246983
0.109225
0.0835898
-0.134188
0.023128
0.0758261
-0.0918404
-0.0791918
-0.0186434
0.15241
-0.0362532
-0.168269
-0.090045
0.18818
0.198428
0.164751
-0.0751991
-0.0547337
-0.120511
0.0900943
-0.178046
0.0124725
-0.0935772
0.0580536
-0.147924
-0.000725525
-0.19704
0.0283811
0.101674
-0.0847104
0.166569
-0.0403568
0.0743412
-0.179968
0.104602
0.19282
0.0231803
-0.0957814
0.0321321
-0.157661
0.196473
0.0239016
0.0105693
0.186272
-0.130438
0.141449
-0.196259
0.107336
0.00506769
0.193752
0.117475
0.0847373
-0.0624512
0.103238
-0.0718566
0.0492502
-0.115451
-0.171904
-0.171609
-0.0130782
-0.0649908
-0.0419104
0.0241546
-0.056725
0.101004
-0.0563729
0.160543
0.144876
0.112504
-0.140032
-0.0296912
0.129568
-0.0426626
-0.0514879
0.0654345
-0.0677924
0.0302857
0.106558
0.160643
0.0566954
-0.0467897
-0.0119505
-0.0641369
0.000502797
0.0390851
0.0774718
0.00307072
0.0767771
0.0159569
-0.0220863
-0.0323092
-0.0782521
0.056815
-0.115558
0.0132524
0.177597
0.170613
-0.15148
0.0614151
0.0615545
0.068326
0.184356
-0.116487
-0.155239
0.0905317
-0.0510759
0.134979
0.0904045
0.122263
0.045116
-0.183791
0.0431587
-0.00427911
-0.16714
0.0554651
-0.135065
-0.115879
-0.076039
-0.196359
-0.138809
-0.0550826
-0.016102
-0.0544865
-0.16572
0.0634742
0.108386
-0.0804435
0.0642947
0.0533681
-0.000353764
0.138331
-0.135109
-0.125537
-0.155346
-0.154764
0.0505464
-0.0992418
-0.165302
-0.174701
0.0515487
0.138957
-0.101301
-0.0383131
-0.00737034
0.172635
0.137683
-0.049738
0.158693
-0.0903098
0.163353
0.04569
-0.0985637
0.0270662
0.0546016
-0.138161
0.070665
-0.0952701
0.178923
-0.0300072
0.0447781
0.131469
0.179896
0.100965
-0.12296
0.00551717
-0.0182619
0.0769301
-0.0202294
-0.198708
-0.171229
0.138555
0.194978
0.177249
-0.19425
0.162035
-0.0934628
0.083947
0.0210348
0.0579646
0.194222
-0.14905
-0.0239249
-0.063223
-0.109137
-0.170081
-0.0254856
0.0847614
-0.0894831
0.00131909
-0.0237179
0.173748
0.159798
0.0485394
-0.19257
0.128521
-0.0962596
-0.0707098
0.077513
0.0437654
0.0161978
-0.116585
-0.07796
0.0332561
0.10104
0.0464633
-0.195444
0.052788
-0.189208
0.115498
0.0462488
0.00965579
0.122379
0.0229844
0.167231
0.137018
-0.150988
-0.14776
0.149278
-0.162327
-0.0866195
0.0313953
-0.00589146
-0.156471
-0.066772
-0.0897423
-0.177776
0.139099
0.180606
0.021777
0.0259675
-0.162677
0.187613
0.0385599
0.0723207
-0.0519192
-0.120705
-0.179211
-0.0764496
-0.052229
-0.0953842
0.173029
-0.130353
-0.151588
0.14422
-0.0891949
-0.0573532
0.0870242
-0.197542
0.136168
-0.134811
-0.0147747
0.0273797
0.0194365
0.0921321
-0.0516955
0.198932
0.192528
-0.113253
0.0725931
-0.189209
-0.153016
-0.0767846
-0.105424
0.0350311
-0.0421735
0.0315261
0.139041
0.120057
0.0958269
0.0214153
0.00737193
0.0989181
-0.00684692
0.064776
-0.154807
0.143667
0.0695413
0.0446263
-0.0216289
0.0894831
-0.00803203
0.112557
0.122651
-0.037309
-0.17768
-0.0751003
-0.0182003
0.054279
0.171959
0.1789
-0.031513
-0.0386922
0.0155877
-0.058991
-0.0936182
-0.00534396
-0.0929213
-0.109185
0.00351219
0.0644842
-0.156278
-0.0694613
-0.110395
0.00683879
0.0194609
0.0849212
0.00133949
0.121766
-0.0047
0.00957145
0.186994
0.156473
-0.155421
0.0592488
0.0655315
0.0566714
-0.0194268
-0.0984972
-0.00898775
0.150489
-0.0304183
0.0582188
0.132762
0.182278
0.186668
-0.115329
-0.097374
-0.184474
-0.0574441
-0.106266
0.00609807
-0.00506436
-0.131907
-0.158397
-0.114933
-0.111125
0.00840077
0.00454114
0.0820132
-0.046462
-0.189302
0.185219
-0.00493914
-0.168898
-0.0317896
-0.0462684
0.00348168
-0.0443541
-0.101568
0.154564
0.181645
-0.144625
0.0424506
0.0989561
-0.00568592
-0.140737
-0.113263
-0.0156556
0.191264
-0.068478
0.111228
-0.168806
0.0706547
-0.103551
-0.0292865
-0.164906
-0.0924617
-0.108723
-0.0668865
0.136476
-0.0152845
0.0376525
0.158854
-0.0198709
-0.144806
0.12598
-0.0535329
-0.00970383
0.168357
0.183535
-0.0159075
-0.00524777
0.166874
0.0471079
-0.0483621
-0.0806384
0.0492911
-0.187308
0.154081
-0.00194428
0.0445819
-0.0295005
-0.154396
-0.179087
-0.104233
0.151941
0.0784795
0.00500686
-0.00293929
-0.12746
-0.199578
-0.164616
0.099897
-0.0685471
0.107885
0.149458
0.0534224
0.0207761
0.144899
-0.0943553
-0.136516
0.175586
0.10697
-0.00263594
-0.0998791
-0.0740523
-0.0493724
-0.0605033
0.0147698
0.0229925
-0.125119
-0.0400248
0.0692387
0.110112
0.115117
0.000662757
-0.176711
0.0512599
0.0248446
0.0367211
0.100283
-0.191093
-0.186412
-0.0955899
0.0208581
0.162506
-0.184999
-0.180733
0.0781086
0.0632402
-0.145424
0.0533385
-0.164911
0.0244089
-0.118494
-0.0626271
-0.160712
-0.0340691
-0.0665982
-0.167809
-0.0882589
-0.0200044
0.0921976
0.0691473
-0.0909921
0.0592832
0.129826
0.0701397
0.110893
-0.151117
-0.134256
0.0626183
-0.0898399
0.1187
-0.148511
0.143328
0.164446
0.00833822
0.151655
-0.0564472
-0.0682794
-0.0156108
-0.0134468
0.171252
-0.134971
0.135003
0.121372
0.033699
-0.0382469
0.129563
-0.167254
0.059534
-0.0405885
0.0342287
-0.142364
0.0385514
0.137648
-0.0213231
-0.166649
0.170254
0.191786
-0.118572
-0.111354
0.0297113
-0.0427362
0.0136434
0.195967
0.0543715
-0.138899
-0.057055
0.152285
-0.188968
-0.143406
-0.117414
0.0235578
-0.0767141
-0.017911
-0.163938
0.165513
0.00172343
-0.110165
-0.00215472
0.148481
0.00657223
-0.0045975
-0.0853748
0.0755164
0.145473
0.169899
-0.069871
0.137912
0.0935633
0.13603
-0.0321011
0.00861084
0.0522064
-0.183891
0.0717109
0.117011
-0.117559
-0.135299
0.134933
0.0167981
0.161695
0.0950359
-0.0445231
0.0676589
0.136758
0.0354539
0.14106
-0.175696
-0.154026
-0.0350407
-0.130263
0.198389
0.00560424
0.0580811
-0.130581
-0.16367
-0.126576
0.0652643
0.0269087
-0.137699
0.185421
-0.073392
0.172695
0.172395
-0.199487
-0.107737
-0.161846
-0.057974
0.159659
0.00296818
-0.0492318
-0.143578
0.195814
-0.179103
0.175376
-0.0608579
0.120507
-0.156697
-0.0394806
0.0508624
-0.0830828
-0.0731163
0.119907
-0.143014
-0.0819376
-0.0335981
0.196477
-0.143666
-0.12316
0.170526
0.191325
0.138062
-0.0835157
0.062451
0.00352564
0.140793
-0.0500508
-0.0186758
-0.0780567
-0.173189
-0.0815449
-0.015935
0.0377463
0.0817242
0.184558
-0.183115
-0.0922124
-0.164361
0.0671278
-0.170951
0.107043
0.110764
0.188726
-0.199726
-0.00996121
0.155106
-0.157597
0.0937401
-0.108045
0.0207105
-0.192303
-0.114982
-0.00365832
0.0319525
-0.0648673
-0.0463035
0.115688
0.0709864
-0.147199
-0.174069
0.19074
0.192284
-0.170601
0.180898
0.135387
0.16999
-0.159689
-0.18562
-0.198276
-0.0897479
0.0401834
-0.0100754
0.0474534
-0.136569
0.180081
0.193187
-0.104629
-0.120688
0.113994
0.0442439
-0.177811
-0.00993224
-0.0123361
-0.109719
-0.131702
-0.0486343
-0.0574586
0.0441494
-0.125973
-0.116725
0.115377
888888
0.05
0.05
0.05
0.05
0.05
0.05
0.05
0.05
0.05
0.05
0.05
0.05
0.05
0.05
0.05
0.05
0.05
0.05
0.05
0.05
0.05
0.05
0.05
0.05
0.05
0.05
0.05
0.05
0.05
0.05
0.05
0.05
0.05
0.05
0.05
0.05
0.05
0.05
0.05
0.05
0.05
0.05
0.05
0.05
0.05
0.05
0.05
0.05
0.05
0.05
0.05
0.05
0.05
0.05
0.05
0.05
0.05
0.05
0.05
0.05
0.05
0.05
0.05
0.05
0.05
0.05
0.05
0.05
0.05
0.05
0.05
0.05
0.05
0.05
0.05
0.05
0.05
0.05
0.05
0.05
0.05
0.05
0.05
0.05
0.05
0.05
0.05
0.05
0.05
0.05
0.05
0.05
0.05
0.05
0.05
0.05
0.05
0.05
0.05
0.05
0.05
0.05
0.05
0.05
0.05
0.05
0.05
0.05
0.05
0.05
0.05
0.05
0.05
0.05
0.05
0.05
0.05
0.05
0.05
0.05
0.05
0.05
0.05
0.05
0.05
0.05
0.05
0.05
0.05
0.05
0.05
0.05
0.05
0.05
0.05
0.05
0.05
0.05
0.05
0.05
0.05
0.05
0.05
0.05
0.05
0.05
0.05
0.05
0.05
0.05
0.05
0.05
0.05
0.05
0.05
0.05
0.05
0.05
0.05
0.05
0.05
0.05
0.05
0.05
0.05
0.05
0.05
0.05
0.05
0.05
0.05
0.05
0.05
0.05
0.05
0.05
0.05
0.05
0.05
0.05
0.05
0.05
0.05
0.05
0.05
0.05
0.05
0.05
0.05
0.05
0.05
0.05
0.05
0.05
0.05
0.05
0.05
0.05
0.05
0.05
0.05
0.05
0.05
0.05
0.05
0.05
0.05
0.05
0.05
0.05
0.05
0.05
0.05
0.05
0.05
0.05
0.05
0.05
0.05
0.05
0.05
0.05
0.05
0.05
0.05
0.05
0.05
0.05
0.05
0.05
0.05
0.05
0.05
0.05
0.05
0.05
0.05
0.05
0.05
0.05
0.05
0.05
0.05
0.05
0.05
0.05
0.05
0.05
0.05
0.05
0.05
0.05
0.05
0.05
0.05
0.05
0.05
0.05
0.05
0.05
0.05
0.05
0.05
0.05
0.05
0.05
0.05
0.05
0.05
0.05
0.05
0.05
0.05
0.05
0.05
0.05
0.05
0.05
0.05
0.05
0.05
0.05
0.05
0.05
0.05
0.05
0.05
0.05
0.05
0.05
0.05
0.05
0.05
0.05
0.05
0.05
0.05
0.05
0.05
0.05
0.05
0.05
0.05
0.05
0.05
0.05
0.05
0.05
0.05
0.05
0.05
0.05
0.05
0.05
0.05
0.05
0.05
0.05
0.05
0.05
0.05
0.05
0.05
0.05
0.05
0.05
0.05
0.05
0.05
0.05
0.05
0.05
0.05
0.05
0.05
0.05
0.05
0.05
0.05
0.05
0.05
0.05
0.05
0.05
0.05
0.05
0.05
0.05
0.05
0.05
0.05
0.05
0.05
0.05
0.05
0.05
0.05
0.05
0.05
0.05
0.05
0.05
0.05
0.05
0.05
0.05
0.05
0.05
0.05
0.05
0.05
0.05
0.05
0.05
0.05
0.05
0.05
0.05
0.05
0.05
0.05
0.05
0.05
0.05
0.05
0.05
0.05
0.05
0.05
0.05
0.05
0.05
0.05
0.05
0.05
0.05
0.05
0.05
0.05
0.05
0.05
0.05
0.05
0.05
0.05
0.05
0.05
0.05
0.05
0.05
0.05
0.05
0.05
0.05
0.05
0.05
0.05
0.05
0.05
0.05
0.05
0.05
0.05
0.05
0.05
0.05
0.05
0.05
0.05
0.05
0.05
0.05
0.05
0.05
0.05
0.05
0.05
0.05
0.05
0.05
0.05
0.05
0.05
0.05
0.05
0.05
0.05
0.05
0.05
0.05
0.05
0.05
0.05
0.05
0.05
0.05
0.05
0.05
0.05
0.05
0.05
0.05
0.05
0.05
0.05
0.05
0.05
0.05
0.05
0.05
0.05
0.05
0.05
0.05
0.05
0.05
0.05
0.05
0.05
0.05
0.05
0.05
0.05
0.05
0.05
0.05
0.05
0.05
0.05
0.05
0.05
0.05
0.05
0.05
0.05
0.05
0.05
0.05
0.05
0.05
0.05
0.05
0.05
0.05
0.05
0.05
0.05
0.05
0.05
0.05
0.05
0.05
0.05
0.05
0.05
0.05
0.05
0.05
0.05
0.05
0.05
0.05
0.05
0.05
0.05
0.05
0.05
0.05
0.05
0.05
0.05
0.05
0.05
0.05
0.05
0.05
0.05
0.05
0.05
0.05
0.05
0.05
0.05
0.05
0.05
0.05
0.05
0.05
0.05
0.05
0.05
0.05
0.05
0.05
0.05
0.05
0.05
0.05
0.05
0.05
0.05
0.05
0.05
0.05
0.05
0.05
0.05
0.05
0.05
0.05
0.05
0.05
0.05
0.05
0.05
0.05
0.05
0.05
0.05
0.05
0.05
0.05
0.05
0.05
0.05
0.05
0.05
0.05
0.05
0.05
0.05
0.05
0.05
0.05
0.05
0.05
0.05
0.05
0.05
0.05
0.05
0.05
0.05
0.05
0.05
0.05
0.05
0.05
0.05
0.05
0.05
0.05
0.05
0.05
0.05
0.05
0.05
0.05
0.05
0.05
0.05
0.05
0.05
0.05
0.05
0.05
0.05
0.05
0.05
0.05
0.05
0.05
0.05
0.05
0.05
0.05
0.05
0.05
0.05
0.05
0.05
0.05
0.05
0.05
0.05
0.05
0.05
0.05
0.05
0.05
0.05
0.05
0.05
0.05
0.05
0.05
0.05
0.05
0.05
0.05
0.05
0.05
0.05
0.05
0.05
0.05
0.05
0.05
0.05
0.05
0.05
0.05
0.05
0.05
0.05
0.05
0.05
0.05
0.05
0.05
0.05
0.05
0.05
0.05
0.05
0.05
0.05
0.05
0.05
0.05
0.05
0.05
0.05
0.05
0.05
0.05
0.05
0.05
0.05
0.05
0.05
0.05
0.05
0.05
0.05
0.05
0.05
0.05
0.05
0.05
0.05
0.05
0.05
0.05
0.05
0.05
0.05
0.05
0.05
0.05
0.05
0.05
0.05
0.05
0.05
0.05
0.05
0.05
0.05
0.05
0.05
0.05
0.05
0.05
0.05
0.05
0.05
0.05
0.05
0.05
0.05
0.05
0.05
0.05
0.05
0.05
0.05
0.05
0.05
0.05
0.05
0.05
0.05
0.05
0.05
0.05
0.05
0.05
0.05
0.05
0.05
0.05
0.05
0.05
0.05
0.05
0.05
0.05
0.05
0.05
0.05
0.05
0.05
0.05
0.05
0.05
0.05
0.05
0.05
0.05
0.05
0.05
0.05
0.05
0.05
0.05
0.05
0.05
0.05
0.05
0.05
0.05
0.05
0.05
0.05
0.05
0.05
0.05
0.05
0.05
0.05
0.05
0.05
0.05
0.05
0.05
0.05
0.05
0.05
0.05
0.05
0.05
0.05
0.05
0.05
0.05
0.05
0.05
0.05
0.05
0.05
0.05
0.05
0.05
0.05
0.05
0.05
0.05
0.05
0.05
0.05
0.05
0.05
0.05
0.05
0.05
0.05
0.05
0.05
0.05
0.05
0.05
0.05
0.05
0.05
0.05
0.05
0.05
0.05
0.05
0.05
0.05
0.05
0.05
0.05
0.05
0.05
0.05
0.05
0.05
0.05
0.05
0.05
0.05
0.05
0.05
0.05
0.05
0.05
0.05
0.05
0.05
0.05
0.05
0.05
0.05
0.05
0.05
0.05
0.05
0.05
0.05
0.05
0.05
0.05
0.05
0.05
0.05
0.05
0.05
0.05
0.05
0.05
0.05
0.05
0.05
0.05
0.05
0.05
0.05
0.05
0.05
0.05
0.05
0.05
0.05
0.05
0.05
0.05
0.05
0.05
0.05
0.05
0.05
0.05
0.05
0.05
0.05
0.05
0.05
0.05
0.05
0.05
0.05
0.05
0.05
0.05
0.05
0.05
0.05
0.05
0.05
0.05
0.05
0.05
0.05
0.05
0.05
0.05
0.05
0.05
0.05
0.05
0.05
0.05
0.05
0.05
0.05
0.05
0.05
0.05
0.05
0.05
0.05
0.05
0.05
0.05
0.05
0.05
0.05
0.05
0.05
0.05
0.05
0.05
0.05
0.05
0.05
0.05
0.05
0.05
0.05
0.05
0.05
0.05
0.05
0.05
0.05
0.05
0.05
0.05
0.05
0.05
0.05
0.05
0.05
0.05
0.05
0.05
0.05
0.05
0.05
0.05
0.05
0.05
0.05
0.05
0.05
0.05
0.05
0.05
0.05
0.05
0.05
0.05
0.05
0.05
0.05
0.05
0.05
0.05
0.05
0.05
0.05
0.05
0.05
0.05
0.05
0.05
0.05
0.05
0.05
0.05
0.05
0.05
0.05
0.05
0.05
0.05
0.05
0.05
0.05
0.05
0.05
0.05
0.05
0.05
0.05
0.05
0.05
0.05
0.05
0.05
0.05
0.05
0.05
0.05
0.05
0.05
0.05
0.05
0.05
0.05
0.05
0.05
0.05
0.05
0.05
0.05
0.05
0.05
0.05
0.05
0.05
0.05
0.05
0.05
0.05
0.05
0.05
0.05
0.05
0.05
0.05
0.05
0.05
0.05
0.05
0.05
0.05
0.05
0.05
0.05
0.05
0.05
0.05
0.05
0.05
0.05
0.05
0.05
0.05
0.05
0.05
0.05
0.05
0.05
0.05
0.05
0.05
0.05
0.05
0.05
0.05
0.05
0.05
0.05
0.05
0.05
0.05
0.05
0.05
0.05
0.05
0.05
0.05
0.05
0.05
0.05
0.05
0.05
0.05
0.05
0.05
0.05
0.05
0.05
0.05
0.05
0.05
0.05
0.05
0.05
0.05
0.05
0.05
0.05
0.05
0.05
0.05
0.05
0.05
0.05
0.05
0.05
0.05
0.05
0.05
0.05
0.05
0.05
0.05
0.05
0.05
0.05
0.05
0.05
0.05
0.05
0.05
0.05
0.05
0.05
0.05
0.05
0.05
0.05
0.05
0.05
0.05
0.05
0.05
0.05
0.05
0.05
0.05
0.05
0.05
0.05
0.05
0.05
0.05
0.05
0.05
0.05
0.05
0.05
0.05
0.05
0.05
0.05
0.05
0.05
0.05
0.05
0.05
0.05
0.05
0.05
0.05
0.05
0.05
0.05
0.05
0.05
0.05
0.05
0.05
0.05
0.05
0.05
0.05
0.05
0.05
0.05
0.05
0.05
0.05
0.05
0.05
0.05
0.05
0.05
0.05
0.05
0.05
0.05
0.05
0.05
0.05
0.05
0.05
0.05
0.05
0.05
0.05
0.05
0.05
0.05
0.05
0.05
0.05
0.05
0.05
0.05
0.05
0.05
0.05
0.05
0.05
0.05
0.05
0.05
0.05
0.05
0.05
0.05
0.05
0.05
0.05
0.05
0.05
0.05
0.05
0.05
0.05
0.05
0.05
0.05
0.05
0.05
0.05
0.05
0.05
0.05
0.05
0.05
0.05
0.05
0.05
0.05
0.05
0.05
0.05
0.05
0.05
0.05
0.05
0.05
0.05
0.05
0.05
0.05
0.05
0.05
0.05
0.05
0.05
0.05
0.05
0.05
0.05
0.05
0.05
0.05
0.05
0.05
0.05
0.05
0.05
0.05
0.05
0.05
0.05
0.05
0.05
0.05
0.05
0.05
0.05
0.05
0.05
0.05
0.05
0.05
0.05
0.05
0.05
0.05
0.05
0.05
0.05
0.05
0.05
0.05
0.05
0.05
0.05
0.05
0.05
0.05
0.05
0.05
0.05
0.05
0.05
0.05
0.05
0.05
0.05
0.05
0.05
0.05
0.05
0.05
0.05
0.05
0.05
0.05
0.05
0.05
0.05
0.05
0.05
0.05
0.05
0.05
0.05
0.05
0.05
0.05
0.05
0.05
0.05
0.05
0.05
0.05
0.05
0.05
0.05
0.05
0.05
0.05
0.05
0.05
0.05
0.05
0.05
0.05
0.05
0.05
0.05
0.05
0.05
0.05
0.05
0.05
0.05
0.05
0.05
0.05
0.05
0.05
0.05
0.05
0.05
0.05
0.05
0.05
0.05
0.05
0.05
0.05
0.05
0.05
0.05
0.05
0.05
0.05
0.05
0.05
0.05
0.05
0.05
0.05
0.05
0.05
0.05
0.05
0.05
0.05
0.05
0.05
0.05
0.05
0.05
0.05
0.05
0.05
0.05
0.05
0.05
0.05
0.05
0.05
0.05
0.05
0.05
0.05
0.05
0.05
0.05
0.05
0.05
0.05
0.05
0.05
0.05
0.05
0.05
0.05
0.05
0.05
0.05
0.05
0.05
0.05
0.05
0.05
0.05
0.05
0.05
0.05
0.05
0.05
0.05
0.05
0.05
0.05
0.05
0.05
0.05
0.05
0.05
0.05
0.05
0.05
0.05
0.05
0.05
0.05
0.05
0.05
0.05
0.05
0.05
0.05
0.05
0.05
0.05
0.05
0.05
0.05
0.05
0.05
0.05
0.05
0.05
0.05
0.05
0.05
0.05
0.05
0.05
0.05
0.05
0.05
0.05
0.05
0.05
0.05
0.05
0.05
0.05
0.05
0.05
0.05
0.05
0.05
0.05
0.05
0.05
0.05
0.05
0.05
0.05
0.05
0.05
0.05
0.05
0.05
0.05
0.05
0.05
0.05
0.05
0.05
0.05
0.05
0.05
0.05
0.05
0.05
0.05
0.05
0.05
0.05
0.05
0.05
0.05
0.05
0.05
0.05
0.05
0.05
0.05
0.05
0.05
0.05
0.05
0.05
0.05
0.05
0.05
0.05
0.05
0.05
0.05
0.05
0.05
0.05
0.05
0.05
0.05
0.05
0.05
0.05
0.05
0.05
0.05
0.05
0.05
0.05
0.05
0.05
0.05
0.05
0.05
0.05
0.05
0.05
0.05
0.05
0.05
0.05
0.05
0.05
0.05
0.05
0.05
0.05
0.05
0.05
0.05
0.05
0.05
0.05
0.05
0.05
0.05
0.05
0.05
0.05
0.05
0.05
0.05
0.05
0.05
0.05
0.05
0.05
0.05
0.05
0.05
0.05
0.05
0.05
0.05
0.05
0.05
0.05
0.05
0.05
0.05
0.05
0.05
0.05
0.05
0.05
0.05
0.05
0.05
0.05
0.05
0.05
0.05
0.05
0.05
0.05
0.05
0.05
0.05
0.05
0.05
0.05
0.05
0.05
0.05
0.05
0.05
0.05
0.05
0.05
0.05
0.05
0.05
0.05
0.05
0.05
0.05
0.05
0.05
0.05
0.05
0.05
0.05
0.05
0.05
0.05
0.05
0.05
0.05
0.05
0.05
0.05
0.05
0.05
0.05
0.05
0.05
0.05
0.05
0.05
0.05
0.05
0.05
0.05
0.05
0.05
0.05
0.05
0.05
0.05
0.05
0.05
0.05
0.05
0.05
0.05
0.05
0.05
0.05
777777