2.66903
999999
0.0454263
-0.17871
-0.0230517
0.138424
0.0770741
0.173407
-0.127805
0.0654732
-0.0476819
-0.00194987
-0.000975552
0.16436
-0.0636746
0.00902804
-0.0882802
0.0801545
-0.168087
0.00132158
-0.189495
0.171102
-0.0298949
-0.125016
0.168642
0.059271
-0.0849218
0.199764
-0.0859649
0.18644
-0.0994615
-0.0364245
-0.129392
0.167921
-0.180047
0.0877229
-0.16496
-0.0829396
0.0424774
-0.0850646
-0.0732159
-0.18647
0.0354787
0.124518
0.0834056
0.0897223
0.0736774
0.0145639
-0.0571044
-0.0566663
0.0514241
-0.0205042
0.170123
0.170958
0.141203
-0.168464
0.0236524
-0.0085801
0.107947
0.146297
-0.0938303
-0.137754
-0.0268034
-0.065369
0.172542
-0.146839
-0.0505673
-0.168862
-0.0702227
-0.0154984
-0.0273776
0.0964071
-0.0760164
0.0958215
0.158275
-0.192165
0.0964316
0.0405268
-0.152787
0.177704
0.0916558
-0.174751
-0.127693
0.0429983
-0.1194
0.0574948
-0.169038
0.0967785
0.14738
0.189331
0.195998
0.168817
-0.0682321
-0.16772
0.175441
0.0762169
-0.134202
0.167817
0.0448204
0.0892543
-0.185217
0.178142
-0.024019
-0.115662
0.189037
-0.117204
0.0502056
0.0444966
-0.040855
-0.0158189
-0.129733
0.189633
0.0735196
0.0927839
0.157594
-0.115376
-0.00226977
0.172935
-0.0398208
0.00770668
0.00499674
-0.110258
0.119114
-0.0547027
-0.150318
0.162012
-0.11342
-0.192577
-0.015254
-0.044274
0.107746
-0.0705987
-0.0441566
-0.145787
-0.145478
-0.177598
0.0564711
0.0444817
0.146821
-0.132351
0.042192
0.0353756
0.0109212
0.0387324
0.145586
-0.0176169
0.109802
0.101228
-0.163025
0.0889197
-0.0903342
0.181821
0.150673
0.0486562
-0.102077
-0.141921
0.113663
-0.0262249
0.126229
-0.0527632
0.02314
-0.134349
0.166988
0.0782783
0.153056
0.0255904
0.022723
0.0592023
0.139925
0.101322
0.0830488
0.0481092
-0.0686356
-0.0168068
-0.0974377
0.18496
-0.126568
-0.166934
0.0506253
0.120539
0.108527
-0.0218091
-0.000145721
0.102164
0.0752501
-0.0428079
0.0393655
-0.021771
0.0313255
-0.19941
-0.129161
-0.0934601
-0.165146
-0.193736
-0.129336
0.0875456
-0.0429322
-0.0577514
-0.15002
0.121995
0.116293
-0.19541
-0.187458
-0.0869429
-0.0647664
-0.0537727
-0.181314
-0.181595
0.0757349
0.0537184
-0.125631
-0.113766
-0.0658577
0.153401
-0.196455
0.153935
0.132841
-0.0806363
0.0726146
-0.137292
0.00242132
-0.175252
0.0192748
0.153928
-0.0238541
-0.108944
0.154621
-0.113193
0.0844375
0.148483
-0.140357
-0.165269
-0.0751545
0.192291
0.113125
0.126642
-0.0710701
-0.0743622
0.0414282
0.173992
-0.10699
-0.124784
0.0221006
0.187737
0.0286882
-0.0151032
-0.100501
-0.0364991
-0.105418
0.0433706
-0.0887756
-0.03791
0.047277
0.0121742
-0.00663132
-0.0368015
-0.0335687
0.143782
0.103609
0.072613
-0.0772309
-0.187146
0.161648
0.0348856
-0.182074
0.0252418
0.0889317
0.165473
-0.0754615
-0.102102
-0.121356
0.120856
0.135495
-0.0760212
-0.0289367
0.102745
0.199694
-0.0423483
0.0637988
0.0458984
-0.110642
-0.174902
0.0242652
-0.0712505
0.0642927
0.199179
0.116923
-0.0211508
-0.10935
-0.00105416
0.148149
-0.182077
0.144023
0.0287827
-0.0533153
-0.0561438
-0.0125411
-0.102626
-0.030751
0.171585
0.0644361
-0.00539672
-0.153104
0.110201
0.163361
0.0257987
0.158539
0.115568
0.0370346
0.0810724
0.0713393
-0.0834891
0.0764046
0.0378658
0.123973
-0.136274
-0.15769
-0.064901
0.169707
-0.118835
-0.0730076
-0.0361427
0.0505317
0.109556
-0.112505
0.0786721
0.0442977
-0.0617023
-0.138622
-0.115537
-0.128605
0.0412708
0.0115302
0.00485816
-0.131974
0.168102
-0.171473
-0.157538
-0.111903
0.0089733
-0.0222159
-0.171943
0.11186
-0.187495
-0.0785372
0.171707
-0.0701555
-0.193174
0.00928278
0.181665
0.139133
0.127287
0.0711112
-0.0637472
-0.168334
0.194273
0.0253176
0.024555
-0.108117
0.174536
0.185092
-0.00483363
0.155466
0.0808169
-0.0508132
0.144628
-0.106479
0.0528529
0.0558049
0.0377907
0.0887919
-0.00526719
0.110793
0.0692544
0.140875
0.0980943
0.0403525
0.091055
0.128964
0.0963431
0.139307
0.013516
0.0931783
-0.159382
0.0171407
0.14268
-0.101526
0.143353
-0.172785
0.136832
0.0151793
0.0202105
0.173328
0.184956
0.0527004
0.126308
0.0334204
-0.0577706
0.187768
-0.137929
-0.000635034
-0.118028
0.0173423
-0.178989
0.0231189
-0.0337106
0.162844
-0.084076
0.149055
-0.119565
-0.177799
0.0619672
-0.0581862
-0.0890706
0.091362
-0.19175
-0.136895
0.107573
-0.153619
0.0967887
0.0965617
0.130001
0.103711
-0.0810218
0.178809
-0.0305522
0.16771
0.105452
-0.190799
0.179473
-0.101519
-0.105303
0.176552
0.128323
-0.118124
-0.0038456
0.0830394
0.0333508
-0.0182933
0.129465
0.116918
0.165726
0.0900507
-0.0475656
0.109623
-0.144517
0.150528
-0.130244
0.0605498
0.146925
-0.10032
-0.132616
0.0214883
-0.0376868
0.0877087
0.120097
0.145193
-0.114008
-0.110951
0.199569
0.0877392
0.0220359
0.0879237
-0.0816731
0.112224
0.154927
-0.0574425
-0.15336
0.00422591
0.18812
-0.00668174
0.0112703
-0.140247
-0.120366
-0.00501384
0.128769
0.0807613
0.159397
0.0039864
-0.0362034
0.0135879
-0.0267214
-0.130351
0.154915
-0.160144
-0.0912223
0.129548
-0.0664532
-0.0153342
0.0945713
-0.0315511
-0.033616
0.167678
-0.134556
-0.0504443
0.0798003
0.0737636
-0.160394
-0.0970159
-0.198328
-0.125299
0.0155655
-0.172612
0.136066
-0.097686
0.131369
0.0302756
0.109568
-0.175111
-0.0853739
0.171216
0.0740466
-0.156531
0.120408
0.174203
-0.154696
-0.0708046
0.0324105
0.0911172
-0.0133795
-0.194183
0.1076
0.161404
-0.0362913
0.096475
0.194778
-0.0681301
-0.133415
0.165101
0.149583
0.0157269
-0.0270907
-0.123621
0.145622
-0.159877
0.0700131
0.0994594
0.0429369
0.12937
-0.0365539
0.168419
0.0702384
0.0607174
-0.0545421
0.0400312
-0.135603
-0.0281485
0.0398667
0.0663182
0.0482791
0.108168
0.112581
0.193102
-0.00756048
-0.126977
-0.135939
0.0311877
-0.109213
0.174818
0.159692
0.195921
-0.0807265
0.0329737
0.0554935
-0.135786
0.0180077
0.0589826
-0.128403
-0.198286
0.0525501
0.0101229
0.097647
0.189499
0.0841101
-0.0239948
0.0106414
0.0701461
-0.184397
0.115958
-0.15233
-0.0047644
0.019281
-0.130887
-0.0867748
-0.075757
0.0798068
0.0490046
0.14101
0.120777
0.00846753
-0.0529796
-0.129015
-0.17488
0.023482
0.0997257
-0.0369504
-0.0887838
-0.112656
0.0748673
0.0159869
0.114739
-0.0374785
0.192795
0.11957
-0.137363
0.127396
-0.178212
0.032951
0.159174
-0.100268
-0.0687377
-0.0608033
0.142127
0.00499249
0.176019
-0.0313362
-0.159269
0.0538109
-0.164412
-0.123687
0.138485
-0.189923
0.193172
-0.0940794
0.119367
0.0757299
-0.106793
0.150887
-0.122935
-0.186839
-0.0603435
0.192525
-0.149377
0.0693781
0.0357231
0.176996
0.198365
-0.0871296
-0.0852044
-0.0803817
0.0884715
-0.0913089
-0.139756
-0.193025
0.00435471
0.0328871
0.0899278
0.0363915
0.094298
-0.0168833
-0.0865607
0.111827
-0.186519
-0.187989
0.010362
-0.048676
-0.118522
-0.0125233
-0.16394
0.00244583
-0.114446
0.188631
0.0573277
-0.0452676
-0.186818
-0.0982258
-0.171505
0.0748616
-0.0360664
-0.0421459
0.14288
-0.194291
-0.0454931
-0.158595
-0.0191231
-0.00520184
0.122785
0.119214
-0.0238673
-0.169011
-0.0625431
-0.180587
-0.130168
-0.182535
0.0433718
0.144181
0.00827108
-0.0017912
-0.0927881
-0.124223
-0.174751
0.0457981
-0.110512
0.186259
0.0213032
0.0416922
0.0157597
-0.132409
-0.199462
0.192929
-0.0707117
-0.0794233
0.0534348
0.144966
-0.189022
0.110877
0.0696333
-0.155806
-0.113268
0.0749268
-0.0835761
0.0778893
0.0561406
0.0990582
0.175086
0.155665
-0.111471
-0.049584
-0.110286
0.0036822
0.088051
0.00996291
0.159399
-0.199951
0.169351
0.189465
0.0771557
0.147993
-0.179251
-0.154854
0.171097
0.100005
0.0472036
0.155065
0.0925501
0.0185358
0.0907125
-0.117989
0.116578
0.161874
0.194106
0.189142
-0.0897772
0.11556
0.187869
0.198388
0.0976374
-0.0542896
-0.064942
-0.0613096
0.102279
-0.0345023
-0.167529
0.149017
-0.142125
0.066372
-0.156161
0.16466
-0.151869
-0.187899
-0.0489577
-0.0725452
-0.166718
0.168061
0.0901671
-0.0657743
0.0758701
0.118221
0.174489
-0.1375
-0.193333
0.169668
-0.0410447
-0.185031
-0.175993
-0.127657
-0.125758
-0.0940881
-0.0634112
0.153732
0.142105
-0.0138345
0.156281
-0.0434178
0.183128
-0.0559125
0.0726256
-0.104313
-0.0927528
0.0887636
-0.120526
0.0412027
-0.158776
0.0685493
-0.0865393
0.117867
-0.15733
0.189278
-0.109093
-0.193682
-0.179289
0.0660514
0.172609
-0.0452033
-0.0868998
-0.0337631
-0.145537
0.0351119
0.0150398
0.16153
-0.162091
0.121369
0.169189
-0.0939817
-0.139425
0.155216
0.142287
0.0395281
-0.174402
-0.177188
-0.0885457
-0.00962463
-0.0572957
0.0952536
-0.099011
-0.162454
-0.0368017
-0.150317
0.106037
0.0319755
-0.147139
0.124688
-0.0141258
-0.180459
-0.14235
-0.1828
-0.00991593
-0.103745
0.0880951
-0.0390478
0.0429815
0.1306
-0.194387
0.16081
-0.111114
0.122177
-0.0811347
0.166585
0.00595006
0.120231
0.0377611
-0.126046
-0.0866855
0.150851
0.168566
-0.185491
0.110769
-0.0837341
-0.0653523
0.0518118
-0.013955
0.057811
0.0135304
-0.105979
0.0184438
-0.145105
0.111946
-0.00046921
0.172728
-0.0888837
0.134273
-0.0402877
-0.139971
0.0267285
0.115114
0.0363892
0.160271
-0.0808451
-0.00491022
0.173633
-0.147045
0.0606292
0.198771
-0.0117949
0.153086
-0.0445246
0.163301
-0.0928913
-0.141337
0.00510387
0.0650923
-0.0858786
-0.0396743
0.056139
0.153425
-0.18752
-0.165207
0.0256859
0.133434
-0.150104
0.147882
0.102452
-0.0314385
0.122547
-0.174092
-0.164671
-0.151884
-0.154173
-0.0363466
0.0857493
-0.0745676
0.0450198
0.150206
0.101059
-0.180133
-0.0467715
0.097095
0.0797364
0.120602
0.0678776
-0.0981721
-0.115365
0.128401
-0.157927
-0.117534
0.0184111
-0.167156
-0.00962511
0.0724616
-0.0640214
0.0306212
0.132641
-0.134434
0.0517318
-0.132377
0.0884945
0.0941048
-0.135658
0.193464
-0.183877
-0.191277
-0.077102
-0.154598
0.0281169
0.172332
-0.0287805
-0.0858489
-0.0546836
0.0118478
0.00281698
0.126992
-0.0760554
0.014163
0.112214
-0.102593
0.138759
0.0110406
0.0429295
0.000767892
0.0995599
0.0180453
0.0097565
0.133856
0.0367601
-0.188322
0.0952178
0.0114317
-0.13048
-0.188063
0.185574
-0.00957905
-0.141779
0.140889
-0.0167468
0.0164391
-0.182374
0.0528693
-0.124666
0.113586
0.132124
0.0254561
0.0862863
0.0625709
0.033858
-0.129383
0.132123
-0.152573
0.144243
-0.197082
0.183935
-0.0454958
0.16315
0.132098
-0.17196
0.022652
0.164348
-0.153222
0.0269629
0.0800422
-0.0872806
0.0879196
-0.195445
-0.0224023
0.127842
0.167141
-0.171776
-0.161191
0.0676786
0.176432
0.0248601
0.0228826
-0.155843
-0.0234116
0.159079
0.13128
-0.195005
-0.0979818
-0.125842
-0.00337755
-0.154791
-0.102241
0.0666698
0.0152008
0.0193232
-0.00297818
0.134537
-0.0799228
-0.0942094
-0.144139
-0.0262843
0.097334
0.179612
-0.072047
-0.197101
0.111524
0.0228831
-0.167534
0.0223664
0.138488
0.135184
-0.00641689
-0.0809204
-0.150659
0.0829324
0.112735
-0.183058
-0.175085
-0.178734
-0.124806
0.00506992
0.15007
0.0161981
-0.0997716
-0.0717563
0.192097
-0.0935015
0.057367
-0.140014
-0.0946541
-0.0657532
-0.0872261
0.145993
-0.177709
-0.0911045
-0.109912
0.16422
-0.0182036
-0.167388
0.0425152
-0.10899
-0.0971348
0.048566
0.0361493
0.0137092
-0.191071
0.132037
0.0073532
-0.145444
0.0859878
0.0658392
0.0989172
0.138639
-0.151659
0.194744
0.0853432
-0.0261007
0.149413
0.080957
-0.0466783
-0.165908
0.156012
0.0349325
-0.0160777
-0.0992997
0.14706
-0.119505
-0.198973
-0.0796115
0.135082
0.0784509
-0.182274
0.170133
0.102685
0.184745
0.079752
-0.0569364
-0.173274
-0.114162
0.0157695
0.115162
-0.160581
0.00980901
-0.0723179
0.112118
0.00114028
-0.108742
0.136641
0.0316233
0.188669
0.141755
0.0741355
0.167203
-0.19905
-0.0355311
0.128125
0.150035
0.0294522
0.0688451
0.18275
-0.0443414
0.0476753
-0.00928652
-0.0772537
-0.0999334
-0.022745
-0.110557
-0.10218
0.0933759
0.0246062
-0.0297841
-0.145058
-0.0265457
-0.055862
-0.0727406
-0.108617
-0.160222
0.0560233
0.00385491
0.0715405
0.152192
-0.0557074
0.118183
-0.198704
-0.14798
0.16335
-0.00118691
0.099411
-0.182152
0.0196025
0.0337335
-0.0441468
-0.00520435
-0.00065121
-0.152671
-0.00571763
0.125703
-0.192902
0.0528347
-0.095891
-0.125672
0.106042
-0.187624
-0.0277798
-0.174273
0.197661
-0.179714
0.0704062
-0.0138948
-0.0729069
-0.0250722
-0.195882
-0.00928375
0.18362
0.0749346
-0.0452636
0.0153064
0.0395168
0.158456
0.0156786
-0.0558021
0.0895393
-0.0851424
-0.00447866
-0.0375464
0.174853
-0.0830065
0.193573
-0.141431
0.152207
0.0793548
-0.155309
0.107534
0.0525219
-0.137993
0.0339048
-0.103901
-0.18075
0.0940568
-0.109201
-0.139128
-0.17298
0.0820482
-0.0188964
0.131706
-0.0327155
0.0679786
-0.0894878
-0.0158756
-0.0235638
-0.10106
0.0224501
0.0482682
-0.00659426
0.153795
0.0668073
0.0185099
-0.17966
-0.00457712
0.138216
0.115575
0.0959934
-0.199883
-0.0230348
-0.183494
0.0526352
-0.1594
-0.0738584
0.091598
0.0867197
-0.0466067
0.194977
-0.0727709
0.165023
0.130726
0.139003
0.0486445
-0.139511
0.177804
0.192157
0.0695742
0.175309
-0.0448133
-0.118029
0.0743979
0.00476723
0.012042
-0.13481
-0.163908
0.0363285
0.058319
-0.0312483
-0.124164
-0.120593
0.137249
-0.0245389
-0.0446927
0.0585941
-0.0690249
-0.0612259
0.101524
-0.109561
-0.00664662
-0.114719
-0.0642086
0.0816875
0.142621
-0.0855335
0.149149
-0.16513
0.0724797
0.00986033
0.00922083
0.114258
0.164586
-0.038876
-0.111231
-0.0744677
0.0424493
0.0286811
-0.0235212
0.0355674
-0.0474387
-0.165877
-0.129627
-0.102266
0.0837369
-0.0708407
-0.0111522
0.0062025
-0.165786
0.0744684
-0.102598
-0.186347
0.0300254
0.137633
0.0914316
0.139455
-0.0174108
0.0189289
-0.195624
-0.12043
-0.090647
0.155324
0.0720385
0.0482876
0.180231
0.0773457
-0.140059
0.192594
0.0844742
-0.0779974
-0.150847
-0.0788986
0.0078905
0.00304415
0.133596
-0.0879665
0.120664
0.15878
0.115779
0.070985
-0.146769
-0.0549176
-0.165454
0.193559
0.056935
0.0905021
0.166829
-0.0640812
0.134627
-0.145199
0.12297
-0.0668758
-0.132055
0.120558
0.112262
0.00218739
-0.160115
-0.0386103
0.195613
-0.147157
-0.120529
0.063792
0.170072
0.0448039
0.167474
0.141405
-0.171234
0.149231
0.0347748
-0.021136
0.0990591
0.0209261
0.0236682
-0.0612289
0.156346
-0.123229
0.110676
-0.041197
-0.0526997
0.179206
-0.0491453
0.18978
-0.134103
-0.0392216
0.147362
-0.194332
-0.0869114
-0.0915138
-0.107522
-0.0983321
-0.178079
0.15122
-0.00831215
-0.148093
-0.0265503
-0.0989711
0.126799
-0.0821352
0.13024
0.18682
0.0408524
-0.153379
-0.189603
0.0471994
-0.140331
0.0915914
-0.102104
0.176166
0.144414
-0.0631425
0.0683696
-0.0486701
-0.0103354
-0.0722004
0.0762443
0.127308
0.117087
0.177288
0.10898
0.169816
-0.19309
0.152367
-0.116749
-0.0830754
0.0717658
0.100264
-0.16663
0.198306
0.119987
0.138386
0.0493196
0.0360754
-0.16393
0.0145962
0.128681
0.12463
0.14256
0.123558
0.142513
-0.102427
0.0630883
0.174774
0.167312
-0.14881
-0.18927
-0.0959865
-0.0697688
0.133184
0.0320917
0.11711
0.187771
0.150295
-0.081592
-0.0848533
0.112885
0.161108
0.0849756
0.120015
0.0198589
0.0107519
-0.118649
0.13427
0.0463953
0.021018
-0.0871058
0.187328
0.155545
0.0288528
0.0941442
0.0554154
0.150295
0.164865
0.147892
0.101218
-0.0263969
0.186507
-0.108635
0.102181
0.148538
0.0577593
0.199387
-0.0900559
0.0742208
0.0583777
0.0421802
-0.0401784
-0.106501
-0.187232
0.0985128
-0.190528
0.159439
-0.000844028
0.043171
0.161724
0.0543209
0.0527673
0.187944
-0.056224
-0.191859
0.008859
-0.061446
-0.00820888
0.0367941
0.00488648
-0.126533
-0.182797
0.149661
-0.0893845
-0.0537288
-0.0590009
-0.0393482
-0.0417526
0.123735
-0.0327254
-0.19003
-0.197244
-0.0358734
0.0263578
-0.0304548
-0.0194973
-0.0355617
0.15055
0.153396
0.0914646
-0.10061
0.0641679
0.0996207
-0.0504495
-0.0507278
0.0867137
0.00483408
0.0163048
-0.114038
0.00411716
0.132087
-0.169662
-0.102449
-0.0995162
0.0155821
0.0702138
0.174439
0.193073
0.02574
-0.0849325
0.131222
0.183105
0.00803006
-0.136583
-0.00231022
-0.160653
0.0141383
-0.197428
0.190534
0.19095
0.165278
0.0404342
0.0242787
-0.113782
0.166106
-0.0385119
0.0531501
0.149005
-0.15909
0.0834248
-0.140351
-0.12
0.05574
0.0903503
0.070753
0.071623
-0.196478
-0.107166
0.068984
-0.183371
-0.104446
-0.179106
-0.0468421
0.194199
-0.0914145
0.0318639
-0.0768854
0.0562138
0.184599
0.113312
0.0950387
0.160787
0.115979
-0.124891
0.0576588
0.155907
0.192597
-0.0592086
0.161752
0.185439
-0.0979096
-0.169867
0.0607021
-0.135441
-0.175539
0.182277
-0.067531
0.115851
0.16053
0.196591
-0.150019
-0.138657
0.0120227
0.167177
0.0906772
-0.0681163
0.162884
-0.156946
-0.159646
-0.183463
0.172886
0.0257597
0.147576
-0.0476729
-0.0808765
-0.0385567
-0.0383578
-0.134978
-0.109354
0.15091
-0.0855401
-0.0522507
-0.193778
-0.166403
-0.0655719
0.0723853
0.127078
-0.192459
-0.0269208
-0.0159157
0.0870084
-0.0949673
0.148618
0.0507004
0.170319
0.167529
-0.125962
0.174128
-0.0761449
-0.16669
0.153992
-0.177388
0.0719494
0.060951
0.122443
0.179286
0.147087
-0.199457
-0.00463673
-0.0186743
-0.0168301
0.00877882
0.090868
-0.111765
-0.0402405
0.0612831
0.191072
0.134791
-0.117521
-0.114886
0.0700698
-0.183668
-0.179728
0.0690138
-0.0928762
0.0299758
0.155084
0.127644
-0.140159
-0.0635546
-0.0627859
0.189305
0.079361
0.00717387
0.0455906
0.0908844
-0.160704
-0.0712627
0.0323077
-0.165208
0.140255
-0.0386637
0.103278
-0.05896
-0.0228792
-0.156559
-0.105282
0.0802217
-0.14255
0.157456
-0.134907
-0.169171
0.018715
0.0837936
0.0766079
-0.114721
0.0481452
888888
0.130605
0.167992
0.174359
-0.00142488
-0.186003
-0.173115
-0.125483
-0.0627148
0.118522
-0.147566
0.157357
0.0890652
-0.0793725
-0.195941
-0.0584848
0.0181852
0.0693621
0.138453
-0.101268
0.163497
0.146614
-0.114856
-0.133328
0.106506
0.128049
-0.118675
-0.00959488
0.0514372
-0.0332922
0.0140043
0.00918193
0.000144236
0.05
0.05
0.05
0.05
0.05
0.05
0.05
0.05
0.05
0.05
0.05
0.05
0.05
0.05
0.05
0.05
0.05
0.05
0.05
0.05
0.05
0.05
0.05
0.05
0.05
0.05
0.05
0.05
0.05
0.05
0.05
0.05
0.05
0.05
0.05
0.05
0.05
0.05
0.05
0.05
0.05
0.05
0.05
0.05
0.05
0.05
0.05
0.05
0.05
0.05
0.05
0.05
0.05
0.05
0.05
0.05
0.05
0.05
0.05
0.05
0.05
0.05
0.05
0.05
0.05
0.05
0.05
0.05
0.05
0.05
0.05
0.05
0.05
0.05
0.05
0.05
0.05
0.05
0.05
0.05
0.05
0.05
0.05
0.05
0.05
0.05
0.05
0.05
0.05
0.05
0.05
0.05
0.05
0.05
0.05
0.05
0.05
0.05
0.05
0.05
0.05
0.05
0.05
0.05
0.05
0.05
0.05
0.05
0.05
0.05
0.05
0.05
0.05
0.05
0.05
0.05
0.05
0.05
0.05
0.05
0.05
0.05
0.05
0.05
0.05
0.05
0.05
0.05
0.05
0.05
0.05
0.05
0.05
0.05
0.05
0.05
0.05
0.05
0.05
0.05
0.05
0.05
0.05
0.05
0.05
0.05
0.05
0.05
0.05
0.05
0.05
0.05
0.05
0.05
0.05
0.05
0.05
0.05
0.05
0.05
0.05
0.05
0.05
0.05
0.05
0.05
0.05
0.05
0.05
0.05
0.05
0.05
0.05
0.05
0.05
0.05
0.05
0.05
0.05
0.05
0.05
0.05
0.05
0.05
0.05
0.05
0.05
0.05
0.05
0.05
0.05
0.05
0.05
0.05
0.05
0.05
0.05
0.05
0.05
0.05
0.05
0.05
0.05
0.05
0.05
0.05
0.05
0.05
0.05
0.05
0.05
0.05
0.05
0.05
0.05
0.05
0.05
0.05
0.05
0.05
0.05
0.05
0.05
0.05
0.05
0.05
0.05
0.05
0.05
0.05
0.05
0.05
0.05
0.05
0.05
0.05
0.05
0.05
0.05
0.05
0.05
0.05
0.05
0.05
0.05
0.05
0.05
0.05
0.05
0.05
0.05
0.05
0.05
0.05
0.05
0.05
0.05
0.05
0.05
0.05
0.05
0.05
0.05
0.05
0.05
0.05
0.05
0.05
0.05
0.05
0.05
0.05
0.05
0.05
0.05
0.05
0.05
0.05
0.05
0.05
0.05
0.05
0.05
0.05
0.05
0.05
0.05
0.05
0.05
0.05
0.05
0.05
0.05
0.05
0.05
0.05
0.05
0.05
0.05
0.05
0.05
0.05
0.05
0.05
0.05
0.05
0.05
0.05
0.05
0.05
0.05
0.05
0.05
0.05
0.05
0.05
0.05
0.05
0.05
0.05
0.05
0.05
0.05
0.05
0.05
0.05
0.05
0.05
0.05
0.05
0.05
0.05
0.05
0.05
0.05
0.05
0.05
0.05
0.05
0.05
0.05
0.05
0.05
0.05
0.05
0.05
0.05
0.05
0.05
0.05
0.05
0.05
0.05
0.05
0.05
0.05
0.05
0.05
0.05
0.05
0.05
0.05
0.05
0.05
0.05
0.05
0.05
0.05
0.05
0.05
0.05
0.05
0.05
0.05
0.05
0.05
0.05
0.05
0.05
0.05
0.05
0.05
0.05
0.05
0.05
0.05
0.05
0.05
0.05
0.05
0.05
0.05
0.05
0.05
0.05
0.05
0.05
0.05
0.05
0.05
0.05
0.05
0.05
0.05
0.05
0.05
0.05
0.05
0.05
0.05
0.05
0.05
0.05
0.05
0.05
0.05
0.05
0.05
0.05
0.05
0.05
0.05
0.05
0.05
0.05
0.05
0.05
0.05
0.05
0.05
0.05
0.05
0.05
0.05
0.05
0.05
0.05
0.05
0.05
0.05
0.05
0.05
0.05
0.05
0.05
0.05
0.05
0.05
0.05
0.05
0.05
0.05
0.05
0.05
0.05
0.05
0.05
0.05
0.05
0.05
0.05
0.05
0.05
0.05
0.05
0.05
0.05
0.05
0.05
0.05
0.05
0.05
0.05
0.05
0.05
0.05
0.05
0.05
0.05
0.05
0.05
0.05
0.05
0.05
0.05
0.05
0.05
0.05
0.05
0.05
0.05
0.05
0.05
0.05
0.05
0.05
0.05
0.05
0.05
0.05
0.05
0.05
0.05
0.05
0.05
0.05
0.05
0.05
0.05
0.05
0.05
0.05
0.05
0.05
0.05
0.05
0.05
0.05
0.05
0.05
0.05
0.05
0.05
0.05
0.05
0.05
0.05
0.05
0.05
0.05
0.05
0.05
0.05
0.05
0.05
0.05
0.05
0.05
0.05
0.05
0.05
0.05
0.05
0.05
0.05
0.05
0.05
0.05
0.05
0.05
0.05
0.05
0.05
0.05
0.05
0.05
0.05
0.05
0.05
0.05
0.05
0.05
0.05
0.05
0.05
0.05
0.05
0.05
0.05
0.05
0.05
0.05
0.05
0.05
0.05
0.05
0.05
0.05
0.05
0.05
0.05
0.05
0.05
0.05
0.05
0.05
0.05
0.05
0.05
0.05
0.05
0.05
0.05
0.05
0.05
0.05
0.05
0.05
0.05
0.05
0.05
0.05
0.05
0.05
0.05
0.05
0.05
0.05
0.05
0.05
0.05
0.05
0.05
0.05
0.05
0.05
0.05
0.05
0.05
0.05
0.05
0.05
0.05
0.05
0.05
0.05
0.05
0.05
0.05
0.05
0.05
0.05
0.05
0.05
0.05
0.05
0.05
0.05
0.05
0.05
0.05
0.05
0.05
0.05
0.05
0.05
0.05
0.05
0.05
0.05
0.05
0.05
0.05
0.05
0.05
0.05
0.05
0.05
0.05
0.05
0.05
0.05
0.05
0.05
0.05
0.05
0.05
0.05
0.05
0.05
0.05
0.05
0.05
0.05
0.05
0.05
0.05
0.05
0.05
0.05
0.05
0.05
0.05
0.05
0.05
0.05
0.05
0.05
0.05
0.05
0.05
0.05
0.05
0.05
0.05
0.05
0.05
0.05
0.05
0.05
0.05
0.05
0.05
0.05
0.05
0.05
0.05
0.05
0.05
0.05
0.05
0.05
0.05
0.05
0.05
0.05
0.05
0.05
0.05
0.05
0.05
0.05
0.05
0.05
0.05
0.05
0.05
0.05
0.05
0.05
0.05
0.05
0.05
0.05
0.05
0.05
0.05
0.05
0.05
0.05
0.05
0.05
0.05
0.05
0.05
0.05
0.05
0.05
0.05
0.05
0.05
0.05
0.05
0.05
0.05
0.05
0.05
0.05
0.05
0.05
0.05
0.05
0.05
0.05
0.05
0.05
0.05
0.05
0.05
0.05
0.05
0.05
0.05
0.05
0.05
0.05
0.05
0.05
0.05
0.05
0.05
0.05
0.05
0.05
0.05
0.05
0.05
0.05
0.05
0.05
0.05
0.05
0.05
0.05
0.05
0.05
0.05
0.05
0.05
0.05
0.05
0.05
0.05
0.05
0.05
0.05
0.05
0.05
0.05
0.05
0.05
0.05
0.05
0.05
0.05
0.05
0.05
0.05
0.05
0.05
0.05
0.05
0.05
0.05
0.05
0.05
0.05
0.05
0.05
0.05
0.05
0.05
0.05
0.05
0.05
0.05
0.05
0.05
0.05
0.05
0.05
0.05
0.05
0.05
0.05
0.05
0.05
0.05
0.05
0.05
0.05
0.05
0.05
0.05
0.05
0.05
0.05
0.05
0.05
0.05
0.05
0.05
0.05
0.05
0.05
0.05
0.05
0.05
0.05
0.05
0.05
0.05
0.05
0.05
0.05
0.05
0.05
0.05
0.05
0.05
0.05
0.05
0.05
0.05
0.05
0.05
0.05
0.05
0.05
0.05
0.05
0.05
0.05
0.05
0.05
0.05
0.05
0.05
0.05
0.05
0.05
0.05
0.05
0.05
0.05
0.05
0.05
0.05
0.05
0.05
0.05
0.05
0.05
0.05
0.05
0.05
0.05
0.05
0.05
0.05
0.05
0.05
0.05
0.05
0.05
0.05
0.05
0.05
0.05
0.05
0.05
0.05
0.05
0.05
0.05
0.05
0.05
0.05
0.05
0.05
0.05
0.05
0.05
0.05
0.05
0.05
0.05
0.05
0.05
0.05
0.05
0.05
0.05
0.05
0.05
0.05
0.05
0.05
0.05
0.05
0.05
0.05
0.05
0.05
0.05
0.05
0.05
0.05
0.05
0.05
0.05
0.05
0.05
0.05
0.05
0.05
0.05
0.05
0.05
0.05
0.05
0.05
0.05
0.05
0.05
0.05
0.05
0.05
0.05
0.05
0.05
0.05
0.05
0.05
0.05
0.05
0.05
0.05
0.05
0.05
0.05
0.05
0.05
0.05
0.05
0.05
0.05
0.05
0.05
0.05
0.05
0.05
0.05
0.05
0.05
0.05
0.05
0.05
0.05
0.05
0.05
0.05
0.05
0.05
0.05
0.05
0.05
0.05
0.05
0.05
0.05
0.05
0.05
0.05
0.05
0.05
0.05
0.05
0.05
0.05
0.05
0.05
0.05
0.05
0.05
0.05
0.05
0.05
0.05
0.05
0.05
0.05
0.05
0.05
0.05
0.05
0.05
0.05
0.05
0.05
0.05
0.05
0.05
0.05
0.05
0.05
0.05
0.05
0.05
0.05
0.05
0.05
0.05
0.05
0.05
0.05
0.05
0.05
0.05
0.05
0.05
0.05
0.05
0.05
0.05
0.05
0.05
0.05
0.05
0.05
0.05
0.05
0.05
0.05
0.05
0.05
0.05
0.05
0.05
0.05
0.05
0.05
0.05
0.05
0.05
0.05
0.05
0.05
0.05
0.05
0.05
0.05
0.05
0.05
0.05
0.05
0.05
0.05
0.05
0.05
0.05
0.05
0.05
0.05
0.05
0.05
0.05
0.05
0.05
0.05
0.05
0.05
0.05
0.05
0.05
0.05
0.05
0.05
0.05
0.05
0.05
0.05
0.05
0.05
0.05
0.05
0.05
0.05
0.05
0.05
0.05
0.05
0.05
0.05
0.05
0.05
0.05
0.05
0.05
0.05
0.05
0.05
0.05
0.05
0.05
0.05
0.05
0.05
0.05
0.05
0.05
0.05
0.05
0.05
0.05
0.05
0.05
0.05
0.05
0.05
0.05
0.05
0.05
0.05
0.05
0.05
0.05
0.05
0.05
0.05
0.05
0.05
0.05
0.05
0.05
0.05
0.05
0.05
0.05
0.05
0.05
0.05
0.05
0.05
0.05
0.05
0.05
0.05
0.05
0.05
0.05
0.05
0.05
0.05
0.05
0.05
0.05
0.05
0.05
0.05
0.05
0.05
0.05
0.05
0.05
0.05
0.05
0.05
0.05
0.05
0.05
0.05
0.05
0.05
0.05
0.05
0.05
0.05
0.05
0.05
0.05
0.05
0.05
0.05
0.05
0.05
0.05
0.05
0.05
0.05
0.05
0.05
0.05
0.05
0.05
0.05
0.05
0.05
0.05
0.05
0.05
0.05
0.05
0.05
0.05
0.05
0.05
0.05
0.05
0.05
0.05
0.05
0.05
0.05
0.05
0.05
0.05
0.05
0.05
0.05
0.05
0.05
0.05
0.05
0.05
0.05
0.05
0.05
0.05
0.05
0.05
0.05
0.05
0.05
0.05
0.05
0.05
0.05
0.05
0.05
0.05
0.05
0.05
0.05
0.05
0.05
0.05
0.05
0.05
0.05
0.05
0.05
0.05
0.05
0.05
0.05
0.05
0.05
0.05
0.05
0.05
0.05
0.05
0.05
0.05
0.05
0.05
0.05
0.05
0.05
0.05
0.05
0.05
0.05
0.05
0.05
0.05
0.05
0.05
0.05
0.05
0.05
0.05
0.05
0.05
0.05
0.05
0.05
0.05
0.05
0.05
0.05
0.05
0.05
0.05
0.05
0.05
0.05
0.05
0.05
0.05
0.05
0.05
0.05
0.05
0.05
0.05
0.05
0.05
0.05
0.05
0.05
0.05
0.05
0.05
0.05
0.05
0.05
0.05
0.05
0.05
0.05
0.05
0.05
0.05
0.05
0.05
0.05
0.05
0.05
0.05
0.05
0.05
0.05
0.05
0.05
0.05
0.05
0.05
0.05
0.05
0.05
0.05
0.05
0.05
0.05
0.05
0.05
0.05
0.05
0.05
0.05
0.05
0.05
0.05
0.05
0.05
0.05
0.05
0.05
0.05
0.05
0.05
0.05
0.05
0.05
0.05
0.05
0.05
0.05
0.05
0.05
0.05
0.05
0.05
0.05
0.05
0.05
0.05
0.05
0.05
0.05
0.05
0.05
0.05
0.05
0.05
0.05
0.05
0.05
0.05
0.05
0.05
0.05
0.05
0.05
0.05
0.05
0.05
0.05
0.05
0.05
0.05
0.05
0.05
0.05
0.05
0.05
0.05
0.05
0.05
0.05
0.05
0.05
0.05
0.05
0.05
0.05
0.05
0.05
0.05
0.05
0.05
0.05
0.05
0.05
0.05
0.05
0.05
0.05
0.05
0.05
0.05
0.05
0.05
0.05
0.05
0.05
0.05
0.05
0.05
0.05
0.05
0.05
0.05
0.05
0.05
0.05
0.05
0.05
0.05
0.05
0.05
0.05
0.05
0.05
0.05
0.05
0.05
0.05
0.05
0.05
0.05
0.05
0.05
0.05
0.05
0.05
0.05
0.05
0.05
0.05
0.05
0.05
0.05
0.05
0.05
0.05
0.05
0.05
0.05
0.05
0.05
0.05
0.05
0.05
0.05
0.05
0.05
0.05
0.05
0.05
0.05
0.05
0.05
0.05
0.05
0.05
0.05
0.05
0.05
0.05
0.05
0.05
0.05
0.05
0.05
0.05
0.05
0.05
0.05
0.05
0.05
0.05
0.05
0.05
0.05
0.05
0.05
0.05
0.05
0.05
0.05
0.05
0.05
0.05
0.05
0.05
0.05
0.05
0.05
0.05
0.05
0.05
0.05
0.05
0.05
0.05
0.05
0.05
0.05
0.05
0.05
0.05
0.05
0.05
0.05
0.05
0.05
0.05
0.05
0.05
0.05
0.05
0.05
0.05
0.05
0.05
0.05
0.05
0.05
0.05
0.05
0.05
0.05
0.05
0.05
0.05
0.05
0.05
0.05
0.05
0.05
0.05
0.05
0.05
0.05
0.05
0.05
0.05
0.05
0.05
0.05
0.05
0.05
0.05
0.05
0.05
0.05
0.05
0.05
0.05
0.05
0.05
0.05
0.05
0.05
0.05
0.05
0.05
0.05
0.05
0.05
0.05
0.05
0.05
0.05
0.05
0.05
0.05
0.05
0.05
0.05
0.05
0.05
0.05
0.05
0.05
0.05
0.05
0.05
0.05
0.05
0.05
0.05
0.05
0.05
0.05
0.05
0.05
777777