2.46478
999999
0.067414
0.0207917
0.0309757
-0.178869
-0.0356932
-0.0379113
0.122147
-0.0385984
-0.169079
-0.0988707
0.0706515
-0.15769
-0.0211447
0.0828465
0.0812032
-0.13573
-0.0182643
0.0451438
-0.177729
0.100805
0.152413
-0.15578
-0.00489315
-0.168723
-0.011686
0.0618878
0.129687
0.183386
0.145087
-0.118669
-0.19514
-0.00786725
0.0863457
-0.0154725
-0.164802
-0.151759
0.125724
0.0268016
-0.0233474
0.132815
-0.0773456
0.193193
0.104146
-0.0815553
-0.199854
-0.114168
-0.156955
0.187187
-0.0931631
0.0115494
-0.111774
0.181873
-0.127504
0.0653355
0.0163592
0.172009
-0.0548575
-0.0918207
-0.0449492
-0.11442
0.042879
0.108985
-0.00989676
-0.182967
-0.014746
0.134097
0.1292
0.0878389
0.0630902
-0.0319579
0.0349828
0.187898
0.120104
-0.135547
-0.0759319
0.116012
-0.130975
-0.169328
0.0907048
-0.121149
0.0317134
0.0685512
0.0716464
-0.0728156
-0.0046107
0.0674471
0.0638826
-0.191422
0.10025
-0.0122769
0.191103
0.149419
0.164225
0.0243749
0.0133508
-0.142039
0.127723
-0.026021
-0.0212407
-0.10567
-0.108283
0.178664
-0.197433
0.0150759
0.103984
-0.0649135
0.0127003
-0.0223173
0.136853
0.0402562
0.0734668
-0.0885267
0.134952
0.0715169
-0.127789
-0.19662
-0.0619044
-0.145088
-0.15147
-0.00239595
-0.135978
-0.162262
-0.0549814
-0.181297
-0.0255102
0.0742983
-0.0269877
0.186028
0.151042
-0.0123891
-0.11829
-0.0337686
-0.0946889
-0.167229
0.106872
-0.122449
0.0453312
0.0198807
-0.00719951
-0.155174
-0.169449
0.00697933
-0.186153
0.0812555
-0.0917202
0.122378
-0.0615956
-0.0352448
-0.184401
0.0798468
0.106063
0.117046
0.015126
-0.0922037
0.122124
0.197578
-0.0137948
0.0444779
0.175097
0.06735
-0.181183
0.025649
-0.0620819
-0.0284017
0.125076
-0.167237
0.0508184
-0.154692
-0.0937767
-0.198039
0.129528
-0.0639702
-0.152129
0.164761
0.186118
-0.184062
-0.154729
0.0775745
0.182984
0.033845
0.161823
0.182858
-0.13243
-0.0296586
0.0296461
0.167992
0.0713236
0.168497
-0.00140822
-0.0176628
-0.184285
0.00217545
0.0382008
-0.102049
-0.161896
-0.0129765
0.0844473
0.152132
-0.0815845
0.0661012
-0.177666
0.111994
0.194689
-0.0716503
-0.156372
-0.135205
0.0475273
-0.0380501
-0.151162
-0.105677
-0.178446
-0.0354314
-0.199128
0.0627653
-0.158535
0.152606
0.0544613
-0.0656622
-0.0895947
0.122044
-0.142284
-0.124506
0.00553039
0.079193
-0.127993
-0.00541533
-0.0178119
0.0518628
0.0441414
-0.134164
-0.0918142
0.0693905
-0.142485
0.00665607
0.0104669
0.0599159
0.0818825
-0.00467497
0.0198127
-0.00866741
0.0684774
0.194135
-0.0646003
0.0363413
-0.064987
-0.163371
0.0609631
-0.161961
-0.0887186
-0.142429
-0.0113325
0.114575
-0.0224064
-0.130683
0.0925987
0.00463345
0.156133
0.145136
0.0740649
-0.0528877
0.0561926
0.0964609
-0.0750935
-0.0802959
0.0209645
0.198322
-0.124995
0.0546227
-0.195689
0.0602119
0.0895288
0.184567
0.0970602
0.190285
0.123086
0.171339
-0.111193
-0.113708
-0.0431125
0.0493941
0.0505885
0.0442019
-0.024499
-0.0443426
-0.152189
-0.0355528
0.0694019
0.148422
-0.0216812
-0.170472
-0.0775452
-0.167968
0.194695
-0.160269
0.0612126
0.0294626
-0.0484574
0.0619903
-0.0387655
-0.17942
0.154106
0.0120831
-0.0227503
0.024515
0.108912
-0.0725918
-0.100493
0.0723742
0.0568721
-0.129787
-0.136587
0.149251
-0.140069
0.0284718
-0.173696
-0.114903
-0.155078
-0.155168
0.194599
-0.0531389
0.149249
0.0404824
-0.119292
-0.185186
-0.0932865
0.177052
0.111202
0.17511
0.0296059
0.129383
-0.151879
-0.154225
-0.190577
0.189191
0.18181
0.00517553
-0.192964
-0.169532
-0.162704
0.180742
-0.0612441
-0.164041
-0.0882614
-0.137061
-0.198223
-0.0142829
-0.069324
-0.0638847
-0.0277476
-0.0264253
-0.170529
0.129672
-0.0289091
-0.0995511
0.00138821
0.188374
0.189829
0.169093
0.00947581
0.11781
-0.147384
-0.0437124
0.120427
0.0393306
0.0522157
-0.00141527
0.0963332
0.182456
-0.150749
0.146337
0.0266292
-0.0421024
-0.0990485
0.0209765
-0.0131225
-0.0254501
-0.092237
-0.0866009
-0.0596388
0.0874456
-0.0664835
-0.1602
0.0251261
-0.0256069
0.163391
-0.0260075
0.158139
0.163615
0.192865
0.144046
0.198057
0.1998
0.0820657
0.102377
-0.109472
0.0848685
-0.0456841
-0.190292
0.095621
0.161546
0.0308801
0.171732
0.16442
-0.0463461
0.16273
-0.139007
0.0896583
-0.151138
0.0698664
-0.196753
0.0375945
0.0543369
0.189909
0.0668867
0.0921553
-0.00323765
0.198207
0.192416
-0.147025
-0.051203
-0.146211
0.14739
-0.102571
-0.0816054
0.124938
0.115743
0.123762
-0.0278512
-0.0276882
-0.0513581
0.0363984
0.181493
-0.0137283
0.189278
-0.199399
0.014066
0.0564878
0.0595536
-0.0712117
0.0710807
-0.122275
-0.0401469
0.123231
0.163206
0.106526
0.117071
0.0230095
0.080731
-0.172578
0.175946
0.103465
-0.06602
0.0182451
-0.11479
0.142648
-0.108644
0.046851
0.0342445
0.0550194
0.142861
0.119265
-0.119329
0.00345505
0.115805
-0.069521
-0.167442
-0.0973621
0.124619
-0.134723
-0.109308
-0.07675
-0.0167415
0.109438
-0.00236759
-0.0841972
0.100021
-0.0419192
0.15449
-0.0439197
0.0339092
-0.0419805
0.0267408
-0.176497
-0.12917
0.175884
-0.101521
0.0603546
0.0614738
0.15522
-0.126844
-0.0358966
0.175553
0.0370733
-0.0154796
-0.0840202
0.0601119
0.0147358
-0.0511228
-0.120077
0.127016
0.0926822
0.139176
-0.134296
0.0823082
-0.0156496
0.160281
0.140121
0.12778
-0.122274
0.00329276
0.0975048
-0.0942223
0.114943
0.0852921
0.0651326
0.131236
-0.161871
0.00560033
0.0852363
-0.0783874
0.0676094
0.142764
0.184726
-0.105403
-0.124112
0.106017
0.0656791
-0.068066
0.00338218
0.169502
-0.180819
0.149469
0.0320573
0.108085
-0.104016
-0.00205793
0.146899
-0.153375
0.0959099
-0.159003
-0.0299565
-0.119271
0.181189
-0.129734
0.169314
-0.0581176
0.0534511
0.123361
-0.0669037
0.0826606
0.178928
-0.0325464
0.114188
0.113356
0.0719708
-0.16649
-0.000562164
0.0988351
-0.0482489
-0.163738
0.0207392
-0.138303
-0.00280782
-0.169599
0.167651
0.151342
-0.169573
0.170356
0.0984474
-0.156557
0.0407262
-0.0025999
0.106888
0.111534
-0.182975
0.133607
0.103235
-0.124775
-0.082879
0.0300787
-0.0534776
-0.0805739
0.151813
0.166039
-0.0726564
0.1919
0.123037
-0.0454196
-0.085057
0.0231118
-0.12275
-0.00195985
-0.195604
-0.116396
-0.0328149
-0.061601
-0.164094
-0.176606
-0.0945246
-0.0600716
0.0446919
-0.096136
0.109793
0.0851853
-0.0576157
0.00887464
0.107704
-0.0762436
0.13251
0.183371
-0.163143
0.0546872
0.133726
-0.0677646
-0.169181
0.104674
-0.135757
0.0737523
0.0258388
0.0575786
-0.143775
0.189244
-0.121463
0.173455
0.0438422
-0.0619967
-0.0489812
-0.10408
-0.162877
-0.173732
-0.131127
-0.0798368
0.0570759
0.0171748
-0.120775
-0.0327823
0.0904043
-0.0203012
-0.143796
-0.17264
0.120762
-0.106127
0.0379366
-0.123054
-0.106162
-0.0902393
0.111998
0.161265
-0.100901
0.105873
0.0999686
0.174937
0.11904
-0.163194
0.170849
0.133421
0.0667232
0.130125
0.0811395
0.0780848
-0.197733
0.0668201
0.134871
-0.123348
-0.044905
-0.104198
-0.0405971
-0.0140737
-0.050176
-0.149191
-0.167241
-0.0394158
-0.186522
0.0618265
0.0577436
0.0217152
0.188421
-0.0976574
0.105682
-0.169935
0.156289
-0.151235
-0.144341
0.0104157
-0.0504199
-0.0480381
0.132559
0.192579
0.131274
-0.147718
0.142393
-0.0738614
-0.107813
0.0773359
-0.00453241
-0.158693
0.0144038
0.0516751
0.00341322
0.0374702
0.00692391
0.169377
-0.193241
0.094836
0.163581
-0.00658711
0.197881
0.172903
0.114586
0.00907202
-0.199767
0.174668
0.0590092
-0.111242
0.0223265
-0.197012
0.0652101
-0.124446
0.159263
-0.19248
0.0339924
-0.0570114
-0.152799
-0.00471625
-0.101245
0.0063232
0.0547374
0.169248
-0.182685
0.168173
0.123132
0.0507062
0.110929
-0.12796
0.0926832
0.140275
0.180163
-0.166572
-0.176326
-0.00810181
-0.0553582
0.0764821
0.00744799
-0.0824761
-0.1891
-0.110765
0.0775661
0.190976
-0.157523
0.156118
0.125282
0.00106666
-0.0764618
-0.124968
-0.0128293
-0.0272059
-0.0276359
0.135928
-0.0373679
0.0894001
-0.165393
0.0671509
-0.197871
-0.0211865
0.0886667
-0.136442
-0.0268671
0.0394209
-0.111619
-0.0612483
-0.178254
-0.0948841
-0.0297745
0.0484494
-0.0971833
0.0677614
-0.162814
-0.0456287
-0.139759
0.175129
0.0203761
-0.057709
0.00607359
-0.0973475
-0.0184365
-0.143973
0.0545057
-0.178838
0.110347
-0.174245
0.0618595
0.0723435
-0.186847
0.0660223
-0.110934
0.111086
0.166901
-0.0928379
-0.194115
0.0154166
0.0109335
-0.158222
0.179539
0.18879
0.0408607
-0.163489
-0.166099
0.185265
0.0621712
0.104605
0.0681376
0.142168
-0.0118376
0.092098
0.197619
0.196007
0.159183
0.147921
0.0771418
-0.167746
-0.0633247
-0.110831
0.00503817
-0.0034678
-0.11635
-0.160927
-0.00876641
0.00554174
-0.0812521
-0.0760444
-0.118219
-0.0274491
-0.183708
-0.060794
0.0633632
0.0367433
0.186345
0.00267898
0.151002
0.157099
0.191723
-0.198054
0.194351
-0.000182949
-0.0735086
-0.0380535
-0.156278
-0.0846125
-0.108375
0.0770883
0.0439285
0.169005
0.0823625
0.15244
0.0498021
-0.0147044
-0.0919307
-0.0976038
-0.0169699
0.0906295
-0.123686
0.163306
-0.176222
0.00147779
0.158125
-0.183972
0.126427
0.166103
0.0820881
0.0718692
0.176541
-0.0863178
0.0572468
0.179228
0.00742054
0.163415
-0.120961
0.122138
0.116783
-0.189996
-0.0826995
0.0902743
0.173211
-0.0683686
0.077713
0.1008
0.0695368
-0.0318109
-0.0695256
0.0386306
-0.00620449
0.0492167
0.164292
0.0248241
-0.167558
0.0787662
0.0219518
0.065047
-0.0821451
-0.167507
-0.000799053
0.0632734
0.16685
-0.137915
0.0509272
-0.195963
-0.0448547
0.0214668
0.14613
-0.0231664
-0.199924
-0.105249
-0.106057
0.125183
0.0398939
-0.137417
0.187269
-0.111755
-0.0994592
0.0217081
-0.00606217
0.0608975
0.0800612
-0.149823
0.138296
-0.0178488
-0.112526
0.00198447
0.177685
0.0398213
-0.0939643
-0.198457
0.113465
-0.113809
-0.0503673
0.0998643
-0.126072
-0.177359
0.106124
0.138199
-0.0393268
0.194094
-0.195222
0.0606166
0.0631039
-0.052849
-0.15564
0.0771636
-0.00977447
0.100481
-0.0482905
-0.0245258
-0.170898
-0.080133
-0.0293003
0.143118
-0.106468
0.106285
-0.0845673
-0.10346
-0.171234
-0.0241242
-0.0572656
0.187598
0.149987
-0.140088
0.0979158
-0.0373728
-0.19954
-0.139626
-0.134836
0.198555
0.125685
-0.0700612
0.0182807
-0.0592557
0.0401683
0.126564
0.128459
-0.15948
0.155385
-0.10399
-0.0791079
-0.0663055
0.0626004
0.0693295
-0.031303
0.0703705
0.0485127
-0.111793
0.136769
-0.162345
0.138091
0.0573949
-0.140857
-0.0266306
-0.179801
-0.182643
-0.123261
-0.0602448
-0.0843213
-0.0764495
-0.0244644
0.0193287
0.173575
0.100478
0.108105
-0.0626878
-0.0975183
0.0730962
0.136612
0.091594
-0.163566
0.121329
0.142167
-0.199595
0.123525
0.0174856
-0.072261
0.196823
-0.160278
0.197449
0.0863922
0.138795
-0.0161314
0.187891
-0.164106
0.186996
-0.0719049
-0.0622382
-0.188218
-0.156869
0.0274437
0.047363
0.162202
0.0517364
-0.134841
-0.151332
-0.0839808
-0.164602
0.199617
-0.168637
-0.090623
0.0218879
-0.178828
-0.130483
-0.0830321
-0.129987
-0.0718549
0.106773
0.0913364
0.0847547
-0.0975166
0.062109
-0.171558
-0.056779
-0.171703
-0.115126
-0.0134857
-0.0953022
0.186041
0.0266683
-0.0679772
-0.144625
0.0239667
0.0626617
0.0593133
0.0844235
-0.0759558
-0.0770805
-0.148827
-0.0670461
0.00112538
-0.100682
0.0891703
0.0366648
0.149138
-0.189045
0.156262
-0.0529145
-0.0196713
-0.0751299
0.0554652
-0.128321
0.146685
0.17494
-0.114516
-0.16662
-0.0583727
-0.00341271
0.00466881
-0.165589
0.169323
-0.0177311
-0.0830644
0.11024
0.00967447
0.0762955
-0.0773258
-0.0348968
-0.0508736
0.0553532
0.119246
0.0209964
-0.0879308
-0.196676
-0.0234544
-0.0205708
-0.132256
0.0351294
0.0425717
0.0939112
0.12017
-0.02166
0.000609169
-0.0813147
0.044767
0.0536133
-0.127648
0.0829439
-0.0845489
-0.18217
0.00200967
-0.0704913
-0.0391442
0.146828
0.0505175
0.0276874
-0.156393
0.0367059
0.158905
0.0114067
-0.164128
0.0881724
-0.0428889
-0.199668
0.0352909
-0.0779133
0.147131
-0.190992
0.0145264
-0.0882291
-0.192864
0.0169323
-0.171863
-0.148933
0.137387
0.0755301
0.140488
0.0464437
0.00207222
0.151156
0.0896242
0.168003
0.0560593
0.165889
0.179379
0.122599
-0.196788
-0.0031595
0.12678
0.0667793
0.118607
-0.197882
-0.0025193
-0.0860623
0.0973444
0.179153
-0.123034
-0.032174
-0.0962395
-0.11923
0.022367
0.0603752
0.139496
-0.169289
-0.111574
0.0785743
-0.165949
-0.143641
-0.0486601
0.163676
0.00160128
-0.0323057
0.0957789
-0.0147804
-0.155384
-0.19727
-0.0949501
-0.0145746
-0.0536903
0.0414924
-0.151155
0.18592
0.0569467
-0.0119431
0.0444723
-0.0780181
-0.187827
0.117462
-0.186247
-0.0927208
-0.172389
-0.188002
0.0132294
-0.127756
-0.141765
-0.10545
0.0612637
0.103948
-0.0942929
-0.0799238
0.0734288
-0.166295
-0.174361
-0.102322
0.161263
0.0843398
-0.136182
0.150158
-0.177491
-0.0666413
-0.194668
0.135285
0.0508036
-0.0344822
0.0126996
-0.0818308
0.143731
0.147155
-0.0934942
-0.0871366
-0.167032
-0.054764
-0.168759
0.010262
-0.0713063
-0.0479771
-0.174524
0.0285808
0.184666
0.124176
-0.137917
-0.14331
-0.0798643
-0.155763
-0.00889352
-0.123526
0.06099
0.0145484
-0.199042
0.0241821
0.113699
0.0977565
0.0232135
0.197569
-0.108729
0.043398
-0.095537
0.00513118
-0.19424
0.0201408
0.054612
0.0243743
0.15924
-0.0868902
0.179015
0.142298
0.136243
-0.0535188
0.132867
-0.108426
-0.0477771
-0.0532995
-0.160949
-0.0867875
0.190882
0.0540338
0.158191
-0.156302
-0.16132
-0.149946
-0.0225721
-0.0470856
0.0822964
-0.01513
0.0465096
0.000624335
0.0632222
-0.0991914
0.0206204
0.0421613
0.154059
0.0693374
-0.0585292
-0.0304446
-0.134458
-0.0835291
-0.120161
0.0979526
-0.043653
-0.0433414
-0.113727
-0.180651
0.00469574
-0.11957
0.179843
0.173228
-0.187002
-0.0493083
-0.00618889
-0.116645
0.198121
-0.0467616
-0.0692243
0.11234
-0.196299
-0.15843
-0.0123741
0.192132
-0.0923998
-0.0830084
-0.0749379
0.0531023
-0.14815
0.0329637
-0.176788
0.0755765
0.174624
-0.032014
0.163945
0.13811
-0.181645
0.190128
0.0667366
-0.115264
0.0518022
-0.10978
0.0987501
-0.0766201
0.165696
0.114874
-0.143898
-0.134867
-0.0308234
-0.0385244
-0.142368
-0.0610085
-0.126559
-0.130648
-0.0046764
-0.127727
-0.0131522
0.0833743
-0.0277447
-0.137444
0.0189196
0.00980734
0.0287826
0.00685431
0.0302024
0.0991902
-0.0915536
-0.0696235
-0.0772332
-0.00479805
-0.175658
-0.144627
0.126466
-0.191376
-0.00754452
-0.0223786
0.178845
-0.0866171
0.144026
0.113098
0.00818544
-0.117726
0.174216
0.0238572
-0.15113
0.149453
0.0031552
0.0137875
-0.157762
-0.151975
-0.14225
0.164649
0.0509159
0.0200605
-0.188914
0.0596057
0.122325
-0.13044
-0.129361
-0.0159154
0.0570029
-0.16517
0.0701095
-0.0694402
-0.0886843
0.065817
-0.173122
-0.154385
-0.0155955
-0.0132434
-0.00818755
0.117337
-0.0388334
-0.157808
-0.0673169
-0.0536681
0.197025
-0.111211
0.0714277
-0.151362
-0.147877
-0.0815226
0.0900805
-0.0512688
-0.125308
0.170129
-0.0830301
0.130565
0.0779334
-0.0172631
-0.0134639
-0.102291
-0.10122
-0.164442
-0.152922
-0.0238703
0.108989
0.179246
-0.0699422
-0.0671804
-0.153114
0.0146917
0.159759
0.0604651
-0.174228
-0.117047
0.0339051
-0.132331
0.121234
-0.110624
-0.14139
0.16341
0.115328
0.164096
-0.183891
0.0223821
0.182215
0.0237345
-0.15568
-0.131855
-0.192423
0.0193534
-0.0601937
0.118733
0.0526349
-0.190544
0.1919
-0.0531626
0.17324
-0.156966
-0.00033105
0.075422
-0.122522
0.0717541
0.1695
-0.144245
0.180136
-0.0482624
0.132065
0.0910328
-0.117903
0.0869074
-0.0276466
0.0815884
-0.148241
0.0028715
0.130432
-0.186615
-0.124164
0.0763636
-0.0823181
0.146756
0.110723
0.094804
-0.0329952
0.00131749
-0.0301026
0.0194892
0.0991723
-0.136783
-0.129205
-0.0502048
0.000140213
0.0361022
-0.144953
0.119308
0.158809
-0.176952
-0.0966021
0.13695
0.159228
0.102422
-0.00472193
0.101681
0.00510787
-0.0287248
-0.0565857
-0.0890146
0.109247
0.176159
-0.098627
-0.169877
0.162561
-0.00439497
-0.116734
0.191287
0.171951
-0.117621
-0.164789
0.0752842
-0.0145206
0.130397
0.184047
-0.187866
-0.0948213
-0.190618
-0.134795
0.143963
0.0606781
0.100769
-0.0883716
0.144605
-0.170607
0.0946437
0.00823141
-0.179417
-0.138668
-0.199719
0.184516
0.0987081
-0.0599038
-0.154447
-0.162732
-0.0511589
-0.150321
-0.174876
0.00400727
-0.169298
-0.0495012
0.17652
0.0570711
0.135327
0.179978
0.10187
-0.186113
0.000245532
-0.198836
0.195004
-0.150688
-0.0987799
-0.119771
0.147397
0.126883
0.0161268
-0.0256029
-0.0468487
-0.0699782
-0.117592
-0.000548362
0.13792
0.0300769
-0.167341
-0.147912
0.0254202
0.128898
0.0450818
-0.158278
-0.0110036
-0.00439463
-0.0342531
-0.00370503
-0.0949813
0.0861159
0.176128
0.102235
0.103613
-0.0901427
-0.0352865
-0.0469847
-0.0498106
0.142163
0.110094
0.192147
-0.0436466
-0.180689
-0.196494
-0.179277
0.082038
0.166293
-0.148022
-0.0811962
0.067342
-0.0812568
0.0610804
-0.0492565
-0.0430294
-0.0095212
-0.0166611
-0.104469
-0.104234
-0.165514
0.185631
0.19066
-0.0778838
0.138726
-0.163342
0.148455
0.156588
-0.152156
-0.17985
-0.0309201
0.00605805
0.122448
-0.030069
-0.110056
0.0778169
0.0455649
0.0629242
-0.194556
0.198207
-0.153438
-0.14153
0.0312157
0.139812
0.00535356
-0.0476537
-0.141316
-0.119751
-0.112445
-0.10337
0.0448668
-0.0921747
0.0578778
0.0844489
-0.0122559
-0.0615511
0.0176079
-0.189787
0.15563
-0.0988016
-0.05765
0.124338
-0.19581
-0.0746169
-0.17076
-0.173447
-0.134596
-0.1284
0.0953447
0.145514
-0.149891
-0.069407
-0.112334
-0.136231
-0.109381
0.186524
-0.0351905
0.198862
0.11898
0.132354
-0.144472
-0.0517215
0.140392
0.0849179
0.12074
0.127864
0.0789512
-0.167332
0.194388
-0.0878862
0.114094
0.0714312
0.110156
-0.138135
-0.0314073
0.0521512
0.0831344
0.0401421
0.0623943
0.00776603
-0.0964658
-0.0366228
-0.057311
-0.187999
0.199272
0.18873
-0.191892
-0.104417
-0.0481126
0.010627
-0.195299
0.00745642
-0.0626763
-0.0594602
-0.154558
-0.0815293
0.103991
-0.0679583
0.15597
-0.15219
0.149175
-0.0282245
-0.0461651
-0.0590592
-0.196115
0.100054
888888
0.05
0.05
0.05
0.05
0.05
0.05
0.05
0.05
0.05
0.05
0.05
0.05
0.05
0.05
0.05
0.05
0.05
0.05
0.05
0.05
0.05
0.05
0.05
0.05
0.05
0.05
0.05
0.05
0.05
0.05
0.05
0.05
0.05
0.05
0.05
0.05
0.05
0.05
0.05
0.05
0.05
0.05
0.05
0.05
0.05
0.05
0.05
0.05
0.05
0.05
0.05
0.05
0.05
0.05
0.05
0.05
0.05
0.05
0.05
0.05
0.05
0.05
0.05
0.05
0.05
0.05
0.05
0.05
0.05
0.05
0.05
0.05
0.05
0.05
0.05
0.05
0.05
0.05
0.05
0.05
0.05
0.05
0.05
0.05
0.05
0.05
0.05
0.05
0.05
0.05
0.05
0.05
0.05
0.05
0.05
0.05
0.05
0.05
0.05
0.05
0.05
0.05
0.05
0.05
0.05
0.05
0.05
0.05
0.05
0.05
0.05
0.05
0.05
0.05
0.05
0.05
0.05
0.05
0.05
0.05
0.05
0.05
0.05
0.05
0.05
0.05
0.05
0.05
0.05
0.05
0.05
0.05
0.05
0.05
0.05
0.05
0.05
0.05
0.05
0.05
0.05
0.05
0.05
0.05
0.05
0.05
0.05
0.05
0.05
0.05
0.05
0.05
0.05
0.05
0.05
0.05
0.05
0.05
0.05
0.05
0.05
0.05
0.05
0.05
0.05
0.05
0.05
0.05
0.05
0.05
0.05
0.05
0.05
0.05
0.05
0.05
0.05
0.05
0.05
0.05
0.05
0.05
0.05
0.05
0.05
0.05
0.05
0.05
0.05
0.05
0.05
0.05
0.05
0.05
0.05
0.05
0.05
0.05
0.05
0.05
0.05
0.05
0.05
0.05
0.05
0.05
0.05
0.05
0.05
0.05
0.05
0.05
0.05
0.05
0.05
0.05
0.05
0.05
0.05
0.05
0.05
0.05
0.05
0.05
0.05
0.05
0.05
0.05
0.05
0.05
0.05
0.05
0.05
0.05
0.05
0.05
0.05
0.05
0.05
0.05
0.05
0.05
0.05
0.05
0.05
0.05
0.05
0.05
0.05
0.05
0.05
0.05
0.05
0.05
0.05
0.05
0.05
0.05
0.05
0.05
0.05
0.05
0.05
0.05
0.05
0.05
0.05
0.05
0.05
0.05
0.05
0.05
0.05
0.05
0.05
0.05
0.05
0.05
0.05
0.05
0.05
0.05
0.05
0.05
0.05
0.05
0.05
0.05
0.05
0.05
0.05
0.05
0.05
0.05
0.05
0.05
0.05
0.05
0.05
0.05
0.05
0.05
0.05
0.05
0.05
0.05
0.05
0.05
0.05
0.05
0.05
0.05
0.05
0.05
0.05
0.05
0.05
0.05
0.05
0.05
0.05
0.05
0.05
0.05
0.05
0.05
0.05
0.05
0.05
0.05
0.05
0.05
0.05
0.05
0.05
0.05
0.05
0.05
0.05
0.05
0.05
0.05
0.05
0.05
0.05
0.05
0.05
0.05
0.05
0.05
0.05
0.05
0.05
0.05
0.05
0.05
0.05
0.05
0.05
0.05
0.05
0.05
0.05
0.05
0.05
0.05
0.05
0.05
0.05
0.05
0.05
0.05
0.05
0.05
0.05
0.05
0.05
0.05
0.05
0.05
0.05
0.05
0.05
0.05
0.05
0.05
0.05
0.05
0.05
0.05
0.05
0.05
0.05
0.05
0.05
0.05
0.05
0.05
0.05
0.05
0.05
0.05
0.05
0.05
0.05
0.05
0.05
0.05
0.05
0.05
0.05
0.05
0.05
0.05
0.05
0.05
0.05
0.05
0.05
0.05
0.05
0.05
0.05
0.05
0.05
0.05
0.05
0.05
0.05
0.05
0.05
0.05
0.05
0.05
0.05
0.05
0.05
0.05
0.05
0.05
0.05
0.05
0.05
0.05
0.05
0.05
0.05
0.05
0.05
0.05
0.05
0.05
0.05
0.05
0.05
0.05
0.05
0.05
0.05
0.05
0.05
0.05
0.05
0.05
0.05
0.05
0.05
0.05
0.05
0.05
0.05
0.05
0.05
0.05
0.05
0.05
0.05
0.05
0.05
0.05
0.05
0.05
0.05
0.05
0.05
0.05
0.05
0.05
0.05
0.05
0.05
0.05
0.05
0.05
0.05
0.05
0.05
0.05
0.05
0.05
0.05
0.05
0.05
0.05
0.05
0.05
0.05
0.05
0.05
0.05
0.05
0.05
0.05
0.05
0.05
0.05
0.05
0.05
0.05
0.05
0.05
0.05
0.05
0.05
0.05
0.05
0.05
0.05
0.05
0.05
0.05
0.05
0.05
0.05
0.05
0.05
0.05
0.05
0.05
0.05
0.05
0.05
0.05
0.05
0.05
0.05
0.05
0.05
0.05
0.05
0.05
0.05
0.05
0.05
0.05
0.05
0.05
0.05
0.05
0.05
0.05
0.05
0.05
0.05
0.05
0.05
0.05
0.05
0.05
0.05
0.05
0.05
0.05
0.05
0.05
0.05
0.05
0.05
0.05
0.05
0.05
0.05
0.05
0.05
0.05
0.05
0.05
0.05
0.05
0.05
0.05
0.05
0.05
0.05
0.05
0.05
0.05
0.05
0.05
0.05
0.05
0.05
0.05
0.05
0.05
0.05
0.05
0.05
0.05
0.05
0.05
0.05
0.05
0.05
0.05
0.05
0.05
0.05
0.05
0.05
0.05
0.05
0.05
0.05
0.05
0.05
0.05
0.05
0.05
0.05
0.05
0.05
0.05
0.05
0.05
0.05
0.05
0.05
0.05
0.05
0.05
0.05
0.05
0.05
0.05
0.05
0.05
0.05
0.05
0.05
0.05
0.05
0.05
0.05
0.05
0.05
0.05
0.05
0.05
0.05
0.05
0.05
0.05
0.05
0.05
0.05
0.05
0.05
0.05
0.05
0.05
0.05
0.05
0.05
0.05
0.05
0.05
0.05
0.05
0.05
0.05
0.05
0.05
0.05
0.05
0.05
0.05
0.05
0.05
0.05
0.05
0.05
0.05
0.05
0.05
0.05
0.05
0.05
0.05
0.05
0.05
0.05
0.05
0.05
0.05
0.05
0.05
0.05
0.05
0.05
0.05
0.05
0.05
0.05
0.05
0.05
0.05
0.05
0.05
0.05
0.05
0.05
0.05
0.05
0.05
0.05
0.05
0.05
0.05
0.05
0.05
0.05
0.05
0.05
0.05
0.05
0.05
0.05
0.05
0.05
0.05
0.05
0.05
0.05
0.05
0.05
0.05
0.05
0.05
0.05
0.05
0.05
0.05
0.05
0.05
0.05
0.05
0.05
0.05
0.05
0.05
0.05
0.05
0.05
0.05
0.05
0.05
0.05
0.05
0.05
0.05
0.05
0.05
0.05
0.05
0.05
0.05
0.05
0.05
0.05
0.05
0.05
0.05
0.05
0.05
0.05
0.05
0.05
0.05
0.05
0.05
0.05
0.05
0.05
0.05
0.05
0.05
0.05
0.05
0.05
0.05
0.05
0.05
0.05
0.05
0.05
0.05
0.05
0.05
0.05
0.05
0.05
0.05
0.05
0.05
0.05
0.05
0.05
0.05
0.05
0.05
0.05
0.05
0.05
0.05
0.05
0.05
0.05
0.05
0.05
0.05
0.05
0.05
0.05
0.05
0.05
0.05
0.05
0.05
0.05
0.05
0.05
0.05
0.05
0.05
0.05
0.05
0.05
0.05
0.05
0.05
0.05
0.05
0.05
0.05
0.05
0.05
0.05
0.05
0.05
0.05
0.05
0.05
0.05
0.05
0.05
0.05
0.05
0.05
0.05
0.05
0.05
0.05
0.05
0.05
0.05
0.05
0.05
0.05
0.05
0.05
0.05
0.05
0.05
0.05
0.05
0.05
0.05
0.05
0.05
0.05
0.05
0.05
0.05
0.05
0.05
0.05
0.05
0.05
0.05
0.05
0.05
0.05
0.05
0.05
0.05
0.05
0.05
0.05
0.05
0.05
0.05
0.05
0.05
0.05
0.05
0.05
0.05
0.05
0.05
0.05
0.05
0.05
0.05
0.05
0.05
0.05
0.05
0.05
0.05
0.05
0.05
0.05
0.05
0.05
0.05
0.05
0.05
0.05
0.05
0.05
0.05
0.05
0.05
0.05
0.05
0.05
0.05
0.05
0.05
0.05
0.05
0.05
0.05
0.05
0.05
0.05
0.05
0.05
0.05
0.05
0.05
0.05
0.05
0.05
0.05
0.05
0.05
0.05
0.05
0.05
0.05
0.05
0.05
0.05
0.05
0.05
0.05
0.05
0.05
0.05
0.05
0.05
0.05
0.05
0.05
0.05
0.05
0.05
0.05
0.05
0.05
0.05
0.05
0.05
0.05
0.05
0.05
0.05
0.05
0.05
0.05
0.05
0.05
0.05
0.05
0.05
0.05
0.05
0.05
0.05
0.05
0.05
0.05
0.05
0.05
0.05
0.05
0.05
0.05
0.05
0.05
0.05
0.05
0.05
0.05
0.05
0.05
0.05
0.05
0.05
0.05
0.05
0.05
0.05
0.05
0.05
0.05
0.05
0.05
0.05
0.05
0.05
0.05
0.05
0.05
0.05
0.05
0.05
0.05
0.05
0.05
0.05
0.05
0.05
0.05
0.05
0.05
0.05
0.05
0.05
0.05
0.05
0.05
0.05
0.05
0.05
0.05
0.05
0.05
0.05
0.05
0.05
0.05
0.05
0.05
0.05
0.05
0.05
0.05
0.05
0.05
0.05
0.05
0.05
0.05
0.05
0.05
0.05
0.05
0.05
0.05
0.05
0.05
0.05
0.05
0.05
0.05
0.05
0.05
0.05
0.05
0.05
0.05
0.05
0.05
0.05
0.05
0.05
0.05
0.05
0.05
0.05
0.05
0.05
0.05
0.05
0.05
0.05
0.05
0.05
0.05
0.05
0.05
0.05
0.05
0.05
0.05
0.05
0.05
0.05
0.05
0.05
0.05
0.05
0.05
0.05
0.05
0.05
0.05
0.05
0.05
0.05
0.05
0.05
0.05
0.05
0.05
0.05
0.05
0.05
0.05
0.05
0.05
0.05
0.05
0.05
0.05
0.05
0.05
0.05
0.05
0.05
0.05
0.05
0.05
0.05
0.05
0.05
0.05
0.05
0.05
0.05
0.05
0.05
0.05
0.05
0.05
0.05
0.05
0.05
0.05
0.05
0.05
0.05
0.05
0.05
0.05
0.05
0.05
0.05
0.05
0.05
0.05
0.05
0.05
0.05
0.05
0.05
0.05
0.05
0.05
0.05
0.05
0.05
0.05
0.05
0.05
0.05
0.05
0.05
0.05
0.05
0.05
0.05
0.05
0.05
0.05
0.05
0.05
0.05
0.05
0.05
0.05
0.05
0.05
0.05
0.05
0.05
0.05
0.05
0.05
0.05
0.05
0.05
0.05
0.05
0.05
0.05
0.05
0.05
0.05
0.05
0.05
0.05
0.05
0.05
0.05
0.05
0.05
0.05
0.05
0.05
0.05
0.05
0.05
0.05
0.05
0.05
0.05
0.05
0.05
0.05
0.05
0.05
0.05
0.05
0.05
0.05
0.05
0.05
0.05
0.05
0.05
0.05
0.05
0.05
0.05
0.05
0.05
0.05
0.05
0.05
0.05
0.05
0.05
0.05
0.05
0.05
0.05
0.05
0.05
0.05
0.05
0.05
0.05
0.05
0.05
0.05
0.05
0.05
0.05
0.05
0.05
0.05
0.05
0.05
0.05
0.05
0.05
0.05
0.05
0.05
0.05
0.05
0.05
0.05
0.05
0.05
0.05
0.05
0.05
0.05
0.05
0.05
0.05
0.05
0.05
0.05
0.05
0.05
0.05
0.05
0.05
0.05
0.05
0.05
0.05
0.05
0.05
0.05
0.05
0.05
0.05
0.05
0.05
0.05
0.05
0.05
0.05
0.05
0.05
0.05
0.05
0.05
0.05
0.05
0.05
0.05
0.05
0.05
0.05
0.05
0.05
0.05
0.05
0.05
0.05
0.05
0.05
0.05
0.05
0.05
0.05
0.05
0.05
0.05
0.05
0.05
0.05
0.05
0.05
0.05
0.05
0.05
0.05
0.05
0.05
0.05
0.05
0.05
0.05
0.05
0.05
0.05
0.05
0.05
0.05
0.05
0.05
0.05
0.05
0.05
0.05
0.05
0.05
0.05
0.05
0.05
0.05
0.05
0.05
0.05
0.05
0.05
0.05
0.05
0.05
0.05
0.05
0.05
0.05
0.05
0.05
0.05
0.05
0.05
0.05
0.05
0.05
0.05
0.05
0.05
0.05
0.05
0.05
0.05
0.05
0.05
0.05
0.05
0.05
0.05
0.05
0.05
0.05
0.05
0.05
0.05
0.05
0.05
0.05
0.05
0.05
0.05
0.05
0.05
0.05
0.05
0.05
0.05
0.05
0.05
0.05
0.05
0.05
0.05
0.05
0.05
0.05
0.05
0.05
0.05
0.05
0.05
0.05
0.05
0.05
0.05
0.05
0.05
0.05
0.05
0.05
0.05
0.05
0.05
0.05
0.05
0.05
0.05
0.05
0.05
0.05
0.05
0.05
0.05
0.05
0.05
0.05
0.05
0.05
0.05
0.05
0.05
0.05
0.05
0.05
0.05
0.05
0.05
0.05
0.05
0.05
0.05
0.05
0.05
0.05
0.05
0.05
0.05
0.05
0.05
0.05
0.05
0.05
0.05
0.05
0.05
0.05
0.05
0.05
0.05
0.05
0.05
0.05
0.05
0.05
0.05
0.05
0.05
0.05
0.05
0.05
0.05
0.05
0.05
0.05
0.05
0.05
0.05
0.05
0.05
0.05
0.05
0.05
0.05
0.05
0.05
0.05
0.05
0.05
0.05
0.05
0.05
0.05
0.05
0.05
0.05
0.05
0.05
0.05
0.05
0.05
0.05
0.05
0.05
0.05
0.05
0.05
0.05
0.05
0.05
0.05
0.05
0.05
0.05
0.05
0.05
0.05
0.05
0.05
0.05
0.05
0.05
0.05
0.05
0.05
0.05
0.05
0.05
0.05
0.05
0.05
0.05
0.05
0.05
0.05
0.05
0.05
0.05
0.05
0.05
0.05
0.05
0.05
0.05
0.05
0.05
0.05
0.05
0.05
0.05
0.05
0.05
0.05
0.05
0.05
0.05
0.05
0.05
0.05
0.05
0.05
0.05
0.05
0.05
0.05
0.05
0.05
0.05
0.05
0.05
0.05
0.05
0.05
0.05
0.05
0.05
0.05
0.05
0.05
0.05
0.05
0.05
0.05
0.05
0.05
0.05
0.05
0.05
0.05
0.05
0.05
0.05
0.05
0.05
0.05
0.05
0.05
0.05
0.05
0.05
0.05
0.05
0.05
0.05
0.05
0.05
0.05
0.05
0.05
0.05
0.05
0.05
0.05
0.05
0.05
0.05
0.05
0.05
0.05
0.05
0.05
0.05
0.05
0.05
0.05
0.05
0.05
0.05
0.05
0.05
0.05
0.05
0.05
0.05
0.05
0.05
0.05
0.05
0.05
0.05
0.05
0.05
0.05
0.05
0.05
0.05
0.05
0.05
0.05
777777