2.46975
999999
0.0692951
0.120975
-0.103903
0.0556857
0.0348393
0.0813034
0.133694
-0.070136
0.000985943
0.108979
0.0677667
-0.168109
-0.14768
-0.125604
-0.159781
0.149142
-0.0191669
-0.117295
0.105376
0.0558829
0.176725
0.14738
0.0046234
0.0775886
-0.00753909
0.183223
-0.0773493
-0.144847
0.126309
0.019567
0.128847
-0.158744
-0.0412106
-0.0773198
-0.185111
-0.00886374
-0.164957
-0.0482583
0.00848119
0.130861
0.0338088
-0.0282991
0.160768
0.102999
-0.0148983
-0.184032
0.0176771
-0.11883
-0.161488
0.00595451
-0.126337
0.182943
0.0828457
0.16604
-0.0928366
0.125542
-0.0978379
-0.171853
-0.0448914
-0.0980275
0.135991
-0.00940174
-0.00684675
-0.0179027
0.0650276
0.115822
0.122502
-0.166689
-0.0949842
0.13768
-0.0531852
-0.0838916
0.0444522
0.145662
-0.0119213
-0.0223232
0.175884
-0.130771
0.0972565
-0.107334
-0.197496
-0.029905
0.187977
-0.107183
0.122057
0.124449
0.14012
-0.051307
-0.188236
-0.143173
0.148153
-0.108601
0.101628
0.178074
-0.162752
0.0573339
-0.169385
0.0516795
0.00220906
0.0271455
-0.143874
-0.136176
0.0801331
-0.113431
0.123641
-0.162692
0.00791403
-0.0833284
0.155122
-0.00945098
-0.0785874
-0.114979
0.0834334
0.0758724
0.152877
-0.0741355
0.0902401
-0.184637
-0.18523
-0.190355
0.172865
-0.0518493
-0.16801
-0.0769665
-0.178685
-0.0672652
0.0612129
0.0331999
-0.0144246
0.0122317
-0.0475754
-0.109231
0.180228
-0.188367
-0.0379197
-0.102777
-0.189347
-0.111215
-0.187237
0.151526
-0.0245266
-0.160836
-0.158643
-0.0439581
-0.0544894
0.148515
-0.00222645
0.0360316
0.102354
0.0467216
-0.135765
-0.0434387
0.0431536
0.120385
0.102563
0.133065
-0.105532
0.15231
-0.0582723
0.0690432
0.108206
0.0607512
0.0586984
-0.19064
0.155127
-0.0892676
-0.0241041
0.12955
-0.064138
-0.174156
0.148826
0.155153
-0.0869253
-0.189849
0.165745
0.138578
0.112986
0.158577
-0.121151
-0.0533707
-0.055669
0.130247
-0.0994002
0.160168
-0.106746
-0.0580448
-0.110119
0.179626
-0.0995287
0.0103401
0.130316
0.069502
-0.165708
0.19818
-0.130685
0.0203054
0.00763787
0.00363511
-0.0430023
0.07511
-0.011165
-0.183701
0.184483
-0.159124
0.0419193
-0.0469932
-0.0714729
-0.0858122
0.165558
-0.0950264
0.102454
0.0190905
0.0628906
-0.187302
0.0187939
-0.072038
0.122242
-0.133225
2.81548e-06
-0.0673098
0.0397961
0.125555
-0.1403
0.00738905
0.0148521
0.0762366
0.194751
-0.109349
0.164292
0.116765
0.138938
-0.049565
-0.0544917
0.182401
0.160488
-0.0238803
-0.1145
-0.0754169
0.093731
0.029186
-0.0826333
0.0383524
-0.0391528
-0.125003
0.0780117
-0.045412
0.186848
0.0427096
0.0571556
0.141804
0.177831
0.120518
-0.196738
0.0543606
-0.0239419
0.149141
0.114292
-0.107758
-0.181117
-0.160625
0.0834398
-0.0449595
-0.0596361
0.14631
-0.00809237
-0.0685718
-0.0576017
0.0715176
0.0351766
0.0909095
-0.180581
-0.0879582
-0.117714
0.00331913
-0.180501
0.0584101
-0.145572
-0.159464
-0.0566582
-0.122581
-0.048257
0.125712
0.125388
-0.0501794
0.108977
-0.0744729
0.133837
0.14081
-0.19768
-0.0459864
-0.129142
0.103059
-0.00560303
0.198842
0.0379384
-0.0186715
-0.0257274
-0.0850914
0.0315148
-0.108973
-0.145141
-0.166243
0.0645645
0.03854
-0.150859
0.177837
0.112044
0.165027
-0.1858
0.0241933
-0.196194
-0.063674
-0.0259463
-0.179026
-0.161226
0.1573
0.00161986
-0.116719
-0.121627
-0.161368
0.0340615
0.0988317
-0.0454581
-0.16801
-0.0116467
-0.0994528
0.0237809
-0.0255888
-0.0836265
-0.174246
-0.0195365
-0.129398
0.105971
-0.0451156
0.0811041
-0.104808
-0.167026
-0.0619063
-0.161927
0.067604
0.0364614
0.00736833
0.112993
0.182232
-0.0670113
0.0897644
-0.020551
-0.0217803
0.143956
-0.0654368
0.167329
0.0194449
0.0296307
0.174561
-0.10393
-0.0167629
0.0311671
-0.176565
-0.135967
-0.0445455
0.158148
-0.140419
-0.0298714
0.167723
-0.0271177
0.192221
-0.063207
0.160206
-0.018892
0.0885008
0.124469
0.0228008
-0.0164429
0.125414
-0.0977379
-0.104137
-0.149806
-0.169871
0.057342
-0.100128
0.139886
0.181313
-0.0767548
0.152724
-0.120018
-0.101431
-0.110321
-0.0808041
-0.0948389
-0.0799256
-0.072137
0.0977111
-0.126538
0.0500207
0.166418
0.0541299
0.0238806
-0.0022345
-0.038668
0.180991
0.0109393
-0.00656868
-0.187112
0.118331
-0.161079
-0.0817512
0.0270853
0.0759618
-0.168495
0.191333
-0.0117297
0.099243
0.0499259
-0.12584
0.176177
-0.0207959
-0.14689
-0.107166
0.0437432
0.0202092
0.199816
0.149148
0.124508
0.0695089
0.146409
0.146009
0.126237
-0.133248
0.149614
-0.188701
0.184444
-0.173322
0.0657983
0.192295
0.0136587
0.085034
-0.0782693
0.131731
-0.169137
0.0742586
0.189313
0.0247055
0.0598322
0.0641175
0.0548774
0.169193
0.183162
0.173978
0.0596199
0.145958
0.177257
-0.131457
-0.0789517
-0.100909
0.176678
0.0178485
0.0920766
-0.0233227
-0.132936
0.0531814
-0.101416
-0.108895
-0.115414
0.0302718
-0.0923566
0.044534
-0.0376703
0.0528944
0.00147652
0.00715445
-0.0568995
0.0102065
-0.100801
-0.0973897
-0.110565
0.135807
0.0331592
0.0779312
-0.199928
0.0300304
0.145286
0.124215
-0.162775
0.14424
-0.0176193
-0.160445
-0.0661115
-0.0620448
-0.145314
0.0631532
0.0668455
0.125495
0.0820627
-0.0316689
0.0427453
-0.156797
0.19942
0.0831811
0.197149
-0.106476
0.0677062
0.188645
0.0261535
0.00543138
-0.0313668
0.0579277
-0.0813494
0.13851
-0.0902205
-0.159003
0.0779805
0.177797
0.0987916
0.096224
-0.0936851
0.0975179
-0.172931
-0.146602
0.139644
-0.189478
-0.056866
0.193757
-0.0484436
-0.0726004
-0.00790483
-0.0205745
-0.153824
0.0450823
-0.0580728
0.0167216
-0.156662
0.0308174
0.0521269
0.000842527
0.169372
-0.101913
-0.0344158
0.0375062
0.00444336
0.190564
0.0859824
-0.088544
0.182887
0.0918803
-0.117913
0.070915
0.179451
0.198242
0.0747354
-0.0494647
0.035223
0.071811
0.0606115
-0.152531
-0.136292
-0.0421723
-0.126554
0.183213
0.141473
-0.0433664
-0.0708405
-0.0952967
-0.173818
-0.086352
-0.0452006
-0.105295
-0.00783857
-0.044689
0.153714
-0.0586675
0.0169564
-0.194267
0.19406
0.138716
0.134665
-0.0295714
0.0967085
0.0195621
-0.0350779
0.0587713
0.070751
0.00422286
0.115848
-0.0171817
0.0364859
0.0885107
-0.0832712
-0.150141
-0.0113261
-0.119979
5.54447e-05
0.139108
-0.151632
0.0703685
-0.181855
-0.197154
-0.0600016
-0.0930919
-0.198512
0.0967378
-0.0863408
0.158207
0.131643
0.0648181
-0.161863
0.0416678
-0.027705
-0.0591831
0.0449026
-0.157498
0.0460001
-0.0486524
-0.118226
-0.114933
-0.158414
0.140886
-0.148855
-0.120388
-0.0249367
0.0518386
0.176755
-0.0493721
0.147295
-0.109453
-0.0880201
0.0941715
0.0708478
-0.15589
-0.150591
0.137137
-0.0553544
-0.0190097
0.184289
0.0423463
-0.0518755
0.103425
0.0668432
0.104507
-0.0701578
0.111455
0.0188174
0.00820736
0.014785
0.11637
-0.0434154
-0.160432
-0.0847706
0.00860443
0.0253044
-0.10695
0.0574112
-0.176216
-0.0755991
-0.0850487
-0.0415694
-0.162127
-0.172301
0.0714632
0.00785491
-0.0126778
0.00759273
-0.0793698
-0.191707
0.0396785
-0.0251378
-0.0681737
0.172283
-0.0862269
-0.168642
-0.0917491
-0.0850016
0.0863016
0.0309812
0.115416
0.0447497
-0.131559
0.00512548
0.104097
0.0867869
-0.143869
0.135664
0.15822
0.0363105
-0.194935
-0.0649999
0.0950907
0.0552158
0.0856861
-0.160649
0.0856275
-0.182131
0.133835
0.0713137
0.1896
-0.0631051
-0.0864606
-0.0477107
0.155434
0.0705967
0.164695
0.131002
0.101291
-0.13218
-0.0257072
0.130646
0.104203
0.184242
-0.0559138
0.0525896
0.108117
-0.0113896
0.028439
-0.169802
-0.115057
-0.136151
0.00462052
-0.0330956
0.155425
0.0440819
-0.118293
0.0307826
0.0316779
0.00947465
-0.159604
0.105098
-0.0225833
-0.138298
-0.110447
0.147414
0.0362366
-0.17462
-0.176013
0.105491
-0.0763266
0.153583
0.155823
0.0013484
0.0866502
-0.0537869
-0.132966
0.105746
-0.0448296
0.00658118
-0.0752703
-0.00748586
0.0902306
-0.19201
0.119879
-0.124285
-0.147382
0.0727695
0.0488988
-0.0118193
-0.131105
-0.157376
-0.0475516
0.190543
0.19871
-0.00164482
-0.0022592
0.107786
-0.180233
0.0938683
-0.128639
-0.160321
-0.0906729
0.19692
-0.0646091
0.129086
0.000892186
0.136678
-0.0880552
0.132761
-0.0929522
0.0162561
0.0269815
0.116291
-0.0195105
-0.129973
0.0230833
-0.0144217
-0.161843
-0.00761272
-0.154987
0.0970871
0.0306878
-0.11351
-0.0524572
-0.0169518
-0.117217
0.00102835
-0.120371
0.0549166
-0.0690654
-0.13669
-0.0432713
0.14369
-0.191819
0.0469728
-0.0446773
-0.0712606
-0.13744
-0.0368015
-0.00130742
0.0229243
-0.0067485
-0.0106245
0.0336088
-0.00208376
0.136179
0.094613
0.115062
0.0310427
-0.134829
0.197206
0.187979
-0.0187374
0.194557
-0.148105
-0.0464623
-0.104815
-0.0390824
0.0948327
-0.179453
-0.193329
-0.00688833
-0.00460853
-0.0267656
0.0581457
0.149759
0.0628596
0.191711
-0.115843
0.0755276
0.020106
0.00836689
0.0471773
0.138772
-0.137531
-0.13651
0.0952566
0.0997422
-0.186825
-0.178505
-0.0211478
-0.0548693
-0.155092
-0.189351
0.0558339
0.0356291
-0.180611
0.0841782
0.106776
-0.0687214
-0.198516
-0.140404
-0.173489
-0.0226689
0.0732029
0.184583
-0.00784865
-0.0195077
0.0352907
-0.117439
0.0602113
0.0799069
-0.113075
0.0764041
-0.0343264
-0.0225286
0.0761867
0.0431395
-0.122783
-0.0711496
0.0652017
0.088127
0.173775
-0.0690483
0.190737
-0.107279
-0.0465141
-0.148734
0.142371
0.0295836
0.0511147
-0.112126
0.0380702
-0.18925
-0.198427
0.114804
-0.171082
-0.105455
-0.0497781
-0.196573
0.185253
-0.114197
-0.00728167
0.117133
0.0733553
0.199567
0.0714406
-0.120372
0.0599901
-0.0845439
0.0381013
0.158839
-0.183087
-0.0763379
0.0818605
-0.160893
-0.155801
0.0328387
-0.16241
-0.0309256
0.130967
0.0126816
0.150893
0.167192
0.020605
0.0340391
-0.0336872
0.0515542
-0.0174915
0.0820782
-0.116863
0.0115482
-0.0150407
-0.0663042
0.115225
-0.0916124
-0.0683559
-0.13946
-0.0488283
-0.00449406
0.165223
-0.188573
-0.0329246
0.175995
-0.105159
-0.0670591
-0.136604
0.0522503
0.0514802
0.0933263
-0.0876123
0.12216
0.106115
0.131658
0.068696
-0.120348
0.0467097
-0.0871198
0.00847565
0.0448426
-0.121722
-0.115534
0.0734259
-0.0960369
-0.113308
-0.109583
-0.114689
-0.12026
-0.136554
-0.0809619
0.015886
0.130285
-0.147051
-0.156098
0.0200089
0.0405651
0.178114
-0.104383
-0.174547
-0.0225609
-0.0717868
-0.0329935
-0.190894
-0.113951
0.0431315
0.0166805
-0.0299053
0.00027463
0.0537505
-0.159909
0.131853
0.125117
-0.155492
-0.171419
0.148986
-0.162131
-0.0179214
-0.123179
-0.0330917
-0.160546
0.0651716
0.103788
0.0768998
-0.127451
0.137721
-0.0884287
0.159851
-0.0350056
-0.00681398
0.00014253
0.120931
-0.164625
0.0363823
0.0217504
-0.0600159
0.0226148
0.167803
-0.145927
0.0196919
-0.178477
0.146202
0.0566283
0.167746
-0.0447451
0.118333
0.062202
-0.129029
0.0976147
-0.0920744
0.123579
-0.0816615
-0.0525829
0.182657
0.101563
-0.0920065
0.0960904
-0.189252
-0.123052
0.170053
-0.171884
-0.177065
-0.155378
-0.00462038
-0.00550722
0.0108302
0.103781
0.0396731
0.178578
-0.0253783
-0.0637471
0.0874566
0.023908
-0.134704
0.195582
-0.0847308
0.181311
0.0206739
0.0993164
-0.0809285
-0.0262367
0.0908049
-0.0289705
0.180059
-0.0326709
0.170343
0.0963739
-0.161321
-0.131479
-0.0220668
0.00975737
0.193111
0.186976
-0.0896024
0.0135519
-0.0325206
0.116766
0.0731565
-0.0826988
-0.0633374
-0.118206
0.0613897
-0.0766676
0.120595
-0.0778222
-0.136473
0.131674
-0.0186364
0.120298
-0.139548
-0.180511
0.146005
-0.122555
-0.0954296
-0.0338663
0.124409
-0.0972123
0.0853624
-0.025822
0.197793
-0.189751
0.0419835
-0.195504
0.0514994
0.0829617
0.134647
0.0174825
0.17657
-0.118326
-0.101485
0.0430918
-0.0291783
0.149524
-0.05945
-0.0851746
-0.142555
0.0478032
-0.00144071
0.158058
0.0146866
0.0478912
0.103005
-0.111047
-0.0399111
0.101974
-0.058332
0.14911
0.147758
0.00249562
0.0153117
-0.0709481
-0.0366511
0.160017
0.150063
-0.135721
-0.0515862
0.17566
-0.0858501
-0.0349218
0.0371792
0.0792818
-0.00472365
-0.139516
0.117556
0.149879
-0.0759218
0.0522733
0.119607
0.127842
-0.0348247
-0.177263
-0.107077
0.0407399
0.0519722
-0.088296
0.0816798
-0.134044
0.188664
-0.169375
-0.155561
0.00213428
-0.123104
0.129481
0.183141
0.196722
-0.0403441
-0.158418
0.0634644
-0.170608
0.00204159
-0.0752718
0.00534365
-0.077531
-0.199334
-0.0597628
0.163787
-0.13975
0.195165
-0.0970766
-0.158687
0.0294967
-0.0350596
-0.0918081
-0.06585
0.0728293
-0.0965073
-0.129987
0.0792065
-0.0166385
0.0309871
-0.0270084
-0.104115
-0.188151
0.162349
-0.104111
0.167048
-0.082138
0.143743
-0.155082
-0.0360228
0.0743186
-0.104781
0.193852
0.120219
0.14638
0.117
-0.168556
0.106251
0.101326
0.181453
-0.0704691
0.149316
-0.174332
0.157711
0.0224337
0.130396
0.127547
-0.0358452
0.0964845
-0.0390222
0.141744
0.0427472
0.00901693
0.176097
0.0917953
0.00200106
-0.00302088
0.0985117
0.0247398
-0.101349
-0.181553
0.0564935
0.0457197
0.196538
-0.18785
-0.132097
-0.12625
0.182967
0.0830015
-0.094124
-0.0661973
-0.137629
0.162058
0.153838
-0.134367
0.128682
0.189509
-0.0365895
-0.0631099
-0.110558
-0.188116
-0.0351742
-0.0355487
0.0190056
0.0815791
-0.0637387
0.128142
0.0283216
0.114589
0.135241
-0.0299715
-0.0970774
0.0699015
-0.185989
-0.0456831
0.0135291
-0.130818
0.168241
0.0529222
-0.0434107
-0.065827
0.171258
0.029916
0.137337
-0.195428
-0.0706559
0.112249
0.190506
0.141483
0.11059
-0.0456171
-0.162017
0.00466142
0.187817
0.125557
0.126047
0.0688754
-0.0937982
-0.163827
-0.115243
-0.170405
-0.0272175
0.0368845
0.169166
-0.159409
-0.166207
-0.122161
0.101168
0.0216059
-0.121986
0.0369596
-0.162201
-0.0753587
-0.198748
-0.108418
0.135738
-0.0457527
-0.00205212
-0.071933
0.0371217
-0.130645
-0.115083
-0.0680363
0.0752578
0.197853
-0.0118348
0.0637826
0.119748
0.175785
0.187662
-0.0913642
-0.0750871
0.19207
0.174249
0.0995177
0.146591
-0.0527126
-0.144533
-0.150689
-0.124313
0.0534588
0.0108494
-0.0294371
0.183732
-0.184973
-0.174949
0.077821
0.0619821
-0.147091
0.152034
-0.0120514
-0.0590245
-0.151
-0.0226567
0.00461077
-0.0417958
0.184972
0.102412
0.170999
-0.143922
0.155781
0.0136028
-0.0120961
0.00675884
-0.193139
0.0285526
-0.073394
-0.102008
-0.0664742
0.12548
-0.00298368
-0.0951262
-0.0471961
-0.183414
-0.109004
-0.0425725
-0.10335
0.175241
-0.10513
0.0664001
0.116159
-0.182511
0.0260761
0.0735203
0.0365638
0.136922
-0.158253
0.0770769
-0.121295
0.176539
-0.0170486
0.154465
-0.130179
-0.145346
0.113431
0.0989712
-0.0173937
-0.0458074
-0.0871673
0.165815
0.0251734
-0.195403
0.0505076
-0.00389223
-0.0504583
-0.154575
0.105966
-0.146445
0.148742
-0.128872
0.196676
-0.145409
0.0582956
-0.140199
0.114337
0.144615
0.0572347
-0.0845123
-0.0493752
-0.133575
-0.0598209
0.159607
-0.0671284
0.19633
-0.0954622
0.113316
0.0921115
-0.150849
-0.136697
-0.154522
-0.029952
0.0666859
-0.150861
-0.12227
0.0434534
-0.153493
0.0462366
-0.0149674
-0.159039
-0.0924098
-0.114833
-0.181735
0.0188545
0.126651
-0.00728336
-0.128948
-0.138284
0.0873213
-0.132251
-0.199803
0.189469
0.0115645
-0.102145
-0.120011
0.0714749
0.0390356
-0.196185
0.145321
-0.0535073
-0.0810195
0.0328626
-0.0122137
-0.0321626
0.102241
0.056584
0.1157
0.0566487
-0.0155538
-0.00775511
0.149694
0.193083
-0.125559
0.13746
0.17366
0.167066
-0.163939
-0.11443
0.0103811
-9.98176e-05
-0.113661
0.016559
-0.10437
-0.0595517
-0.135664
-0.0891543
-0.0434507
0.00322164
0.0307669
-0.151911
0.0409917
-0.0278645
0.0143787
-0.0218957
-0.14198
-0.133038
-0.155416
-0.103549
0.0624921
-0.00316346
0.142409
0.189666
0.0558108
0.086457
0.10791
-0.0956893
0.142487
0.114605
0.0846241
-0.0699301
-0.00170963
0.122123
0.18925
0.0575355
0.128122
0.166007
-0.00957604
0.126694
0.19158
-0.0204488
-0.0550897
0.129603
-0.133033
0.191901
-0.109269
0.156333
0.046776
-0.119929
0.101706
-0.113072
-0.165279
-0.0081188
-0.195549
-0.118366
0.0934399
-0.0933425
0.100718
-0.0755174
0.117729
0.0420477
0.117573
-0.170396
0.0132965
-0.116006
-0.193213
0.0725149
0.197186
0.105503
-0.147112
0.169132
-0.122663
0.155684
-0.135499
-0.155778
-0.013934
-0.0416446
-0.0821107
0.0955937
-0.0885284
-0.140922
0.0217154
-0.0816629
-0.0414112
0.0131483
-0.0699039
-0.157277
-0.0782922
-0.123573
0.086826
-0.181595
-0.192402
-0.105183
-0.197159
0.0314185
0.117584
0.135904
0.198673
0.130637
-0.136141
0.00780728
-0.160581
0.0235534
-0.067179
-0.0105237
0.0261379
0.130346
-0.0135849
0.00372419
0.108345
0.0523232
0.179378
-0.0279093
0.131328
-0.0785609
0.0934844
0.148638
-0.0899892
0.181779
0.1689
0.0988149
0.124879
-0.198856
-0.0676535
0.0982449
0.0388602
0.16025
-0.195032
-0.107939
0.0450416
-0.0973786
0.136853
-0.13012
-0.0709927
0.157896
-0.0329547
0.0331839
0.0679376
0.00420686
0.0969971
-0.157771
-0.0248609
0.160766
-0.0673075
-0.154274
-0.0993016
-0.145689
-0.121269
0.0411169
0.0646778
-0.146112
-0.0530992
0.136221
-0.10389
-0.0343489
-0.0547999
-0.187592
0.116588
0.0508423
0.147912
-0.17999
0.11141
-0.118417
0.0309387
-0.103416
0.0549214
0.154658
0.0200196
0.101299
-0.185973
0.117366
0.0541459
0.18674
-0.0855153
0.0215056
0.153569
-0.0813351
-0.0130698
-0.0306212
0.197535
-0.158003
-0.0769337
0.0249042
-0.13737
-0.1304
0.0403516
-0.145846
0.0313079
0.117727
-0.194462
0.0842089
-0.0192008
-0.0221861
0.10696
0.132385
-0.0571367
0.156662
0.141508
-0.167668
-0.108285
0.0789438
0.0433793
0.0652968
0.0422175
0.116274
-0.111643
0.0195049
0.0036294
0.181721
-0.106053
0.0719674
0.00926279
0.197603
0.166151
-0.103424
-0.192469
0.181835
-0.12225
-0.0974191
-0.00830477
0.0495571
0.131705
0.0555669
-0.183487
-0.0726302
0.00258214
0.0172689
0.108838
888888
0.05
0.05
0.05
0.05
0.05
0.05
0.05
0.05
0.05
0.05
0.05
0.05
0.05
0.05
0.05
0.05
0.05
0.05
0.05
0.05
0.05
0.05
0.05
0.05
0.05
0.05
0.05
0.05
0.05
0.05
0.05
0.05
0.05
0.05
0.05
0.05
0.05
0.05
0.05
0.05
0.05
0.05
0.05
0.05
0.05
0.05
0.05
0.05
0.05
0.05
0.05
0.05
0.05
0.05
0.05
0.05
0.05
0.05
0.05
0.05
0.05
0.05
0.05
0.05
0.05
0.05
0.05
0.05
0.05
0.05
0.05
0.05
0.05
0.05
0.05
0.05
0.05
0.05
0.05
0.05
0.05
0.05
0.05
0.05
0.05
0.05
0.05
0.05
0.05
0.05
0.05
0.05
0.05
0.05
0.05
0.05
0.05
0.05
0.05
0.05
0.05
0.05
0.05
0.05
0.05
0.05
0.05
0.05
0.05
0.05
0.05
0.05
0.05
0.05
0.05
0.05
0.05
0.05
0.05
0.05
0.05
0.05
0.05
0.05
0.05
0.05
0.05
0.05
0.05
0.05
0.05
0.05
0.05
0.05
0.05
0.05
0.05
0.05
0.05
0.05
0.05
0.05
0.05
0.05
0.05
0.05
0.05
0.05
0.05
0.05
0.05
0.05
0.05
0.05
0.05
0.05
0.05
0.05
0.05
0.05
0.05
0.05
0.05
0.05
0.05
0.05
0.05
0.05
0.05
0.05
0.05
0.05
0.05
0.05
0.05
0.05
0.05
0.05
0.05
0.05
0.05
0.05
0.05
0.05
0.05
0.05
0.05
0.05
0.05
0.05
0.05
0.05
0.05
0.05
0.05
0.05
0.05
0.05
0.05
0.05
0.05
0.05
0.05
0.05
0.05
0.05
0.05
0.05
0.05
0.05
0.05
0.05
0.05
0.05
0.05
0.05
0.05
0.05
0.05
0.05
0.05
0.05
0.05
0.05
0.05
0.05
0.05
0.05
0.05
0.05
0.05
0.05
0.05
0.05
0.05
0.05
0.05
0.05
0.05
0.05
0.05
0.05
0.05
0.05
0.05
0.05
0.05
0.05
0.05
0.05
0.05
0.05
0.05
0.05
0.05
0.05
0.05
0.05
0.05
0.05
0.05
0.05
0.05
0.05
0.05
0.05
0.05
0.05
0.05
0.05
0.05
0.05
0.05
0.05
0.05
0.05
0.05
0.05
0.05
0.05
0.05
0.05
0.05
0.05
0.05
0.05
0.05
0.05
0.05
0.05
0.05
0.05
0.05
0.05
0.05
0.05
0.05
0.05
0.05
0.05
0.05
0.05
0.05
0.05
0.05
0.05
0.05
0.05
0.05
0.05
0.05
0.05
0.05
0.05
0.05
0.05
0.05
0.05
0.05
0.05
0.05
0.05
0.05
0.05
0.05
0.05
0.05
0.05
0.05
0.05
0.05
0.05
0.05
0.05
0.05
0.05
0.05
0.05
0.05
0.05
0.05
0.05
0.05
0.05
0.05
0.05
0.05
0.05
0.05
0.05
0.05
0.05
0.05
0.05
0.05
0.05
0.05
0.05
0.05
0.05
0.05
0.05
0.05
0.05
0.05
0.05
0.05
0.05
0.05
0.05
0.05
0.05
0.05
0.05
0.05
0.05
0.05
0.05
0.05
0.05
0.05
0.05
0.05
0.05
0.05
0.05
0.05
0.05
0.05
0.05
0.05
0.05
0.05
0.05
0.05
0.05
0.05
0.05
0.05
0.05
0.05
0.05
0.05
0.05
0.05
0.05
0.05
0.05
0.05
0.05
0.05
0.05
0.05
0.05
0.05
0.05
0.05
0.05
0.05
0.05
0.05
0.05
0.05
0.05
0.05
0.05
0.05
0.05
0.05
0.05
0.05
0.05
0.05
0.05
0.05
0.05
0.05
0.05
0.05
0.05
0.05
0.05
0.05
0.05
0.05
0.05
0.05
0.05
0.05
0.05
0.05
0.05
0.05
0.05
0.05
0.05
0.05
0.05
0.05
0.05
0.05
0.05
0.05
0.05
0.05
0.05
0.05
0.05
0.05
0.05
0.05
0.05
0.05
0.05
0.05
0.05
0.05
0.05
0.05
0.05
0.05
0.05
0.05
0.05
0.05
0.05
0.05
0.05
0.05
0.05
0.05
0.05
0.05
0.05
0.05
0.05
0.05
0.05
0.05
0.05
0.05
0.05
0.05
0.05
0.05
0.05
0.05
0.05
0.05
0.05
0.05
0.05
0.05
0.05
0.05
0.05
0.05
0.05
0.05
0.05
0.05
0.05
0.05
0.05
0.05
0.05
0.05
0.05
0.05
0.05
0.05
0.05
0.05
0.05
0.05
0.05
0.05
0.05
0.05
0.05
0.05
0.05
0.05
0.05
0.05
0.05
0.05
0.05
0.05
0.05
0.05
0.05
0.05
0.05
0.05
0.05
0.05
0.05
0.05
0.05
0.05
0.05
0.05
0.05
0.05
0.05
0.05
0.05
0.05
0.05
0.05
0.05
0.05
0.05
0.05
0.05
0.05
0.05
0.05
0.05
0.05
0.05
0.05
0.05
0.05
0.05
0.05
0.05
0.05
0.05
0.05
0.05
0.05
0.05
0.05
0.05
0.05
0.05
0.05
0.05
0.05
0.05
0.05
0.05
0.05
0.05
0.05
0.05
0.05
0.05
0.05
0.05
0.05
0.05
0.05
0.05
0.05
0.05
0.05
0.05
0.05
0.05
0.05
0.05
0.05
0.05
0.05
0.05
0.05
0.05
0.05
0.05
0.05
0.05
0.05
0.05
0.05
0.05
0.05
0.05
0.05
0.05
0.05
0.05
0.05
0.05
0.05
0.05
0.05
0.05
0.05
0.05
0.05
0.05
0.05
0.05
0.05
0.05
0.05
0.05
0.05
0.05
0.05
0.05
0.05
0.05
0.05
0.05
0.05
0.05
0.05
0.05
0.05
0.05
0.05
0.05
0.05
0.05
0.05
0.05
0.05
0.05
0.05
0.05
0.05
0.05
0.05
0.05
0.05
0.05
0.05
0.05
0.05
0.05
0.05
0.05
0.05
0.05
0.05
0.05
0.05
0.05
0.05
0.05
0.05
0.05
0.05
0.05
0.05
0.05
0.05
0.05
0.05
0.05
0.05
0.05
0.05
0.05
0.05
0.05
0.05
0.05
0.05
0.05
0.05
0.05
0.05
0.05
0.05
0.05
0.05
0.05
0.05
0.05
0.05
0.05
0.05
0.05
0.05
0.05
0.05
0.05
0.05
0.05
0.05
0.05
0.05
0.05
0.05
0.05
0.05
0.05
0.05
0.05
0.05
0.05
0.05
0.05
0.05
0.05
0.05
0.05
0.05
0.05
0.05
0.05
0.05
0.05
0.05
0.05
0.05
0.05
0.05
0.05
0.05
0.05
0.05
0.05
0.05
0.05
0.05
0.05
0.05
0.05
0.05
0.05
0.05
0.05
0.05
0.05
0.05
0.05
0.05
0.05
0.05
0.05
0.05
0.05
0.05
0.05
0.05
0.05
0.05
0.05
0.05
0.05
0.05
0.05
0.05
0.05
0.05
0.05
0.05
0.05
0.05
0.05
0.05
0.05
0.05
0.05
0.05
0.05
0.05
0.05
0.05
0.05
0.05
0.05
0.05
0.05
0.05
0.05
0.05
0.05
0.05
0.05
0.05
0.05
0.05
0.05
0.05
0.05
0.05
0.05
0.05
0.05
0.05
0.05
0.05
0.05
0.05
0.05
0.05
0.05
0.05
0.05
0.05
0.05
0.05
0.05
0.05
0.05
0.05
0.05
0.05
0.05
0.05
0.05
0.05
0.05
0.05
0.05
0.05
0.05
0.05
0.05
0.05
0.05
0.05
0.05
0.05
0.05
0.05
0.05
0.05
0.05
0.05
0.05
0.05
0.05
0.05
0.05
0.05
0.05
0.05
0.05
0.05
0.05
0.05
0.05
0.05
0.05
0.05
0.05
0.05
0.05
0.05
0.05
0.05
0.05
0.05
0.05
0.05
0.05
0.05
0.05
0.05
0.05
0.05
0.05
0.05
0.05
0.05
0.05
0.05
0.05
0.05
0.05
0.05
0.05
0.05
0.05
0.05
0.05
0.05
0.05
0.05
0.05
0.05
0.05
0.05
0.05
0.05
0.05
0.05
0.05
0.05
0.05
0.05
0.05
0.05
0.05
0.05
0.05
0.05
0.05
0.05
0.05
0.05
0.05
0.05
0.05
0.05
0.05
0.05
0.05
0.05
0.05
0.05
0.05
0.05
0.05
0.05
0.05
0.05
0.05
0.05
0.05
0.05
0.05
0.05
0.05
0.05
0.05
0.05
0.05
0.05
0.05
0.05
0.05
0.05
0.05
0.05
0.05
0.05
0.05
0.05
0.05
0.05
0.05
0.05
0.05
0.05
0.05
0.05
0.05
0.05
0.05
0.05
0.05
0.05
0.05
0.05
0.05
0.05
0.05
0.05
0.05
0.05
0.05
0.05
0.05
0.05
0.05
0.05
0.05
0.05
0.05
0.05
0.05
0.05
0.05
0.05
0.05
0.05
0.05
0.05
0.05
0.05
0.05
0.05
0.05
0.05
0.05
0.05
0.05
0.05
0.05
0.05
0.05
0.05
0.05
0.05
0.05
0.05
0.05
0.05
0.05
0.05
0.05
0.05
0.05
0.05
0.05
0.05
0.05
0.05
0.05
0.05
0.05
0.05
0.05
0.05
0.05
0.05
0.05
0.05
0.05
0.05
0.05
0.05
0.05
0.05
0.05
0.05
0.05
0.05
0.05
0.05
0.05
0.05
0.05
0.05
0.05
0.05
0.05
0.05
0.05
0.05
0.05
0.05
0.05
0.05
0.05
0.05
0.05
0.05
0.05
0.05
0.05
0.05
0.05
0.05
0.05
0.05
0.05
0.05
0.05
0.05
0.05
0.05
0.05
0.05
0.05
0.05
0.05
0.05
0.05
0.05
0.05
0.05
0.05
0.05
0.05
0.05
0.05
0.05
0.05
0.05
0.05
0.05
0.05
0.05
0.05
0.05
0.05
0.05
0.05
0.05
0.05
0.05
0.05
0.05
0.05
0.05
0.05
0.05
0.05
0.05
0.05
0.05
0.05
0.05
0.05
0.05
0.05
0.05
0.05
0.05
0.05
0.05
0.05
0.05
0.05
0.05
0.05
0.05
0.05
0.05
0.05
0.05
0.05
0.05
0.05
0.05
0.05
0.05
0.05
0.05
0.05
0.05
0.05
0.05
0.05
0.05
0.05
0.05
0.05
0.05
0.05
0.05
0.05
0.05
0.05
0.05
0.05
0.05
0.05
0.05
0.05
0.05
0.05
0.05
0.05
0.05
0.05
0.05
0.05
0.05
0.05
0.05
0.05
0.05
0.05
0.05
0.05
0.05
0.05
0.05
0.05
0.05
0.05
0.05
0.05
0.05
0.05
0.05
0.05
0.05
0.05
0.05
0.05
0.05
0.05
0.05
0.05
0.05
0.05
0.05
0.05
0.05
0.05
0.05
0.05
0.05
0.05
0.05
0.05
0.05
0.05
0.05
0.05
0.05
0.05
0.05
0.05
0.05
0.05
0.05
0.05
0.05
0.05
0.05
0.05
0.05
0.05
0.05
0.05
0.05
0.05
0.05
0.05
0.05
0.05
0.05
0.05
0.05
0.05
0.05
0.05
0.05
0.05
0.05
0.05
0.05
0.05
0.05
0.05
0.05
0.05
0.05
0.05
0.05
0.05
0.05
0.05
0.05
0.05
0.05
0.05
0.05
0.05
0.05
0.05
0.05
0.05
0.05
0.05
0.05
0.05
0.05
0.05
0.05
0.05
0.05
0.05
0.05
0.05
0.05
0.05
0.05
0.05
0.05
0.05
0.05
0.05
0.05
0.05
0.05
0.05
0.05
0.05
0.05
0.05
0.05
0.05
0.05
0.05
0.05
0.05
0.05
0.05
0.05
0.05
0.05
0.05
0.05
0.05
0.05
0.05
0.05
0.05
0.05
0.05
0.05
0.05
0.05
0.05
0.05
0.05
0.05
0.05
0.05
0.05
0.05
0.05
0.05
0.05
0.05
0.05
0.05
0.05
0.05
0.05
0.05
0.05
0.05
0.05
0.05
0.05
0.05
0.05
0.05
0.05
0.05
0.05
0.05
0.05
0.05
0.05
0.05
0.05
0.05
0.05
0.05
0.05
0.05
0.05
0.05
0.05
0.05
0.05
0.05
0.05
0.05
0.05
0.05
0.05
0.05
0.05
0.05
0.05
0.05
0.05
0.05
0.05
0.05
0.05
0.05
0.05
0.05
0.05
0.05
0.05
0.05
0.05
0.05
0.05
0.05
0.05
0.05
0.05
0.05
0.05
0.05
0.05
0.05
0.05
0.05
0.05
0.05
0.05
0.05
0.05
0.05
0.05
0.05
0.05
0.05
0.05
0.05
0.05
0.05
0.05
0.05
0.05
0.05
0.05
0.05
0.05
0.05
0.05
0.05
0.05
0.05
0.05
0.05
0.05
0.05
0.05
0.05
0.05
0.05
0.05
0.05
0.05
0.05
0.05
0.05
0.05
0.05
0.05
0.05
0.05
0.05
0.05
0.05
0.05
0.05
0.05
0.05
0.05
0.05
0.05
0.05
0.05
0.05
0.05
0.05
0.05
0.05
0.05
0.05
0.05
0.05
0.05
0.05
0.05
0.05
0.05
0.05
0.05
0.05
0.05
0.05
0.05
0.05
0.05
0.05
0.05
0.05
0.05
0.05
0.05
0.05
0.05
0.05
0.05
0.05
0.05
0.05
0.05
0.05
0.05
0.05
0.05
0.05
0.05
0.05
0.05
0.05
0.05
0.05
0.05
0.05
0.05
0.05
0.05
0.05
0.05
0.05
0.05
0.05
0.05
0.05
0.05
0.05
0.05
0.05
0.05
0.05
0.05
0.05
0.05
0.05
0.05
0.05
0.05
0.05
0.05
0.05
0.05
0.05
0.05
0.05
0.05
0.05
0.05
0.05
0.05
0.05
0.05
0.05
0.05
0.05
0.05
0.05
0.05
0.05
0.05
0.05
0.05
0.05
0.05
0.05
0.05
0.05
0.05
0.05
0.05
0.05
0.05
0.05
0.05
0.05
0.05
0.05
0.05
0.05
0.05
0.05
0.05
0.05
0.05
0.05
0.05
0.05
0.05
0.05
0.05
0.05
0.05
0.05
0.05
0.05
0.05
0.05
0.05
0.05
0.05
0.05
0.05
0.05
0.05
0.05
0.05
0.05
0.05
0.05
0.05
0.05
0.05
0.05
0.05
0.05
0.05
0.05
0.05
0.05
0.05
0.05
0.05
0.05
0.05
0.05
0.05
0.05
0.05
0.05
0.05
0.05
0.05
0.05
0.05
0.05
0.05
0.05
0.05
0.05
0.05
0.05
0.05
0.05
0.05
0.05
0.05
0.05
0.05
0.05
0.05
777777