1.24909
999999
0.00236922
-0.148951
0.0946801
-0.0716981
0.0855229
0.024492
0.0699679
-0.0290029
-0.117403
0.0535577
0.0608774
-0.10904
-0.123125
-0.0984675
0.139585
0.00685828
-0.013251
0.053689
0.128134
0.0236592
0.0930948
-0.0217832
-0.00163532
-0.113092
0.104658
-0.186926
0.185211
-0.120128
-0.0482024
-0.17965
-0.0678804
-0.13673
0.182451
-0.088113
-0.164036
-0.0256825
0.0898909
-0.0441269
0.159202
-0.111411
0.140634
-0.153195
0.167699
0.00546664
-0.0339139
-0.0847904
0.0830208
-0.170217
0.123263
-0.139835
-0.114538
0.0308129
0.00212403
-0.0576791
-0.0957833
-0.0654491
-0.194642
0.0278586
0.0461305
-0.00162457
-0.0791504
0.198103
-0.153087
0.144385
0.192387
0.121908
-0.0815577
-0.0965283
-0.0645503
0.15773
-0.152026
-0.0363083
0.00925966
-0.00807239
-0.117823
-0.0102337
-0.196286
0.157009
-0.0203317
-0.138893
0.0574486
0.176289
-0.063864
-0.14761
0.189056
0.029621
-0.0162272
0.1656
-0.14546
-0.0950284
-0.112889
-0.0616457
0.0801533
-0.134465
-0.082515
0.0588352
-0.00111691
0.0721534
0.0389089
0.0428178
-0.198847
-0.0561146
0.115641
0.131787
0.143165
-0.15539
0.0541757
-0.188254
-0.169399
0.0612036
-0.110282
0.0441536
0.132746
0.191453
-0.193186
-0.127546
0.0504281
0.140649
0.194413
0.072572
0.0533027
-0.0431145
0.0281345
-0.130119
0.122481
-0.0666514
0.0361839
-0.103621
0.00844437
-0.114768
-0.193042
-0.169915
0.0941119
-0.121142
0.0943638
-0.0787498
0.0710282
-0.101326
0.192652
-0.159118
-0.124067
-0.071189
-0.131229
-0.060201
-0.164445
-0.106538
-0.0285032
0.189826
0.145265
0.160075
-0.0361946
0.0336278
0.165745
0.0953199
-0.0283884
-0.150009
-0.156672
0.110532
-0.0919805
0.12328
-0.0975821
-0.0673074
-0.081617
-0.0911932
0.00891218
-0.152489
0.0306981
0.195264
-0.137755
0.167258
0.055429
0.181058
-0.145705
0.183294
-0.149877
0.00524494
-0.0509439
-0.191707
-0.0395286
0.0981375
-0.0895815
-0.0584981
-0.0956671
0.0411615
0.0715181
-0.104385
-0.146461
0.0316711
0.18547
-0.00909241
0.039277
-0.113127
0.0710512
-0.188361
-0.158398
0.117286
0.0330374
0.0325031
5.41376e-05
0.190721
0.116283
0.0330237
-0.192819
-0.0258112
0.0733384
-0.0206861
0.121504
-0.0551323
-0.127677
0.0802758
-0.167505
0.0998716
-0.169238
0.193237
0.108609
-0.052387
-0.10728
0.13494
0.068516
0.0511587
-0.165094
0.050578
0.0702319
-0.114421
0.134242
-0.162542
-0.0974563
-0.0280358
-0.0110403
-0.0576632
-0.169839
-0.0220636
-0.113479
-0.0805598
0.180976
0.0790982
0.0610767
-0.0790802
0.00166308
-0.0804117
-0.0650721
-0.0675129
0.178158
0.0936568
-0.0980266
-0.102669
0.0862671
-0.0662806
-0.0902165
0.11301
0.135767
0.177233
0.123582
-0.0328661
-0.162744
-0.00913576
0.0126628
0.0269133
0.16538
0.0868995
0.0898084
-0.0290135
0.0986996
-0.0348774
0.0123644
-0.194767
-0.0978916
0.0408597
-0.184646
-0.0500566
0.0774354
-0.146314
-0.0917915
0.152488
0.0887968
0.008432
-0.149467
-0.013378
0.115758
0.0632821
-0.16283
-0.0108833
0.17623
0.0656406
0.0177797
-0.194667
0.073283
-0.0467293
0.0336818
0.162195
-0.04123
-0.150917
0.094304
-0.0519049
-0.0875066
-0.108474
-0.0929431
-0.0871692
-0.160438
0.14761
0.00499177
0.127676
-0.105347
0.0212534
-0.150982
0.069674
-0.076722
0.180346
0.135717
0.164455
0.178247
-0.185539
0.087774
0.077613
-0.0128636
-0.0448289
-0.0581889
-0.180348
-0.130725
0.0354938
0.148186
0.00703995
0.067989
-0.112462
0.17031
-0.0752443
0.0831215
-0.194894
0.0636527
0.080019
-0.198507
-0.152087
0.0225755
-0.175084
-0.0641136
-0.0721932
-0.0387437
0.178112
0.182201
0.157749
0.0227295
0.187934
0.117521
0.146557
-0.0378559
-0.114408
0.193584
-0.119967
-0.0891064
0.123542
-0.170746
0.0771624
0.0681472
0.15756
-0.0981181
-0.191848
-0.110652
0.000380283
0.0607158
-0.0706649
0.133589
-0.140605
-0.171954
0.0432373
0.145301
-0.187632
0.0910898
-0.118511
0.173529
0.0729921
0.189782
0.0853024
0.104894
0.111786
0.162009
-0.138039
-0.0821305
0.0402989
-0.156526
0.0898444
-0.137969
0.0192927
0.0783949
-0.198545
0.0910088
-0.136664
0.00595012
-0.0803906
0.184186
0.0786237
-0.114455
-0.166565
-0.0111519
0.0705986
-0.181911
0.0781383
-0.0169058
0.177212
-0.150061
-0.042676
0.198542
0.0244346
-0.154007
-0.0732129
-0.147549
0.100607
-0.113012
-0.0113869
0.0557513
0.157861
0.053992
-0.0905018
0.194096
-0.119898
-0.0821397
-0.148089
-0.172175
-0.0286608
0.0300905
-0.0334885
-0.0681153
0.00999651
-0.112474
0.146757
0.0841045
0.167668
0.143107
0.197462
0.124942
-0.187589
-0.0878718
0.130736
-0.0806597
-0.143578
-0.125097
0.187102
-0.0230976
0.101684
0.0822454
0.0382738
-0.0840372
0.0413003
-0.0568881
0.0273491
-0.0299368
-0.18017
0.0457154
0.164269
-0.191299
0.0951213
0.0540268
-0.153568
-0.167248
-0.184552
-0.114085
0.177233
0.115724
0.134067
0.0351364
-0.0257949
0.0822742
-0.00523159
0.163803
0.0751528
-0.0581518
0.179066
-0.038824
-0.050809
-0.19324
0.00906461
0.0156199
0.168284
0.010055
-0.044672
-0.0991441
0.0643271
0.182486
-0.191724
-0.161256
0.0543771
0.0574362
0.194597
-0.0933244
0.0833618
-0.160092
0.156594
-0.00523103
-0.0861389
0.117261
0.121573
0.0410053
0.0678899
0.0808379
0.154566
0.00656831
0.129101
-0.123564
-0.116424
0.091379
0.146131
0.0344081
-0.184448
-0.0239206
0.177836
-0.0152609
-0.0773705
0.151277
-0.0835505
0.112507
-0.185048
0.0972754
0.0383636
-0.00156381
0.160165
-0.126375
0.168424
-0.0541539
-0.0721498
-0.0303635
-0.000220132
0.112852
0.000204082
-0.0573542
-0.197871
-0.0242632
-0.121302
0.184468
0.0753305
-0.171129
0.149771
0.0560119
0.11746
-0.135057
-0.156514
-0.0842547
0.0683809
-0.161581
-0.0279874
0.183624
-0.111172
0.124672
0.115098
-0.16689
-0.16742
-0.0126645
0.0685985
-0.12799
0.0618389
0.127277
0.161226
0.132513
-0.00949429
-0.1995
0.0162473
-0.134872
-0.0127747
-0.102626
0.106132
0.176112
-0.139313
-0.0472811
0.151375
0.0771242
-0.158004
0.190097
0.135217
0.0885235
-0.10008
-0.111629
0.166469
0.0291243
0.0614869
-0.0152176
0.0878299
0.193942
0.0753854
-0.163895
-0.142433
-0.175637
-0.0887827
0.16882
0.18344
0.0293026
0.128943
0.134499
0.012357
0.0131281
0.181471
0.110183
0.156652
-0.17622
-0.130262
0.189297
0.19978
-0.188992
-0.105796
0.0897918
0.0367045
-0.0494826
0.101965
0.140779
0.0684906
0.146075
-0.197376
0.04964
0.000120337
-0.124311
-0.0445704
0.0259099
0.148466
-0.197064
0.165609
-0.134403
0.17009
-0.169357
-0.14605
0.0503719
-0.163745
0.00662747
0.0165816
0.172025
0.153656
-0.10922
0.141584
0.0694097
-0.19363
0.167683
-0.0979313
-0.0174377
-0.177815
0.0288949
0.00412483
-0.160895
0.0581307
0.0103244
-0.180372
-0.00125496
-0.00140008
-0.141473
0.00797944
0.0802445
0.0742709
-0.0687603
-0.0817797
-0.0391831
0.0709327
-0.0969541
0.116707
0.101211
0.00477051
0.142915
-0.0799229
-0.163368
-0.157886
0.114573
0.118788
0.0339141
0.1842
-0.0943966
-0.0708951
0.0143958
-0.11583
0.0613537
-0.174258
-0.0172122
-0.186283
-0.185569
0.0412616
0.155057
0.0263218
0.0971853
0.0130542
-0.109714
-0.0768406
-0.15971
-0.133963
-0.158537
-0.157616
-0.040562
0.0924244
0.0269242
-0.0865044
0.0235039
-0.187601
-0.00381513
-0.0711093
0.0752076
0.139299
0.0841655
-0.0082813
0.178637
0.0229188
-0.127035
-0.0299254
0.0406577
-0.129273
0.160286
0.123061
0.151146
0.162159
-0.0712928
-0.0763606
0.110217
0.0170592
0.0833198
0.195748
0.157182
-0.103031
-0.126169
-0.10371
-0.0770192
-0.197962
-0.158975
0.123736
0.139012
0.19566
-0.108269
0.00417465
0.0505397
0.0283766
-0.0253001
-0.0909034
0.0570115
0.0177201
0.0558351
-0.000211721
-0.121721
0.0340469
0.160959
-0.0445247
0.113765
0.181351
0.107543
-0.0628874
0.157573
-0.0498615
-0.0893347
0.111438
-0.128557
-0.170572
0.110991
0.0127069
-0.0596178
0.0367024
-0.0606189
-0.118356
0.053893
0.154352
-0.0808931
0.0331172
0.177812
0.176333
-0.00243532
-0.133279
0.075158
0.0888521
-0.17412
0.00117647
0.187497
0.0248202
-0.0918729
0.184489
-0.173917
-0.0965227
0.160194
-0.117049
-0.185806
0.0650836
0.099517
0.161752
-0.123221
-0.0391705
-0.107278
-0.0872806
0.0114477
0.0107527
0.0601533
-0.144347
-0.135506
-0.0511499
-0.0831168
0.0941699
0.0387138
0.0386316
-0.119631
-0.030246
0.0864273
0.00929901
-0.176992
0.0806269
-0.00316489
-0.0549651
-0.101865
0.0699138
-0.0325929
0.124387
-0.182873
0.168608
-0.0846879
-0.174515
-0.175021
-0.0922677
-0.178922
-0.0228826
-0.0829434
-0.0764119
-0.164052
-0.0668995
-0.189309
-0.143824
0.0107724
-0.108848
0.104276
0.110122
0.0701396
-0.0662404
-0.0592008
0.159574
-0.0938088
-0.108365
0.170021
0.0907847
-0.0878775
0.000245729
0.153288
-0.0288882
0.176756
0.0990753
-0.150192
0.0241972
0.174997
0.105295
-0.043463
-0.0814186
-0.0382176
-0.0120505
0.0489833
-0.197652
-0.177425
0.141483
0.160952
-0.157052
-0.0643407
-0.0268967
0.017906
0.157097
0.0600784
0.108037
0.177285
-0.119114
0.0296109
0.00476407
-0.0788987
0.188789
-0.017678
0.160607
-0.0621581
-0.176252
0.132752
-0.0102536
-0.138316
0.0798447
-0.150703
0.054373
-0.158278
-0.0754147
0.0821148
-0.157755
-0.189031
-0.167137
-0.0807675
-0.114439
0.18216
0.119549
0.187933
0.0269708
-0.0164452
0.183826
-0.0432014
0.184473
-0.0554772
-0.163742
-0.143492
0.070451
0.176867
0.184801
-0.189742
-0.0277919
0.174084
0.088583
-0.0235088
-0.172352
0.12032
0.0112924
0.0355691
-0.18318
0.0588287
0.125583
-0.0852529
-0.126021
0.0261111
0.143823
0.188618
-0.0770532
0.0142515
-0.0362417
-0.134398
-0.182721
-0.0259356
-0.14294
0.029398
0.193361
0.152814
-0.00537646
0.0260974
-0.0604374
-0.152017
-0.155784
-0.0876107
0.0547287
0.0151548
0.130004
0.0909151
-0.04923
-0.153058
-0.127783
0.0432886
-0.141036
0.0157926
-0.100202
0.0700609
-0.195907
0.0512531
-0.0340099
-0.00791715
-0.069488
-0.179703
0.123261
-0.0261489
-0.166696
0.0380732
-0.0862798
-0.117502
-0.0219953
0.126373
-0.0128311
-0.147313
-0.0214494
0.0544705
-0.0576626
-0.0138105
-0.127227
-0.0564008
0.0268992
0.0184839
0.134045
-0.0943188
-0.0736331
0.154644
-0.0592108
0.0573476
-0.100437
0.0444379
0.00892314
0.171459
-0.0851866
-0.132184
0.153036
-0.0931436
0.0815483
0.116734
-0.0708374
0.0787593
-0.107009
0.0395158
0.061835
-0.0460391
0.173395
-0.0368948
0.0773386
-0.0718259
-0.115013
0.173746
0.146939
0.0420427
0.0201233
0.161643
0.121177
0.00460711
-0.179303
-0.199361
0.027309
-0.125008
0.0692069
0.13997
0.00242887
0.00534737
0.147098
0.0850742
-0.107247
0.022546
0.0426346
0.024276
0.131152
-0.192412
-0.110827
0.115254
-0.037364
0.0529992
-0.159503
0.114772
-0.12792
-0.0233791
0.0202887
0.067188
-0.148477
0.0035665
-0.0564675
0.120596
0.0712874
-0.159553
0.0430328
0.117203
-0.0280317
0.114731
0.109323
-0.197189
-0.0473282
0.107603
-0.00735361
0.0904103
0.0284178
0.0384797
0.149272
-0.168659
-0.12457
-0.19917
-0.0487366
0.0341175
0.103248
-0.197999
0.0235305
0.100092
0.148236
-0.194871
0.00999097
-0.0137633
0.189133
-0.04227
0.118075
-0.104439
-0.148285
-0.154044
0.144565
-0.00877095
0.150385
-0.0292964
-0.0232762
-0.050779
0.137246
-0.172901
0.0182456
0.168422
0.104371
-0.106108
-0.0966151
-0.165447
0.0895218
-0.0123477
0.0127874
-0.0442768
0.0871207
-0.168832
-0.12676
0.152547
0.043568
-0.0510737
0.193547
-0.18869
-0.0270509
0.0535673
-0.192495
0.17117
-0.100556
-0.0218864
0.0110008
-0.0802534
-0.0145113
-0.159433
-0.00125638
0.119859
0.157642
0.0352531
-0.00198029
0.191182
0.026448
-0.136907
0.158117
0.102899
0.070656
0.133167
0.109334
0.00542734
-0.17085
0.0808475
-0.195955
-0.126638
0.0804985
0.144642
-0.14551
-0.139793
0.0825211
-0.127043
0.0189837
-0.145154
0.066197
0.0839568
0.178038
0.180379
0.13846
0.147023
0.0769276
-0.0492794
0.191163
-0.153614
0.0565807
-0.0978991
0.124531
-0.00620167
0.119381
-0.117191
-0.157885
0.15698
-0.161086
0.0439994
-0.174959
0.000551062
-0.184449
0.0394317
-0.135383
0.00461642
0.145064
0.0984505
0.0592684
-0.101089
-0.0247099
0.0169637
0.198667
0.113591
-0.163033
-0.095803
0.0273194
-0.179738
-0.127115
-0.119187
0.0133756
-0.024151
0.0677382
0.136759
-0.193273
0.0154716
0.0204599
0.0105349
-0.128928
-0.139317
-0.116101
0.178224
-0.130441
0.0295717
-0.167976
0.12481
-0.0659314
-0.0774593
-0.166813
-0.155243
-0.163538
0.0286043
-0.0575899
-0.0644626
0.0596168
0.0207888
-0.0675854
-0.152693
-0.107348
0.0132803
-0.128572
-0.0848581
0.0939182
-0.0607434
-0.155965
0.0176945
-0.0506865
-0.115261
-0.173829
-0.139211
-0.106618
0.04037
0.158335
0.0542294
-0.00400102
-0.189573
0.0290095
-0.0286909
-0.106008
0.132748
-0.0374215
0.148882
0.0171353
-0.195036
0.172195
0.0338324
-0.0478702
0.173968
0.199847
-0.0485921
-0.137005
0.112581
-0.0305029
0.127007
0.0548133
0.192807
-0.147864
-0.0443256
-0.192679
-0.159062
0.194013
-0.00243888
-0.118556
-0.0450124
-0.0195211
0.105855
-0.192245
0.115213
0.0180514
-0.0883756
0.161247
-0.0404222
0.0667737
0.0912057
0.0961197
0.0527785
-0.137094
0.00956933
-0.100914
0.00112673
0.140011
-0.105301
-0.178972
-0.163764
0.0531639
-0.0288592
-0.0899468
-0.0664209
-0.0528242
0.115432
0.147747
-0.13032
-0.0456614
-0.196399
-0.12047
-0.187857
0.059137
0.194306
0.00621462
-0.171732
0.160276
-0.088368
0.0442381
0.157503
0.131472
0.125475
-0.164984
0.0554739
-0.0152908
-0.0813849
0.164885
0.102199
-0.0685831
0.0371009
0.0817446
0.123824
-0.0277229
-0.0337807
-0.0578064
-0.0476064
0.0946986
0.0540419
-0.107837
0.0641115
0.0711349
-0.0779952
0.0339544
0.137175
0.0561337
0.177283
-0.0949767
0.0413025
0.192916
-0.0762846
0.10012
0.0985845
-0.0377479
0.140396
0.165366
-0.0148101
-0.0639381
0.04403
-0.133369
-0.149173
0.132076
-0.0432382
0.0858029
0.120209
0.166736
0.0637427
0.198307
0.188686
-0.164416
-0.185498
0.149029
-0.0997155
-0.0591603
-0.0440363
-0.129654
0.0505747
0.127892
-0.0892467
0.186586
0.14467
0.0357578
-0.0459948
-0.0808596
-0.163191
0.083673
0.184205
-0.116988
-0.0317394
-0.160246
0.172827
0.0071405
0.078039
-0.0222056
0.068324
0.104323
-0.188354
0.0479515
-0.143671
-0.13057
0.0223818
-0.0787643
0.0657297
0.129119
0.0525997
0.076874
0.160855
0.154046
-0.167789
-0.15848
-0.0270968
-0.107611
0.129271
0.197406
0.158459
-0.10077
-0.0233952
0.0764474
-0.0437106
-0.0945497
-0.0603254
-0.145858
-0.112935
0.0845476
0.0565115
0.13162
0.162138
-0.192628
-0.170337
-0.119152
0.112846
0.0534119
-0.0272623
-0.136814
-0.104049
-0.0456636
-0.0943946
0.142742
-0.0615697
0.111538
-0.100125
0.171095
0.0656699
0.178126
-0.134235
-0.0289563
0.0663736
0.172854
-0.0148747
-0.0141507
-0.0975635
0.15118
0.0785651
0.158992
-0.154203
0.114579
0.167381
-0.151129
0.0968538
0.0711922
0.0214321
0.0452884
-0.114681
0.0525893
0.137272
-0.0742623
-0.116015
-0.172302
0.0954449
-0.153083
0.137468
0.0242486
0.160839
-0.0764268
0.00635904
0.000264132
0.182759
-0.057191
-0.113571
-0.096657
0.0180441
0.0229377
0.0792958
0.158391
-0.0307058
0.170015
0.190635
-0.168535
-0.0712219
0.19144
0.155075
0.0217912
-0.0861845
-0.0324302
-0.060906
-0.0273598
0.0740958
-0.0214253
0.172524
-0.105365
-0.0273559
0.0505425
-0.147854
0.05318
-0.0180399
-0.0851342
0.190059
-0.00566778
0.173165
-0.00254449
-0.00371142
0.121669
-0.000687421
0.126726
0.0810291
0.141471
0.18342
0.105506
0.174942
0.0634529
0.116782
-0.164555
0.0225455
0.0067094
-0.058766
-0.0788069
-0.121627
0.0854542
-0.0331851
-0.105517
-0.0744952
0.0957742
0.0472463
-0.0994946
-0.159258
0.00384592
0.0389043
0.167725
-0.0308125
-0.123365
0.172333
-0.0837535
0.00832316
0.0170108
0.0366857
0.156787
-0.123776
-0.191851
-0.0153913
0.0389292
-0.127431
-0.0335472
-0.079341
-0.152809
0.145245
-0.0324817
-0.140511
-0.195414
-0.0759941
0.135451
0.0679301
-0.191866
0.0439171
0.183731
0.0150721
0.0441373
0.0830198
-0.00130197
0.0723434
0.0921134
0.067816
0.10208
-0.0960897
0.100695
-0.0441193
0.09847
-0.0299492
-0.191388
-0.188754
-0.154764
-0.00298374
0.10109
-0.143306
0.0924166
0.0808818
0.179814
0.15024
-0.197296
0.0992828
0.176132
-0.143712
0.187033
-0.000847404
0.0349117
-0.114184
-0.0856867
-0.190177
0.0419133
-0.137335
0.119298
0.0601873
0.0672209
-0.0136287
0.175183
0.135624
-0.194982
-0.129336
0.0538853
-0.19423
0.174553
-0.0698761
0.189036
0.0332501
0.0191982
-0.0476014
0.176537
-0.086203
-0.142815
-0.138966
-0.0538118
-0.146726
0.0184203
-0.0587814
0.178759
-0.0157901
-0.103812
-0.110023
0.109649
-0.0882715
0.0720579
-0.18447
0.142545
-0.192474
-0.158274
-0.109699
0.167698
-0.176529
-0.074647
-0.0182591
-0.126269
-0.0769566
0.0737116
-0.154695
-0.12202
0.142633
-0.16062
-0.186327
0.171637
0.113516
-0.182532
0.0684846
0.187967
-0.117683
0.0532687
0.16499
-0.00287155
0.111226
-0.00245237
0.197046
-0.00285781
0.105104
0.151463
0.170091
0.0414772
-0.0688899
0.0249718
0.199528
-0.0879926
-0.101213
0.0874297
0.0799174
0.152797
-0.0855841
-0.182352
0.00412935
0.0994852
-0.00271898
0.146996
0.0535246
-0.0878129
-0.0984832
0.112583
-0.168188
-0.0520913
-0.134327
-0.0186955
-0.0598635
0.118044
0.118128
-0.0973972
-0.0742648
0.182989
-0.152491
0.101813
-0.0741459
-0.00668818
-0.0465158
-0.194612
-0.107301
0.0884635
0.0194344
0.16681
0.129487
0.0847159
-0.173808
0.114197
0.189049
-0.0662475
-0.0015316
0.178902
-0.0250844
0.173941
-0.1935
-0.150369
-0.0364091
-0.126421
-0.172531
0.0569432
0.123043
0.153212
0.107635
-0.198751
-0.000543281
-0.1612
0.139382
-0.0543745
-0.00483947
7.56196e-05
0.158899
0.179733
-0.115431
-0.0243713
-0.117533
-0.189516
-0.185775
-0.0984253
-0.18982
-0.131434
-0.191897
0.175224
0.0579711
-0.032776
0.172407
-0.143638
0.0373498
-0.116998
-0.044232
-0.050478
0.0108747
0.0925282
-0.0801598
-0.0763503
-0.0788518
0.133476
-0.173341
0.000290187
0.055532
-0.0716437
0.0679627
-0.0242616
-0.0630905
-0.095493
0.111612
0.177111
0.185672
-0.0351314
-0.191095
-0.113336
0.0380514
0.140152
0.0725226
0.0653613
-0.0593814
-0.0972613
888888
0.05
0.05
0.05
0.05
0.05
0.05
0.05
0.05
0.05
0.05
0.05
0.05
0.05
0.05
0.05
0.05
0.05
0.05
0.05
0.05
0.05
0.05
0.05
0.05
0.05
0.05
0.05
0.05
0.05
0.05
0.05
0.05
0.05
0.05
0.05
0.05
0.05
0.05
0.05
0.05
0.05
0.05
0.05
0.05
0.05
0.05
0.05
0.05
0.05
0.05
0.05
0.05
0.05
0.05
0.05
0.05
0.05
0.05
0.05
0.05
0.05
0.05
0.05
0.05
0.05
0.05
0.05
0.05
0.05
0.05
0.05
0.05
0.05
0.05
0.05
0.05
0.05
0.05
0.05
0.05
0.05
0.05
0.05
0.05
0.05
0.05
0.05
0.05
0.05
0.05
0.05
0.05
0.05
0.05
0.05
0.05
0.05
0.05
0.05
0.05
0.05
0.05
0.05
0.05
0.05
0.05
0.05
0.05
0.05
0.05
0.05
0.05
0.05
0.05
0.05
0.05
0.05
0.05
0.05
0.05
0.05
0.05
0.05
0.05
0.05
0.05
0.05
0.05
0.05
0.05
0.05
0.05
0.05
0.05
0.05
0.05
0.05
0.05
0.05
0.05
0.05
0.05
0.05
0.05
0.05
0.05
0.05
0.05
0.05
0.05
0.05
0.05
0.05
0.05
0.05
0.05
0.05
0.05
0.05
0.05
0.05
0.05
0.05
0.05
0.05
0.05
0.05
0.05
0.05
0.05
0.05
0.05
0.05
0.05
0.05
0.05
0.05
0.05
0.05
0.05
0.05
0.05
0.05
0.05
0.05
0.05
0.05
0.05
0.05
0.05
0.05
0.05
0.05
0.05
0.05
0.05
0.05
0.05
0.05
0.05
0.05
0.05
0.05
0.05
0.05
0.05
0.05
0.05
0.05
0.05
0.05
0.05
0.05
0.05
0.05
0.05
0.05
0.05
0.05
0.05
0.05
0.05
0.05
0.05
0.05
0.05
0.05
0.05
0.05
0.05
0.05
0.05
0.05
0.05
0.05
0.05
0.05
0.05
0.05
0.05
0.05
0.05
0.05
0.05
0.05
0.05
0.05
0.05
0.05
0.05
0.05
0.05
0.05
0.05
0.05
0.05
0.05
0.05
0.05
0.05
0.05
0.05
0.05
0.05
0.05
0.05
0.05
0.05
0.05
0.05
0.05
0.05
0.05
0.05
0.05
0.05
0.05
0.05
0.05
0.05
0.05
0.05
0.05
0.05
0.05
0.05
0.05
0.05
0.05
0.05
0.05
0.05
0.05
0.05
0.05
0.05
0.05
0.05
0.05
0.05
0.05
0.05
0.05
0.05
0.05
0.05
0.05
0.05
0.05
0.05
0.05
0.05
0.05
0.05
0.05
0.05
0.05
0.05
0.05
0.05
0.05
0.05
0.05
0.05
0.05
0.05
0.05
0.05
0.05
0.05
0.05
0.05
0.05
0.05
0.05
0.05
0.05
0.05
0.05
0.05
0.05
0.05
0.05
0.05
0.05
0.05
0.05
0.05
0.05
0.05
0.05
0.05
0.05
0.05
0.05
0.05
0.05
0.05
0.05
0.05
0.05
0.05
0.05
0.05
0.05
0.05
0.05
0.05
0.05
0.05
0.05
0.05
0.05
0.05
0.05
0.05
0.05
0.05
0.05
0.05
0.05
0.05
0.05
0.05
0.05
0.05
0.05
0.05
0.05
0.05
0.05
0.05
0.05
0.05
0.05
0.05
0.05
0.05
0.05
0.05
0.05
0.05
0.05
0.05
0.05
0.05
0.05
0.05
0.05
0.05
0.05
0.05
0.05
0.05
0.05
0.05
0.05
0.05
0.05
0.05
0.05
0.05
0.05
0.05
0.05
0.05
0.05
0.05
0.05
0.05
0.05
0.05
0.05
0.05
0.05
0.05
0.05
0.05
0.05
0.05
0.05
0.05
0.05
0.05
0.05
0.05
0.05
0.05
0.05
0.05
0.05
0.05
0.05
0.05
0.05
0.05
0.05
0.05
0.05
0.05
0.05
0.05
0.05
0.05
0.05
0.05
0.05
0.05
0.05
0.05
0.05
0.05
0.05
0.05
0.05
0.05
0.05
0.05
0.05
0.05
0.05
0.05
0.05
0.05
0.05
0.05
0.05
0.05
0.05
0.05
0.05
0.05
0.05
0.05
0.05
0.05
0.05
0.05
0.05
0.05
0.05
0.05
0.05
0.05
0.05
0.05
0.05
0.05
0.05
0.05
0.05
0.05
0.05
0.05
0.05
0.05
0.05
0.05
0.05
0.05
0.05
0.05
0.05
0.05
0.05
0.05
0.05
0.05
0.05
0.05
0.05
0.05
0.05
0.05
0.05
0.05
0.05
0.05
0.05
0.05
0.05
0.05
0.05
0.05
0.05
0.05
0.05
0.05
0.05
0.05
0.05
0.05
0.05
0.05
0.05
0.05
0.05
0.05
0.05
0.05
0.05
0.05
0.05
0.05
0.05
0.05
0.05
0.05
0.05
0.05
0.05
0.05
0.05
0.05
0.05
0.05
0.05
0.05
0.05
0.05
0.05
0.05
0.05
0.05
0.05
0.05
0.05
0.05
0.05
0.05
0.05
0.05
0.05
0.05
0.05
0.05
0.05
0.05
0.05
0.05
0.05
0.05
0.05
0.05
0.05
0.05
0.05
0.05
0.05
0.05
0.05
0.05
0.05
0.05
0.05
0.05
0.05
0.05
0.05
0.05
0.05
0.05
0.05
0.05
0.05
0.05
0.05
0.05
0.05
0.05
0.05
0.05
0.05
0.05
0.05
0.05
0.05
0.05
0.05
0.05
0.05
0.05
0.05
0.05
0.05
0.05
0.05
0.05
0.05
0.05
0.05
0.05
0.05
0.05
0.05
0.05
0.05
0.05
0.05
0.05
0.05
0.05
0.05
0.05
0.05
0.05
0.05
0.05
0.05
0.05
0.05
0.05
0.05
0.05
0.05
0.05
0.05
0.05
0.05
0.05
0.05
0.05
0.05
0.05
0.05
0.05
0.05
0.05
0.05
0.05
0.05
0.05
0.05
0.05
0.05
0.05
0.05
0.05
0.05
0.05
0.05
0.05
0.05
0.05
0.05
0.05
0.05
0.05
0.05
0.05
0.05
0.05
0.05
0.05
0.05
0.05
0.05
0.05
0.05
0.05
0.05
0.05
0.05
0.05
0.05
0.05
0.05
0.05
0.05
0.05
0.05
0.05
0.05
0.05
0.05
0.05
0.05
0.05
0.05
0.05
0.05
0.05
0.05
0.05
0.05
0.05
0.05
0.05
0.05
0.05
0.05
0.05
0.05
0.05
0.05
0.05
0.05
0.05
0.05
0.05
0.05
0.05
0.05
0.05
0.05
0.05
0.05
0.05
0.05
0.05
0.05
0.05
0.05
0.05
0.05
0.05
0.05
0.05
0.05
0.05
0.05
0.05
0.05
0.05
0.05
0.05
0.05
0.05
0.05
0.05
0.05
0.05
0.05
0.05
0.05
0.05
0.05
0.05
0.05
0.05
0.05
0.05
0.05
0.05
0.05
0.05
0.05
0.05
0.05
0.05
0.05
0.05
0.05
0.05
0.05
0.05
0.05
0.05
0.05
0.05
0.05
0.05
0.05
0.05
0.05
0.05
0.05
0.05
0.05
0.05
0.05
0.05
0.05
0.05
0.05
0.05
0.05
0.05
0.05
0.05
0.05
0.05
0.05
0.05
0.05
0.05
0.05
0.05
0.05
0.05
0.05
0.05
0.05
0.05
0.05
0.05
0.05
0.05
0.05
0.05
0.05
0.05
0.05
0.05
0.05
0.05
0.05
0.05
0.05
0.05
0.05
0.05
0.05
0.05
0.05
0.05
0.05
0.05
0.05
0.05
0.05
0.05
0.05
0.05
0.05
0.05
0.05
0.05
0.05
0.05
0.05
0.05
0.05
0.05
0.05
0.05
0.05
0.05
0.05
0.05
0.05
0.05
0.05
0.05
0.05
0.05
0.05
0.05
0.05
0.05
0.05
0.05
0.05
0.05
0.05
0.05
0.05
0.05
0.05
0.05
0.05
0.05
0.05
0.05
0.05
0.05
0.05
0.05
0.05
0.05
0.05
0.05
0.05
0.05
0.05
0.05
0.05
0.05
0.05
0.05
0.05
0.05
0.05
0.05
0.05
0.05
0.05
0.05
0.05
0.05
0.05
0.05
0.05
0.05
0.05
0.05
0.05
0.05
0.05
0.05
0.05
0.05
0.05
0.05
0.05
0.05
0.05
0.05
0.05
0.05
0.05
0.05
0.05
0.05
0.05
0.05
0.05
0.05
0.05
0.05
0.05
0.05
0.05
0.05
0.05
0.05
0.05
0.05
0.05
0.05
0.05
0.05
0.05
0.05
0.05
0.05
0.05
0.05
0.05
0.05
0.05
0.05
0.05
0.05
0.05
0.05
0.05
0.05
0.05
0.05
0.05
0.05
0.05
0.05
0.05
0.05
0.05
0.05
0.05
0.05
0.05
0.05
0.05
0.05
0.05
0.05
0.05
0.05
0.05
0.05
0.05
0.05
0.05
0.05
0.05
0.05
0.05
0.05
0.05
0.05
0.05
0.05
0.05
0.05
0.05
0.05
0.05
0.05
0.05
0.05
0.05
0.05
0.05
0.05
0.05
0.05
0.05
0.05
0.05
0.05
0.05
0.05
0.05
0.05
0.05
0.05
0.05
0.05
0.05
0.05
0.05
0.05
0.05
0.05
0.05
0.05
0.05
0.05
0.05
0.05
0.05
0.05
0.05
0.05
0.05
0.05
0.05
0.05
0.05
0.05
0.05
0.05
0.05
0.05
0.05
0.05
0.05
0.05
0.05
0.05
0.05
0.05
0.05
0.05
0.05
0.05
0.05
0.05
0.05
0.05
0.05
0.05
0.05
0.05
0.05
0.05
0.05
0.05
0.05
0.05
0.05
0.05
0.05
0.05
0.05
0.05
0.05
0.05
0.05
0.05
0.05
0.05
0.05
0.05
0.05
0.05
0.05
0.05
0.05
0.05
0.05
0.05
0.05
0.05
0.05
0.05
0.05
0.05
0.05
0.05
0.05
0.05
0.05
0.05
0.05
0.05
0.05
0.05
0.05
0.05
0.05
0.05
0.05
0.05
0.05
0.05
0.05
0.05
0.05
0.05
0.05
0.05
0.05
0.05
0.05
0.05
0.05
0.05
0.05
0.05
0.05
0.05
0.05
0.05
0.05
0.05
0.05
0.05
0.05
0.05
0.05
0.05
0.05
0.05
0.05
0.05
0.05
0.05
0.05
0.05
0.05
0.05
0.05
0.05
0.05
0.05
0.05
0.05
0.05
0.05
0.05
0.05
0.05
0.05
0.05
0.05
0.05
0.05
0.05
0.05
0.05
0.05
0.05
0.05
0.05
0.05
0.05
0.05
0.05
0.05
0.05
0.05
0.05
0.05
0.05
0.05
0.05
0.05
0.05
0.05
0.05
0.05
0.05
0.05
0.05
0.05
0.05
0.05
0.05
0.05
0.05
0.05
0.05
0.05
0.05
0.05
0.05
0.05
0.05
0.05
0.05
0.05
0.05
0.05
0.05
0.05
0.05
0.05
0.05
0.05
0.05
0.05
0.05
0.05
0.05
0.05
0.05
0.05
0.05
0.05
0.05
0.05
0.05
0.05
0.05
0.05
0.05
0.05
0.05
0.05
0.05
0.05
0.05
0.05
0.05
0.05
0.05
0.05
0.05
0.05
0.05
0.05
0.05
0.05
0.05
0.05
0.05
0.05
0.05
0.05
0.05
0.05
0.05
0.05
0.05
0.05
0.05
0.05
0.05
0.05
0.05
0.05
0.05
0.05
0.05
0.05
0.05
0.05
0.05
0.05
0.05
0.05
0.05
0.05
0.05
0.05
0.05
0.05
0.05
0.05
0.05
0.05
0.05
0.05
0.05
0.05
0.05
0.05
0.05
0.05
0.05
0.05
0.05
0.05
0.05
0.05
0.05
0.05
0.05
0.05
0.05
0.05
0.05
0.05
0.05
0.05
0.05
0.05
0.05
0.05
0.05
0.05
0.05
0.05
0.05
0.05
0.05
0.05
0.05
0.05
0.05
0.05
0.05
0.05
0.05
0.05
0.05
0.05
0.05
0.05
0.05
0.05
0.05
0.05
0.05
0.05
0.05
0.05
0.05
0.05
0.05
0.05
0.05
0.05
0.05
0.05
0.05
0.05
0.05
0.05
0.05
0.05
0.05
0.05
0.05
0.05
0.05
0.05
0.05
0.05
0.05
0.05
0.05
0.05
0.05
0.05
0.05
0.05
0.05
0.05
0.05
0.05
0.05
0.05
0.05
0.05
0.05
0.05
0.05
0.05
0.05
0.05
0.05
0.05
0.05
0.05
0.05
0.05
0.05
0.05
0.05
0.05
0.05
0.05
0.05
0.05
0.05
0.05
0.05
0.05
0.05
0.05
0.05
0.05
0.05
0.05
0.05
0.05
0.05
0.05
0.05
0.05
0.05
0.05
0.05
0.05
0.05
0.05
0.05
0.05
0.05
0.05
0.05
0.05
0.05
0.05
0.05
0.05
0.05
0.05
0.05
0.05
0.05
0.05
0.05
0.05
0.05
0.05
0.05
0.05
0.05
0.05
0.05
0.05
0.05
0.05
0.05
0.05
0.05
0.05
0.05
0.05
0.05
0.05
0.05
0.05
0.05
0.05
0.05
0.05
0.05
0.05
0.05
0.05
0.05
0.05
0.05
0.05
0.05
0.05
0.05
0.05
0.05
0.05
0.05
0.05
0.05
0.05
0.05
0.05
0.05
0.05
0.05
0.05
0.05
0.05
0.05
0.05
0.05
0.05
0.05
0.05
0.05
0.05
0.05
0.05
0.05
0.05
0.05
0.05
0.05
0.05
0.05
0.05
0.05
0.05
0.05
0.05
0.05
0.05
0.05
0.05
0.05
0.05
0.05
0.05
0.05
0.05
0.05
0.05
0.05
0.05
0.05
0.05
0.05
0.05
0.05
0.05
0.05
0.05
0.05
0.05
0.05
0.05
0.05
0.05
0.05
0.05
0.05
0.05
0.05
0.05
0.05
0.05
0.05
0.05
0.05
0.05
0.05
0.05
0.05
0.05
0.05
0.05
0.05
0.05
0.05
0.05
0.05
0.05
0.05
0.05
0.05
0.05
0.05
0.05
0.05
0.05
0.05
0.05
0.05
0.05
0.05
0.05
0.05
0.05
0.05
0.05
0.05
0.05
0.05
0.05
0.05
0.05
0.05
0.05
0.05
0.05
0.05
0.05
0.05
0.05
0.05
0.05
0.05
0.05
0.05
0.05
0.05
0.05
0.05
0.05
0.05
0.05
0.05
0.05
0.05
0.05
0.05
0.05
0.05
0.05
0.05
0.05
0.05
0.05
0.05
0.05
0.05
0.05
0.05
0.05
0.05
0.05
0.05
0.05
0.05
0.05
0.05
0.05
0.05
0.05
0.05
0.05
0.05
0.05
0.05
0.05
0.05
0.05
0.05
0.05
0.05
0.05
0.05
0.05
0.05
0.05
0.05
0.05
0.05
0.05
0.05
0.05
0.05
0.05
0.05
0.05
0.05
0.05
0.05
0.05
777777