1.61102
999999
-0.0917787
-0.0376697
0.0520725
-0.0860719
0.0743432
-0.176286
-0.00619611
-0.182956
0.191475
0.141913
-0.00357732
0.08722
-0.0104336
0.195499
-0.178224
-0.171239
0.133981
0.0793142
0.00229292
0.0451714
0.121004
0.00456397
-0.0788622
0.147242
0.135385
0.186584
0.0804792
-0.13707
0.188485
-0.182464
-0.102383
-0.194058
-0.1526
-0.133424
-0.0211449
0.19345
0.180529
0.0168647
-0.0423502
0.0940364
0.0824875
0.0949524
-0.0542769
0.100168
-0.0588545
-0.0932424
0.180447
-0.0265941
0.168114
0.00754954
0.00423414
-0.150583
-0.10018
-0.0461345
0.0675375
-0.0474696
-0.0777177
0.152542
0.0738357
0.0353853
0.00965088
0.0986568
-0.129368
0.177508
0.0511522
-0.161823
-0.192553
-0.109437
-0.110328
-0.127102
0.160011
-0.16503
-0.0245875
0.184272
0.0158021
0.0325304
0.179103
-0.120458
-0.147914
0.123433
0.0564838
0.182688
-0.0395826
0.124217
-0.199069
0.153977
0.0539911
-0.172794
0.0534012
0.0441123
-0.0199371
0.0420754
-0.0222313
0.0879755
0.138367
-0.0265266
0.162165
0.0380361
0.0701669
-0.179105
-0.108532
0.0305211
0.0152373
-0.0411368
0.131709
-0.191948
0.109821
-0.0311198
0.162627
-0.0400224
-0.151027
-0.165793
-0.0580197
-0.146536
0.0305368
-0.0452505
0.0373079
-0.0514271
0.19449
0.140905
0.0297155
-0.113259
-0.146716
0.134847
-0.111223
0.167654
0.147033
-0.170068
0.0394742
0.090186
-0.153761
0.119172
0.0697671
0.0929521
0.112678
0.00119809
-0.0267099
-0.146157
0.0113065
0.148984
0.124901
-0.120059
-0.0457453
0.142313
-0.00608023
-0.0384882
0.113109
0.124238
0.185241
0.105996
0.169736
-0.0084895
0.0642491
-0.0545482
-0.0961018
0.0181116
-0.040138
0.0897665
-0.0640219
-0.147213
-0.195235
0.172086
-0.13347
-0.11268
-0.0314798
-0.107705
-0.0495166
-0.0829229
0.0141016
0.0506212
-0.0621892
-0.187265
-0.0433868
-0.199845
0.0818366
0.153562
0.179434
-0.163516
0.113178
-0.112413
0.148334
-0.173216
0.0767105
-0.027148
-0.0872561
-0.0741567
0.0611985
0.0738491
0.0710031
0.0551393
-0.12902
-0.0676004
-0.148629
0.0754672
0.0389342
-0.165283
-0.0633506
0.0117338
-0.0537483
0.136813
-0.0403044
0.105231
0.146903
0.09746
0.149217
0.107222
-0.118796
0.184388
-0.176114
0.19822
0.16601
0.143581
0.0103302
0.118054
-0.0632169
-0.0547011
0.196706
-0.0470793
-0.0616279
0.189751
0.0172004
0.121306
-0.0301489
-0.0824863
0.0479084
0.0267933
0.0300854
-0.170636
-0.0385982
-0.11158
-0.0145554
0.104585
0.0248229
-0.18487
0.166032
0.156964
0.0563308
-0.155123
0.109966
-0.0564126
-0.190199
-0.129638
0.183583
-0.132718
0.143518
-0.0941916
-0.0361316
0.0402479
0.129067
0.0595148
-0.000762904
-0.110949
-0.0784756
-0.196907
-0.151377
0.129204
0.000546537
-0.103022
0.162086
-0.0522376
0.0227177
0.0066602
-0.0218763
-0.0716593
0.097036
0.134232
0.0233294
0.0777516
0.0154541
0.0878611
0.0838482
-0.186574
0.142308
-0.0284905
-0.0724471
-0.0221405
-0.0225652
-0.199182
-0.0630973
-0.109489
0.10403
0.109097
-0.0288934
-0.0718961
-0.0831059
-0.0255769
-0.15692
0.0338221
-0.184626
-0.0511364
0.128253
0.11634
-0.0946179
-0.0879825
0.0453169
0.0971409
0.0192531
0.166901
0.0132784
-0.0555651
0.132298
0.0742989
0.0711129
-0.132729
0.0369639
-0.181981
-0.148909
0.00787601
0.169046
-0.137158
0.125032
-0.0601046
-0.192705
0.0973319
-0.189424
-0.0833265
-0.134714
-0.0366559
-0.184641
-0.191564
-0.129357
0.00799074
0.10666
-0.173098
0.0854175
0.103296
-0.0815568
0.0650169
-0.0564801
0.0803999
-0.16209
0.0229532
-0.0415891
-0.0563431
-0.0395871
0.0813334
0.0802484
0.0120895
-0.0972055
0.101737
0.0939136
0.157574
-0.0164476
0.103745
-0.0577965
0.0616965
-0.18328
0.0467994
0.0640597
-0.114338
0.181924
-0.0120579
0.191613
0.103045
-0.183869
0.1782
0.157448
-0.154521
-0.108882
0.196253
-0.0115172
-0.136472
0.00330215
-0.18005
-0.0335591
-0.177661
0.0741863
0.050027
0.0914987
0.110198
0.114628
-0.000115591
0.0928203
-0.00106854
0.156679
0.0675532
0.0743318
0.197648
0.144528
0.0607249
0.100193
-0.0912828
-0.0648993
0.128941
0.195215
-0.177762
-0.103518
-0.110684
-0.188856
0.151929
-0.0165647
-0.0166983
0.08039
0.099406
-0.123629
0.131168
0.00693837
0.148952
0.192405
0.158178
-0.00159942
0.0837137
0.141696
0.026608
0.0729828
-0.154942
-0.0144478
-0.114539
0.155948
0.0151414
0.186826
-0.147599
0.185412
-0.0199606
0.0383232
-0.15309
-0.198277
0.101223
0.0374696
0.17716
-0.0877072
-0.125145
0.133715
0.0815005
0.152751
-0.0414508
-0.0699293
0.0167307
-0.0739193
0.0213015
0.0484606
0.0207878
-0.166347
0.187945
0.10098
-0.0924589
-0.092681
-0.0675799
-0.153811
0.0740512
-0.0619832
-0.111413
0.0992988
-0.00168151
0.191403
-0.165761
-0.169547
0.0614849
-0.0392865
-0.0413648
-0.091136
0.0604111
-0.19357
-0.0556722
0.026233
-0.0675844
0.165008
0.0950415
0.103642
0.185429
0.103724
-0.144201
0.0323638
0.0285494
-0.109239
-0.0442916
0.0396131
-0.0763147
0.126331
-0.00273056
0.00219187
0.135247
-0.0912702
-0.00511852
0.0782184
-0.130012
0.159898
-0.128237
-0.0992921
-0.046932
-0.184443
-0.034083
0.025799
0.176553
0.105262
-0.00349548
0.0799748
0.0640899
0.00253378
-0.0629481
0.118839
0.147872
-0.00733619
-0.0673321
0.109772
-0.0618097
0.0162989
0.152397
0.16761
0.0730143
-0.0829271
-0.0208129
-0.0316428
-0.0679561
0.0763427
0.151959
-0.0747454
-0.00791799
-0.0615631
0.0593782
0.158217
0.135571
-0.0559214
-0.0884328
-0.168677
-0.149395
-0.153568
0.176148
0.0690346
-0.126847
0.198348
0.0105588
0.107678
-0.100569
0.0692105
-0.181535
0.0130135
0.15045
0.13953
-0.136078
-0.160511
-0.0100914
0.0787349
0.0877445
-0.0594889
0.00329027
-0.0222705
-0.0431671
-0.116097
-0.0255499
-0.0141874
-0.150646
0.198473
0.0532674
-0.0673197
-0.0223836
-0.0192029
0.150717
0.112016
0.188056
-0.0728056
0.0269192
-0.0774846
0.14887
-0.191652
-0.12076
-0.1365
-0.0668477
-0.196095
0.0305865
-0.185519
-0.0997305
-0.0437612
-0.10598
0.0581958
0.0436474
0.146849
0.0757092
-0.0346332
0.175528
0.0935019
0.122095
-0.105306
-0.119084
0.0486259
-0.128865
-0.141819
0.0586436
0.101349
-0.0296365
-0.131104
-0.122634
0.0982965
-0.0835798
-0.194297
-0.198034
0.0614531
0.0829314
0.0697681
0.00691859
-0.0939463
0.165439
0.000580541
0.0729589
-0.191528
0.0161314
-0.14835
-0.0950881
-0.141785
0.0140074
-0.0401043
-0.0892233
-0.135939
0.0616745
-0.158863
-0.16374
0.0769478
-0.126028
0.17621
-0.136486
-0.115349
-0.119657
0.130592
-0.0900955
0.0470109
0.0649607
-0.128687
-0.107548
0.155415
0.058693
-0.0109489
-0.0757784
-0.104833
-0.0271117
-0.114707
0.13562
-0.00109641
-0.0926378
0.187104
0.197016
-0.0847667
0.137468
0.189177
-0.128303
-0.144515
0.0651131
-0.188742
-0.0560485
0.0340618
0.103609
-0.0407497
-0.108139
0.138917
0.00850283
0.187376
0.113963
-0.083247
0.151668
0.166314
0.166176
-0.191642
0.133965
0.00643775
-0.121804
-0.193074
-0.105623
-0.0863462
0.00412732
0.0857428
-0.0100952
0.0920287
0.00795021
0.0681403
-0.0627254
-0.0268549
-0.0451401
-0.161111
0.0413093
0.0596079
0.119484
0.0263796
0.0691485
0.15512
0.0822248
0.0203613
-0.180297
-0.0242214
0.104472
0.0759238
0.0882853
-0.0286884
0.116082
-0.0486443
0.108454
0.00913512
0.00314149
0.0199265
-0.0556021
-0.156814
-0.0526651
0.125172
-0.106958
-0.0439928
0.135095
-0.0971206
0.154762
0.11123
0.0444645
0.0899509
-0.153808
0.00325235
0.0313581
-0.150903
0.147188
0.186223
0.133011
-0.0240611
0.0925367
0.0123663
0.0817878
-0.161867
0.167908
-0.0633311
0.0341156
0.135729
0.0267799
-0.0468055
-0.119991
0.0641835
0.0997846
0.181728
0.178286
0.0556823
-0.116958
-0.195087
0.132774
0.174107
-0.0817949
0.118152
-0.0937106
-0.0926512
-0.00587661
0.0154381
-0.0766337
0.162561
0.152192
-0.0885279
0.147371
-0.0872354
-0.0680976
0.151388
-0.00595883
-0.102986
-0.136366
-0.16846
0.07319
0.121976
-0.0364905
-0.0351043
-0.196837
-0.191811
0.151505
-0.110926
-0.0462256
-0.120219
-0.114197
0.130132
0.199037
-0.123316
-0.182217
0.118493
0.0631358
-0.0465179
-0.196762
0.0993241
0.0961931
-0.0753869
-0.0453431
-0.0589548
-0.0678002
-0.190299
-0.0505221
-0.0369725
0.145247
0.149786
0.101429
0.0681372
-0.0499105
0.150944
-0.109404
-0.0869529
0.0211118
-0.0619932
-0.118383
0.00612901
-0.175671
0.102037
0.172987
0.0438047
-0.110957
-0.0304326
-0.0697822
-0.0690467
0.0728426
-0.0351413
0.121342
-0.160687
-0.0133408
-0.135972
0.0642963
-0.137146
-0.0956195
0.19859
0.028073
0.126011
-0.0495126
0.150418
-0.0801202
-0.120835
0.0615912
-0.0656243
0.145781
-0.00188326
0.0590132
-0.0721297
-0.171424
-0.11661
-0.0260789
0.0677745
-0.0934107
0.109579
0.00654291
-0.179944
-0.186464
-0.121277
0.0425667
0.110646
-0.108579
-0.106528
0.043199
0.0283232
-0.147759
0.193345
-0.0557375
-0.106447
-0.018747
-0.0510783
0.124166
-0.140761
0.185415
0.152997
0.0803064
-0.0939457
-0.177878
0.068419
0.0245849
-0.10799
-0.0596086
0.0803861
0.106369
0.0544355
0.171467
-0.0142755
0.171875
-0.122356
-0.0724627
-0.113582
0.101095
0.0312816
0.165706
0.10643
-0.0212144
-0.159955
0.0264695
0.0642227
0.0666137
-0.0251276
-0.0460667
0.0321566
0.0485406
-0.110683
0.104526
0.0907972
-0.0923901
0.189425
-0.060049
-0.0301631
0.146971
0.187753
0.0833737
-0.102702
-0.164736
-0.0837441
-0.0970075
0.0799145
0.043211
-0.0896635
-0.0909908
-0.145562
-0.0299442
-0.141558
0.0840671
-0.0446473
-0.186808
0.0789651
0.0210802
-0.0660711
0.0353792
0.0380147
0.0265547
-0.00344081
-0.114326
0.0550407
-0.0309716
-0.12786
-0.11992
-0.0880956
-0.0416512
-0.0809086
0.00616748
-0.0997602
-0.0357239
-0.101775
0.032007
0.0745072
-0.166858
-0.0290364
-0.0759248
0.0107439
0.15387
-0.0484315
-0.0164146
0.195062
0.144278
0.0756977
0.150389
-0.184101
-0.00878364
-0.016049
-0.145883
-0.170616
-0.192988
0.0937563
0.141445
0.0464294
-0.0289734
0.114054
-0.12481
-0.0609674
-0.1293
-0.000465001
-0.14306
-0.0733676
0.0540151
0.112427
-0.0112276
0.1388
-0.155464
0.0717455
-0.160776
0.0316063
0.0628211
-0.169903
-0.198707
0.162251
0.142595
0.157675
0.0943292
0.151724
0.0640096
0.118278
0.0483092
-0.0285159
-0.00262521
-0.139906
-0.0809243
0.0320507
-0.168103
0.0258592
-0.136596
-0.16308
0.132407
-0.0172215
0.151679
-0.0566927
0.102429
0.0756367
-0.136453
-0.168102
-0.100276
0.00536989
-0.178706
0.107399
-0.0516832
0.0636694
-0.00774181
0.00273243
-0.0224644
-0.109536
0.123586
0.0922956
0.169812
0.0297423
-0.118448
-0.148958
0.00979372
-0.18465
-0.176795
0.0369627
0.0577253
-0.121739
-0.185221
-0.115668
-0.0982372
-0.0945224
-0.193644
0.0750049
-0.0977376
0.0558009
0.0674475
-0.184375
-0.0787903
-0.194352
0.0857049
0.0530847
-0.0472532
0.187419
0.100424
0.145944
-0.159582
-0.0497744
-0.16873
-0.126581
-0.00145292
-0.0856061
-0.121288
-0.163514
-0.123458
-0.00571607
-0.0864854
-0.137345
-0.127071
0.0600319
-0.105438
-0.0819564
-0.182787
0.0309581
-0.10337
-0.125707
-0.184686
-0.165597
0.0889113
-0.111874
-0.0467436
0.0378728
0.0660176
0.144104
0.115501
-0.181435
0.0775527
0.144621
0.0665844
-0.16338
-0.17309
-0.165502
0.0858086
0.149205
-0.139567
-0.0982409
-0.000678861
0.164227
0.0976374
-0.169374
-0.138094
-0.101732
-0.19284
-0.190327
0.00598629
0.0954315
0.0812485
0.140529
-0.0275685
-0.135866
-0.00812093
0.123472
0.0216989
-0.0544834
0.102702
0.107901
0.00840062
-0.0473544
-0.0314403
-0.0617552
0.0773607
0.102758
0.0200815
0.0711667
0.0350045
0.0345417
0.0649148
-0.0713239
0.186418
-0.0143637
0.0925824
0.0651839
-0.136678
0.106968
-0.0495395
-0.11335
-0.0404669
0.18716
-0.156671
-0.0692236
0.0927338
-0.136355
-0.115656
-0.168934
-0.0521372
-0.0826245
0.10845
0.145767
-0.107065
0.192666
0.154214
-0.10489
0.198214
0.0210441
0.165784
-0.18982
-0.199022
0.19618
0.135713
-0.00718777
0.0574052
0.147863
0.107019
-0.160905
-0.017917
0.0136502
0.0307798
0.17794
0.153869
-0.0427913
0.0997393
0.0116218
-0.19854
-0.0383145
-0.0175249
-0.191515
0.160772
-0.196814
0.199972
0.172184
0.151046
0.129821
-0.168871
0.174124
0.192406
-0.0479482
0.190203
0.153663
0.00224733
-0.133999
0.000762666
-0.0295501
0.195272
-0.189078
0.0670989
-0.175548
-0.0971746
0.036748
-0.179874
-0.168402
0.1924
0.0885001
0.157808
-0.138562
-0.0055125
0.142365
-0.088334
0.167882
0.0308395
-0.0664723
-0.175293
0.18437
0.198901
0.0411757
0.137538
0.0709772
0.103693
-0.183313
0.145949
-0.0666116
0.0950198
0.168328
0.0206799
-0.0612445
0.0684522
-0.150929
-0.0926986
0.0421971
0.0386247
-0.00761552
0.0498757
0.0756829
0.185538
0.111323
-0.142499
-0.191975
-0.0920976
0.150399
-0.156451
-0.0187981
0.0568019
-0.123417
-0.141289
-0.0851631
0.154506
0.169976
-0.177773
-0.0621371
-0.197718
-0.158517
0.172305
0.15123
0.0253337
0.191426
-0.189162
-0.199682
-0.142799
-0.095552
-0.0579508
0.0525919
0.119924
-0.120693
-0.0658835
0.194455
-0.177112
0.0220482
-0.170621
-0.0774587
-0.154476
0.0347749
-0.13752
-0.183059
0.116223
-0.149617
0.0428713
0.199097
-0.0395746
-0.142503
0.0157543
0.00680179
-0.034257
0.176216
0.106513
0.022752
0.166278
-0.0466705
0.13234
0.0980347
0.0653191
-0.0918367
-0.00115927
0.138963
0.0377771
-0.0991391
0.187278
-0.158492
-0.103781
0.133779
0.00381517
-0.0841099
0.0673478
-0.196905
-0.114129
0.190691
-0.0542335
-0.152677
-0.0398738
0.0272331
0.0304102
0.113981
0.163227
-0.137893
0.0489105
0.0383256
-0.155058
-0.198677
0.0391721
0.108748
0.0308655
0.151533
-0.0410625
0.162388
0.164926
0.196272
0.0870681
0.0761458
-0.0800402
0.176679
-0.108492
0.0480969
-0.153691
-0.112308
0.156987
0.0975962
-0.0297824
0.130922
0.108459
-0.0596734
-0.0869504
0.0706427
0.139563
0.185326
0.152121
-0.0574646
-0.17095
0.0681967
0.128324
-0.14921
0.0537682
-0.0442819
-0.183516
0.0298748
0.199999
-0.182328
-0.0798652
-0.180383
-0.122442
0.0447814
0.134348
-0.157783
-0.139297
0.0256571
0.0840839
0.0695638
0.100189
0.0968743
0.0965923
-0.196123
0.00336141
0.0392445
-0.0346274
-0.111384
0.0896271
0.0653513
-0.0680565
-0.0719803
-0.138776
-0.110757
0.0664261
-0.00192308
-0.123838
0.0507677
-0.16806
0.0951669
-0.0110934
-0.136513
0.185616
0.00871859
0.19884
-0.020599
0.17211
-0.0345111
-0.114755
0.172685
0.0652713
0.100081
0.0589069
-0.0264177
-0.0227346
-0.0499956
-0.0521539
0.12384
0.0118723
-0.0916726
0.179972
-0.160292
0.038848
0.00264799
0.0832815
-0.108012
0.0996064
-0.106324
0.150429
-0.0896593
-0.000844946
-0.015801
0.0601936
0.185215
-0.138477
-0.194118
0.169355
0.12015
-0.0866079
-0.120031
0.00427272
0.0545167
-0.0162812
0.17069
-0.113954
0.0125455
-0.000325988
-0.0102304
0.0674224
0.1721
-0.0604198
-0.0957488
0.00120826
0.106778
-0.023363
0.127603
0.145618
0.014924
0.0197337
-0.0289884
-0.174236
0.060071
-0.12823
0.0449775
-0.0102327
0.189321
0.120033
0.112955
-0.0359069
0.175149
-0.160778
0.0838159
-0.138726
0.0520278
-0.175569
-0.126627
0.0757915
-0.062635
-0.198725
-0.0662004
-0.117872
0.106992
0.0407764
0.104436
-0.128113
0.159218
-0.157043
-0.131715
0.0860074
0.197726
0.00281832
-0.00148338
-0.0686689
0.00217467
0.0187949
-0.159935
0.122933
0.199544
-0.0374366
-0.01108
-0.0384532
-0.177522
0.18641
0.00806338
-0.137542
0.16504
0.116329
-0.111334
-0.167636
-0.0894208
-0.0987728
0.19899
0.0976062
-0.0840944
0.041687
0.175852
0.0967817
-0.103067
0.048724
-0.101435
-0.12392
0.184981
-0.19
0.103025
-0.178471
-0.0704862
0.054349
-0.0659901
-0.0438321
0.0761822
0.0127778
0.192635
-0.0409539
0.141839
0.0918894
0.0828179
0.192365
-0.119662
0.0474004
-0.0760047
0.121863
-0.0641737
0.040178
0.170148
-0.169762
-0.0976972
-0.00508818
0.114115
-0.184621
-0.00499189
0.193817
-0.0305895
-0.0402792
0.166157
-0.0940799
-0.109781
-0.0415147
0.17751
-0.194623
0.0988198
0.0642088
-0.0378864
-0.0189565
0.138328
-0.193394
0.18369
-0.10581
-0.143335
0.183022
-0.0288775
-0.082098
0.106457
-0.0290958
0.0984433
-0.162133
-0.196776
-0.0639493
-0.0220897
0.0540155
-0.0335363
0.153553
-0.0383298
0.198993
-0.0858755
0.0462901
-0.156229
-0.0194948
-0.192505
-0.0743568
-0.126977
-0.0978777
-0.100399
0.0477205
-0.0461728
-0.113174
0.131618
-0.0423579
-0.120301
-0.139607
0.128565
0.148959
0.0884322
-0.153646
0.117689
-0.0217186
-0.191395
0.142866
-0.0540532
-0.0440093
0.0754604
0.018809
0.143387
0.108647
0.130407
-0.0902174
-0.0971541
-0.0305747
0.100619
0.110796
-0.188485
0.0363458
0.18012
0.0579819
0.13351
0.0987791
-0.118449
0.0169945
-0.13284
0.0862522
-0.0776269
-0.109857
0.176682
0.000790018
0.138657
0.0938982
-0.0546431
-0.150964
0.111871
-0.023837
0.176627
0.162911
0.128857
-0.148928
-0.118709
0.119202
-0.00156973
-0.0918022
0.131728
0.12603
0.0321433
0.0829227
0.086388
0.12489
-0.108741
0.110219
-0.148874
0.0615004
0.0675314
-0.130689
-0.0747654
-0.0238558
0.0348625
0.0907484
-0.0738077
0.155738
-0.0633795
-0.0522847
-0.1344
0.0169859
0.0818366
-0.117609
0.168787
-0.164076
0.161861
0.110981
0.0667042
0.0901959
0.186154
-0.159223
-0.11599
-0.162064
-0.118332
-0.0358431
-0.030877
-0.169896
0.153202
0.0880617
0.107776
-0.00521137
-0.174395
-0.00668815
0.194213
0.132715
0.0380751
-0.0779055
0.179995
-0.0949135
-0.131278
0.130971
-0.0808766
-0.0314862
-0.0649822
0.132448
0.188707
0.0985068
-0.0978934
-0.0240973
-0.161449
0.0849623
0.0716928
0.171559
0.148263
0.0301244
0.117642
0.0209166
0.174216
-0.142
-0.0129616
-0.0527444
-0.0823812
0.155701
0.195615
-0.0300061
0.0855351
-0.149152
-0.0789782
0.127261
-0.155196
0.152054
0.183262
-0.0743927
-0.18093
0.0107227
-0.116092
-0.109265
-0.105293
-0.139125
0.0455249
0.192526
0.146356
0.0680971
0.173495
888888
0.05
0.05
0.05
0.05
0.05
0.05
0.05
0.05
0.05
0.05
0.05
0.05
0.05
0.05
0.05
0.05
0.05
0.05
0.05
0.05
0.05
0.05
0.05
0.05
0.05
0.05
0.05
0.05
0.05
0.05
0.05
0.05
0.05
0.05
0.05
0.05
0.05
0.05
0.05
0.05
0.05
0.05
0.05
0.05
0.05
0.05
0.05
0.05
0.05
0.05
0.05
0.05
0.05
0.05
0.05
0.05
0.05
0.05
0.05
0.05
0.05
0.05
0.05
0.05
0.05
0.05
0.05
0.05
0.05
0.05
0.05
0.05
0.05
0.05
0.05
0.05
0.05
0.05
0.05
0.05
0.05
0.05
0.05
0.05
0.05
0.05
0.05
0.05
0.05
0.05
0.05
0.05
0.05
0.05
0.05
0.05
0.05
0.05
0.05
0.05
0.05
0.05
0.05
0.05
0.05
0.05
0.05
0.05
0.05
0.05
0.05
0.05
0.05
0.05
0.05
0.05
0.05
0.05
0.05
0.05
0.05
0.05
0.05
0.05
0.05
0.05
0.05
0.05
0.05
0.05
0.05
0.05
0.05
0.05
0.05
0.05
0.05
0.05
0.05
0.05
0.05
0.05
0.05
0.05
0.05
0.05
0.05
0.05
0.05
0.05
0.05
0.05
0.05
0.05
0.05
0.05
0.05
0.05
0.05
0.05
0.05
0.05
0.05
0.05
0.05
0.05
0.05
0.05
0.05
0.05
0.05
0.05
0.05
0.05
0.05
0.05
0.05
0.05
0.05
0.05
0.05
0.05
0.05
0.05
0.05
0.05
0.05
0.05
0.05
0.05
0.05
0.05
0.05
0.05
0.05
0.05
0.05
0.05
0.05
0.05
0.05
0.05
0.05
0.05
0.05
0.05
0.05
0.05
0.05
0.05
0.05
0.05
0.05
0.05
0.05
0.05
0.05
0.05
0.05
0.05
0.05
0.05
0.05
0.05
0.05
0.05
0.05
0.05
0.05
0.05
0.05
0.05
0.05
0.05
0.05
0.05
0.05
0.05
0.05
0.05
0.05
0.05
0.05
0.05
0.05
0.05
0.05
0.05
0.05
0.05
0.05
0.05
0.05
0.05
0.05
0.05
0.05
0.05
0.05
0.05
0.05
0.05
0.05
0.05
0.05
0.05
0.05
0.05
0.05
0.05
0.05
0.05
0.05
0.05
0.05
0.05
0.05
0.05
0.05
0.05
0.05
0.05
0.05
0.05
0.05
0.05
0.05
0.05
0.05
0.05
0.05
0.05
0.05
0.05
0.05
0.05
0.05
0.05
0.05
0.05
0.05
0.05
0.05
0.05
0.05
0.05
0.05
0.05
0.05
0.05
0.05
0.05
0.05
0.05
0.05
0.05
0.05
0.05
0.05
0.05
0.05
0.05
0.05
0.05
0.05
0.05
0.05
0.05
0.05
0.05
0.05
0.05
0.05
0.05
0.05
0.05
0.05
0.05
0.05
0.05
0.05
0.05
0.05
0.05
0.05
0.05
0.05
0.05
0.05
0.05
0.05
0.05
0.05
0.05
0.05
0.05
0.05
0.05
0.05
0.05
0.05
0.05
0.05
0.05
0.05
0.05
0.05
0.05
0.05
0.05
0.05
0.05
0.05
0.05
0.05
0.05
0.05
0.05
0.05
0.05
0.05
0.05
0.05
0.05
0.05
0.05
0.05
0.05
0.05
0.05
0.05
0.05
0.05
0.05
0.05
0.05
0.05
0.05
0.05
0.05
0.05
0.05
0.05
0.05
0.05
0.05
0.05
0.05
0.05
0.05
0.05
0.05
0.05
0.05
0.05
0.05
0.05
0.05
0.05
0.05
0.05
0.05
0.05
0.05
0.05
0.05
0.05
0.05
0.05
0.05
0.05
0.05
0.05
0.05
0.05
0.05
0.05
0.05
0.05
0.05
0.05
0.05
0.05
0.05
0.05
0.05
0.05
0.05
0.05
0.05
0.05
0.05
0.05
0.05
0.05
0.05
0.05
0.05
0.05
0.05
0.05
0.05
0.05
0.05
0.05
0.05
0.05
0.05
0.05
0.05
0.05
0.05
0.05
0.05
0.05
0.05
0.05
0.05
0.05
0.05
0.05
0.05
0.05
0.05
0.05
0.05
0.05
0.05
0.05
0.05
0.05
0.05
0.05
0.05
0.05
0.05
0.05
0.05
0.05
0.05
0.05
0.05
0.05
0.05
0.05
0.05
0.05
0.05
0.05
0.05
0.05
0.05
0.05
0.05
0.05
0.05
0.05
0.05
0.05
0.05
0.05
0.05
0.05
0.05
0.05
0.05
0.05
0.05
0.05
0.05
0.05
0.05
0.05
0.05
0.05
0.05
0.05
0.05
0.05
0.05
0.05
0.05
0.05
0.05
0.05
0.05
0.05
0.05
0.05
0.05
0.05
0.05
0.05
0.05
0.05
0.05
0.05
0.05
0.05
0.05
0.05
0.05
0.05
0.05
0.05
0.05
0.05
0.05
0.05
0.05
0.05
0.05
0.05
0.05
0.05
0.05
0.05
0.05
0.05
0.05
0.05
0.05
0.05
0.05
0.05
0.05
0.05
0.05
0.05
0.05
0.05
0.05
0.05
0.05
0.05
0.05
0.05
0.05
0.05
0.05
0.05
0.05
0.05
0.05
0.05
0.05
0.05
0.05
0.05
0.05
0.05
0.05
0.05
0.05
0.05
0.05
0.05
0.05
0.05
0.05
0.05
0.05
0.05
0.05
0.05
0.05
0.05
0.05
0.05
0.05
0.05
0.05
0.05
0.05
0.05
0.05
0.05
0.05
0.05
0.05
0.05
0.05
0.05
0.05
0.05
0.05
0.05
0.05
0.05
0.05
0.05
0.05
0.05
0.05
0.05
0.05
0.05
0.05
0.05
0.05
0.05
0.05
0.05
0.05
0.05
0.05
0.05
0.05
0.05
0.05
0.05
0.05
0.05
0.05
0.05
0.05
0.05
0.05
0.05
0.05
0.05
0.05
0.05
0.05
0.05
0.05
0.05
0.05
0.05
0.05
0.05
0.05
0.05
0.05
0.05
0.05
0.05
0.05
0.05
0.05
0.05
0.05
0.05
0.05
0.05
0.05
0.05
0.05
0.05
0.05
0.05
0.05
0.05
0.05
0.05
0.05
0.05
0.05
0.05
0.05
0.05
0.05
0.05
0.05
0.05
0.05
0.05
0.05
0.05
0.05
0.05
0.05
0.05
0.05
0.05
0.05
0.05
0.05
0.05
0.05
0.05
0.05
0.05
0.05
0.05
0.05
0.05
0.05
0.05
0.05
0.05
0.05
0.05
0.05
0.05
0.05
0.05
0.05
0.05
0.05
0.05
0.05
0.05
0.05
0.05
0.05
0.05
0.05
0.05
0.05
0.05
0.05
0.05
0.05
0.05
0.05
0.05
0.05
0.05
0.05
0.05
0.05
0.05
0.05
0.05
0.05
0.05
0.05
0.05
0.05
0.05
0.05
0.05
0.05
0.05
0.05
0.05
0.05
0.05
0.05
0.05
0.05
0.05
0.05
0.05
0.05
0.05
0.05
0.05
0.05
0.05
0.05
0.05
0.05
0.05
0.05
0.05
0.05
0.05
0.05
0.05
0.05
0.05
0.05
0.05
0.05
0.05
0.05
0.05
0.05
0.05
0.05
0.05
0.05
0.05
0.05
0.05
0.05
0.05
0.05
0.05
0.05
0.05
0.05
0.05
0.05
0.05
0.05
0.05
0.05
0.05
0.05
0.05
0.05
0.05
0.05
0.05
0.05
0.05
0.05
0.05
0.05
0.05
0.05
0.05
0.05
0.05
0.05
0.05
0.05
0.05
0.05
0.05
0.05
0.05
0.05
0.05
0.05
0.05
0.05
0.05
0.05
0.05
0.05
0.05
0.05
0.05
0.05
0.05
0.05
0.05
0.05
0.05
0.05
0.05
0.05
0.05
0.05
0.05
0.05
0.05
0.05
0.05
0.05
0.05
0.05
0.05
0.05
0.05
0.05
0.05
0.05
0.05
0.05
0.05
0.05
0.05
0.05
0.05
0.05
0.05
0.05
0.05
0.05
0.05
0.05
0.05
0.05
0.05
0.05
0.05
0.05
0.05
0.05
0.05
0.05
0.05
0.05
0.05
0.05
0.05
0.05
0.05
0.05
0.05
0.05
0.05
0.05
0.05
0.05
0.05
0.05
0.05
0.05
0.05
0.05
0.05
0.05
0.05
0.05
0.05
0.05
0.05
0.05
0.05
0.05
0.05
0.05
0.05
0.05
0.05
0.05
0.05
0.05
0.05
0.05
0.05
0.05
0.05
0.05
0.05
0.05
0.05
0.05
0.05
0.05
0.05
0.05
0.05
0.05
0.05
0.05
0.05
0.05
0.05
0.05
0.05
0.05
0.05
0.05
0.05
0.05
0.05
0.05
0.05
0.05
0.05
0.05
0.05
0.05
0.05
0.05
0.05
0.05
0.05
0.05
0.05
0.05
0.05
0.05
0.05
0.05
0.05
0.05
0.05
0.05
0.05
0.05
0.05
0.05
0.05
0.05
0.05
0.05
0.05
0.05
0.05
0.05
0.05
0.05
0.05
0.05
0.05
0.05
0.05
0.05
0.05
0.05
0.05
0.05
0.05
0.05
0.05
0.05
0.05
0.05
0.05
0.05
0.05
0.05
0.05
0.05
0.05
0.05
0.05
0.05
0.05
0.05
0.05
0.05
0.05
0.05
0.05
0.05
0.05
0.05
0.05
0.05
0.05
0.05
0.05
0.05
0.05
0.05
0.05
0.05
0.05
0.05
0.05
0.05
0.05
0.05
0.05
0.05
0.05
0.05
0.05
0.05
0.05
0.05
0.05
0.05
0.05
0.05
0.05
0.05
0.05
0.05
0.05
0.05
0.05
0.05
0.05
0.05
0.05
0.05
0.05
0.05
0.05
0.05
0.05
0.05
0.05
0.05
0.05
0.05
0.05
0.05
0.05
0.05
0.05
0.05
0.05
0.05
0.05
0.05
0.05
0.05
0.05
0.05
0.05
0.05
0.05
0.05
0.05
0.05
0.05
0.05
0.05
0.05
0.05
0.05
0.05
0.05
0.05
0.05
0.05
0.05
0.05
0.05
0.05
0.05
0.05
0.05
0.05
0.05
0.05
0.05
0.05
0.05
0.05
0.05
0.05
0.05
0.05
0.05
0.05
0.05
0.05
0.05
0.05
0.05
0.05
0.05
0.05
0.05
0.05
0.05
0.05
0.05
0.05
0.05
0.05
0.05
0.05
0.05
0.05
0.05
0.05
0.05
0.05
0.05
0.05
0.05
0.05
0.05
0.05
0.05
0.05
0.05
0.05
0.05
0.05
0.05
0.05
0.05
0.05
0.05
0.05
0.05
0.05
0.05
0.05
0.05
0.05
0.05
0.05
0.05
0.05
0.05
0.05
0.05
0.05
0.05
0.05
0.05
0.05
0.05
0.05
0.05
0.05
0.05
0.05
0.05
0.05
0.05
0.05
0.05
0.05
0.05
0.05
0.05
0.05
0.05
0.05
0.05
0.05
0.05
0.05
0.05
0.05
0.05
0.05
0.05
0.05
0.05
0.05
0.05
0.05
0.05
0.05
0.05
0.05
0.05
0.05
0.05
0.05
0.05
0.05
0.05
0.05
0.05
0.05
0.05
0.05
0.05
0.05
0.05
0.05
0.05
0.05
0.05
0.05
0.05
0.05
0.05
0.05
0.05
0.05
0.05
0.05
0.05
0.05
0.05
0.05
0.05
0.05
0.05
0.05
0.05
0.05
0.05
0.05
0.05
0.05
0.05
0.05
0.05
0.05
0.05
0.05
0.05
0.05
0.05
0.05
0.05
0.05
0.05
0.05
0.05
0.05
0.05
0.05
0.05
0.05
0.05
0.05
0.05
0.05
0.05
0.05
0.05
0.05
0.05
0.05
0.05
0.05
0.05
0.05
0.05
0.05
0.05
0.05
0.05
0.05
0.05
0.05
0.05
0.05
0.05
0.05
0.05
0.05
0.05
0.05
0.05
0.05
0.05
0.05
0.05
0.05
0.05
0.05
0.05
0.05
0.05
0.05
0.05
0.05
0.05
0.05
0.05
0.05
0.05
0.05
0.05
0.05
0.05
0.05
0.05
0.05
0.05
0.05
0.05
0.05
0.05
0.05
0.05
0.05
0.05
0.05
0.05
0.05
0.05
0.05
0.05
0.05
0.05
0.05
0.05
0.05
0.05
0.05
0.05
0.05
0.05
0.05
0.05
0.05
0.05
0.05
0.05
0.05
0.05
0.05
0.05
0.05
0.05
0.05
0.05
0.05
0.05
0.05
0.05
0.05
0.05
0.05
0.05
0.05
0.05
0.05
0.05
0.05
0.05
0.05
0.05
0.05
0.05
0.05
0.05
0.05
0.05
0.05
0.05
0.05
0.05
0.05
0.05
0.05
0.05
0.05
0.05
0.05
0.05
0.05
0.05
0.05
0.05
0.05
0.05
0.05
0.05
0.05
0.05
0.05
0.05
0.05
0.05
0.05
0.05
0.05
0.05
0.05
0.05
0.05
0.05
0.05
0.05
0.05
0.05
0.05
0.05
0.05
0.05
0.05
0.05
0.05
0.05
0.05
0.05
0.05
0.05
0.05
0.05
0.05
0.05
0.05
0.05
0.05
0.05
0.05
0.05
0.05
0.05
0.05
0.05
0.05
0.05
0.05
0.05
0.05
0.05
0.05
0.05
0.05
0.05
0.05
0.05
0.05
0.05
0.05
0.05
0.05
0.05
0.05
0.05
0.05
0.05
0.05
0.05
0.05
0.05
0.05
0.05
0.05
0.05
0.05
0.05
0.05
0.05
0.05
0.05
0.05
0.05
0.05
0.05
0.05
0.05
0.05
0.05
0.05
0.05
0.05
0.05
0.05
0.05
0.05
0.05
0.05
0.05
0.05
0.05
0.05
0.05
0.05
0.05
0.05
0.05
0.05
0.05
0.05
0.05
0.05
0.05
0.05
0.05
0.05
0.05
0.05
0.05
0.05
0.05
0.05
0.05
0.05
0.05
0.05
0.05
0.05
0.05
0.05
0.05
0.05
0.05
0.05
0.05
0.05
0.05
0.05
0.05
0.05
0.05
0.05
0.05
0.05
0.05
0.05
0.05
0.05
0.05
0.05
0.05
0.05
0.05
0.05
0.05
0.05
0.05
0.05
0.05
0.05
0.05
0.05
0.05
0.05
0.05
0.05
0.05
0.05
0.05
0.05
0.05
0.05
0.05
0.05
0.05
0.05
0.05
0.05
0.05
0.05
0.05
0.05
0.05
0.05
0.05
0.05
0.05
0.05
0.05
0.05
0.05
0.05
0.05
0.05
0.05
0.05
0.05
0.05
0.05
0.05
0.05
0.05
0.05
0.05
0.05
0.05
0.05
0.05
0.05
0.05
0.05
0.05
0.05
0.05
0.05
0.05
0.05
0.05
0.05
777777