2.42942
999999
-0.129797
0.182218
-0.174627
0.147846
0.130408
-0.0637348
-0.0769048
-0.0321335
-0.176942
-0.00878373
-0.0535985
-0.131153
-0.0669428
-0.094942
0.0338842
0.183441
-0.0280116
-0.0894269
-0.159931
0.0633324
-0.1809
-0.170237
-0.17246
-0.114523
-0.055494
0.00270296
0.191922
0.0925649
-0.10208
0.00919142
0.0771966
0.127022
-0.00945742
-0.0193693
-0.18008
-0.151889
0.0318173
0.0818046
-0.0303439
0.0286111
-0.0478449
0.190521
0.0993524
0.154582
-0.00834072
-0.128168
-0.198368
0.0759517
-0.111873
0.101626
0.178925
-0.146068
-0.0577952
0.0514362
-0.137315
0.127781
-0.0195338
0.00144702
-0.07256
-0.110182
0.00878256
0.10854
-0.0708714
-0.0737327
-0.0230116
-0.0996274
-0.143426
0.113577
0.143687
0.148168
-0.190135
-0.14117
0.016028
-0.0490202
-0.0848033
-0.0199934
0.0474569
0.0330431
-0.132288
0.0136849
0.176719
0.0750841
-0.0723024
-0.0703086
0.199351
-0.0993282
0.0345785
0.155801
-0.0246687
0.164088
0.130686
-0.116616
-0.126756
0.0797631
-0.0291953
-0.0892858
0.0340474
-0.0711694
0.015721
0.0237506
0.0260668
-0.119149
-0.176533
-0.022947
0.0749613
0.0716813
0.0141969
0.0131637
-0.0515114
0.135867
0.106782
0.115773
0.163972
-0.175392
0.0232816
-0.143342
0.174748
0.092843
-0.0876101
-0.116532
-0.0633736
-0.0418637
0.0915975
0.138027
-0.173438
0.0538662
0.0206683
-0.189192
-0.158173
-0.0874986
-0.039088
0.0589371
0.0136043
0.124065
0.060001
0.16509
-0.154096
-0.0141479
-0.156002
0.191117
-0.0307741
0.00284277
-0.160523
0.131461
-0.149639
0.113368
-0.0666214
-0.135062
-0.100085
-0.0664962
0.0628898
0.188608
-0.164749
0.0399273
-0.0537487
0.0901194
-0.00876992
0.174013
0.00288752
0.109115
-0.0909168
-0.17999
0.0241123
-0.149694
-0.123311
0.00906198
0.112528
-0.197643
-0.0899817
0.170073
0.0369595
-0.152632
0.0938332
0.0422125
-0.191579
-0.09246
-0.154392
0.171349
0.0979373
0.139077
-0.112293
0.0230614
-0.100039
-0.0140906
-0.0727031
0.0255822
0.112141
0.0517845
-0.103762
-0.191647
0.172036
0.00214235
0.127419
-0.0322477
-0.0301254
0.0242761
-0.105158
-0.0103653
0.00202811
0.0697654
-0.1837
0.154097
0.0886551
0.112034
0.198494
-0.170317
-0.0786499
0.115832
0.0522406
0.0293199
0.0269724
0.162693
-0.0165659
-0.0458579
0.00558257
-0.165219
-0.0852222
-0.136661
0.00623926
0.162304
-0.0621405
0.116064
0.0148424
-0.003708
0.0889178
0.0123578
-0.172469
0.187383
-0.186738
0.0956324
0.109299
-0.17991
0.0843693
-0.176234
-0.00191932
-0.147375
-0.0422387
-0.191344
0.144945
-0.157141
0.0473508
0.0619168
0.141418
-0.0412175
-0.0281433
0.187009
0.177265
0.127737
0.13582
-0.071476
-0.0152316
0.12476
0.0358541
0.14494
0.190601
-0.107589
-0.149062
0.169784
-0.0986807
0.0676219
0.0351646
0.00559894
-0.186533
0.0927522
-0.11273
0.0777502
0.000619448
0.0801108
0.0645146
0.0767953
-0.145711
0.0317561
-0.11682
0.156692
0.0741879
-0.0780122
-0.158444
0.152176
-0.0392913
0.140038
-0.134183
0.167237
-0.0863581
0.0794218
0.130127
0.0364134
-0.182923
-0.0031662
0.0465608
-0.0419339
-0.115158
-0.10397
-0.181913
-0.0457865
0.154437
-0.0341111
-0.0853891
-0.157139
0.19963
-0.00481604
0.0555565
0.0950696
0.169607
-0.0885881
-0.0479877
-0.189532
-0.192133
-0.0936078
-0.0908733
-0.115648
-0.123534
-0.00700465
-0.190574
0.150252
-0.166102
-0.00342878
-0.0665555
-0.00912092
0.174764
-0.112438
0.122246
-0.12436
0.153298
-0.137521
0.0917574
-0.0251497
-0.0941564
0.110356
-0.0635694
-0.169489
-0.0458202
0.0588599
0.14581
-0.185408
-0.0822019
-0.00135244
-0.195558
0.0358248
-0.130028
0.185849
-0.115808
0.100182
-0.000871968
0.122065
-0.0501516
-0.0227225
-0.14133
0.0243521
-0.122271
0.164164
0.0305431
-0.00493457
-0.0690968
-0.01276
0.156058
0.0115177
0.0532429
0.193885
0.0845376
0.0163886
0.167226
-0.150503
0.0597588
-0.0994635
0.108967
-0.047781
-0.110175
-0.0058206
0.0592331
-0.0349201
-0.170535
0.174109
-0.116287
0.0178028
-0.0249528
0.0698399
-0.111179
0.0502278
-0.193307
-0.102201
0.199215
0.0377006
0.149793
0.197702
0.0587251
0.137361
0.196446
0.0154272
-0.0149365
0.0878061
0.128944
0.0105332
0.180801
-0.0240804
-0.0353206
-0.0118666
0.18059
-0.0781865
0.187571
0.11134
0.102995
-0.179784
-0.157738
-0.129348
0.198416
0.0364897
-0.0739288
-0.0119686
0.0787482
0.0795475
-0.175447
0.109018
-0.0910941
-0.0531316
0.123577
-0.0844927
-0.180973
0.13227
-0.0861711
-0.0131002
0.0540958
-0.191281
0.18432
0.116609
0.0486274
-0.0711356
-0.180254
-0.115625
0.0155377
-0.0290637
0.0700006
0.119462
-0.0251884
0.199868
-0.183217
-0.0604322
0.136297
0.164801
-0.174109
-0.14902
0.0485249
-0.193611
-0.170049
0.0607728
0.0808969
0.124692
-0.0320213
0.118103
0.143689
-0.0545676
0.0426684
-0.124415
-0.196616
0.0940365
-0.0173483
-0.0474326
0.0850447
-0.0464132
0.00922702
0.0884706
0.152096
-0.0928283
-0.199536
0.0391044
-0.0450784
-0.102671
0.109831
0.031258
-0.115326
0.072677
0.056861
-0.0146622
0.148209
-0.199996
0.0320332
-0.108524
-0.130731
0.0965318
-0.188515
-0.187657
-0.05627
0.161762
-0.177105
-0.0652705
0.188714
-0.0372825
0.158697
0.128452
0.0127942
-0.168765
0.117145
0.165667
0.186071
-0.173632
0.160949
0.157466
-0.0524087
0.0852184
0.145695
-0.158364
-0.143344
-0.181521
-0.0529149
-0.177189
-0.157463
-0.184742
-0.133989
0.191624
-0.148166
0.186998
0.142885
-0.111997
0.158623
0.0590089
0.118464
-0.0812844
0.107162
0.197136
0.0548467
-0.029291
0.0911317
0.167498
0.1288
0.108197
-0.0361743
-0.128036
0.159377
-0.0433655
-0.0186675
0.16719
0.0343271
0.0876887
0.074108
0.052054
-0.0846581
0.0283005
-0.0420022
0.0182239
0.175502
0.0846614
0.101197
-0.062736
-0.0255707
0.0639317
-0.146096
0.0340365
0.187309
0.0603651
0.108997
-0.0527314
-0.0201279
-0.121971
0.0912571
0.128961
0.0667382
0.0471897
-0.039029
0.110731
-0.186959
0.159774
0.0424073
-0.135266
0.131868
0.13336
0.0324774
0.10455
-0.149036
-0.0816786
-0.00597139
0.0384472
0.172791
0.0489857
-0.181713
-0.183668
0.0523943
0.0908359
-0.103854
-0.152738
0.00892162
0.186114
-0.0851691
0.0138798
-0.0434448
0.179587
-0.124089
0.0430565
-0.117006
-0.0403469
-0.0690439
0.0543856
-0.188312
0.105396
0.139031
-0.07395
-0.130468
0.011858
0.119398
0.162262
-0.123694
0.0738013
-0.0840859
0.103639
-0.0090967
-0.174066
-0.174823
-0.0833456
-0.0508137
-0.192586
0.18164
-0.115135
-0.147491
-0.00461324
-0.105132
-0.132872
0.17845
-0.0573582
-0.0772974
-0.136233
-0.10717
-0.0257047
0.175444
-0.0536765
0.0243982
-0.0517599
-0.0176281
-0.185482
0.103409
-0.0927185
0.0220477
-0.18818
0.13006
0.0519722
0.19838
-0.0179056
-0.0625963
0.172625
0.102436
-0.0322839
0.130022
-0.145112
-0.142911
0.0580902
-0.18564
-0.00484256
-0.0380846
0.0696947
-0.161981
0.0528712
-0.188176
0.0369678
0.0749396
0.151911
0.178262
0.0903898
-0.134367
-0.0112714
-0.0502037
-0.0651282
-0.196237
-0.0471538
-0.0917273
-0.051666
0.112189
-0.0636671
-0.0910301
0.102026
0.0719127
-0.168723
0.00944653
0.0415075
0.0602974
-0.0116584
0.0233337
-0.0816969
0.0858678
0.0114228
0.135141
-0.0340247
-0.0688258
-0.0360818
-0.0507566
-0.0508697
0.140521
-0.0741779
0.180738
0.181105
0.144851
-0.0293566
-0.102448
0.108784
0.127905
-0.0934664
0.181381
0.175639
-0.0850795
-0.198315
-0.113016
-0.0865886
0.191181
-0.125394
-0.0597957
0.0414454
0.0627577
-0.0829609
-0.112316
-0.140453
-0.159428
-0.0073772
-0.138417
-0.122685
0.0463985
-0.172794
-0.00439037
-0.00621677
-0.0863386
0.0137585
0.183447
0.195556
-0.0839789
-0.0473457
-0.0803441
0.127802
0.178349
-0.050821
0.094149
0.0117756
0.0796929
0.196742
-0.147941
0.0656485
-0.123537
0.19373
0.0300017
0.094476
-0.121718
-0.0175936
-0.0180837
0.0900017
0.166038
-0.192233
0.159518
0.0476353
0.0736947
-0.0484864
-0.173776
-0.0661338
0.147098
0.0411606
-0.122662
-0.0486045
-0.133697
0.019525
-0.0757305
0.0524605
-0.00454295
-0.162305
0.185685
0.0979741
-0.186683
0.194924
0.195438
-0.0960502
0.0241536
-0.163047
0.0972806
-0.127061
-0.126794
0.182996
0.169221
-0.061281
0.138791
0.0117595
0.153524
-0.17314
-0.0746174
0.023942
-0.0375727
0.0862854
-0.0590692
-0.0649584
0.118829
-0.193339
0.156098
-0.0978258
-0.18852
0.0161755
-0.129875
0.116929
-0.152483
0.0580952
-0.00990158
0.0388064
0.00583352
-0.00818387
-0.10575
0.0632074
0.0495218
0.13154
-0.164226
0.197039
0.18217
-0.0360708
-0.10212
-0.0907535
0.173165
0.137183
-0.113386
-0.129914
-0.0571399
0.0645299
0.0891055
-0.0106209
0.126743
-0.00766303
-0.0565346
-0.152798
-0.1367
-0.190224
-0.0807618
-0.163554
0.158576
-0.129614
0.199384
0.0342872
-0.140591
-0.0789876
0.00840408
0.123966
0.0331949
-0.109936
-0.119537
-0.00536022
-0.0601359
0.0927572
-0.150039
-0.0676974
0.133495
-0.183139
0.197323
-0.170491
0.0609288
0.140509
-0.0635907
-0.0728702
-0.156177
-0.0422291
-0.00254452
-0.145966
0.12386
-0.0156113
0.00186871
0.171365
-0.0443098
-0.176851
-0.128951
-0.0880973
-0.0236786
-0.0390282
-0.11702
0.110084
0.161972
0.0400631
-0.178387
-0.05456
0.0618286
0.119731
0.182326
-0.0370335
0.0857331
-0.0723329
0.0359111
-0.0240139
0.197842
0.14673
-0.159119
-0.167797
-0.175815
0.0350941
0.0098535
-0.0465885
0.00893181
-0.158005
0.145295
-0.176988
0.00897423
-0.0222147
0.00595139
0.0110489
0.133621
-0.0718221
0.112932
-0.10493
-0.0839382
-0.128381
0.0768554
-0.174293
0.161118
-0.133277
-0.0315448
0.0484696
0.0969625
0.0240064
-0.0857599
0.0830362
-0.0627825
-0.146692
0.0795129
0.132605
-0.195701
-0.0481384
-0.109885
-0.0147885
0.164341
0.00603685
0.0676383
-0.184701
0.179392
-0.111382
-0.0026749
0.12255
0.186747
0.0262231
-0.0446671
0.100885
-0.139884
-0.178478
-0.0702297
0.101903
0.105983
0.186849
-0.178248
-0.141937
-0.0844044
0.0463832
0.0415447
-0.00866277
0.150477
0.184267
0.00990406
0.0886544
0.121403
-0.0225412
-0.163265
0.0931144
0.00862183
0.139406
0.0438652
0.107961
-0.119385
0.097978
-0.0880273
0.0842788
0.0989938
-0.0904926
0.0535733
0.0821439
0.0387278
-0.144501
-0.116999
-0.0703417
0.139
-0.0215868
-0.171454
0.0670856
0.0921164
-0.171222
-0.177708
-0.0191759
-0.118648
0.0889827
0.18159
-0.0633405
-0.123512
-0.114082
0.17348
0.191016
-0.181054
0.161338
0.0871544
0.13923
0.0391809
0.0213022
-0.123575
-0.123601
-0.0231705
-0.120819
-0.0426565
-0.133099
-0.0418197
-0.0659162
0.183956
0.107315
0.131893
0.153783
-0.00766039
-0.129329
0.0133681
0.0496361
0.0648521
-0.122509
0.144522
-0.156033
-0.116412
-0.0134593
-0.132978
-0.0659557
0.153647
-0.00222675
0.15098
-0.0736494
-0.123938
0.0743458
-0.0544416
-0.188152
0.0677391
-0.153939
0.148295
0.0576483
-0.0195845
-0.100606
-0.194391
-0.185271
-0.00301854
0.0969744
-0.0457015
0.159827
-0.0765075
0.180703
-0.071897
0.138916
-0.155848
0.0821371
0.171562
0.0824694
0.166775
-0.169991
0.15662
0.149313
-0.182093
0.1835
-0.111722
-0.124367
0.00170933
-0.0950313
0.171034
0.0398191
-0.0120648
0.0358844
0.0197819
0.00379047
0.196814
0.181456
0.0220736
0.0341739
0.124968
-0.0223644
0.00315531
-0.00188125
0.164572
-0.122103
-0.174467
0.0123063
-0.179417
0.0616167
0.116882
-0.139314
0.0282599
0.185178
-0.0034398
-0.0831457
-0.181976
0.142265
-0.151158
0.197208
0.00159345
-0.120918
0.0780989
-0.0237373
-0.0904065
0.121317
0.0435721
-0.19077
-0.0472033
-0.0681017
-0.11437
0.0236606
-0.0362552
-0.103825
-0.0743296
-0.159073
-0.0971787
-0.0879926
0.149321
-0.138776
-0.140014
0.0616755
0.151546
0.128096
0.0650658
-0.0755117
-0.153997
-0.0261091
0.157013
-0.0476414
-0.0117558
-0.120423
-0.0927567
0.144828
-0.16421
0.180211
0.0838274
-0.029865
0.137996
-0.0336031
0.186962
-0.027694
0.0433274
0.156076
0.142668
0.150384
-0.158115
-0.0245486
-0.163294
0.148008
-0.0123242
-0.175151
0.112236
-0.0116325
0.154979
0.170207
-0.146172
-0.0886629
-0.138445
-0.000239082
-0.13523
-0.181178
0.127412
0.195716
-0.166917
-0.129431
0.0386274
-0.0606329
-0.0901703
-0.0303863
0.0795929
0.112419
0.115073
0.138363
-0.0643117
0.104787
-0.0235698
0.153209
-0.0348468
0.147653
-0.150027
-0.168264
-0.151059
-0.0901011
-0.187671
0.0272661
0.0903308
-0.0131813
0.0670286
-0.100044
0.0336888
-0.0218238
-0.0319572
-0.0670812
0.139664
0.198706
-0.0994816
0.0514075
0.0179614
0.1039
0.111015
-0.178168
0.179309
-0.17823
0.158953
-0.155583
0.0253837
-0.106893
-0.103938
-0.0461861
0.0389579
0.15209
0.0703136
-0.0295015
0.190002
-0.111645
-0.167285
0.0879728
0.190594
-0.0665981
0.0800337
0.0229462
0.186592
0.166383
0.136535
-0.155096
0.183951
-0.00756655
0.0289339
-0.0100917
0.0316864
-0.0659104
-0.109522
-0.0116906
0.0689526
0.0932509
0.133535
-0.175446
-0.0916515
0.156013
0.00595429
0.168378
0.131579
-0.0824255
0.149515
-0.0417072
-0.053496
0.0563902
0.149818
0.193567
0.149503
-0.0547404
-0.0898887
0.118728
0.102092
0.175348
0.1061
-0.0913559
0.0276833
-0.0675267
-0.095957
0.137495
-0.136176
-0.0262985
-0.147605
-0.0411093
-0.12543
-0.0259204
-0.16528
-0.0896048
-0.0885891
0.19668
-0.0923729
0.140799
-0.107755
-0.135761
0.0485964
-0.00821616
0.183076
-0.0633086
-0.0725434
0.0307203
-0.183068
-0.0158897
-0.0720061
-0.00617069
0.171687
-0.137369
0.189372
0.082249
-0.0700343
0.0655937
-0.178172
0.170902
0.0209455
-0.102107
0.0141581
0.10334
0.0415909
-0.0962096
0.0499651
-0.190029
-0.102263
-0.129289
-0.176306
0.18748
0.108706
-0.185211
0.0692101
-0.0178985
0.111084
0.0458133
-0.182167
0.00486585
0.171078
-0.140539
0.0157684
0.062412
0.11884
0.00340445
0.152316
-0.0109128
-0.172863
0.173755
0.0705249
0.127877
0.196581
-0.0843884
-0.110042
-0.130271
0.084832
-0.103192
0.0841262
0.0247454
-0.185275
-0.105929
0.022867
-0.015821
-0.153493
-0.167613
0.19637
-0.133961
0.100348
-0.119661
0.196645
-0.0818109
-0.0523714
-0.0331537
0.0392239
-0.149632
-0.161251
0.117967
0.1659
-0.17291
0.0636271
-0.0465109
0.0894584
-0.193249
0.073254
0.0539299
-0.0571017
-0.154662
-0.0434619
-0.0982093
0.0824008
0.0856577
-0.0176618
0.194515
0.0803076
-0.195505
0.190563
-0.0218063
0.143995
-0.0557529
0.127185
-0.0552962
-0.111044
0.183195
0.139982
0.174003
-0.0660154
-0.0507967
0.163012
-0.177025
0.13064
-0.02056
0.0272875
0.167995
0.0780505
-0.0129062
-0.168763
-0.096118
0.103017
0.055144
-0.144313
0.0882654
0.135918
-0.050861
-0.10665
0.105553
-0.174495
-0.111669
-0.0963868
-0.147071
0.120117
0.0455412
-0.0534447
-0.174009
-0.0777106
0.118028
0.00557959
0.116164
-0.182765
0.0554764
-0.16287
0.0493986
0.0150917
0.0945333
-0.171287
-0.134747
-0.0614393
0.17419
-0.00872333
-0.148127
-0.0405821
-0.0279287
0.107268
-0.112989
-0.19079
-0.101822
-0.151914
-0.147624
0.0616283
0.19087
0.0152167
0.114349
-0.000701067
0.126922
0.0202982
-0.0903504
0.166201
-0.173803
0.0681299
-0.0836555
0.0222062
0.168503
0.0332148
0.114518
0.0785353
0.138317
0.0668069
-0.0519466
0.0464705
0.0754702
0.16841
-0.0178415
-0.177608
0.0946676
-0.149364
0.0752504
-0.19585
-0.104999
0.0014031
0.157774
-0.158438
-0.18226
-0.016498
0.0365487
0.09009
-0.11593
-0.0416304
0.137442
0.0334941
0.151658
0.101717
-0.0484532
0.126911
-0.182548
0.194227
0.0694473
0.0605394
-0.0294038
-0.0638035
0.0123652
0.157852
0.107535
0.086336
0.138065
-0.108915
0.0457614
-0.116066
0.179392
-0.0333171
-0.0933091
0.19625
-0.0830117
-0.0947927
-0.05782
-0.17719
0.130098
0.14165
0.00201113
-0.0661999
0.0796089
-0.188052
-0.151089
-0.076197
0.045047
0.144697
-0.107757
-0.125753
-0.176414
0.148861
0.163782
-0.151053
-0.143402
0.0691766
0.10117
-0.12337
-0.129375
-0.173954
-0.0935347
0.137783
-0.0468812
-0.197047
-0.067379
-0.0852341
-0.0212578
0.0662824
-0.0188055
-0.0436333
-0.119971
0.183589
-0.125151
-0.199435
-0.169197
0.198776
0.165693
0.191919
0.146526
0.0738051
-0.143737
0.116459
-0.141662
0.164155
-0.0295132
0.0870278
0.0324281
-0.139855
-0.104533
0.027943
-0.182807
-0.17815
-0.15563
0.0891051
0.0507289
-0.0636827
-0.11403
0.172685
-0.042344
0.18178
0.180274
0.162847
-0.015196
0.0215329
-0.00332763
0.104573
-0.167356
-0.130573
0.0935245
-0.0743285
0.148078
0.0733361
0.0471209
-0.0810056
-0.0052861
0.0915027
0.0922831
0.143185
0.19415
-0.0811439
0.106086
0.149683
-0.111436
0.0533893
0.110814
-0.12711
0.0399697
0.127005
0.00123577
0.106835
0.187466
-0.0824377
0.189667
0.158791
-0.14329
0.0759904
-0.0278997
-0.0962961
0.034717
-0.0143128
0.102927
-0.191156
0.190188
0.0712783
-0.0397973
0.094001
-0.144594
0.0301183
-0.0851761
-0.1895
-0.00834923
-0.0241702
-0.189748
-0.161463
0.169367
0.138469
-0.188208
-0.102027
-0.091438
-0.0759784
-0.160521
0.173309
-0.146466
0.187034
0.106645
-0.188871
0.0795215
-0.000772427
-0.104743
0.174474
-0.140445
-0.127035
0.0882161
0.054052
-0.000599926
-0.13996
0.151066
0.051607
0.0610018
0.0522185
0.155097
0.00874953
-0.0659815
0.103157
0.0962504
0.129848
-0.153579
0.174462
0.100305
0.0838944
-0.195019
-0.190001
-0.108892
-0.17853
0.00133773
0.196921
0.0415329
-0.0832432
0.0285959
0.162683
0.100413
-0.102862
0.0141684
0.0774422
-0.0433584
-0.138117
0.0416434
0.031171
0.115754
0.0954274
-0.157923
-0.164301
0.0430095
0.142383
0.0725966
0.0376678
0.0883468
0.193369
0.0086382
0.0538638
-0.0954316
-0.134043
-0.0481325
0.0667168
-0.00935868
-0.134229
0.162345
-0.0672925
-0.109475
0.199172
0.189575
-0.0563411
0.115351
-0.0800907
0.101047
0.0575057
0.0914183
-0.0744883
-0.0710939
-0.119751
0.186079
0.0461764
-0.135498
-0.156649
0.0755253
-0.0232778
0.0611462
-0.0945015
-0.00144821
-0.0919614
0.0543039
0.162851
0.015756
0.0996153
888888
0.05
0.05
0.05
0.05
0.05
0.05
0.05
0.05
0.05
0.05
0.05
0.05
0.05
0.05
0.05
0.05
0.05
0.05
0.05
0.05
0.05
0.05
0.05
0.05
0.05
0.05
0.05
0.05
0.05
0.05
0.05
0.05
0.05
0.05
0.05
0.05
0.05
0.05
0.05
0.05
0.05
0.05
0.05
0.05
0.05
0.05
0.05
0.05
0.05
0.05
0.05
0.05
0.05
0.05
0.05
0.05
0.05
0.05
0.05
0.05
0.05
0.05
0.05
0.05
0.05
0.05
0.05
0.05
0.05
0.05
0.05
0.05
0.05
0.05
0.05
0.05
0.05
0.05
0.05
0.05
0.05
0.05
0.05
0.05
0.05
0.05
0.05
0.05
0.05
0.05
0.05
0.05
0.05
0.05
0.05
0.05
0.05
0.05
0.05
0.05
0.05
0.05
0.05
0.05
0.05
0.05
0.05
0.05
0.05
0.05
0.05
0.05
0.05
0.05
0.05
0.05
0.05
0.05
0.05
0.05
0.05
0.05
0.05
0.05
0.05
0.05
0.05
0.05
0.05
0.05
0.05
0.05
0.05
0.05
0.05
0.05
0.05
0.05
0.05
0.05
0.05
0.05
0.05
0.05
0.05
0.05
0.05
0.05
0.05
0.05
0.05
0.05
0.05
0.05
0.05
0.05
0.05
0.05
0.05
0.05
0.05
0.05
0.05
0.05
0.05
0.05
0.05
0.05
0.05
0.05
0.05
0.05
0.05
0.05
0.05
0.05
0.05
0.05
0.05
0.05
0.05
0.05
0.05
0.05
0.05
0.05
0.05
0.05
0.05
0.05
0.05
0.05
0.05
0.05
0.05
0.05
0.05
0.05
0.05
0.05
0.05
0.05
0.05
0.05
0.05
0.05
0.05
0.05
0.05
0.05
0.05
0.05
0.05
0.05
0.05
0.05
0.05
0.05
0.05
0.05
0.05
0.05
0.05
0.05
0.05
0.05
0.05
0.05
0.05
0.05
0.05
0.05
0.05
0.05
0.05
0.05
0.05
0.05
0.05
0.05
0.05
0.05
0.05
0.05
0.05
0.05
0.05
0.05
0.05
0.05
0.05
0.05
0.05
0.05
0.05
0.05
0.05
0.05
0.05
0.05
0.05
0.05
0.05
0.05
0.05
0.05
0.05
0.05
0.05
0.05
0.05
0.05
0.05
0.05
0.05
0.05
0.05
0.05
0.05
0.05
0.05
0.05
0.05
0.05
0.05
0.05
0.05
0.05
0.05
0.05
0.05
0.05
0.05
0.05
0.05
0.05
0.05
0.05
0.05
0.05
0.05
0.05
0.05
0.05
0.05
0.05
0.05
0.05
0.05
0.05
0.05
0.05
0.05
0.05
0.05
0.05
0.05
0.05
0.05
0.05
0.05
0.05
0.05
0.05
0.05
0.05
0.05
0.05
0.05
0.05
0.05
0.05
0.05
0.05
0.05
0.05
0.05
0.05
0.05
0.05
0.05
0.05
0.05
0.05
0.05
0.05
0.05
0.05
0.05
0.05
0.05
0.05
0.05
0.05
0.05
0.05
0.05
0.05
0.05
0.05
0.05
0.05
0.05
0.05
0.05
0.05
0.05
0.05
0.05
0.05
0.05
0.05
0.05
0.05
0.05
0.05
0.05
0.05
0.05
0.05
0.05
0.05
0.05
0.05
0.05
0.05
0.05
0.05
0.05
0.05
0.05
0.05
0.05
0.05
0.05
0.05
0.05
0.05
0.05
0.05
0.05
0.05
0.05
0.05
0.05
0.05
0.05
0.05
0.05
0.05
0.05
0.05
0.05
0.05
0.05
0.05
0.05
0.05
0.05
0.05
0.05
0.05
0.05
0.05
0.05
0.05
0.05
0.05
0.05
0.05
0.05
0.05
0.05
0.05
0.05
0.05
0.05
0.05
0.05
0.05
0.05
0.05
0.05
0.05
0.05
0.05
0.05
0.05
0.05
0.05
0.05
0.05
0.05
0.05
0.05
0.05
0.05
0.05
0.05
0.05
0.05
0.05
0.05
0.05
0.05
0.05
0.05
0.05
0.05
0.05
0.05
0.05
0.05
0.05
0.05
0.05
0.05
0.05
0.05
0.05
0.05
0.05
0.05
0.05
0.05
0.05
0.05
0.05
0.05
0.05
0.05
0.05
0.05
0.05
0.05
0.05
0.05
0.05
0.05
0.05
0.05
0.05
0.05
0.05
0.05
0.05
0.05
0.05
0.05
0.05
0.05
0.05
0.05
0.05
0.05
0.05
0.05
0.05
0.05
0.05
0.05
0.05
0.05
0.05
0.05
0.05
0.05
0.05
0.05
0.05
0.05
0.05
0.05
0.05
0.05
0.05
0.05
0.05
0.05
0.05
0.05
0.05
0.05
0.05
0.05
0.05
0.05
0.05
0.05
0.05
0.05
0.05
0.05
0.05
0.05
0.05
0.05
0.05
0.05
0.05
0.05
0.05
0.05
0.05
0.05
0.05
0.05
0.05
0.05
0.05
0.05
0.05
0.05
0.05
0.05
0.05
0.05
0.05
0.05
0.05
0.05
0.05
0.05
0.05
0.05
0.05
0.05
0.05
0.05
0.05
0.05
0.05
0.05
0.05
0.05
0.05
0.05
0.05
0.05
0.05
0.05
0.05
0.05
0.05
0.05
0.05
0.05
0.05
0.05
0.05
0.05
0.05
0.05
0.05
0.05
0.05
0.05
0.05
0.05
0.05
0.05
0.05
0.05
0.05
0.05
0.05
0.05
0.05
0.05
0.05
0.05
0.05
0.05
0.05
0.05
0.05
0.05
0.05
0.05
0.05
0.05
0.05
0.05
0.05
0.05
0.05
0.05
0.05
0.05
0.05
0.05
0.05
0.05
0.05
0.05
0.05
0.05
0.05
0.05
0.05
0.05
0.05
0.05
0.05
0.05
0.05
0.05
0.05
0.05
0.05
0.05
0.05
0.05
0.05
0.05
0.05
0.05
0.05
0.05
0.05
0.05
0.05
0.05
0.05
0.05
0.05
0.05
0.05
0.05
0.05
0.05
0.05
0.05
0.05
0.05
0.05
0.05
0.05
0.05
0.05
0.05
0.05
0.05
0.05
0.05
0.05
0.05
0.05
0.05
0.05
0.05
0.05
0.05
0.05
0.05
0.05
0.05
0.05
0.05
0.05
0.05
0.05
0.05
0.05
0.05
0.05
0.05
0.05
0.05
0.05
0.05
0.05
0.05
0.05
0.05
0.05
0.05
0.05
0.05
0.05
0.05
0.05
0.05
0.05
0.05
0.05
0.05
0.05
0.05
0.05
0.05
0.05
0.05
0.05
0.05
0.05
0.05
0.05
0.05
0.05
0.05
0.05
0.05
0.05
0.05
0.05
0.05
0.05
0.05
0.05
0.05
0.05
0.05
0.05
0.05
0.05
0.05
0.05
0.05
0.05
0.05
0.05
0.05
0.05
0.05
0.05
0.05
0.05
0.05
0.05
0.05
0.05
0.05
0.05
0.05
0.05
0.05
0.05
0.05
0.05
0.05
0.05
0.05
0.05
0.05
0.05
0.05
0.05
0.05
0.05
0.05
0.05
0.05
0.05
0.05
0.05
0.05
0.05
0.05
0.05
0.05
0.05
0.05
0.05
0.05
0.05
0.05
0.05
0.05
0.05
0.05
0.05
0.05
0.05
0.05
0.05
0.05
0.05
0.05
0.05
0.05
0.05
0.05
0.05
0.05
0.05
0.05
0.05
0.05
0.05
0.05
0.05
0.05
0.05
0.05
0.05
0.05
0.05
0.05
0.05
0.05
0.05
0.05
0.05
0.05
0.05
0.05
0.05
0.05
0.05
0.05
0.05
0.05
0.05
0.05
0.05
0.05
0.05
0.05
0.05
0.05
0.05
0.05
0.05
0.05
0.05
0.05
0.05
0.05
0.05
0.05
0.05
0.05
0.05
0.05
0.05
0.05
0.05
0.05
0.05
0.05
0.05
0.05
0.05
0.05
0.05
0.05
0.05
0.05
0.05
0.05
0.05
0.05
0.05
0.05
0.05
0.05
0.05
0.05
0.05
0.05
0.05
0.05
0.05
0.05
0.05
0.05
0.05
0.05
0.05
0.05
0.05
0.05
0.05
0.05
0.05
0.05
0.05
0.05
0.05
0.05
0.05
0.05
0.05
0.05
0.05
0.05
0.05
0.05
0.05
0.05
0.05
0.05
0.05
0.05
0.05
0.05
0.05
0.05
0.05
0.05
0.05
0.05
0.05
0.05
0.05
0.05
0.05
0.05
0.05
0.05
0.05
0.05
0.05
0.05
0.05
0.05
0.05
0.05
0.05
0.05
0.05
0.05
0.05
0.05
0.05
0.05
0.05
0.05
0.05
0.05
0.05
0.05
0.05
0.05
0.05
0.05
0.05
0.05
0.05
0.05
0.05
0.05
0.05
0.05
0.05
0.05
0.05
0.05
0.05
0.05
0.05
0.05
0.05
0.05
0.05
0.05
0.05
0.05
0.05
0.05
0.05
0.05
0.05
0.05
0.05
0.05
0.05
0.05
0.05
0.05
0.05
0.05
0.05
0.05
0.05
0.05
0.05
0.05
0.05
0.05
0.05
0.05
0.05
0.05
0.05
0.05
0.05
0.05
0.05
0.05
0.05
0.05
0.05
0.05
0.05
0.05
0.05
0.05
0.05
0.05
0.05
0.05
0.05
0.05
0.05
0.05
0.05
0.05
0.05
0.05
0.05
0.05
0.05
0.05
0.05
0.05
0.05
0.05
0.05
0.05
0.05
0.05
0.05
0.05
0.05
0.05
0.05
0.05
0.05
0.05
0.05
0.05
0.05
0.05
0.05
0.05
0.05
0.05
0.05
0.05
0.05
0.05
0.05
0.05
0.05
0.05
0.05
0.05
0.05
0.05
0.05
0.05
0.05
0.05
0.05
0.05
0.05
0.05
0.05
0.05
0.05
0.05
0.05
0.05
0.05
0.05
0.05
0.05
0.05
0.05
0.05
0.05
0.05
0.05
0.05
0.05
0.05
0.05
0.05
0.05
0.05
0.05
0.05
0.05
0.05
0.05
0.05
0.05
0.05
0.05
0.05
0.05
0.05
0.05
0.05
0.05
0.05
0.05
0.05
0.05
0.05
0.05
0.05
0.05
0.05
0.05
0.05
0.05
0.05
0.05
0.05
0.05
0.05
0.05
0.05
0.05
0.05
0.05
0.05
0.05
0.05
0.05
0.05
0.05
0.05
0.05
0.05
0.05
0.05
0.05
0.05
0.05
0.05
0.05
0.05
0.05
0.05
0.05
0.05
0.05
0.05
0.05
0.05
0.05
0.05
0.05
0.05
0.05
0.05
0.05
0.05
0.05
0.05
0.05
0.05
0.05
0.05
0.05
0.05
0.05
0.05
0.05
0.05
0.05
0.05
0.05
0.05
0.05
0.05
0.05
0.05
0.05
0.05
0.05
0.05
0.05
0.05
0.05
0.05
0.05
0.05
0.05
0.05
0.05
0.05
0.05
0.05
0.05
0.05
0.05
0.05
0.05
0.05
0.05
0.05
0.05
0.05
0.05
0.05
0.05
0.05
0.05
0.05
0.05
0.05
0.05
0.05
0.05
0.05
0.05
0.05
0.05
0.05
0.05
0.05
0.05
0.05
0.05
0.05
0.05
0.05
0.05
0.05
0.05
0.05
0.05
0.05
0.05
0.05
0.05
0.05
0.05
0.05
0.05
0.05
0.05
0.05
0.05
0.05
0.05
0.05
0.05
0.05
0.05
0.05
0.05
0.05
0.05
0.05
0.05
0.05
0.05
0.05
0.05
0.05
0.05
0.05
0.05
0.05
0.05
0.05
0.05
0.05
0.05
0.05
0.05
0.05
0.05
0.05
0.05
0.05
0.05
0.05
0.05
0.05
0.05
0.05
0.05
0.05
0.05
0.05
0.05
0.05
0.05
0.05
0.05
0.05
0.05
0.05
0.05
0.05
0.05
0.05
0.05
0.05
0.05
0.05
0.05
0.05
0.05
0.05
0.05
0.05
0.05
0.05
0.05
0.05
0.05
0.05
0.05
0.05
0.05
0.05
0.05
0.05
0.05
0.05
0.05
0.05
0.05
0.05
0.05
0.05
0.05
0.05
0.05
0.05
0.05
0.05
0.05
0.05
0.05
0.05
0.05
0.05
0.05
0.05
0.05
0.05
0.05
0.05
0.05
0.05
0.05
0.05
0.05
0.05
0.05
0.05
0.05
0.05
0.05
0.05
0.05
0.05
0.05
0.05
0.05
0.05
0.05
0.05
0.05
0.05
0.05
0.05
0.05
0.05
0.05
0.05
0.05
0.05
0.05
0.05
0.05
0.05
0.05
0.05
0.05
0.05
0.05
0.05
0.05
0.05
0.05
0.05
0.05
0.05
0.05
0.05
0.05
0.05
0.05
0.05
0.05
0.05
0.05
0.05
0.05
0.05
0.05
0.05
0.05
0.05
0.05
0.05
0.05
0.05
0.05
0.05
0.05
0.05
0.05
0.05
0.05
0.05
0.05
0.05
0.05
0.05
0.05
0.05
0.05
0.05
0.05
0.05
0.05
0.05
0.05
0.05
0.05
0.05
0.05
0.05
0.05
0.05
0.05
0.05
0.05
0.05
0.05
0.05
0.05
0.05
0.05
0.05
0.05
0.05
0.05
0.05
0.05
0.05
0.05
0.05
0.05
0.05
0.05
0.05
0.05
0.05
0.05
0.05
0.05
0.05
0.05
0.05
0.05
0.05
0.05
0.05
0.05
0.05
0.05
0.05
0.05
0.05
0.05
0.05
0.05
0.05
0.05
0.05
0.05
0.05
0.05
0.05
0.05
0.05
0.05
0.05
0.05
0.05
0.05
0.05
0.05
0.05
0.05
0.05
0.05
0.05
0.05
0.05
0.05
0.05
0.05
0.05
0.05
0.05
0.05
0.05
0.05
0.05
0.05
0.05
0.05
0.05
0.05
0.05
0.05
0.05
0.05
0.05
0.05
0.05
0.05
0.05
0.05
0.05
0.05
0.05
0.05
0.05
0.05
0.05
0.05
0.05
0.05
0.05
0.05
0.05
0.05
0.05
0.05
0.05
0.05
0.05
0.05
0.05
0.05
0.05
0.05
0.05
0.05
0.05
0.05
0.05
0.05
0.05
0.05
0.05
0.05
0.05
0.05
0.05
0.05
0.05
0.05
0.05
0.05
0.05
0.05
0.05
0.05
0.05
0.05
0.05
0.05
0.05
0.05
0.05
0.05
0.05
0.05
0.05
0.05
0.05
0.05
0.05
0.05
0.05
0.05
0.05
0.05
0.05
0.05
0.05
0.05
0.05
0.05
0.05
0.05
0.05
0.05
0.05
0.05
0.05
0.05
0.05
0.05
0.05
0.05
0.05
0.05
0.05
0.05
0.05
0.05
0.05
0.05
0.05
0.05
0.05
0.05
0.05
0.05
0.05
0.05
0.05
0.05
0.05
777777