1.06214
999999
0.136939
-0.0940502
-0.048446
0.00438565
-0.0797635
0.00882
-0.146133
-0.160635
-0.012472
0.163318
0.0401692
-0.137245
0.148004
-0.0918729
0.175092
-0.194777
-0.157346
-0.0595907
0.124412
-0.0253708
0.0109558
0.199435
-0.0218458
0.0534079
-0.0223299
-0.139586
0.0271775
0.0561212
0.195035
-0.145169
0.037633
-0.144333
0.0484567
-0.0266349
-0.183721
0.0162443
-0.160019
-0.187102
-0.0235872
0.17878
0.160562
0.173071
0.0831431
-0.0853148
0.062194
-0.00200736
0.0213738
-0.125554
0.0203369
0.184438
-0.0120744
-0.0485504
0.199953
0.103135
-0.000869708
0.0440237
-0.19993
-0.126122
-0.154543
-0.141198
0.137417
0.163209
-0.0944791
0.0475863
-0.189067
0.150113
-0.148362
0.00179387
-0.154605
-0.118891
0.159631
-0.163658
0.106133
0.174707
0.0614504
-0.0272835
-0.0579151
-0.10935
0.0175763
0.17026
0.159129
-0.104895
-0.0752406
0.0231462
0.184054
-0.165842
-0.189514
-0.015545
-0.0933474
0.136491
-0.0619882
0.177179
0.0610881
-0.174995
0.194773
0.0386351
-0.0868521
-0.13821
0.00920062
-0.0143722
-0.169422
-0.0286708
-0.194996
0.0133764
0.0983921
0.0268772
-0.144045
-0.165532
0.100678
0.0783124
-0.184252
-0.0679505
0.00910985
0.0190014
0.193531
-0.0257586
-0.0168469
-0.0477015
0.0609599
0.192709
-0.12036
0.0735845
-0.150518
-0.0736843
-0.0114521
0.0675628
-0.0903603
0.123761
-0.0937563
0.0474124
0.0252251
-0.0300408
-0.0587497
0.124204
-0.00396813
0.0630929
0.118177
-0.100164
0.0205219
-0.0380527
0.0302155
0.0623864
0.164111
0.0428297
0.096606
-0.100976
-0.0906105
-0.00154462
-0.117911
-0.131444
0.0918131
-0.123487
-0.0475043
-0.183756
-0.199181
0.169398
0.0519188
-0.183099
0.136138
0.161644
-0.182032
-0.195111
-0.0741122
-0.00442352
-0.0540223
0.114476
-0.0723577
0.185812
-0.021392
0.136158
0.0635589
-0.0655448
0.069997
-0.0126716
0.1922
0.0220357
-0.0954289
-0.0421228
0.0285957
0.0416741
-0.0240796
-0.108387
-0.13638
0.149844
-0.173558
-0.0989947
-0.152833
0.134096
0.117089
-0.0805373
-0.058711
0.160657
0.159927
-0.12599
-0.179249
0.0252943
0.140725
0.0534567
0.0855985
0.150985
-0.146602
-0.0827593
-0.0170748
0.0212332
0.0307825
0.075478
0.0480172
0.00447543
0.121078
-0.0245378
-0.0753241
0.188007
-0.159493
0.17476
0.132424
0.0681216
-0.0545445
0.0842354
0.0241019
-0.170969
0.114718
0.062815
-0.0829013
-0.0742185
0.170153
0.125123
0.0456955
0.113048
0.0685626
0.150653
0.125938
0.141674
0.127191
-0.0960285
-0.0822535
0.0321073
-0.114233
-0.0439129
0.187147
0.10645
-0.123181
-0.108001
-0.0436578
0.0389179
-0.0312926
-0.131014
-0.049572
0.184738
0.151558
-0.0740042
0.0731977
-0.198112
-0.182363
0.114116
0.180832
-0.104812
0.0402764
-0.190803
-0.0344167
0.0588202
-0.100596
-0.0520608
0.0362356
-0.165459
-0.0399266
0.0277616
-0.0363707
-0.0959037
0.175812
-0.126699
0.0918742
0.0905424
-0.191787
-0.14231
-0.121566
0.185104
0.087968
0.0806897
0.010239
-0.179546
0.191674
-0.0470549
-0.185903
-0.168931
0.0864135
0.0195369
-0.0197619
0.153946
0.0346
-0.1968
0.00591125
0.104214
-0.192236
0.123621
0.0320532
-0.088161
-0.0856984
0.106024
-0.0818171
-0.113703
0.00968864
0.00950732
0.0910085
0.191005
-0.163834
0.199447
0.12975
0.186345
0.141473
0.122185
-0.101474
0.111842
-0.152415
-0.117668
0.168117
0.101198
0.1374
-0.11069
0.0865189
0.188821
0.0343475
-0.131229
0.166186
0.0330216
0.126105
-0.0334653
0.138425
0.0845797
-0.0992312
-0.0803536
-0.0786103
-0.107487
-0.114161
-0.159911
0.196796
-0.0244023
-0.0336368
0.0675012
0.0953817
0.199015
-0.119754
0.151198
-0.12537
0.106915
-0.0395953
-0.171023
-0.167611
0.181821
0.0990245
-0.00430671
-0.00977599
0.191801
-0.0613803
-0.150173
0.135417
-0.00979028
0.0771551
0.0352291
-0.0354613
-0.157579
0.184416
-0.122471
0.00718817
-0.117875
0.140542
-0.00409542
0.0496907
-0.0932059
-0.0258205
0.00988282
-0.185923
0.0635525
0.0959768
-0.150668
-0.0890234
-0.0861463
0.0435252
-0.11335
-0.0300732
-0.0893946
-0.00985342
0.176346
0.091543
0.181355
-0.0984722
0.0492216
0.0965146
0.183631
0.187832
-0.0780594
-0.149077
0.026963
0.0490378
-0.00357212
-0.0115192
-0.0676978
0.143214
0.121296
0.038312
0.0146116
-0.098815
0.104463
-0.0603266
0.0341012
-0.128523
0.0431927
0.0309179
-0.0702003
-0.049227
0.0743227
-0.0791974
-0.157739
0.12073
0.191374
0.13916
0.0860013
0.186735
0.0643341
0.0358801
-0.124016
-0.0241318
0.0746972
0.0724909
-0.0638419
0.198236
0.14696
0.0651618
0.0506274
-0.054645
-0.028288
-0.0925719
-0.116698
-0.103825
-0.143082
0.137212
-0.148115
0.0475158
-0.0729886
-0.0748645
0.0882062
-0.0487945
0.144232
0.00475124
0.0986477
-0.199194
0.163124
-0.139664
-0.192484
-0.0424885
0.0351866
0.0494572
0.0567065
-0.0780697
-0.117192
-0.126868
0.0268986
-0.153111
-0.0802328
-0.13189
0.133522
0.104789
-0.194791
0.0715167
-0.0624022
0.000728738
-0.136624
-0.158497
0.164662
-0.081045
0.00418456
0.0172364
-0.162289
-0.198646
-0.0516907
0.18415
0.0603123
-0.0951866
0.00911378
-0.119033
0.100942
0.118892
0.046597
0.0808895
0.00286289
0.0161814
0.0412355
0.018938
-0.0109143
-0.122277
-0.0690171
-0.115556
-0.0647101
0.189038
-0.00206863
0.170966
0.0727505
0.174235
-0.0401821
0.114909
-0.143941
-0.0243144
-0.0509984
0.170439
-0.194187
-0.169896
0.188598
0.1063
-0.0954526
0.197537
0.163259
-0.0875327
0.196946
-0.0269296
-0.0841222
-0.0414617
-0.0706168
-0.156278
0.0867795
0.111123
0.048268
-0.191059
-0.0762715
-0.0801972
0.108779
-0.175284
-0.133954
-0.1847
-0.178989
0.105725
-0.0828473
0.129334
-0.0260255
0.0179546
-0.0276615
0.01399
-0.185868
-0.127016
-0.0689917
-0.00852997
0.0160004
-0.0326453
0.135633
0.136229
0.0316565
-0.0180988
-0.0589554
0.119785
-0.153801
0.0929685
-0.103114
-0.173565
-0.161907
-0.0888181
0.129841
0.0140091
0.100741
0.117312
0.0302919
0.139269
-0.0934907
-0.128575
0.0445966
-0.1594
-0.19702
0.0934282
-0.193965
-0.142234
0.149568
0.197107
-0.0634242
0.147252
0.0934697
0.0937466
-0.11733
-0.0729857
-0.133732
-0.109015
0.0573632
0.00759658
-0.196558
0.061811
0.199218
0.00230178
0.104893
-0.0840193
-0.146836
-0.141907
0.0133257
0.147438
0.151631
-0.161311
0.118254
0.0377534
0.126798
0.184882
-0.18392
-0.0677483
-0.164162
0.0601154
0.176849
-0.166936
-0.195445
-0.137981
0.103137
-0.138148
-0.130025
-0.191026
0.169123
-0.164073
-0.0801372
-0.105249
0.0360268
0.155554
-0.00549126
-0.0280352
-0.126445
0.170719
0.0935969
-0.18398
-0.0205514
0.172348
-0.114101
-0.196398
-0.0188094
0.125182
-0.100057
-0.194459
-0.169317
0.0996505
0.173201
-0.176532
-0.133528
-0.0440508
-0.114391
-0.00415276
0.0428191
-0.165028
0.00463183
0.0735351
-0.0597532
-0.0423099
0.0924181
0.181439
0.0333994
-0.181149
0.0228175
-0.0114927
0.0941825
-0.136732
0.151752
-0.0503092
0.0961327
-0.193889
-0.0562618
0.162705
0.00502383
0.155321
-0.0403946
0.146929
-0.191883
-0.199366
-0.185374
0.0937301
-0.0468235
-0.101912
-0.179557
-0.0735849
0.101557
-0.13867
0.120882
0.111578
0.0940531
0.0850016
-0.0942697
0.108123
0.188953
-0.171828
-0.00824224
0.141394
-0.0957331
0.0675677
0.167216
0.0557557
-0.199672
-0.0667881
-0.0267635
-0.109764
-0.138096
0.130083
0.16698
-0.071454
-0.138743
-0.175458
0.0169813
-0.0663066
0.143366
-0.197879
-0.0678718
0.147045
-0.00167507
0.0373537
-0.122478
-0.0498039
-0.018876
0.113252
0.00754831
0.131037
-0.0837227
0.146078
-0.0693268
0.0122055
0.165391
-0.0268778
0.126419
-0.153206
0.00121895
0.0976604
0.0348947
0.148255
0.175243
-0.111612
-0.155843
-0.00944821
0.0425849
-0.0137056
-0.175301
0.130874
0.181479
0.017289
0.0912432
-0.0487289
0.192091
0.108185
-0.129368
0.171473
-0.164689
-0.164971
0.0850164
5.692e-05
-0.0826953
0.159597
0.0289321
0.0532415
0.0554435
0.180635
-0.159497
-0.0215243
0.191016
0.00633402
-0.100757
0.19142
-0.00379665
0.159318
0.0116826
0.135489
-0.176257
0.186951
-0.105047
0.0881261
0.168748
-0.0425205
-0.0491398
0.177802
-0.0403513
-0.0871176
0.180303
-0.172408
-0.0570022
-0.135501
0.139623
0.157572
-0.0923966
0.189588
-0.0402141
0.0648852
-0.0699555
-0.0719159
-0.152978
0.0571231
0.14415
-0.12811
-0.000279132
0.122623
0.071389
0.157903
-0.146378
-0.125109
-0.0254339
0.0519397
-0.171829
-0.0698071
0.0495519
0.00303174
0.0673395
0.0590298
0.0771715
-0.0662162
-0.107809
-0.091153
0.123546
-0.0733306
0.0106121
0.197908
0.0438231
0.150594
0.168351
0.122524
-0.176575
0.164638
0.133512
0.086004
-0.188849
-0.133433
-0.0472074
-0.0921517
-0.0808016
0.033535
0.163313
-0.179277
0.11532
-0.161655
-0.0647887
0.0736276
-0.106011
-0.0137741
0.00216999
-0.134438
0.13071
-0.0699654
0.143845
0.00684484
-0.0994606
0.173572
-0.1271
0.133767
0.193015
-0.0906833
-0.14012
-0.154433
-0.0929106
0.0961807
-0.167207
0.0651737
0.0928656
0.0942708
0.133116
-0.0768931
0.117301
0.170712
0.16867
-0.0749009
0.196664
0.150551
0.0336528
0.182039
0.131209
-0.185797
-0.115101
-0.188111
0.0638738
0.00526037
0.105643
-0.0804537
-0.108758
0.12046
0.0669037
-0.134303
-0.0312337
-0.0795621
0.114571
0.118243
-0.0757582
0.115976
-0.0167317
-0.0729008
-0.162393
0.183786
-0.112308
-0.0936787
-0.0356378
0.0626136
0.131895
0.167678
0.114938
0.0830377
0.194164
-0.0790229
-0.148842
0.146867
-0.179646
0.0933463
-0.154717
0.064306
0.122305
0.0107988
-0.0836673
0.0809871
0.0957753
-0.194368
0.0713627
0.0728967
-0.197916
0.0800523
-0.0738797
-0.198859
0.02739
0.0307977
0.0122631
0.107595
-0.143612
-0.0300865
-0.129512
0.0970621
-0.0265396
-0.00439761
-0.00615092
-0.180755
0.026048
0.0742442
0.187872
0.0191048
-0.0952101
0.176378
0.0155241
0.161979
-0.174668
-0.0305093
0.144501
-0.149986
0.0588229
-0.0799964
-0.0974039
0.0329243
-0.0342714
-0.0685549
0.163223
0.084144
-0.173882
0.0384583
0.0372179
-0.0131761
-0.0317642
0.191055
0.0629562
-0.00745217
0.0570942
-0.173368
0.087151
-0.0505987
-0.0132545
-0.134437
-0.0290434
-0.0120587
0.12624
0.146946
0.124695
-0.171767
-0.0015991
-0.144355
0.0771713
0.163125
-0.166289
-0.0212739
-0.136288
0.0162981
0.0969165
0.112309
0.121566
-0.106252
-0.0151181
0.031459
0.0456278
0.129544
0.0187338
0.0533096
-0.0641745
-0.0773386
0.118956
-0.148495
-0.0938486
0.181793
0.138623
0.151827
-0.0323558
-0.17108
0.13515
-0.105427
0.135773
0.0352741
0.0905358
0.0506724
-0.0187803
-0.0228404
-0.0900282
0.193106
0.0885809
0.130944
-0.0982681
0.00663133
-0.192358
-0.164116
-0.164172
0.102482
-0.122381
-0.126891
-0.10111
0.0692868
0.107012
-0.06927
-0.0922542
-0.113761
0.144228
0.165505
0.139432
-0.157113
-0.181238
-0.0929786
-0.0788057
-0.169921
0.0889586
-0.142556
0.024136
-0.173207
0.145157
0.00166558
0.0692843
-0.0418982
-0.0644197
0.0827089
-0.118448
0.062591
0.195727
0.0403036
0.158696
-0.16869
0.155752
-0.141774
-0.0541583
0.126157
-0.18063
0.0980657
0.0966049
0.0818971
0.0350463
-0.19684
0.0175157
-0.151332
0.179317
-0.119132
0.0484924
0.152202
-0.0749593
-0.149088
0.0441058
-0.160123
-0.0623716
0.00633444
-0.176255
-0.142734
0.0987873
0.13058
-0.19498
0.186808
-0.0483407
0.127455
0.147876
-0.0562269
0.132911
-0.154149
-0.0924003
0.146941
-0.0101223
0.154848
-0.0339813
0.0306247
0.154852
0.0643201
0.0481747
-0.163626
-0.0390794
0.177983
0.00583522
0.0370396
-0.140761
-0.0664667
0.120221
0.115328
-0.105215
0.159574
-0.100935
0.183016
-0.184227
0.0826331
0.0627084
0.164291
-0.0869708
-0.15263
-0.176763
-0.0724263
0.0551609
-0.00533146
0.194279
0.0529304
-0.0408776
0.127735
-0.0814205
-0.186203
0.0557332
0.127385
0.0939357
-0.194712
-0.0288783
0.110288
-0.0584427
0.0890898
-0.0387585
-0.0220289
-0.192468
-0.0379034
-0.143732
-0.130276
0.125233
0.143378
-0.0434917
0.126896
0.123955
0.0643026
0.12843
-0.0272012
-0.187298
-0.171358
-0.162817
0.0214906
-0.00290695
0.0354208
-0.0899763
-0.197515
-0.159165
0.009414
-0.00508083
0.141318
-0.107963
0.0745485
-0.10415
-0.16521
0.0424311
0.190215
-0.0300905
0.00118637
-0.0371147
-0.0230756
0.0533229
-0.0894678
-0.0422955
0.18757
-0.01834
0.0840935
0.0827718
-0.0446571
0.18088
-0.0132466
-0.141785
-0.195086
-0.13939
-0.0761204
0.0249569
-0.0845701
-0.196055
-0.17728
0.171548
-0.131001
-0.178641
-0.0655028
-0.15842
-0.105678
0.171651
0.0585985
-0.144478
-0.0807797
-0.0808237
-0.0224348
0.08213
-0.0154728
0.0779487
-0.174721
-0.116072
-0.0456858
-0.163024
-0.196688
0.109737
-0.171131
0.0021565
0.133552
-0.166943
0.142158
-0.15737
-0.0100024
-0.0768457
0.0648768
0.0988896
0.187437
-0.0431731
0.182654
0.16542
-0.188413
0.170745
0.132641
-0.124452
0.183972
-0.196893
-0.0143127
0.108622
0.0330958
0.0335359
-0.0720672
-0.0641418
0.193459
-0.067832
0.163149
0.189194
0.12181
-0.185742
-0.0933911
-0.177169
0.148075
-0.158873
-0.0328659
0.0383817
-0.183968
0.0808374
0.117394
-0.0998718
-0.0863103
0.0251576
-0.032603
0.0424749
-0.0545435
0.172764
0.0733417
0.0789207
-0.0251611
0.0956928
0.0247894
0.0324825
0.0127851
-0.133991
0.0595759
0.136594
0.0467491
0.197032
0.0052233
-0.0204353
0.0772924
-0.127612
0.0755748
0.0292033
-0.161171
0.0466342
0.14423
0.0182032
0.181368
0.121292
0.0815339
0.120152
0.0725247
-0.159808
-0.0618641
-0.0410395
-0.0506232
0.182743
-0.071128
-0.0588986
-0.101883
0.0404345
-0.160076
0.145223
0.154031
-0.153092
-0.184616
0.196608
-0.0792507
0.0819481
0.175269
-0.023614
0.165229
-0.0874436
-0.154039
-0.0173162
0.0358766
-0.170677
0.0569318
-0.0780255
0.185305
-0.194555
-0.189761
0.144387
0.045732
0.0676174
-0.0539076
-0.0577555
-0.0834628
0.195176
-0.012278
0.0850264
-0.0268739
-0.12771
-0.150517
-0.126372
-0.103338
-0.174567
-0.0176185
0.0423927
0.103891
0.0135313
-0.0250295
0.068664
0.192051
-0.150047
0.069841
-0.156474
-0.0129828
0.0936418
0.055389
0.12421
-0.0184201
-0.00308133
-0.00403509
-0.140358
-0.069443
-0.10341
-0.105577
-0.153907
0.0989186
0.104718
-0.0420637
-0.0882908
-0.133413
-0.121455
-0.0412601
0.0985417
-0.168094
0.0221461
0.11153
-0.0294109
0.090902
0.184449
0.145501
0.11387
0.123951
-0.128245
0.180989
0.0990431
-0.195336
-0.0153658
0.152049
0.0857952
-0.115549
-0.163789
0.0588009
0.0961154
0.0407459
-0.160023
0.0131912
-0.0769792
-0.0658423
0.145401
0.103625
-0.0796709
0.162697
-0.19949
0.114273
0.0653899
0.0245164
-0.1944
0.185104
0.0990527
0.0469898
-0.0990623
-0.140798
0.0935409
-0.0925822
-0.0775411
0.0490248
-0.196214
-0.0931195
-0.163314
0.197856
0.0293913
-0.187715
0.0832079
-0.136364
0.0363658
-0.142316
0.122068
-0.116984
-0.0061509
0.141553
0.109045
0.132972
-0.176088
-0.199766
0.190119
0.131502
0.0248905
0.0424278
0.0980762
-0.00177723
-0.155457
-0.0578823
-0.0572435
0.149826
-0.108513
-0.189143
0.15786
0.024166
-0.0716923
-0.0378292
-0.0852319
0.0840982
-0.094601
0.18748
0.0151521
-0.130239
-0.0876402
0.175231
-0.13692
0.107753
0.144713
-0.0976157
-0.117756
0.0663368
-0.0829235
0.0794639
-0.0827616
0.0369083
-0.190012
-0.0754153
-0.160919
-0.143931
-0.139584
-0.155172
-0.182896
-0.162063
-0.0204124
0.0538703
-0.0266083
-0.158126
0.130779
0.0283085
-0.190767
-0.152393
-0.050141
0.0755999
-0.0396267
0.140143
0.167133
0.140017
-0.129018
0.108794
0.193366
0.128338
-0.0784336
-0.0387631
-0.0676297
0.0161292
0.0680259
0.0910554
-0.0150222
-0.0649701
0.025786
-0.0276023
-0.0309328
0.09555
0.139452
-0.188155
-0.118486
0.0842737
-0.146242
0.0314973
0.0600944
0.0579932
0.156609
0.00278
0.0632807
-0.180131
0.173471
-0.147601
0.104999
-0.109999
0.0538341
0.149604
0.0788378
-0.0590374
-0.0884851
0.0265232
0.144685
0.088653
-0.162056
0.169606
-0.0696826
0.0941041
0.140077
0.0182236
0.0481725
0.100348
-0.137952
0.018159
-0.066568
-0.153576
-0.177035
-0.0533096
-0.15313
-0.161706
-0.104356
-0.188985
-0.138856
0.131096
-0.0848202
-0.155898
-0.112124
0.126434
0.135369
0.0272156
-0.137618
0.0554167
0.175706
0.0835069
-0.0478423
0.0975074
0.12388
-0.0681024
0.13373
0.0330786
-0.00315884
-0.195205
-0.0883255
-0.0152553
-0.178722
-0.174144
0.104999
-0.0883186
0.0657139
0.0327287
-0.0552396
-0.161769
-0.0984603
0.199517
0.0528029
0.116259
0.187121
-0.00317295
-0.181735
-0.199017
-0.174079
0.146483
-0.0793599
0.134157
-0.0404431
-0.16351
-0.0353989
-0.00999669
-0.10011
-0.032159
-0.139692
0.117026
-0.0305562
-0.032777
0.0614397
0.139779
0.168087
-0.171234
-0.182146
0.0868685
0.0118773
0.0293554
0.192838
-0.0116223
-0.00459216
0.111047
0.023526
0.161504
0.0429782
0.0590851
-0.19636
-0.184819
-0.00346512
0.00137913
0.185758
0.0577617
0.11101
0.0944627
-0.114972
-0.096794
0.135113
-0.0812188
0.161821
-0.18393
-0.153341
0.0543566
-0.046087
-0.0782446
0.182703
0.177516
0.148652
0.00387323
-0.0486562
-0.148054
-0.114486
0.118745
0.109783
0.0604109
-0.0990234
-0.0132029
0.155312
-0.146896
0.0997762
-0.00220427
-0.108341
0.0701538
0.119331
0.105546
-0.15458
0.104144
-0.0247959
-0.0222644
0.0170242
0.182493
-0.163176
0.0915825
-0.00599945
0.0486641
-0.109169
0.0366216
0.160513
-0.053449
-0.137901
-0.0605911
-0.117799
0.00660002
-0.1889
-0.172637
-0.131079
-0.0535669
-0.151308
0.196034
-0.146752
-0.0854575
-0.0263464
0.0813531
0.100837
0.100057
0.197544
-0.111042
-0.0839968
-0.151905
0.040755
0.150684
0.0657972
0.166196
0.0778289
0.185283
-0.0707832
-0.00905075
0.023845
0.15927
-0.0158337
-0.00591751
-0.133409
-0.179358
0.0459504
-0.0945761
0.197175
0.17971
0.0466238
0.162764
-0.111792
0.153738
0.140208
-0.0670168
0.0128762
-0.165023
-0.157386
-0.130984
-0.1536
0.193982
-0.163364
-0.0423577
0.0322289
0.164726
888888
0.05
0.05
0.05
0.05
0.05
0.05
0.05
0.05
0.05
0.05
0.05
0.05
0.05
0.05
0.05
0.05
0.05
0.05
0.05
0.05
0.05
0.05
0.05
0.05
0.05
0.05
0.05
0.05
0.05
0.05
0.05
0.05
0.05
0.05
0.05
0.05
0.05
0.05
0.05
0.05
0.05
0.05
0.05
0.05
0.05
0.05
0.05
0.05
0.05
0.05
0.05
0.05
0.05
0.05
0.05
0.05
0.05
0.05
0.05
0.05
0.05
0.05
0.05
0.05
0.05
0.05
0.05
0.05
0.05
0.05
0.05
0.05
0.05
0.05
0.05
0.05
0.05
0.05
0.05
0.05
0.05
0.05
0.05
0.05
0.05
0.05
0.05
0.05
0.05
0.05
0.05
0.05
0.05
0.05
0.05
0.05
0.05
0.05
0.05
0.05
0.05
0.05
0.05
0.05
0.05
0.05
0.05
0.05
0.05
0.05
0.05
0.05
0.05
0.05
0.05
0.05
0.05
0.05
0.05
0.05
0.05
0.05
0.05
0.05
0.05
0.05
0.05
0.05
0.05
0.05
0.05
0.05
0.05
0.05
0.05
0.05
0.05
0.05
0.05
0.05
0.05
0.05
0.05
0.05
0.05
0.05
0.05
0.05
0.05
0.05
0.05
0.05
0.05
0.05
0.05
0.05
0.05
0.05
0.05
0.05
0.05
0.05
0.05
0.05
0.05
0.05
0.05
0.05
0.05
0.05
0.05
0.05
0.05
0.05
0.05
0.05
0.05
0.05
0.05
0.05
0.05
0.05
0.05
0.05
0.05
0.05
0.05
0.05
0.05
0.05
0.05
0.05
0.05
0.05
0.05
0.05
0.05
0.05
0.05
0.05
0.05
0.05
0.05
0.05
0.05
0.05
0.05
0.05
0.05
0.05
0.05
0.05
0.05
0.05
0.05
0.05
0.05
0.05
0.05
0.05
0.05
0.05
0.05
0.05
0.05
0.05
0.05
0.05
0.05
0.05
0.05
0.05
0.05
0.05
0.05
0.05
0.05
0.05
0.05
0.05
0.05
0.05
0.05
0.05
0.05
0.05
0.05
0.05
0.05
0.05
0.05
0.05
0.05
0.05
0.05
0.05
0.05
0.05
0.05
0.05
0.05
0.05
0.05
0.05
0.05
0.05
0.05
0.05
0.05
0.05
0.05
0.05
0.05
0.05
0.05
0.05
0.05
0.05
0.05
0.05
0.05
0.05
0.05
0.05
0.05
0.05
0.05
0.05
0.05
0.05
0.05
0.05
0.05
0.05
0.05
0.05
0.05
0.05
0.05
0.05
0.05
0.05
0.05
0.05
0.05
0.05
0.05
0.05
0.05
0.05
0.05
0.05
0.05
0.05
0.05
0.05
0.05
0.05
0.05
0.05
0.05
0.05
0.05
0.05
0.05
0.05
0.05
0.05
0.05
0.05
0.05
0.05
0.05
0.05
0.05
0.05
0.05
0.05
0.05
0.05
0.05
0.05
0.05
0.05
0.05
0.05
0.05
0.05
0.05
0.05
0.05
0.05
0.05
0.05
0.05
0.05
0.05
0.05
0.05
0.05
0.05
0.05
0.05
0.05
0.05
0.05
0.05
0.05
0.05
0.05
0.05
0.05
0.05
0.05
0.05
0.05
0.05
0.05
0.05
0.05
0.05
0.05
0.05
0.05
0.05
0.05
0.05
0.05
0.05
0.05
0.05
0.05
0.05
0.05
0.05
0.05
0.05
0.05
0.05
0.05
0.05
0.05
0.05
0.05
0.05
0.05
0.05
0.05
0.05
0.05
0.05
0.05
0.05
0.05
0.05
0.05
0.05
0.05
0.05
0.05
0.05
0.05
0.05
0.05
0.05
0.05
0.05
0.05
0.05
0.05
0.05
0.05
0.05
0.05
0.05
0.05
0.05
0.05
0.05
0.05
0.05
0.05
0.05
0.05
0.05
0.05
0.05
0.05
0.05
0.05
0.05
0.05
0.05
0.05
0.05
0.05
0.05
0.05
0.05
0.05
0.05
0.05
0.05
0.05
0.05
0.05
0.05
0.05
0.05
0.05
0.05
0.05
0.05
0.05
0.05
0.05
0.05
0.05
0.05
0.05
0.05
0.05
0.05
0.05
0.05
0.05
0.05
0.05
0.05
0.05
0.05
0.05
0.05
0.05
0.05
0.05
0.05
0.05
0.05
0.05
0.05
0.05
0.05
0.05
0.05
0.05
0.05
0.05
0.05
0.05
0.05
0.05
0.05
0.05
0.05
0.05
0.05
0.05
0.05
0.05
0.05
0.05
0.05
0.05
0.05
0.05
0.05
0.05
0.05
0.05
0.05
0.05
0.05
0.05
0.05
0.05
0.05
0.05
0.05
0.05
0.05
0.05
0.05
0.05
0.05
0.05
0.05
0.05
0.05
0.05
0.05
0.05
0.05
0.05
0.05
0.05
0.05
0.05
0.05
0.05
0.05
0.05
0.05
0.05
0.05
0.05
0.05
0.05
0.05
0.05
0.05
0.05
0.05
0.05
0.05
0.05
0.05
0.05
0.05
0.05
0.05
0.05
0.05
0.05
0.05
0.05
0.05
0.05
0.05
0.05
0.05
0.05
0.05
0.05
0.05
0.05
0.05
0.05
0.05
0.05
0.05
0.05
0.05
0.05
0.05
0.05
0.05
0.05
0.05
0.05
0.05
0.05
0.05
0.05
0.05
0.05
0.05
0.05
0.05
0.05
0.05
0.05
0.05
0.05
0.05
0.05
0.05
0.05
0.05
0.05
0.05
0.05
0.05
0.05
0.05
0.05
0.05
0.05
0.05
0.05
0.05
0.05
0.05
0.05
0.05
0.05
0.05
0.05
0.05
0.05
0.05
0.05
0.05
0.05
0.05
0.05
0.05
0.05
0.05
0.05
0.05
0.05
0.05
0.05
0.05
0.05
0.05
0.05
0.05
0.05
0.05
0.05
0.05
0.05
0.05
0.05
0.05
0.05
0.05
0.05
0.05
0.05
0.05
0.05
0.05
0.05
0.05
0.05
0.05
0.05
0.05
0.05
0.05
0.05
0.05
0.05
0.05
0.05
0.05
0.05
0.05
0.05
0.05
0.05
0.05
0.05
0.05
0.05
0.05
0.05
0.05
0.05
0.05
0.05
0.05
0.05
0.05
0.05
0.05
0.05
0.05
0.05
0.05
0.05
0.05
0.05
0.05
0.05
0.05
0.05
0.05
0.05
0.05
0.05
0.05
0.05
0.05
0.05
0.05
0.05
0.05
0.05
0.05
0.05
0.05
0.05
0.05
0.05
0.05
0.05
0.05
0.05
0.05
0.05
0.05
0.05
0.05
0.05
0.05
0.05
0.05
0.05
0.05
0.05
0.05
0.05
0.05
0.05
0.05
0.05
0.05
0.05
0.05
0.05
0.05
0.05
0.05
0.05
0.05
0.05
0.05
0.05
0.05
0.05
0.05
0.05
0.05
0.05
0.05
0.05
0.05
0.05
0.05
0.05
0.05
0.05
0.05
0.05
0.05
0.05
0.05
0.05
0.05
0.05
0.05
0.05
0.05
0.05
0.05
0.05
0.05
0.05
0.05
0.05
0.05
0.05
0.05
0.05
0.05
0.05
0.05
0.05
0.05
0.05
0.05
0.05
0.05
0.05
0.05
0.05
0.05
0.05
0.05
0.05
0.05
0.05
0.05
0.05
0.05
0.05
0.05
0.05
0.05
0.05
0.05
0.05
0.05
0.05
0.05
0.05
0.05
0.05
0.05
0.05
0.05
0.05
0.05
0.05
0.05
0.05
0.05
0.05
0.05
0.05
0.05
0.05
0.05
0.05
0.05
0.05
0.05
0.05
0.05
0.05
0.05
0.05
0.05
0.05
0.05
0.05
0.05
0.05
0.05
0.05
0.05
0.05
0.05
0.05
0.05
0.05
0.05
0.05
0.05
0.05
0.05
0.05
0.05
0.05
0.05
0.05
0.05
0.05
0.05
0.05
0.05
0.05
0.05
0.05
0.05
0.05
0.05
0.05
0.05
0.05
0.05
0.05
0.05
0.05
0.05
0.05
0.05
0.05
0.05
0.05
0.05
0.05
0.05
0.05
0.05
0.05
0.05
0.05
0.05
0.05
0.05
0.05
0.05
0.05
0.05
0.05
0.05
0.05
0.05
0.05
0.05
0.05
0.05
0.05
0.05
0.05
0.05
0.05
0.05
0.05
0.05
0.05
0.05
0.05
0.05
0.05
0.05
0.05
0.05
0.05
0.05
0.05
0.05
0.05
0.05
0.05
0.05
0.05
0.05
0.05
0.05
0.05
0.05
0.05
0.05
0.05
0.05
0.05
0.05
0.05
0.05
0.05
0.05
0.05
0.05
0.05
0.05
0.05
0.05
0.05
0.05
0.05
0.05
0.05
0.05
0.05
0.05
0.05
0.05
0.05
0.05
0.05
0.05
0.05
0.05
0.05
0.05
0.05
0.05
0.05
0.05
0.05
0.05
0.05
0.05
0.05
0.05
0.05
0.05
0.05
0.05
0.05
0.05
0.05
0.05
0.05
0.05
0.05
0.05
0.05
0.05
0.05
0.05
0.05
0.05
0.05
0.05
0.05
0.05
0.05
0.05
0.05
0.05
0.05
0.05
0.05
0.05
0.05
0.05
0.05
0.05
0.05
0.05
0.05
0.05
0.05
0.05
0.05
0.05
0.05
0.05
0.05
0.05
0.05
0.05
0.05
0.05
0.05
0.05
0.05
0.05
0.05
0.05
0.05
0.05
0.05
0.05
0.05
0.05
0.05
0.05
0.05
0.05
0.05
0.05
0.05
0.05
0.05
0.05
0.05
0.05
0.05
0.05
0.05
0.05
0.05
0.05
0.05
0.05
0.05
0.05
0.05
0.05
0.05
0.05
0.05
0.05
0.05
0.05
0.05
0.05
0.05
0.05
0.05
0.05
0.05
0.05
0.05
0.05
0.05
0.05
0.05
0.05
0.05
0.05
0.05
0.05
0.05
0.05
0.05
0.05
0.05
0.05
0.05
0.05
0.05
0.05
0.05
0.05
0.05
0.05
0.05
0.05
0.05
0.05
0.05
0.05
0.05
0.05
0.05
0.05
0.05
0.05
0.05
0.05
0.05
0.05
0.05
0.05
0.05
0.05
0.05
0.05
0.05
0.05
0.05
0.05
0.05
0.05
0.05
0.05
0.05
0.05
0.05
0.05
0.05
0.05
0.05
0.05
0.05
0.05
0.05
0.05
0.05
0.05
0.05
0.05
0.05
0.05
0.05
0.05
0.05
0.05
0.05
0.05
0.05
0.05
0.05
0.05
0.05
0.05
0.05
0.05
0.05
0.05
0.05
0.05
0.05
0.05
0.05
0.05
0.05
0.05
0.05
0.05
0.05
0.05
0.05
0.05
0.05
0.05
0.05
0.05
0.05
0.05
0.05
0.05
0.05
0.05
0.05
0.05
0.05
0.05
0.05
0.05
0.05
0.05
0.05
0.05
0.05
0.05
0.05
0.05
0.05
0.05
0.05
0.05
0.05
0.05
0.05
0.05
0.05
0.05
0.05
0.05
0.05
0.05
0.05
0.05
0.05
0.05
0.05
0.05
0.05
0.05
0.05
0.05
0.05
0.05
0.05
0.05
0.05
0.05
0.05
0.05
0.05
0.05
0.05
0.05
0.05
0.05
0.05
0.05
0.05
0.05
0.05
0.05
0.05
0.05
0.05
0.05
0.05
0.05
0.05
0.05
0.05
0.05
0.05
0.05
0.05
0.05
0.05
0.05
0.05
0.05
0.05
0.05
0.05
0.05
0.05
0.05
0.05
0.05
0.05
0.05
0.05
0.05
0.05
0.05
0.05
0.05
0.05
0.05
0.05
0.05
0.05
0.05
0.05
0.05
0.05
0.05
0.05
0.05
0.05
0.05
0.05
0.05
0.05
0.05
0.05
0.05
0.05
0.05
0.05
0.05
0.05
0.05
0.05
0.05
0.05
0.05
0.05
0.05
0.05
0.05
0.05
0.05
0.05
0.05
0.05
0.05
0.05
0.05
0.05
0.05
0.05
0.05
0.05
0.05
0.05
0.05
0.05
0.05
0.05
0.05
0.05
0.05
0.05
0.05
0.05
0.05
0.05
0.05
0.05
0.05
0.05
0.05
0.05
0.05
0.05
0.05
0.05
0.05
0.05
0.05
0.05
0.05
0.05
0.05
0.05
0.05
0.05
0.05
0.05
0.05
0.05
0.05
0.05
0.05
0.05
0.05
0.05
0.05
0.05
0.05
0.05
0.05
0.05
0.05
0.05
0.05
0.05
0.05
0.05
0.05
0.05
0.05
0.05
0.05
0.05
0.05
0.05
0.05
0.05
0.05
0.05
0.05
0.05
0.05
0.05
0.05
0.05
0.05
0.05
0.05
0.05
0.05
0.05
0.05
0.05
0.05
0.05
0.05
0.05
0.05
0.05
0.05
0.05
0.05
0.05
0.05
0.05
0.05
0.05
0.05
0.05
0.05
0.05
0.05
0.05
0.05
0.05
0.05
0.05
0.05
0.05
0.05
0.05
0.05
0.05
0.05
0.05
0.05
0.05
0.05
0.05
0.05
0.05
0.05
0.05
0.05
0.05
0.05
0.05
0.05
0.05
0.05
0.05
0.05
0.05
0.05
0.05
0.05
0.05
0.05
0.05
0.05
0.05
0.05
0.05
0.05
0.05
0.05
0.05
0.05
0.05
0.05
0.05
0.05
0.05
0.05
0.05
0.05
0.05
0.05
0.05
0.05
0.05
0.05
0.05
0.05
0.05
0.05
0.05
0.05
0.05
0.05
0.05
0.05
0.05
0.05
0.05
0.05
0.05
0.05
0.05
0.05
0.05
0.05
0.05
0.05
0.05
0.05
0.05
0.05
0.05
0.05
0.05
0.05
0.05
0.05
0.05
0.05
0.05
0.05
0.05
0.05
0.05
0.05
0.05
0.05
0.05
0.05
0.05
0.05
0.05
0.05
0.05
0.05
0.05
0.05
0.05
0.05
0.05
0.05
0.05
0.05
0.05
0.05
0.05
0.05
0.05
0.05
0.05
0.05
0.05
0.05
0.05
0.05
0.05
0.05
0.05
0.05
0.05
0.05
0.05
0.05
0.05
0.05
0.05
0.05
0.05
0.05
0.05
0.05
0.05
0.05
0.05
0.05
0.05
0.05
0.05
0.05
0.05
0.05
0.05
0.05
0.05
0.05
0.05
0.05
0.05
0.05
0.05
0.05
0.05
0.05
0.05
0.05
0.05
0.05
0.05
0.05
0.05
0.05
0.05
0.05
0.05
0.05
0.05
0.05
0.05
0.05
0.05
0.05
0.05
0.05
0.05
0.05
0.05
0.05
0.05
0.05
0.05
0.05
0.05
0.05
0.05
0.05
0.05
0.05
0.05
0.05
0.05
0.05
0.05
0.05
0.05
0.05
0.05
0.05
0.05
0.05
0.05
0.05
0.05
777777