2.25858
999999
0.0325519
0.193793
-0.021326
0.0558429
0.0650457
-0.0245013
-0.0113361
-0.0774781
-0.0161829
-0.141961
-0.00988121
0.158649
-0.0267216
0.146822
0.0909762
-0.00816529
0.171536
-0.0679555
0.136015
0.0750068
-0.099148
0.0080893
-0.0995359
-0.155641
0.139081
0.173642
-0.106568
-0.0974352
-0.0886108
-0.00429734
0.0891474
0.0919624
0.0750786
0.0615084
0.0560676
-0.106767
0.0640477
-0.0189527
-0.054224
0.156791
-0.173466
0.0435752
-0.10592
-4.61223e-05
-0.115739
0.196122
0.0654505
-0.0496989
-0.188466
-0.0137608
0.0304649
0.103784
0.0360314
0.133731
0.0961816
0.115382
0.0204824
0.18399
-0.137179
0.0136278
0.163867
-0.091748
-0.0643834
-0.00589168
-0.0762414
-0.053695
0.147105
-0.047381
-0.0775766
0.0708262
0.00475836
-0.122939
-0.117852
0.122482
0.0333485
0.0416236
-0.118181
0.162485
-0.104167
0.0661034
0.0634693
-0.139292
-0.190195
0.102414
0.139707
0.00153789
-0.101937
-0.111117
-0.171557
0.100417
-0.193883
0.0467997
0.00337605
-0.0659585
-0.177158
0.121782
0.0289512
-0.162449
0.138554
-0.0853202
-0.0421263
0.00878105
-0.16238
-0.150636
-0.106816
-0.013644
0.0736184
0.127396
0.000151877
-0.042462
0.0974218
-0.106617
0.00282155
-0.0466607
-0.134447
0.00147781
-0.090362
0.149844
-0.199785
-0.15095
0.0848489
-0.0738942
-0.11706
-0.0721753
-0.0462891
-0.03224
0.176558
0.172411
0.062566
-0.0205748
-0.0790561
0.0074802
-0.0962469
-0.149228
-0.0324841
0.0517857
0.0113979
-0.04088
0.137082
0.0275465
0.0479684
-0.190776
0.12965
0.143558
0.0511378
0.185475
0.0214791
-0.0249853
-0.0159745
-0.156077
-0.0062667
0.1883
0.163709
0.191423
-0.117684
-0.0799929
0.0484105
0.113293
0.16817
-0.198806
-0.0228197
-0.0993387
0.126734
0.102196
0.181026
0.111612
-0.0851132
0.17174
-0.0674256
0.000426601
-0.0849739
0.0245036
0.139683
-0.0734753
0.0970211
-0.0926876
0.0686259
-0.18772
0.164787
-0.028791
0.0791071
0.0363781
-0.0246538
-0.0735367
-0.160329
0.0841918
-0.0973255
0.0991304
0.0303841
0.15707
-0.081024
0.173312
0.137998
0.0575693
0.194736
-0.040151
-0.122785
-0.0498992
0.0557365
-0.0788009
0.0133532
0.0910002
-0.181985
-0.118885
0.0742954
0.0891107
0.0127604
-0.144223
-0.159097
0.184742
-6.33867e-05
0.137055
-0.10924
-0.137388
0.114364
0.160868
0.0895985
0.185531
0.164344
0.0397022
0.0938366
-0.167196
0.179712
0.112308
-0.0687086
-0.147342
-0.0192399
0.145383
-0.101974
-0.0471157
0.0294769
0.159569
0.175782
0.0695163
0.0154776
-0.163313
0.122909
-0.0581052
0.118874
0.175264
-0.0779026
0.0683987
-0.0664021
0.000281628
-0.187022
0.0243634
-0.14838
0.145869
-0.0693869
-0.170005
0.171713
0.0328191
-0.0306512
0.15156
-0.112795
0.058148
-0.174733
-0.0233167
-0.199098
-0.144458
-0.117968
-0.10203
-0.116475
-0.111667
-0.0847317
-0.132478
-0.134874
0.149568
-0.193467
-0.106986
0.12276
-0.0124856
-0.121197
-0.163256
-0.104229
-0.10627
-0.0282344
-0.121765
0.0333321
-0.107453
0.149695
-0.1583
-0.196301
-0.0920904
0.150527
0.146199
0.0915729
-0.0756381
-0.068662
0.0407053
0.147906
0.152428
0.0376474
-0.015228
-0.149381
0.0416012
-0.0818851
-0.0910313
0.0911117
-0.082187
0.0840273
0.0336676
-0.0908133
-0.186623
-0.00420461
-0.154459
-0.117725
-0.169609
-0.0548437
0.151819
-0.0782429
-0.00882857
-0.0303892
0.129772
-0.103189
-0.0468101
-0.0311571
-0.0544326
0.0473074
0.183275
-0.0906617
0.147085
-0.0847732
0.0319233
0.135851
0.13644
0.0352747
0.185251
-0.024975
0.105447
-0.090586
-0.00852914
0.128657
-0.145055
-0.194258
0.127052
0.0926975
-0.0149139
0.16818
-0.0967863
-0.0566583
-0.097401
0.0899153
-0.0408253
0.128625
0.177323
0.14742
0.0433423
0.0588746
0.140628
-0.031236
0.0163829
-0.183314
-0.162997
0.171148
0.0913924
-0.133967
0.165751
-0.0632452
-0.140205
-0.163367
0.112
-0.00573722
0.0271489
0.0530329
-0.117951
-0.111909
-0.170055
0.0468629
-0.172428
-0.000409306
-0.168488
-0.191581
0.068116
0.00152983
0.0423122
0.185889
-0.0484799
0.189924
0.000884907
0.109671
0.161448
0.130998
0.157282
-0.0179978
0.0913001
0.188612
0.0746849
-0.00977582
-0.0322813
0.169451
-0.157105
-0.165113
-0.0990133
-0.00561661
0.151291
-0.138033
-0.154847
-0.154272
0.184631
-0.116278
0.112929
-0.034244
0.167166
0.0751581
-0.086047
0.164582
0.159939
-0.193914
0.0632145
0.118941
0.0814211
0.125658
0.097925
-0.0963408
-0.0780419
0.0248263
0.00760643
0.0706735
0.122448
-0.103137
-0.0335699
-0.186413
-0.0465804
0.10261
0.145909
0.0431427
0.0639818
0.0741173
0.183017
0.0418339
-0.146814
-0.17085
-0.144223
-0.145356
-0.0357498
-0.157808
0.0405061
0.0820856
-0.0719887
-0.0981453
0.101853
0.120265
0.131587
-0.145921
-0.0348163
-0.0367412
-0.188788
-0.059948
0.112514
-0.181587
0.0691166
0.114308
0.0372933
0.155158
-0.0303594
-0.080559
-0.150587
0.134036
0.0174814
-0.145119
0.112602
0.163781
-0.0694307
0.0312482
0.171321
-0.0596508
-0.113076
0.182335
0.073355
-0.192034
-0.0395493
-0.125792
0.0545006
-0.158485
-0.141338
0.161096
-0.0916754
0.0548026
-0.194233
-0.016874
-0.0863003
-0.0290312
-0.0213081
-0.138133
0.0975421
0.0526302
0.104408
-0.193601
-0.0667407
0.115464
-0.135073
-0.0594248
0.174217
-0.185346
-0.0582069
0.106953
0.0767002
-0.00122524
-0.115949
-0.0503261
0.0449955
0.0533736
0.0304893
0.180427
-0.154736
-0.119375
-0.136588
0.176036
-0.178857
-0.0706985
-0.141435
0.185124
-0.0675087
-0.17147
-0.0618973
0.173721
-0.169826
-0.156231
0.127619
0.19223
-0.155231
-0.168026
-0.129184
0.0704703
0.0440577
-0.163041
0.0870768
-0.180135
-0.0219839
-0.111846
-0.121854
-0.0432813
-0.114599
0.191316
-0.00407432
-0.0940061
-0.056936
0.147487
-0.194822
0.169978
0.0533278
0.109376
0.00266649
-0.0670924
0.0804981
0.0881159
0.0821845
0.0166842
0.194297
-0.12321
0.179152
0.130309
-0.147347
-0.199345
0.16588
-0.164228
-0.0794825
-0.0203132
-0.181755
-0.116442
0.0333031
0.168796
0.077157
-0.0793525
-0.104305
-0.150302
0.118292
-0.13109
-0.18721
0.0633667
0.0660042
-0.0549975
-0.0516888
-0.117359
-0.135432
-0.16182
0.0100784
0.149006
-0.118132
-0.0820403
0.0482207
-0.179699
0.0832356
-0.199639
0.161637
0.172253
-0.169826
-0.152085
-0.0397841
-0.0700318
0.0806788
0.125712
0.0969825
-0.0268902
-0.111363
0.0819194
-0.106323
0.185931
-0.123408
-0.0644108
-0.0192147
0.173285
0.191111
-0.0455531
0.172616
0.196822
0.127458
-0.16434
-0.131751
0.0227231
0.0220321
-0.118453
0.179271
-0.11826
-0.11267
-0.0198684
0.0700885
-0.0118732
-0.072284
0.00268008
-0.0560059
-0.131673
0.0929546
-0.0206366
0.192749
-0.135736
0.00121514
0.106478
-0.0914108
-0.176394
0.181295
-8.98101e-05
-0.138489
-0.0675155
-0.0304016
-0.0706778
-0.185089
0.115032
-0.159523
-0.16844
0.101717
0.0516326
-0.0571602
-0.0711227
-0.0358211
-0.146822
0.176623
0.172043
-0.0501271
0.116618
0.0192747
-0.0993765
-0.000735571
0.113483
-0.142371
0.0125854
0.162377
0.0124635
-0.179675
0.0350326
0.0819661
0.143599
-0.125779
-0.140682
-0.162568
-0.0124631
-0.174096
0.0652844
0.167851
0.119678
-0.0036429
-0.192972
-0.122795
-0.142536
-0.00188878
-0.0251557
0.10575
-0.0838019
-0.171101
0.134615
0.109752
0.0243865
-0.195588
-0.0301522
-0.177221
-0.00732452
-0.102879
-0.105922
-0.0265705
-0.0148395
0.185863
0.0228411
0.153016
-0.143603
-0.115918
-0.0630721
0.093211
-0.170748
0.171919
0.0595077
0.0593514
-0.107214
-0.178533
0.182041
-0.0228591
-0.0200051
-0.00936461
0.149245
-0.152965
-0.00530809
0.0215551
-0.192009
-0.0826504
0.0792181
-0.183954
0.0661517
-0.190128
0.0931685
-0.160833
0.183292
-0.136445
0.127398
-0.0888146
-0.102855
-0.158426
0.144318
-0.0490061
0.0318843
0.13064
-0.0789762
-0.00226974
-0.190635
-0.169459
-0.00971761
0.134779
0.199002
-0.116044
-0.000580098
0.0778714
-0.024715
-0.0187237
0.090257
-0.175449
0.0897941
-0.0638206
0.0353713
0.140164
-0.0755951
-0.0971732
-0.0973337
0.170595
0.191998
-0.0317014
-0.122513
0.0499873
0.14825
-0.0772041
0.0443719
-0.123233
0.160113
-0.0602066
0.0471351
0.188546
0.0835098
-0.103289
0.156392
-0.0997677
0.118058
-0.0834557
0.0508298
-0.156559
-0.191943
-0.165399
0.18131
-0.114357
0.059565
0.027536
0.0391746
-0.0830213
-0.114276
-0.120953
-0.172713
0.0561713
0.13101
0.0234924
-0.14924
-0.180946
0.103835
0.0186312
-0.185712
0.00319643
-0.0150043
0.141603
-0.067937
0.162672
0.0228735
0.0235735
0.0858391
-0.0330154
0.0538454
0.0713435
-0.0182526
0.0606178
-0.066102
-0.170601
0.0816965
-0.00614636
-0.0652519
-0.121829
0.0610636
-0.16565
-0.197586
-0.00709314
0.179844
-0.0333557
-0.136519
0.0719147
0.0484439
-0.180341
-0.0784707
-0.0534109
0.00649215
-0.145423
-0.135071
0.149239
0.0283001
-0.107931
0.12835
-0.114699
0.0797142
0.134686
-0.18591
0.0529051
-0.098533
-0.184411
-0.185039
0.173459
0.0827842
-0.02297
0.129762
0.06025
0.0262063
0.0184107
0.166946
-0.0563057
0.0447472
0.114132
0.193098
0.146498
0.0358313
0.0704086
0.188355
-0.0280566
-0.188347
0.0713444
0.0741493
0.170108
-0.083491
0.0642495
-0.00754883
0.0442655
0.00591312
-0.0878604
0.0853697
0.159453
0.0381824
0.101705
0.171305
-0.0605462
-0.151859
0.186702
0.0876369
0.194217
0.0742156
-0.0404347
-0.0775476
-0.177539
0.14012
-0.0380108
0.1947
-0.0603434
0.0835474
-0.0411632
0.0362449
-0.0500164
0.165982
0.0353519
0.138394
0.134191
-0.11131
0.126273
-0.152746
-0.13098
-0.169644
-0.112642
0.0646719
0.151345
-0.128763
0.089765
0.0292053
-0.151023
-0.0279863
-0.0484577
-0.0615508
-0.010358
0.188571
0.0331743
0.0622176
0.0963316
0.011267
0.0850264
-0.0456401
-0.172897
0.013977
-0.118108
0.186048
-0.158933
-0.0986369
-0.155113
0.0958822
0.0444827
0.157819
-0.069929
0.0735244
-0.0960962
-0.0835052
0.00436699
-0.0983121
0.19313
-0.0599826
0.0700472
0.0682933
-0.165307
0.0423567
0.024788
-0.106918
-0.0722685
-0.0473672
0.0135961
0.0419135
0.163914
0.0452351
0.103972
-0.142405
0.167456
0.179336
0.0336528
0.154257
0.194642
0.104438
-0.0220439
-0.0692481
0.197042
-0.0177827
0.0308834
0.182488
-0.116527
-0.142623
-0.0726557
0.163372
0.176776
-0.120438
0.079521
0.180181
-0.0118068
-0.0491952
0.174414
-0.0721332
0.0302272
0.169529
-0.0990804
-0.0157325
0.0587005
-0.181506
-0.170861
-0.0421855
-0.0161639
-0.199567
-0.156856
-0.127262
-0.141218
-0.11067
0.118204
0.0403831
-0.1419
0.182635
-0.145293
0.0463036
0.0659693
0.0868677
-0.0916288
0.0738846
0.0969741
-0.0884065
-0.192624
-0.06415
-0.170259
-0.160466
0.00896511
-0.0193675
-0.190654
-0.0198423
0.169945
-0.0902211
-0.0506437
-0.0351226
0.0234002
0.0210237
0.17146
-0.176853
0.078222
0.0724567
-0.18346
-0.154147
0.0403273
-0.0410291
0.14842
0.0152527
0.155411
-0.1597
-0.162809
0.163182
0.119827
-0.167758
0.134341
-0.128099
-0.100033
0.0992352
-0.133013
0.0222843
0.135066
0.00488439
-0.0590373
0.183755
0.0849038
0.130402
-0.173637
0.148703
0.0950888
-0.194271
-0.00198242
0.00795595
-0.0812798
0.133069
-0.143415
0.129794
-0.107746
-0.103547
-0.0531626
0.171159
0.127609
-0.0481857
0.0827296
0.0901887
-0.0283657
0.0772376
0.0731207
0.117698
0.0926118
0.0575487
0.115195
0.125833
0.130697
0.119593
-0.108736
-0.0247572
0.140635
-0.0274886
0.00975727
0.136466
0.0281294
-0.0175733
-0.136522
-0.0446955
-0.144505
-0.130466
0.124254
-0.190806
0.0509286
-0.0618789
0.174294
0.110536
0.092009
-0.0394333
-0.0891043
-0.0549252
-0.0424434
0.147854
-0.0305553
-0.0176553
0.183364
0.103877
0.0712907
0.185236
-0.184788
0.022769
-0.198682
-0.018265
-0.176307
0.0595076
0.057749
-0.154446
-0.0534464
0.0250207
-0.168155
-0.0412267
-0.077923
-0.0938581
0.104697
-0.0770049
-0.0318015
0.0524271
0.196017
-0.0775343
-0.168696
-0.193818
0.0131696
0.060903
-0.143705
0.0289547
0.184179
-0.12785
-0.00559791
-0.100951
-0.108124
-0.104915
-0.055119
-0.147442
0.113357
-0.130882
0.092969
0.135555
-0.0404791
-0.0765857
-0.0635974
-0.171923
-0.0331722
-0.176265
-0.109559
0.0216878
-0.170811
-0.056899
-0.0223716
-0.127923
0.0931678
0.174664
-0.0690041
0.0477787
-0.0727878
0.143082
-0.115708
-0.0305494
0.0708322
0.0546397
-0.194074
-0.0412317
0.022881
0.155789
0.184059
-0.0489083
-0.0157818
-0.182242
-0.0515179
0.193314
0.0183456
0.00454709
0.104743
0.00042332
-0.127894
0.167392
0.0855463
0.071269
0.0804255
-0.0836941
0.0408375
0.182984
-0.0957646
0.0827915
-0.164769
-0.0410148
-0.156854
-0.0796932
0.164337
-0.0898107
-0.186395
-0.0761441
-0.194798
-0.138768
-0.156891
0.0481526
0.0921743
-0.00452496
-0.1332
-0.156758
-0.107585
-0.115078
-0.173658
-0.0537591
0.189836
-0.116261
-0.0499608
-0.143015
0.119314
0.0755925
-0.0677116
-0.17636
0.0114507
-0.108237
0.0667862
0.136878
-0.0113697
-0.139533
-0.197609
-0.111626
0.0356909
0.1332
0.197561
0.0523583
0.117522
-0.1871
-0.194348
-0.0919236
-0.0297955
0.166835
-0.0665799
0.120657
0.111399
-0.178983
0.0757658
-0.00836795
-0.083027
0.148496
0.184943
-0.115143
0.0885418
-0.135732
-0.00720419
-0.00185793
-0.0294197
0.0940067
0.161836
0.179636
-0.0968912
-0.0710746
0.0505959
0.0113927
0.0722271
-0.0372092
-0.0547734
0.174728
0.103014
-0.0788478
0.146357
-0.0703948
0.165186
-0.133727
0.124891
-0.0669086
0.106255
0.145703
-0.0734537
0.096349
0.127298
-0.026857
0.0552941
0.0142269
0.174987
0.153271
-0.170043
-0.151112
0.195148
0.0225254
0.1231
0.0585569
0.188997
0.18551
0.100172
-0.137229
-0.0590019
0.0768084
-0.154125
-0.0948846
-0.0293804
-0.10179
-0.0462103
0.143299
-0.185052
-0.0260404
0.0534434
0.0466308
0.0934878
-0.155329
0.0277713
-0.104944
-0.164309
-0.0415949
-0.0764032
0.130568
0.0129372
-0.00917254
-0.139839
0.110441
-0.166842
0.00427385
0.15316
-0.0721655
0.0192863
-0.0644956
-0.0376617
0.185609
-0.0442203
0.00240577
0.0220969
-0.0376317
-0.159483
-0.141072
0.00102363
0.190551
0.130267
0.0380059
0.072186
0.12151
-0.17649
-0.118086
-0.017813
-0.0577977
-0.0326554
-0.176579
0.114164
0.0380423
0.164424
0.0334467
0.00529362
0.0261022
-0.108247
0.0886589
-0.150161
-0.0182099
-0.161297
-0.00536233
-0.156128
0.0428911
-0.0111339
0.0456531
-0.00761076
-0.0838139
0.0920699
-0.0751876
-0.0280781
-0.0945029
-0.0193747
0.11876
-0.108877
0.116026
-0.074324
-0.0277244
0.0597044
-0.0290517
0.0861102
-0.135563
-0.150108
-0.045961
0.00275884
-0.139601
0.0197888
-0.0431823
-0.0218042
-0.00418759
-0.109977
0.152952
-0.164342
-0.0321595
0.188942
-0.104553
0.0751783
-0.175734
0.196899
-0.0129055
0.104134
0.0504111
-0.0794882
0.177462
-0.0787572
0.13314
0.149884
-0.185851
-0.017381
-0.0476971
0.197889
0.174275
0.0281637
-0.0149768
-0.0731206
-0.186532
-0.147054
-0.0646984
0.100054
0.199017
-0.0524531
0.120962
-0.0401229
-0.010269
0.0505869
-0.0601796
-0.175546
0.00660845
-0.0791624
-0.0530209
0.0434349
-0.0717127
0.135628
0.0824498
-0.0533177
0.0513596
-0.198764
0.19838
0.03427
-0.122709
-0.0997296
0.0802406
0.0277436
0.01752
-0.194847
-0.0479938
0.130406
0.0726987
0.086054
-0.0983788
0.036226
-0.15616
-0.0824342
0.198459
0.0202297
0.102461
0.173154
-0.18992
-0.155884
-0.0722844
0.187138
0.167036
-0.0899284
-0.168845
-0.194013
-0.0779828
-0.108455
-0.187448
0.0442854
-0.0180417
0.0229521
0.0332185
0.136247
-0.157129
-0.0544444
-0.115197
0.0699096
-0.0312568
-0.182404
-0.131523
0.0540545
0.0334763
-0.0286668
0.186748
-0.187959
0.151806
-0.140113
0.0977187
0.0301338
0.117853
0.0226903
0.101873
0.118064
-0.188839
-0.117491
-0.198302
0.194861
0.197736
-0.0604257
-0.114135
-0.16005
-0.198749
-0.162226
0.149436
0.135376
-0.133535
0.172033
0.0849761
-0.112107
-0.0504305
-0.0624861
-0.0426358
-0.128961
0.0638421
0.00145062
-0.00895072
-0.0934801
0.115305
-0.0115815
-0.155546
-0.152455
-0.0229221
0.116673
0.131975
0.0779572
0.0711632
-0.0264467
-0.0994278
0.0676899
-0.0138494
-0.177526
0.0393691
-0.0659457
-0.12741
0.0631023
0.0984242
-0.0120049
0.0838515
0.13808
0.177722
-0.101549
-0.098839
-0.0908872
0.0756392
-0.0072544
-0.102188
0.107285
-0.180735
0.142637
-0.0637505
0.0734819
0.0949717
-0.0635825
-0.110334
-0.146115
0.159313
0.132054
-0.135996
-0.096009
0.0206609
-0.18117
0.112482
0.00708995
0.183726
-0.00513702
0.136978
-0.0242609
0.0885713
-0.0928633
0.0380067
0.0686281
0.119951
0.0421095
-0.162127
0.169533
0.0965191
-0.136285
0.113595
0.017967
-0.143893
-0.0955282
0.164187
-0.158861
0.00376613
0.117902
0.0863592
-0.00108824
0.065279
-0.0785008
-0.0259711
0.125701
-0.0527867
-0.0806397
-0.0423687
0.119322
0.00590968
-0.191502
-0.0183367
0.123252
-0.176286
0.142883
0.180441
0.01695
-0.0868041
-0.189433
-0.0187148
0.0303148
0.117118
-0.199464
-0.18821
0.041334
-0.08314
-0.180715
-0.157946
-0.0921037
-0.0314764
0.0650793
-0.108909
0.0776033
0.0975471
0.0993332
-0.105888
-0.135038
0.103461
0.0981495
-0.0181226
0.1902
-0.171216
-0.147453
0.0411684
-0.0938768
-0.166477
0.16371
0.114372
0.169833
-0.146036
-0.101003
-0.131313
0.159759
-0.0754221
0.149766
-0.102728
0.0763683
-0.181133
-0.137662
0.0721686
0.0530723
-0.188248
0.191215
0.0937715
0.186359
0.057848
-0.0815287
-0.169852
-0.143022
0.00330219
-0.191269
0.0733119
0.0790718
-0.084241
0.104828
-0.0573854
-0.0585635
0.177332
0.0865764
0.0727665
0.1862
-0.141137
-0.087696
-0.191209
0.118016
0.0573961
0.167001
0.0315
0.0276607
0.097542
0.12893
0.0444769
0.185446
-0.0111018
-0.0761587
0.199536
0.0494994
-0.000384511
-0.0318048
-0.00582616
-0.00916714
-0.0655406
0.144202
-0.13577
-0.00518995
-0.0785416
0.110295
-0.0722043
0.125222
-0.0163949
0.157083
0.00483211
-0.0988966
-0.0789117
0.0356154
-0.142969
0.0886709
-0.0705877
0.0418606
-0.0251154
0.0357797
-0.129042
-0.180292
0.189835
0.160841
888888
0.05
0.05
0.05
0.05
0.05
0.05
0.05
0.05
0.05
0.05
0.05
0.05
0.05
0.05
0.05
0.05
0.05
0.05
0.05
0.05
0.05
0.05
0.05
0.05
0.05
0.05
0.05
0.05
0.05
0.05
0.05
0.05
0.05
0.05
0.05
0.05
0.05
0.05
0.05
0.05
0.05
0.05
0.05
0.05
0.05
0.05
0.05
0.05
0.05
0.05
0.05
0.05
0.05
0.05
0.05
0.05
0.05
0.05
0.05
0.05
0.05
0.05
0.05
0.05
0.05
0.05
0.05
0.05
0.05
0.05
0.05
0.05
0.05
0.05
0.05
0.05
0.05
0.05
0.05
0.05
0.05
0.05
0.05
0.05
0.05
0.05
0.05
0.05
0.05
0.05
0.05
0.05
0.05
0.05
0.05
0.05
0.05
0.05
0.05
0.05
0.05
0.05
0.05
0.05
0.05
0.05
0.05
0.05
0.05
0.05
0.05
0.05
0.05
0.05
0.05
0.05
0.05
0.05
0.05
0.05
0.05
0.05
0.05
0.05
0.05
0.05
0.05
0.05
0.05
0.05
0.05
0.05
0.05
0.05
0.05
0.05
0.05
0.05
0.05
0.05
0.05
0.05
0.05
0.05
0.05
0.05
0.05
0.05
0.05
0.05
0.05
0.05
0.05
0.05
0.05
0.05
0.05
0.05
0.05
0.05
0.05
0.05
0.05
0.05
0.05
0.05
0.05
0.05
0.05
0.05
0.05
0.05
0.05
0.05
0.05
0.05
0.05
0.05
0.05
0.05
0.05
0.05
0.05
0.05
0.05
0.05
0.05
0.05
0.05
0.05
0.05
0.05
0.05
0.05
0.05
0.05
0.05
0.05
0.05
0.05
0.05
0.05
0.05
0.05
0.05
0.05
0.05
0.05
0.05
0.05
0.05
0.05
0.05
0.05
0.05
0.05
0.05
0.05
0.05
0.05
0.05
0.05
0.05
0.05
0.05
0.05
0.05
0.05
0.05
0.05
0.05
0.05
0.05
0.05
0.05
0.05
0.05
0.05
0.05
0.05
0.05
0.05
0.05
0.05
0.05
0.05
0.05
0.05
0.05
0.05
0.05
0.05
0.05
0.05
0.05
0.05
0.05
0.05
0.05
0.05
0.05
0.05
0.05
0.05
0.05
0.05
0.05
0.05
0.05
0.05
0.05
0.05
0.05
0.05
0.05
0.05
0.05
0.05
0.05
0.05
0.05
0.05
0.05
0.05
0.05
0.05
0.05
0.05
0.05
0.05
0.05
0.05
0.05
0.05
0.05
0.05
0.05
0.05
0.05
0.05
0.05
0.05
0.05
0.05
0.05
0.05
0.05
0.05
0.05
0.05
0.05
0.05
0.05
0.05
0.05
0.05
0.05
0.05
0.05
0.05
0.05
0.05
0.05
0.05
0.05
0.05
0.05
0.05
0.05
0.05
0.05
0.05
0.05
0.05
0.05
0.05
0.05
0.05
0.05
0.05
0.05
0.05
0.05
0.05
0.05
0.05
0.05
0.05
0.05
0.05
0.05
0.05
0.05
0.05
0.05
0.05
0.05
0.05
0.05
0.05
0.05
0.05
0.05
0.05
0.05
0.05
0.05
0.05
0.05
0.05
0.05
0.05
0.05
0.05
0.05
0.05
0.05
0.05
0.05
0.05
0.05
0.05
0.05
0.05
0.05
0.05
0.05
0.05
0.05
0.05
0.05
0.05
0.05
0.05
0.05
0.05
0.05
0.05
0.05
0.05
0.05
0.05
0.05
0.05
0.05
0.05
0.05
0.05
0.05
0.05
0.05
0.05
0.05
0.05
0.05
0.05
0.05
0.05
0.05
0.05
0.05
0.05
0.05
0.05
0.05
0.05
0.05
0.05
0.05
0.05
0.05
0.05
0.05
0.05
0.05
0.05
0.05
0.05
0.05
0.05
0.05
0.05
0.05
0.05
0.05
0.05
0.05
0.05
0.05
0.05
0.05
0.05
0.05
0.05
0.05
0.05
0.05
0.05
0.05
0.05
0.05
0.05
0.05
0.05
0.05
0.05
0.05
0.05
0.05
0.05
0.05
0.05
0.05
0.05
0.05
0.05
0.05
0.05
0.05
0.05
0.05
0.05
0.05
0.05
0.05
0.05
0.05
0.05
0.05
0.05
0.05
0.05
0.05
0.05
0.05
0.05
0.05
0.05
0.05
0.05
0.05
0.05
0.05
0.05
0.05
0.05
0.05
0.05
0.05
0.05
0.05
0.05
0.05
0.05
0.05
0.05
0.05
0.05
0.05
0.05
0.05
0.05
0.05
0.05
0.05
0.05
0.05
0.05
0.05
0.05
0.05
0.05
0.05
0.05
0.05
0.05
0.05
0.05
0.05
0.05
0.05
0.05
0.05
0.05
0.05
0.05
0.05
0.05
0.05
0.05
0.05
0.05
0.05
0.05
0.05
0.05
0.05
0.05
0.05
0.05
0.05
0.05
0.05
0.05
0.05
0.05
0.05
0.05
0.05
0.05
0.05
0.05
0.05
0.05
0.05
0.05
0.05
0.05
0.05
0.05
0.05
0.05
0.05
0.05
0.05
0.05
0.05
0.05
0.05
0.05
0.05
0.05
0.05
0.05
0.05
0.05
0.05
0.05
0.05
0.05
0.05
0.05
0.05
0.05
0.05
0.05
0.05
0.05
0.05
0.05
0.05
0.05
0.05
0.05
0.05
0.05
0.05
0.05
0.05
0.05
0.05
0.05
0.05
0.05
0.05
0.05
0.05
0.05
0.05
0.05
0.05
0.05
0.05
0.05
0.05
0.05
0.05
0.05
0.05
0.05
0.05
0.05
0.05
0.05
0.05
0.05
0.05
0.05
0.05
0.05
0.05
0.05
0.05
0.05
0.05
0.05
0.05
0.05
0.05
0.05
0.05
0.05
0.05
0.05
0.05
0.05
0.05
0.05
0.05
0.05
0.05
0.05
0.05
0.05
0.05
0.05
0.05
0.05
0.05
0.05
0.05
0.05
0.05
0.05
0.05
0.05
0.05
0.05
0.05
0.05
0.05
0.05
0.05
0.05
0.05
0.05
0.05
0.05
0.05
0.05
0.05
0.05
0.05
0.05
0.05
0.05
0.05
0.05
0.05
0.05
0.05
0.05
0.05
0.05
0.05
0.05
0.05
0.05
0.05
0.05
0.05
0.05
0.05
0.05
0.05
0.05
0.05
0.05
0.05
0.05
0.05
0.05
0.05
0.05
0.05
0.05
0.05
0.05
0.05
0.05
0.05
0.05
0.05
0.05
0.05
0.05
0.05
0.05
0.05
0.05
0.05
0.05
0.05
0.05
0.05
0.05
0.05
0.05
0.05
0.05
0.05
0.05
0.05
0.05
0.05
0.05
0.05
0.05
0.05
0.05
0.05
0.05
0.05
0.05
0.05
0.05
0.05
0.05
0.05
0.05
0.05
0.05
0.05
0.05
0.05
0.05
0.05
0.05
0.05
0.05
0.05
0.05
0.05
0.05
0.05
0.05
0.05
0.05
0.05
0.05
0.05
0.05
0.05
0.05
0.05
0.05
0.05
0.05
0.05
0.05
0.05
0.05
0.05
0.05
0.05
0.05
0.05
0.05
0.05
0.05
0.05
0.05
0.05
0.05
0.05
0.05
0.05
0.05
0.05
0.05
0.05
0.05
0.05
0.05
0.05
0.05
0.05
0.05
0.05
0.05
0.05
0.05
0.05
0.05
0.05
0.05
0.05
0.05
0.05
0.05
0.05
0.05
0.05
0.05
0.05
0.05
0.05
0.05
0.05
0.05
0.05
0.05
0.05
0.05
0.05
0.05
0.05
0.05
0.05
0.05
0.05
0.05
0.05
0.05
0.05
0.05
0.05
0.05
0.05
0.05
0.05
0.05
0.05
0.05
0.05
0.05
0.05
0.05
0.05
0.05
0.05
0.05
0.05
0.05
0.05
0.05
0.05
0.05
0.05
0.05
0.05
0.05
0.05
0.05
0.05
0.05
0.05
0.05
0.05
0.05
0.05
0.05
0.05
0.05
0.05
0.05
0.05
0.05
0.05
0.05
0.05
0.05
0.05
0.05
0.05
0.05
0.05
0.05
0.05
0.05
0.05
0.05
0.05
0.05
0.05
0.05
0.05
0.05
0.05
0.05
0.05
0.05
0.05
0.05
0.05
0.05
0.05
0.05
0.05
0.05
0.05
0.05
0.05
0.05
0.05
0.05
0.05
0.05
0.05
0.05
0.05
0.05
0.05
0.05
0.05
0.05
0.05
0.05
0.05
0.05
0.05
0.05
0.05
0.05
0.05
0.05
0.05
0.05
0.05
0.05
0.05
0.05
0.05
0.05
0.05
0.05
0.05
0.05
0.05
0.05
0.05
0.05
0.05
0.05
0.05
0.05
0.05
0.05
0.05
0.05
0.05
0.05
0.05
0.05
0.05
0.05
0.05
0.05
0.05
0.05
0.05
0.05
0.05
0.05
0.05
0.05
0.05
0.05
0.05
0.05
0.05
0.05
0.05
0.05
0.05
0.05
0.05
0.05
0.05
0.05
0.05
0.05
0.05
0.05
0.05
0.05
0.05
0.05
0.05
0.05
0.05
0.05
0.05
0.05
0.05
0.05
0.05
0.05
0.05
0.05
0.05
0.05
0.05
0.05
0.05
0.05
0.05
0.05
0.05
0.05
0.05
0.05
0.05
0.05
0.05
0.05
0.05
0.05
0.05
0.05
0.05
0.05
0.05
0.05
0.05
0.05
0.05
0.05
0.05
0.05
0.05
0.05
0.05
0.05
0.05
0.05
0.05
0.05
0.05
0.05
0.05
0.05
0.05
0.05
0.05
0.05
0.05
0.05
0.05
0.05
0.05
0.05
0.05
0.05
0.05
0.05
0.05
0.05
0.05
0.05
0.05
0.05
0.05
0.05
0.05
0.05
0.05
0.05
0.05
0.05
0.05
0.05
0.05
0.05
0.05
0.05
0.05
0.05
0.05
0.05
0.05
0.05
0.05
0.05
0.05
0.05
0.05
0.05
0.05
0.05
0.05
0.05
0.05
0.05
0.05
0.05
0.05
0.05
0.05
0.05
0.05
0.05
0.05
0.05
0.05
0.05
0.05
0.05
0.05
0.05
0.05
0.05
0.05
0.05
0.05
0.05
0.05
0.05
0.05
0.05
0.05
0.05
0.05
0.05
0.05
0.05
0.05
0.05
0.05
0.05
0.05
0.05
0.05
0.05
0.05
0.05
0.05
0.05
0.05
0.05
0.05
0.05
0.05
0.05
0.05
0.05
0.05
0.05
0.05
0.05
0.05
0.05
0.05
0.05
0.05
0.05
0.05
0.05
0.05
0.05
0.05
0.05
0.05
0.05
0.05
0.05
0.05
0.05
0.05
0.05
0.05
0.05
0.05
0.05
0.05
0.05
0.05
0.05
0.05
0.05
0.05
0.05
0.05
0.05
0.05
0.05
0.05
0.05
0.05
0.05
0.05
0.05
0.05
0.05
0.05
0.05
0.05
0.05
0.05
0.05
0.05
0.05
0.05
0.05
0.05
0.05
0.05
0.05
0.05
0.05
0.05
0.05
0.05
0.05
0.05
0.05
0.05
0.05
0.05
0.05
0.05
0.05
0.05
0.05
0.05
0.05
0.05
0.05
0.05
0.05
0.05
0.05
0.05
0.05
0.05
0.05
0.05
0.05
0.05
0.05
0.05
0.05
0.05
0.05
0.05
0.05
0.05
0.05
0.05
0.05
0.05
0.05
0.05
0.05
0.05
0.05
0.05
0.05
0.05
0.05
0.05
0.05
0.05
0.05
0.05
0.05
0.05
0.05
0.05
0.05
0.05
0.05
0.05
0.05
0.05
0.05
0.05
0.05
0.05
0.05
0.05
0.05
0.05
0.05
0.05
0.05
0.05
0.05
0.05
0.05
0.05
0.05
0.05
0.05
0.05
0.05
0.05
0.05
0.05
0.05
0.05
0.05
0.05
0.05
0.05
0.05
0.05
0.05
0.05
0.05
0.05
0.05
0.05
0.05
0.05
0.05
0.05
0.05
0.05
0.05
0.05
0.05
0.05
0.05
0.05
0.05
0.05
0.05
0.05
0.05
0.05
0.05
0.05
0.05
0.05
0.05
0.05
0.05
0.05
0.05
0.05
0.05
0.05
0.05
0.05
0.05
0.05
0.05
0.05
0.05
0.05
0.05
0.05
0.05
0.05
0.05
0.05
0.05
0.05
0.05
0.05
0.05
0.05
0.05
0.05
0.05
0.05
0.05
0.05
0.05
0.05
0.05
0.05
0.05
0.05
0.05
0.05
0.05
0.05
0.05
0.05
0.05
0.05
0.05
0.05
0.05
0.05
0.05
0.05
0.05
0.05
0.05
0.05
0.05
0.05
0.05
0.05
0.05
0.05
0.05
0.05
0.05
0.05
0.05
0.05
0.05
0.05
0.05
0.05
0.05
0.05
0.05
0.05
0.05
0.05
0.05
0.05
0.05
0.05
0.05
0.05
0.05
0.05
0.05
0.05
0.05
0.05
0.05
0.05
0.05
0.05
0.05
0.05
0.05
0.05
0.05
0.05
0.05
0.05
0.05
0.05
0.05
0.05
0.05
0.05
0.05
0.05
0.05
0.05
0.05
0.05
0.05
0.05
0.05
0.05
0.05
0.05
0.05
0.05
0.05
0.05
0.05
0.05
0.05
0.05
0.05
0.05
0.05
0.05
0.05
0.05
0.05
0.05
0.05
0.05
0.05
0.05
0.05
0.05
0.05
0.05
0.05
0.05
0.05
0.05
0.05
0.05
0.05
0.05
0.05
0.05
0.05
0.05
0.05
0.05
0.05
0.05
0.05
0.05
0.05
0.05
0.05
0.05
0.05
0.05
0.05
0.05
0.05
0.05
0.05
0.05
0.05
0.05
0.05
0.05
0.05
0.05
0.05
0.05
0.05
0.05
0.05
0.05
0.05
0.05
0.05
0.05
0.05
0.05
0.05
0.05
0.05
0.05
0.05
0.05
0.05
0.05
0.05
0.05
0.05
0.05
0.05
0.05
0.05
0.05
0.05
0.05
0.05
0.05
0.05
0.05
0.05
0.05
0.05
0.05
0.05
0.05
0.05
0.05
0.05
0.05
0.05
0.05
0.05
0.05
0.05
0.05
0.05
0.05
0.05
0.05
0.05
0.05
0.05
0.05
0.05
0.05
0.05
0.05
0.05
0.05
0.05
0.05
0.05
0.05
0.05
0.05
0.05
0.05
0.05
0.05
0.05
0.05
0.05
0.05
0.05
0.05
0.05
0.05
0.05
0.05
0.05
0.05
0.05
0.05
0.05
0.05
0.05
0.05
0.05
0.05
0.05
0.05
0.05
0.05
0.05
0.05
0.05
0.05
0.05
0.05
0.05
0.05
0.05
0.05
0.05
0.05
0.05
0.05
0.05
0.05
0.05
0.05
0.05
0.05
0.05
0.05
0.05
0.05
0.05
777777