1.82493
999999
-0.179418
-0.0832126
-0.122342
-0.180939
0.0834717
0.0454536
0.0644232
0.0601991
0.083508
-0.147197
-0.166681
0.0574957
-0.0255715
-0.147861
0.132957
0.0520887
-0.190825
0.0898014
0.0357708
-0.132064
-0.0484761
-0.169369
0.123006
0.12436
0.0993717
0.092765
-0.19126
-0.109259
-0.0326388
0.187294
0.113043
0.171873
0.145904
0.0480525
0.0450829
-0.0638505
-0.165143
-0.0274529
-0.0792459
-0.154069
0.0492396
0.103175
0.16212
0.130886
0.121031
-0.0583339
0.132652
0.118332
-0.14604
0.0916279
0.0760035
-0.158141
0.149793
-0.0269409
-0.130461
0.116298
0.027671
-0.0621997
0.0169573
-0.0928556
0.0625035
0.127777
-0.0836911
0.139194
-0.165217
0.0408325
-0.158158
-0.176888
0.054702
-0.134946
-0.0409314
0.0401401
0.115199
-0.191855
0.195236
0.0130102
0.0753044
0.184171
0.167057
0.0933417
0.00861525
-0.152186
0.0558408
0.150914
-0.115472
-0.0346727
-0.197709
0.133499
0.191291
0.049234
-0.122534
-0.114993
-0.124915
0.125287
-0.176577
0.0860986
0.0740698
0.129638
0.0913302
-0.0473991
-0.107345
0.13206
-0.137932
0.0180017
0.0872819
-0.0627881
0.155096
-0.133296
0.137197
0.105733
-0.188461
-0.0382794
-0.128306
-0.0459482
-0.0476464
-0.165794
-0.172988
0.0964831
0.0307026
0.0014001
-0.00959188
0.195254
0.0258482
-0.192077
-0.0786429
0.145761
0.085021
0.032967
0.0923544
-0.0133378
0.089082
-0.0725706
0.0188354
-0.181235
0.0422151
0.14852
0.147712
-0.13569
-0.083497
-0.135631
0.10419
0.191784
0.0919806
-0.0383331
0.150991
-0.198138
0.171536
0.147493
-0.13034
-0.0119538
0.196012
0.00498393
-0.0514115
-0.0661429
0.0716156
-0.100902
0.178109
-0.0472397
0.111649
0.107947
-0.0449725
-0.043832
0.113105
0.100006
-0.0396651
0.0626539
0.197791
-0.0158824
-0.14816
-0.102621
0.0337892
-0.0439978
-0.120652
-0.0962104
0.197501
-0.0246158
0.108423
0.110942
-0.000233944
-0.188556
-0.0926711
-0.0868599
0.126127
-0.169596
0.0439749
0.0802757
-0.0937034
0.18788
0.0787761
0.165735
-0.0106498
0.0593631
0.115837
-0.162043
0.131694
-0.178076
0.06486
0.114662
0.00982897
-0.0620837
-0.0872229
0.181375
0.169089
-0.0455915
0.0630158
0.0419195
-0.192374
-0.153757
0.0946843
0.160043
0.0814543
-0.00276967
0.0953525
-0.0114078
0.175022
-0.124944
0.0913792
0.121449
0.127288
0.0386606
-0.0745026
-0.137547
0.186552
-0.191634
-0.143568
0.129167
0.16126
-0.0436487
0.14559
-0.0111359
0.0456034
-0.0931669
-0.177368
-0.0772428
0.0787334
-0.0463804
-0.0782134
0.189705
-0.141421
-0.109903
-0.0881059
-0.115452
0.129998
-0.0773465
0.0408695
-0.18047
0.00954977
0.089073
-0.0562206
0.0461221
-0.0397514
0.088159
-0.116489
0.0696578
0.142218
0.184158
0.160045
-0.189942
-0.0314019
-0.141676
-0.0885715
-0.129078
-0.061668
-0.0266367
-0.0179259
0.18672
0.0664289
0.0983969
-0.115958
-0.0195544
0.097456
0.0901954
0.0309765
0.0367814
0.132295
0.0955545
-0.000750608
0.125128
-0.0886728
-0.179522
-0.130153
0.104016
-0.0365938
0.0818339
0.0763411
0.102118
-0.0921154
-0.139563
-0.14024
0.0479461
0.193261
0.171969
-0.0499913
-0.0373266
0.0970962
0.073171
0.175976
-0.031523
-0.151401
-0.0843168
-0.0563877
0.0132612
-0.0724845
-0.0880285
0.12443
0.0657882
-0.0230609
0.0368903
0.141772
-0.0409316
-0.140265
-0.0931488
0.0419554
-0.0567837
-1.70518e-05
-0.00538051
0.141574
0.141959
-0.139478
0.0332782
-0.168448
-0.143796
-0.0913728
0.0195833
-0.100761
-0.0692143
-0.171977
0.0176729
-0.0378189
-0.0799384
-0.147031
0.0984953
0.0278102
-0.11967
-0.180169
-0.0288185
-0.0353033
-0.0972373
-0.0231429
-0.0705933
-0.0274549
-0.171665
0.0806287
-0.104905
0.16886
-0.160467
-0.0600764
0.113831
-0.14172
-0.192996
0.0668434
-0.174848
-0.0236144
0.00707497
0.166534
-0.15595
0.0944617
-0.0365515
0.175693
-0.0407381
0.0724974
-0.0727862
-0.0308955
-0.192052
-0.181077
0.15151
0.110839
-0.1164
-0.0710965
-0.115158
0.176844
-0.0599386
-0.194932
0.155638
-0.00607647
-0.18688
-0.0667835
0.175962
-0.124379
-0.172187
0.160403
0.0115252
-0.142638
0.017758
-0.166397
-0.193046
-0.15016
0.0454457
-0.122326
-0.0619307
0.159666
0.0127501
0.17077
0.0238742
0.0642023
0.132654
0.121607
-0.0410749
-0.161881
0.0979291
0.152809
-0.139187
-0.145391
-0.152717
0.0676453
-0.169454
0.0728617
0.162106
-0.0720373
-0.129033
0.0719474
-0.159332
0.117117
0.0823868
-0.0582363
0.176331
-0.0540463
0.163902
-0.150387
0.0733234
-0.133586
-0.185338
-0.187206
-0.137157
-0.119049
-0.14921
-0.130369
0.158822
-0.124197
-0.0411767
0.173764
-0.184603
-0.0813664
-0.120113
0.0256268
0.0807109
-0.113252
-0.0503966
-0.0498497
-0.007747
0.151879
0.14955
0.0760943
0.111712
0.168063
0.0893726
-0.136779
0.172341
0.116693
-0.0988793
-0.0636581
0.194222
-0.0838158
0.123517
0.104267
-0.18088
0.196552
0.146669
-0.0782185
-0.0244257
-0.150459
-0.019735
0.199725
-0.123393
0.00701173
-0.0417187
0.145496
-0.0708756
0.187709
0.15515
-0.107745
0.124684
0.185933
-0.105235
0.0878544
0.175512
0.13764
0.0834244
-0.0217059
0.147971
0.0547896
0.116529
-0.0345861
0.15326
-0.00345282
0.140838
0.135105
-0.197986
-0.109031
0.0258471
-0.0119771
-0.197061
0.108642
-0.0117224
0.0348275
0.0929194
-0.140566
-0.021522
0.0743044
-0.0361434
-0.00727649
-0.17683
0.143013
-0.13902
-0.0787538
0.0685065
-0.0270808
0.142654
-0.131137
0.0603819
-0.193604
-0.00780546
-0.00820295
-0.161374
0.0976449
0.139875
0.0481337
-0.10053
-0.0696992
-0.0625508
-0.0917351
0.149998
0.0157922
-0.137483
-0.0386605
0.119042
-0.00339805
-0.0964428
0.0587915
-0.134639
-0.0760868
0.147457
-0.0880686
-0.0255064
-0.141764
-0.0633479
-0.102139
0.121478
0.199019
-0.00788224
0.0498478
0.0178875
-0.148743
0.0211309
-0.0446386
0.043171
-0.0614164
-0.17605
-0.0978477
-0.00782153
-0.0360711
-0.127824
0.0529444
-0.0940482
0.00179696
-0.196292
-0.162116
-0.122054
-0.0811982
-0.0899658
0.0718485
0.00326497
-0.0806868
-0.128318
0.113314
0.0894275
0.100577
0.159242
0.0740929
0.0298651
0.112789
0.0541837
0.171015
0.000992827
-0.157042
-0.0930169
-0.13781
-0.0584618
-0.18965
0.194199
0.192382
-0.0893363
-0.0502008
-0.0298724
-0.0747612
0.052067
-0.115746
-0.103179
0.114043
-0.193782
0.00126169
-0.171117
-0.193068
-0.0016563
-0.197562
0.138535
-0.0573515
0.0106602
-0.186173
-0.112028
0.188536
0.0740925
0.139413
0.0472506
0.194845
-0.0354875
0.0378922
-0.0189948
-0.146689
-0.154001
-0.16466
-0.0669254
0.046432
-0.114176
0.121401
-0.0271727
-0.0776407
0.135893
0.126021
0.084566
0.131361
0.114439
-0.062263
-0.0801416
-0.0758832
-0.0249041
0.0476866
0.162103
0.0787138
-0.065995
-0.133839
0.0456206
0.162099
-0.0846868
0.157502
-0.0141562
0.152181
0.0461271
-0.196388
-0.199931
0.194072
0.0340365
-0.00024991
-0.112828
-0.185918
0.185881
-0.0715566
-0.170493
0.0592523
-0.148229
-0.0374866
-0.0457757
-0.178873
0.0318951
-0.195332
0.0126515
0.103929
0.0163555
0.168731
-0.123656
0.147158
0.0113861
-0.146621
0.0171398
-0.159792
0.0623733
-0.146531
0.0275358
-0.0991391
-0.0856975
-0.0900554
0.177802
-0.118203
0.0556422
-0.0728631
-0.117985
0.141722
0.0232906
-0.0196032
-0.0483904
0.117044
-0.0846728
0.149795
0.0893761
-0.0167853
-0.0371619
0.156975
-0.155908
-0.00429334
0.118736
-0.107265
-0.026384
0.010516
-0.101556
0.158842
-0.183397
0.0696896
-0.0269576
-0.183517
0.00079948
0.034435
-0.0672176
-0.0181314
0.0812868
-0.0539304
-0.0411416
0.021529
-0.0805296
-0.179682
0.012119
0.116216
0.0427443
-0.197098
-0.147573
0.0782709
0.00188548
0.0981675
-0.158056
0.165676
-0.172341
-0.118695
-0.0355002
0.0703138
-0.083559
-0.174656
0.0888125
-0.085043
-0.0239025
-0.0178826
-0.0315047
-0.0930397
0.128379
0.0563082
-0.0893465
-8.07957e-05
0.166816
0.0145328
0.0966105
-0.183503
0.0315889
0.114264
-0.0749522
0.112569
0.0609935
-0.122808
-0.152791
-0.180219
0.187651
0.0820427
-0.0438005
0.188335
-0.0286192
0.0449142
-0.00563177
0.0760216
0.144319
0.0350085
-0.0631572
0.183875
-0.161532
0.150411
0.167182
-0.0468058
0.04203
-0.146122
0.0187713
0.10148
-0.0927421
0.145648
-0.117384
0.143999
-0.0778827
0.166918
0.1633
-0.158451
-0.0334406
0.0698374
0.0190685
0.180001
0.16938
-0.123279
-0.0828783
-0.186629
-0.0645485
-0.00893535
0.0965398
-0.0491541
-0.165905
0.139648
0.194233
0.172842
0.0456778
-0.0782633
0.137216
0.175109
-0.118342
0.0440061
-0.0285413
-0.151133
-0.142175
-0.0169483
0.116863
0.063129
0.00334499
0.0336219
0.0922571
-0.124458
0.0880088
0.0797064
-0.0964039
0.104174
-0.125152
0.138273
-0.0931823
0.0674647
0.03166
-0.181412
-0.0161183
0.0217721
0.14066
0.16715
-0.00437514
0.065471
-0.106437
-0.0925053
0.0347002
-0.0734177
-0.101807
-0.0794729
-0.0603537
0.0340028
-0.154066
0.0649664
-0.13484
0.175417
0.0117714
0.135477
0.185026
-0.162465
-0.12372
0.0903767
0.110172
-0.076565
0.0324202
-0.0212832
-0.085295
-0.17631
0.149323
0.0159325
0.167936
0.195362
-0.154291
0.0420396
-0.00917382
-0.0713259
-0.00664804
0.129896
-0.0794636
-0.101329
-0.0248586
-0.169275
0.0598745
-0.121605
-0.184031
-0.0687157
0.194115
-0.176836
0.0950427
0.169082
-0.0817294
-0.168222
-0.0267468
-0.0908377
0.0787266
0.00916888
0.188171
0.0980732
-0.165719
0.0997104
0.166318
-0.199906
0.105925
-0.180184
0.148995
-0.037276
0.00515377
-0.044444
0.0737438
-0.0818218
0.104424
-0.0430572
0.0412319
0.192235
-0.192151
-0.18541
0.157444
0.0398559
0.199055
-0.0361127
-0.17005
-0.050176
0.199083
-0.105406
0.0306021
0.0877629
-0.166143
-0.159115
-0.0806787
-0.17325
-0.146673
-0.0468762
-0.104015
-0.041175
0.1567
0.156431
-0.099569
-0.0430212
0.140286
0.188292
-0.0826632
0.0142043
-0.0956958
-0.143179
-0.175845
-0.139254
-0.159683
0.0371121
0.132672
0.0397667
-0.173243
0.133838
-0.187398
0.0028767
-0.183271
-0.17645
0.144803
0.0644098
0.0529697
-0.03278
0.151905
-0.0897744
0.0171742
-0.179443
-0.101956
-0.138567
-0.146361
0.130652
-0.0774941
-0.035893
-0.184678
0.105809
0.0289575
0.105127
-0.0906705
0.162334
0.11886
-0.0658306
-0.167609
-0.164521
0.162579
-0.178889
-0.0298518
-0.0197478
-0.0149819
0.198214
-0.151029
0.143908
0.0758343
0.187352
0.186487
-0.00123258
0.156617
-0.0206631
-0.060754
-0.148029
0.0784512
0.152137
0.0287395
-0.0102675
0.0445675
-0.0256401
-0.166436
0.0478996
-0.140118
0.0687565
-0.107008
0.128546
0.199004
-0.0257418
0.0322314
0.015371
0.0991004
-0.04992
-0.155702
0.19003
-0.0208968
-0.140366
0.0750475
0.0951977
-0.121441
0.104356
-0.134282
-0.134199
-0.0858932
0.186613
0.125602
0.0866845
-0.152852
-0.100683
-0.117672
-0.186898
-0.0671813
-0.168616
-0.110532
0.158105
0.0188356
-0.0408494
-0.0442034
0.176394
-0.055218
-0.190742
0.155378
-0.0975547
0.00646464
-0.16485
-0.108881
0.159627
-0.115717
0.136303
-0.0931116
-0.123673
0.12355
-0.0109842
0.0652277
0.119716
0.0417603
0.0182452
0.0799421
-0.105529
0.163196
-0.0100516
0.11388
-0.15733
0.0334125
-0.140166
-0.080786
0.0500867
0.0877446
-0.0366734
0.187832
0.00529773
-0.172503
-0.0572854
-0.15349
0.177819
0.136064
0.0643536
0.0104032
0.0334415
0.197901
-0.179145
-0.108916
0.0266627
-0.114396
0.128585
0.0576832
-0.106046
-0.0796758
0.164148
0.124638
0.183428
0.0376656
-0.168213
-0.0416466
-0.175108
0.146239
0.12938
0.116425
0.0309902
0.00905796
-0.0792333
0.000130913
0.0998149
0.15297
0.15397
-0.0898086
-0.00493697
-0.0216794
-0.000864684
-0.0283329
0.107816
-0.190902
0.118574
-0.153861
-0.0993363
0.085699
0.041465
-0.129123
0.194692
-0.13929
0.0856633
0.0366168
-0.0207654
-0.0325025
0.0431694
-0.0186375
-0.00813112
0.186301
-0.101984
0.0385642
-0.0659652
0.139995
-0.0476413
0.021372
0.0545557
0.193752
-0.076432
-0.0963357
0.0050879
0.0419253
-0.0280893
-0.106367
-0.197688
0.170455
-0.0178627
-0.0390651
-0.0467212
0.0979396
-0.090197
-0.0749892
-0.0940174
-0.132273
-0.0951929
0.159339
-0.172313
0.124788
0.0508272
-0.190567
-0.0540623
0.047808
-0.00735868
0.081173
-0.105285
-0.0264731
-0.180645
-0.176542
0.115264
-0.137106
-0.0853615
-0.112599
0.0509874
-0.171349
-0.164017
-0.163651
-0.122041
0.121237
0.179108
0.0195915
0.145426
0.121212
-0.0830876
-0.111072
-0.0134468
-0.0615676
0.00242248
0.0613639
0.121524
-0.104068
-0.198559
0.0930637
-0.139029
0.135464
0.0750562
-0.184648
-0.00176318
0.135445
-0.0305932
0.148647
-0.107711
-0.137355
-0.018923
-0.0551203
-0.0989342
0.173789
-0.110471
0.0313969
-0.0865811
0.158151
0.0950905
0.00774506
-0.0284954
0.0805769
0.0421332
-0.0739718
-0.058119
-0.134346
-0.084936
0.0602108
-0.185719
-0.0459741
0.136722
-0.15316
0.17146
-0.0869716
-0.0949137
-0.0831328
0.151999
0.191162
-0.161944
0.169293
0.103583
0.133931
0.0362963
0.177045
0.149011
-0.1653
0.108564
0.0882381
0.0451211
-0.0334617
-0.148813
-0.0112133
0.190501
-0.0613211
-0.111432
0.10115
0.0361497
0.145205
-0.165953
-0.0351656
0.18701
0.173079
0.152974
-0.0119013
0.179449
0.0698976
0.194296
-0.151662
-0.197467
-0.0599228
-0.148713
-0.0120851
-0.0951024
0.136252
0.0982583
-0.0944826
-0.0870565
0.01855
-0.136364
0.0424606
0.0682119
-0.14468
0.0798866
-0.0314239
-0.0637192
0.0359958
0.0809164
-0.0173372
-0.0645186
-0.112724
-0.0756148
0.152172
-0.193112
0.0422864
-0.132813
-0.0486951
0.021878
0.199129
-0.0334863
-0.110313
0.130919
0.189066
-0.126
0.129988
-0.0935249
-0.00854057
0.0824811
0.118084
-0.0833136
-0.0876574
-0.120751
-0.18613
0.100661
0.136463
-0.184058
0.197865
-0.00440198
0.179382
-0.165972
-0.109593
0.0682659
0.0373072
0.0853874
0.0438352
-0.0590779
-0.0992118
-0.0382058
-0.1038
0.00389201
0.0868697
0.0388679
0.049607
0.155256
-0.0216444
0.129999
0.0902481
-0.161517
0.090783
0.0704904
-0.185944
0.179953
0.166657
0.0452643
-0.0339776
-0.0883646
-0.0871846
0.149835
0.164857
-0.104603
-0.0447071
-0.107256
0.00770563
0.00036937
-0.0257658
-0.0765775
-0.137942
0.188819
0.0760962
-0.0365069
0.0331082
0.0387735
0.0188016
0.0792627
-0.15304
0.0335654
-0.123399
-0.109208
-0.0695607
-0.112307
0.0854901
-0.00660012
-0.182567
0.0227277
-0.0542531
-0.190207
0.0717487
0.00164126
0.00855188
0.106924
-0.0386876
-0.0807839
-0.102046
0.169644
-0.130819
-0.0231161
-0.158583
-0.187201
0.0915413
-0.114124
-0.186276
-0.0702972
0.183313
-0.142732
-0.136023
0.00477625
-0.135882
0.0599415
0.0310893
-0.145173
-0.0537623
-0.179344
-0.165427
0.146028
-0.117557
0.153794
-0.0612037
0.195194
0.048462
0.100179
-0.158859
-0.0954579
-0.00833537
-0.0652072
0.0142752
0.153592
-0.00228801
-0.106265
-0.139292
0.0554419
0.121069
0.183037
-0.0381904
-0.10169
0.061085
0.0118427
-0.193422
-0.0960134
-0.0770011
-0.182623
0.189673
0.12895
0.00623918
0.0267408
0.176444
-0.110535
0.110638
0.189448
-0.0694174
0.152701
-0.0835612
-0.193135
-0.104592
0.186933
0.0720714
-0.183906
-0.127236
-0.120967
0.0937029
-0.126233
-0.0070627
-0.139315
0.0531032
0.0488122
0.0200589
0.0487627
-0.106525
0.197143
-0.15372
0.110452
-0.00738616
0.1564
0.158509
0.0129422
0.116575
0.184297
0.079146
0.00625215
-0.153823
-0.191235
0.117241
-0.147909
-0.0331044
0.168819
0.023386
0.00681416
0.0623067
0.176661
0.164041
-0.162855
0.0282986
0.108874
-0.0195395
-0.034502
0.190375
-0.167841
0.118391
-0.162249
-0.0234457
-0.168624
-0.0594508
-0.0944368
-0.0388739
0.0405118
-0.0639297
0.176666
-0.122343
0.13217
-0.020264
0.19226
0.154308
0.151092
0.168228
-0.058378
-0.15784
-0.0329074
0.156072
-0.0558917
-0.0531233
0.0121016
0.124367
0.118815
0.0781923
0.0726874
0.0467863
0.0753798
-0.046989
-0.0288126
-0.152807
-0.0910698
0.102402
-0.137537
0.0881731
-0.0987176
-0.135154
-0.105386
0.135017
0.122429
-0.0659838
-0.194866
0.193626
0.000358724
-0.0674769
-0.00996456
-0.0909983
-0.0559274
0.0468834
0.0525732
0.00803919
0.151505
-0.0658701
-0.0815132
-0.0623274
0.11746
-0.0970543
-0.080525
0.190296
-0.130102
0.131327
-0.156765
-0.0824371
-0.115344
-0.0633257
-0.117541
0.069841
-0.154059
-0.0921366
-0.0668448
-0.16482
0.0651707
0.165123
0.165732
-0.00714212
0.0425305
-0.0274336
0.0470822
0.0129214
-0.193432
0.0453183
0.198069
-0.0826132
0.163306
0.0936805
0.0838091
-0.0603244
-0.0528528
-0.0417867
0.0527432
-0.0329512
0.0708879
-0.197556
-0.171967
0.0657818
-0.106796
-0.100448
0.1109
-0.155398
0.133112
0.120234
0.102451
0.154923
0.0987939
0.025673
0.0308101
-0.128332
0.189106
-0.119886
0.146285
0.053919
-0.00742465
0.0729279
-0.174226
-0.0766959
0.156759
-0.00926977
0.0404872
-0.131843
0.13061
0.0675264
0.0956804
0.0499647
-0.148855
0.0294808
-0.196014
0.0670977
-0.0316268
-0.0927215
0.114024
0.179658
0.152122
0.0993975
-0.0234424
0.0348919
0.162598
0.0376836
0.0563613
0.152377
-0.151853
-0.0575795
-0.112249
-0.187926
0.079313
0.129632
0.152542
0.0683375
-0.00599999
-0.153702
-0.108142
0.0186494
-0.174596
0.0826656
-0.149563
-0.0721469
-0.0455285
0.00767049
0.151814
-0.107233
-0.00277293
0.0785076
0.136678
-0.0688523
-0.0718539
0.078948
-0.171588
-0.119857
-0.111274
0.0860856
0.178434
0.0662129
-0.00733557
0.110197
0.0491821
-0.131679
0.199235
-0.0310942
-0.140288
-0.147143
-0.197446
-0.109315
0.0157018
0.177077
-0.165543
-0.0277884
-0.110761
0.128504
0.0963322
-0.154338
-0.0545785
0.070194
-0.0703096
-0.0726608
0.0147294
0.04835
-0.0392566
0.054945
-0.172181
-0.153523
-0.151449
-0.0627014
-0.0751549
-0.0526879
-0.0792222
-0.0756085
0.125722
0.153659
0.191232
-0.183136
0.00995847
0.0989749
-0.0994131
0.091556
-0.131757
0.143132
0.177311
-0.0162627
0.127235
0.0074643
-0.00792968
-0.143038
0.0932448
-0.0547528
0.0726537
-0.157752
-0.139842
0.0692078
-0.0481446
-0.0524808
-0.0790802
-0.0632297
-0.113227
888888
0.05
0.05
0.05
0.05
0.05
0.05
0.05
0.05
0.05
0.05
0.05
0.05
0.05
0.05
0.05
0.05
0.05
0.05
0.05
0.05
0.05
0.05
0.05
0.05
0.05
0.05
0.05
0.05
0.05
0.05
0.05
0.05
0.05
0.05
0.05
0.05
0.05
0.05
0.05
0.05
0.05
0.05
0.05
0.05
0.05
0.05
0.05
0.05
0.05
0.05
0.05
0.05
0.05
0.05
0.05
0.05
0.05
0.05
0.05
0.05
0.05
0.05
0.05
0.05
0.05
0.05
0.05
0.05
0.05
0.05
0.05
0.05
0.05
0.05
0.05
0.05
0.05
0.05
0.05
0.05
0.05
0.05
0.05
0.05
0.05
0.05
0.05
0.05
0.05
0.05
0.05
0.05
0.05
0.05
0.05
0.05
0.05
0.05
0.05
0.05
0.05
0.05
0.05
0.05
0.05
0.05
0.05
0.05
0.05
0.05
0.05
0.05
0.05
0.05
0.05
0.05
0.05
0.05
0.05
0.05
0.05
0.05
0.05
0.05
0.05
0.05
0.05
0.05
0.05
0.05
0.05
0.05
0.05
0.05
0.05
0.05
0.05
0.05
0.05
0.05
0.05
0.05
0.05
0.05
0.05
0.05
0.05
0.05
0.05
0.05
0.05
0.05
0.05
0.05
0.05
0.05
0.05
0.05
0.05
0.05
0.05
0.05
0.05
0.05
0.05
0.05
0.05
0.05
0.05
0.05
0.05
0.05
0.05
0.05
0.05
0.05
0.05
0.05
0.05
0.05
0.05
0.05
0.05
0.05
0.05
0.05
0.05
0.05
0.05
0.05
0.05
0.05
0.05
0.05
0.05
0.05
0.05
0.05
0.05
0.05
0.05
0.05
0.05
0.05
0.05
0.05
0.05
0.05
0.05
0.05
0.05
0.05
0.05
0.05
0.05
0.05
0.05
0.05
0.05
0.05
0.05
0.05
0.05
0.05
0.05
0.05
0.05
0.05
0.05
0.05
0.05
0.05
0.05
0.05
0.05
0.05
0.05
0.05
0.05
0.05
0.05
0.05
0.05
0.05
0.05
0.05
0.05
0.05
0.05
0.05
0.05
0.05
0.05
0.05
0.05
0.05
0.05
0.05
0.05
0.05
0.05
0.05
0.05
0.05
0.05
0.05
0.05
0.05
0.05
0.05
0.05
0.05
0.05
0.05
0.05
0.05
0.05
0.05
0.05
0.05
0.05
0.05
0.05
0.05
0.05
0.05
0.05
0.05
0.05
0.05
0.05
0.05
0.05
0.05
0.05
0.05
0.05
0.05
0.05
0.05
0.05
0.05
0.05
0.05
0.05
0.05
0.05
0.05
0.05
0.05
0.05
0.05
0.05
0.05
0.05
0.05
0.05
0.05
0.05
0.05
0.05
0.05
0.05
0.05
0.05
0.05
0.05
0.05
0.05
0.05
0.05
0.05
0.05
0.05
0.05
0.05
0.05
0.05
0.05
0.05
0.05
0.05
0.05
0.05
0.05
0.05
0.05
0.05
0.05
0.05
0.05
0.05
0.05
0.05
0.05
0.05
0.05
0.05
0.05
0.05
0.05
0.05
0.05
0.05
0.05
0.05
0.05
0.05
0.05
0.05
0.05
0.05
0.05
0.05
0.05
0.05
0.05
0.05
0.05
0.05
0.05
0.05
0.05
0.05
0.05
0.05
0.05
0.05
0.05
0.05
0.05
0.05
0.05
0.05
0.05
0.05
0.05
0.05
0.05
0.05
0.05
0.05
0.05
0.05
0.05
0.05
0.05
0.05
0.05
0.05
0.05
0.05
0.05
0.05
0.05
0.05
0.05
0.05
0.05
0.05
0.05
0.05
0.05
0.05
0.05
0.05
0.05
0.05
0.05
0.05
0.05
0.05
0.05
0.05
0.05
0.05
0.05
0.05
0.05
0.05
0.05
0.05
0.05
0.05
0.05
0.05
0.05
0.05
0.05
0.05
0.05
0.05
0.05
0.05
0.05
0.05
0.05
0.05
0.05
0.05
0.05
0.05
0.05
0.05
0.05
0.05
0.05
0.05
0.05
0.05
0.05
0.05
0.05
0.05
0.05
0.05
0.05
0.05
0.05
0.05
0.05
0.05
0.05
0.05
0.05
0.05
0.05
0.05
0.05
0.05
0.05
0.05
0.05
0.05
0.05
0.05
0.05
0.05
0.05
0.05
0.05
0.05
0.05
0.05
0.05
0.05
0.05
0.05
0.05
0.05
0.05
0.05
0.05
0.05
0.05
0.05
0.05
0.05
0.05
0.05
0.05
0.05
0.05
0.05
0.05
0.05
0.05
0.05
0.05
0.05
0.05
0.05
0.05
0.05
0.05
0.05
0.05
0.05
0.05
0.05
0.05
0.05
0.05
0.05
0.05
0.05
0.05
0.05
0.05
0.05
0.05
0.05
0.05
0.05
0.05
0.05
0.05
0.05
0.05
0.05
0.05
0.05
0.05
0.05
0.05
0.05
0.05
0.05
0.05
0.05
0.05
0.05
0.05
0.05
0.05
0.05
0.05
0.05
0.05
0.05
0.05
0.05
0.05
0.05
0.05
0.05
0.05
0.05
0.05
0.05
0.05
0.05
0.05
0.05
0.05
0.05
0.05
0.05
0.05
0.05
0.05
0.05
0.05
0.05
0.05
0.05
0.05
0.05
0.05
0.05
0.05
0.05
0.05
0.05
0.05
0.05
0.05
0.05
0.05
0.05
0.05
0.05
0.05
0.05
0.05
0.05
0.05
0.05
0.05
0.05
0.05
0.05
0.05
0.05
0.05
0.05
0.05
0.05
0.05
0.05
0.05
0.05
0.05
0.05
0.05
0.05
0.05
0.05
0.05
0.05
0.05
0.05
0.05
0.05
0.05
0.05
0.05
0.05
0.05
0.05
0.05
0.05
0.05
0.05
0.05
0.05
0.05
0.05
0.05
0.05
0.05
0.05
0.05
0.05
0.05
0.05
0.05
0.05
0.05
0.05
0.05
0.05
0.05
0.05
0.05
0.05
0.05
0.05
0.05
0.05
0.05
0.05
0.05
0.05
0.05
0.05
0.05
0.05
0.05
0.05
0.05
0.05
0.05
0.05
0.05
0.05
0.05
0.05
0.05
0.05
0.05
0.05
0.05
0.05
0.05
0.05
0.05
0.05
0.05
0.05
0.05
0.05
0.05
0.05
0.05
0.05
0.05
0.05
0.05
0.05
0.05
0.05
0.05
0.05
0.05
0.05
0.05
0.05
0.05
0.05
0.05
0.05
0.05
0.05
0.05
0.05
0.05
0.05
0.05
0.05
0.05
0.05
0.05
0.05
0.05
0.05
0.05
0.05
0.05
0.05
0.05
0.05
0.05
0.05
0.05
0.05
0.05
0.05
0.05
0.05
0.05
0.05
0.05
0.05
0.05
0.05
0.05
0.05
0.05
0.05
0.05
0.05
0.05
0.05
0.05
0.05
0.05
0.05
0.05
0.05
0.05
0.05
0.05
0.05
0.05
0.05
0.05
0.05
0.05
0.05
0.05
0.05
0.05
0.05
0.05
0.05
0.05
0.05
0.05
0.05
0.05
0.05
0.05
0.05
0.05
0.05
0.05
0.05
0.05
0.05
0.05
0.05
0.05
0.05
0.05
0.05
0.05
0.05
0.05
0.05
0.05
0.05
0.05
0.05
0.05
0.05
0.05
0.05
0.05
0.05
0.05
0.05
0.05
0.05
0.05
0.05
0.05
0.05
0.05
0.05
0.05
0.05
0.05
0.05
0.05
0.05
0.05
0.05
0.05
0.05
0.05
0.05
0.05
0.05
0.05
0.05
0.05
0.05
0.05
0.05
0.05
0.05
0.05
0.05
0.05
0.05
0.05
0.05
0.05
0.05
0.05
0.05
0.05
0.05
0.05
0.05
0.05
0.05
0.05
0.05
0.05
0.05
0.05
0.05
0.05
0.05
0.05
0.05
0.05
0.05
0.05
0.05
0.05
0.05
0.05
0.05
0.05
0.05
0.05
0.05
0.05
0.05
0.05
0.05
0.05
0.05
0.05
0.05
0.05
0.05
0.05
0.05
0.05
0.05
0.05
0.05
0.05
0.05
0.05
0.05
0.05
0.05
0.05
0.05
0.05
0.05
0.05
0.05
0.05
0.05
0.05
0.05
0.05
0.05
0.05
0.05
0.05
0.05
0.05
0.05
0.05
0.05
0.05
0.05
0.05
0.05
0.05
0.05
0.05
0.05
0.05
0.05
0.05
0.05
0.05
0.05
0.05
0.05
0.05
0.05
0.05
0.05
0.05
0.05
0.05
0.05
0.05
0.05
0.05
0.05
0.05
0.05
0.05
0.05
0.05
0.05
0.05
0.05
0.05
0.05
0.05
0.05
0.05
0.05
0.05
0.05
0.05
0.05
0.05
0.05
0.05
0.05
0.05
0.05
0.05
0.05
0.05
0.05
0.05
0.05
0.05
0.05
0.05
0.05
0.05
0.05
0.05
0.05
0.05
0.05
0.05
0.05
0.05
0.05
0.05
0.05
0.05
0.05
0.05
0.05
0.05
0.05
0.05
0.05
0.05
0.05
0.05
0.05
0.05
0.05
0.05
0.05
0.05
0.05
0.05
0.05
0.05
0.05
0.05
0.05
0.05
0.05
0.05
0.05
0.05
0.05
0.05
0.05
0.05
0.05
0.05
0.05
0.05
0.05
0.05
0.05
0.05
0.05
0.05
0.05
0.05
0.05
0.05
0.05
0.05
0.05
0.05
0.05
0.05
0.05
0.05
0.05
0.05
0.05
0.05
0.05
0.05
0.05
0.05
0.05
0.05
0.05
0.05
0.05
0.05
0.05
0.05
0.05
0.05
0.05
0.05
0.05
0.05
0.05
0.05
0.05
0.05
0.05
0.05
0.05
0.05
0.05
0.05
0.05
0.05
0.05
0.05
0.05
0.05
0.05
0.05
0.05
0.05
0.05
0.05
0.05
0.05
0.05
0.05
0.05
0.05
0.05
0.05
0.05
0.05
0.05
0.05
0.05
0.05
0.05
0.05
0.05
0.05
0.05
0.05
0.05
0.05
0.05
0.05
0.05
0.05
0.05
0.05
0.05
0.05
0.05
0.05
0.05
0.05
0.05
0.05
0.05
0.05
0.05
0.05
0.05
0.05
0.05
0.05
0.05
0.05
0.05
0.05
0.05
0.05
0.05
0.05
0.05
0.05
0.05
0.05
0.05
0.05
0.05
0.05
0.05
0.05
0.05
0.05
0.05
0.05
0.05
0.05
0.05
0.05
0.05
0.05
0.05
0.05
0.05
0.05
0.05
0.05
0.05
0.05
0.05
0.05
0.05
0.05
0.05
0.05
0.05
0.05
0.05
0.05
0.05
0.05
0.05
0.05
0.05
0.05
0.05
0.05
0.05
0.05
0.05
0.05
0.05
0.05
0.05
0.05
0.05
0.05
0.05
0.05
0.05
0.05
0.05
0.05
0.05
0.05
0.05
0.05
0.05
0.05
0.05
0.05
0.05
0.05
0.05
0.05
0.05
0.05
0.05
0.05
0.05
0.05
0.05
0.05
0.05
0.05
0.05
0.05
0.05
0.05
0.05
0.05
0.05
0.05
0.05
0.05
0.05
0.05
0.05
0.05
0.05
0.05
0.05
0.05
0.05
0.05
0.05
0.05
0.05
0.05
0.05
0.05
0.05
0.05
0.05
0.05
0.05
0.05
0.05
0.05
0.05
0.05
0.05
0.05
0.05
0.05
0.05
0.05
0.05
0.05
0.05
0.05
0.05
0.05
0.05
0.05
0.05
0.05
0.05
0.05
0.05
0.05
0.05
0.05
0.05
0.05
0.05
0.05
0.05
0.05
0.05
0.05
0.05
0.05
0.05
0.05
0.05
0.05
0.05
0.05
0.05
0.05
0.05
0.05
0.05
0.05
0.05
0.05
0.05
0.05
0.05
0.05
0.05
0.05
0.05
0.05
0.05
0.05
0.05
0.05
0.05
0.05
0.05
0.05
0.05
0.05
0.05
0.05
0.05
0.05
0.05
0.05
0.05
0.05
0.05
0.05
0.05
0.05
0.05
0.05
0.05
0.05
0.05
0.05
0.05
0.05
0.05
0.05
0.05
0.05
0.05
0.05
0.05
0.05
0.05
0.05
0.05
0.05
0.05
0.05
0.05
0.05
0.05
0.05
0.05
0.05
0.05
0.05
0.05
0.05
0.05
0.05
0.05
0.05
0.05
0.05
0.05
0.05
0.05
0.05
0.05
0.05
0.05
0.05
0.05
0.05
0.05
0.05
0.05
0.05
0.05
0.05
0.05
0.05
0.05
0.05
0.05
0.05
0.05
0.05
0.05
0.05
0.05
0.05
0.05
0.05
0.05
0.05
0.05
0.05
0.05
0.05
0.05
0.05
0.05
0.05
0.05
0.05
0.05
0.05
0.05
0.05
0.05
0.05
0.05
0.05
0.05
0.05
0.05
0.05
0.05
0.05
0.05
0.05
0.05
0.05
0.05
0.05
0.05
0.05
0.05
0.05
0.05
0.05
0.05
0.05
0.05
0.05
0.05
0.05
0.05
0.05
0.05
0.05
0.05
0.05
0.05
0.05
0.05
0.05
0.05
0.05
0.05
0.05
0.05
0.05
0.05
0.05
0.05
0.05
0.05
0.05
0.05
0.05
0.05
0.05
0.05
0.05
0.05
0.05
0.05
0.05
0.05
0.05
0.05
0.05
0.05
0.05
0.05
0.05
0.05
0.05
0.05
0.05
0.05
0.05
0.05
0.05
0.05
0.05
0.05
0.05
0.05
0.05
0.05
0.05
0.05
0.05
0.05
0.05
0.05
0.05
0.05
0.05
0.05
0.05
0.05
0.05
0.05
0.05
0.05
0.05
0.05
0.05
0.05
0.05
0.05
0.05
0.05
0.05
0.05
0.05
0.05
0.05
0.05
0.05
0.05
0.05
0.05
0.05
0.05
0.05
0.05
0.05
0.05
0.05
0.05
0.05
0.05
0.05
0.05
0.05
0.05
0.05
0.05
0.05
0.05
0.05
0.05
0.05
0.05
0.05
0.05
0.05
0.05
0.05
0.05
0.05
0.05
0.05
0.05
0.05
0.05
0.05
0.05
0.05
0.05
0.05
0.05
0.05
0.05
0.05
0.05
0.05
0.05
0.05
0.05
0.05
0.05
0.05
0.05
0.05
0.05
0.05
0.05
0.05
0.05
0.05
0.05
0.05
0.05
0.05
0.05
0.05
0.05
0.05
0.05
0.05
0.05
0.05
0.05
0.05
0.05
0.05
0.05
0.05
0.05
0.05
0.05
0.05
0.05
0.05
0.05
0.05
0.05
0.05
0.05
0.05
0.05
0.05
0.05
0.05
0.05
0.05
0.05
0.05
0.05
0.05
0.05
0.05
0.05
0.05
0.05
0.05
0.05
0.05
0.05
0.05
0.05
0.05
0.05
0.05
0.05
0.05
0.05
777777