2.8593
999999
-0.0919383
0.137505
0.0513674
-0.197214
0.188455
0.0803127
0.140039
0.00202564
-0.172708
0.154229
-0.0743232
0.166297
-0.170753
-0.0900979
0.0379615
0.148006
0.0315522
0.0654941
0.0259851
-0.1879
-0.0184102
0.140266
-0.187281
-0.0333279
-0.176108
-0.100391
0.0942208
-0.173749
-0.118214
0.0814596
-0.00930001
-0.153868
-0.158026
-0.173992
0.00209392
0.0178641
-0.173145
0.0319973
0.115266
0.0373985
-0.0358121
0.194126
-0.194263
-0.138611
0.131521
-0.1262
-0.0926785
0.0031701
0.122849
-0.0753116
0.16485
0.010561
-0.0714371
-0.139686
0.0319932
-0.0562857
-0.178073
0.114169
0.126649
-0.0195708
-0.109008
-0.133438
-0.112406
0.157708
0.0549362
-0.132333
0.021306
0.169436
0.0866135
-0.0327783
-0.0288212
-0.149011
-0.0821355
-0.0801528
0.149004
0.169563
-0.126327
0.0776882
-0.0356743
-0.0604813
-0.113562
0.0220706
-0.110627
-0.0463823
0.0591238
-0.0798134
-0.0667529
0.189017
-0.0615186
0.0603345
-0.0120657
-0.0700836
-0.127805
-0.0472735
0.153842
-0.133308
-0.100463
0.0360157
0.150074
-0.191512
0.146526
0.145331
-0.12362
-0.0522267
-0.142672
-0.0116077
-0.167054
-0.188418
-0.18659
0.0817377
0.0401981
0.160556
0.143606
0.0718822
-0.0515812
0.169806
-0.0627364
-0.116586
-0.111052
-0.186481
0.100117
0.177192
0.0681699
0.130117
0.150275
0.0645242
0.192609
0.00129857
0.0933797
-0.0921167
-0.0048981
0.146302
-0.0409871
-0.102078
0.0415689
0.0188068
0.00761381
0.100901
0.036734
-0.0873646
0.102812
-0.14138
0.154695
-0.142582
-0.0114699
-0.062143
-0.101477
-0.00455274
-0.0779978
0.0815448
-0.0763315
0.153758
-0.0659367
0.0864448
-0.135661
-0.144141
-0.0150022
-0.0303393
0.030178
-0.0142916
0.0676578
0.0727274
-0.174659
-0.0544246
0.182559
-0.0489539
0.0926568
0.082766
0.121322
0.153758
0.137942
0.148562
-0.0874327
-0.0157709
0.137486
-0.107199
0.193733
-0.0598411
-0.0142909
-0.174777
0.0732097
0.0928657
-0.0725939
-0.071578
-0.198862
-0.101593
-0.0571326
-0.0790601
0.109453
0.0632134
-0.182123
-0.102537
0.171083
-0.188848
0.0600379
0.183548
-0.148179
-0.0147634
0.0434504
0.110889
0.161684
0.15822
0.181988
0.0379372
-0.135458
0.165841
0.0671236
0.108287
-0.124704
-0.0912417
-0.0340098
0.00735774
0.114939
0.155304
-0.169192
0.0949102
-0.0959615
0.108656
0.011901
-0.10957
-0.0520517
-0.148199
-0.167365
0.00132824
0.179642
-0.141039
0.0345256
0.1286
0.171588
0.0814614
-0.00881548
0.171261
0.178533
0.173971
0.101654
-0.124898
0.160769
0.0757289
-0.163892
0.180862
-0.0627374
0.0310851
0.0929375
0.125928
-0.189299
-0.129111
-0.158868
0.059655
-0.0740804
-0.0465333
-0.0262089
0.0594896
0.0400919
-0.000305601
0.109798
-0.0480919
0.0767176
0.0827246
0.0860971
0.192429
0.0186446
-0.0221352
0.12446
0.0297699
0.0792376
0.136439
0.143824
-0.0376333
-0.0903488
0.0715423
0.0653683
-0.166969
-0.140272
0.15108
0.0305432
-0.18129
0.151461
0.0224384
0.158582
-0.0198295
-0.122645
0.188873
0.169777
-0.0414894
0.0849587
-0.197046
0.0526732
-0.0152782
0.0128081
0.157315
-0.183612
0.0997573
-0.196998
0.0503627
-0.0257289
-0.193392
-0.108238
0.131073
-0.104803
-0.147722
0.171776
0.0472667
0.0841635
0.186869
0.103435
-0.00887057
0.0126871
0.196178
0.167092
0.0385809
-0.0980516
0.164602
0.173032
0.125711
0.11115
-0.0373128
-0.0541268
-0.113408
-0.0755471
-0.180697
-0.071613
0.0150417
0.022441
0.116822
0.145938
0.178291
0.180639
-0.121008
-0.120017
-0.0315466
0.176359
-0.150675
0.0680355
-0.0751236
-0.0421419
-0.191071
0.140533
0.0400923
-0.071069
-0.165254
-0.126953
-0.0449598
0.150436
0.0149735
-0.00697508
0.0690042
-0.0622237
-0.139781
-0.185854
-0.0345753
-0.0516333
-0.00450899
-0.127462
-0.0842916
-0.0171499
0.136276
0.00503352
0.0498401
-0.171796
-0.143043
-0.0350953
-0.137912
0.109608
0.073649
0.155525
0.0451979
-0.00731974
-0.0844887
0.197639
-0.0409252
-0.171697
-0.0826603
-0.0214414
-0.0533265
0.103434
-0.123412
0.0932625
-0.17106
-0.161847
-0.0569913
-0.157963
0.136408
0.0354579
0.187025
0.114302
0.188724
-0.136471
0.153544
0.0309834
-0.0244014
-0.145936
0.0295016
0.165062
-0.139805
0.0343532
-0.194936
-0.0644862
-0.129833
-0.0507561
-0.0617249
-0.171583
-0.119307
0.0297728
0.0301599
0.0378667
-0.110227
0.00385344
-0.163881
0.116517
-0.113727
0.077511
0.177804
0.0263424
-0.148788
0.0413723
-0.116815
-0.12574
0.0574216
0.112165
0.138965
-0.170441
0.0554499
0.111384
0.00905039
0.197364
-0.0847301
0.0437141
-0.103558
0.00418487
0.198026
0.144677
-0.141622
0.0738265
0.00169702
-0.125112
0.008513
-0.0632553
0.129957
0.0105079
-0.139485
-0.142328
-0.180401
0.199938
-0.0846921
0.133904
0.015285
0.127084
0.0741037
0.162173
-0.0480423
-0.071897
0.175557
0.104033
-0.0242757
-0.107441
0.105287
-0.0500037
-0.0351912
-0.122143
0.0543015
0.034955
-0.168802
0.0340176
0.0343371
-0.151645
-0.114116
-0.197867
-0.0770016
0.0889148
-0.0600453
-0.177585
0.106577
-0.0277981
0.0728656
-0.124921
-0.146925
0.193739
-0.0721758
0.197753
-0.0222234
0.135958
-0.0165738
0.094468
-0.179129
-0.107162
-0.181468
0.148574
0.0454907
-0.000831387
0.170821
0.00227349
-0.0560256
0.127299
-0.146238
0.179786
-0.149131
-0.0820614
-0.081289
0.164061
-0.194453
0.0703072
0.0933865
-0.0786495
-0.0240153
0.181801
0.199612
0.0974884
0.0712553
0.0257326
0.15334
0.0505021
0.0721338
-0.0293951
0.127546
-0.0712478
-0.023365
-0.0296995
0.190794
-0.0772095
-0.185751
-0.029433
0.00533673
-0.1404
0.150844
-0.123614
-0.123551
-0.169372
-0.141434
-0.0114404
-0.183464
0.169297
-0.0618809
-0.0148762
0.000886535
-0.123838
-0.0273889
-0.118077
-0.0834882
0.00410291
-0.141053
-0.0411523
0.0838514
-0.183856
-0.121034
-0.0327051
0.152987
0.159416
0.17007
0.0384555
-0.155548
0.0311118
-0.0231113
0.155084
-0.0307482
-0.129094
0.179644
-0.0159293
-0.0321614
-0.0717565
0.142273
-0.0540003
-0.180589
-0.111783
0.0866125
-0.143281
0.00244345
-0.146725
0.102434
0.0773011
0.119869
-0.125998
-0.145171
-0.0975807
-0.0801482
0.0597687
-0.128784
0.0345478
0.0698721
0.144332
-0.00838899
-0.0734947
-0.124917
-0.0224132
-0.18365
-0.0164971
-0.0946642
0.0992952
-0.155552
-0.112979
-0.0912327
-0.177979
0.0998019
-0.182072
0.127315
-0.134909
-0.000968145
0.0151678
0.126532
-0.127287
-0.169306
-0.0321568
0.111767
0.152069
0.184231
0.170716
0.148382
0.188801
-0.109098
0.0847853
-0.0736207
0.0994936
-0.199559
-0.191944
0.0790735
-0.0599852
0.186926
-0.0427163
-0.168334
0.0818013
0.137901
-0.0253486
0.0328037
-0.0342455
0.171559
0.0819748
-0.147056
-0.00317961
0.139924
0.199288
-0.10082
0.198737
0.0446474
-0.182784
0.120005
0.00555688
0.0910072
0.0507734
-0.0853442
0.00590036
-0.0730796
-0.136273
0.0224013
-0.0477297
-0.167896
0.184158
0.141203
0.159467
-0.173038
0.102213
0.035919
-0.0572551
-0.137574
0.149597
-0.0779102
-0.111976
-0.0499325
-0.134204
-0.0111807
-0.111461
-0.00673599
0.106972
-0.088558
0.0770694
-0.0875526
0.184947
-0.125694
-0.177043
-0.00667552
0.060821
0.181666
0.0377927
0.105648
-0.0692001
0.0931349
0.00947675
-0.15118
-0.125142
-0.0678708
0.157592
0.0234632
0.0918799
-0.0566564
0.179682
0.158556
0.161633
-0.0176864
0.108734
-0.085798
0.0675309
-0.00627631
0.0365969
-0.0877348
-0.185384
0.0964129
0.0558378
-0.115261
-0.0489484
-0.182307
0.141969
0.0923997
0.131861
0.0987082
0.00171604
-0.123924
-0.143654
-0.0142544
0.11065
0.163868
0.0869655
0.110815
-0.0345097
-0.123247
-0.0317925
0.0391384
0.0376887
-0.121703
0.164087
-0.124569
-0.0729874
-0.0388112
-0.165027
0.133881
0.0716141
0.145496
0.194877
0.153682
-0.0696694
-0.107758
-0.0766045
-0.136275
-0.180539
-0.147729
-0.103969
0.14319
0.00677211
-0.0891423
-0.0372921
-0.186265
0.0953062
-0.160726
0.0663001
0.0449278
0.0454128
-0.0141719
-0.0112398
-0.0199269
0.0506832
0.08517
0.0798217
-0.112705
-0.0295839
-0.0337494
0.0775897
0.127741
0.179278
-0.105875
-0.1684
-0.0293802
-0.019155
0.195
0.184155
0.0379405
0.157866
0.194857
-0.0759396
0.0675929
0.0588822
0.0302082
-0.121276
-0.0875287
0.142583
-0.127954
-0.149657
-0.181077
-0.0987152
0.0542979
-0.153125
0.107178
0.0295376
0.187278
0.158764
-0.172153
0.0510457
0.0196082
0.160236
-0.0620752
-0.0335891
-0.0505302
-0.188834
0.1001
-0.0651052
-0.0227789
-0.0439146
-0.104397
0.109245
0.00896054
0.0723365
0.0724029
0.0991627
0.124088
0.155533
0.00815703
-0.160767
0.0559014
0.0156501
0.169898
-0.0384969
0.175182
-0.0390644
-0.19842
-0.078579
-0.0639512
-0.00068595
0.0209678
-0.189527
-0.137011
0.187772
-0.147361
-0.195938
-0.130064
-0.125215
0.0777197
-0.0366848
-0.186466
0.0886161
-0.0980122
-0.110633
0.0611919
0.00170087
0.121858
-0.166535
0.101637
-0.0614226
-0.0463565
0.145382
-0.058254
0.111854
-0.0399139
0.0454024
-0.174742
0.190053
-0.1844
0.0874721
-0.0159897
-0.113179
0.193214
-0.0214951
0.0962533
0.144649
0.0605987
0.143955
-0.171782
-0.00636141
-0.0774421
0.113234
-0.0305096
0.0095571
0.057621
-0.194552
0.130909
-0.174153
-0.04332
0.156591
0.0887558
0.0385221
0.196356
0.022535
0.0650931
-0.0824108
-0.141892
-0.10421
0.128244
0.0647265
0.0231168
-0.0147249
0.101373
-0.153534
0.0360167
0.0777427
-0.17249
-0.0520352
0.171551
-0.0946018
-0.108617
0.0040367
0.018575
-0.0341985
0.0094637
0.0968953
-0.0561576
0.110576
0.156807
0.120702
-0.177732
-0.0450568
0.156575
-0.19188
0.149225
0.0756879
-0.137612
0.151829
-0.172212
0.127883
0.0626038
-0.00469126
0.0437106
0.134851
-0.0130441
0.10576
-0.0523957
0.0316846
-0.155433
0.00544602
0.0833828
-0.133757
-0.138432
0.0364507
0.172475
-0.0320148
-0.119233
-0.139997
0.165753
0.0101785
0.118756
0.118502
0.0683802
-0.147035
-0.0148279
-0.194722
0.191028
-0.171023
0.120931
-0.106124
0.196511
0.064212
0.0805909
-0.0799578
-0.15541
0.0206911
-0.166826
-0.172845
0.140744
0.00916349
-0.086458
-0.149206
0.0606028
-0.0567268
-0.0630285
-0.132175
0.0772848
-0.0125159
0.0953965
0.00555339
-0.178484
-0.108112
-0.188353
0.136458
-0.0829212
-0.119164
0.0881848
-0.168789
-0.121924
0.189064
-0.00282746
0.180895
-0.0263336
0.00832288
0.0752718
-0.188385
-0.00449329
0.0760811
-0.189851
0.190204
0.0336816
0.0166856
-0.00472166
0.0686031
0.0727207
0.168835
0.00221503
-0.12362
0.0831925
0.100126
-0.0316604
0.00156002
-0.0158772
-0.165767
-0.00395579
0.18298
0.0234728
-0.107323
-0.0743722
-0.0897559
-0.163029
0.144233
0.0217767
-0.0211631
-0.0329873
0.16803
-0.0822831
-0.121226
-0.0320011
0.182653
-0.0894967
-0.0805881
0.0515928
0.15238
0.0581838
-0.138215
-0.0310497
-0.0773934
0.19971
-0.181103
0.0661975
0.0856923
-0.188895
0.106725
0.151136
0.151196
0.0859458
-0.139189
-0.125477
-0.0269024
0.0631376
0.187277
0.148047
-0.0709107
0.0336368
-0.0262078
0.0295723
-0.130945
-0.185059
-0.0412889
0.139421
0.157511
-0.00523521
-0.12331
-0.0636001
-0.0927634
0.128748
0.016557
0.0420403
0.0549227
0.127132
-0.126222
0.154837
0.192865
0.143797
0.0926372
0.099861
0.188857
-0.13267
0.0443661
0.0425504
0.109513
0.156669
-0.0789302
0.0466911
0.0611366
-0.183067
-0.188512
0.152716
-0.0685576
0.0858008
0.192405
0.198589
-0.127999
0.0450167
-0.194128
-0.0764982
0.186885
0.108092
0.079506
-0.027886
-0.157985
-0.049946
-0.00227392
-0.0680731
0.0532226
-0.045778
0.127757
0.0259457
0.199502
0.0986406
-0.167501
-0.023875
-0.0082279
0.0399717
0.176904
-0.165483
-0.112093
-0.0287186
0.014681
-0.0325453
-0.0928388
-0.0646153
-0.140953
-0.153155
-0.0976358
0.148411
0.122532
0.19134
-0.0800219
-0.143068
0.0796314
0.0820214
-0.162906
-0.15154
0.0924468
-0.0683735
0.164439
0.122813
-0.0710007
-0.173217
0.0115351
-0.125155
-0.0456715
-0.148705
-0.162612
-0.0425626
-0.0700178
0.0174621
-0.147698
0.164369
-0.0512278
-0.0727381
-0.183949
0.014314
0.104997
0.138404
-0.141213
0.142539
-0.194605
0.0481046
0.0125485
-0.0569969
-0.0297157
0.0506533
0.0495595
0.0405932
0.176191
0.106774
-0.15862
0.0304728
-0.140515
-0.13423
0.109442
-0.166999
0.062495
0.170418
-0.151413
0.0678579
-0.142863
-0.196755
-0.0836072
0.174658
-0.184281
-0.00890093
0.0603832
0.035705
0.110931
0.0613538
0.0289886
-0.154791
-0.0747613
0.0929507
0.0427499
0.0207552
-0.0341765
-0.102406
0.120998
-0.120809
0.162843
-0.0285279
-0.0674719
0.0799321
-0.00711225
-0.0982291
-0.00471269
0.0652668
-0.150251
0.150153
-0.019537
-0.128116
0.143448
-0.177793
-0.136447
0.124391
-0.156353
0.0365647
0.0271754
-0.141071
-0.185513
-0.122638
-0.168953
0.0193332
0.0634741
0.13402
0.150632
-0.198803
-0.191646
-0.138376
-0.117264
-0.180271
-0.0943018
-0.140963
-0.157666
-0.102061
-0.164713
-0.178221
0.033464
0.13995
0.171513
0.128348
0.141223
-0.059332
-0.0420204
-0.107594
0.0813976
-0.0288059
0.0973948
0.0638242
-0.0381385
0.0297689
0.144342
-0.099965
-0.118018
0.139745
0.137228
0.124235
0.0116005
-0.176764
-0.163416
-0.171684
0.171766
0.172009
-0.19647
0.169439
0.045383
0.057913
0.0845841
-0.163384
0.0693596
0.0514767
0.13648
0.131939
-0.146328
-0.142817
0.128079
0.0561012
0.136682
0.127938
-0.0941885
0.111207
0.00451105
-0.184661
-0.093143
-0.0229512
0.097381
-0.0277565
0.00786513
-0.0228206
0.118206
-0.121226
0.140025
0.0125176
-0.0356119
0.183942
0.0335468
0.165702
0.140471
0.0638069
0.0441615
-0.107775
-0.0289668
0.0639087
-0.0555844
-0.121316
0.00269573
-0.182273
-0.0189529
0.167748
0.0490647
-0.0529491
-0.0816392
0.0540274
-0.0348631
0.089366
-0.0169276
0.0216948
-0.0302355
0.151595
-0.184536
0.196392
-0.0982773
0.0527391
0.157279
0.0932356
-0.0710824
-0.153512
0.0936224
0.154342
-0.195031
-0.0980299
-0.126593
0.19013
0.0145873
-0.0707225
-0.132881
-0.0305949
-0.00459555
-0.0912321
-0.164425
-0.0972017
-0.0749041
0.106372
0.101268
0.0289718
0.147531
0.115024
-0.119371
0.0294522
0.0302408
-0.140818
-0.0599497
0.0950236
-0.180573
-0.133421
0.154788
-0.19922
0.0570192
0.0220372
-0.0162665
0.0380276
0.103989
0.102354
-0.172329
0.0692939
-0.195401
0.117041
0.160707
0.0462467
0.076797
-0.145051
-0.188931
-0.0457949
0.0791268
-0.0533617
-0.107838
0.0719341
0.0681805
-0.158291
0.100231
0.0277094
0.0946317
0.0783895
0.0980335
0.194626
0.0202542
0.0419373
-0.07216
0.0619263
-0.127446
-0.146577
-0.131899
-0.0968722
0.145313
-0.0081638
0.00668915
-0.0614403
-0.0463786
-0.0066576
-0.143559
-0.0103503
0.196093
0.0309325
-0.0415573
-0.0587116
-0.140337
-0.0633266
-0.191927
-0.172936
-0.124389
0.0736274
0.0138783
0.180422
0.101368
0.181572
-0.0577648
-0.0120802
-0.122076
-0.0397364
0.19197
-0.0843756
-0.0695016
0.144902
0.124986
-0.132668
-0.190099
-0.0043654
0.156912
0.0914388
0.120573
-0.0302581
0.0626714
0.0150787
-0.0162393
-0.00310527
-0.104857
-0.192553
0.0286365
0.0329474
-0.123412
-0.127522
0.132572
-0.0913776
0.0652718
0.118893
-0.0877886
-0.154898
-0.11995
0.114605
0.151426
0.0998062
0.175675
0.0482171
0.0238289
-0.142584
-0.09921
-0.0985481
0.183493
0.107383
-0.168478
0.166761
-0.125361
-0.106483
-0.196824
-0.170244
-0.0577481
0.164226
-0.0288668
-0.132194
0.135749
-0.0101864
-0.161945
-0.195465
0.108271
-0.129847
0.143154
-0.00256939
0.0339317
-0.00794302
0.0108222
-0.163921
-0.126287
-0.0847185
0.0132213
0.110758
-0.116722
0.0217841
0.0510196
-0.00479523
-0.0487478
0.189297
0.197649
-0.111728
0.168858
0.166825
-0.0469243
-0.135757
-0.0491281
-0.0570048
0.117527
-0.100897
0.143779
-0.146995
-0.0169286
-0.188159
-0.032984
0.132968
0.119941
-0.16281
0.00964084
0.177768
-0.0214982
0.0905143
-0.109505
0.0866172
0.136444
-0.160283
0.142992
0.139002
0.00898716
-0.0631004
0.159754
-0.00942168
0.159094
-0.158269
0.0361897
0.151874
0.17134
0.0209269
-0.11898
-0.0403003
-0.114381
-0.03392
-0.126952
0.0394699
-0.184264
0.074592
-0.00742374
-0.0178914
-0.160695
0.17143
-0.0967005
-0.168913
-0.156224
-0.0529705
0.0817754
0.148877
0.0832403
0.0567212
0.157342
0.114929
-0.0296819
0.116395
0.0487731
-0.172786
-0.1156
0.165219
-0.0371066
-0.108014
-0.138745
-0.18764
-0.0889562
-0.0566631
0.174943
0.0574905
-0.0142073
-0.0863467
-0.0205909
-0.016691
-0.180515
-0.137909
0.00779122
-0.0827839
-0.107508
-0.0893528
0.152026
-0.184769
-0.031956
-0.165707
-0.195939
0.020001
0.00315639
-0.173419
0.0648127
0.010375
-0.00635883
0.0294732
-0.0438647
0.126763
-0.0154107
0.0348956
0.0882449
-0.148638
0.0471105
-0.132098
-0.189522
-0.0126285
-0.0910078
-0.0756618
0.164634
-0.137919
-0.0886961
0.115941
0.135133
-0.138466
0.172215
-0.118667
-0.0483381
-0.107914
0.0762895
0.129525
0.00728957
0.00849704
-0.0635309
0.159275
-0.181742
0.178085
0.0499268
0.197261
0.189065
-0.00243103
0.115523
0.00448577
0.0118222
0.0705674
0.0471376
0.0758125
0.102548
0.0435765
-0.141761
0.186099
-0.034816
-0.0732279
0.123777
-0.0822998
-0.123171
-0.113857
-0.199687
0.0235465
0.0416728
0.125105
-0.163891
-0.0213058
-0.0383071
-0.173283
-0.0748948
-0.127719
-0.112207
0.151168
-0.108461
0.0538996
0.00171795
0.167707
-0.00611339
0.116137
0.124013
-0.105881
-0.0220676
0.0219558
-0.145031
-0.0264915
-0.0729876
-0.116673
-0.0259288
0.0803599
-0.180266
-0.117759
0.0310676
0.179169
-0.0442281
0.183678
-0.079997
-0.173769
-0.0288257
-0.105366
0.041146
-0.11807
0.136436
-0.0124757
-0.0857737
0.026195
0.187432
0.0829609
0.148173
-0.133391
-0.0175545
-0.196762
-0.00317574
-0.171132
-0.131507
0.0899592
-0.000799202
-0.111028
0.012829
-0.158288
0.126813
0.0819991
-0.143306
-0.0480646
-0.189702
0.0118426
-0.151175
0.0899977
0.138647
0.038346
0.199784
-0.109471
-0.0432287
-0.0907724
0.0496537
-0.0450372
0.0575705
-0.0667363
-0.057931
-0.0272531
0.0797639
0.184352
888888
0.05
0.05
0.05
0.05
0.05
0.05
0.05
0.05
0.05
0.05
0.05
0.05
0.05
0.05
0.05
0.05
0.05
0.05
0.05
0.05
0.05
0.05
0.05
0.05
0.05
0.05
0.05
0.05
0.05
0.05
0.05
0.05
0.05
0.05
0.05
0.05
0.05
0.05
0.05
0.05
0.05
0.05
0.05
0.05
0.05
0.05
0.05
0.05
0.05
0.05
0.05
0.05
0.05
0.05
0.05
0.05
0.05
0.05
0.05
0.05
0.05
0.05
0.05
0.05
0.05
0.05
0.05
0.05
0.05
0.05
0.05
0.05
0.05
0.05
0.05
0.05
0.05
0.05
0.05
0.05
0.05
0.05
0.05
0.05
0.05
0.05
0.05
0.05
0.05
0.05
0.05
0.05
0.05
0.05
0.05
0.05
0.05
0.05
0.05
0.05
0.05
0.05
0.05
0.05
0.05
0.05
0.05
0.05
0.05
0.05
0.05
0.05
0.05
0.05
0.05
0.05
0.05
0.05
0.05
0.05
0.05
0.05
0.05
0.05
0.05
0.05
0.05
0.05
0.05
0.05
0.05
0.05
0.05
0.05
0.05
0.05
0.05
0.05
0.05
0.05
0.05
0.05
0.05
0.05
0.05
0.05
0.05
0.05
0.05
0.05
0.05
0.05
0.05
0.05
0.05
0.05
0.05
0.05
0.05
0.05
0.05
0.05
0.05
0.05
0.05
0.05
0.05
0.05
0.05
0.05
0.05
0.05
0.05
0.05
0.05
0.05
0.05
0.05
0.05
0.05
0.05
0.05
0.05
0.05
0.05
0.05
0.05
0.05
0.05
0.05
0.05
0.05
0.05
0.05
0.05
0.05
0.05
0.05
0.05
0.05
0.05
0.05
0.05
0.05
0.05
0.05
0.05
0.05
0.05
0.05
0.05
0.05
0.05
0.05
0.05
0.05
0.05
0.05
0.05
0.05
0.05
0.05
0.05
0.05
0.05
0.05
0.05
0.05
0.05
0.05
0.05
0.05
0.05
0.05
0.05
0.05
0.05
0.05
0.05
0.05
0.05
0.05
0.05
0.05
0.05
0.05
0.05
0.05
0.05
0.05
0.05
0.05
0.05
0.05
0.05
0.05
0.05
0.05
0.05
0.05
0.05
0.05
0.05
0.05
0.05
0.05
0.05
0.05
0.05
0.05
0.05
0.05
0.05
0.05
0.05
0.05
0.05
0.05
0.05
0.05
0.05
0.05
0.05
0.05
0.05
0.05
0.05
0.05
0.05
0.05
0.05
0.05
0.05
0.05
0.05
0.05
0.05
0.05
0.05
0.05
0.05
0.05
0.05
0.05
0.05
0.05
0.05
0.05
0.05
0.05
0.05
0.05
0.05
0.05
0.05
0.05
0.05
0.05
0.05
0.05
0.05
0.05
0.05
0.05
0.05
0.05
0.05
0.05
0.05
0.05
0.05
0.05
0.05
0.05
0.05
0.05
0.05
0.05
0.05
0.05
0.05
0.05
0.05
0.05
0.05
0.05
0.05
0.05
0.05
0.05
0.05
0.05
0.05
0.05
0.05
0.05
0.05
0.05
0.05
0.05
0.05
0.05
0.05
0.05
0.05
0.05
0.05
0.05
0.05
0.05
0.05
0.05
0.05
0.05
0.05
0.05
0.05
0.05
0.05
0.05
0.05
0.05
0.05
0.05
0.05
0.05
0.05
0.05
0.05
0.05
0.05
0.05
0.05
0.05
0.05
0.05
0.05
0.05
0.05
0.05
0.05
0.05
0.05
0.05
0.05
0.05
0.05
0.05
0.05
0.05
0.05
0.05
0.05
0.05
0.05
0.05
0.05
0.05
0.05
0.05
0.05
0.05
0.05
0.05
0.05
0.05
0.05
0.05
0.05
0.05
0.05
0.05
0.05
0.05
0.05
0.05
0.05
0.05
0.05
0.05
0.05
0.05
0.05
0.05
0.05
0.05
0.05
0.05
0.05
0.05
0.05
0.05
0.05
0.05
0.05
0.05
0.05
0.05
0.05
0.05
0.05
0.05
0.05
0.05
0.05
0.05
0.05
0.05
0.05
0.05
0.05
0.05
0.05
0.05
0.05
0.05
0.05
0.05
0.05
0.05
0.05
0.05
0.05
0.05
0.05
0.05
0.05
0.05
0.05
0.05
0.05
0.05
0.05
0.05
0.05
0.05
0.05
0.05
0.05
0.05
0.05
0.05
0.05
0.05
0.05
0.05
0.05
0.05
0.05
0.05
0.05
0.05
0.05
0.05
0.05
0.05
0.05
0.05
0.05
0.05
0.05
0.05
0.05
0.05
0.05
0.05
0.05
0.05
0.05
0.05
0.05
0.05
0.05
0.05
0.05
0.05
0.05
0.05
0.05
0.05
0.05
0.05
0.05
0.05
0.05
0.05
0.05
0.05
0.05
0.05
0.05
0.05
0.05
0.05
0.05
0.05
0.05
0.05
0.05
0.05
0.05
0.05
0.05
0.05
0.05
0.05
0.05
0.05
0.05
0.05
0.05
0.05
0.05
0.05
0.05
0.05
0.05
0.05
0.05
0.05
0.05
0.05
0.05
0.05
0.05
0.05
0.05
0.05
0.05
0.05
0.05
0.05
0.05
0.05
0.05
0.05
0.05
0.05
0.05
0.05
0.05
0.05
0.05
0.05
0.05
0.05
0.05
0.05
0.05
0.05
0.05
0.05
0.05
0.05
0.05
0.05
0.05
0.05
0.05
0.05
0.05
0.05
0.05
0.05
0.05
0.05
0.05
0.05
0.05
0.05
0.05
0.05
0.05
0.05
0.05
0.05
0.05
0.05
0.05
0.05
0.05
0.05
0.05
0.05
0.05
0.05
0.05
0.05
0.05
0.05
0.05
0.05
0.05
0.05
0.05
0.05
0.05
0.05
0.05
0.05
0.05
0.05
0.05
0.05
0.05
0.05
0.05
0.05
0.05
0.05
0.05
0.05
0.05
0.05
0.05
0.05
0.05
0.05
0.05
0.05
0.05
0.05
0.05
0.05
0.05
0.05
0.05
0.05
0.05
0.05
0.05
0.05
0.05
0.05
0.05
0.05
0.05
0.05
0.05
0.05
0.05
0.05
0.05
0.05
0.05
0.05
0.05
0.05
0.05
0.05
0.05
0.05
0.05
0.05
0.05
0.05
0.05
0.05
0.05
0.05
0.05
0.05
0.05
0.05
0.05
0.05
0.05
0.05
0.05
0.05
0.05
0.05
0.05
0.05
0.05
0.05
0.05
0.05
0.05
0.05
0.05
0.05
0.05
0.05
0.05
0.05
0.05
0.05
0.05
0.05
0.05
0.05
0.05
0.05
0.05
0.05
0.05
0.05
0.05
0.05
0.05
0.05
0.05
0.05
0.05
0.05
0.05
0.05
0.05
0.05
0.05
0.05
0.05
0.05
0.05
0.05
0.05
0.05
0.05
0.05
0.05
0.05
0.05
0.05
0.05
0.05
0.05
0.05
0.05
0.05
0.05
0.05
0.05
0.05
0.05
0.05
0.05
0.05
0.05
0.05
0.05
0.05
0.05
0.05
0.05
0.05
0.05
0.05
0.05
0.05
0.05
0.05
0.05
0.05
0.05
0.05
0.05
0.05
0.05
0.05
0.05
0.05
0.05
0.05
0.05
0.05
0.05
0.05
0.05
0.05
0.05
0.05
0.05
0.05
0.05
0.05
0.05
0.05
0.05
0.05
0.05
0.05
0.05
0.05
0.05
0.05
0.05
0.05
0.05
0.05
0.05
0.05
0.05
0.05
0.05
0.05
0.05
0.05
0.05
0.05
0.05
0.05
0.05
0.05
0.05
0.05
0.05
0.05
0.05
0.05
0.05
0.05
0.05
0.05
0.05
0.05
0.05
0.05
0.05
0.05
0.05
0.05
0.05
0.05
0.05
0.05
0.05
0.05
0.05
0.05
0.05
0.05
0.05
0.05
0.05
0.05
0.05
0.05
0.05
0.05
0.05
0.05
0.05
0.05
0.05
0.05
0.05
0.05
0.05
0.05
0.05
0.05
0.05
0.05
0.05
0.05
0.05
0.05
0.05
0.05
0.05
0.05
0.05
0.05
0.05
0.05
0.05
0.05
0.05
0.05
0.05
0.05
0.05
0.05
0.05
0.05
0.05
0.05
0.05
0.05
0.05
0.05
0.05
0.05
0.05
0.05
0.05
0.05
0.05
0.05
0.05
0.05
0.05
0.05
0.05
0.05
0.05
0.05
0.05
0.05
0.05
0.05
0.05
0.05
0.05
0.05
0.05
0.05
0.05
0.05
0.05
0.05
0.05
0.05
0.05
0.05
0.05
0.05
0.05
0.05
0.05
0.05
0.05
0.05
0.05
0.05
0.05
0.05
0.05
0.05
0.05
0.05
0.05
0.05
0.05
0.05
0.05
0.05
0.05
0.05
0.05
0.05
0.05
0.05
0.05
0.05
0.05
0.05
0.05
0.05
0.05
0.05
0.05
0.05
0.05
0.05
0.05
0.05
0.05
0.05
0.05
0.05
0.05
0.05
0.05
0.05
0.05
0.05
0.05
0.05
0.05
0.05
0.05
0.05
0.05
0.05
0.05
0.05
0.05
0.05
0.05
0.05
0.05
0.05
0.05
0.05
0.05
0.05
0.05
0.05
0.05
0.05
0.05
0.05
0.05
0.05
0.05
0.05
0.05
0.05
0.05
0.05
0.05
0.05
0.05
0.05
0.05
0.05
0.05
0.05
0.05
0.05
0.05
0.05
0.05
0.05
0.05
0.05
0.05
0.05
0.05
0.05
0.05
0.05
0.05
0.05
0.05
0.05
0.05
0.05
0.05
0.05
0.05
0.05
0.05
0.05
0.05
0.05
0.05
0.05
0.05
0.05
0.05
0.05
0.05
0.05
0.05
0.05
0.05
0.05
0.05
0.05
0.05
0.05
0.05
0.05
0.05
0.05
0.05
0.05
0.05
0.05
0.05
0.05
0.05
0.05
0.05
0.05
0.05
0.05
0.05
0.05
0.05
0.05
0.05
0.05
0.05
0.05
0.05
0.05
0.05
0.05
0.05
0.05
0.05
0.05
0.05
0.05
0.05
0.05
0.05
0.05
0.05
0.05
0.05
0.05
0.05
0.05
0.05
0.05
0.05
0.05
0.05
0.05
0.05
0.05
0.05
0.05
0.05
0.05
0.05
0.05
0.05
0.05
0.05
0.05
0.05
0.05
0.05
0.05
0.05
0.05
0.05
0.05
0.05
0.05
0.05
0.05
0.05
0.05
0.05
0.05
0.05
0.05
0.05
0.05
0.05
0.05
0.05
0.05
0.05
0.05
0.05
0.05
0.05
0.05
0.05
0.05
0.05
0.05
0.05
0.05
0.05
0.05
0.05
0.05
0.05
0.05
0.05
0.05
0.05
0.05
0.05
0.05
0.05
0.05
0.05
0.05
0.05
0.05
0.05
0.05
0.05
0.05
0.05
0.05
0.05
0.05
0.05
0.05
0.05
0.05
0.05
0.05
0.05
0.05
0.05
0.05
0.05
0.05
0.05
0.05
0.05
0.05
0.05
0.05
0.05
0.05
0.05
0.05
0.05
0.05
0.05
0.05
0.05
0.05
0.05
0.05
0.05
0.05
0.05
0.05
0.05
0.05
0.05
0.05
0.05
0.05
0.05
0.05
0.05
0.05
0.05
0.05
0.05
0.05
0.05
0.05
0.05
0.05
0.05
0.05
0.05
0.05
0.05
0.05
0.05
0.05
0.05
0.05
0.05
0.05
0.05
0.05
0.05
0.05
0.05
0.05
0.05
0.05
0.05
0.05
0.05
0.05
0.05
0.05
0.05
0.05
0.05
0.05
0.05
0.05
0.05
0.05
0.05
0.05
0.05
0.05
0.05
0.05
0.05
0.05
0.05
0.05
0.05
0.05
0.05
0.05
0.05
0.05
0.05
0.05
0.05
0.05
0.05
0.05
0.05
0.05
0.05
0.05
0.05
0.05
0.05
0.05
0.05
0.05
0.05
0.05
0.05
0.05
0.05
0.05
0.05
0.05
0.05
0.05
0.05
0.05
0.05
0.05
0.05
0.05
0.05
0.05
0.05
0.05
0.05
0.05
0.05
0.05
0.05
0.05
0.05
0.05
0.05
0.05
0.05
0.05
0.05
0.05
0.05
0.05
0.05
0.05
0.05
0.05
0.05
0.05
0.05
0.05
0.05
0.05
0.05
0.05
0.05
0.05
0.05
0.05
0.05
0.05
0.05
0.05
0.05
0.05
0.05
0.05
0.05
0.05
0.05
0.05
0.05
0.05
0.05
0.05
0.05
0.05
0.05
0.05
0.05
0.05
0.05
0.05
0.05
0.05
0.05
0.05
0.05
0.05
0.05
0.05
0.05
0.05
0.05
0.05
0.05
0.05
0.05
0.05
0.05
0.05
0.05
0.05
0.05
0.05
0.05
0.05
0.05
0.05
0.05
0.05
0.05
0.05
0.05
0.05
0.05
0.05
0.05
0.05
0.05
0.05
0.05
0.05
0.05
0.05
0.05
0.05
0.05
0.05
0.05
0.05
0.05
0.05
0.05
0.05
0.05
0.05
0.05
0.05
0.05
0.05
0.05
0.05
0.05
0.05
0.05
0.05
0.05
0.05
0.05
0.05
0.05
0.05
0.05
0.05
0.05
0.05
0.05
0.05
0.05
0.05
0.05
0.05
0.05
0.05
0.05
0.05
0.05
0.05
0.05
0.05
0.05
0.05
0.05
0.05
0.05
0.05
0.05
0.05
0.05
0.05
0.05
0.05
0.05
0.05
0.05
0.05
0.05
0.05
0.05
0.05
0.05
0.05
0.05
0.05
0.05
0.05
0.05
0.05
0.05
0.05
0.05
0.05
0.05
0.05
0.05
0.05
0.05
0.05
0.05
0.05
0.05
0.05
0.05
0.05
0.05
0.05
0.05
0.05
0.05
0.05
0.05
0.05
0.05
0.05
0.05
0.05
0.05
0.05
0.05
0.05
0.05
0.05
0.05
0.05
0.05
0.05
0.05
0.05
0.05
0.05
0.05
0.05
0.05
0.05
0.05
0.05
0.05
0.05
0.05
0.05
0.05
0.05
0.05
0.05
0.05
0.05
0.05
0.05
0.05
0.05
0.05
0.05
0.05
0.05
0.05
0.05
0.05
0.05
0.05
0.05
0.05
0.05
0.05
0.05
0.05
0.05
0.05
0.05
0.05
0.05
0.05
0.05
0.05
0.05
0.05
0.05
0.05
0.05
0.05
0.05
0.05
0.05
0.05
0.05
0.05
0.05
0.05
0.05
0.05
0.05
0.05
0.05
0.05
0.05
0.05
0.05
0.05
0.05
0.05
0.05
0.05
0.05
0.05
0.05
0.05
0.05
0.05
0.05
0.05
0.05
0.05
0.05
0.05
0.05
0.05
0.05
0.05
0.05
0.05
0.05
0.05
0.05
0.05
0.05
0.05
0.05
0.05
0.05
0.05
0.05
777777