1.7051
999999
0.0672699
0.0205032
-0.0869001
-0.147767
-0.125726
-0.0142925
-0.0454031
-0.0761795
-0.135043
0.164309
-0.0917069
-0.14603
0.0482595
-0.14607
0.0941738
0.097628
-0.191441
-0.09417
0.0506217
0.0217843
0.180671
-0.152847
-0.0903032
-0.0245066
0.112775
0.120611
-0.00590271
-0.0643713
0.197304
0.144506
0.136757
0.0301443
-0.120345
-0.045545
0.179659
-0.0987405
0.0804507
-0.161763
-0.00442832
0.00356738
-0.00169174
-0.0659827
0.073074
0.194561
0.000349104
0.187178
-0.00523219
-0.10914
0.00392225
0.190929
-0.11803
-0.0312213
-0.0819185
-0.0217401
0.0780095
0.0475173
0.103706
-0.0176754
0.0649681
0.091156
-0.0581682
-0.0537135
0.084194
0.0284383
0.106289
-0.0970516
-0.0231157
-0.0895649
-0.0635468
0.0605315
-0.0796525
0.0397057
-0.0686272
0.0725186
0.0109563
0.0531928
-0.047923
-0.185815
0.020932
-0.105812
-0.135912
0.118721
0.0244076
0.19454
-0.0389702
-0.0555203
-0.0360238
-0.0819027
0.092867
-0.0238782
0.108068
0.102834
0.177023
-0.109335
0.183261
0.195246
0.173334
0.0773038
0.116014
-0.196397
0.0104508
0.0129014
-0.117178
-0.112845
-0.173666
-0.0176836
0.161335
0.187668
0.0624046
-0.0880554
-0.160191
0.0081501
0.0987227
-0.168719
-0.132672
-0.126919
-0.0318285
-0.00842037
-0.113502
-0.154437
0.00778016
0.0208649
-0.00263686
-0.140115
0.11201
0.149071
0.00877095
0.0657207
-0.131772
0.147562
0.169981
-0.158799
0.191689
0.0428263
-0.125869
-0.110676
-0.0500861
-0.0857057
-0.0766487
-0.145686
-0.0366998
0.136377
0.0975841
0.187285
-0.191093
-0.0269377
-0.191242
0.140873
-0.0500723
0.191922
-0.0989209
0.0389569
0.093687
-0.0279785
0.0986135
-0.13315
-0.178575
0.0271557
-0.0299724
-0.0335896
-0.0851906
0.192749
-0.15113
0.0665896
0.0299387
-0.188915
0.0376853
-0.0394139
-0.147938
-0.109907
-0.155835
0.148203
-0.14947
0.0270716
-0.0744381
0.0658066
-0.0611913
0.19277
-0.0690119
-0.0620567
0.022246
-0.199389
-0.0888538
0.0201549
0.169691
-0.17746
-0.156537
0.119626
0.186331
0.0441386
-0.152184
-0.127447
-0.119587
0.161196
-0.0763033
-0.120469
0.0774839
0.0603789
0.113155
-0.0237002
0.163661
-0.173581
0.125096
-0.0532181
-0.0248685
-0.195254
0.182455
-0.171254
0.162554
-0.0880449
-0.151022
-0.020366
-0.0483799
0.158307
-0.101187
-0.0117859
0.146292
-0.113258
0.0807429
-0.102277
-0.0027071
-0.0439699
-0.171148
-0.0126596
-0.143727
0.096557
0.0208604
-0.106795
0.0775508
-0.0787168
0.0482433
-0.119131
0.130143
-0.0124663
0.068653
0.175387
0.108923
0.150548
-0.0678581
0.163417
-0.0265028
0.13817
0.0243441
0.0114834
-0.0166358
-0.0208889
0.141127
-0.0430507
0.0968355
0.0791068
-0.0220371
0.0057461
-0.0096222
0.0306064
-0.15391
-0.0763083
0.142277
-0.00393009
-0.181016
0.117266
0.188947
-0.125106
-0.172453
-0.0268955
0.13467
0.173537
-0.113709
0.0682033
-0.198852
-0.152327
-0.0522976
-0.197094
-0.0685713
0.152523
-0.0814774
0.188219
-0.0854252
0.0168229
0.160842
-0.0479349
0.102954
-0.0313794
0.176659
-0.157241
0.153834
0.0637766
-0.168271
0.149813
0.0947369
0.11357
-0.11707
-0.180935
0.184767
0.149753
0.0395777
0.0202586
0.023965
-0.150701
0.0989059
0.0366382
-0.132459
0.0241792
0.0910158
0.0148402
-0.0435856
0.0938585
-0.181841
0.143462
0.125216
0.197421
-0.06053
-0.129757
-0.18681
0.100279
0.0118858
0.070686
0.17275
0.051586
0.0449456
0.00353122
-0.146382
-0.0243473
0.0850838
0.105598
-0.196187
0.0919111
0.162292
-0.0543588
0.047167
0.155887
-0.125785
0.18998
-0.0860898
0.00445593
-0.0555401
-0.150629
0.101736
-0.114233
-0.129062
-0.108382
-0.073068
-0.0580756
0.0079732
-0.00952709
0.0905015
-0.0765255
-0.179627
-0.118316
-0.00468625
-0.00552867
-0.175724
-0.165637
-0.106698
0.117977
0.123063
-0.194626
0.145895
-0.0209211
0.0892302
-0.038124
0.181442
0.141671
0.109037
-0.146473
-0.022063
-0.0969706
0.149544
-0.0843139
-0.158946
-0.180655
-0.18311
-0.0349632
-0.164972
0.01986
-0.118664
-0.181836
-0.0923595
-0.193268
0.0501192
-0.0251677
-0.0571357
-0.100305
-0.072404
0.0923114
-0.146755
-0.188291
-0.19721
-0.00467644
-0.0997626
0.0183876
0.087849
0.0820453
-0.00211175
-0.0208636
-0.0725192
-0.119786
0.0850973
-0.125542
0.023313
0.131416
-0.124265
0.167421
-0.170608
-0.0453349
-0.0366104
0.145074
-0.0680674
-0.133483
0.055308
0.121408
-0.153217
0.0558231
0.158948
0.189409
-0.137021
0.0324075
-0.119278
0.113198
0.0819565
-0.168437
-0.0232928
-0.0645366
-0.0528062
0.155561
0.174502
-0.00643952
0.0627256
0.0944739
-0.0536464
-0.115519
-0.0966938
-0.0911414
-0.153861
-0.0201952
-0.199288
-0.0692405
-0.104864
0.0592598
-0.174056
-0.130494
0.150039
0.0966264
0.171314
0.17683
-0.0213521
-0.105315
-0.0655905
0.00710795
-0.0665685
0.0269932
0.118367
-0.035355
0.0109425
0.0587908
0.0863487
0.152423
0.187784
0.0508803
-0.0194642
0.016788
0.168707
0.00800144
-0.027999
-0.0878114
-0.0425771
-0.0854757
0.15705
-0.114564
0.0643566
0.0441547
0.0649922
0.0291879
-0.183466
0.135568
0.0280315
0.111004
-0.0215428
-0.182235
0.157607
0.044384
-0.179793
0.10207
-0.0117963
0.167402
-0.111091
-0.0525089
-0.0101696
-0.103519
0.039534
-0.0539305
-0.0369298
-0.0404497
-0.0983955
0.19269
0.134978
0.103453
0.0589748
0.149745
0.0715193
0.0681662
-0.0871469
-0.0910279
0.0690751
0.0440576
-0.0015224
-0.000316452
-0.0173708
0.0240171
-0.126985
-0.118924
-0.0132442
-0.0225275
0.00872815
-0.13076
-0.0106922
0.0602292
0.0764916
0.142835
0.180812
-0.1307
-0.138028
-0.155277
0.160085
0.112277
0.0403414
-0.132251
-0.0262184
0.123594
0.00113167
0.102687
-0.0542192
0.129731
0.0990147
-0.143414
-0.161972
0.0900428
-0.0915832
0.0479432
-0.0885444
0.0883462
-0.106599
-0.0197586
-0.0073768
-0.077731
0.0846773
0.0701279
0.0134397
-0.104025
0.129709
-0.0596595
-0.091776
-0.0680798
0.117012
0.0371573
-0.17007
0.0111532
-0.177396
0.0160503
0.00417397
0.171118
-0.114964
0.13544
-0.162501
0.16694
-0.0908843
0.0398362
-0.12349
0.145375
-0.0441077
-0.166085
0.190139
-0.180953
-0.0434936
0.0766432
0.122893
0.189197
-0.0100575
-0.0925397
-0.164916
-0.0618624
-0.0899796
0.00650188
0.0504644
0.166638
-0.019194
0.0384966
-0.0290669
-0.183334
0.0495315
-0.137402
-0.124833
0.126636
0.189577
0.155709
0.0144738
-0.161697
-0.0270894
-0.198835
-0.0352921
0.0222044
-0.163097
-0.103673
0.00997438
-0.193018
-0.105016
-0.169376
0.179958
-0.0956109
0.174599
0.0401369
-0.156042
0.146797
-0.114383
0.138461
0.164588
-0.146588
0.102831
0.117678
0.0303312
0.0978106
-0.196914
0.0541355
0.0753715
0.0460553
0.0672647
-0.057207
0.1189
0.0952945
-0.0903631
0.0398934
0.130435
-0.17869
-0.13726
0.0119893
0.147277
-0.0376148
0.125926
-0.0174415
0.198162
0.164277
0.143146
-0.199128
0.194539
0.0395358
-0.0653954
-0.0349211
-0.17822
-0.132009
0.0930651
-0.0718855
-0.172032
-0.0512595
0.052476
-0.0720959
-0.0105603
0.150401
0.12719
-0.160222
-0.103164
-0.073561
-0.0530694
0.0958726
0.0419517
-0.162008
0.196647
0.138791
0.146945
0.140172
0.11509
0.144515
-0.0771129
0.170169
0.112592
0.152071
-0.164331
-0.0116074
0.0325746
-0.118886
-0.0376558
0.0396319
-0.0437826
0.181353
-0.0100856
0.160869
-0.107798
0.0481192
-0.195043
-0.0852499
0.078436
-0.069949
0.14386
-0.0277927
0.178757
0.155299
0.0601927
0.138413
0.139629
-0.0537238
-0.0375147
0.1944
-0.157094
0.126917
0.144035
-0.0413273
-0.142875
-0.0227446
0.0694852
-0.174602
0.00465632
-0.149611
0.151348
0.0281897
0.180111
-0.167546
-0.185208
-0.127217
0.106007
0.129456
-0.112394
0.127885
-0.0955439
-0.0597929
0.0217694
0.0741133
-0.179106
-0.0126371
0.143298
0.191925
0.163266
0.0924259
0.0605457
0.0556821
0.173326
0.173978
-0.106645
0.190686
0.155484
-0.119222
0.0367862
0.0221959
0.0625893
0.171467
0.13937
0.036832
-0.0711761
-0.0832849
-0.0620208
0.0233695
-0.180151
-0.152114
0.112145
-0.0738452
0.0305422
0.0980782
-0.183474
0.110403
0.177664
-0.0791302
-0.10381
-0.0886288
-0.0143183
0.169903
-0.0911281
-0.113748
-0.184737
0.0968709
0.0880269
0.138142
-0.0419899
-0.191234
-0.133381
0.183135
0.137612
0.163242
0.0918004
-0.0972886
0.17467
0.0849373
-0.0486848
-0.0746913
-0.000478233
0.114713
-0.0435785
-0.00451854
-0.120894
0.190015
-0.0430907
0.10861
0.00414136
-0.100912
-0.0769221
-0.186922
-0.108369
-0.182728
0.113678
-0.109301
0.135149
-0.0404222
-0.16527
-0.048806
-0.103269
0.0973029
-0.168294
-0.0736107
0.134985
-0.18572
-0.0928269
-0.0721305
0.0797023
-0.088669
-0.0263051
-0.0144399
0.13586
-0.170603
0.000453439
0.121503
0.083584
0.0457702
0.0441566
-0.0683797
-0.0959289
-0.125104
-0.0690952
-0.0852253
-0.0849062
-0.0404569
0.148017
0.0371901
-0.165698
-0.162892
0.123644
0.113041
0.104475
0.0669329
-0.0507629
-0.147515
0.197076
-0.153325
-0.0965013
0.157428
0.0589382
-0.097944
0.0953874
0.181217
-0.126865
-0.0440926
0.00811847
-0.0653821
0.171107
0.124461
-0.157157
-0.133403
0.0379598
0.153338
0.13795
0.157884
0.042093
-0.0272054
-0.0231839
0.0272675
-0.0764674
0.137464
0.0884771
0.162008
-0.195598
0.182654
-0.135886
-0.0579671
0.17518
0.0774989
0.0287289
0.175176
0.187883
0.121536
-0.196125
0.146669
0.0461906
0.0258609
-0.0814996
0.136498
-0.117369
-0.0693065
0.0590752
0.120379
-0.169341
-0.162647
-0.113721
0.134167
-0.0199692
-0.0711364
0.039271
-0.141783
-0.194334
-0.157193
-0.137141
-0.0288594
0.0786796
0.0914384
-0.151379
0.0394541
-0.118376
-0.129137
-0.0486518
-0.164915
0.104473
0.0377257
-0.170277
-0.0867983
-0.125787
-0.0884959
0.0947727
-0.109632
0.166016
0.12923
0.127547
0.0439114
0.0729094
-0.00644952
-0.114357
0.123397
0.0456616
0.141698
-0.0456424
-0.191479
0.192952
0.0414015
0.0891283
-0.0969064
0.18325
0.00875923
-0.0277554
0.199191
0.0688913
0.0173467
0.0331481
-0.0274672
0.0377114
0.108728
0.160111
-0.0450129
-0.015522
0.0871497
0.00489241
0.143664
0.131088
0.137026
-0.0641349
0.0240286
0.0284913
0.0768023
0.0922156
0.0710928
0.0877453
-0.0416551
0.194185
-0.00708602
0.137569
0.0343071
0.0596257
0.0320142
0.00478729
0.0746881
0.0165167
-0.0348493
0.0333114
0.0970221
-0.152088
0.166724
-0.128611
-0.0941275
0.104535
-0.0539226
-0.0951365
-0.0583033
0.15607
0.162552
0.1869
-0.0200816
0.0620333
-0.162808
-0.0576334
-0.162782
0.0197908
0.170252
-0.0603529
-0.13948
-0.041277
-0.146679
0.104159
0.161593
-0.0358853
-0.162588
0.184012
-0.0367996
0.0433158
-0.0962006
-0.00232699
0.184453
-0.0930345
0.155676
0.130861
-0.0698912
-0.0323117
0.106377
0.0491775
0.131232
-0.173992
-0.197728
-0.0375114
0.0475218
-0.0515424
0.0148365
-0.0849766
0.130436
-0.0970947
-0.0441822
0.0750107
-0.125109
-0.0740573
0.0965908
0.190169
-0.0457754
0.0772503
0.156853
-0.127645
-0.145134
-0.185928
0.0195207
0.0860943
0.163412
-0.120561
-0.162548
-0.0286354
0.184372
-0.167376
0.156248
-0.0612422
0.0913274
0.173005
-0.175239
0.179068
-0.103894
-0.0463111
0.14
-0.1324
0.028501
0.0182725
-0.0431636
-0.0582643
0.0577218
-0.0394988
-0.121936
0.0285197
-0.0605713
0.0876885
0.0467238
-0.0190544
0.168209
0.15158
0.0423782
-0.0170291
-0.0579688
-0.114022
0.0363591
-0.125539
0.132299
-0.154787
0.0388205
-0.197767
0.0144891
0.166425
-0.166229
0.0890294
0.0419945
-0.0662933
-0.0461381
0.0710825
-0.0426763
-0.0372986
-0.116537
0.110886
-0.0832674
-0.0181021
-0.15739
-0.102151
-0.155772
0.169363
0.0745538
0.0653057
0.198232
0.0507642
0.0555507
0.103957
-0.101813
-0.049831
-0.0404967
0.122268
0.100046
-0.0889128
-0.0694235
-0.0589001
-0.10763
-0.0316493
0.0422037
0.0460423
0.0737238
0.143319
0.182943
-0.073171
-0.150954
-0.0676868
0.116894
-0.105666
-0.0277996
0.0355945
-0.10601
0.186795
0.0672093
-0.092766
-0.160302
0.0666397
-0.180392
0.174353
0.0331538
-0.0683912
-0.00303805
0.000913404
-0.0484361
0.0404795
-0.0929195
-0.118984
0.0881961
0.0244001
-0.08312
0.154645
0.159662
0.196029
0.0749558
-0.116216
0.140183
0.18476
0.142629
0.158736
-0.17972
0.194894
0.174616
0.16695
-0.00881979
-0.0981883
0.0890997
-0.162032
0.176205
0.140028
0.0144682
-0.0164976
-0.0448061
0.154515
0.189024
0.138736
0.130937
0.0855796
0.0389469
-0.00275316
0.117948
0.178202
0.0167488
0.0955635
-0.0436529
-0.0202111
-0.194526
0.022271
0.0917491
0.0530551
0.142201
0.142251
-0.156966
-0.101255
0.138299
-0.0161515
-0.00110433
-0.0207346
-0.0894891
0.160061
-0.174948
-0.0870696
0.136558
0.0194915
-0.0849194
-0.0658452
-0.0538729
-0.0207029
-0.154691
0.19389
-0.121813
0.189839
0.194206
-0.0571549
0.0338421
0.15698
0.125601
0.0786635
-0.0801625
0.0410417
-0.137021
0.131491
-0.00138579
-0.127468
-0.00872922
0.0972665
-0.0891861
-0.187194
-0.0479659
-0.19351
-0.143539
0.145829
0.00713185
-0.108341
0.157409
-0.0800117
-0.114308
-0.122445
0.13038
-0.18404
0.056362
-0.106401
-0.133132
-0.0596669
0.182538
0.173377
0.122139
0.0782425
-0.190054
-0.159714
0.0632776
0.00819202
-0.0328247
0.0693609
0.106062
-0.0135352
-0.180546
-0.0246702
0.0849496
-0.172238
-0.177566
-0.104552
-0.0791611
0.0876726
-0.0678583
0.0101126
0.0693528
0.0234712
-0.111076
-0.160138
0.107778
-0.110222
0.124797
0.0638009
-0.181582
0.0108262
-0.118398
0.0163357
-0.175318
-0.190794
0.177705
0.0295316
0.0920113
-0.0878602
-0.115098
-0.0322852
-0.0845512
-0.160472
0.0597753
-0.0186205
-0.0100174
-0.0176973
-0.0927834
0.0432075
-0.0219758
0.0415118
-0.0754538
0.00979422
0.0564093
0.167396
0.199932
0.156283
-0.0483961
-0.143897
0.166328
-0.158552
-0.143078
0.127756
-0.082797
0.176416
0.143802
-0.0951737
-0.0737729
-0.00458766
0.0774983
0.149144
-0.166134
-0.164222
-0.133449
0.112512
-0.182797
0.111913
0.150824
-0.157179
0.149373
0.187832
0.00515358
-0.010072
0.113692
0.000346129
-0.0321305
-0.192397
0.12394
-0.13081
0.1484
0.0604266
-0.195821
-0.111984
0.0482403
-0.118281
-0.123861
-0.0770053
0.0364966
0.145289
0.103765
0.147136
-0.004861
0.045715
0.0090161
0.0891694
0.0850659
0.0739028
-0.183146
0.168443
0.0654124
0.101985
0.154567
0.16907
-0.101137
-0.0175817
-0.069873
-0.187533
-0.00692889
-0.172384
-0.0125175
-0.145628
-0.0409921
-0.106345
0.189804
-0.0945301
0.184189
0.152925
0.134025
0.122127
0.00121262
0.124249
-0.0133369
0.15826
0.0720726
0.0448423
0.0644884
0.124848
0.041277
-0.12841
0.0690211
-0.190686
-0.00758523
0.0867553
0.0210005
-0.118586
0.0484237
-0.0309007
0.0417053
-0.0281481
0.195752
-0.184276
-0.143956
0.129664
0.00946676
0.0120824
-0.0524815
-0.0737189
0.195197
0.0643179
-0.146258
-0.079538
0.142812
-0.150393
0.168791
0.0736164
0.0984054
-0.12351
-0.090051
0.0743088
-0.0189005
-0.134245
-0.175988
-0.152554
-0.0688839
0.0737133
0.123697
0.135937
0.173704
0.166137
-0.025635
-0.162878
-0.118938
-0.192927
-0.122725
-0.102874
0.00843473
0.0207036
0.184451
-0.129847
0.0340653
0.158392
-0.172393
0.135107
0.187623
0.0479952
0.182256
-0.102857
0.16743
-0.082657
-0.0538429
0.150426
0.199471
0.117854
-0.0469538
0.158072
0.185397
0.0417687
0.0561626
0.187125
0.0846433
0.124564
0.160077
-0.172758
0.153414
-0.0914844
0.0835324
-0.171237
-0.00616494
0.0166906
0.111196
-0.137384
0.0847854
-0.119765
0.132775
0.11071
0.0111722
0.0467539
-0.0933449
-0.0708369
-0.10268
0.0799158
0.0936596
-0.198019
0.0253645
0.125973
0.0495686
-0.166318
0.0252708
-0.12671
0.109378
-0.158662
0.11972
0.0690845
-0.0265446
-0.086156
-0.164557
-0.0240032
-0.0485251
0.0828277
0.0657012
0.0392275
0.0532479
-0.109076
-0.0141216
-0.0669699
0.171423
-0.166428
0.0996829
0.0677679
-0.177024
-0.177781
0.162946
-0.054856
-0.00928093
-0.0233886
0.0378351
-0.195304
0.170364
-0.0301786
-0.113341
-0.11694
-0.022361
0.0801732
0.104763
0.0581319
0.0346332
-0.154945
-0.198439
-0.184012
-0.0320565
0.151547
0.00376314
0.0328903
0.193017
0.0892159
0.192537
-0.128076
0.126666
-0.10202
0.115499
-0.192179
-0.0971326
0.132058
-0.122462
-0.1644
0.168037
-0.125406
-0.0860928
0.0161826
0.0173215
-0.191937
-0.19283
0.14321
0.0202332
0.128738
0.155515
0.0106521
0.163099
-0.163065
0.173923
-0.171382
0.167685
-0.00787237
-0.0795158
-0.0632465
-0.114127
-0.172188
-0.170135
-0.0901951
-0.0101529
-0.0942926
-0.0558132
0.145137
0.0550214
-0.11144
-0.0268758
0.110478
0.0909241
-0.043168
0.199442
0.0399005
-0.122004
-0.0160624
-0.0574332
0.0873354
-0.0642574
-0.169399
-0.190013
-0.19822
-0.165182
0.114883
0.112893
-0.0905581
0.154397
-0.00811903
0.144418
0.134004
-0.00875999
0.0118816
0.0395
-0.162699
0.129198
0.0982247
0.0486109
0.0355948
-0.0963395
0.113951
-0.0776545
-0.150015
0.00867735
0.137797
0.0352163
-0.0146382
0.151435
-0.154471
0.0671384
0.033189
-0.00424282
-0.0985073
-0.12578
-0.138897
0.0258639
0.163762
0.116816
-0.0741601
-0.129357
-0.17442
-0.182055
-0.0262464
-0.107804
-0.145734
0.0287539
-0.0508519
0.0943821
0.0574394
-0.0747583
0.0619375
-0.0231286
-0.131303
-0.143298
0.190634
0.148275
0.0716939
0.172167
0.0605765
-0.193065
0.0466687
-0.186836
0.0553013
-0.0861426
0.0653427
0.0924267
0.020534
0.184253
0.139884
0.146414
-0.166747
0.134638
0.121856
0.132115
-0.0884086
-0.105337
0.0286343
0.0776449
0.1229
0.151013
-0.154668
-0.046065
0.111477
-0.0869778
-0.106572
0.0241971
0.0880635
-0.198562
0.0312513
0.094225
0.164077
-0.1485
0.0210698
0.128653
0.138384
-0.197054
-0.155045
0.12576
-0.0824088
-0.0833591
0.0137497
0.001536
-0.189332
-0.119939
-0.1088
-0.0751402
-0.0427062
0.0962208
-0.142298
0.079951
-0.162301
-0.146272
-0.190194
-0.173184
-0.0583621
0.0303421
0.0803831
0.115168
0.0836694
-0.17383
-0.15112
0.11124
0.164798
-0.16433
0.129465
0.0300553
888888
0.05
0.05
0.05
0.05
0.05
0.05
0.05
0.05
0.05
0.05
0.05
0.05
0.05
0.05
0.05
0.05
0.05
0.05
0.05
0.05
0.05
0.05
0.05
0.05
0.05
0.05
0.05
0.05
0.05
0.05
0.05
0.05
0.05
0.05
0.05
0.05
0.05
0.05
0.05
0.05
0.05
0.05
0.05
0.05
0.05
0.05
0.05
0.05
0.05
0.05
0.05
0.05
0.05
0.05
0.05
0.05
0.05
0.05
0.05
0.05
0.05
0.05
0.05
0.05
0.05
0.05
0.05
0.05
0.05
0.05
0.05
0.05
0.05
0.05
0.05
0.05
0.05
0.05
0.05
0.05
0.05
0.05
0.05
0.05
0.05
0.05
0.05
0.05
0.05
0.05
0.05
0.05
0.05
0.05
0.05
0.05
0.05
0.05
0.05
0.05
0.05
0.05
0.05
0.05
0.05
0.05
0.05
0.05
0.05
0.05
0.05
0.05
0.05
0.05
0.05
0.05
0.05
0.05
0.05
0.05
0.05
0.05
0.05
0.05
0.05
0.05
0.05
0.05
0.05
0.05
0.05
0.05
0.05
0.05
0.05
0.05
0.05
0.05
0.05
0.05
0.05
0.05
0.05
0.05
0.05
0.05
0.05
0.05
0.05
0.05
0.05
0.05
0.05
0.05
0.05
0.05
0.05
0.05
0.05
0.05
0.05
0.05
0.05
0.05
0.05
0.05
0.05
0.05
0.05
0.05
0.05
0.05
0.05
0.05
0.05
0.05
0.05
0.05
0.05
0.05
0.05
0.05
0.05
0.05
0.05
0.05
0.05
0.05
0.05
0.05
0.05
0.05
0.05
0.05
0.05
0.05
0.05
0.05
0.05
0.05
0.05
0.05
0.05
0.05
0.05
0.05
0.05
0.05
0.05
0.05
0.05
0.05
0.05
0.05
0.05
0.05
0.05
0.05
0.05
0.05
0.05
0.05
0.05
0.05
0.05
0.05
0.05
0.05
0.05
0.05
0.05
0.05
0.05
0.05
0.05
0.05
0.05
0.05
0.05
0.05
0.05
0.05
0.05
0.05
0.05
0.05
0.05
0.05
0.05
0.05
0.05
0.05
0.05
0.05
0.05
0.05
0.05
0.05
0.05
0.05
0.05
0.05
0.05
0.05
0.05
0.05
0.05
0.05
0.05
0.05
0.05
0.05
0.05
0.05
0.05
0.05
0.05
0.05
0.05
0.05
0.05
0.05
0.05
0.05
0.05
0.05
0.05
0.05
0.05
0.05
0.05
0.05
0.05
0.05
0.05
0.05
0.05
0.05
0.05
0.05
0.05
0.05
0.05
0.05
0.05
0.05
0.05
0.05
0.05
0.05
0.05
0.05
0.05
0.05
0.05
0.05
0.05
0.05
0.05
0.05
0.05
0.05
0.05
0.05
0.05
0.05
0.05
0.05
0.05
0.05
0.05
0.05
0.05
0.05
0.05
0.05
0.05
0.05
0.05
0.05
0.05
0.05
0.05
0.05
0.05
0.05
0.05
0.05
0.05
0.05
0.05
0.05
0.05
0.05
0.05
0.05
0.05
0.05
0.05
0.05
0.05
0.05
0.05
0.05
0.05
0.05
0.05
0.05
0.05
0.05
0.05
0.05
0.05
0.05
0.05
0.05
0.05
0.05
0.05
0.05
0.05
0.05
0.05
0.05
0.05
0.05
0.05
0.05
0.05
0.05
0.05
0.05
0.05
0.05
0.05
0.05
0.05
0.05
0.05
0.05
0.05
0.05
0.05
0.05
0.05
0.05
0.05
0.05
0.05
0.05
0.05
0.05
0.05
0.05
0.05
0.05
0.05
0.05
0.05
0.05
0.05
0.05
0.05
0.05
0.05
0.05
0.05
0.05
0.05
0.05
0.05
0.05
0.05
0.05
0.05
0.05
0.05
0.05
0.05
0.05
0.05
0.05
0.05
0.05
0.05
0.05
0.05
0.05
0.05
0.05
0.05
0.05
0.05
0.05
0.05
0.05
0.05
0.05
0.05
0.05
0.05
0.05
0.05
0.05
0.05
0.05
0.05
0.05
0.05
0.05
0.05
0.05
0.05
0.05
0.05
0.05
0.05
0.05
0.05
0.05
0.05
0.05
0.05
0.05
0.05
0.05
0.05
0.05
0.05
0.05
0.05
0.05
0.05
0.05
0.05
0.05
0.05
0.05
0.05
0.05
0.05
0.05
0.05
0.05
0.05
0.05
0.05
0.05
0.05
0.05
0.05
0.05
0.05
0.05
0.05
0.05
0.05
0.05
0.05
0.05
0.05
0.05
0.05
0.05
0.05
0.05
0.05
0.05
0.05
0.05
0.05
0.05
0.05
0.05
0.05
0.05
0.05
0.05
0.05
0.05
0.05
0.05
0.05
0.05
0.05
0.05
0.05
0.05
0.05
0.05
0.05
0.05
0.05
0.05
0.05
0.05
0.05
0.05
0.05
0.05
0.05
0.05
0.05
0.05
0.05
0.05
0.05
0.05
0.05
0.05
0.05
0.05
0.05
0.05
0.05
0.05
0.05
0.05
0.05
0.05
0.05
0.05
0.05
0.05
0.05
0.05
0.05
0.05
0.05
0.05
0.05
0.05
0.05
0.05
0.05
0.05
0.05
0.05
0.05
0.05
0.05
0.05
0.05
0.05
0.05
0.05
0.05
0.05
0.05
0.05
0.05
0.05
0.05
0.05
0.05
0.05
0.05
0.05
0.05
0.05
0.05
0.05
0.05
0.05
0.05
0.05
0.05
0.05
0.05
0.05
0.05
0.05
0.05
0.05
0.05
0.05
0.05
0.05
0.05
0.05
0.05
0.05
0.05
0.05
0.05
0.05
0.05
0.05
0.05
0.05
0.05
0.05
0.05
0.05
0.05
0.05
0.05
0.05
0.05
0.05
0.05
0.05
0.05
0.05
0.05
0.05
0.05
0.05
0.05
0.05
0.05
0.05
0.05
0.05
0.05
0.05
0.05
0.05
0.05
0.05
0.05
0.05
0.05
0.05
0.05
0.05
0.05
0.05
0.05
0.05
0.05
0.05
0.05
0.05
0.05
0.05
0.05
0.05
0.05
0.05
0.05
0.05
0.05
0.05
0.05
0.05
0.05
0.05
0.05
0.05
0.05
0.05
0.05
0.05
0.05
0.05
0.05
0.05
0.05
0.05
0.05
0.05
0.05
0.05
0.05
0.05
0.05
0.05
0.05
0.05
0.05
0.05
0.05
0.05
0.05
0.05
0.05
0.05
0.05
0.05
0.05
0.05
0.05
0.05
0.05
0.05
0.05
0.05
0.05
0.05
0.05
0.05
0.05
0.05
0.05
0.05
0.05
0.05
0.05
0.05
0.05
0.05
0.05
0.05
0.05
0.05
0.05
0.05
0.05
0.05
0.05
0.05
0.05
0.05
0.05
0.05
0.05
0.05
0.05
0.05
0.05
0.05
0.05
0.05
0.05
0.05
0.05
0.05
0.05
0.05
0.05
0.05
0.05
0.05
0.05
0.05
0.05
0.05
0.05
0.05
0.05
0.05
0.05
0.05
0.05
0.05
0.05
0.05
0.05
0.05
0.05
0.05
0.05
0.05
0.05
0.05
0.05
0.05
0.05
0.05
0.05
0.05
0.05
0.05
0.05
0.05
0.05
0.05
0.05
0.05
0.05
0.05
0.05
0.05
0.05
0.05
0.05
0.05
0.05
0.05
0.05
0.05
0.05
0.05
0.05
0.05
0.05
0.05
0.05
0.05
0.05
0.05
0.05
0.05
0.05
0.05
0.05
0.05
0.05
0.05
0.05
0.05
0.05
0.05
0.05
0.05
0.05
0.05
0.05
0.05
0.05
0.05
0.05
0.05
0.05
0.05
0.05
0.05
0.05
0.05
0.05
0.05
0.05
0.05
0.05
0.05
0.05
0.05
0.05
0.05
0.05
0.05
0.05
0.05
0.05
0.05
0.05
0.05
0.05
0.05
0.05
0.05
0.05
0.05
0.05
0.05
0.05
0.05
0.05
0.05
0.05
0.05
0.05
0.05
0.05
0.05
0.05
0.05
0.05
0.05
0.05
0.05
0.05
0.05
0.05
0.05
0.05
0.05
0.05
0.05
0.05
0.05
0.05
0.05
0.05
0.05
0.05
0.05
0.05
0.05
0.05
0.05
0.05
0.05
0.05
0.05
0.05
0.05
0.05
0.05
0.05
0.05
0.05
0.05
0.05
0.05
0.05
0.05
0.05
0.05
0.05
0.05
0.05
0.05
0.05
0.05
0.05
0.05
0.05
0.05
0.05
0.05
0.05
0.05
0.05
0.05
0.05
0.05
0.05
0.05
0.05
0.05
0.05
0.05
0.05
0.05
0.05
0.05
0.05
0.05
0.05
0.05
0.05
0.05
0.05
0.05
0.05
0.05
0.05
0.05
0.05
0.05
0.05
0.05
0.05
0.05
0.05
0.05
0.05
0.05
0.05
0.05
0.05
0.05
0.05
0.05
0.05
0.05
0.05
0.05
0.05
0.05
0.05
0.05
0.05
0.05
0.05
0.05
0.05
0.05
0.05
0.05
0.05
0.05
0.05
0.05
0.05
0.05
0.05
0.05
0.05
0.05
0.05
0.05
0.05
0.05
0.05
0.05
0.05
0.05
0.05
0.05
0.05
0.05
0.05
0.05
0.05
0.05
0.05
0.05
0.05
0.05
0.05
0.05
0.05
0.05
0.05
0.05
0.05
0.05
0.05
0.05
0.05
0.05
0.05
0.05
0.05
0.05
0.05
0.05
0.05
0.05
0.05
0.05
0.05
0.05
0.05
0.05
0.05
0.05
0.05
0.05
0.05
0.05
0.05
0.05
0.05
0.05
0.05
0.05
0.05
0.05
0.05
0.05
0.05
0.05
0.05
0.05
0.05
0.05
0.05
0.05
0.05
0.05
0.05
0.05
0.05
0.05
0.05
0.05
0.05
0.05
0.05
0.05
0.05
0.05
0.05
0.05
0.05
0.05
0.05
0.05
0.05
0.05
0.05
0.05
0.05
0.05
0.05
0.05
0.05
0.05
0.05
0.05
0.05
0.05
0.05
0.05
0.05
0.05
0.05
0.05
0.05
0.05
0.05
0.05
0.05
0.05
0.05
0.05
0.05
0.05
0.05
0.05
0.05
0.05
0.05
0.05
0.05
0.05
0.05
0.05
0.05
0.05
0.05
0.05
0.05
0.05
0.05
0.05
0.05
0.05
0.05
0.05
0.05
0.05
0.05
0.05
0.05
0.05
0.05
0.05
0.05
0.05
0.05
0.05
0.05
0.05
0.05
0.05
0.05
0.05
0.05
0.05
0.05
0.05
0.05
0.05
0.05
0.05
0.05
0.05
0.05
0.05
0.05
0.05
0.05
0.05
0.05
0.05
0.05
0.05
0.05
0.05
0.05
0.05
0.05
0.05
0.05
0.05
0.05
0.05
0.05
0.05
0.05
0.05
0.05
0.05
0.05
0.05
0.05
0.05
0.05
0.05
0.05
0.05
0.05
0.05
0.05
0.05
0.05
0.05
0.05
0.05
0.05
0.05
0.05
0.05
0.05
0.05
0.05
0.05
0.05
0.05
0.05
0.05
0.05
0.05
0.05
0.05
0.05
0.05
0.05
0.05
0.05
0.05
0.05
0.05
0.05
0.05
0.05
0.05
0.05
0.05
0.05
0.05
0.05
0.05
0.05
0.05
0.05
0.05
0.05
0.05
0.05
0.05
0.05
0.05
0.05
0.05
0.05
0.05
0.05
0.05
0.05
0.05
0.05
0.05
0.05
0.05
0.05
0.05
0.05
0.05
0.05
0.05
0.05
0.05
0.05
0.05
0.05
0.05
0.05
0.05
0.05
0.05
0.05
0.05
0.05
0.05
0.05
0.05
0.05
0.05
0.05
0.05
0.05
0.05
0.05
0.05
0.05
0.05
0.05
0.05
0.05
0.05
0.05
0.05
0.05
0.05
0.05
0.05
0.05
0.05
0.05
0.05
0.05
0.05
0.05
0.05
0.05
0.05
0.05
0.05
0.05
0.05
0.05
0.05
0.05
0.05
0.05
0.05
0.05
0.05
0.05
0.05
0.05
0.05
0.05
0.05
0.05
0.05
0.05
0.05
0.05
0.05
0.05
0.05
0.05
0.05
0.05
0.05
0.05
0.05
0.05
0.05
0.05
0.05
0.05
0.05
0.05
0.05
0.05
0.05
0.05
0.05
0.05
0.05
0.05
0.05
0.05
0.05
0.05
0.05
0.05
0.05
0.05
0.05
0.05
0.05
0.05
0.05
0.05
0.05
0.05
0.05
0.05
0.05
0.05
0.05
0.05
0.05
0.05
0.05
0.05
0.05
0.05
0.05
0.05
0.05
0.05
0.05
0.05
0.05
0.05
0.05
0.05
0.05
0.05
0.05
0.05
0.05
0.05
0.05
0.05
0.05
0.05
0.05
0.05
0.05
0.05
0.05
0.05
0.05
0.05
0.05
0.05
0.05
0.05
0.05
0.05
0.05
0.05
0.05
0.05
0.05
0.05
0.05
0.05
0.05
0.05
0.05
0.05
0.05
0.05
0.05
0.05
0.05
0.05
0.05
0.05
0.05
0.05
0.05
0.05
0.05
0.05
0.05
0.05
0.05
0.05
0.05
0.05
0.05
0.05
0.05
0.05
0.05
0.05
0.05
0.05
0.05
0.05
0.05
0.05
0.05
0.05
0.05
0.05
0.05
0.05
0.05
0.05
0.05
0.05
0.05
0.05
0.05
0.05
0.05
0.05
0.05
0.05
0.05
0.05
0.05
0.05
0.05
0.05
0.05
0.05
0.05
0.05
0.05
0.05
0.05
0.05
0.05
0.05
0.05
0.05
0.05
0.05
0.05
0.05
0.05
0.05
0.05
0.05
0.05
0.05
0.05
0.05
0.05
0.05
0.05
0.05
0.05
0.05
0.05
0.05
0.05
0.05
0.05
0.05
0.05
0.05
0.05
0.05
0.05
0.05
0.05
0.05
0.05
0.05
0.05
0.05
0.05
0.05
0.05
0.05
0.05
0.05
0.05
0.05
0.05
0.05
0.05
0.05
0.05
0.05
0.05
0.05
0.05
0.05
0.05
0.05
0.05
0.05
0.05
0.05
0.05
0.05
0.05
0.05
0.05
0.05
0.05
0.05
0.05
0.05
0.05
0.05
0.05
0.05
0.05
0.05
0.05
0.05
0.05
0.05
0.05
0.05
0.05
0.05
0.05
0.05
0.05
0.05
0.05
0.05
0.05
0.05
0.05
0.05
0.05
0.05
0.05
0.05
0.05
0.05
0.05
0.05
0.05
0.05
0.05
0.05
0.05
0.05
0.05
0.05
0.05
0.05
0.05
0.05
0.05
0.05
0.05
0.05
0.05
0.05
0.05
0.05
0.05
0.05
0.05
0.05
0.05
0.05
0.05
0.05
0.05
0.05
0.05
0.05
0.05
0.05
0.05
0.05
0.05
777777