2.31376
999999
-0.183758
0.198993
-0.0679985
-0.146508
-0.197657
-0.145398
0.133977
-0.00794943
0.105476
0.0712597
-0.0131103
-0.0128225
0.132386
0.00272313
-0.195091
-0.016523
-0.0618883
-0.0727005
-0.181123
0.0172526
0.169353
0.182099
-0.0430629
-0.177287
-0.0361203
0.00893948
-0.124815
0.0323309
-0.156353
0.194228
0.182083
0.193592
-0.0340681
0.161903
0.163287
0.194394
-0.195053
-0.0138805
-0.0101107
0.00539783
-0.135467
-0.0388805
-0.125962
0.159419
-0.0833982
0.010058
-0.0684943
0.189879
-0.0491426
-0.144296
0.153222
-0.080776
0.182425
-0.111363
-0.160721
0.0531533
-0.0698105
0.070455
0.00680892
0.0390154
0.106763
-0.00607658
-0.00858957
-0.0898101
0.196883
-0.191127
-0.176528
0.144803
0.0458232
0.0411064
-0.140422
-0.173994
0.0283294
-0.152227
-0.116888
-0.0410572
-0.151662
-0.00856967
0.0395149
0.0218003
-0.171729
0.0228941
0.196283
0.00697195
-0.168096
0.152097
0.171763
-0.177596
0.179313
-0.108204
0.122337
0.0646976
-0.102442
-0.164952
0.0496826
-0.0367838
0.0143337
0.080936
0.145017
0.157301
0.0557406
0.103291
0.0115188
-0.177001
0.141195
-0.174225
-0.182626
-0.10798
-0.0828891
0.0834549
0.140019
0.116535
0.115386
-0.163247
0.0802337
0.00115551
0.176407
-0.120048
0.120512
-0.137936
0.00221034
0.01158
-0.18789
0.0161306
-0.0899095
0.0349499
0.0309093
-0.085511
-0.0373423
0.0239518
0.110881
0.0242019
-0.0935616
-0.133313
-0.0430559
-0.118074
0.0320929
0.146623
-0.193358
-0.0317538
-0.0638211
-0.00360522
0.0830599
-0.100427
0.0379885
0.086786
-0.10432
0.0914951
0.103231
-0.0679307
0.0635571
-0.171129
-0.00833637
0.00818889
0.174262
0.157038
-0.190597
0.0424857
-0.124451
0.106898
0.122482
0.195787
-0.0399029
0.165503
0.129484
0.130685
-0.13021
0.143893
0.128511
0.0326303
0.0949441
-0.0312724
0.158487
-0.0629883
-0.0414794
0.132582
0.141565
-0.00595077
-0.103741
-0.0122198
-0.0481237
0.0801835
0.137077
0.0513466
-0.115873
0.0158605
0.190863
0.185056
0.0410595
0.0695981
0.134941
-0.116362
-0.0215875
0.196434
0.111074
0.147342
-0.159276
-0.0185604
-0.0138756
0.102503
0.147463
-0.146771
0.0726597
0.183858
-0.134403
0.185408
0.15722
0.0864853
-0.109925
-0.146535
0.193802
0.0648202
0.00621584
0.0864334
-0.079071
0.0483772
0.105222
0.154406
-0.0489861
0.178467
-0.0158495
-0.0682075
-0.00797511
-0.15805
-0.0366691
-0.179613
0.108507
0.0222816
-0.161875
0.047337
0.170079
-0.194522
0.12915
0.104255
0.0359744
-0.100974
0.119871
0.0928166
-0.0344084
0.0291113
-0.155436
-0.168477
0.0181064
0.144133
0.193306
0.0566717
0.137261
0.00446224
-0.179237
-0.0385023
-0.0531434
-0.0676771
-0.0295935
0.125456
0.016533
-0.139224
0.044506
0.149075
0.082855
-0.111367
-0.172645
-0.0561598
0.190306
0.0321866
0.0692949
0.132084
-0.102282
-0.158773
-0.0923744
0.179395
0.0579061
0.0464958
0.070967
-0.140982
-0.0674387
0.006516
0.136359
-0.0305359
0.168137
0.0508912
-0.0262478
-0.0512589
0.123994
-0.178713
-0.0160452
0.070027
-0.0987698
-0.199407
-0.11098
0.0914945
0.00328696
-0.128009
0.123334
-0.0950534
0.133694
-0.146557
-0.0815136
0.160194
-0.0242968
0.152917
-0.190074
-0.179305
-0.0730607
-0.106943
-0.173887
-0.0275147
0.0629629
0.0331808
-0.0209508
0.116601
0.136725
-0.0371228
-0.164306
0.0652058
0.160708
-0.0170629
-0.0195885
-0.00934353
0.115837
0.0915227
0.155187
-0.176306
0.0186204
-0.0795796
0.0215856
0.105834
0.131743
-0.0968621
0.182307
0.146463
0.0723186
-0.15946
-0.0461647
0.0952571
-0.0275003
-0.0226186
0.171985
-0.159182
-0.0857376
-0.0118881
-0.0828986
0.00399474
-0.194994
-0.065228
0.0621016
-0.0978392
-0.0445904
0.16532
-0.114162
0.0689699
0.0387452
0.135839
0.0695754
-0.0450106
0.0353572
0.0905095
-0.0270877
-0.127772
-0.0377831
0.141004
0.180944
0.120886
-0.0713219
0.17752
0.14311
0.0981386
0.0761248
-0.0404024
-0.0482954
-0.0258813
-0.0992736
-0.16447
-0.163578
0.0855608
-0.187791
0.187032
0.0252835
0.137341
-0.00244207
-0.094413
-0.0286645
-0.0220954
-0.0211906
0.131499
-0.112733
0.0718126
0.0194461
-0.177385
0.161897
-0.122047
-0.0693279
-0.161326
-0.0636878
0.00648044
0.179438
-0.0508158
-0.113013
0.198722
0.0882345
-0.110699
-0.0546235
0.0910465
0.14462
0.0211881
-0.0305433
-0.0752083
0.191815
0.101167
0.151309
-0.173094
0.168534
0.015633
-0.132029
-0.0909504
0.18688
-0.1796
0.157575
-0.0261996
-0.065927
-0.0403353
0.11035
0.0182618
0.107674
-0.131886
0.0655715
-0.181365
-0.0483584
-0.0229772
-0.0508637
-0.130222
0.0732464
-0.0642118
0.0655192
0.141947
-0.181052
0.095861
0.112956
0.0581155
-0.172173
0.108739
-0.00328724
-0.0966431
-0.0526381
0.119696
0.0158113
-0.0630085
-0.0334663
0.067914
-0.0192788
-0.00325232
-0.0977936
0.06588
-0.130394
-0.17896
0.0536069
-0.0769413
-0.00506601
-0.0464542
0.0994962
-0.163581
-0.136698
0.165273
-0.0141716
0.18375
-0.141545
-0.0514461
-0.146384
0.0595606
0.101619
-0.172028
-0.184574
-0.129005
0.0175547
0.0470574
-0.190495
-0.0595656
0.176724
0.0462782
-0.0684147
-0.192817
0.0763002
-0.172184
-0.0539808
0.0712255
-0.0683549
-0.172835
0.0142095
0.0896131
0.147416
0.0599962
-0.0195203
-0.17378
-0.192539
-0.194784
-0.0100337
-0.0667975
-0.187381
-0.0216532
-0.165276
-0.0265153
0.0917086
0.0872845
0.0565407
0.064613
0.0881666
0.0736307
-0.188055
0.0131229
0.0944547
-0.174508
0.012719
0.146672
-0.0651136
-0.13562
-0.118595
-0.107618
-0.0966416
0.182475
0.0301965
-0.034528
0.0715617
-0.0244828
-0.15606
-0.0397113
0.0176948
-0.157795
-0.165122
-0.160114
0.0996931
-0.141841
-0.118735
0.192754
0.0206039
-0.0664392
0.125566
-0.167801
0.0149407
0.04283
0.0900745
-0.0805507
-0.0308269
0.197775
-0.120982
-0.113336
0.0922825
-0.0952301
-0.157141
0.0474637
-0.194824
-0.100255
0.123942
-0.149639
0.0502217
0.0857821
-0.0286515
0.00928999
0.165105
0.00871383
0.1485
0.109538
0.0782014
0.048266
-0.136547
0.140773
0.0248898
0.0420985
0.143973
0.162156
-0.05545
0.0669146
0.091297
0.166078
0.123921
-0.152422
-0.00583164
-0.06806
-0.155646
-0.0744287
-0.14439
-0.0996493
0.179281
0.162311
-0.190777
0.108036
0.121156
0.144236
-0.16
-0.00859136
0.0582545
0.187877
-0.177319
0.173225
-0.112306
-0.0469851
0.0480805
-0.0272102
0.102609
0.143721
0.0836479
0.061137
-0.15708
0.130954
0.168065
0.00063258
-0.172369
-0.0393141
-0.183228
-0.0366122
0.123552
0.0631054
-0.104685
0.192921
-0.150988
0.017358
-0.0742969
-0.1598
-0.133125
0.193224
-0.121866
0.133265
-0.0668264
-0.167964
0.17467
-0.0475995
0.0931528
-0.135056
0.010577
0.146328
-0.168084
0.0455734
0.00161445
-0.0853554
0.117799
0.0710097
0.12951
0.0410471
-0.00989266
0.179901
0.0600475
0.0482993
-0.169891
0.00675125
-0.0118377
0.0734143
-0.173084
0.168244
-0.177593
0.135989
-0.0626429
0.161821
-0.193144
-0.170686
-0.131662
-0.184938
-0.0189578
0.145731
0.183606
-0.120893
0.0238899
0.148106
-0.0437759
0.0886078
0.0727574
0.051964
-0.0419147
0.159359
-0.161556
0.12773
-0.104523
-0.000154446
-0.0774593
-0.013517
-0.0114942
0.19165
-0.0559458
-0.0461622
0.0398091
-0.0989582
0.143735
-0.0786739
-0.0868668
-0.106862
-0.0632938
0.113739
0.0635548
0.00438305
0.136812
-0.0477591
0.091685
0.147614
0.119624
-0.0763996
0.158287
-0.144053
0.0693563
-0.0145836
0.0285661
-0.0441452
0.00687158
-0.115
0.0870139
-0.170988
0.199416
0.171745
-0.16383
-0.047804
0.180403
-0.0120763
0.165822
0.123061
0.145677
-0.139343
0.0445325
-0.161163
-0.105398
0.195593
-0.0677266
0.0314476
0.140861
-0.1821
0.147234
0.00372068
0.189838
-0.173898
-0.183832
-0.0229348
0.0676713
0.167904
0.159722
0.190378
-0.0942207
0.00694718
0.0174696
0.0512561
0.147749
0.142152
-0.122329
0.134376
0.131091
0.0735903
0.139893
0.171341
-0.0810177
0.123746
0.115785
-0.0346722
-0.109689
-0.166297
0.0314243
0.169283
0.0521281
0.147317
0.158947
-0.0137326
-0.191265
0.0753303
0.0553679
-0.167383
0.157028
-0.00502132
-0.106409
0.0337672
0.0287576
0.143581
0.0514117
0.156866
-0.034135
-0.1537
-0.127321
-0.0106
-0.0245594
0.173284
-0.0549286
0.10002
0.117643
0.173407
-0.0665067
0.129596
-0.107849
0.157124
-0.0641704
0.175641
-0.123885
-0.0362793
-0.161169
0.0318393
0.144723
-0.106465
0.0238294
-0.102891
0.128189
-0.00796344
-0.0971933
-0.169891
0.0753739
0.114832
0.100782
0.0216402
-0.0798147
-0.00794067
0.191672
-0.0346175
-0.00923623
-0.151854
0.0563183
0.199415
0.0553464
0.180902
-0.0761838
-0.172289
0.0841519
0.170212
-0.0925708
-0.0855928
-0.169089
-0.156196
0.0591728
0.0163007
0.198357
-0.155756
0.00616336
-0.186573
0.122626
0.14645
-0.19809
0.177861
0.091627
-0.190911
-0.0810202
0.0795023
0.166478
0.0137623
0.0659289
0.00678359
0.167015
-0.0848606
0.19387
0.12791
-0.178715
0.0191299
-0.0454046
0.15454
0.174506
-0.196653
-0.0732862
-0.101355
-0.0912069
-0.180866
-0.152972
-0.0251603
0.0373627
0.183996
0.0493248
0.172091
0.0735185
0.144519
0.14629
0.146795
-0.179471
-0.0703339
0.0811567
0.0755362
0.0880911
0.00640786
0.17031
0.142955
0.0265195
-0.16107
-0.107839
0.0736807
0.192506
-0.141249
-0.0277632
-0.0291909
0.135813
0.0189799
0.141446
0.153218
0.0342788
0.170428
0.0666343
0.152806
0.0563425
0.106518
-0.163786
-0.04952
-0.0770904
-0.152746
0.0165701
0.097307
-0.0645994
0.105562
-0.145462
-0.0309848
-0.0786233
0.115265
0.07899
0.132366
-0.192465
-0.121718
-0.0809361
-0.127254
-0.193744
0.0268824
0.0128247
0.013015
-0.0600955
-0.180089
0.0276553
0.17252
-0.19143
0.0346196
-0.0695377
-0.155363
0.0914369
0.044234
-0.142159
0.193441
0.0922243
0.0702969
0.154099
-0.0352012
0.067831
0.182311
-0.0748813
0.128936
0.182394
-0.14773
0.130743
-0.107233
0.0127104
-0.195401
-0.1108
-0.138563
-0.00885899
-0.0778339
0.151785
0.161096
0.053724
-0.152034
0.0721128
0.186327
0.19488
-0.164851
-0.0421543
0.0984483
-0.0718044
-0.0906002
0.182257
-0.0781948
-0.162295
0.0988431
-0.0949711
0.112193
-0.124738
-0.105097
0.187531
-0.0141666
-0.0783766
-0.113434
0.0592756
0.0139595
-0.119025
0.0862636
0.0865703
0.07566
0.177944
0.07402
0.171706
0.0102215
-0.0610842
0.1999
0.0429229
0.0129039
0.137978
0.183988
-0.110332
-0.123069
-0.0527429
-0.100598
0.048436
-0.137695
-0.172501
-0.152497
0.0461471
-0.136681
0.184041
0.0804446
0.0254789
0.086895
-0.0590338
-0.15427
0.0592992
-0.118432
0.138884
-0.119612
0.0734661
0.051204
0.121974
0.177152
-0.0373729
0.166968
0.0147963
0.129488
-0.154523
-0.0251903
-0.152033
0.198322
-0.0610404
0.100888
0.033167
-0.0331306
0.112225
0.0547814
0.0899566
-0.0627745
-0.174878
0.0348707
0.11897
-0.115052
0.161119
0.166182
-0.0329122
0.0113792
-0.190039
-0.197877
-0.161819
-0.04738
-0.0665854
-0.0762921
0.0136038
-0.161857
0.0802286
0.102061
0.0604369
0.117613
0.105462
0.0510053
0.156788
-0.0234436
0.195124
-0.0305662
-0.178148
-0.112716
0.0170791
-0.182318
-0.0785034
0.113022
0.124403
-0.17808
-0.0635395
0.13435
-0.154376
-0.148355
-0.00170456
0.0446405
-0.0915639
0.197311
-0.066365
0.00432687
-0.124328
0.0347325
0.0769835
0.00229732
0.0148703
0.166361
-0.190815
-0.0759426
0.120879
0.0471886
-0.0778695
0.150093
0.0649496
-0.187352
-0.0280714
-0.0377605
-0.0666082
-0.0244308
-0.0939336
-0.00407324
0.0520412
0.0330842
0.19522
0.0262476
0.137561
-0.159811
0.104919
0.172174
0.0773072
0.141177
0.162185
-0.179358
0.02548
-0.163502
-0.0249702
0.0121721
-0.0610684
0.157228
0.124681
-0.121952
0.00730879
-0.194098
-0.180659
-0.00920871
-0.164594
0.0432106
-0.165859
0.00195129
-0.112009
-0.130134
-0.144388
0.128783
-0.181016
-0.173995
0.085582
0.162874
-0.136045
-0.061892
-0.18843
-0.137664
-0.138246
0.133339
-0.115218
0.0109016
0.128747
0.0202797
0.185002
-0.0550035
-0.00957429
0.0749062
0.00811593
0.0146652
-0.169442
-0.057022
0.0684811
0.161467
-0.02658
0.186033
-0.0225278
-0.0715003
-0.0105427
-0.0587531
-0.035386
0.0519038
-0.194321
-0.0436282
-0.14693
-0.101304
-0.131729
0.156959
-0.166944
-0.0476254
-0.141651
0.188442
0.0574783
0.110985
0.083808
0.190902
-0.158575
0.152407
0.123071
0.160917
0.144583
-0.0891022
0.129199
0.17885
-0.106406
-0.100029
0.154042
-0.111005
-0.145532
0.113422
-0.10922
0.0128222
-0.00442887
0.0786356
0.0471062
-0.119335
0.0465192
0.183039
-0.0238268
0.151604
-0.0584726
-0.0724159
0.110943
-0.0906946
-0.0216346
-0.0840028
0.161099
0.178447
-0.198743
0.137802
0.0260784
-0.0742938
-0.0600979
-0.177836
0.187625
0.0935101
0.0624043
0.162645
-0.125175
-0.0679627
-0.150867
-0.139188
0.180863
0.132048
-0.167728
0.170868
-0.140593
0.029269
0.138077
-0.185638
-0.00885464
-0.038402
0.124922
0.0108493
0.0911347
-0.079907
-0.094287
-0.142437
-0.0553909
0.17441
0.10458
0.183552
0.0165997
-0.0870649
-0.0139911
-0.115591
0.0769082
-0.0163576
0.0493944
0.0512634
0.136538
0.0567856
0.03223
-0.0114555
-0.0927895
0.163317
0.137752
0.072057
0.100121
0.0826155
0.00504262
-0.00674343
-0.00681924
0.159248
0.0663524
0.197982
0.0214908
-0.0523298
0.092345
0.00231375
0.00303661
0.102469
0.0366026
-0.181905
0.178977
0.0573235
0.181172
0.00844972
-0.0803113
0.185647
-0.0170588
-0.190076
0.153385
-0.0771729
0.0319261
0.172134
0.0860367
0.0594569
0.0748293
0.13337
-0.0309962
0.146581
-0.198739
0.0335387
0.15578
-0.190995
0.183926
-0.0296679
0.111255
0.0209724
-0.18732
0.105194
0.147169
-0.184545
0.0868578
-0.0680383
-0.124374
0.0405676
-0.0289012
0.0214714
-0.150755
0.133624
0.153016
-0.146538
0.118988
0.0721409
-0.179456
0.0830234
0.0787365
0.113955
-0.0597496
0.00193412
-0.0195197
0.10164
0.121312
-0.166449
-0.0921402
-0.174915
0.02942
0.0466626
0.159608
0.0101577
0.055512
-0.0702299
-0.00366735
0.162915
0.084701
0.0138345
-0.0817184
-0.185806
-0.0203482
0.179899
0.158885
0.0142326
-0.11423
-0.026219
0.130258
0.0653902
0.185109
0.192844
-0.0108582
0.156207
-0.101623
-0.0352254
-0.00944792
-0.153595
0.13908
0.168247
-0.0754078
0.0770365
0.116531
-0.071526
-0.151357
-0.14847
-0.0725917
-0.108792
-0.139013
0.0833703
0.0126927
-0.144548
0.0484505
0.0186943
-0.108921
-0.14876
0.150371
-0.0964974
-0.138913
0.0426721
-0.0853343
0.164425
-0.0324779
-0.0238239
-0.034365
-0.111284
0.184872
-0.114159
0.0287997
-0.185842
0.0490405
-0.0706527
0.18762
-0.154945
0.19338
0.0563678
0.0336649
-0.119119
-0.0792037
0.094878
-0.0136319
0.0959527
0.124845
0.00403852
0.0728656
-0.166866
0.135234
-0.0279949
-0.0241775
0.0724041
0.188302
-0.137035
0.0726161
-0.151191
-0.103616
0.189655
0.103561
-0.0780351
0.12172
0.0534056
-0.129392
-0.177804
0.0295104
0.0333603
0.155807
0.11867
0.120925
0.168908
-0.12936
0.0909968
-0.0568297
-0.0348018
0.0324856
-0.0921025
-0.182779
-0.00348058
-0.0746961
0.112499
0.15258
0.0397002
0.0449414
-0.113342
-0.008624
-0.197129
-0.151751
0.0621346
0.0629951
-0.0072667
0.175488
-0.0260783
-0.173898
0.0880283
-0.0840738
0.0687847
-0.0207035
0.0741792
0.027455
0.165189
0.18919
-0.0643421
-0.0899854
-0.161262
-0.172075
-0.0468179
-0.0832265
0.122171
-0.0503535
0.00754566
0.164085
-0.0116655
-0.0453945
-0.0950843
0.190993
0.0543989
-0.133427
0.172434
-0.124212
0.0341439
0.00375153
-0.101096
0.18336
-0.0586579
-0.0164511
-0.041568
0.155174
-0.0400183
-0.110213
-0.0835264
0.124941
0.0758805
0.110263
-0.0296056
0.12826
-0.167509
-0.187524
-0.0203356
-0.134602
-0.154012
-0.0627687
0.00639226
0.0173869
-0.00906871
-0.136526
0.0765477
-0.00934048
0.0531267
0.113613
0.134339
0.0107226
-0.056748
0.00970696
-0.13377
0.182992
-0.0887619
0.120265
0.119283
0.104605
0.000350784
0.0780558
0.027521
0.179535
-0.0100143
-0.0452729
-0.140197
0.00714879
0.188066
0.162048
-0.139157
0.130709
-0.0867412
-0.0748258
0.101855
-0.0723693
-0.0321446
-0.192579
0.0674658
0.0488822
0.0853162
0.13251
-0.035959
0.125451
0.170502
-0.143743
0.103421
0.021005
0.0515519
0.0601874
0.0369562
-0.19985
-0.112024
-0.0635097
-0.0471883
0.183505
0.0318314
0.060926
0.174182
-0.000275996
-0.133021
-0.106899
0.0292455
0.0492523
0.0438464
0.169177
-0.0695175
-0.0728404
-0.0169277
0.0316286
0.135751
0.132632
-0.193526
-0.0592958
0.192183
0.0542593
-0.193098
0.0403563
0.0889945
-0.107545
-0.122648
-0.0672557
0.145807
0.0243976
0.195321
0.0157285
-0.0631732
0.0550186
-0.0827019
-0.0296781
-0.0243044
-0.0531027
-0.153141
-0.143788
0.0750313
0.0467533
0.049909
-0.0967062
-0.138249
0.0955949
0.128042
-0.0825026
0.195657
0.0886911
0.0608442
-0.189129
-0.110606
0.168234
-0.194464
0.0279844
-0.0177008
-0.18491
0.0666818
0.137448
0.0865789
0.103505
0.186466
0.0132124
0.0828629
0.0108707
-0.0913073
0.0670872
0.0965415
-0.131237
-0.0282805
0.0249614
-0.0165622
-0.00232818
-0.178276
0.0413969
0.0685109
-0.169068
2.48203e-05
0.0737959
-0.190678
-0.0474071
0.0136126
-0.0409772
0.00520353
0.199868
0.0908465
0.148161
-0.186127
0.0116476
0.0666223
0.0151822
0.0931922
-0.197828
-0.131962
-0.0698815
-0.0787599
0.116852
-0.122049
-0.0772011
0.027122
0.0956062
-0.018836
-0.115322
-0.0911438
0.0662963
0.191587
-0.192747
-0.0889853
-0.0326249
-0.149072
-0.196849
-0.0216223
-0.00066285
0.141799
0.105833
-0.195383
-0.0906942
-0.0749223
0.00183719
-0.0524723
-0.183012
-0.00645235
0.0354328
0.148733
0.0889515
-0.0941121
0.016514
-0.0588398
0.0617454
0.136596
0.022329
-0.070437
0.183362
-0.0913685
-0.0346097
0.118266
-0.11604
-0.0753261
-0.0820985
0.172173
-0.0338617
0.0503486
-0.105457
0.159539
-0.120433
0.0842137
0.0599726
0.0309517
-0.196225
0.0909542
0.164447
0.0577423
-0.110705
-0.170336
0.144168
0.0602703
0.158313
0.0164138
888888
0.05
0.05
0.05
0.05
0.05
0.05
0.05
0.05
0.05
0.05
0.05
0.05
0.05
0.05
0.05
0.05
0.05
0.05
0.05
0.05
0.05
0.05
0.05
0.05
0.05
0.05
0.05
0.05
0.05
0.05
0.05
0.05
0.05
0.05
0.05
0.05
0.05
0.05
0.05
0.05
0.05
0.05
0.05
0.05
0.05
0.05
0.05
0.05
0.05
0.05
0.05
0.05
0.05
0.05
0.05
0.05
0.05
0.05
0.05
0.05
0.05
0.05
0.05
0.05
0.05
0.05
0.05
0.05
0.05
0.05
0.05
0.05
0.05
0.05
0.05
0.05
0.05
0.05
0.05
0.05
0.05
0.05
0.05
0.05
0.05
0.05
0.05
0.05
0.05
0.05
0.05
0.05
0.05
0.05
0.05
0.05
0.05
0.05
0.05
0.05
0.05
0.05
0.05
0.05
0.05
0.05
0.05
0.05
0.05
0.05
0.05
0.05
0.05
0.05
0.05
0.05
0.05
0.05
0.05
0.05
0.05
0.05
0.05
0.05
0.05
0.05
0.05
0.05
0.05
0.05
0.05
0.05
0.05
0.05
0.05
0.05
0.05
0.05
0.05
0.05
0.05
0.05
0.05
0.05
0.05
0.05
0.05
0.05
0.05
0.05
0.05
0.05
0.05
0.05
0.05
0.05
0.05
0.05
0.05
0.05
0.05
0.05
0.05
0.05
0.05
0.05
0.05
0.05
0.05
0.05
0.05
0.05
0.05
0.05
0.05
0.05
0.05
0.05
0.05
0.05
0.05
0.05
0.05
0.05
0.05
0.05
0.05
0.05
0.05
0.05
0.05
0.05
0.05
0.05
0.05
0.05
0.05
0.05
0.05
0.05
0.05
0.05
0.05
0.05
0.05
0.05
0.05
0.05
0.05
0.05
0.05
0.05
0.05
0.05
0.05
0.05
0.05
0.05
0.05
0.05
0.05
0.05
0.05
0.05
0.05
0.05
0.05
0.05
0.05
0.05
0.05
0.05
0.05
0.05
0.05
0.05
0.05
0.05
0.05
0.05
0.05
0.05
0.05
0.05
0.05
0.05
0.05
0.05
0.05
0.05
0.05
0.05
0.05
0.05
0.05
0.05
0.05
0.05
0.05
0.05
0.05
0.05
0.05
0.05
0.05
0.05
0.05
0.05
0.05
0.05
0.05
0.05
0.05
0.05
0.05
0.05
0.05
0.05
0.05
0.05
0.05
0.05
0.05
0.05
0.05
0.05
0.05
0.05
0.05
0.05
0.05
0.05
0.05
0.05
0.05
0.05
0.05
0.05
0.05
0.05
0.05
0.05
0.05
0.05
0.05
0.05
0.05
0.05
0.05
0.05
0.05
0.05
0.05
0.05
0.05
0.05
0.05
0.05
0.05
0.05
0.05
0.05
0.05
0.05
0.05
0.05
0.05
0.05
0.05
0.05
0.05
0.05
0.05
0.05
0.05
0.05
0.05
0.05
0.05
0.05
0.05
0.05
0.05
0.05
0.05
0.05
0.05
0.05
0.05
0.05
0.05
0.05
0.05
0.05
0.05
0.05
0.05
0.05
0.05
0.05
0.05
0.05
0.05
0.05
0.05
0.05
0.05
0.05
0.05
0.05
0.05
0.05
0.05
0.05
0.05
0.05
0.05
0.05
0.05
0.05
0.05
0.05
0.05
0.05
0.05
0.05
0.05
0.05
0.05
0.05
0.05
0.05
0.05
0.05
0.05
0.05
0.05
0.05
0.05
0.05
0.05
0.05
0.05
0.05
0.05
0.05
0.05
0.05
0.05
0.05
0.05
0.05
0.05
0.05
0.05
0.05
0.05
0.05
0.05
0.05
0.05
0.05
0.05
0.05
0.05
0.05
0.05
0.05
0.05
0.05
0.05
0.05
0.05
0.05
0.05
0.05
0.05
0.05
0.05
0.05
0.05
0.05
0.05
0.05
0.05
0.05
0.05
0.05
0.05
0.05
0.05
0.05
0.05
0.05
0.05
0.05
0.05
0.05
0.05
0.05
0.05
0.05
0.05
0.05
0.05
0.05
0.05
0.05
0.05
0.05
0.05
0.05
0.05
0.05
0.05
0.05
0.05
0.05
0.05
0.05
0.05
0.05
0.05
0.05
0.05
0.05
0.05
0.05
0.05
0.05
0.05
0.05
0.05
0.05
0.05
0.05
0.05
0.05
0.05
0.05
0.05
0.05
0.05
0.05
0.05
0.05
0.05
0.05
0.05
0.05
0.05
0.05
0.05
0.05
0.05
0.05
0.05
0.05
0.05
0.05
0.05
0.05
0.05
0.05
0.05
0.05
0.05
0.05
0.05
0.05
0.05
0.05
0.05
0.05
0.05
0.05
0.05
0.05
0.05
0.05
0.05
0.05
0.05
0.05
0.05
0.05
0.05
0.05
0.05
0.05
0.05
0.05
0.05
0.05
0.05
0.05
0.05
0.05
0.05
0.05
0.05
0.05
0.05
0.05
0.05
0.05
0.05
0.05
0.05
0.05
0.05
0.05
0.05
0.05
0.05
0.05
0.05
0.05
0.05
0.05
0.05
0.05
0.05
0.05
0.05
0.05
0.05
0.05
0.05
0.05
0.05
0.05
0.05
0.05
0.05
0.05
0.05
0.05
0.05
0.05
0.05
0.05
0.05
0.05
0.05
0.05
0.05
0.05
0.05
0.05
0.05
0.05
0.05
0.05
0.05
0.05
0.05
0.05
0.05
0.05
0.05
0.05
0.05
0.05
0.05
0.05
0.05
0.05
0.05
0.05
0.05
0.05
0.05
0.05
0.05
0.05
0.05
0.05
0.05
0.05
0.05
0.05
0.05
0.05
0.05
0.05
0.05
0.05
0.05
0.05
0.05
0.05
0.05
0.05
0.05
0.05
0.05
0.05
0.05
0.05
0.05
0.05
0.05
0.05
0.05
0.05
0.05
0.05
0.05
0.05
0.05
0.05
0.05
0.05
0.05
0.05
0.05
0.05
0.05
0.05
0.05
0.05
0.05
0.05
0.05
0.05
0.05
0.05
0.05
0.05
0.05
0.05
0.05
0.05
0.05
0.05
0.05
0.05
0.05
0.05
0.05
0.05
0.05
0.05
0.05
0.05
0.05
0.05
0.05
0.05
0.05
0.05
0.05
0.05
0.05
0.05
0.05
0.05
0.05
0.05
0.05
0.05
0.05
0.05
0.05
0.05
0.05
0.05
0.05
0.05
0.05
0.05
0.05
0.05
0.05
0.05
0.05
0.05
0.05
0.05
0.05
0.05
0.05
0.05
0.05
0.05
0.05
0.05
0.05
0.05
0.05
0.05
0.05
0.05
0.05
0.05
0.05
0.05
0.05
0.05
0.05
0.05
0.05
0.05
0.05
0.05
0.05
0.05
0.05
0.05
0.05
0.05
0.05
0.05
0.05
0.05
0.05
0.05
0.05
0.05
0.05
0.05
0.05
0.05
0.05
0.05
0.05
0.05
0.05
0.05
0.05
0.05
0.05
0.05
0.05
0.05
0.05
0.05
0.05
0.05
0.05
0.05
0.05
0.05
0.05
0.05
0.05
0.05
0.05
0.05
0.05
0.05
0.05
0.05
0.05
0.05
0.05
0.05
0.05
0.05
0.05
0.05
0.05
0.05
0.05
0.05
0.05
0.05
0.05
0.05
0.05
0.05
0.05
0.05
0.05
0.05
0.05
0.05
0.05
0.05
0.05
0.05
0.05
0.05
0.05
0.05
0.05
0.05
0.05
0.05
0.05
0.05
0.05
0.05
0.05
0.05
0.05
0.05
0.05
0.05
0.05
0.05
0.05
0.05
0.05
0.05
0.05
0.05
0.05
0.05
0.05
0.05
0.05
0.05
0.05
0.05
0.05
0.05
0.05
0.05
0.05
0.05
0.05
0.05
0.05
0.05
0.05
0.05
0.05
0.05
0.05
0.05
0.05
0.05
0.05
0.05
0.05
0.05
0.05
0.05
0.05
0.05
0.05
0.05
0.05
0.05
0.05
0.05
0.05
0.05
0.05
0.05
0.05
0.05
0.05
0.05
0.05
0.05
0.05
0.05
0.05
0.05
0.05
0.05
0.05
0.05
0.05
0.05
0.05
0.05
0.05
0.05
0.05
0.05
0.05
0.05
0.05
0.05
0.05
0.05
0.05
0.05
0.05
0.05
0.05
0.05
0.05
0.05
0.05
0.05
0.05
0.05
0.05
0.05
0.05
0.05
0.05
0.05
0.05
0.05
0.05
0.05
0.05
0.05
0.05
0.05
0.05
0.05
0.05
0.05
0.05
0.05
0.05
0.05
0.05
0.05
0.05
0.05
0.05
0.05
0.05
0.05
0.05
0.05
0.05
0.05
0.05
0.05
0.05
0.05
0.05
0.05
0.05
0.05
0.05
0.05
0.05
0.05
0.05
0.05
0.05
0.05
0.05
0.05
0.05
0.05
0.05
0.05
0.05
0.05
0.05
0.05
0.05
0.05
0.05
0.05
0.05
0.05
0.05
0.05
0.05
0.05
0.05
0.05
0.05
0.05
0.05
0.05
0.05
0.05
0.05
0.05
0.05
0.05
0.05
0.05
0.05
0.05
0.05
0.05
0.05
0.05
0.05
0.05
0.05
0.05
0.05
0.05
0.05
0.05
0.05
0.05
0.05
0.05
0.05
0.05
0.05
0.05
0.05
0.05
0.05
0.05
0.05
0.05
0.05
0.05
0.05
0.05
0.05
0.05
0.05
0.05
0.05
0.05
0.05
0.05
0.05
0.05
0.05
0.05
0.05
0.05
0.05
0.05
0.05
0.05
0.05
0.05
0.05
0.05
0.05
0.05
0.05
0.05
0.05
0.05
0.05
0.05
0.05
0.05
0.05
0.05
0.05
0.05
0.05
0.05
0.05
0.05
0.05
0.05
0.05
0.05
0.05
0.05
0.05
0.05
0.05
0.05
0.05
0.05
0.05
0.05
0.05
0.05
0.05
0.05
0.05
0.05
0.05
0.05
0.05
0.05
0.05
0.05
0.05
0.05
0.05
0.05
0.05
0.05
0.05
0.05
0.05
0.05
0.05
0.05
0.05
0.05
0.05
0.05
0.05
0.05
0.05
0.05
0.05
0.05
0.05
0.05
0.05
0.05
0.05
0.05
0.05
0.05
0.05
0.05
0.05
0.05
0.05
0.05
0.05
0.05
0.05
0.05
0.05
0.05
0.05
0.05
0.05
0.05
0.05
0.05
0.05
0.05
0.05
0.05
0.05
0.05
0.05
0.05
0.05
0.05
0.05
0.05
0.05
0.05
0.05
0.05
0.05
0.05
0.05
0.05
0.05
0.05
0.05
0.05
0.05
0.05
0.05
0.05
0.05
0.05
0.05
0.05
0.05
0.05
0.05
0.05
0.05
0.05
0.05
0.05
0.05
0.05
0.05
0.05
0.05
0.05
0.05
0.05
0.05
0.05
0.05
0.05
0.05
0.05
0.05
0.05
0.05
0.05
0.05
0.05
0.05
0.05
0.05
0.05
0.05
0.05
0.05
0.05
0.05
0.05
0.05
0.05
0.05
0.05
0.05
0.05
0.05
0.05
0.05
0.05
0.05
0.05
0.05
0.05
0.05
0.05
0.05
0.05
0.05
0.05
0.05
0.05
0.05
0.05
0.05
0.05
0.05
0.05
0.05
0.05
0.05
0.05
0.05
0.05
0.05
0.05
0.05
0.05
0.05
0.05
0.05
0.05
0.05
0.05
0.05
0.05
0.05
0.05
0.05
0.05
0.05
0.05
0.05
0.05
0.05
0.05
0.05
0.05
0.05
0.05
0.05
0.05
0.05
0.05
0.05
0.05
0.05
0.05
0.05
0.05
0.05
0.05
0.05
0.05
0.05
0.05
0.05
0.05
0.05
0.05
0.05
0.05
0.05
0.05
0.05
0.05
0.05
0.05
0.05
0.05
0.05
0.05
0.05
0.05
0.05
0.05
0.05
0.05
0.05
0.05
0.05
0.05
0.05
0.05
0.05
0.05
0.05
0.05
0.05
0.05
0.05
0.05
0.05
0.05
0.05
0.05
0.05
0.05
0.05
0.05
0.05
0.05
0.05
0.05
0.05
0.05
0.05
0.05
0.05
0.05
0.05
0.05
0.05
0.05
0.05
0.05
0.05
0.05
0.05
0.05
0.05
0.05
0.05
0.05
0.05
0.05
0.05
0.05
0.05
0.05
0.05
0.05
0.05
0.05
0.05
0.05
0.05
0.05
0.05
0.05
0.05
0.05
0.05
0.05
0.05
0.05
0.05
0.05
0.05
0.05
0.05
0.05
0.05
0.05
0.05
0.05
0.05
0.05
0.05
0.05
0.05
0.05
0.05
0.05
0.05
0.05
0.05
0.05
0.05
0.05
0.05
0.05
0.05
0.05
0.05
0.05
0.05
0.05
0.05
0.05
0.05
0.05
0.05
0.05
0.05
0.05
0.05
0.05
0.05
0.05
0.05
0.05
0.05
0.05
0.05
0.05
0.05
0.05
0.05
0.05
0.05
0.05
0.05
0.05
0.05
0.05
0.05
0.05
0.05
0.05
0.05
0.05
0.05
0.05
0.05
0.05
0.05
0.05
0.05
0.05
0.05
0.05
0.05
0.05
0.05
0.05
0.05
0.05
0.05
0.05
0.05
0.05
0.05
0.05
0.05
0.05
0.05
0.05
0.05
0.05
0.05
0.05
0.05
0.05
0.05
0.05
0.05
0.05
0.05
0.05
0.05
0.05
0.05
0.05
0.05
0.05
0.05
0.05
0.05
0.05
0.05
0.05
0.05
0.05
0.05
0.05
0.05
0.05
0.05
0.05
0.05
0.05
0.05
0.05
0.05
0.05
0.05
0.05
0.05
0.05
0.05
0.05
0.05
0.05
0.05
0.05
0.05
0.05
0.05
0.05
0.05
0.05
0.05
0.05
0.05
0.05
0.05
0.05
0.05
0.05
0.05
0.05
0.05
0.05
0.05
0.05
0.05
0.05
0.05
0.05
0.05
0.05
0.05
0.05
0.05
0.05
0.05
0.05
0.05
0.05
0.05
0.05
0.05
0.05
0.05
0.05
0.05
0.05
0.05
0.05
0.05
0.05
0.05
0.05
0.05
0.05
0.05
0.05
0.05
0.05
0.05
0.05
0.05
0.05
0.05
0.05
0.05
0.05
0.05
0.05
0.05
0.05
0.05
0.05
0.05
0.05
0.05
0.05
0.05
0.05
0.05
0.05
0.05
0.05
0.05
0.05
0.05
0.05
0.05
0.05
0.05
0.05
0.05
0.05
0.05
0.05
0.05
0.05
0.05
0.05
0.05
0.05
0.05
0.05
0.05
0.05
0.05
0.05
0.05
0.05
0.05
0.05
0.05
0.05
0.05
0.05
0.05
0.05
0.05
0.05
0.05
0.05
0.05
0.05
0.05
0.05
0.05
0.05
0.05
0.05
0.05
0.05
0.05
0.05
0.05
0.05
0.05
0.05
777777