2.70532
999999
-0.0363056
0.0589608
0.173544
-0.159024
0.0911151
0.0357759
0.124306
-0.196757
-0.0728686
0.0550671
0.0435413
-0.184264
-0.0111501
0.0632615
0.0960646
0.132539
0.0802445
-0.0500467
0.0776523
0.0470376
0.0403089
0.119468
-0.0693468
-0.0147095
-0.130046
-0.132138
-0.164868
0.192672
0.138994
0.163087
-0.140451
0.00239562
-0.176576
-0.0465913
-0.0136413
0.029442
0.103879
-0.14484
-0.0466772
-0.12582
-0.174247
0.0946603
-0.0629166
0.151372
-0.0568671
0.176205
-0.0988053
-0.109925
-0.188226
0.0457579
0.163306
0.198702
-0.0397551
-0.0856778
0.0988821
0.0579005
-0.172628
0.12604
0.188281
-0.055836
0.177975
-0.138702
-0.104838
0.0223666
0.179009
-0.108908
-0.188442
0.097463
0.0658268
0.0450664
-0.199278
0.177489
0.0904987
0.114946
-0.0499564
0.1166
0.102223
-0.0793982
0.174449
0.182922
-0.179244
-0.100301
-0.184251
-0.142676
-0.0595304
0.0879187
0.140636
0.13166
-0.0123999
0.126916
-0.0316535
0.0662315
-0.0465213
-0.192409
-0.131517
-0.134441
-0.113764
-0.0560863
0.0335277
-0.077253
-0.092335
-0.14329
-0.188826
0.0259535
-0.169753
-0.00532648
0.0293031
0.0317534
-0.135657
0.111535
-0.099884
0.167067
-0.0988012
0.0877027
-0.135362
-0.0626865
0.0563856
0.138885
-0.0946974
-0.132821
-0.0280744
0.0461366
-0.109301
0.0739501
0.0663161
0.0484739
0.0408918
0.132795
-0.171889
-0.0919411
0.197227
0.19775
0.00114374
0.120749
-0.199626
-0.040148
0.145784
0.117738
0.0537237
0.0981905
-0.0410114
0.0759583
0.130902
-0.0553676
0.18012
0.152666
-0.0678132
-0.0127303
0.0193283
-0.0730222
0.0532161
0.0864076
-0.0394677
0.0506708
-0.170147
0.0761444
0.0838494
-0.148822
0.113311
-0.134101
-0.11085
-0.00576136
-0.136024
0.0896411
0.110305
0.122444
-0.15832
0.066416
0.0727685
0.189604
-0.165802
-0.169756
0.190468
0.140665
-0.0737482
-0.167803
0.185763
0.137638
-0.0800415
0.062126
0.139034
-0.119992
0.0707608
0.00350092
0.104961
-0.00170939
0.178973
0.137618
0.10732
0.0455574
0.0822004
0.0865866
-0.111646
0.0706848
0.113785
-0.0446377
0.0737035
-0.0054606
0.0491418
-0.126267
-0.077533
-0.00916312
-0.0643881
0.166561
-0.137775
0.136472
-0.0393196
0.128734
-0.195976
0.177558
-0.0179869
0.0483593
-0.139415
-0.00906811
-0.0207111
0.132486
0.139004
-0.0267583
-0.0247417
0.00225396
0.0223338
-0.15521
0.0112957
0.142461
-0.125527
0.155948
-0.163601
-0.095069
0.149252
-0.0532768
0.0450051
-0.00431478
0.100969
0.0634916
-0.0525709
0.107611
0.0914557
-0.0817406
-0.0277635
0.0326764
0.176839
-0.171394
0.154584
-0.15843
-0.165757
-0.163451
0.196593
0.0144723
-0.184811
0.150333
0.118492
-0.00581271
-0.0842926
-0.0344468
-0.198976
0.118121
0.0194971
-0.038189
-0.160765
0.161359
0.0236834
0.144479
-0.0137204
-0.0770316
0.179767
0.146134
0.1528
0.154833
-0.0204584
-0.0740546
0.111818
0.157108
-0.00692977
-0.176825
-0.076104
0.137998
-0.0278338
-0.129939
0.0350471
-0.170536
-0.0879528
-0.108203
-0.111901
0.0800806
0.0163991
-0.159317
-0.189126
0.161672
0.0451357
-0.178606
0.0839678
0.0364645
-0.00869962
-0.0351423
0.0129435
-0.163817
-0.183542
0.0663115
0.183384
-0.0155649
-0.169109
0.102871
-0.133021
-0.0456094
-0.0858017
-0.108924
0.0682635
-0.127206
0.027225
0.107294
0.15668
0.143046
-0.1813
-0.0278804
-0.141912
0.00145791
0.173773
0.115764
-0.107821
-0.0953011
-0.0243091
0.102167
0.166705
-0.179653
-0.122229
-0.170188
-0.0542019
-0.150366
0.0387223
0.0161809
0.185456
0.17083
0.0299663
0.153116
-0.156762
0.0349746
-0.151839
-0.131016
0.13714
-0.147068
0.0145915
-0.0328115
0.114418
-0.0622987
-0.00479354
0.107132
-0.190385
0.0229644
-0.0314257
-0.0406555
-0.133176
-0.131611
0.155313
0.164347
-0.0314566
-0.179315
0.0950483
-0.00509551
-0.0892348
0.0970828
-0.185231
-0.0671167
0.159916
0.0624334
0.0696348
0.160725
-0.0802678
0.0908163
-0.00976205
-0.0646688
0.19504
0.195258
0.191658
-0.0498554
0.162468
0.0794724
-0.0011233
-0.0283707
-0.151501
0.0235736
-0.00453988
-0.0219633
-0.0565195
0.037365
0.114994
0.132236
0.139055
0.167758
-0.152419
0.0511562
0.107679
0.139796
-0.119395
0.0304705
-0.110755
-0.131492
0.0728538
-0.155254
-0.163227
0.143393
-0.130584
0.0180451
0.0814715
-0.162357
0.116157
-0.0876743
0.0322368
0.0113294
0.139668
-0.0416751
0.0542813
0.0266567
-0.00382897
0.15354
-0.0644737
0.00610235
-0.0140592
0.111416
-0.193865
0.0538601
0.0880919
-0.0170145
-0.122531
0.0540227
0.0146205
0.17423
0.184923
0.196619
0.0753906
-0.141707
-0.0113025
-0.191685
0.137177
0.18554
0.0138333
0.0434303
-0.0662917
-0.010062
-0.0570232
0.0986855
-0.159329
0.0305858
-0.0540186
0.127279
-0.069287
0.0731881
0.0854644
-0.127986
-0.0308699
-0.194505
0.0819928
0.041959
-0.1794
0.023887
0.0509008
-0.0687074
-0.0602579
-0.149694
-0.102331
-0.0706787
-0.012344
0.0697844
-0.0508009
-0.150597
0.181716
0.00575348
0.0358177
0.0158727
0.0588338
0.0344024
0.031291
0.129321
-0.01368
0.169214
0.141508
0.0214554
-0.101634
-0.140221
0.19439
-0.138186
0.085389
0.130312
-0.0787557
-0.167669
-0.168983
0.190058
-0.0943998
0.0105387
0.00126061
0.0295555
0.109826
0.162958
0.199299
-0.0599456
0.0418026
0.0339581
-0.161117
-0.0239322
0.0271654
0.162357
0.00423143
-0.192022
0.00252937
-0.162692
-0.0783276
-0.102847
-0.140203
0.104034
0.0625649
0.144867
0.131824
0.00678871
-0.158487
0.133563
0.0529169
0.14605
0.0972297
0.078488
-0.00640048
0.058664
-0.106662
-0.0765788
-0.0541538
-0.167628
-0.176934
0.139053
-0.00409059
0.192696
-0.161739
0.109617
-0.125651
0.0633193
-0.0988263
0.130186
-0.190687
0.179666
-0.150906
0.125526
0.0912627
-0.077318
-0.123908
-0.0987445
0.0868085
-0.168803
0.0345318
-0.0646641
0.0619474
0.0699109
0.102199
0.164237
0.150034
0.0492453
-0.13802
0.0317502
0.0216247
-0.00420134
-0.147415
0.0908651
0.0562757
0.0112965
-0.14522
-0.152836
0.16547
0.0581141
0.173095
-0.000997203
0.176928
0.0217707
0.0927552
-0.150914
-0.184636
0.0415826
-0.102261
-0.16113
-0.0960836
-0.0898094
-0.0756492
-0.0901396
-0.174562
0.173738
0.00273911
0.0600873
-0.0145641
0.176615
0.111549
0.0394191
0.0161283
-0.104033
-0.138662
0.101408
0.0613483
-0.0136258
0.0895321
0.188526
0.0980615
-0.0565919
0.17469
-0.00205051
0.134488
-0.0234889
0.067746
0.139348
-0.0717419
-0.0473298
0.110666
0.173991
-0.0354922
0.0167751
-0.16713
0.0128954
-0.199014
0.103603
-0.185137
-0.199994
-0.0593695
-0.18929
-0.192539
0.037257
0.133102
0.126866
0.140366
-0.0923316
-0.139228
-0.102427
-0.112601
0.175771
0.199707
0.189563
0.198509
0.115946
0.0884689
-0.133836
0.173471
0.117694
-0.183679
-0.0312756
-0.0985549
-0.0214349
-0.0373428
0.140951
-0.118125
-0.0659986
0.00100698
-0.0254713
-0.0584233
0.140624
-0.126028
-0.0440882
-0.198615
-0.141097
-0.0511996
0.00294971
-0.171007
-0.0740171
0.1736
0.158959
0.0886828
0.0115969
0.0876974
0.0349843
-0.0279904
0.0949304
-0.010964
0.159897
-0.0929008
0.0127722
0.197069
-0.0442313
0.0229628
-0.137517
-0.0226222
0.157088
-0.186619
-0.199317
-0.0153153
-0.194357
0.136419
-0.196451
-0.0829135
-0.058556
-0.103669
-0.144046
0.123434
-0.0745141
0.161354
0.064442
-0.0554694
-0.163166
-0.102405
-0.0233506
-0.122089
0.106348
0.112691
-0.11772
0.0814599
0.00191858
0.0904039
0.0524773
-0.198176
-0.150301
0.00288152
0.159532
0.157806
0.144916
-0.0253407
-0.164503
0.100571
-0.0226032
0.172895
0.0402294
0.0982509
-0.122253
-0.142084
0.0270206
0.168913
0.0350811
0.0690535
0.0505098
0.15882
0.152611
-0.10248
0.0436462
0.0676105
-0.0430264
-0.101505
0.135551
-0.152573
-0.169759
0.0305162
0.0857247
-0.13225
0.142417
0.111685
0.00840514
-0.140746
0.0947992
0.0945836
0.163016
-0.0535113
0.112044
0.103812
-0.0610997
-0.0620737
0.05741
0.0786312
0.0398157
-0.0428221
-0.0368602
0.0890611
-0.0279861
0.089709
-0.151349
-0.196668
-0.086405
-0.0757539
0.071396
0.193898
0.086573
0.17497
-0.176981
0.105572
0.190194
-0.110013
0.114763
-0.0689253
-0.00135952
0.0280892
-0.12755
0.0732693
0.199139
0.0956305
-0.0271243
0.167849
-0.0941702
0.0701868
-0.01842
0.0880936
-0.0249775
-0.0521551
0.0889465
-0.126763
-0.0700854
-0.0714552
-0.0603494
0.165987
0.0385621
0.0492046
0.157265
-0.134119
0.192194
0.00102851
0.140982
-0.126903
-0.143196
-0.00973802
0.0406952
-0.0529105
0.0741807
-0.0895993
0.195108
-0.193399
0.190999
0.174035
0.0403661
-0.0788828
0.0325299
-0.0592298
-0.0402051
-0.149186
0.134329
0.0086336
0.144136
0.185806
-0.143059
0.161402
-0.119204
0.079092
-0.0460598
-0.0255314
0.150234
0.191326
0.087231
-0.16057
0.0820197
-0.0321689
-0.143204
-0.121264
-0.139721
-0.071946
0.0508396
-0.0924466
-0.0108497
-0.0862864
-0.185448
0.0754285
0.0440253
0.0975847
0.193605
-0.174768
-0.181004
0.0729422
-0.150811
-0.0313488
-0.115937
-0.0270796
-0.133036
-0.0395321
-0.144733
-0.121718
-0.176793
-0.0512443
0.143878
-0.155452
-0.150316
-0.187774
-0.140441
-0.154457
-0.153007
0.0661286
0.0233981
0.0520198
-0.10034
0.000428931
0.0478956
0.186385
0.0519341
0.181152
0.0224309
-0.0795068
-0.160303
-0.0340725
0.15204
-0.0238853
-0.0497673
-0.159341
-0.0731598
0.117522
0.0860015
-0.0102243
0.0614125
0.154454
-0.0975602
-0.137633
0.00463328
0.195244
0.0341831
0.0471701
-0.114546
0.087935
-0.00031976
-0.16025
0.125099
0.120364
-0.00708526
-0.0458664
-0.130001
0.11332
0.18462
0.164586
0.122318
-0.0776425
0.19336
-0.0693821
0.159444
0.0099339
-0.0510194
0.0171816
0.0761387
0.138775
0.0987815
-0.12922
-0.108028
0.037181
0.168648
-0.0257219
0.0583539
0.166854
-0.157136
0.183353
-0.119845
-0.061426
0.144777
0.0245175
0.182846
0.0935954
-0.0585448
-0.104155
-0.00542482
-0.188024
-0.00182152
-0.0459543
-0.104034
-0.050907
-0.14738
0.192317
-0.143007
0.146118
-0.0279888
-0.179698
0.0117821
-0.010223
0.13754
0.0312258
0.195903
-0.0225468
0.111851
0.100605
-0.0633955
0.111099
0.048498
-0.181757
0.0381199
-0.170287
-0.134563
-0.110181
0.0933011
0.0737847
0.0784179
0.123703
-0.0442038
0.194431
0.160441
-0.126762
-0.185118
-0.0379598
0.195905
-0.189934
-0.10771
-0.195789
-0.177137
0.115854
0.193159
-0.18315
-0.117904
0.0523992
0.0900501
0.0410892
-0.133798
-0.141489
0.0571845
0.103433
-0.0780634
0.186676
0.0844628
-0.0163421
-0.187072
0.15169
0.0336124
0.00543644
0.196815
-0.188335
-0.195955
0.168752
0.0756725
0.155252
0.123739
0.0932481
-0.0784373
0.160243
-0.0500349
-0.0393675
-0.116262
0.0449854
-0.156857
-0.11026
-0.131669
0.0425853
-0.154118
0.0909431
-0.128366
-0.188826
0.181347
0.153556
0.0473811
0.152814
0.140339
-0.0703855
0.0381707
0.110908
0.0712636
-0.0962963
-0.109751
0.0129863
-0.116948
-0.00942324
-0.0227535
0.0565129
0.0329951
-0.0739919
-0.175959
0.0899817
-0.129205
0.0442496
0.0803996
0.0948332
0.179008
-0.194301
-0.16399
0.125625
-0.178834
-0.0422379
0.0340396
0.103753
-0.149317
-0.103703
0.19237
-0.189901
0.180679
-0.159202
-0.137459
-0.0492096
-0.0442915
0.0909402
0.169192
-0.173262
-0.11805
0.0470884
-0.191093
-0.0575832
-0.0683645
-0.0968857
-0.185406
-0.0908035
-0.103001
-0.0361152
-0.00730294
-0.164897
-0.0848636
-0.0379273
0.158239
0.108335
-0.00429774
0.0508289
-0.0832967
-0.110335
0.0255222
-0.136024
0.0880979
-0.0495253
0.189867
-0.00918918
-0.114642
0.195389
0.0144039
0.0370295
0.0940765
-0.165566
-0.0245007
-0.0914464
-0.136956
0.167029
-0.135477
0.157002
-0.0933325
-0.164033
-0.0851274
0.0468406
-0.100397
-0.136369
-0.123225
-0.0893483
0.113609
0.136308
0.161869
0.125415
-0.0882067
-0.0305122
0.111831
-0.150098
0.121862
-0.00561976
0.165338
0.161748
0.132048
-0.0236311
-0.063459
0.0188041
-0.112184
0.149861
-0.149085
-0.134279
0.0849918
0.19875
-0.0544705
0.100465
0.140028
0.0947712
0.168401
0.157048
-0.16211
0.0628073
-0.00355781
0.103194
0.113652
-0.198641
-0.060789
-0.146198
-0.0371452
0.185417
0.0199716
-0.0324817
0.147196
0.120445
-0.177436
0.0853361
-0.0918394
-0.173368
0.188306
-0.168796
-0.19616
0.0081177
0.0228945
0.163358
-0.00540054
0.16098
-0.12221
-0.106282
0.0327306
0.198983
-0.0431958
-0.122208
-0.0118972
-0.118392
-0.0513982
-0.0673814
-0.13585
-0.187818
-0.14939
0.0513356
0.0623649
-0.0884381
0.0195879
0.15224
-0.152251
-0.113633
-0.0924927
0.0585286
-0.0784668
-0.105738
-0.0393358
-0.0873828
-0.139655
0.185358
0.196736
-0.148761
0.188029
-0.186357
-0.113798
0.103041
-0.0634922
0.0894747
-0.0497639
0.0168673
-0.0168722
-0.123804
0.13291
0.195797
0.196339
-0.0311362
0.0697522
-0.177813
0.0380354
-0.0456472
0.099472
-0.177918
-0.175425
0.142743
0.0016774
0.152898
0.0713078
0.0841016
0.0138709
-0.104671
0.128148
0.0195918
-0.174608
0.0780815
-0.161772
-0.100734
0.0941121
0.0180065
-0.021704
0.0683979
0.0502731
-0.0685777
-0.0675416
-0.0277215
-0.0787919
0.117916
0.0999115
0.159466
0.0525049
0.161336
0.136426
-0.0549777
-0.0937274
0.0733815
0.0396444
-0.0617615
0.0415483
0.128776
-0.113591
0.0103964
0.0660309
-0.173284
-0.0789386
0.117661
0.033639
-0.133611
-0.0635778
-0.0302554
-0.190909
-0.135538
0.180657
0.128211
0.0778546
0.105988
-0.142545
0.108438
-0.141706
-0.121019
0.0203436
-0.108134
0.0290744
0.0315237
-0.114358
0.0082077
0.163545
0.149546
0.087968
-0.0170726
0.198728
0.174856
0.155606
-0.167763
0.113186
0.148077
-0.127093
0.185648
-0.00439506
0.198854
-0.0888091
-0.174106
-0.0159209
-0.0586436
-0.17781
0.107847
0.128487
0.082456
0.137494
0.144337
-0.197472
0.0658788
-0.0137994
0.167505
0.119219
0.192098
-0.154549
0.113019
0.194488
-0.153162
0.163766
-0.0957936
-0.0498096
-0.131683
-0.0619765
0.0923855
-0.0601047
0.0577549
-0.0644649
0.0522176
-0.111178
-0.114297
0.119021
0.155973
-0.14883
0.0597012
-0.0724034
0.111656
-0.0620075
0.0740644
0.0295891
0.00561205
0.000224355
-0.163769
-0.0788637
0.181078
-0.0715823
-0.0263739
-0.0050458
-0.0273705
-0.114938
-0.110778
-0.0970934
0.145618
0.187822
-0.0617959
0.0906011
0.0398384
-0.19965
-0.19558
-0.0757659
0.0754999
0.139174
-0.148151
0.162672
-0.158407
0.097026
0.0698638
-0.0314589
0.160321
-0.0423723
-0.1452
0.029714
0.192428
0.164426
0.0232011
0.00310265
-0.0916907
0.197511
-0.182549
-0.0294368
-0.197581
0.12382
-0.0643558
-0.0233416
-0.14273
0.00693912
0.0502368
-0.183497
0.14846
-0.0373738
-0.112686
-0.199662
-0.159928
0.179217
0.163164
-0.170579
-0.0665314
0.160637
0.0918998
0.0910523
-0.0297289
-0.162625
0.133048
0.170324
-0.192005
0.18562
-0.137811
0.163559
-0.0846746
0.0329165
-0.0777517
0.170013
0.0840834
-0.159664
-0.162848
0.155073
-0.0212467
0.163479
0.0756433
-0.0612
0.0506852
-0.105541
-0.0394724
-0.127029
-0.0383216
-0.0418244
-0.00682835
0.157881
0.171476
0.16723
-0.108314
0.0419154
-0.00729625
0.0301647
0.00887255
-0.18677
0.0670909
-0.0225334
-0.0212581
-0.0989432
0.0967657
0.0160909
5.1204e-05
-0.079095
-0.115059
-0.0352046
0.111733
0.184002
-0.0718359
-0.00293782
0.0114106
0.165581
-0.0424123
-0.00178615
-0.0470566
-0.0454506
-0.0237945
-0.0561151
-0.175721
-0.14702
0.0268723
0.0727773
0.131788
-0.0213509
-0.159733
-0.172639
0.033258
-0.139989
-0.0676066
-0.0894656
-0.0139491
0.0505757
-0.095739
0.0702944
-0.122404
0.0288588
-0.0226851
-0.0474903
0.106495
-0.176796
-0.0555117
0.162558
-0.177404
0.127499
0.137029
0.132996
-0.0883578
0.150118
-0.0390295
-0.0214315
-0.125235
-0.157994
0.02062
-0.163811
-0.165002
-0.063915
0.0368074
-0.175357
-0.13066
-0.129839
-0.196504
0.0156204
-0.0839558
-0.0564563
0.0744027
-0.0451439
0.0917175
0.0205007
-0.0474949
0.190552
-0.114562
-0.127732
0.0724465
-0.0788228
-0.151604
0.0950166
-0.106803
-0.18872
0.183472
-0.0150449
0.0900903
0.110799
0.0786988
-0.124378
0.0360893
0.14307
0.0639954
-0.199614
-0.016262
0.070788
0.152461
-0.0182994
0.197346
0.184232
-0.00965496
0.125993
-0.0200802
-0.0136934
-0.106619
-0.0867062
-0.0558164
0.167154
-0.0113142
0.0367814
0.000530515
-0.154493
0.0565563
0.124269
0.195834
-0.0661403
0.169166
-0.136002
0.0995707
-0.0379499
0.113998
0.0821529
-0.148905
-0.119916
0.0583044
-0.13763
0.0252328
-0.172713
-0.0547537
-0.108388
0.0860363
-0.0405493
0.0901736
-0.197189
0.15311
0.0316249
0.162125
-0.0360864
0.145916
0.0570452
-0.101992
0.0329661
-0.0917741
-0.106735
0.17203
-0.195476
-0.194269
-0.129029
0.184044
-0.128983
-0.0970461
-0.0220534
-0.0548706
0.122335
-0.0266143
-0.0202612
-0.0365652
0.136997
-0.14702
0.0843884
-0.132011
-0.0452282
-0.188132
-0.127015
-0.166261
0.196547
0.12175
-0.128477
0.11539
0.0428806
0.111827
0.121232
-0.130882
0.0469817
-0.12773
0.0549621
-0.0819102
0.11776
-0.0777992
0.0822841
0.105688
-0.174947
-0.0507751
0.141936
0.163212
-0.061744
0.036387
0.17154
0.0118244
-0.192196
-0.187496
-0.105412
0.0451362
-0.0323984
-0.18957
-0.166391
-0.15004
0.115128
0.0340036
0.00618728
-0.0570866
-0.0458439
-0.0683658
-0.085098
0.0965199
0.189808
0.0269914
-0.0831184
0.119829
-0.0349961
0.168167
-0.126524
0.0860964
-0.0001605
-0.0842659
0.113206
0.0485112
-0.0551783
0.176846
-0.147615
0.00433415
-0.0546627
-0.0679869
0.184961
-0.169274
0.177209
-0.141848
0.07437
0.155214
0.133466
-0.161536
0.199476
0.0448066
0.0413851
0.183355
0.00552907
-0.00502188
0.136591
0.0668756
-0.0360039
0.0270971
0.000161905
0.0645088
-0.0271571
-0.160048
-0.0496096
-0.0407904
0.0347331
0.0737747
0.155753
0.066817
-0.047623
-0.047683
-0.0634927
0.174288
-0.166834
-0.0712316
0.1146
-0.131443
-0.0181952
0.0833558
0.122703
-0.108015
0.176927
0.157372
-0.000325924
0.0260093
-0.0308825
-0.105021
-0.100739
-0.0586091
-0.00263792
-0.0792865
-0.00922124
888888
-0.195342
-0.131991
-0.128191
-0.0985311
-0.132633
-0.160582
-0.045349
0.0587685
-0.192371
-0.0703179
-0.0111876
-0.153875
-0.16563
0.193606
0.179551
0.0050576
-0.177265
0.0253055
0.15006
0.0657082
0.175762
-0.0219468
0.124861
0.00682819
0.165972
0.182951
0.115393
-0.0481109
-0.198978
0.164591
0.0104032
0.0383175
0.05
0.05
0.05
0.05
0.05
0.05
0.05
0.05
0.05
0.05
0.05
0.05
0.05
0.05
0.05
0.05
0.05
0.05
0.05
0.05
0.05
0.05
0.05
0.05
0.05
0.05
0.05
0.05
0.05
0.05
0.05
0.05
0.05
0.05
0.05
0.05
0.05
0.05
0.05
0.05
0.05
0.05
0.05
0.05
0.05
0.05
0.05
0.05
0.05
0.05
0.05
0.05
0.05
0.05
0.05
0.05
0.05
0.05
0.05
0.05
0.05
0.05
0.05
0.05
0.05
0.05
0.05
0.05
0.05
0.05
0.05
0.05
0.05
0.05
0.05
0.05
0.05
0.05
0.05
0.05
0.05
0.05
0.05
0.05
0.05
0.05
0.05
0.05
0.05
0.05
0.05
0.05
0.05
0.05
0.05
0.05
0.05
0.05
0.05
0.05
0.05
0.05
0.05
0.05
0.05
0.05
0.05
0.05
0.05
0.05
0.05
0.05
0.05
0.05
0.05
0.05
0.05
0.05
0.05
0.05
0.05
0.05
0.05
0.05
0.05
0.05
0.05
0.05
0.05
0.05
0.05
0.05
0.05
0.05
0.05
0.05
0.05
0.05
0.05
0.05
0.05
0.05
0.05
0.05
0.05
0.05
0.05
0.05
0.05
0.05
0.05
0.05
0.05
0.05
0.05
0.05
0.05
0.05
0.05
0.05
0.05
0.05
0.05
0.05
0.05
0.05
0.05
0.05
0.05
0.05
0.05
0.05
0.05
0.05
0.05
0.05
0.05
0.05
0.05
0.05
0.05
0.05
0.05
0.05
0.05
0.05
0.05
0.05
0.05
0.05
0.05
0.05
0.05
0.05
0.05
0.05
0.05
0.05
0.05
0.05
0.05
0.05
0.05
0.05
0.05
0.05
0.05
0.05
0.05
0.05
0.05
0.05
0.05
0.05
0.05
0.05
0.05
0.05
0.05
0.05
0.05
0.05
0.05
0.05
0.05
0.05
0.05
0.05
0.05
0.05
0.05
0.05
0.05
0.05
0.05
0.05
0.05
0.05
0.05
0.05
0.05
0.05
0.05
0.05
0.05
0.05
0.05
0.05
0.05
0.05
0.05
0.05
0.05
0.05
0.05
0.05
0.05
0.05
0.05
0.05
0.05
0.05
0.05
0.05
0.05
0.05
0.05
0.05
0.05
0.05
0.05
0.05
0.05
0.05
0.05
0.05
0.05
0.05
0.05
0.05
0.05
0.05
0.05
0.05
0.05
0.05
0.05
0.05
0.05
0.05
0.05
0.05
0.05
0.05
0.05
0.05
0.05
0.05
0.05
0.05
0.05
0.05
0.05
0.05
0.05
0.05
0.05
0.05
0.05
0.05
0.05
0.05
0.05
0.05
0.05
0.05
0.05
0.05
0.05
0.05
0.05
0.05
0.05
0.05
0.05
0.05
0.05
0.05
0.05
0.05
0.05
0.05
0.05
0.05
0.05
0.05
0.05
0.05
0.05
0.05
0.05
0.05
0.05
0.05
0.05
0.05
0.05
0.05
0.05
0.05
0.05
0.05
0.05
0.05
0.05
0.05
0.05
0.05
0.05
0.05
0.05
0.05
0.05
0.05
0.05
0.05
0.05
0.05
0.05
0.05
0.05
0.05
0.05
0.05
0.05
0.05
0.05
0.05
0.05
0.05
0.05
0.05
0.05
0.05
0.05
0.05
0.05
0.05
0.05
0.05
0.05
0.05
0.05
0.05
0.05
0.05
0.05
0.05
0.05
0.05
0.05
0.05
0.05
0.05
0.05
0.05
0.05
0.05
0.05
0.05
0.05
0.05
0.05
0.05
0.05
0.05
0.05
0.05
0.05
0.05
0.05
0.05
0.05
0.05
0.05
0.05
0.05
0.05
0.05
0.05
0.05
0.05
0.05
0.05
0.05
0.05
0.05
0.05
0.05
0.05
0.05
0.05
0.05
0.05
0.05
0.05
0.05
0.05
0.05
0.05
0.05
0.05
0.05
0.05
0.05
0.05
0.05
0.05
0.05
0.05
0.05
0.05
0.05
0.05
0.05
0.05
0.05
0.05
0.05
0.05
0.05
0.05
0.05
0.05
0.05
0.05
0.05
0.05
0.05
0.05
0.05
0.05
0.05
0.05
0.05
0.05
0.05
0.05
0.05
0.05
0.05
0.05
0.05
0.05
0.05
0.05
0.05
0.05
0.05
0.05
0.05
0.05
0.05
0.05
0.05
0.05
0.05
0.05
0.05
0.05
0.05
0.05
0.05
0.05
0.05
0.05
0.05
0.05
0.05
0.05
0.05
0.05
0.05
0.05
0.05
0.05
0.05
0.05
0.05
0.05
0.05
0.05
0.05
0.05
0.05
0.05
0.05
0.05
0.05
0.05
0.05
0.05
0.05
0.05
0.05
0.05
0.05
0.05
0.05
0.05
0.05
0.05
0.05
0.05
0.05
0.05
0.05
0.05
0.05
0.05
0.05
0.05
0.05
0.05
0.05
0.05
0.05
0.05
0.05
0.05
0.05
0.05
0.05
0.05
0.05
0.05
0.05
0.05
0.05
0.05
0.05
0.05
0.05
0.05
0.05
0.05
0.05
0.05
0.05
0.05
0.05
0.05
0.05
0.05
0.05
0.05
0.05
0.05
0.05
0.05
0.05
0.05
0.05
0.05
0.05
0.05
0.05
0.05
0.05
0.05
0.05
0.05
0.05
0.05
0.05
0.05
0.05
0.05
0.05
0.05
0.05
0.05
0.05
0.05
0.05
0.05
0.05
0.05
0.05
0.05
0.05
0.05
0.05
0.05
0.05
0.05
0.05
0.05
0.05
0.05
0.05
0.05
0.05
0.05
0.05
0.05
0.05
0.05
0.05
0.05
0.05
0.05
0.05
0.05
0.05
0.05
0.05
0.05
0.05
0.05
0.05
0.05
0.05
0.05
0.05
0.05
0.05
0.05
0.05
0.05
0.05
0.05
0.05
0.05
0.05
0.05
0.05
0.05
0.05
0.05
0.05
0.05
0.05
0.05
0.05
0.05
0.05
0.05
0.05
0.05
0.05
0.05
0.05
0.05
0.05
0.05
0.05
0.05
0.05
0.05
0.05
0.05
0.05
0.05
0.05
0.05
0.05
0.05
0.05
0.05
0.05
0.05
0.05
0.05
0.05
0.05
0.05
0.05
0.05
0.05
0.05
0.05
0.05
0.05
0.05
0.05
0.05
0.05
0.05
0.05
0.05
0.05
0.05
0.05
0.05
0.05
0.05
0.05
0.05
0.05
0.05
0.05
0.05
0.05
0.05
0.05
0.05
0.05
0.05
0.05
0.05
0.05
0.05
0.05
0.05
0.05
0.05
0.05
0.05
0.05
0.05
0.05
0.05
0.05
0.05
0.05
0.05
0.05
0.05
0.05
0.05
0.05
0.05
0.05
0.05
0.05
0.05
0.05
0.05
0.05
0.05
0.05
0.05
0.05
0.05
0.05
0.05
0.05
0.05
0.05
0.05
0.05
0.05
0.05
0.05
0.05
0.05
0.05
0.05
0.05
0.05
0.05
0.05
0.05
0.05
0.05
0.05
0.05
0.05
0.05
0.05
0.05
0.05
0.05
0.05
0.05
0.05
0.05
0.05
0.05
0.05
0.05
0.05
0.05
0.05
0.05
0.05
0.05
0.05
0.05
0.05
0.05
0.05
0.05
0.05
0.05
0.05
0.05
0.05
0.05
0.05
0.05
0.05
0.05
0.05
0.05
0.05
0.05
0.05
0.05
0.05
0.05
0.05
0.05
0.05
0.05
0.05
0.05
0.05
0.05
0.05
0.05
0.05
0.05
0.05
0.05
0.05
0.05
0.05
0.05
0.05
0.05
0.05
0.05
0.05
0.05
0.05
0.05
0.05
0.05
0.05
0.05
0.05
0.05
0.05
0.05
0.05
0.05
0.05
0.05
0.05
0.05
0.05
0.05
0.05
0.05
0.05
0.05
0.05
0.05
0.05
0.05
0.05
0.05
0.05
0.05
0.05
0.05
0.05
0.05
0.05
0.05
0.05
0.05
0.05
0.05
0.05
0.05
0.05
0.05
0.05
0.05
0.05
0.05
0.05
0.05
0.05
0.05
0.05
0.05
0.05
0.05
0.05
0.05
0.05
0.05
0.05
0.05
0.05
0.05
0.05
0.05
0.05
0.05
0.05
0.05
0.05
0.05
0.05
0.05
0.05
0.05
0.05
0.05
0.05
0.05
0.05
0.05
0.05
0.05
0.05
0.05
0.05
0.05
0.05
0.05
0.05
0.05
0.05
0.05
0.05
0.05
0.05
0.05
0.05
0.05
0.05
0.05
0.05
0.05
0.05
0.05
0.05
0.05
0.05
0.05
0.05
0.05
0.05
0.05
0.05
0.05
0.05
0.05
0.05
0.05
0.05
0.05
0.05
0.05
0.05
0.05
0.05
0.05
0.05
0.05
0.05
0.05
0.05
0.05
0.05
0.05
0.05
0.05
0.05
0.05
0.05
0.05
0.05
0.05
0.05
0.05
0.05
0.05
0.05
0.05
0.05
0.05
0.05
0.05
0.05
0.05
0.05
0.05
0.05
0.05
0.05
0.05
0.05
0.05
0.05
0.05
0.05
0.05
0.05
0.05
0.05
0.05
0.05
0.05
0.05
0.05
0.05
0.05
0.05
0.05
0.05
0.05
0.05
0.05
0.05
0.05
0.05
0.05
0.05
0.05
0.05
0.05
0.05
0.05
0.05
0.05
0.05
0.05
0.05
0.05
0.05
0.05
0.05
0.05
0.05
0.05
0.05
0.05
0.05
0.05
0.05
0.05
0.05
0.05
0.05
0.05
0.05
0.05
0.05
0.05
0.05
0.05
0.05
0.05
0.05
0.05
0.05
0.05
0.05
0.05
0.05
0.05
0.05
0.05
0.05
0.05
0.05
0.05
0.05
0.05
0.05
0.05
0.05
0.05
0.05
0.05
0.05
0.05
0.05
0.05
0.05
0.05
0.05
0.05
0.05
0.05
0.05
0.05
0.05
0.05
0.05
0.05
0.05
0.05
0.05
0.05
0.05
0.05
0.05
0.05
0.05
0.05
0.05
0.05
0.05
0.05
0.05
0.05
0.05
0.05
0.05
0.05
0.05
0.05
0.05
0.05
0.05
0.05
0.05
0.05
0.05
0.05
0.05
0.05
0.05
0.05
0.05
0.05
0.05
0.05
0.05
0.05
0.05
0.05
0.05
0.05
0.05
0.05
0.05
0.05
0.05
0.05
0.05
0.05
0.05
0.05
0.05
0.05
0.05
0.05
0.05
0.05
0.05
0.05
0.05
0.05
0.05
0.05
0.05
0.05
0.05
0.05
0.05
0.05
0.05
0.05
0.05
0.05
0.05
0.05
0.05
0.05
0.05
0.05
0.05
0.05
0.05
0.05
0.05
0.05
0.05
0.05
0.05
0.05
0.05
0.05
0.05
0.05
0.05
0.05
0.05
0.05
0.05
0.05
0.05
0.05
0.05
0.05
0.05
0.05
0.05
0.05
0.05
0.05
0.05
0.05
0.05
0.05
0.05
0.05
0.05
0.05
0.05
0.05
0.05
0.05
0.05
0.05
0.05
0.05
0.05
0.05
0.05
0.05
0.05
0.05
0.05
0.05
0.05
0.05
0.05
0.05
0.05
0.05
0.05
0.05
0.05
0.05
0.05
0.05
0.05
0.05
0.05
0.05
0.05
0.05
0.05
0.05
0.05
0.05
0.05
0.05
0.05
0.05
0.05
0.05
0.05
0.05
0.05
0.05
0.05
0.05
0.05
0.05
0.05
0.05
0.05
0.05
0.05
0.05
0.05
0.05
0.05
0.05
0.05
0.05
0.05
0.05
0.05
0.05
0.05
0.05
0.05
0.05
0.05
0.05
0.05
0.05
0.05
0.05
0.05
0.05
0.05
0.05
0.05
0.05
0.05
0.05
0.05
0.05
0.05
0.05
0.05
0.05
0.05
0.05
0.05
0.05
0.05
0.05
0.05
0.05
0.05
0.05
0.05
0.05
0.05
0.05
0.05
0.05
0.05
0.05
0.05
0.05
0.05
0.05
0.05
0.05
0.05
0.05
0.05
0.05
0.05
0.05
0.05
0.05
0.05
0.05
0.05
0.05
0.05
0.05
0.05
0.05
0.05
0.05
0.05
0.05
0.05
0.05
0.05
0.05
0.05
0.05
0.05
0.05
0.05
0.05
0.05
0.05
0.05
0.05
0.05
0.05
0.05
0.05
0.05
0.05
0.05
0.05
0.05
0.05
0.05
0.05
0.05
0.05
0.05
0.05
0.05
0.05
0.05
0.05
0.05
0.05
0.05
0.05
0.05
0.05
0.05
0.05
0.05
0.05
0.05
0.05
0.05
0.05
0.05
0.05
0.05
0.05
0.05
0.05
0.05
0.05
0.05
0.05
0.05
0.05
0.05
0.05
0.05
0.05
0.05
0.05
0.05
0.05
0.05
0.05
0.05
0.05
0.05
0.05
0.05
0.05
0.05
0.05
0.05
0.05
0.05
0.05
0.05
0.05
0.05
0.05
0.05
0.05
0.05
0.05
0.05
0.05
0.05
0.05
0.05
0.05
0.05
0.05
0.05
0.05
0.05
0.05
0.05
0.05
0.05
0.05
0.05
0.05
0.05
0.05
0.05
0.05
0.05
0.05
0.05
0.05
0.05
0.05
0.05
0.05
0.05
0.05
0.05
0.05
0.05
0.05
0.05
0.05
0.05
0.05
0.05
0.05
0.05
0.05
0.05
0.05
0.05
0.05
0.05
0.05
0.05
0.05
0.05
0.05
0.05
0.05
0.05
0.05
0.05
0.05
0.05
0.05
0.05
0.05
0.05
0.05
0.05
0.05
0.05
0.05
0.05
0.05
0.05
0.05
0.05
0.05
0.05
0.05
0.05
0.05
0.05
0.05
0.05
0.05
0.05
0.05
0.05
0.05
0.05
0.05
0.05
0.05
0.05
0.05
0.05
0.05
0.05
0.05
0.05
0.05
0.05
0.05
0.05
0.05
0.05
0.05
0.05
0.05
0.05
0.05
0.05
0.05
0.05
0.05
0.05
0.05
0.05
0.05
0.05
0.05
0.05
0.05
0.05
0.05
0.05
0.05
0.05
0.05
0.05
0.05
0.05
0.05
0.05
0.05
0.05
0.05
0.05
0.05
0.05
0.05
0.05
0.05
0.05
0.05
0.05
0.05
0.05
0.05
0.05
0.05
0.05
0.05
0.05
0.05
0.05
0.05
0.05
0.05
0.05
0.05
0.05
0.05
0.05
0.05
0.05
0.05
0.05
0.05
0.05
0.05
0.05
0.05
0.05
0.05
0.05
0.05
0.05
0.05
0.05
0.05
0.05
0.05
0.05
0.05
0.05
0.05
0.05
0.05
0.05
0.05
0.05
0.05
0.05
0.05
0.05
0.05
0.05
0.05
0.05
0.05
0.05
0.05
0.05
0.05
0.05
0.05
777777