1.14498
999999
0.112627
0.146836
0.0393837
-0.195759
-0.0665131
0.101941
0.123025
0.00432337
-0.115403
0.198349
-0.197593
0.0533887
0.134976
0.0924934
-0.145027
-0.0807703
-0.126068
-0.173112
-0.179699
0.0212364
-0.0202243
0.151699
0.0587199
-0.00253722
0.00875987
-0.0699127
0.0540561
-0.126124
0.193163
0.136718
-0.164116
-0.114729
0.134675
0.00286028
-0.148141
0.0842827
0.0121248
-0.176531
0.132116
-0.169614
0.012195
0.0599785
0.0936851
-0.0195455
-0.0250456
0.155398
0.0873734
0.156527
-0.0509125
-0.108942
-0.0152809
0.0708083
0.087233
-0.176968
-0.0187911
0.195518
-0.0992889
-0.197066
0.149721
-0.024743
0.0754911
0.0775628
0.0515491
0.1467
0.0329192
0.066245
0.0977987
0.10839
0.103954
0.00562432
-0.0845961
0.155278
0.0381477
0.196309
-0.103251
-0.106382
0.0987361
-0.118679
0.0568781
0.161567
-0.16725
-0.0554727
0.055791
-0.199507
-0.0277901
0.028374
0.106574
-0.143866
-0.168497
-0.0592674
0.114355
-0.0222048
-0.165903
0.196935
-0.00531551
0.0216888
0.056736
-0.134786
-0.150978
0.117043
0.0410953
-0.140663
0.0902765
0.101302
0.110357
0.182175
-0.197592
0.189907
0.128936
0.0116296
0.0570102
0.136765
0.0887239
0.10723
-0.072263
-0.00252777
0.0119874
0.162195
0.0758635
0.0383471
-0.0663302
0.0898823
0.0545799
-0.153874
-0.0965334
0.095439
0.145685
0.0470861
-0.139597
-0.131385
0.0696475
-0.0952386
-0.00142052
0.0736519
-0.0492188
0.0933392
0.0760489
0.0542515
0.125138
-0.114731
0.0229903
-0.0901749
-0.171831
0.104572
-0.0297294
0.149482
0.0201538
0.0397321
-0.0513029
0.0683317
0.158214
0.0768546
0.00140635
0.0437063
-0.145168
0.0352883
0.154204
-0.123895
-0.109079
-0.0862158
-0.0507436
0.0362077
-0.179339
-0.0623869
0.0859184
0.0133854
0.120459
-0.18552
-0.021195
0.174207
0.153288
-0.130848
0.10769
-0.0773181
-0.102738
-0.0146172
0.0446944
-0.00199314
-0.152691
0.025897
-0.117101
0.0418525
0.100794
0.070064
-0.188293
0.145687
-0.129513
0.0456438
0.00768107
0.0995869
-0.143848
-0.173013
0.0634071
0.0217823
0.188346
-0.0454567
0.182601
0.0602809
0.0562658
-0.103474
-0.127629
0.0456413
0.197259
0.113802
0.0740688
-0.076798
0.0113057
-0.130954
0.148264
-0.0966356
0.17347
0.0284847
0.0981888
-0.0818634
-0.030651
-0.0202249
0.112758
0.0226443
-0.0330753
0.0649893
0.104471
0.195508
-0.160011
-0.0329632
-0.197737
0.142687
-0.0600137
-0.0237472
0.191327
0.10199
-0.0423334
0.0217355
-0.0786191
-0.0722994
-0.161021
0.128379
0.0483749
-0.0812955
0.0986374
-0.117732
0.012067
0.0863159
-0.195072
-0.0835339
0.169178
-0.12914
-0.142545
0.0814946
-0.0978585
-0.156061
0.00344342
-0.168212
-0.036523
0.192481
0.109087
-0.0526315
-0.196303
0.0213031
-0.00416082
-0.127056
0.167668
0.0686218
0.13229
-0.105252
0.188234
-0.170825
-0.0800437
-0.0904633
0.0779261
0.176276
-0.165713
-0.0868962
0.0545886
0.111904
0.11312
-0.179618
-0.1453
-0.0752693
-0.0399232
0.0255887
0.073381
0.0393577
0.0450159
-0.0407909
-0.097339
0.0321544
-0.0586872
0.182649
-0.146741
0.00689255
-0.057703
0.0617518
-0.0517128
0.0224503
0.0530423
-0.0683002
-0.0653156
-0.0362465
-0.0906188
0.108098
0.056861
-0.0168396
-0.101256
0.0224381
0.176841
0.0393123
-0.129804
0.125782
-0.00749804
0.184794
0.167065
0.129959
-0.0264935
-0.130935
0.0169779
-0.00240791
-0.096987
0.0120623
-0.183358
0.107506
0.166701
-0.0960412
-0.0829384
-0.0225694
-0.172958
0.177897
-0.0470267
-0.159559
-0.107338
0.0590529
-0.0545486
-0.0639998
0.0986016
0.0812015
-0.0873297
0.0980582
-0.171225
0.0909812
-0.179715
0.175686
-0.0192707
-0.184953
0.0179287
-0.0639592
0.0845917
-0.00368023
-0.036265
-0.00508279
0.144942
-0.00954835
0.145616
0.0470737
0.0101694
-0.0590363
-0.0624598
0.0193526
-0.0766448
0.161208
0.0340501
0.0100851
0.140545
-0.105257
0.155901
0.147435
0.0405608
-0.106906
0.161596
0.111538
0.175119
0.183319
-0.011044
0.024685
0.098484
-0.107441
0.0330396
-0.145741
-0.0641321
0.157017
-0.120501
0.134854
-0.144911
0.0621067
-0.0323803
-0.0812413
-0.0257743
0.183055
-0.125856
-0.0994145
0.167093
-0.0679402
0.0992759
0.15217
0.100389
0.118386
0.0660043
-0.156625
0.176688
-0.139711
-0.198901
0.0956655
-0.00865192
0.107825
0.108496
-0.086143
-0.0110839
0.105943
-0.000816003
-0.179989
0.12114
0.0193518
-0.0329876
-0.00034376
0.0188923
-0.120159
-0.10549
-0.176048
0.188633
-0.0234785
0.153209
0.034032
0.0774584
0.189487
-0.137628
0.165585
0.17086
0.0955514
0.103411
0.175199
-0.0219252
0.0411246
0.0760153
-0.00277797
-0.154878
0.111962
-0.162942
0.0232239
0.0368585
0.0845153
-0.188431
0.0681043
-0.0705484
-0.0711934
0.161186
-0.0282407
0.185595
0.0802623
0.14789
0.0560127
-0.0926363
-0.152325
0.0430305
-0.102082
0.095359
-0.199299
-0.189567
0.00999108
-0.168432
-0.199017
-0.169725
-0.00366677
0.108865
0.0800468
0.0401903
0.179951
0.0640424
-0.0757012
-0.18015
-0.0952588
-0.193856
-0.0212376
0.127904
-0.131929
0.0579785
-0.151323
-0.071786
-0.0919238
0.00845787
-0.00493867
-0.0857665
0.0202371
0.097747
0.0416319
0.00883388
0.0802499
0.0613416
0.132951
0.0454825
0.0038473
0.170676
-0.026216
-0.0880963
0.104475
0.0592666
0.197624
-0.043853
-0.172944
-0.0343046
0.144161
0.06943
0.0645469
0.17948
-0.0253703
-0.145193
0.178137
0.072379
-0.0400337
0.114677
0.100981
-0.0244419
-0.115714
-0.111276
0.0167427
0.141013
0.130964
0.0696022
-0.195795
0.0111518
0.146699
-0.189433
0.00443356
-0.186385
0.0439966
0.170763
0.0740623
-0.0187962
-0.166153
0.132914
-0.195817
0.0355608
0.0687444
0.115033
-0.113013
0.162519
0.0509236
0.0353337
0.0267489
-0.190442
-0.195095
0.0421928
0.192582
0.176108
0.160964
0.0178786
0.17274
-0.0688097
-0.151828
-0.189645
0.141563
-0.158645
0.125671
0.0218779
-0.0617307
0.169607
0.137097
-0.0386736
-0.14967
-0.00775857
-0.124861
0.0788787
0.181218
0.0731589
-0.0663168
-0.113768
-0.0644737
0.142837
-0.114242
-0.199028
-0.0809507
-0.126936
0.0234438
-0.091778
0.14578
-0.0386476
0.0859042
0.136987
-0.103745
0.130057
0.171848
-0.167293
0.0498047
0.0763585
0.0924977
-0.159082
-0.125036
0.160483
0.0945574
-0.0664507
-0.00625916
0.0497848
-0.0628652
-0.188675
-0.0931672
0.116042
0.135483
0.190935
0.028993
0.180613
-0.131753
-0.139496
0.0752295
-0.191609
0.00345665
0.0923801
-0.151316
-0.120779
-0.109383
-0.138947
-0.134158
0.107993
-0.0309832
-0.146269
-0.0305611
-0.189813
-0.0262532
-0.0899239
0.0479997
0.022696
-0.0909691
-0.126419
-0.112995
-0.146552
-0.10743
0.116295
0.142263
-0.0994564
-0.191872
0.113398
0.116561
-0.0669106
0.140211
0.0295819
0.157655
0.0270953
-0.123189
0.0348336
0.0942219
0.0435234
-0.0771764
-0.104673
0.143601
0.0325269
0.180898
0.0340166
-0.0852546
0.102784
-0.172479
-0.0158664
0.0895223
0.178823
0.0910511
0.0953893
0.174225
-0.144989
-0.00121847
-0.195148
-0.122876
-0.195044
-0.0259749
-0.143454
-0.189345
0.0702933
-0.107789
-0.180172
0.0902903
0.0772264
-0.0614485
-0.0996237
-0.0231895
-0.0492464
0.0178384
-0.0151562
-0.14096
0.165737
0.0722445
0.0539979
0.0763887
-0.123649
-0.0206604
0.114986
-0.0982891
0.0814057
-0.174907
-0.141053
-0.0588772
0.0308234
0.1661
-0.0616501
-0.0495817
0.108418
-0.0936343
-0.0446981
0.0475909
0.00465063
0.0252562
-0.131386
0.031301
-0.147931
0.0578571
-0.0474716
-0.109636
0.124925
-0.0738698
-0.0732486
0.0324729
0.174601
0.0713579
0.0733872
0.112814
-0.0721638
0.132089
-0.0907503
0.0566634
0.107021
0.0871519
0.0252542
0.0456088
-0.190671
0.13326
-0.0364851
0.0838977
0.130572
-0.125198
-0.113484
-0.131013
-0.161372
0.178795
0.012496
-0.173496
0.0328218
-0.173897
-0.110144
-0.127432
0.121246
-0.12562
-0.0685029
-0.152623
0.0420388
0.190487
0.151691
0.0285876
0.122989
0.174366
0.194798
-0.0204393
0.164747
-0.176351
0.149855
0.0436896
-0.073957
0.0614795
-0.055972
-0.0144459
0.000112306
-0.0076393
-0.194669
0.0973425
-0.00952208
-0.0546234
-0.024647
-0.0555305
-0.0708841
0.119195
0.0718312
-0.0019486
0.147825
0.137415
-0.0518876
-0.18187
-0.0510502
-0.0391664
-0.123137
0.103884
0.140649
0.132182
0.0374799
0.166773
0.0580862
-0.181269
-0.0665838
0.175859
0.0697064
-0.0896137
0.178247
-0.140901
0.149073
0.100764
-0.040905
-0.129047
0.044646
-0.00637207
0.022339
-0.112353
-0.0847243
0.000482528
-0.0581117
-0.125142
0.155463
-0.100742
0.0867719
0.114613
0.0425619
-0.120068
0.193919
-0.19249
0.0279975
-0.150423
0.15747
-0.119549
-0.149589
-0.0811998
-0.122033
0.147936
0.130944
0.186339
0.00218652
-0.177927
0.117532
-0.172812
-0.0995774
0.166959
-0.0655603
0.000916844
-0.0402883
-0.084261
0.155794
-0.170871
-0.192733
-0.196215
-0.186913
-0.13193
0.0704693
-0.109726
-0.0309442
-0.128962
-0.166823
-0.183101
0.14851
0.168827
0.136661
-0.0537906
0.188587
-0.118132
-0.02752
-0.108185
-0.103487
-0.136136
-0.0106818
0.00410124
0.0464842
0.155379
-0.0706917
-0.0222285
-0.0448119
0.104016
0.141385
-0.171404
0.0741844
0.0817337
-0.0737336
-0.189307
0.190776
0.13969
-0.146225
-0.0584811
0.0129827
-0.0323375
-0.0235242
-0.0113628
-0.0353262
0.116694
-0.0428987
-0.157033
-0.0934175
-0.0532232
-0.11131
-0.0803306
0.0997459
0.138142
-0.098091
-0.0444025
0.118719
0.0724232
0.170686
0.0599109
-0.052785
0.0625871
-0.179114
-0.0976629
0.0660284
-0.0985736
-0.110889
0.0829413
-0.0103567
-0.0316125
-0.131674
0.167317
-0.049881
0.119118
-0.118728
0.0527301
0.114834
0.112569
-0.143294
0.0911788
-0.169859
-0.0962179
-0.189228
-0.00331257
0.161411
0.0331288
0.161517
-0.198591
0.185855
-0.0331633
0.0146493
-0.0807275
0.0118352
0.0309985
0.190349
-0.129434
-0.0903029
-0.144568
0.0927651
0.00553313
-0.148708
0.0983885
0.0642136
-0.0676373
0.163307
-0.147459
-0.152595
0.143584
-0.0685529
0.107968
0.0419612
-0.0525488
-0.0860702
-0.129505
0.00109986
-0.0451437
0.0886396
-0.0386709
0.1917
0.0755924
-0.122031
0.0976952
-0.118323
0.088567
0.0772915
-0.0941202
-0.0141304
0.00287024
-0.16131
-0.0515299
0.00214105
0.0244302
0.0821276
0.0742745
-0.0688163
-0.117535
-0.0656545
-0.0128699
-0.162264
-0.0272219
-0.0833737
-0.197487
-0.107501
0.0894662
0.02076
-0.00712098
0.0172336
-0.170639
0.0287373
0.103418
0.000643559
0.128933
-0.141641
-0.0488803
0.0446955
0.136881
0.0197835
0.0115699
-0.023119
0.0672449
-0.0612044
-0.00259262
0.146467
0.00605759
-0.00979829
-0.0319924
-0.103492
-0.0692294
-0.130556
0.0194865
0.104128
0.115297
-0.159127
0.0890659
0.0151825
-0.173293
-0.116529
-0.0491404
0.138232
0.0323681
-0.0858733
0.170382
0.00106849
-0.139719
-0.1027
-0.199774
-0.117672
0.181711
-0.0963641
0.156523
-0.017575
0.186743
-0.0629654
0.00673698
-0.176585
-0.00159223
-0.0573774
-0.174865
-0.101254
-0.19079
-0.0526713
-0.156876
0.101248
-0.143431
0.148038
-0.165651
0.128744
-0.186386
-0.0419137
-0.0348697
-0.093707
0.145617
0.105337
-0.163539
0.0988379
-0.0544461
-0.0178342
0.132932
0.0761058
0.0107104
-0.178104
-0.112038
0.149683
-0.0240562
-0.0413919
-0.149049
0.197942
0.174163
0.0224324
-0.118581
0.0320064
0.103824
0.0932749
0.0535634
-0.197947
0.0789537
0.158534
-0.0094922
-0.115906
-0.1816
-0.0286705
-0.159997
-0.0916983
-0.0434447
0.162073
-0.137071
-0.152178
0.0854936
-0.038985
-0.00213526
-0.0958727
-0.0330036
-0.0644943
0.132872
-0.0763952
-0.11703
-0.0981136
0.0840613
0.0480532
-0.0268081
-0.100737
0.0948822
0.177752
0.0927991
0.129045
0.132878
0.167721
-0.114474
0.18981
-0.104479
-0.00448823
0.122619
0.144173
-0.114785
0.128417
0.0589655
-0.0793745
-0.0523225
-0.0810928
0.105223
0.0926702
0.0381572
-0.17453
-0.16759
0.161572
0.0679613
-0.0174638
0.125532
0.19973
0.129148
0.156241
-0.177395
-0.0450083
0.0132105
0.0695688
-0.173887
0.113109
-0.0453277
-0.155435
0.167182
0.120141
0.0302114
-0.157672
0.198068
0.115169
0.0288039
0.193087
0.148144
-0.0269366
0.130064
-0.0173888
-0.136002
-0.0768623
-0.101566
-0.153214
0.114107
-0.135258
-0.0532516
0.126804
-0.188689
0.063312
-0.0563712
-0.194888
0.160743
-0.0589695
0.0659303
0.139056
0.0571922
-0.120918
-0.100601
-0.18304
-0.157307
0.030467
-0.083861
-0.0261377
-0.12003
0.00889147
-0.0262117
0.106416
-0.0956776
0.142224
-0.0407099
0.132424
-0.117927
-0.107705
-0.029691
-0.0546917
0.068858
-0.0361011
0.156517
0.140128
0.111599
-0.0330355
0.107462
-0.143474
-0.095253
0.125481
-0.108434
0.0855491
0.164728
-0.064455
-0.0409979
-0.0367254
-0.182178
-0.0120922
0.0457192
0.151238
0.134073
-0.0652742
-0.0723734
-0.197122
0.00549308
0.122724
0.115315
-0.135909
-0.111351
0.0506818
0.0578893
-0.164358
0.0105965
-0.0271788
-0.151845
0.199718
0.0774225
-0.160674
0.115275
-0.0923796
-0.026374
0.0667929
-0.0508775
0.198037
0.143868
-0.144375
0.114555
0.141276
0.0815946
-0.0790103
-0.146505
-0.0132741
-0.0103213
-0.170584
-0.134537
-0.104397
0.0918125
-0.186255
0.162942
-0.101201
0.188529
0.0617986
-0.167383
-0.0688721
-0.0140648
-0.0131805
-0.107183
-0.0099906
0.0779107
0.180123
-0.138485
0.137272
0.0262409
-0.0792782
-0.103541
0.177625
0.00777269
-0.162504
0.132512
0.0521904
-0.102505
-0.0184989
-0.00398422
-0.020241
-0.01944
0.182291
-0.0232415
0.0375624
-0.0606312
0.0498094
-0.0312417
-0.0307248
0.0563263
0.110253
-0.112946
-0.192412
-0.136234
0.0592789
-0.103577
-0.0750631
-0.134639
0.0851698
-0.0228035
-0.106325
0.0570044
0.140606
-0.0734623
-0.0240752
-0.0226091
-0.14919
0.187182
0.0203543
-0.0784824
-0.17751
-0.049831
0.0842866
-0.0686984
0.134893
0.0978646
-0.129713
0.0189169
-0.0747411
0.046827
0.0978341
-0.0982002
-0.0421344
0.113906
0.00201068
-0.0786323
-0.12993
0.0212419
0.0832006
0.0842564
0.168112
0.126939
0.122151
0.196922
0.133383
0.0914186
-0.111093
-0.0969121
0.0605561
-0.123908
-0.0893429
-0.112919
0.00535809
0.0568103
-0.16186
0.191025
0.174155
-0.0816818
0.111906
-0.00991021
-0.0700968
0.136792
-0.0107371
-0.0557852
-0.109264
0.137438
-0.197549
0.170334
-0.0375339
0.198994
-0.101429
0.152585
0.187757
-0.0928327
-0.0767018
0.0745632
0.114367
0.0658174
-0.025192
0.166071
0.19301
-0.189571
-0.03884
0.198255
-0.019722
0.0978951
0.141959
0.0761702
-0.177255
-0.198494
-0.144906
0.166399
-0.019397
-0.0932909
0.088492
-0.115913
-0.054159
0.17736
0.144327
0.132587
0.117083
0.0870528
0.0611975
-0.0392011
-0.0781221
-0.121286
0.0914772
0.0122631
-0.147417
0.118536
-0.196104
0.0614538
-0.107205
0.0179432
0.0911252
0.0344107
0.170466
-0.15486
0.124143
0.177859
0.0667933
-0.163064
-0.00796881
-0.0450195
0.119478
-0.174647
-0.00144414
0.0983084
0.108597
0.0943694
0.0655806
0.0521977
0.196593
-0.118933
0.0575646
0.147001
-0.0896206
-0.0221632
-0.177285
0.189653
-0.104972
-0.163376
-0.103304
-0.154357
0.189598
0.111689
-0.0733827
0.023884
-0.176338
-0.18307
-0.0161383
-0.0358797
-0.0399048
0.0443248
-0.0374432
0.158878
-0.0172681
0.0654277
0.14504
-0.1995
0.105868
-0.0991406
-0.0582238
0.182286
0.168501
-0.145521
0.0313854
-0.163158
0.00633193
0.0234424
-0.0529556
0.140135
-0.0014029
0.105176
-0.0450535
-0.148573
0.117881
-0.180887
0.122279
0.089505
-0.0162059
0.0678837
0.00912989
-0.10728
0.0844941
-0.180111
0.107584
-0.107543
-0.0789769
-0.0756374
0.178771
0.159274
-0.0779563
0.106299
-0.188533
0.0105711
-0.113614
-0.0608105
0.103846
-0.198944
0.0256036
-0.116071
0.0921668
0.0778807
0.0361773
0.0407494
-0.180107
-0.09576
0.0579522
0.167141
0.183047
0.17756
-0.0299793
-0.0433191
0.102841
-0.192078
0.114466
0.139364
0.142483
-0.0236931
0.048958
0.19036
-0.113276
-0.164712
0.182492
0.00915278
-0.0183915
-0.15696
-0.151076
-0.0883977
0.14186
-0.152918
-0.0328954
-0.199428
0.134637
-0.0455564
0.160026
-0.0811367
0.110048
-0.141133
0.124923
-0.143312
-0.0469617
0.0474363
-0.180043
-0.134732
-0.0569698
-0.0175201
-0.0587533
-0.0189058
-0.142638
0.055729
-0.179759
-0.185301
-0.0081437
-0.050178
-0.0839903
-0.0412178
0.0189918
-0.113807
-0.140889
0.0148673
0.145041
0.0206861
-0.109207
0.0124447
-0.182784
0.0503743
-0.0804648
-0.0334347
0.136325
0.0321128
0.0417847
0.0818194
0.0875515
-0.115929
0.148881
-0.0473651
-0.0886245
-0.0682762
0.0673093
-0.108619
0.163712
0.18141
0.0116575
-0.0367781
-0.119152
-0.151321
0.182583
0.15331
-0.119164
-0.151187
0.0209169
0.0189731
0.0356964
0.0703603
-0.173279
0.0905708
-0.0423892
0.116938
-0.0572338
-0.129945
-0.013563
-0.186637
-0.178822
0.194331
-0.0551035
0.120311
0.1838
0.103031
-0.0792056
-0.03032
-0.00344789
0.108068
-0.135295
-0.152161
-0.177348
0.0266156
0.101914
-0.000530381
0.12647
-0.0724711
-0.0965963
0.162199
-0.0400334
0.0804283
0.149735
0.180454
0.022969
0.0611938
-0.0291717
-0.0448063
0.12796
-0.0528638
-0.169192
0.0965572
0.18514
0.00853174
-0.120393
-0.174695
0.173164
0.0327481
0.000380441
-0.071652
-0.071446
-0.136202
-0.154474
-0.116111
0.0691697
0.0137993
0.104437
-0.185074
0.142668
0.112326
-0.114701
0.0504255
0.198186
-0.128774
0.0281812
-0.145392
0.0727425
0.157397
-0.0267726
0.162849
0.028015
-0.00526617
0.057441
0.164137
0.0778388
-0.0696984
0.0353254
0.0637891
-0.180095
0.0132977
0.041762
0.0683603
0.165559
0.0271852
0.110755
0.157586
0.0952513
0.0462194
-0.0245635
-0.17984
-0.00517212
0.0104215
-0.0206731
-0.0254475
0.0279741
0.0408059
-0.12414
-0.139745
-0.0383992
0.117413
0.139713
0.107472
-0.113306
-0.103851
0.0796862
-0.0467413
-0.0483831
0.181354
-0.165997
0.0380421
-0.00428041
-0.0138806
-0.141933
-0.142834
0.0196027
0.159983
0.19844
-0.0961778
-0.0158953
0.183135
0.0753054
-0.123464
0.185927
-0.029174
-0.0416288
0.144376
0.114478
0.00434278
-0.100289
-0.10911
-0.133862
0.181581
888888
-0.000720169
-0.184486
0.0811421
0.173386
0.114379
0.166454
-0.109353
0.000784117
0.139594
0.116848
0.111811
-0.0295189
-0.0519334
0.0708394
0.180961
-0.0804377
-0.146455
0.0530232
-0.0597357
0.110103
0.132054
0.102005
0.0952298
0.0108513
-0.0671521
0.0939988
0.191751
-0.0708489
-0.079213
-0.189147
0.0114373
0.0875698
0.05
0.05
0.05
0.05
0.05
0.05
0.05
0.05
0.05
0.05
0.05
0.05
0.05
0.05
0.05
0.05
0.05
0.05
0.05
0.05
0.05
0.05
0.05
0.05
0.05
0.05
0.05
0.05
0.05
0.05
0.05
0.05
0.05
0.05
0.05
0.05
0.05
0.05
0.05
0.05
0.05
0.05
0.05
0.05
0.05
0.05
0.05
0.05
0.05
0.05
0.05
0.05
0.05
0.05
0.05
0.05
0.05
0.05
0.05
0.05
0.05
0.05
0.05
0.05
0.05
0.05
0.05
0.05
0.05
0.05
0.05
0.05
0.05
0.05
0.05
0.05
0.05
0.05
0.05
0.05
0.05
0.05
0.05
0.05
0.05
0.05
0.05
0.05
0.05
0.05
0.05
0.05
0.05
0.05
0.05
0.05
0.05
0.05
0.05
0.05
0.05
0.05
0.05
0.05
0.05
0.05
0.05
0.05
0.05
0.05
0.05
0.05
0.05
0.05
0.05
0.05
0.05
0.05
0.05
0.05
0.05
0.05
0.05
0.05
0.05
0.05
0.05
0.05
0.05
0.05
0.05
0.05
0.05
0.05
0.05
0.05
0.05
0.05
0.05
0.05
0.05
0.05
0.05
0.05
0.05
0.05
0.05
0.05
0.05
0.05
0.05
0.05
0.05
0.05
0.05
0.05
0.05
0.05
0.05
0.05
0.05
0.05
0.05
0.05
0.05
0.05
0.05
0.05
0.05
0.05
0.05
0.05
0.05
0.05
0.05
0.05
0.05
0.05
0.05
0.05
0.05
0.05
0.05
0.05
0.05
0.05
0.05
0.05
0.05
0.05
0.05
0.05
0.05
0.05
0.05
0.05
0.05
0.05
0.05
0.05
0.05
0.05
0.05
0.05
0.05
0.05
0.05
0.05
0.05
0.05
0.05
0.05
0.05
0.05
0.05
0.05
0.05
0.05
0.05
0.05
0.05
0.05
0.05
0.05
0.05
0.05
0.05
0.05
0.05
0.05
0.05
0.05
0.05
0.05
0.05
0.05
0.05
0.05
0.05
0.05
0.05
0.05
0.05
0.05
0.05
0.05
0.05
0.05
0.05
0.05
0.05
0.05
0.05
0.05
0.05
0.05
0.05
0.05
0.05
0.05
0.05
0.05
0.05
0.05
0.05
0.05
0.05
0.05
0.05
0.05
0.05
0.05
0.05
0.05
0.05
0.05
0.05
0.05
0.05
0.05
0.05
0.05
0.05
0.05
0.05
0.05
0.05
0.05
0.05
0.05
0.05
0.05
0.05
0.05
0.05
0.05
0.05
0.05
0.05
0.05
0.05
0.05
0.05
0.05
0.05
0.05
0.05
0.05
0.05
0.05
0.05
0.05
0.05
0.05
0.05
0.05
0.05
0.05
0.05
0.05
0.05
0.05
0.05
0.05
0.05
0.05
0.05
0.05
0.05
0.05
0.05
0.05
0.05
0.05
0.05
0.05
0.05
0.05
0.05
0.05
0.05
0.05
0.05
0.05
0.05
0.05
0.05
0.05
0.05
0.05
0.05
0.05
0.05
0.05
0.05
0.05
0.05
0.05
0.05
0.05
0.05
0.05
0.05
0.05
0.05
0.05
0.05
0.05
0.05
0.05
0.05
0.05
0.05
0.05
0.05
0.05
0.05
0.05
0.05
0.05
0.05
0.05
0.05
0.05
0.05
0.05
0.05
0.05
0.05
0.05
0.05
0.05
0.05
0.05
0.05
0.05
0.05
0.05
0.05
0.05
0.05
0.05
0.05
0.05
0.05
0.05
0.05
0.05
0.05
0.05
0.05
0.05
0.05
0.05
0.05
0.05
0.05
0.05
0.05
0.05
0.05
0.05
0.05
0.05
0.05
0.05
0.05
0.05
0.05
0.05
0.05
0.05
0.05
0.05
0.05
0.05
0.05
0.05
0.05
0.05
0.05
0.05
0.05
0.05
0.05
0.05
0.05
0.05
0.05
0.05
0.05
0.05
0.05
0.05
0.05
0.05
0.05
0.05
0.05
0.05
0.05
0.05
0.05
0.05
0.05
0.05
0.05
0.05
0.05
0.05
0.05
0.05
0.05
0.05
0.05
0.05
0.05
0.05
0.05
0.05
0.05
0.05
0.05
0.05
0.05
0.05
0.05
0.05
0.05
0.05
0.05
0.05
0.05
0.05
0.05
0.05
0.05
0.05
0.05
0.05
0.05
0.05
0.05
0.05
0.05
0.05
0.05
0.05
0.05
0.05
0.05
0.05
0.05
0.05
0.05
0.05
0.05
0.05
0.05
0.05
0.05
0.05
0.05
0.05
0.05
0.05
0.05
0.05
0.05
0.05
0.05
0.05
0.05
0.05
0.05
0.05
0.05
0.05
0.05
0.05
0.05
0.05
0.05
0.05
0.05
0.05
0.05
0.05
0.05
0.05
0.05
0.05
0.05
0.05
0.05
0.05
0.05
0.05
0.05
0.05
0.05
0.05
0.05
0.05
0.05
0.05
0.05
0.05
0.05
0.05
0.05
0.05
0.05
0.05
0.05
0.05
0.05
0.05
0.05
0.05
0.05
0.05
0.05
0.05
0.05
0.05
0.05
0.05
0.05
0.05
0.05
0.05
0.05
0.05
0.05
0.05
0.05
0.05
0.05
0.05
0.05
0.05
0.05
0.05
0.05
0.05
0.05
0.05
0.05
0.05
0.05
0.05
0.05
0.05
0.05
0.05
0.05
0.05
0.05
0.05
0.05
0.05
0.05
0.05
0.05
0.05
0.05
0.05
0.05
0.05
0.05
0.05
0.05
0.05
0.05
0.05
0.05
0.05
0.05
0.05
0.05
0.05
0.05
0.05
0.05
0.05
0.05
0.05
0.05
0.05
0.05
0.05
0.05
0.05
0.05
0.05
0.05
0.05
0.05
0.05
0.05
0.05
0.05
0.05
0.05
0.05
0.05
0.05
0.05
0.05
0.05
0.05
0.05
0.05
0.05
0.05
0.05
0.05
0.05
0.05
0.05
0.05
0.05
0.05
0.05
0.05
0.05
0.05
0.05
0.05
0.05
0.05
0.05
0.05
0.05
0.05
0.05
0.05
0.05
0.05
0.05
0.05
0.05
0.05
0.05
0.05
0.05
0.05
0.05
0.05
0.05
0.05
0.05
0.05
0.05
0.05
0.05
0.05
0.05
0.05
0.05
0.05
0.05
0.05
0.05
0.05
0.05
0.05
0.05
0.05
0.05
0.05
0.05
0.05
0.05
0.05
0.05
0.05
0.05
0.05
0.05
0.05
0.05
0.05
0.05
0.05
0.05
0.05
0.05
0.05
0.05
0.05
0.05
0.05
0.05
0.05
0.05
0.05
0.05
0.05
0.05
0.05
0.05
0.05
0.05
0.05
0.05
0.05
0.05
0.05
0.05
0.05
0.05
0.05
0.05
0.05
0.05
0.05
0.05
0.05
0.05
0.05
0.05
0.05
0.05
0.05
0.05
0.05
0.05
0.05
0.05
0.05
0.05
0.05
0.05
0.05
0.05
0.05
0.05
0.05
0.05
0.05
0.05
0.05
0.05
0.05
0.05
0.05
0.05
0.05
0.05
0.05
0.05
0.05
0.05
0.05
0.05
0.05
0.05
0.05
0.05
0.05
0.05
0.05
0.05
0.05
0.05
0.05
0.05
0.05
0.05
0.05
0.05
0.05
0.05
0.05
0.05
0.05
0.05
0.05
0.05
0.05
0.05
0.05
0.05
0.05
0.05
0.05
0.05
0.05
0.05
0.05
0.05
0.05
0.05
0.05
0.05
0.05
0.05
0.05
0.05
0.05
0.05
0.05
0.05
0.05
0.05
0.05
0.05
0.05
0.05
0.05
0.05
0.05
0.05
0.05
0.05
0.05
0.05
0.05
0.05
0.05
0.05
0.05
0.05
0.05
0.05
0.05
0.05
0.05
0.05
0.05
0.05
0.05
0.05
0.05
0.05
0.05
0.05
0.05
0.05
0.05
0.05
0.05
0.05
0.05
0.05
0.05
0.05
0.05
0.05
0.05
0.05
0.05
0.05
0.05
0.05
0.05
0.05
0.05
0.05
0.05
0.05
0.05
0.05
0.05
0.05
0.05
0.05
0.05
0.05
0.05
0.05
0.05
0.05
0.05
0.05
0.05
0.05
0.05
0.05
0.05
0.05
0.05
0.05
0.05
0.05
0.05
0.05
0.05
0.05
0.05
0.05
0.05
0.05
0.05
0.05
0.05
0.05
0.05
0.05
0.05
0.05
0.05
0.05
0.05
0.05
0.05
0.05
0.05
0.05
0.05
0.05
0.05
0.05
0.05
0.05
0.05
0.05
0.05
0.05
0.05
0.05
0.05
0.05
0.05
0.05
0.05
0.05
0.05
0.05
0.05
0.05
0.05
0.05
0.05
0.05
0.05
0.05
0.05
0.05
0.05
0.05
0.05
0.05
0.05
0.05
0.05
0.05
0.05
0.05
0.05
0.05
0.05
0.05
0.05
0.05
0.05
0.05
0.05
0.05
0.05
0.05
0.05
0.05
0.05
0.05
0.05
0.05
0.05
0.05
0.05
0.05
0.05
0.05
0.05
0.05
0.05
0.05
0.05
0.05
0.05
0.05
0.05
0.05
0.05
0.05
0.05
0.05
0.05
0.05
0.05
0.05
0.05
0.05
0.05
0.05
0.05
0.05
0.05
0.05
0.05
0.05
0.05
0.05
0.05
0.05
0.05
0.05
0.05
0.05
0.05
0.05
0.05
0.05
0.05
0.05
0.05
0.05
0.05
0.05
0.05
0.05
0.05
0.05
0.05
0.05
0.05
0.05
0.05
0.05
0.05
0.05
0.05
0.05
0.05
0.05
0.05
0.05
0.05
0.05
0.05
0.05
0.05
0.05
0.05
0.05
0.05
0.05
0.05
0.05
0.05
0.05
0.05
0.05
0.05
0.05
0.05
0.05
0.05
0.05
0.05
0.05
0.05
0.05
0.05
0.05
0.05
0.05
0.05
0.05
0.05
0.05
0.05
0.05
0.05
0.05
0.05
0.05
0.05
0.05
0.05
0.05
0.05
0.05
0.05
0.05
0.05
0.05
0.05
0.05
0.05
0.05
0.05
0.05
0.05
0.05
0.05
0.05
0.05
0.05
0.05
0.05
0.05
0.05
0.05
0.05
0.05
0.05
0.05
0.05
0.05
0.05
0.05
0.05
0.05
0.05
0.05
0.05
0.05
0.05
0.05
0.05
0.05
0.05
0.05
0.05
0.05
0.05
0.05
0.05
0.05
0.05
0.05
0.05
0.05
0.05
0.05
0.05
0.05
0.05
0.05
0.05
0.05
0.05
0.05
0.05
0.05
0.05
0.05
0.05
0.05
0.05
0.05
0.05
0.05
0.05
0.05
0.05
0.05
0.05
0.05
0.05
0.05
0.05
0.05
0.05
0.05
0.05
0.05
0.05
0.05
0.05
0.05
0.05
0.05
0.05
0.05
0.05
0.05
0.05
0.05
0.05
0.05
0.05
0.05
0.05
0.05
0.05
0.05
0.05
0.05
0.05
0.05
0.05
0.05
0.05
0.05
0.05
0.05
0.05
0.05
0.05
0.05
0.05
0.05
0.05
0.05
0.05
0.05
0.05
0.05
0.05
0.05
0.05
0.05
0.05
0.05
0.05
0.05
0.05
0.05
0.05
0.05
0.05
0.05
0.05
0.05
0.05
0.05
0.05
0.05
0.05
0.05
0.05
0.05
0.05
0.05
0.05
0.05
0.05
0.05
0.05
0.05
0.05
0.05
0.05
0.05
0.05
0.05
0.05
0.05
0.05
0.05
0.05
0.05
0.05
0.05
0.05
0.05
0.05
0.05
0.05
0.05
0.05
0.05
0.05
0.05
0.05
0.05
0.05
0.05
0.05
0.05
0.05
0.05
0.05
0.05
0.05
0.05
0.05
0.05
0.05
0.05
0.05
0.05
0.05
0.05
0.05
0.05
0.05
0.05
0.05
0.05
0.05
0.05
0.05
0.05
0.05
0.05
0.05
0.05
0.05
0.05
0.05
0.05
0.05
0.05
0.05
0.05
0.05
0.05
0.05
0.05
0.05
0.05
0.05
0.05
0.05
0.05
0.05
0.05
0.05
0.05
0.05
0.05
0.05
0.05
0.05
0.05
0.05
0.05
0.05
0.05
0.05
0.05
0.05
0.05
0.05
0.05
0.05
0.05
0.05
0.05
0.05
0.05
0.05
0.05
0.05
0.05
0.05
0.05
0.05
0.05
0.05
0.05
0.05
0.05
0.05
0.05
0.05
0.05
0.05
0.05
0.05
0.05
0.05
0.05
0.05
0.05
0.05
0.05
0.05
0.05
0.05
0.05
0.05
0.05
0.05
0.05
0.05
0.05
0.05
0.05
0.05
0.05
0.05
0.05
0.05
0.05
0.05
0.05
0.05
0.05
0.05
0.05
0.05
0.05
0.05
0.05
0.05
0.05
0.05
0.05
0.05
0.05
0.05
0.05
0.05
0.05
0.05
0.05
0.05
0.05
0.05
0.05
0.05
0.05
0.05
0.05
0.05
0.05
0.05
0.05
0.05
0.05
0.05
0.05
0.05
0.05
0.05
0.05
0.05
0.05
0.05
0.05
0.05
0.05
0.05
0.05
0.05
0.05
0.05
0.05
0.05
0.05
0.05
0.05
0.05
0.05
0.05
0.05
0.05
0.05
0.05
0.05
0.05
0.05
0.05
0.05
0.05
0.05
0.05
0.05
0.05
0.05
0.05
0.05
0.05
0.05
0.05
0.05
0.05
0.05
0.05
0.05
0.05
0.05
0.05
0.05
0.05
0.05
0.05
0.05
0.05
0.05
0.05
0.05
0.05
0.05
0.05
0.05
0.05
0.05
0.05
0.05
0.05
0.05
0.05
0.05
0.05
0.05
0.05
0.05
0.05
0.05
0.05
0.05
0.05
0.05
0.05
0.05
0.05
0.05
0.05
0.05
0.05
0.05
0.05
0.05
0.05
0.05
0.05
0.05
0.05
0.05
0.05
0.05
0.05
0.05
0.05
0.05
0.05
0.05
0.05
0.05
0.05
0.05
0.05
0.05
0.05
0.05
0.05
0.05
0.05
0.05
0.05
0.05
0.05
0.05
0.05
0.05
0.05
0.05
0.05
0.05
0.05
0.05
0.05
0.05
0.05
0.05
0.05
0.05
0.05
0.05
0.05
0.05
0.05
0.05
0.05
0.05
0.05
0.05
0.05
0.05
0.05
0.05
0.05
0.05
0.05
0.05
0.05
0.05
0.05
0.05
0.05
0.05
0.05
0.05
0.05
0.05
0.05
0.05
0.05
0.05
0.05
0.05
0.05
0.05
0.05
0.05
0.05
0.05
0.05
0.05
0.05
0.05
0.05
0.05
0.05
0.05
0.05
0.05
0.05
0.05
0.05
0.05
0.05
0.05
0.05
0.05
0.05
0.05
0.05
0.05
0.05
0.05
0.05
0.05
777777