1.47075
999999
-0.136891
0.151571
0.0550491
0.0260205
0.12433
0.0713104
0.119911
0.192001
-0.0438635
0.062216
0.158266
0.0956506
-0.190828
-0.0194619
-0.0333084
-0.11682
0.128856
-0.100943
0.0629992
0.0614196
-0.0761917
0.115275
-0.0877377
-0.154761
-0.0238863
-0.13586
0.00540808
0.196112
0.146336
0.160098
-0.0485178
0.0483331
0.0309013
-0.102105
-0.0274728
-0.0162974
0.14509
0.115459
-0.0995077
-0.0179797
0.131385
-0.130013
-0.108018
-0.123347
-0.0349725
0.171126
-0.148273
0.0271931
0.175666
0.133233
0.10635
-0.0828094
0.116427
-0.146514
0.154034
0.0745697
-0.156264
0.132863
-0.0301163
0.0841197
-0.00483308
-0.11769
0.138745
0.190873
-0.178265
0.169605
-0.081499
-0.0854605
0.00166426
-0.128082
0.176997
0.197076
-0.111732
0.0384757
-0.0918147
-0.0380041
0.16133
0.16107
-0.0234773
0.0477117
-0.17974
0.123995
0.0735166
0.144984
-0.191494
-0.0487142
-0.126792
-0.0497535
0.0340919
-0.0114749
-0.0183423
-0.197909
-0.0359057
0.0717112
0.0701031
0.0573863
0.152379
0.00358695
0.17724
-0.161324
0.196057
-0.159679
-0.110821
-0.11119
-0.180011
-0.193923
-0.0538604
-0.185992
0.015553
-0.0765827
0.115331
0.197386
0.124873
-0.121806
0.0715158
-0.106303
-0.0239947
0.105133
0.160569
0.180194
0.0121881
0.173326
0.144123
0.126469
-0.195494
0.100334
0.157699
0.0460119
0.195864
0.104346
0.189468
0.0776409
0.145157
-0.158386
0.0568101
0.0717262
-0.193271
0.0616043
0.00761053
-0.0380579
0.164599
-0.0252141
-0.0954081
-0.0417059
-0.188118
0.130565
-0.152692
-0.107422
-0.0112477
0.0915768
0.177261
-0.102916
0.195373
0.0487563
-0.121469
-0.0828822
-0.0156452
0.181189
0.112303
-0.124194
0.0770426
0.121805
-0.0852013
0.0327785
0.134459
0.140282
0.168116
0.0506989
0.0968037
-0.00312531
0.152946
-0.163275
-0.180307
0.0788227
-0.0484596
0.184335
0.00954803
-0.0381685
-0.100879
0.0385702
-0.0769561
-0.0822433
-0.0876319
-0.081338
0.112915
-0.148666
-0.115273
0.15462
0.104153
-0.0826431
0.109032
0.0168532
-0.194425
-0.095029
0.0918085
-0.0658352
-0.11253
0.000234665
-0.175575
-0.182068
0.0464359
0.0788044
0.114386
-0.132007
0.148367
-0.153646
-0.0546634
0.0719375
0.085364
-0.0300294
-0.119577
0.0380285
0.0267883
-0.0310652
0.1356
0.0693553
-0.189634
-0.0654568
-0.129768
0.0861269
0.0495865
0.109188
-0.148768
-0.180377
0.112928
0.0216766
-0.185217
-0.0192739
-0.121254
-0.196274
-0.111609
-0.115324
0.199207
-0.0330353
-0.0214636
0.0551573
-0.045114
-0.131133
-0.196182
0.165223
0.154664
0.165204
-0.0496606
-0.125766
0.196799
0.157978
0.00882113
-0.141291
-0.0606117
-0.068961
-0.0684915
-0.129626
-0.0895257
0.110497
0.0609937
-0.101316
0.185893
0.0898442
0.00538885
-0.0542928
-0.112438
0.0957814
0.0004153
-0.0525382
0.177271
0.0819902
-0.0929615
0.0170082
0.0911141
0.126703
-0.0985935
0.130113
-0.109396
-0.0923565
-0.00744075
-0.177841
0.0606039
-0.186043
0.0771707
-0.0909496
0.0670176
-0.191144
0.125875
0.14262
-0.123528
-0.146657
-0.129309
-0.181977
-0.170309
0.182127
0.0844248
-0.181188
0.0439194
0.137499
-0.00064361
0.141319
0.118924
-0.0641177
0.0715896
-0.0209042
-0.153042
-0.104394
-0.0570468
-0.00210596
-0.183783
0.056475
-0.187055
-0.00071255
0.101355
0.145305
0.0821836
-0.185876
-0.160872
0.0225665
-0.121764
-0.171497
-0.127831
-0.00404363
-0.025876
0.0860655
0.184812
0.0895905
0.17553
0.0453824
0.164213
0.18246
0.184112
0.133083
-0.0477734
-0.129741
-0.061851
-0.179314
-0.0913547
0.106141
-0.0866827
0.0452758
0.0109881
-0.168386
-0.0622181
-0.13003
0.0493209
-0.154059
0.085813
-0.17064
0.0240486
0.00696553
-0.130745
-0.172634
0.176327
0.176099
0.0123173
-0.178761
0.0735398
-0.0901237
-0.105631
-0.084447
0.0480045
-0.176958
-0.153878
-0.0313492
-0.0543073
0.108807
0.169865
0.0782497
-0.0142874
0.187989
0.0889342
-0.0915098
-0.0438675
0.129208
0.0783068
-0.100294
-0.049582
-0.00550334
0.123104
-0.0394813
-0.0672138
-0.121248
0.0722717
0.0107733
0.0557775
-0.0379569
-0.171203
-0.112253
0.0732945
-0.111323
-0.0741811
-0.129217
-0.169597
-0.11191
0.0441806
0.156615
0.175096
-0.105837
-0.094262
-0.025165
-0.182157
0.00998159
-0.199427
-0.109726
0.192339
-0.152713
0.0105939
-0.0621094
0.0136448
0.0655412
-0.0810108
-0.0239339
-0.0707152
-0.16262
0.0818947
-0.0689134
0.112477
0.000909649
0.137981
-0.15999
-0.0638057
-0.171159
0.00446374
0.114812
-0.0139521
0.127138
0.0961438
0.179096
-0.198548
0.187056
-0.143336
0.0277047
-0.0334569
0.0605243
0.00413024
-0.189992
0.013872
-0.0342139
0.160239
0.146341
0.0489333
-0.00569076
-0.14514
0.156253
0.00950146
-0.113105
-0.141913
-0.118625
0.0216807
0.101871
0.15252
-0.0217211
0.0880979
0.134983
-0.156747
-0.172827
0.180407
0.191555
0.139946
-0.0937802
-0.0877478
-0.0340372
0.150483
0.0832551
-0.156375
0.0334146
-0.11887
-0.00592358
-0.000303217
-0.0926304
0.0905809
-0.0702122
0.147556
0.0438943
0.191793
-0.16842
-0.174681
0.00966709
0.174231
-0.0608396
-0.173834
-0.0859869
-0.0655972
0.0952745
0.0675054
-0.0468246
-0.132579
0.0417978
-0.0895213
0.198063
-0.0383311
0.0539709
0.181135
-0.181418
0.0137934
-0.116108
-0.133101
-0.117626
-0.0794666
0.135307
-0.0386287
-0.0984665
-0.0368209
-0.0462499
0.108607
-0.115674
-0.000227539
-0.0280504
-0.198246
-0.0773051
-0.19805
-0.0841739
0.0344733
0.184583
-0.0583557
-0.1547
0.198996
-0.127338
0.174384
0.0903506
0.130286
0.0827467
-0.0269604
0.18789
-0.0680739
-0.15545
0.194397
0.120176
0.182215
-0.147637
0.0381972
0.151232
0.162194
0.149504
0.00628402
-0.135196
-0.0565667
-0.0152738
0.0753776
-0.0808478
-0.026503
0.0101886
-0.0265047
0.191457
0.00139809
0.106795
0.175386
0.149008
-0.166528
-0.083262
-0.183882
-0.109497
0.186149
-0.105137
-0.0849058
0.0114884
-0.0153231
0.119391
-0.0990426
0.0752532
0.0969963
-0.0695732
0.00889525
0.00676876
0.0612115
0.00308906
0.114729
-0.190759
0.0269642
0.0118721
0.121362
0.124142
0.0256336
0.0699953
-0.154519
0.0847573
0.00346599
0.162848
-0.188078
-0.0106141
0.0874027
0.0735693
-0.18711
-0.154085
0.0504841
0.0146299
-0.113647
0.0243365
0.0716706
0.0535918
0.0979237
0.0567328
0.0738459
-0.124185
-0.110936
-0.0917622
-0.179189
-0.151235
-0.136386
0.00788908
0.025736
0.0402642
0.148855
0.13992
-0.115929
0.14988
-0.160091
0.128385
0.186916
0.0642657
0.127867
-0.139949
0.0429284
-0.122565
-0.121958
0.0233812
-0.101234
-0.13898
-0.0167165
-0.177163
-0.0965746
0.0919621
0.196273
-0.172715
-0.0012102
-0.128125
0.16301
0.136008
0.195961
0.199597
-0.114324
0.120021
0.0970201
-0.0729916
0.174436
0.120553
-0.081214
0.0981722
0.167984
0.18337
0.019229
0.0918126
-0.0333501
-0.149423
0.187824
0.100208
0.100151
-0.129952
0.181624
0.0883607
0.0344594
0.0239334
0.0232049
-0.127286
-0.117916
-0.178402
0.0694977
0.18159
-0.0517107
0.00666956
-0.0560719
-0.107798
0.1072
-0.051751
-0.0322461
-0.160968
0.153784
0.0212509
0.137928
0.192937
-0.0536502
-0.0270141
-0.0765718
0.061244
-0.0744899
-0.0931618
0.147536
0.101082
0.108703
0.0585586
0.0862351
-0.189982
0.126683
-0.086516
-0.0596273
0.104812
0.0747078
0.0645708
0.0786776
-0.0175723
-0.108537
-0.16257
-0.00248537
-0.164782
0.119832
0.112919
-0.167301
0.132138
-0.183673
0.142573
0.0706517
0.192154
0.0354029
-0.067151
-0.183339
-0.1356
-0.0391918
0.017242
-0.0237702
0.135138
0.185232
0.0308956
0.13141
-0.0247744
-0.153976
-0.0648901
-0.0350573
-0.162307
0.0880841
0.054075
-0.050407
0.0718783
0.153368
0.0484721
-0.0398966
-0.199942
-0.12137
0.0770713
0.0814452
0.151214
0.0928237
-0.195486
0.179985
-0.120474
-0.121715
-0.128638
-0.0649125
-0.1135
0.0795056
-0.0255726
-0.0523102
-0.181854
0.0682268
-0.193965
0.12552
0.0728911
-0.0875808
0.155476
0.130559
0.109606
-0.151647
-0.0752054
0.0870723
-0.15631
0.196117
-0.132507
0.0239578
-0.0335065
-0.0939624
0.102602
0.0228594
-0.191684
0.197479
0.0496175
0.00240466
0.0599072
0.00255541
-0.0113427
-0.157989
-0.191657
-0.0673426
0.0843776
0.135916
0.0190041
0.187496
-0.014462
-0.0235201
-0.0231209
0.0346377
0.175694
0.00861533
-0.0964332
-0.173131
0.164978
0.0367684
0.132717
-0.0527217
-0.0768951
-0.161082
0.0841311
0.165055
-0.0278019
-0.146924
-0.0456342
0.0559637
0.097533
0.0325176
0.158881
0.150256
-0.102237
0.0931244
-0.120203
-0.149606
0.0347417
-0.156417
0.190054
-0.0341981
0.0585061
0.143546
-0.159065
0.0678568
-0.158618
0.108697
-0.0556321
-0.000371884
0.160234
0.0225801
-0.17633
-0.132705
-0.199455
-0.141743
0.0199219
0.0472406
0.0724753
0.0713947
-0.194861
-0.163383
-0.148896
0.133995
0.0310119
-0.0643868
-0.0724146
-0.150884
0.160663
0.0979006
-0.189887
0.0889982
-0.117137
-0.0823
-0.193878
0.018189
0.150308
-0.163358
0.197191
0.178722
-0.138708
0.0142731
-0.0831164
-0.137348
0.00384683
-0.145157
-0.0267769
-0.0990012
0.0295209
-0.082722
-0.0184574
0.181651
0.182864
-0.0139285
-0.17533
0.0711651
-0.133216
0.153932
0.0270015
-0.159484
-0.0647311
-0.100205
0.051263
-0.110801
-0.019529
-0.0863425
-0.095908
0.0881149
-0.174258
0.113921
0.0724721
-0.118582
-0.0572987
0.141642
-0.16835
-0.106411
0.151492
0.0237162
-0.0561673
-0.157235
0.147689
0.0630117
-0.000729766
0.154737
0.149888
0.171742
-0.103634
-0.132183
0.0836037
0.136815
0.0653882
0.0594568
-0.164532
-0.099341
-0.192074
0.0154798
-0.127972
0.110381
-0.0522062
-0.147302
-0.0801728
0.198273
-0.0241704
-0.0779774
-0.114525
-0.0821957
0.0625418
-0.0903679
-0.0783001
-0.192352
-0.106029
0.147076
-0.186155
0.123257
0.166414
-0.0187214
-0.0611142
-0.108915
-0.166201
-0.156998
0.121136
-0.175169
-0.0606303
-0.0422365
-0.0148265
0.125578
-0.182764
0.0512933
0.0600405
0.143745
0.103773
-0.0693751
-0.190437
0.0913507
0.173322
0.0693131
0.0548672
-0.166299
-0.185119
-0.161069
0.0879406
-0.145026
0.148487
0.074125
-0.194409
-0.0248696
0.00747894
0.0494353
-0.151651
-0.00742098
0.122037
-0.0327356
-0.131816
0.0772323
0.107009
-0.0301079
0.185885
0.117639
-0.0164863
-0.185687
0.0243966
-0.135754
-0.00388784
-0.084847
-0.063818
0.0761275
-0.182144
-0.0691723
0.00866578
0.106735
0.0635124
-0.161858
-0.110799
0.133824
-0.0752826
0.0850152
0.0621849
0.116316
0.102037
-0.0877394
-0.0280957
0.0317683
0.0265005
0.0668934
0.19502
0.00515645
-0.116452
0.0836212
-0.116296
0.100415
0.149198
0.175753
0.127641
0.153855
-0.124175
0.00338378
-0.147943
0.0322932
-0.0185648
-0.191532
-0.0998653
0.127645
-0.0998749
-0.17764
-0.196534
0.0920622
0.000880775
0.182271
-0.162954
0.0198348
0.0325465
-0.0849847
-0.106219
-0.160485
-0.00999175
0.0981355
-0.155014
0.138992
0.0126739
0.183618
-0.053945
0.177651
-0.0503799
0.118633
-0.159461
0.0804488
-0.0581607
0.00137467
0.087851
0.0517948
0.111397
-0.186353
-0.135034
0.0249939
0.176745
0.15078
-0.0494862
0.199173
-0.177622
0.197723
0.0314853
0.069538
-0.0162409
0.0541334
0.183502
-0.1712
0.148047
-0.199666
0.0223294
-0.00283518
-0.123315
0.0806822
0.137151
-0.119286
0.191672
-0.0993222
-0.133403
0.0127357
0.127597
-0.100557
0.134346
-0.158144
0.041491
-0.198182
0.0807442
-0.150775
-0.108685
0.135088
-0.179558
0.130309
-0.0459071
0.137735
-0.0583037
-0.160606
-0.128669
0.175382
0.0707725
0.133295
0.187184
-0.118227
-0.0934665
-0.0365722
-0.122857
-0.0728132
0.0521218
0.0345519
0.189408
-0.0784992
0.199646
-0.0148208
-0.169256
-0.0551032
0.192239
-0.170168
0.10837
-0.135851
0.166915
0.0800207
-0.107006
-0.192187
-0.040314
0.135497
0.00647632
0.184852
-0.0108208
-0.0501765
-0.127815
-0.195617
-0.0862928
-0.169051
-0.0840953
-0.121549
0.091068
0.0401721
-0.049581
-0.194006
-0.0312716
0.11539
0.185349
0.0904531
-0.16588
0.133012
0.0755167
0.0381045
0.184369
-0.00324534
-0.19886
0.17069
0.16258
-0.136339
-0.0869935
0.106643
-0.150779
0.037561
0.177693
0.0291368
-0.163353
0.156067
-0.0116403
0.189501
0.169482
-0.126583
-0.163775
0.0627762
0.0194583
-0.0365465
-0.135837
0.176182
0.000713814
0.026299
-0.0485697
0.171073
-0.0877902
-0.0244029
0.0566355
-0.156349
0.0358689
0.0153523
0.162343
-0.130775
0.0271373
-0.0900331
0.175241
0.0755352
-0.00981273
-0.192278
-0.0116671
-0.178817
-0.0177058
0.00706582
0.106778
-0.108421
0.0326168
0.00828276
-0.164047
0.027813
-0.00794827
0.0881385
0.0588394
0.0430245
-0.0221766
0.016226
0.0154926
0.00212397
-0.11207
0.0806473
-0.0444043
-0.0258264
0.0712178
0.0953729
0.0527981
0.164332
-0.103678
0.012673
0.0149019
0.126914
-0.0853689
0.0938561
0.160249
-0.0618619
0.116519
0.164578
0.089497
-0.167935
0.158977
-0.199214
0.0313178
-0.104897
-0.138409
0.12065
0.00181828
-0.195933
-0.105057
-0.0492421
0.145105
-0.0559842
0.131373
-0.107855
-0.0854617
-0.0459044
-0.00817469
0.0488007
0.10873
0.052108
0.0871631
-0.190042
0.04849
-0.151968
-0.0335224
0.19824
0.0158585
-0.099158
0.145256
0.0881325
0.0426607
0.0747224
-0.197473
0.0239006
0.117743
-0.119901
0.111531
-0.176783
-0.193865
0.00339285
0.179662
-0.148396
0.198484
0.0961467
-0.121598
-0.116667
0.0960473
0.0419116
0.0852073
-0.0162422
-0.133246
0.0383523
0.130428
-0.100359
0.194684
0.177142
-0.179618
-0.15849
0.0759954
-0.100565
-0.1919
-0.0142924
-0.0845943
-0.092385
-0.0700144
0.00818461
-0.170279
0.0504273
-0.0399013
-0.199334
-0.192721
-0.0161931
-0.187413
-0.163573
0.0680721
0.0416267
-0.0117644
0.0231395
0.00518264
-0.196432
-0.0838832
0.0233923
0.132199
-0.13603
0.163113
-0.102385
-0.109576
-0.164551
-0.0168311
0.109231
-0.165061
-0.17542
0.162841
0.121449
0.0468478
0.164938
-0.0663441
-0.160722
0.0627702
-0.0217561
-0.171486
0.158382
-0.153337
0.0348828
0.0775263
0.0780283
-0.0350818
-0.143012
0.0174234
-0.117336
0.0963824
0.131748
-0.087997
0.10614
-0.067619
0.104146
0.184098
-0.0420207
-0.00303787
0.156169
0.0865503
-0.176519
0.00233559
0.109511
0.146479
-0.1714
0.104343
-0.0843399
-0.0375916
-0.089247
-0.163681
-0.0515506
0.125763
-0.0363709
0.0864814
-0.0921188
0.130032
0.0165832
-0.102977
0.132295
0.188113
-0.173042
0.0307139
-0.0179514
0.171379
-0.152265
0.062333
-0.129722
0.126832
-0.0522029
-0.126835
0.0456366
0.0345454
0.0367012
0.118339
-0.198137
-0.0204177
-0.057169
0.0890338
0.151387
-0.124552
-0.0323178
0.0628972
-0.199411
-0.0913341
0.172235
-0.0560653
0.130103
0.0498133
0.100531
-0.0531493
-0.0151687
-0.118772
-0.177549
-0.0449176
0.0269134
0.0471258
0.033305
0.0366644
-0.0564974
-0.117536
-0.11719
0.0530973
0.089522
-0.15899
0.156198
-0.104289
-0.0319066
-0.0596412
0.00670903
-0.199582
-0.00524016
-0.0226098
-0.0962355
0.00163763
-0.10207
0.146227
-0.107732
0.16154
-0.0321407
0.0473363
0.187378
-0.0356869
-0.0149215
0.0834321
0.197226
-0.0828791
0.162621
0.0710453
-0.0281774
-0.104727
0.00714012
-0.140362
0.0548347
0.0804871
-0.137846
-0.0947793
0.137072
-0.106178
-0.101721
-0.134923
0.0912328
-0.09227
0.123931
0.182606
0.121177
0.124786
-0.070554
0.00915785
-0.135075
-0.00570134
-0.0151449
-0.0129739
0.103773
-0.0734289
-0.133306
0.188567
0.00252284
-0.151646
0.148475
0.156486
-0.136028
-0.107383
-0.105656
0.0201095
-0.109348
0.102114
0.0858774
-0.0661825
0.014872
-0.0255337
-0.169702
0.13407
0.169752
0.000598781
0.0616384
-0.027908
-0.0799603
-0.063688
-0.172968
-0.156207
0.0813011
-0.189916
-0.0956981
0.109157
-0.00603376
-0.197841
-0.0622753
-0.0502338
0.179499
0.018111
-0.128115
0.154749
-0.0978076
0.0616268
0.0959379
0.105162
0.0566479
0.100976
-0.0984536
-0.159458
-0.0313717
0.0159738
0.124974
-0.18369
-0.0626546
0.121874
-0.140972
-0.178032
-0.0201555
-0.0249024
0.0193794
0.14103
-0.0989833
0.0900444
0.123599
0.182055
0.0549669
-0.0749067
-0.0766751
0.0838025
-0.037304
-0.0636144
-0.0738243
0.119464
-0.0966033
-0.0847653
-0.172349
0.0436913
-0.0258578
-0.106183
-0.195704
0.121788
0.122994
0.0356732
0.132443
-0.0466732
0.188491
-0.129609
-0.160823
-0.0426236
-0.0744886
-0.0131558
-0.0730471
-0.0715279
-0.0597685
-0.0198078
-0.0567751
0.0288556
0.0203395
0.194336
0.0679958
-0.110513
-0.0237657
0.0981451
0.00951663
-0.0141077
-0.124308
0.120738
0.0580634
0.0336625
-0.0879572
-0.0313828
0.00903914
0.167281
-0.0093061
0.102758
-0.195341
-0.0414454
0.169401
-0.0815623
0.158623
-0.09339
0.101117
-0.0436928
-0.0763905
0.0979495
0.0687856
0.108196
0.164234
0.0742858
0.0948125
0.02883
-0.148056
0.0947975
-0.110804
-0.198192
-0.0617011
0.0406673
-0.00692659
-0.161106
-0.186784
-0.0260084
-0.0249445
0.114729
-0.167979
0.095623
0.130077
-0.055697
-0.0314405
0.149217
0.175123
-0.0994727
-0.0995996
0.12528
-0.117565
0.0741978
0.0256042
0.107493
0.118478
-0.165176
0.168051
-0.069248
0.0297305
-0.185482
-0.104162
-0.151327
-0.0520038
0.139748
0.0228409
0.0367981
0.00762287
0.0921237
-0.034238
-0.184116
-0.0171858
0.183744
-0.160348
0.0408742
-0.094768
-0.0454274
0.154743
-0.0747787
-0.124585
0.109966
0.0257575
-0.142871
-0.0765619
0.178653
0.159836
0.0400141
0.0159741
-0.0471068
-0.174951
-0.0260164
0.0660138
-0.191923
-0.0162503
-0.13108
-0.0138971
-0.0296276
-0.0779147
-0.00727669
0.166419
0.0521395
-0.19665
-0.0720142
0.0149887
-0.0369218
-0.0118067
-0.133022
0.12854
0.11099
0.040265
-0.048042
0.138551
0.143387
0.148589
-0.160162
-0.102926
0.143926
0.0704493
-0.122101
0.15546
0.140927
0.184998
-0.0590078
0.100469
-0.165045
-0.115685
0.13437
-0.152889
-0.0559112
0.137645
-0.104219
0.0163941
0.162759
0.139756
-0.0751505
0.125057
-0.010372
0.00731731
0.192551
-0.189631
0.166823
0.0914492
-0.142868
-0.165059
-0.0560494
-0.082861
-0.166629
0.157297
0.132556
-0.135798
-0.00688918
0.183653
0.0369895
-0.18295
0.0816666
-0.0913776
0.134251
0.0577442
0.191246
-0.120706
0.133639
0.0705126
-0.0257945
-0.14065
-0.00397776
0.0113374
-0.141417
-0.0183225
0.155415
0.0211424
0.0632724
-0.151621
0.0658206
0.0436157
0.101815
0.143274
-0.0886546
-0.141641
-0.134988
0.0743576
-0.114264
-0.0958591
-0.112389
888888
0.05
0.05
0.05
0.05
0.05
0.05
0.05
0.05
0.05
0.05
0.05
0.05
0.05
0.05
0.05
0.05
0.05
0.05
0.05
0.05
0.05
0.05
0.05
0.05
0.05
0.05
0.05
0.05
0.05
0.05
0.05
0.05
0.05
0.05
0.05
0.05
0.05
0.05
0.05
0.05
0.05
0.05
0.05
0.05
0.05
0.05
0.05
0.05
0.05
0.05
0.05
0.05
0.05
0.05
0.05
0.05
0.05
0.05
0.05
0.05
0.05
0.05
0.05
0.05
0.05
0.05
0.05
0.05
0.05
0.05
0.05
0.05
0.05
0.05
0.05
0.05
0.05
0.05
0.05
0.05
0.05
0.05
0.05
0.05
0.05
0.05
0.05
0.05
0.05
0.05
0.05
0.05
0.05
0.05
0.05
0.05
0.05
0.05
0.05
0.05
0.05
0.05
0.05
0.05
0.05
0.05
0.05
0.05
0.05
0.05
0.05
0.05
0.05
0.05
0.05
0.05
0.05
0.05
0.05
0.05
0.05
0.05
0.05
0.05
0.05
0.05
0.05
0.05
0.05
0.05
0.05
0.05
0.05
0.05
0.05
0.05
0.05
0.05
0.05
0.05
0.05
0.05
0.05
0.05
0.05
0.05
0.05
0.05
0.05
0.05
0.05
0.05
0.05
0.05
0.05
0.05
0.05
0.05
0.05
0.05
0.05
0.05
0.05
0.05
0.05
0.05
0.05
0.05
0.05
0.05
0.05
0.05
0.05
0.05
0.05
0.05
0.05
0.05
0.05
0.05
0.05
0.05
0.05
0.05
0.05
0.05
0.05
0.05
0.05
0.05
0.05
0.05
0.05
0.05
0.05
0.05
0.05
0.05
0.05
0.05
0.05
0.05
0.05
0.05
0.05
0.05
0.05
0.05
0.05
0.05
0.05
0.05
0.05
0.05
0.05
0.05
0.05
0.05
0.05
0.05
0.05
0.05
0.05
0.05
0.05
0.05
0.05
0.05
0.05
0.05
0.05
0.05
0.05
0.05
0.05
0.05
0.05
0.05
0.05
0.05
0.05
0.05
0.05
0.05
0.05
0.05
0.05
0.05
0.05
0.05
0.05
0.05
0.05
0.05
0.05
0.05
0.05
0.05
0.05
0.05
0.05
0.05
0.05
0.05
0.05
0.05
0.05
0.05
0.05
0.05
0.05
0.05
0.05
0.05
0.05
0.05
0.05
0.05
0.05
0.05
0.05
0.05
0.05
0.05
0.05
0.05
0.05
0.05
0.05
0.05
0.05
0.05
0.05
0.05
0.05
0.05
0.05
0.05
0.05
0.05
0.05
0.05
0.05
0.05
0.05
0.05
0.05
0.05
0.05
0.05
0.05
0.05
0.05
0.05
0.05
0.05
0.05
0.05
0.05
0.05
0.05
0.05
0.05
0.05
0.05
0.05
0.05
0.05
0.05
0.05
0.05
0.05
0.05
0.05
0.05
0.05
0.05
0.05
0.05
0.05
0.05
0.05
0.05
0.05
0.05
0.05
0.05
0.05
0.05
0.05
0.05
0.05
0.05
0.05
0.05
0.05
0.05
0.05
0.05
0.05
0.05
0.05
0.05
0.05
0.05
0.05
0.05
0.05
0.05
0.05
0.05
0.05
0.05
0.05
0.05
0.05
0.05
0.05
0.05
0.05
0.05
0.05
0.05
0.05
0.05
0.05
0.05
0.05
0.05
0.05
0.05
0.05
0.05
0.05
0.05
0.05
0.05
0.05
0.05
0.05
0.05
0.05
0.05
0.05
0.05
0.05
0.05
0.05
0.05
0.05
0.05
0.05
0.05
0.05
0.05
0.05
0.05
0.05
0.05
0.05
0.05
0.05
0.05
0.05
0.05
0.05
0.05
0.05
0.05
0.05
0.05
0.05
0.05
0.05
0.05
0.05
0.05
0.05
0.05
0.05
0.05
0.05
0.05
0.05
0.05
0.05
0.05
0.05
0.05
0.05
0.05
0.05
0.05
0.05
0.05
0.05
0.05
0.05
0.05
0.05
0.05
0.05
0.05
0.05
0.05
0.05
0.05
0.05
0.05
0.05
0.05
0.05
0.05
0.05
0.05
0.05
0.05
0.05
0.05
0.05
0.05
0.05
0.05
0.05
0.05
0.05
0.05
0.05
0.05
0.05
0.05
0.05
0.05
0.05
0.05
0.05
0.05
0.05
0.05
0.05
0.05
0.05
0.05
0.05
0.05
0.05
0.05
0.05
0.05
0.05
0.05
0.05
0.05
0.05
0.05
0.05
0.05
0.05
0.05
0.05
0.05
0.05
0.05
0.05
0.05
0.05
0.05
0.05
0.05
0.05
0.05
0.05
0.05
0.05
0.05
0.05
0.05
0.05
0.05
0.05
0.05
0.05
0.05
0.05
0.05
0.05
0.05
0.05
0.05
0.05
0.05
0.05
0.05
0.05
0.05
0.05
0.05
0.05
0.05
0.05
0.05
0.05
0.05
0.05
0.05
0.05
0.05
0.05
0.05
0.05
0.05
0.05
0.05
0.05
0.05
0.05
0.05
0.05
0.05
0.05
0.05
0.05
0.05
0.05
0.05
0.05
0.05
0.05
0.05
0.05
0.05
0.05
0.05
0.05
0.05
0.05
0.05
0.05
0.05
0.05
0.05
0.05
0.05
0.05
0.05
0.05
0.05
0.05
0.05
0.05
0.05
0.05
0.05
0.05
0.05
0.05
0.05
0.05
0.05
0.05
0.05
0.05
0.05
0.05
0.05
0.05
0.05
0.05
0.05
0.05
0.05
0.05
0.05
0.05
0.05
0.05
0.05
0.05
0.05
0.05
0.05
0.05
0.05
0.05
0.05
0.05
0.05
0.05
0.05
0.05
0.05
0.05
0.05
0.05
0.05
0.05
0.05
0.05
0.05
0.05
0.05
0.05
0.05
0.05
0.05
0.05
0.05
0.05
0.05
0.05
0.05
0.05
0.05
0.05
0.05
0.05
0.05
0.05
0.05
0.05
0.05
0.05
0.05
0.05
0.05
0.05
0.05
0.05
0.05
0.05
0.05
0.05
0.05
0.05
0.05
0.05
0.05
0.05
0.05
0.05
0.05
0.05
0.05
0.05
0.05
0.05
0.05
0.05
0.05
0.05
0.05
0.05
0.05
0.05
0.05
0.05
0.05
0.05
0.05
0.05
0.05
0.05
0.05
0.05
0.05
0.05
0.05
0.05
0.05
0.05
0.05
0.05
0.05
0.05
0.05
0.05
0.05
0.05
0.05
0.05
0.05
0.05
0.05
0.05
0.05
0.05
0.05
0.05
0.05
0.05
0.05
0.05
0.05
0.05
0.05
0.05
0.05
0.05
0.05
0.05
0.05
0.05
0.05
0.05
0.05
0.05
0.05
0.05
0.05
0.05
0.05
0.05
0.05
0.05
0.05
0.05
0.05
0.05
0.05
0.05
0.05
0.05
0.05
0.05
0.05
0.05
0.05
0.05
0.05
0.05
0.05
0.05
0.05
0.05
0.05
0.05
0.05
0.05
0.05
0.05
0.05
0.05
0.05
0.05
0.05
0.05
0.05
0.05
0.05
0.05
0.05
0.05
0.05
0.05
0.05
0.05
0.05
0.05
0.05
0.05
0.05
0.05
0.05
0.05
0.05
0.05
0.05
0.05
0.05
0.05
0.05
0.05
0.05
0.05
0.05
0.05
0.05
0.05
0.05
0.05
0.05
0.05
0.05
0.05
0.05
0.05
0.05
0.05
0.05
0.05
0.05
0.05
0.05
0.05
0.05
0.05
0.05
0.05
0.05
0.05
0.05
0.05
0.05
0.05
0.05
0.05
0.05
0.05
0.05
0.05
0.05
0.05
0.05
0.05
0.05
0.05
0.05
0.05
0.05
0.05
0.05
0.05
0.05
0.05
0.05
0.05
0.05
0.05
0.05
0.05
0.05
0.05
0.05
0.05
0.05
0.05
0.05
0.05
0.05
0.05
0.05
0.05
0.05
0.05
0.05
0.05
0.05
0.05
0.05
0.05
0.05
0.05
0.05
0.05
0.05
0.05
0.05
0.05
0.05
0.05
0.05
0.05
0.05
0.05
0.05
0.05
0.05
0.05
0.05
0.05
0.05
0.05
0.05
0.05
0.05
0.05
0.05
0.05
0.05
0.05
0.05
0.05
0.05
0.05
0.05
0.05
0.05
0.05
0.05
0.05
0.05
0.05
0.05
0.05
0.05
0.05
0.05
0.05
0.05
0.05
0.05
0.05
0.05
0.05
0.05
0.05
0.05
0.05
0.05
0.05
0.05
0.05
0.05
0.05
0.05
0.05
0.05
0.05
0.05
0.05
0.05
0.05
0.05
0.05
0.05
0.05
0.05
0.05
0.05
0.05
0.05
0.05
0.05
0.05
0.05
0.05
0.05
0.05
0.05
0.05
0.05
0.05
0.05
0.05
0.05
0.05
0.05
0.05
0.05
0.05
0.05
0.05
0.05
0.05
0.05
0.05
0.05
0.05
0.05
0.05
0.05
0.05
0.05
0.05
0.05
0.05
0.05
0.05
0.05
0.05
0.05
0.05
0.05
0.05
0.05
0.05
0.05
0.05
0.05
0.05
0.05
0.05
0.05
0.05
0.05
0.05
0.05
0.05
0.05
0.05
0.05
0.05
0.05
0.05
0.05
0.05
0.05
0.05
0.05
0.05
0.05
0.05
0.05
0.05
0.05
0.05
0.05
0.05
0.05
0.05
0.05
0.05
0.05
0.05
0.05
0.05
0.05
0.05
0.05
0.05
0.05
0.05
0.05
0.05
0.05
0.05
0.05
0.05
0.05
0.05
0.05
0.05
0.05
0.05
0.05
0.05
0.05
0.05
0.05
0.05
0.05
0.05
0.05
0.05
0.05
0.05
0.05
0.05
0.05
0.05
0.05
0.05
0.05
0.05
0.05
0.05
0.05
0.05
0.05
0.05
0.05
0.05
0.05
0.05
0.05
0.05
0.05
0.05
0.05
0.05
0.05
0.05
0.05
0.05
0.05
0.05
0.05
0.05
0.05
0.05
0.05
0.05
0.05
0.05
0.05
0.05
0.05
0.05
0.05
0.05
0.05
0.05
0.05
0.05
0.05
0.05
0.05
0.05
0.05
0.05
0.05
0.05
0.05
0.05
0.05
0.05
0.05
0.05
0.05
0.05
0.05
0.05
0.05
0.05
0.05
0.05
0.05
0.05
0.05
0.05
0.05
0.05
0.05
0.05
0.05
0.05
0.05
0.05
0.05
0.05
0.05
0.05
0.05
0.05
0.05
0.05
0.05
0.05
0.05
0.05
0.05
0.05
0.05
0.05
0.05
0.05
0.05
0.05
0.05
0.05
0.05
0.05
0.05
0.05
0.05
0.05
0.05
0.05
0.05
0.05
0.05
0.05
0.05
0.05
0.05
0.05
0.05
0.05
0.05
0.05
0.05
0.05
0.05
0.05
0.05
0.05
0.05
0.05
0.05
0.05
0.05
0.05
0.05
0.05
0.05
0.05
0.05
0.05
0.05
0.05
0.05
0.05
0.05
0.05
0.05
0.05
0.05
0.05
0.05
0.05
0.05
0.05
0.05
0.05
0.05
0.05
0.05
0.05
0.05
0.05
0.05
0.05
0.05
0.05
0.05
0.05
0.05
0.05
0.05
0.05
0.05
0.05
0.05
0.05
0.05
0.05
0.05
0.05
0.05
0.05
0.05
0.05
0.05
0.05
0.05
0.05
0.05
0.05
0.05
0.05
0.05
0.05
0.05
0.05
0.05
0.05
0.05
0.05
0.05
0.05
0.05
0.05
0.05
0.05
0.05
0.05
0.05
0.05
0.05
0.05
0.05
0.05
0.05
0.05
0.05
0.05
0.05
0.05
0.05
0.05
0.05
0.05
0.05
0.05
0.05
0.05
0.05
0.05
0.05
0.05
0.05
0.05
0.05
0.05
0.05
0.05
0.05
0.05
0.05
0.05
0.05
0.05
0.05
0.05
0.05
0.05
0.05
0.05
0.05
0.05
0.05
0.05
0.05
0.05
0.05
0.05
0.05
0.05
0.05
0.05
0.05
0.05
0.05
0.05
0.05
0.05
0.05
0.05
0.05
0.05
0.05
0.05
0.05
0.05
0.05
0.05
0.05
0.05
0.05
0.05
0.05
0.05
0.05
0.05
0.05
0.05
0.05
0.05
0.05
0.05
0.05
0.05
0.05
0.05
0.05
0.05
0.05
0.05
0.05
0.05
0.05
0.05
0.05
0.05
0.05
0.05
0.05
0.05
0.05
0.05
0.05
0.05
0.05
0.05
0.05
0.05
0.05
0.05
0.05
0.05
0.05
0.05
0.05
0.05
0.05
0.05
0.05
0.05
0.05
0.05
0.05
0.05
0.05
0.05
0.05
0.05
0.05
0.05
0.05
0.05
0.05
0.05
0.05
0.05
0.05
0.05
0.05
0.05
0.05
0.05
0.05
0.05
0.05
0.05
0.05
0.05
0.05
0.05
0.05
0.05
0.05
0.05
0.05
0.05
0.05
0.05
0.05
0.05
0.05
0.05
0.05
0.05
0.05
0.05
0.05
0.05
0.05
0.05
0.05
0.05
0.05
0.05
0.05
0.05
0.05
0.05
0.05
0.05
0.05
0.05
0.05
0.05
0.05
0.05
0.05
0.05
0.05
0.05
0.05
0.05
0.05
0.05
0.05
0.05
0.05
0.05
0.05
0.05
0.05
0.05
0.05
0.05
0.05
0.05
0.05
0.05
0.05
0.05
0.05
0.05
0.05
0.05
0.05
0.05
0.05
0.05
0.05
0.05
0.05
0.05
0.05
0.05
0.05
0.05
0.05
0.05
0.05
0.05
0.05
0.05
0.05
0.05
0.05
0.05
0.05
0.05
0.05
0.05
0.05
0.05
0.05
0.05
0.05
0.05
0.05
0.05
0.05
0.05
0.05
0.05
0.05
0.05
0.05
0.05
0.05
0.05
0.05
0.05
0.05
0.05
0.05
0.05
0.05
0.05
0.05
0.05
0.05
0.05
0.05
0.05
0.05
0.05
0.05
0.05
0.05
0.05
0.05
0.05
0.05
0.05
0.05
0.05
0.05
0.05
0.05
0.05
0.05
0.05
0.05
0.05
0.05
0.05
0.05
0.05
0.05
0.05
0.05
0.05
0.05
0.05
0.05
0.05
0.05
0.05
0.05
0.05
0.05
0.05
0.05
0.05
0.05
0.05
0.05
0.05
0.05
0.05
0.05
0.05
0.05
0.05
0.05
0.05
0.05
0.05
0.05
0.05
0.05
0.05
0.05
0.05
0.05
0.05
0.05
0.05
0.05
0.05
0.05
0.05
0.05
0.05
0.05
0.05
0.05
0.05
0.05
0.05
0.05
0.05
0.05
0.05
0.05
0.05
0.05
0.05
0.05
0.05
0.05
0.05
0.05
0.05
0.05
0.05
0.05
0.05
0.05
0.05
0.05
0.05
0.05
0.05
0.05
0.05
0.05
0.05
0.05
0.05
0.05
0.05
0.05
0.05
0.05
0.05
0.05
0.05
0.05
0.05
0.05
0.05
0.05
0.05
0.05
0.05
0.05
0.05
0.05
0.05
0.05
0.05
0.05
0.05
0.05
0.05
777777