2.22664
999999
-0.0748483
-0.0552239
0.127576
0.122704
-0.189393
-0.188474
-0.0626348
-0.169327
0.193884
0.0900198
-0.027405
-0.039327
-0.0176868
-0.0442828
-0.0437028
0.198913
-0.00529181
-0.0389415
0.102692
-0.145064
-0.0201793
-0.0574616
-0.105997
-0.130241
0.0979901
-0.158617
-0.190847
0.0643725
-0.167236
0.191898
0.151676
-0.187463
-0.0381106
-0.179564
0.163467
0.0246812
0.170106
0.0760707
0.150874
-0.114225
-0.0532095
-0.152163
-0.108561
-0.0713682
-0.120152
0.0697044
0.133293
0.0552523
-0.129249
0.0762092
0.146513
-0.133975
-0.198765
0.158035
0.000979527
-0.0757232
0.0158772
0.0438483
-0.0748513
0.047769
-0.0137634
0.18144
-0.0727782
-0.149817
0.0741925
-0.107443
-0.0501896
0.194193
0.0651365
-0.183997
-0.070538
0.124869
-0.137228
-0.184687
0.0762239
-0.0680187
-0.0309675
-0.147155
-0.186613
-0.0264192
-0.0596548
-0.116234
-0.0438294
0.142027
-0.0593822
0.04893
0.039354
-0.179504
-0.129078
-0.156222
0.0314835
-0.0104471
-0.0490346
0.112158
0.12257
-0.0347206
-0.155088
0.0968057
0.135769
0.199559
-0.185299
-0.115356
0.164594
-0.00347726
-0.168224
0.0615739
-0.0440361
-0.0470562
-0.00603929
-0.0778746
-0.0217332
-0.0955201
0.130806
-0.165565
-0.156307
-0.0304092
0.0400879
0.149111
0.173666
0.119684
0.0146249
0.138492
0.173204
-0.191878
-0.190501
0.0276264
-0.171616
-0.0310149
-0.034812
-0.0374496
0.0194143
0.0906513
-0.103068
0.00437441
-0.0191672
0.165522
0.116951
0.00343628
-0.146959
0.161911
-0.146393
0.0321771
0.136227
0.154021
0.126155
-0.0890772
-0.115697
-0.187285
-0.122364
-0.188849
-0.133543
0.129886
-0.100687
-0.0666778
-0.15487
0.130052
0.166417
-0.0504023
0.131194
-0.13737
0.0268078
0.0441013
-0.17649
-0.0152433
0.103179
-0.038824
0.0100112
0.0326183
0.0596781
0.0225446
-0.090634
0.0188778
0.100091
0.0205479
0.0425929
-0.151022
-0.130676
-0.118823
-0.0157035
0.155328
0.150203
-0.0190452
-0.18022
-0.188513
0.0478875
0.0264513
-0.0409996
0.00431953
0.107733
-0.149539
0.171794
-0.141392
-0.0971873
0.0936787
0.0449483
-0.127553
-0.195126
-0.0643824
0.0285994
0.00119761
0.100928
0.197108
-0.0177416
-0.144582
-0.165539
0.118673
0.155728
-0.0973127
0.126461
-0.0556845
0.185252
0.180036
-0.0846059
0.0096294
0.0833005
0.179406
0.187117
-0.0515034
0.0349284
-0.0464873
0.107382
-0.0154819
0.0712189
-0.198029
0.185961
0.104571
-0.0427155
0.0750885
0.0818624
-0.0108348
0.196952
0.0788277
0.10357
-0.0247663
0.178161
-0.129129
0.000781897
-0.0546262
-0.0961896
0.0974866
0.125767
-0.0732716
0.187705
-0.0399048
0.0372116
0.176969
-0.17282
-0.158885
-0.140008
0.192199
-0.071291
-0.102805
0.183435
0.188081
-0.146972
0.168615
0.195888
-0.082187
-0.0225812
0.110607
0.102366
0.118214
0.121914
-0.146891
0.18636
0.179343
-0.0160442
0.150486
-0.171735
-0.136826
0.106026
-0.0592691
-0.13961
-0.137788
-0.0356575
0.159139
-0.0117106
0.160682
0.146345
-0.0122556
0.0975599
0.110671
-0.0306606
-0.151084
0.0459305
0.106758
0.117443
-0.0973789
-0.170745
0.0647655
-0.0414935
-0.023777
0.193846
0.163823
0.0795942
0.153142
0.0876574
-0.00613436
-0.167683
-0.0552976
-0.0791817
0.135445
-0.175474
0.0300755
0.00785884
-0.0555565
-0.0665995
-0.137679
-0.0670102
-0.0776639
-0.139339
-0.164857
0.182148
-0.107657
-0.179395
-0.179916
0.126602
0.158388
0.120507
0.0779909
-0.0768514
-0.0901358
-0.0503588
-0.0143964
-0.0736552
-0.121712
0.0771542
-0.185637
0.0446666
0.0702845
0.00163351
0.101409
-0.153736
0.0937643
-0.172198
0.101486
-0.0633246
-0.124737
0.0336529
-0.0619909
0.0573432
-0.0463246
-0.0289768
-0.116527
0.0918582
-0.159623
-0.165833
-0.0170138
0.108959
0.00111397
-0.0439476
0.147533
0.133691
-0.126056
0.144134
0.0452665
-0.0619252
0.152635
0.152549
-0.100434
0.0456274
0.0957972
-0.175857
-0.113232
-0.0867123
0.0309744
0.0166147
0.0508175
-0.0240451
0.00247031
0.07934
0.146637
0.151767
-0.188371
-0.134678
-0.0736259
-0.107562
0.0766575
-0.094123
0.120067
0.0202643
0.160463
-0.176864
-0.0805018
-0.0670445
0.0865091
0.168748
-0.0363398
0.181958
-0.101481
-0.171976
-0.199944
-0.068324
-0.164497
-0.193002
-0.0433119
0.0368819
0.199894
-0.0793354
-0.141233
-0.188286
-0.0737157
-0.0891865
0.0323282
0.171124
0.15308
-0.0344706
0.154218
0.0502168
0.144365
-0.0734943
-0.183256
-0.0884165
0.12278
-0.071773
-0.155531
-0.0670441
0.000513328
0.0511596
-0.188764
0.0288646
-0.0737503
0.045006
0.18917
-0.094683
0.197185
0.0926336
0.00125963
0.0332791
-0.0962023
-0.0864656
0.0425787
0.0596645
-0.011802
0.193798
-0.0131764
0.117407
0.0119491
-0.157615
-0.186453
-0.0764478
-0.196717
-0.0771933
-0.123057
-0.0484823
-0.148606
-0.125051
-0.0510311
-0.182766
0.187393
-0.0197868
0.116968
-0.0579456
-0.16713
-0.0571993
-0.152906
0.104909
-0.144007
0.0720249
-0.14628
-0.0289044
-0.026568
-0.0830811
-0.183808
-0.130393
-0.0538092
0.133227
-0.160944
-0.0866627
-3.61779e-05
-0.0570519
0.0324355
-0.130039
0.0302372
-0.173007
0.0438004
-0.185083
-0.0542597
-0.170437
0.082493
-0.147195
-0.171116
0.0339613
0.113722
0.0957555
0.116131
-0.144721
0.159482
0.121443
-0.0873938
-0.0740848
0.100624
-0.107075
0.0241709
-0.0866411
-0.135462
-0.156892
0.0219312
0.0934831
0.0929836
0.0115871
-0.145881
-0.109118
0.166098
0.0518669
0.196204
0.0456466
0.0092881
0.0921164
0.0680533
0.0867262
0.171345
0.1001
-0.12257
-0.0896657
0.0307952
-0.0253171
-0.146462
-0.0694805
-0.0140631
-0.19771
0.00453165
0.196303
-0.134682
-0.057317
-0.151059
0.130621
0.139841
-0.125747
0.193785
0.160634
0.059153
-0.173484
0.143456
-0.00110132
0.167572
-0.0517461
-0.065891
-0.114524
-0.144007
-0.174085
0.0195495
0.079409
-0.139161
-0.197592
0.184177
0.00185446
-0.109231
-0.158536
-0.102274
0.198921
-0.131298
-0.0986851
-0.150422
0.183454
-0.177138
-0.0761041
0.0934665
0.109249
-0.174048
0.0527678
0.177214
-0.00116333
0.108744
0.0681453
0.175168
-0.0754312
-0.130623
0.112777
0.0347542
-0.15629
-0.00107976
-0.0449554
0.0354311
0.052001
-0.0162626
0.122908
-0.0724345
0.05107
-0.0820379
0.0291202
0.163743
0.0966031
0.160155
-0.184827
-0.111699
-0.133753
-0.110534
0.0057112
-0.177614
0.136158
-0.102169
0.117549
0.0763709
-0.146471
-0.0212689
-0.141905
-0.0305052
-0.0594642
0.00632048
-0.0310735
-0.191281
0.127471
-0.100503
-0.0988197
0.154342
0.0980078
0.0850954
-0.179837
0.0658444
0.136912
0.0372194
-0.0404425
0.0856818
-0.0935533
-0.136291
-0.0882019
-0.0102661
-0.0541632
0.0925838
-0.0293207
-0.126419
-0.191972
0.0751618
0.112932
-0.168743
0.133744
0.0099453
-0.00596844
0.0752343
0.0129673
-0.0192397
0.0638502
0.131995
0.0623729
-0.185853
-0.0605803
0.198422
-0.141034
0.152696
0.168008
-0.145014
0.142463
0.0372033
-0.195186
0.0933038
-0.105566
-0.0802785
0.125276
-0.165468
0.0186302
0.109996
-0.0469428
0.148039
0.115144
-0.119146
-0.0905737
0.178924
0.0647197
-0.174462
-0.0465147
-0.0535711
0.00390802
-0.0711402
-0.0171743
-0.0814863
-0.147086
-0.0236951
0.0801164
0.0342544
-0.109771
-0.135438
-0.0599248
-0.0700843
0.182729
-0.152685
0.15932
0.0556558
0.0688956
0.112773
0.118359
0.0523398
-0.0644617
-0.1369
-0.132479
0.0618062
0.19579
-0.00260176
-0.123673
0.0314654
-0.0798356
0.0532152
-0.177104
-0.0227715
0.148963
-0.185962
-0.157102
0.183165
-0.093262
0.117721
-0.171845
0.175988
0.178138
0.055994
-0.14721
-0.158778
-0.0643744
-0.194124
0.126133
-0.0257462
0.00657522
0.152375
-0.185981
0.172836
0.168678
-0.126322
0.141984
-0.0266808
-0.14434
0.198561
0.155991
-0.00225106
-0.0488021
-0.188027
0.195611
0.0226814
0.0952605
-0.0330212
-0.0902639
-0.0886124
-0.0747304
-0.15437
-0.103191
-0.18954
-0.0266794
0.16679
-0.102272
-0.0086478
0.0180687
-0.182407
0.0220313
0.133246
-0.144553
0.126521
-0.102155
-0.186284
0.132159
0.199242
0.169694
-0.13432
0.098018
0.108738
0.146109
-0.0228565
-0.0553784
-0.119281
0.196319
0.11375
0.173827
0.199114
-0.194154
0.141337
0.015464
-0.00711807
0.0408261
-0.19714
0.0183086
0.111671
0.103232
-0.185207
-0.0611403
0.109145
-0.0738906
0.0568229
0.0915114
0.0736166
0.0479478
0.0524514
0.163471
0.0437103
-0.129348
-0.0580108
-0.0892429
-0.188108
0.0679421
-0.146637
-0.199397
-0.0594148
0.0772892
0.0197407
-0.143984
-0.199073
-0.164657
0.187199
-0.109887
-0.0666593
0.0986653
-0.160421
0.0961889
0.182039
-0.0548204
0.0858586
0.151564
0.197435
-0.166417
0.159426
0.159206
0.0454979
-0.12151
-0.0471637
0.194929
0.0812679
0.00300212
-0.14073
-0.0334659
-0.0681569
0.151131
-0.119307
0.181436
-0.190805
-0.0439147
-0.051455
0.156252
0.144104
0.0449336
0.172132
0.179643
-0.173564
-0.031164
-0.152816
0.00323282
-0.0697162
-0.189982
-0.0405238
-0.000291871
-0.0505493
-0.118178
0.0289748
0.069241
0.0104392
-0.0943922
-0.0966675
0.154959
0.0832294
-0.146029
0.176695
0.113318
0.0727012
-0.180943
0.105392
0.168877
-0.0343756
0.119229
-0.0922935
0.160588
0.157398
-0.0965239
0.171274
-0.0654818
-0.0630735
0.108589
-0.00516642
-0.153009
0.0952914
0.0886015
-0.168866
-0.153333
0.174894
0.191191
0.0602756
0.102577
0.0767888
-0.162407
0.0433278
0.193764
0.175728
0.045103
0.111736
-0.0426114
-0.194303
-0.0308713
0.0255812
-0.159125
0.113987
-0.0595832
-0.134907
0.0301496
-0.0445153
0.0703843
-0.168186
0.156137
-0.0151519
-0.010345
-0.0788453
-0.0825891
0.058161
-0.085877
-0.0864498
-0.161909
0.150597
-0.17484
-0.0989091
0.0561377
-0.157669
0.185667
0.170719
0.134481
-0.172424
-0.14596
-0.183333
0.188508
-0.0035966
0.198643
-0.0665587
-0.13752
0.117873
0.196696
-0.0846369
0.0639443
0.0771606
-0.163312
0.0942985
0.188966
0.114039
-0.00560611
-0.103195
0.0148348
-0.167492
0.0731625
0.178942
0.083836
-0.166176
-0.0693808
0.0711802
0.117928
-0.0976422
-0.0167333
-0.084924
0.0940997
-0.0960195
-0.0889018
-0.136728
0.0250578
0.170056
-0.098439
-0.0444258
-0.104469
-0.190235
0.000443323
-0.0796362
0.0799647
0.0287762
0.0429051
-0.130363
-0.0266193
0.0294152
-0.0114964
0.0452471
-0.14721
0.0512479
0.102781
0.000535994
0.0595754
0.0878112
0.188364
-0.122471
0.106347
-0.0400946
-0.0440966
0.0849416
0.0245203
0.18146
0.0475189
0.145301
0.148469
0.159647
-0.174948
-0.126789
-0.196175
0.153829
-0.110416
-0.000641055
-0.124233
-0.13311
-0.131692
-0.0180956
-0.0342175
-0.184332
-0.110991
0.150298
-0.0370164
0.0871197
-0.196535
0.0943718
-0.146326
-0.0425414
0.0173573
0.064482
0.140104
-0.182112
0.00806214
-0.179889
0.039822
0.148509
0.109214
0.0685108
0.0303108
0.0265722
-0.00363193
0.0624936
-0.00667703
0.17448
0.162705
-0.18782
0.0895511
0.165516
-0.137788
-0.0885468
-0.00511576
-0.103041
-0.124624
-0.154064
-0.146988
-0.159488
0.0140388
-0.10113
-0.160248
0.100809
-0.00294881
-0.100893
0.17424
-0.106283
0.128516
-0.171289
0.176655
0.051532
-0.00635748
0.0887014
-0.100232
-0.0620057
0.0595915
0.0113169
0.095216
0.0848928
-0.156449
-0.196562
0.167854
-0.179973
0.0690204
0.134141
0.0363448
-0.0331386
-0.186271
-0.188111
0.071045
0.0274015
0.091699
-0.180516
-0.0317679
-0.0413513
0.190668
0.176045
-0.0616432
-0.07843
0.00633764
0.120266
0.0976687
0.0500035
0.0658333
0.169572
0.0615617
-0.0411305
-0.185582
-0.0726292
0.15701
-0.0747335
-0.090489
0.0196635
-0.129537
0.12196
-0.199494
-0.035277
-0.0289517
0.0840009
0.0451394
0.0790669
0.0445197
-0.0273654
-0.0826225
0.0854211
-0.189189
-0.0502635
0.144424
-0.0846667
0.185286
0.176324
-0.121736
-0.144287
0.148024
0.0359085
0.071666
-0.0889475
0.117299
0.0130984
-0.126624
-0.0676601
0.153324
-0.193644
0.0887635
-0.0826859
-0.0346966
-0.119867
0.0926756
-0.124532
-0.0476437
-0.173025
0.142387
-0.139617
0.144147
-0.0916154
0.132129
0.140419
0.103203
-0.040316
0.151231
-0.134666
-0.149487
0.0483841
-0.00724999
-0.0958275
0.027358
0.113464
0.115728
0.180276
-0.0797882
-0.194607
-0.0194615
-0.0530926
0.129369
-0.0944908
-0.0635073
-0.0953296
-0.17174
0.0992289
0.136996
0.198619
-0.0263039
-0.0524525
-0.152351
0.178594
0.0692416
0.00686305
0.0648831
0.0856708
0.175974
-0.102754
-0.0388623
0.150168
-0.157534
0.0804546
-0.0188348
0.137793
-0.0077292
0.0517648
0.145729
-0.143611
0.194154
0.0364267
0.188088
-0.144317
-0.0455092
-0.187771
0.0886662
0.146017
0.17528
0.186184
-0.0924605
-0.00186582
0.103554
-0.18642
0.17632
0.0813237
-0.0707382
0.142186
-0.0519527
-0.122328
-0.0956136
0.0963593
0.171034
0.123584
0.126148
0.103688
0.0736512
0.18051
0.174944
0.10171
0.157377
0.193206
-0.117269
0.105842
-0.175464
-0.15785
-0.126016
-0.125086
0.105028
0.199139
-0.148595
0.113825
0.0393467
0.156311
0.170607
0.169332
-0.0361689
-0.161224
-0.103983
0.0547231
0.185606
0.0245184
0.0420451
-0.106081
-0.169253
0.00832395
0.0107637
0.0794036
0.14399
0.145365
0.111449
0.16889
0.112763
0.108368
0.139637
0.189452
0.0552702
0.152002
-0.102746
0.0448937
0.0225905
-0.0405862
0.0557512
-0.0701982
0.0738448
0.131117
-0.0464683
-0.0223798
0.0282071
0.168107
-0.0991972
0.0536455
-0.0104774
-0.0899567
-0.166239
0.109122
-0.148785
-0.0163423
0.0129067
-0.0139129
-0.0837574
0.0570361
0.0161912
0.0266399
0.0180098
0.0604784
0.0411662
0.178804
0.173428
-0.081725
0.130289
0.139988
-0.0489596
-0.0818216
0.186478
-0.132625
-0.0798364
-0.016856
0.128143
-0.0113704
-0.196694
0.0528055
0.0795653
0.00702555
-0.0702717
0.197282
0.0814861
0.180168
0.0398113
-0.0711614
0.116174
-0.00708385
0.0556951
-0.14855
-0.141742
0.080835
-0.0675003
-0.16057
-0.160316
-0.0230657
-0.0282299
-0.0244921
0.0760301
-0.181406
0.0201656
-0.164374
0.163023
0.176742
-0.0156487
-0.0955065
0.108825
-0.103547
0.103583
0.143398
0.120343
0.0307213
-0.130663
-0.0857768
-0.141622
0.140174
0.0811898
-0.133208
-0.00474664
0.186125
-0.0851158
0.15039
-0.165269
0.0585251
-0.0978979
-0.155033
0.176439
0.0476624
-0.124229
-0.155929
0.195142
0.108226
0.0776174
-0.0890358
-0.15238
-0.0719054
0.0611303
-0.000834044
-0.120707
0.167015
-0.111078
-0.170985
0.00541944
0.112861
-0.0142857
-0.130328
0.0733397
-0.110775
0.0728127
0.0290576
-0.0487862
-0.162009
0.176039
-0.163707
0.160157
0.0219368
0.184977
0.108007
0.119543
-0.198079
-0.139342
0.0168074
0.193448
0.105908
-0.0725277
-0.123508
0.0142003
-0.104383
-0.0851441
-0.00988576
0.0966297
0.147937
0.00462502
-0.0911279
-0.15049
-0.0939418
0.0945588
0.00782923
0.0731396
0.154311
-0.187544
-0.137866
0.121555
0.153385
0.0207118
-0.134329
-0.158794
-0.193774
-0.0479283
0.0649408
0.0235515
-0.13491
0.0947278
0.167045
0.0987298
-0.140272
0.0453215
0.100266
-0.183273
-0.164198
-0.0563477
0.00291925
-0.197576
-0.152179
0.124259
-0.10653
0.19172
0.0579061
-0.161816
-0.146887
0.0520358
0.198559
0.0242917
-0.0414957
0.0135018
-0.0737627
-0.0474653
-0.0652212
-0.0612801
-0.00509236
0.0373872
-0.18907
-0.0445142
0.0100713
0.095456
-0.0287494
0.0145876
-0.0913563
-0.141244
-0.132003
-0.0820976
0.0107904
-0.194542
-0.195899
0.0184422
0.0141568
-0.107389
0.10562
0.117322
0.0287073
0.135103
-0.122083
0.0726231
-0.0652969
-0.104565
-0.108009
-0.0310616
-0.0834217
0.0506181
0.165132
0.0203764
0.179588
0.00284065
-0.00562822
-0.173035
-0.0998628
-0.108093
0.052111
-0.0783681
0.0860231
0.0888481
0.151153
-0.145833
0.0245759
-0.185562
-0.0703415
-0.104178
0.14293
0.188718
-0.123566
0.170526
-0.00413787
0.174383
-0.0842946
0.0735909
-0.0773087
0.0181014
0.128216
0.164432
-0.00412779
-0.114542
0.129983
0.0988826
-0.0229126
0.0906334
0.110559
-0.181957
-0.176193
0.0839403
-0.158086
0.0955597
0.189481
0.0622646
0.13655
0.0893205
0.0328709
-0.187266
0.0563416
-0.157959
0.191103
-0.0461122
-0.0930571
-0.127752
-0.196834
0.0365903
0.025265
0.000932028
-0.0882197
-0.0427064
0.112341
-0.189703
0.0118946
0.142042
-0.182391
-0.13815
-0.0227464
-0.0334662
-0.0121763
0.0923173
-0.104504
-0.184961
-0.163497
0.0925122
0.15191
-0.133
-0.0386854
0.0810154
-0.19413
0.19005
-0.0504074
0.0494816
-0.0446335
-0.0842097
0.0130902
-0.114075
0.118041
-0.00951314
0.129379
-0.0497173
-0.000657324
-0.00593496
-0.0812886
0.159546
0.0251729
-0.187458
-0.120019
0.189696
0.0462777
0.1829
0.118015
-0.0741195
-0.171863
0.00744916
-0.0312444
-0.0526962
0.118833
0.107969
-0.00539687
-0.00358988
0.112268
0.0937106
-0.0183859
0.19501
-0.00953578
-0.115865
-0.123478
-0.198801
0.0917975
0.0946852
0.000592689
-0.164435
0.0837229
-0.191982
0.166914
0.0822684
-0.107627
-0.010564
-0.145524
-0.0279803
-0.0398636
-0.00271911
0.000516713
0.115232
0.018121
-0.0275121
-0.169685
0.195051
0.0791092
0.0643719
0.148481
0.142974
0.0104461
0.0388536
0.166715
-0.0064115
0.0790502
0.0461434
0.0452383
-0.184618
0.142851
-0.00383316
-0.139899
-0.086245
-0.00394572
0.00928879
0.00470792
0.143207
0.0169758
0.0127466
0.134233
0.133229
0.00415906
-0.168677
0.00409568
-0.154364
-0.141288
0.149933
-0.146689
0.117708
-0.0715074
-0.143911
-0.0475192
0.0932461
0.081832
-0.168094
0.144053
0.105737
0.0439483
-0.178
-0.196389
-0.0939402
0.0446926
0.19716
0.129795
-0.0400551
-0.0113291
0.00852553
0.111298
0.0304395
-0.188456
-0.0042842
-0.0394446
-0.114308
0.11114
0.0121097
-0.16458
0.125004
-0.10938
-0.181919
0.194259
0.199691
0.122854
0.124034
0.0726592
0.145573
0.0302715
0.134944
-0.0471557
-0.0949964
0.122007
0.142704
0.0710613
0.19477
-0.0840048
0.0225003
-0.124622
-0.0275701
0.0988623
0.192088
-0.194593
-0.119357
-0.134919
0.0519842
0.0584032
-0.169029
0.0999106
-0.159953
-0.0417418
0.0758625
0.0460241
-0.11744
0.123909
-0.150094
0.10189
0.129001
-0.00202219
0.0075013
-0.122423
-0.121568
0.163741
888888
0.05
0.05
0.05
0.05
0.05
0.05
0.05
0.05
0.05
0.05
0.05
0.05
0.05
0.05
0.05
0.05
0.05
0.05
0.05
0.05
0.05
0.05
0.05
0.05
0.05
0.05
0.05
0.05
0.05
0.05
0.05
0.05
0.05
0.05
0.05
0.05
0.05
0.05
0.05
0.05
0.05
0.05
0.05
0.05
0.05
0.05
0.05
0.05
0.05
0.05
0.05
0.05
0.05
0.05
0.05
0.05
0.05
0.05
0.05
0.05
0.05
0.05
0.05
0.05
0.05
0.05
0.05
0.05
0.05
0.05
0.05
0.05
0.05
0.05
0.05
0.05
0.05
0.05
0.05
0.05
0.05
0.05
0.05
0.05
0.05
0.05
0.05
0.05
0.05
0.05
0.05
0.05
0.05
0.05
0.05
0.05
0.05
0.05
0.05
0.05
0.05
0.05
0.05
0.05
0.05
0.05
0.05
0.05
0.05
0.05
0.05
0.05
0.05
0.05
0.05
0.05
0.05
0.05
0.05
0.05
0.05
0.05
0.05
0.05
0.05
0.05
0.05
0.05
0.05
0.05
0.05
0.05
0.05
0.05
0.05
0.05
0.05
0.05
0.05
0.05
0.05
0.05
0.05
0.05
0.05
0.05
0.05
0.05
0.05
0.05
0.05
0.05
0.05
0.05
0.05
0.05
0.05
0.05
0.05
0.05
0.05
0.05
0.05
0.05
0.05
0.05
0.05
0.05
0.05
0.05
0.05
0.05
0.05
0.05
0.05
0.05
0.05
0.05
0.05
0.05
0.05
0.05
0.05
0.05
0.05
0.05
0.05
0.05
0.05
0.05
0.05
0.05
0.05
0.05
0.05
0.05
0.05
0.05
0.05
0.05
0.05
0.05
0.05
0.05
0.05
0.05
0.05
0.05
0.05
0.05
0.05
0.05
0.05
0.05
0.05
0.05
0.05
0.05
0.05
0.05
0.05
0.05
0.05
0.05
0.05
0.05
0.05
0.05
0.05
0.05
0.05
0.05
0.05
0.05
0.05
0.05
0.05
0.05
0.05
0.05
0.05
0.05
0.05
0.05
0.05
0.05
0.05
0.05
0.05
0.05
0.05
0.05
0.05
0.05
0.05
0.05
0.05
0.05
0.05
0.05
0.05
0.05
0.05
0.05
0.05
0.05
0.05
0.05
0.05
0.05
0.05
0.05
0.05
0.05
0.05
0.05
0.05
0.05
0.05
0.05
0.05
0.05
0.05
0.05
0.05
0.05
0.05
0.05
0.05
0.05
0.05
0.05
0.05
0.05
0.05
0.05
0.05
0.05
0.05
0.05
0.05
0.05
0.05
0.05
0.05
0.05
0.05
0.05
0.05
0.05
0.05
0.05
0.05
0.05
0.05
0.05
0.05
0.05
0.05
0.05
0.05
0.05
0.05
0.05
0.05
0.05
0.05
0.05
0.05
0.05
0.05
0.05
0.05
0.05
0.05
0.05
0.05
0.05
0.05
0.05
0.05
0.05
0.05
0.05
0.05
0.05
0.05
0.05
0.05
0.05
0.05
0.05
0.05
0.05
0.05
0.05
0.05
0.05
0.05
0.05
0.05
0.05
0.05
0.05
0.05
0.05
0.05
0.05
0.05
0.05
0.05
0.05
0.05
0.05
0.05
0.05
0.05
0.05
0.05
0.05
0.05
0.05
0.05
0.05
0.05
0.05
0.05
0.05
0.05
0.05
0.05
0.05
0.05
0.05
0.05
0.05
0.05
0.05
0.05
0.05
0.05
0.05
0.05
0.05
0.05
0.05
0.05
0.05
0.05
0.05
0.05
0.05
0.05
0.05
0.05
0.05
0.05
0.05
0.05
0.05
0.05
0.05
0.05
0.05
0.05
0.05
0.05
0.05
0.05
0.05
0.05
0.05
0.05
0.05
0.05
0.05
0.05
0.05
0.05
0.05
0.05
0.05
0.05
0.05
0.05
0.05
0.05
0.05
0.05
0.05
0.05
0.05
0.05
0.05
0.05
0.05
0.05
0.05
0.05
0.05
0.05
0.05
0.05
0.05
0.05
0.05
0.05
0.05
0.05
0.05
0.05
0.05
0.05
0.05
0.05
0.05
0.05
0.05
0.05
0.05
0.05
0.05
0.05
0.05
0.05
0.05
0.05
0.05
0.05
0.05
0.05
0.05
0.05
0.05
0.05
0.05
0.05
0.05
0.05
0.05
0.05
0.05
0.05
0.05
0.05
0.05
0.05
0.05
0.05
0.05
0.05
0.05
0.05
0.05
0.05
0.05
0.05
0.05
0.05
0.05
0.05
0.05
0.05
0.05
0.05
0.05
0.05
0.05
0.05
0.05
0.05
0.05
0.05
0.05
0.05
0.05
0.05
0.05
0.05
0.05
0.05
0.05
0.05
0.05
0.05
0.05
0.05
0.05
0.05
0.05
0.05
0.05
0.05
0.05
0.05
0.05
0.05
0.05
0.05
0.05
0.05
0.05
0.05
0.05
0.05
0.05
0.05
0.05
0.05
0.05
0.05
0.05
0.05
0.05
0.05
0.05
0.05
0.05
0.05
0.05
0.05
0.05
0.05
0.05
0.05
0.05
0.05
0.05
0.05
0.05
0.05
0.05
0.05
0.05
0.05
0.05
0.05
0.05
0.05
0.05
0.05
0.05
0.05
0.05
0.05
0.05
0.05
0.05
0.05
0.05
0.05
0.05
0.05
0.05
0.05
0.05
0.05
0.05
0.05
0.05
0.05
0.05
0.05
0.05
0.05
0.05
0.05
0.05
0.05
0.05
0.05
0.05
0.05
0.05
0.05
0.05
0.05
0.05
0.05
0.05
0.05
0.05
0.05
0.05
0.05
0.05
0.05
0.05
0.05
0.05
0.05
0.05
0.05
0.05
0.05
0.05
0.05
0.05
0.05
0.05
0.05
0.05
0.05
0.05
0.05
0.05
0.05
0.05
0.05
0.05
0.05
0.05
0.05
0.05
0.05
0.05
0.05
0.05
0.05
0.05
0.05
0.05
0.05
0.05
0.05
0.05
0.05
0.05
0.05
0.05
0.05
0.05
0.05
0.05
0.05
0.05
0.05
0.05
0.05
0.05
0.05
0.05
0.05
0.05
0.05
0.05
0.05
0.05
0.05
0.05
0.05
0.05
0.05
0.05
0.05
0.05
0.05
0.05
0.05
0.05
0.05
0.05
0.05
0.05
0.05
0.05
0.05
0.05
0.05
0.05
0.05
0.05
0.05
0.05
0.05
0.05
0.05
0.05
0.05
0.05
0.05
0.05
0.05
0.05
0.05
0.05
0.05
0.05
0.05
0.05
0.05
0.05
0.05
0.05
0.05
0.05
0.05
0.05
0.05
0.05
0.05
0.05
0.05
0.05
0.05
0.05
0.05
0.05
0.05
0.05
0.05
0.05
0.05
0.05
0.05
0.05
0.05
0.05
0.05
0.05
0.05
0.05
0.05
0.05
0.05
0.05
0.05
0.05
0.05
0.05
0.05
0.05
0.05
0.05
0.05
0.05
0.05
0.05
0.05
0.05
0.05
0.05
0.05
0.05
0.05
0.05
0.05
0.05
0.05
0.05
0.05
0.05
0.05
0.05
0.05
0.05
0.05
0.05
0.05
0.05
0.05
0.05
0.05
0.05
0.05
0.05
0.05
0.05
0.05
0.05
0.05
0.05
0.05
0.05
0.05
0.05
0.05
0.05
0.05
0.05
0.05
0.05
0.05
0.05
0.05
0.05
0.05
0.05
0.05
0.05
0.05
0.05
0.05
0.05
0.05
0.05
0.05
0.05
0.05
0.05
0.05
0.05
0.05
0.05
0.05
0.05
0.05
0.05
0.05
0.05
0.05
0.05
0.05
0.05
0.05
0.05
0.05
0.05
0.05
0.05
0.05
0.05
0.05
0.05
0.05
0.05
0.05
0.05
0.05
0.05
0.05
0.05
0.05
0.05
0.05
0.05
0.05
0.05
0.05
0.05
0.05
0.05
0.05
0.05
0.05
0.05
0.05
0.05
0.05
0.05
0.05
0.05
0.05
0.05
0.05
0.05
0.05
0.05
0.05
0.05
0.05
0.05
0.05
0.05
0.05
0.05
0.05
0.05
0.05
0.05
0.05
0.05
0.05
0.05
0.05
0.05
0.05
0.05
0.05
0.05
0.05
0.05
0.05
0.05
0.05
0.05
0.05
0.05
0.05
0.05
0.05
0.05
0.05
0.05
0.05
0.05
0.05
0.05
0.05
0.05
0.05
0.05
0.05
0.05
0.05
0.05
0.05
0.05
0.05
0.05
0.05
0.05
0.05
0.05
0.05
0.05
0.05
0.05
0.05
0.05
0.05
0.05
0.05
0.05
0.05
0.05
0.05
0.05
0.05
0.05
0.05
0.05
0.05
0.05
0.05
0.05
0.05
0.05
0.05
0.05
0.05
0.05
0.05
0.05
0.05
0.05
0.05
0.05
0.05
0.05
0.05
0.05
0.05
0.05
0.05
0.05
0.05
0.05
0.05
0.05
0.05
0.05
0.05
0.05
0.05
0.05
0.05
0.05
0.05
0.05
0.05
0.05
0.05
0.05
0.05
0.05
0.05
0.05
0.05
0.05
0.05
0.05
0.05
0.05
0.05
0.05
0.05
0.05
0.05
0.05
0.05
0.05
0.05
0.05
0.05
0.05
0.05
0.05
0.05
0.05
0.05
0.05
0.05
0.05
0.05
0.05
0.05
0.05
0.05
0.05
0.05
0.05
0.05
0.05
0.05
0.05
0.05
0.05
0.05
0.05
0.05
0.05
0.05
0.05
0.05
0.05
0.05
0.05
0.05
0.05
0.05
0.05
0.05
0.05
0.05
0.05
0.05
0.05
0.05
0.05
0.05
0.05
0.05
0.05
0.05
0.05
0.05
0.05
0.05
0.05
0.05
0.05
0.05
0.05
0.05
0.05
0.05
0.05
0.05
0.05
0.05
0.05
0.05
0.05
0.05
0.05
0.05
0.05
0.05
0.05
0.05
0.05
0.05
0.05
0.05
0.05
0.05
0.05
0.05
0.05
0.05
0.05
0.05
0.05
0.05
0.05
0.05
0.05
0.05
0.05
0.05
0.05
0.05
0.05
0.05
0.05
0.05
0.05
0.05
0.05
0.05
0.05
0.05
0.05
0.05
0.05
0.05
0.05
0.05
0.05
0.05
0.05
0.05
0.05
0.05
0.05
0.05
0.05
0.05
0.05
0.05
0.05
0.05
0.05
0.05
0.05
0.05
0.05
0.05
0.05
0.05
0.05
0.05
0.05
0.05
0.05
0.05
0.05
0.05
0.05
0.05
0.05
0.05
0.05
0.05
0.05
0.05
0.05
0.05
0.05
0.05
0.05
0.05
0.05
0.05
0.05
0.05
0.05
0.05
0.05
0.05
0.05
0.05
0.05
0.05
0.05
0.05
0.05
0.05
0.05
0.05
0.05
0.05
0.05
0.05
0.05
0.05
0.05
0.05
0.05
0.05
0.05
0.05
0.05
0.05
0.05
0.05
0.05
0.05
0.05
0.05
0.05
0.05
0.05
0.05
0.05
0.05
0.05
0.05
0.05
0.05
0.05
0.05
0.05
0.05
0.05
0.05
0.05
0.05
0.05
0.05
0.05
0.05
0.05
0.05
0.05
0.05
0.05
0.05
0.05
0.05
0.05
0.05
0.05
0.05
0.05
0.05
0.05
0.05
0.05
0.05
0.05
0.05
0.05
0.05
0.05
0.05
0.05
0.05
0.05
0.05
0.05
0.05
0.05
0.05
0.05
0.05
0.05
0.05
0.05
0.05
0.05
0.05
0.05
0.05
0.05
0.05
0.05
0.05
0.05
0.05
0.05
0.05
0.05
0.05
0.05
0.05
0.05
0.05
0.05
0.05
0.05
0.05
0.05
0.05
0.05
0.05
0.05
0.05
0.05
0.05
0.05
0.05
0.05
0.05
0.05
0.05
0.05
0.05
0.05
0.05
0.05
0.05
0.05
0.05
0.05
0.05
0.05
0.05
0.05
0.05
0.05
0.05
0.05
0.05
0.05
0.05
0.05
0.05
0.05
0.05
0.05
0.05
0.05
0.05
0.05
0.05
0.05
0.05
0.05
0.05
0.05
0.05
0.05
0.05
0.05
0.05
0.05
0.05
0.05
0.05
0.05
0.05
0.05
0.05
0.05
0.05
0.05
0.05
0.05
0.05
0.05
0.05
0.05
0.05
0.05
0.05
0.05
0.05
0.05
0.05
0.05
0.05
0.05
0.05
0.05
0.05
0.05
0.05
0.05
0.05
0.05
0.05
0.05
0.05
0.05
0.05
0.05
0.05
0.05
0.05
0.05
0.05
0.05
0.05
0.05
0.05
0.05
0.05
0.05
0.05
0.05
0.05
0.05
0.05
0.05
0.05
0.05
0.05
0.05
0.05
0.05
0.05
0.05
0.05
0.05
0.05
0.05
0.05
0.05
0.05
0.05
0.05
0.05
0.05
0.05
0.05
0.05
0.05
0.05
0.05
0.05
0.05
0.05
0.05
0.05
0.05
0.05
0.05
0.05
0.05
0.05
0.05
0.05
0.05
0.05
0.05
0.05
0.05
0.05
0.05
0.05
0.05
0.05
0.05
0.05
0.05
0.05
0.05
0.05
0.05
0.05
0.05
0.05
0.05
0.05
0.05
0.05
0.05
0.05
0.05
0.05
0.05
0.05
0.05
0.05
0.05
0.05
0.05
0.05
0.05
0.05
0.05
0.05
0.05
0.05
0.05
0.05
0.05
0.05
0.05
0.05
0.05
0.05
0.05
0.05
0.05
0.05
0.05
0.05
0.05
0.05
0.05
0.05
0.05
0.05
0.05
0.05
0.05
0.05
0.05
0.05
0.05
0.05
0.05
0.05
0.05
0.05
0.05
0.05
0.05
0.05
0.05
0.05
0.05
0.05
0.05
0.05
0.05
0.05
0.05
0.05
0.05
0.05
0.05
0.05
0.05
0.05
0.05
0.05
0.05
0.05
0.05
0.05
0.05
0.05
0.05
0.05
0.05
0.05
0.05
0.05
0.05
0.05
0.05
0.05
0.05
0.05
0.05
0.05
0.05
0.05
0.05
0.05
0.05
0.05
0.05
0.05
0.05
0.05
0.05
0.05
0.05
0.05
0.05
0.05
0.05
0.05
0.05
0.05
0.05
0.05
0.05
0.05
0.05
0.05
0.05
0.05
0.05
0.05
0.05
0.05
0.05
0.05
0.05
0.05
0.05
0.05
0.05
0.05
0.05
0.05
0.05
0.05
0.05
0.05
0.05
0.05
0.05
0.05
0.05
0.05
0.05
0.05
0.05
0.05
0.05
0.05
0.05
0.05
0.05
0.05
0.05
0.05
0.05
0.05
0.05
0.05
0.05
0.05
0.05
0.05
0.05
0.05
0.05
0.05
0.05
0.05
0.05
0.05
0.05
0.05
0.05
0.05
0.05
0.05
0.05
0.05
0.05
0.05
777777