1.43751
999999
0.0251719
0.0181062
0.11429
0.150644
0.104348
0.0905081
0.0491459
-0.123111
-0.0387342
-0.122679
0.131237
-0.08618
-0.0992675
0.0545823
-0.0179586
0.115339
0.0283223
-0.029014
-0.061588
0.0310059
-0.15966
-0.190523
-0.196113
-0.0891907
0.182315
0.182571
-0.0137518
-0.193969
-0.00486659
0.0706403
0.174468
-0.0407239
-0.137188
0.0511504
0.091827
0.170045
0.105435
0.045694
0.00779603
-0.168652
-0.113914
-0.102753
-0.0228297
-0.0007464
-0.0824305
-0.160399
-0.157427
0.0407421
0.193858
-0.0168946
0.00403322
0.0611405
-0.151825
-0.0607865
-0.0329985
-0.19696
-0.0619668
0.159132
-0.119708
-0.00335004
0.00337603
-0.00133077
0.0381624
0.199717
-0.0303225
0.00832115
-0.179176
-0.141957
0.194428
-0.139899
-0.0615366
0.114534
0.0678208
-0.0667235
0.0112664
0.0981494
0.128699
0.00463856
0.197266
-0.147096
-0.00036563
-0.145076
-0.19198
-0.123389
-0.0534453
0.181708
0.01754
0.174153
0.0849495
-0.158945
0.14649
-0.0446615
0.00468441
0.0639903
0.0735602
-0.0517966
0.0291805
0.0215183
-0.0628716
-0.0396693
-0.0721791
-0.135406
-0.0890615
0.0957508
0.111424
-0.146258
0.196654
0.188741
0.0162211
0.0510367
0.152716
-0.00706863
0.0859971
-0.0103235
0.138674
-0.0643479
-0.017388
-0.127201
-0.150152
0.0853119
0.164941
0.093032
-0.0240174
-0.0949676
-0.0049769
-0.0561498
-0.00278594
-0.0335403
0.0903779
-0.108101
-0.0406386
-0.126716
-0.160168
0.163049
0.104668
-0.198317
0.00914061
-0.00702968
0.098507
0.0545565
-0.0878823
-0.165247
0.139509
-0.194875
-0.140482
-0.0756173
0.178205
-0.0118904
0.117567
-0.0142555
0.196746
0.152262
-0.181909
-0.0569643
-0.0200936
0.187691
-0.121189
-0.101314
0.149026
-0.0715318
-0.144386
0.0136505
-0.150227
0.0845869
-0.138734
-0.130966
-0.146722
-0.123596
0.0604449
0.0234877
0.00180044
-0.161634
-0.0293412
0.179662
-0.139517
0.172164
0.0237651
-0.036272
0.0933149
0.036884
-0.111419
0.0922473
0.131459
-0.188519
-0.0542016
-0.0934366
-0.111273
0.0323743
-0.173542
-0.132953
-0.122753
0.0874812
-0.0939881
-0.0464814
-0.153293
0.18735
0.00502629
0.0599191
0.0738965
-0.176567
0.150186
0.000813143
-0.000261202
0.112171
-0.0459088
0.0705893
0.140808
0.0518256
0.149817
-0.121674
0.0180005
-0.107122
-0.0204068
-0.107136
0.183382
0.0674821
-0.040032
0.12296
-0.166408
0.185773
0.181662
0.111625
-0.0984383
-0.133364
0.106661
-0.118887
0.187911
0.165606
0.0855702
-0.103222
0.00993235
-0.140566
0.0310469
-0.143724
-0.0659777
-0.0821145
-0.0459416
0.0350916
-0.127927
-0.108367
0.0283929
-0.177172
0.0977571
0.0556577
-0.182216
0.178952
-0.145684
0.175915
0.184111
0.0899279
-0.145575
0.154113
-0.0965791
-0.193855
-0.00147645
0.181596
-0.151078
0.16904
-0.0875244
-0.0696685
0.154609
0.0892282
0.028382
-0.0102185
0.0402198
-0.0519019
-0.155606
0.120849
0.115766
-0.194705
-0.0546031
0.00911465
0.0430146
0.0528509
0.102794
0.172661
-0.176019
0.17432
-0.183878
0.14995
0.170317
-0.0530301
0.170906
-0.0553508
0.174191
0.143932
0.166285
0.155675
0.060192
0.0251859
-0.0808721
0.00328836
0.179228
-0.0931853
-0.0683989
0.139152
-0.0635819
-0.195284
0.0271289
-0.101298
-0.126779
0.0104065
-0.157931
-0.0687093
-0.07994
-0.0616641
-0.080927
0.193955
0.0890037
0.0227649
-0.0959896
-0.190033
0.00516716
-0.184454
-0.0588796
-0.0770822
-0.0543587
-0.0338788
0.0082311
0.187946
0.0556525
-0.171282
0.133324
0.0763875
0.0463488
-0.143406
0.164115
-0.118888
0.119006
-0.109509
0.122396
0.147227
0.0197549
-0.0521886
-0.196501
0.0386286
-0.0589577
0.132287
-0.155171
-0.0527114
0.172952
0.194556
0.0783622
-0.0590463
0.192845
0.0305815
-0.161889
-0.00874221
0.131978
0.168085
0.121922
0.0107427
0.158164
0.0384548
0.175069
-0.131277
0.0731887
0.0404427
-0.100387
-0.181889
-0.0738344
0.0465014
0.0159547
0.040064
0.132263
0.0428145
0.0602624
0.114129
0.189931
0.13793
0.0970337
0.126231
0.12505
-0.192403
-0.0280725
0.10353
0.154338
0.0335028
0.0989565
0.0945572
0.114437
0.0483049
0.118024
-0.0777132
0.00782342
-0.167273
-0.1681
-0.00647259
0.133197
0.0211706
0.127368
0.105418
-0.172203
0.162492
0.173606
0.0981942
0.00610572
-0.0733994
0.186685
0.117358
-0.0483679
-0.0340186
0.171916
0.111096
-0.0492065
0.192702
-0.0647716
-0.182311
0.157055
0.1215
0.035328
-0.192128
-0.00710884
-0.188081
0.147505
0.17399
0.0345646
0.195835
0.0307125
-0.0306539
0.128348
0.171942
0.106044
-0.0428024
0.196999
0.0625849
-0.130897
0.0150867
0.186741
0.0978316
0.0968684
0.199195
-0.0607259
0.170756
0.103984
-0.161832
-0.0713977
0.196967
0.0642791
0.0640859
0.167495
0.173449
-0.058499
-0.0534496
0.093211
0.0883867
0.120892
0.115224
0.188574
0.181028
0.123139
0.0212993
0.081874
0.116137
0.0974041
0.0955199
0.0414644
0.173873
0.155883
0.0480832
-0.0869602
-0.160878
-0.0255476
-0.0157406
-0.154163
-0.0568112
-0.0849116
0.0299184
-0.0961417
-0.149615
0.0220774
-0.0709559
-0.0496294
-0.166602
0.0693925
-0.121572
0.17751
-0.019943
0.0325496
-0.0724315
-0.00382044
0.0164481
-0.0785
-0.00371299
0.16755
0.140559
0.10247
-0.0264477
-0.137024
-0.119502
0.136283
-0.17218
0.19881
-0.141311
-0.192764
0.139116
0.185701
-0.0398653
-0.0276761
-0.044196
0.00839589
-0.00647212
-0.109313
-0.00311049
0.194294
0.0323975
0.0198593
0.17205
0.187544
0.183587
0.0760081
-0.0773198
0.155834
0.10336
-0.113773
-0.0328996
0.172506
0.111713
0.0732243
0.072001
-0.00531717
-0.0881279
-0.11839
-0.0440976
-0.000873817
-0.143728
-0.128585
0.0358482
0.031448
-0.0822884
-0.0871981
0.128376
-0.123636
-0.0936165
-0.092425
0.188687
-0.199772
-0.140747
0.0294334
-0.115934
-0.190871
0.175958
-0.0585449
-0.0151909
-0.168853
0.151501
-0.173574
-0.0241502
-0.0822027
0.146461
0.0808077
-0.0420471
-0.0351728
-0.163802
0.0644723
0.136298
0.110547
0.0053788
0.121608
0.149594
0.190198
-0.00804482
-0.146185
0.0470551
0.016055
0.0341476
-0.113645
0.16449
0.176919
0.0610066
0.197818
-0.123224
0.138037
0.0687699
0.10647
-0.108461
0.051596
0.137045
0.0210342
-0.0394532
0.18251
0.0573579
-0.00138206
-0.195504
0.185652
0.151458
0.131263
-0.19574
-0.00908805
-0.0170473
0.182189
-0.151792
-0.0592824
0.172232
-0.098167
-0.128115
-0.0764318
0.0846475
-0.0422696
-0.0167579
-0.0919359
0.176051
-0.0924572
-0.120651
0.118979
0.100713
-0.0237036
0.167137
0.170666
0.137313
0.0669679
0.13236
-0.0565179
0.192813
-0.0413705
-0.0766662
0.0685769
0.065698
0.0756773
-0.00515949
0.00552435
0.132302
-0.0725065
-0.15842
0.0728464
0.193558
0.0705334
0.128918
-0.125973
-0.0732613
-0.116524
-0.00955415
0.00212118
0.027996
-0.146975
0.132234
0.178519
-0.14645
0.0515767
-0.0679014
0.186236
0.161445
-0.101656
-0.191222
-0.0303312
-0.120116
-0.0757046
0.0503667
-0.141975
-0.094453
0.157755
-0.118198
0.132695
0.0548793
-0.153796
-0.148845
0.112303
0.0256914
-0.0845417
0.0348682
-0.152675
-0.0059355
0.123048
-0.0345342
0.0392029
-0.082062
0.113658
0.171978
-0.151524
-0.0280746
0.150781
0.0405567
-0.0715512
0.0981638
0.147363
-0.0205352
-0.143389
0.0272064
-0.0802256
0.0439269
-0.0490805
-0.0461221
0.0878813
0.190494
-0.158204
-0.165804
0.0101981
-0.155966
-0.0963379
0.0703695
0.0670411
0.151552
-0.107322
0.145406
0.175646
0.192127
-0.0962982
0.0276644
-0.00925907
0.140047
-0.10405
0.12678
0.079584
-0.118737
0.110569
-0.0297953
-0.0445408
0.0680457
-0.181722
-0.105608
0.103263
-0.178041
0.192892
0.166695
-0.138369
-0.0998125
0.142665
0.0598072
0.0493814
-0.14038
0.0204992
-0.0296885
-0.198037
0.09011
0.165395
0.02059
-0.101855
0.0940058
0.02489
0.108282
0.0574681
-0.00260504
0.0539733
-0.0509652
-0.146332
-0.0421279
0.121018
-0.0130044
-0.131803
-0.110179
0.181019
-0.181452
-0.0122228
-0.163585
0.192762
0.163116
-0.198986
-0.147099
-0.000510137
-0.0736263
0.103887
0.169796
-0.117634
0.0916155
-0.142734
0.120826
0.00675171
0.137007
0.122256
0.144937
-0.143133
0.0588483
0.103394
0.15906
0.182634
-0.125963
-0.123615
-0.0572695
0.0784397
-0.10879
0.0865099
0.166936
0.103555
-0.134535
-0.108552
-0.07589
0.0446418
-0.0867368
0.0380246
0.0748665
-0.190517
0.171682
0.107918
-0.159078
0.17193
-0.0582424
0.198125
0.162245
0.0872401
-0.179515
-0.104872
0.091514
-0.0792734
-1.47514e-05
0.19931
-0.0468725
0.124887
0.152146
-0.0803927
-0.193746
0.0968079
-0.0170485
0.0830642
-0.102667
-0.0224063
-0.0999097
0.186654
-0.0283313
0.055971
-0.00776977
-0.133235
0.125167
-0.109746
-0.0655231
0.0547065
0.0812059
-0.193484
-0.116994
-0.0476797
0.189923
-0.0120959
0.130446
-0.0965463
-0.039158
-0.0973674
0.0606424
0.135239
0.0874806
-0.130188
-0.189129
0.0188442
0.165668
0.100043
-0.133936
-0.149494
0.0695378
0.0205212
0.0515128
0.182074
-0.0194116
-0.171383
-0.183095
-0.00312605
-0.164405
0.0814227
-0.0250001
0.0620585
0.176836
-0.120911
-0.0458275
-0.191296
-0.0207814
0.144503
-0.0346905
0.164659
-0.0920051
0.0765986
0.0787935
0.0788197
-0.0328868
0.158849
0.150496
-0.188485
-0.122767
-0.0580144
-0.186699
-0.0874072
0.125573
-0.151806
0.142834
0.0910106
-0.199843
-0.127148
-0.119714
-0.0206221
0.0701027
0.196196
-0.0657902
-0.0597859
-0.151004
-0.0854262
0.197229
0.193363
-0.00804394
0.124972
-0.123064
0.0334699
0.178307
0.131123
0.0881241
-0.108138
-0.155172
0.00400151
-0.121996
-0.143305
-0.00306105
-0.178222
0.196523
0.0803766
-0.168062
0.024262
-0.154446
0.180779
0.0584334
-0.173166
-0.141742
0.130906
-0.00940739
0.102068
-0.180196
-0.0637996
0.0387435
0.181862
0.168928
-0.0994644
0.15254
0.146725
-0.130853
-0.0133391
0.0834046
0.184535
0.0954786
0.0211089
0.177943
0.156181
-0.157282
0.11351
0.179661
0.0954429
-0.019059
0.14416
-0.019976
-0.0262748
0.106168
-0.101688
-0.0913522
-0.0124428
-0.037229
0.04259
0.0200339
0.0495505
-0.047702
0.147389
-0.0810653
0.0969989
-0.0454577
-0.171302
0.194689
-0.0928676
-0.0627553
-0.0858389
0.129501
0.124529
0.176396
-0.145157
-0.0889044
-0.153022
0.116116
-0.130697
0.00276639
-0.0629489
0.0150691
-0.1118
0.143027
0.194815
-0.196025
-0.163381
0.151777
0.0196886
-0.100712
0.164699
0.168093
0.0776041
0.0311443
0.188916
-0.198982
-0.0433271
0.0500417
0.183401
-0.0231457
0.187897
-0.104032
0.165421
0.174297
-0.116895
0.123399
-0.191479
-0.131342
0.151645
0.17905
-0.015531
0.0298627
0.0728779
0.0819367
-0.0510144
-0.0569781
-0.127617
-0.0836419
0.117359
-0.138285
-0.0887225
0.0854333
0.00787726
-0.169241
0.01266
-0.0942822
-0.0850916
0.194965
-0.0685955
-0.0985124
-0.112466
0.152084
-0.159632
-0.0792189
0.0422765
-0.134739
0.0898632
0.107872
-0.19395
0.0235198
0.181062
-0.139416
0.0306745
-0.0425087
-0.00574958
0.161793
0.129583
-0.0610571
0.128137
0.0960118
0.172534
0.186688
-0.163213
-0.151949
-0.0218457
-0.0105551
0.0273063
0.197644
-0.0694513
0.170731
-0.0541074
0.0510513
0.0718059
0.199992
0.0688905
0.127295
0.11985
-0.107651
0.0152149
0.0680878
-0.182193
-0.0790395
-0.0943641
-0.14004
0.0171514
0.191854
-0.025454
0.10855
0.0159087
-0.0997711
-0.194066
0.0423516
0.0980265
-0.0212171
0.173004
-0.00997427
-0.0593404
0.00517342
0.0719316
0.0706158
-0.129551
0.170628
0.0629526
0.047271
0.0958203
-0.0417114
0.195638
-0.191547
0.152586
0.0132498
0.186527
0.181722
-0.175546
0.0869888
0.135232
-0.165776
-0.0789059
0.0301648
0.142814
0.0139496
0.074131
0.0946489
-0.0170983
-0.0666901
0.104212
-0.0377521
-0.00955795
0.0631756
0.14586
-0.00788689
-0.0557671
-0.0584386
0.0847871
-0.0703877
0.0952606
-0.068489
0.0646998
-0.0103435
0.0194592
-0.0748913
0.0812365
0.117021
0.14627
-0.0930909
0.0766843
-0.189659
0.143543
0.0186024
0.0944965
-0.108592
-0.143197
-0.130656
-0.137167
0.128739
-0.0621685
-0.170852
0.156535
-0.0301469
0.165849
0.111665
0.0481086
0.124237
-0.0986565
0.0678204
0.00803222
0.135216
-0.187788
0.0810193
0.0623553
-0.0712929
0.158631
0.144438
0.184165
0.17047
0.0664516
0.0179629
-0.0907187
0.102805
0.151336
0.176991
-0.0270224
-0.184716
0.00731862
-0.0603115
-0.160086
0.0638997
0.0750535
-0.0223493
0.0708061
0.113672
-0.0458207
0.0422562
0.0788707
0.0925918
0.086595
-0.104268
-0.147721
-0.126006
-0.0163886
-0.0735866
0.182223
-0.194094
0.147982
-0.0838137
-0.0202148
-0.0350523
0.122712
0.0267158
0.050665
0.118914
0.106088
-0.0112445
-0.0994371
0.0269196
-0.116667
0.0737123
-0.142108
0.192806
-0.156743
-0.119952
-0.191131
0.046606
-0.0788986
0.178299
0.129406
-0.0735818
0.0526127
-0.134703
0.070004
0.0571496
0.0293132
0.0195945
-0.0730638
-0.0403315
-0.013499
-0.00037694
-0.105884
0.122597
-0.0437024
0.0884536
0.183115
-0.197489
0.132193
0.125287
-0.176214
0.174923
0.106478
-0.179318
0.0692643
-0.136848
0.0464138
0.0139335
0.0491432
-0.0756644
-0.0117049
-0.126185
-0.16119
-0.142235
-0.146258
0.101168
0.0819468
0.0581638
-0.0935188
-0.0486022
-0.0384886
0.0267374
-0.188852
0.199923
0.167858
-0.120742
0.013837
-0.0734053
0.0745852
0.0615031
-0.192577
0.0772681
0.00889096
-0.159351
-0.0562376
-0.158752
-0.073409
-0.031401
-0.137317
0.171494
0.165039
-0.146973
0.199945
-0.00647332
0.0534255
0.103879
0.0661187
-0.0114958
-0.0254733
-0.184236
0.0682383
-0.177294
0.0479224
0.0581715
0.0579752
0.100037
-0.0994902
-0.18059
-0.0930383
0.170754
-0.0732953
-0.144267
-0.0358995
0.0994156
-0.0384739
-0.118223
-0.126104
0.149787
0.0481058
0.141555
0.120663
0.153633
-0.0751275
-0.151214
0.101972
-0.120432
-0.134704
-0.00864854
-0.0107282
-0.108084
0.132832
0.0215426
0.0914574
0.172833
0.0710955
0.00903914
0.0724938
-0.0769797
-0.187337
-0.136265
-0.0387239
0.112033
0.0914367
-0.0525593
0.114813
0.0457081
-0.107637
-0.136933
-0.0879014
-0.150474
0.144541
0.00768254
-0.0036511
0.169553
0.108124
-0.0254274
0.0875792
0.095622
-0.102704
0.041992
-0.194788
0.194383
0.0253782
0.0399147
-0.158896
0.070125
-0.0735391
0.0826267
0.181611
-0.00969399
-0.0414326
0.154438
-0.0405669
0.0911481
-0.0790977
0.0857585
-0.132028
0.0416478
-0.0626555
0.159427
-0.178726
0.123182
0.0868072
-0.0845979
0.0912414
-0.0820168
-0.103114
-0.0308769
-0.152621
0.000538934
0.16294
0.0744053
0.178452
-0.17376
-0.114016
-0.187218
0.0514461
-0.0916055
0.0418695
0.0119829
-0.172106
0.101351
0.000963253
-0.106404
-0.0875197
0.0488727
0.14043
-0.085568
-0.0270466
-0.101938
-0.142012
0.0939025
0.00427562
-0.107022
-0.00641277
0.115942
0.142065
-0.173896
-0.190111
0.00855151
-0.0880282
-0.0566896
-0.0384392
0.0459775
0.0797305
-0.0552953
-0.161469
0.0215324
0.141558
0.066543
-0.18311
-0.0545539
-0.0562414
0.0895755
0.0414058
0.0481742
0.109467
0.157391
-0.126946
0.161832
0.0936661
-0.00748582
-0.198354
0.0949784
0.111519
-0.0171319
-0.0121953
0.146405
-0.188135
-0.00851059
0.126789
0.190669
0.0267715
-0.0335291
-0.0916228
-0.0341705
-0.173007
-0.013285
-0.147849
-0.0914358
0.120846
0.0166011
-0.102358
-0.129981
-0.070155
0.170412
0.0150096
-0.135969
-0.18445
-0.114667
-0.120673
-0.0267546
-0.145043
-0.126834
0.180491
0.169393
0.140857
0.170753
-0.180986
-0.104014
-0.117729
-0.103413
-0.125438
0.149545
-0.167185
-0.137397
-0.0658304
0.18345
-0.130497
0.0580426
0.00688278
0.153762
-0.124721
-0.0562915
-0.098041
-0.160376
-0.0959782
0.129925
-0.164968
-0.143271
-0.0987316
0.11557
-0.152289
-0.0172323
-0.0525043
-0.00967954
-0.0574665
0.10753
0.187686
-0.0425873
-0.0779415
0.0955473
-0.138452
0.111843
0.130414
-0.0396998
0.149916
0.0139518
0.0831567
-0.13137
-0.077062
0.170764
0.0686612
0.0163196
0.189938
0.18841
0.0704194
0.0668089
-0.13278
-0.199753
-0.103267
0.00630136
0.0540309
0.177424
-0.00511636
0.150483
0.115515
0.179595
-0.049963
0.100528
0.0142023
0.0799966
0.126786
0.102919
-0.0564329
-0.0154481
-0.169822
0.184419
0.125806
-0.120108
-0.125025
-0.166165
0.166253
0.0203093
-0.0904891
0.0800183
0.192053
0.170404
-0.102838
-0.0528848
0.101966
-0.0845975
0.100359
-0.156204
0.186486
-0.134225
0.0873114
0.0127426
-0.0579133
-0.0418791
-0.00358821
-0.142415
0.0749639
0.021458
-0.126917
-0.124679
-0.193638
-0.150094
0.0244822
-0.0884459
-0.0360313
0.137409
-0.18535
0.172448
-0.0692585
-0.0994707
0.131562
0.181251
0.0687052
0.106958
0.0278099
0.0903846
0.155271
-0.0646865
-0.0452819
0.1187
0.0811512
0.05876
-0.110305
-0.0378808
0.162966
-0.137903
0.085003
-0.0811333
0.0130664
-0.0254537
-0.103829
-0.116385
0.0365734
-0.0432645
-0.00846284
-0.0740392
-0.0311357
-0.0626938
0.0515892
0.0643777
-0.0531066
-0.0479976
0.191934
0.12808
0.0832036
-0.171877
-0.0341266
-0.0645201
0.0945965
0.165708
0.00503248
-0.0945568
0.120856
-0.135041
-0.00163379
-0.127747
0.0818006
-0.188669
-0.141346
0.147886
0.186423
-0.0340232
-0.110309
-0.0809526
0.101612
0.0545387
0.0369042
0.139449
-0.17174
0.101681
0.189569
-0.194368
0.0704022
-0.170544
0.0372518
0.161647
0.0568006
-0.0788559
0.177455
-0.0394959
-0.0336328
-0.185295
-0.121713
-0.0796064
0.0290665
0.0570517
0.168308
0.0731968
-0.0400688
-0.150533
-0.109993
-0.0786014
0.00102276
-0.014886
0.132867
-0.12988
-0.0347937
0.0894524
-0.0943719
-0.0202474
-0.0310017
-0.0619164
0.0318251
0.0709728
-0.0283534
-0.108126
-0.0533779
0.124622
-0.0191368
0.161134
0.134154
0.0966511
0.089704
0.0717135
-0.0359629
0.0238644
-0.0310739
0.0846977
-0.0288148
0.172009
0.0915484
-0.112006
0.15555
0.16326
0.0761495
0.162038
0.0735628
-0.198999
-0.176931
-0.132421
-0.0850213
-1.36624e-05
0.0375357
-0.0760398
-0.00120057
-0.15063
-0.105074
0.0758892
0.0221477
-0.173652
0.162151
-0.038031
0.104959
0.00847747
-0.180534
0.0339445
0.124292
0.19608
0.0596803
0.0909833
888888
0.149578
-0.0158872
-0.122112
-0.162832
-0.0685084
-0.0599843
0.12921
-0.0372198
0.0598325
-0.101936
0.184679
0.07137
0.171095
-0.111683
-0.0800933
0.0433785
0.168901
-0.0586852
0.0730504
0.197166
0.196704
-0.183323
0.187501
-0.119182
0.0145285
-0.103522
0.0458485
-0.167481
-0.0466356
-0.0638303
-0.13281
-0.0137197
0.05
0.05
0.05
0.05
0.05
0.05
0.05
0.05
0.05
0.05
0.05
0.05
0.05
0.05
0.05
0.05
0.05
0.05
0.05
0.05
0.05
0.05
0.05
0.05
0.05
0.05
0.05
0.05
0.05
0.05
0.05
0.05
0.05
0.05
0.05
0.05
0.05
0.05
0.05
0.05
0.05
0.05
0.05
0.05
0.05
0.05
0.05
0.05
0.05
0.05
0.05
0.05
0.05
0.05
0.05
0.05
0.05
0.05
0.05
0.05
0.05
0.05
0.05
0.05
0.05
0.05
0.05
0.05
0.05
0.05
0.05
0.05
0.05
0.05
0.05
0.05
0.05
0.05
0.05
0.05
0.05
0.05
0.05
0.05
0.05
0.05
0.05
0.05
0.05
0.05
0.05
0.05
0.05
0.05
0.05
0.05
0.05
0.05
0.05
0.05
0.05
0.05
0.05
0.05
0.05
0.05
0.05
0.05
0.05
0.05
0.05
0.05
0.05
0.05
0.05
0.05
0.05
0.05
0.05
0.05
0.05
0.05
0.05
0.05
0.05
0.05
0.05
0.05
0.05
0.05
0.05
0.05
0.05
0.05
0.05
0.05
0.05
0.05
0.05
0.05
0.05
0.05
0.05
0.05
0.05
0.05
0.05
0.05
0.05
0.05
0.05
0.05
0.05
0.05
0.05
0.05
0.05
0.05
0.05
0.05
0.05
0.05
0.05
0.05
0.05
0.05
0.05
0.05
0.05
0.05
0.05
0.05
0.05
0.05
0.05
0.05
0.05
0.05
0.05
0.05
0.05
0.05
0.05
0.05
0.05
0.05
0.05
0.05
0.05
0.05
0.05
0.05
0.05
0.05
0.05
0.05
0.05
0.05
0.05
0.05
0.05
0.05
0.05
0.05
0.05
0.05
0.05
0.05
0.05
0.05
0.05
0.05
0.05
0.05
0.05
0.05
0.05
0.05
0.05
0.05
0.05
0.05
0.05
0.05
0.05
0.05
0.05
0.05
0.05
0.05
0.05
0.05
0.05
0.05
0.05
0.05
0.05
0.05
0.05
0.05
0.05
0.05
0.05
0.05
0.05
0.05
0.05
0.05
0.05
0.05
0.05
0.05
0.05
0.05
0.05
0.05
0.05
0.05
0.05
0.05
0.05
0.05
0.05
0.05
0.05
0.05
0.05
0.05
0.05
0.05
0.05
0.05
0.05
0.05
0.05
0.05
0.05
0.05
0.05
0.05
0.05
0.05
0.05
0.05
0.05
0.05
0.05
0.05
0.05
0.05
0.05
0.05
0.05
0.05
0.05
0.05
0.05
0.05
0.05
0.05
0.05
0.05
0.05
0.05
0.05
0.05
0.05
0.05
0.05
0.05
0.05
0.05
0.05
0.05
0.05
0.05
0.05
0.05
0.05
0.05
0.05
0.05
0.05
0.05
0.05
0.05
0.05
0.05
0.05
0.05
0.05
0.05
0.05
0.05
0.05
0.05
0.05
0.05
0.05
0.05
0.05
0.05
0.05
0.05
0.05
0.05
0.05
0.05
0.05
0.05
0.05
0.05
0.05
0.05
0.05
0.05
0.05
0.05
0.05
0.05
0.05
0.05
0.05
0.05
0.05
0.05
0.05
0.05
0.05
0.05
0.05
0.05
0.05
0.05
0.05
0.05
0.05
0.05
0.05
0.05
0.05
0.05
0.05
0.05
0.05
0.05
0.05
0.05
0.05
0.05
0.05
0.05
0.05
0.05
0.05
0.05
0.05
0.05
0.05
0.05
0.05
0.05
0.05
0.05
0.05
0.05
0.05
0.05
0.05
0.05
0.05
0.05
0.05
0.05
0.05
0.05
0.05
0.05
0.05
0.05
0.05
0.05
0.05
0.05
0.05
0.05
0.05
0.05
0.05
0.05
0.05
0.05
0.05
0.05
0.05
0.05
0.05
0.05
0.05
0.05
0.05
0.05
0.05
0.05
0.05
0.05
0.05
0.05
0.05
0.05
0.05
0.05
0.05
0.05
0.05
0.05
0.05
0.05
0.05
0.05
0.05
0.05
0.05
0.05
0.05
0.05
0.05
0.05
0.05
0.05
0.05
0.05
0.05
0.05
0.05
0.05
0.05
0.05
0.05
0.05
0.05
0.05
0.05
0.05
0.05
0.05
0.05
0.05
0.05
0.05
0.05
0.05
0.05
0.05
0.05
0.05
0.05
0.05
0.05
0.05
0.05
0.05
0.05
0.05
0.05
0.05
0.05
0.05
0.05
0.05
0.05
0.05
0.05
0.05
0.05
0.05
0.05
0.05
0.05
0.05
0.05
0.05
0.05
0.05
0.05
0.05
0.05
0.05
0.05
0.05
0.05
0.05
0.05
0.05
0.05
0.05
0.05
0.05
0.05
0.05
0.05
0.05
0.05
0.05
0.05
0.05
0.05
0.05
0.05
0.05
0.05
0.05
0.05
0.05
0.05
0.05
0.05
0.05
0.05
0.05
0.05
0.05
0.05
0.05
0.05
0.05
0.05
0.05
0.05
0.05
0.05
0.05
0.05
0.05
0.05
0.05
0.05
0.05
0.05
0.05
0.05
0.05
0.05
0.05
0.05
0.05
0.05
0.05
0.05
0.05
0.05
0.05
0.05
0.05
0.05
0.05
0.05
0.05
0.05
0.05
0.05
0.05
0.05
0.05
0.05
0.05
0.05
0.05
0.05
0.05
0.05
0.05
0.05
0.05
0.05
0.05
0.05
0.05
0.05
0.05
0.05
0.05
0.05
0.05
0.05
0.05
0.05
0.05
0.05
0.05
0.05
0.05
0.05
0.05
0.05
0.05
0.05
0.05
0.05
0.05
0.05
0.05
0.05
0.05
0.05
0.05
0.05
0.05
0.05
0.05
0.05
0.05
0.05
0.05
0.05
0.05
0.05
0.05
0.05
0.05
0.05
0.05
0.05
0.05
0.05
0.05
0.05
0.05
0.05
0.05
0.05
0.05
0.05
0.05
0.05
0.05
0.05
0.05
0.05
0.05
0.05
0.05
0.05
0.05
0.05
0.05
0.05
0.05
0.05
0.05
0.05
0.05
0.05
0.05
0.05
0.05
0.05
0.05
0.05
0.05
0.05
0.05
0.05
0.05
0.05
0.05
0.05
0.05
0.05
0.05
0.05
0.05
0.05
0.05
0.05
0.05
0.05
0.05
0.05
0.05
0.05
0.05
0.05
0.05
0.05
0.05
0.05
0.05
0.05
0.05
0.05
0.05
0.05
0.05
0.05
0.05
0.05
0.05
0.05
0.05
0.05
0.05
0.05
0.05
0.05
0.05
0.05
0.05
0.05
0.05
0.05
0.05
0.05
0.05
0.05
0.05
0.05
0.05
0.05
0.05
0.05
0.05
0.05
0.05
0.05
0.05
0.05
0.05
0.05
0.05
0.05
0.05
0.05
0.05
0.05
0.05
0.05
0.05
0.05
0.05
0.05
0.05
0.05
0.05
0.05
0.05
0.05
0.05
0.05
0.05
0.05
0.05
0.05
0.05
0.05
0.05
0.05
0.05
0.05
0.05
0.05
0.05
0.05
0.05
0.05
0.05
0.05
0.05
0.05
0.05
0.05
0.05
0.05
0.05
0.05
0.05
0.05
0.05
0.05
0.05
0.05
0.05
0.05
0.05
0.05
0.05
0.05
0.05
0.05
0.05
0.05
0.05
0.05
0.05
0.05
0.05
0.05
0.05
0.05
0.05
0.05
0.05
0.05
0.05
0.05
0.05
0.05
0.05
0.05
0.05
0.05
0.05
0.05
0.05
0.05
0.05
0.05
0.05
0.05
0.05
0.05
0.05
0.05
0.05
0.05
0.05
0.05
0.05
0.05
0.05
0.05
0.05
0.05
0.05
0.05
0.05
0.05
0.05
0.05
0.05
0.05
0.05
0.05
0.05
0.05
0.05
0.05
0.05
0.05
0.05
0.05
0.05
0.05
0.05
0.05
0.05
0.05
0.05
0.05
0.05
0.05
0.05
0.05
0.05
0.05
0.05
0.05
0.05
0.05
0.05
0.05
0.05
0.05
0.05
0.05
0.05
0.05
0.05
0.05
0.05
0.05
0.05
0.05
0.05
0.05
0.05
0.05
0.05
0.05
0.05
0.05
0.05
0.05
0.05
0.05
0.05
0.05
0.05
0.05
0.05
0.05
0.05
0.05
0.05
0.05
0.05
0.05
0.05
0.05
0.05
0.05
0.05
0.05
0.05
0.05
0.05
0.05
0.05
0.05
0.05
0.05
0.05
0.05
0.05
0.05
0.05
0.05
0.05
0.05
0.05
0.05
0.05
0.05
0.05
0.05
0.05
0.05
0.05
0.05
0.05
0.05
0.05
0.05
0.05
0.05
0.05
0.05
0.05
0.05
0.05
0.05
0.05
0.05
0.05
0.05
0.05
0.05
0.05
0.05
0.05
0.05
0.05
0.05
0.05
0.05
0.05
0.05
0.05
0.05
0.05
0.05
0.05
0.05
0.05
0.05
0.05
0.05
0.05
0.05
0.05
0.05
0.05
0.05
0.05
0.05
0.05
0.05
0.05
0.05
0.05
0.05
0.05
0.05
0.05
0.05
0.05
0.05
0.05
0.05
0.05
0.05
0.05
0.05
0.05
0.05
0.05
0.05
0.05
0.05
0.05
0.05
0.05
0.05
0.05
0.05
0.05
0.05
0.05
0.05
0.05
0.05
0.05
0.05
0.05
0.05
0.05
0.05
0.05
0.05
0.05
0.05
0.05
0.05
0.05
0.05
0.05
0.05
0.05
0.05
0.05
0.05
0.05
0.05
0.05
0.05
0.05
0.05
0.05
0.05
0.05
0.05
0.05
0.05
0.05
0.05
0.05
0.05
0.05
0.05
0.05
0.05
0.05
0.05
0.05
0.05
0.05
0.05
0.05
0.05
0.05
0.05
0.05
0.05
0.05
0.05
0.05
0.05
0.05
0.05
0.05
0.05
0.05
0.05
0.05
0.05
0.05
0.05
0.05
0.05
0.05
0.05
0.05
0.05
0.05
0.05
0.05
0.05
0.05
0.05
0.05
0.05
0.05
0.05
0.05
0.05
0.05
0.05
0.05
0.05
0.05
0.05
0.05
0.05
0.05
0.05
0.05
0.05
0.05
0.05
0.05
0.05
0.05
0.05
0.05
0.05
0.05
0.05
0.05
0.05
0.05
0.05
0.05
0.05
0.05
0.05
0.05
0.05
0.05
0.05
0.05
0.05
0.05
0.05
0.05
0.05
0.05
0.05
0.05
0.05
0.05
0.05
0.05
0.05
0.05
0.05
0.05
0.05
0.05
0.05
0.05
0.05
0.05
0.05
0.05
0.05
0.05
0.05
0.05
0.05
0.05
0.05
0.05
0.05
0.05
0.05
0.05
0.05
0.05
0.05
0.05
0.05
0.05
0.05
0.05
0.05
0.05
0.05
0.05
0.05
0.05
0.05
0.05
0.05
0.05
0.05
0.05
0.05
0.05
0.05
0.05
0.05
0.05
0.05
0.05
0.05
0.05
0.05
0.05
0.05
0.05
0.05
0.05
0.05
0.05
0.05
0.05
0.05
0.05
0.05
0.05
0.05
0.05
0.05
0.05
0.05
0.05
0.05
0.05
0.05
0.05
0.05
0.05
0.05
0.05
0.05
0.05
0.05
0.05
0.05
0.05
0.05
0.05
0.05
0.05
0.05
0.05
0.05
0.05
0.05
0.05
0.05
0.05
0.05
0.05
0.05
0.05
0.05
0.05
0.05
0.05
0.05
0.05
0.05
0.05
0.05
0.05
0.05
0.05
0.05
0.05
0.05
0.05
0.05
0.05
0.05
0.05
0.05
0.05
0.05
0.05
0.05
0.05
0.05
0.05
0.05
0.05
0.05
0.05
0.05
0.05
0.05
0.05
0.05
0.05
0.05
0.05
0.05
0.05
0.05
0.05
0.05
0.05
0.05
0.05
0.05
0.05
0.05
0.05
0.05
0.05
0.05
0.05
0.05
0.05
0.05
0.05
0.05
0.05
0.05
0.05
0.05
0.05
0.05
0.05
0.05
0.05
0.05
0.05
0.05
0.05
0.05
0.05
0.05
0.05
0.05
0.05
0.05
0.05
0.05
0.05
0.05
0.05
0.05
0.05
0.05
0.05
0.05
0.05
0.05
0.05
0.05
0.05
0.05
0.05
0.05
0.05
0.05
0.05
0.05
0.05
0.05
0.05
0.05
0.05
0.05
0.05
0.05
0.05
0.05
0.05
0.05
0.05
0.05
0.05
0.05
0.05
0.05
0.05
0.05
0.05
0.05
0.05
0.05
0.05
0.05
0.05
0.05
0.05
0.05
0.05
0.05
0.05
0.05
0.05
0.05
0.05
0.05
0.05
0.05
0.05
0.05
0.05
0.05
0.05
0.05
0.05
0.05
0.05
0.05
0.05
0.05
0.05
0.05
0.05
0.05
0.05
0.05
0.05
0.05
0.05
0.05
0.05
0.05
0.05
0.05
0.05
0.05
0.05
0.05
0.05
0.05
0.05
0.05
0.05
0.05
0.05
0.05
0.05
0.05
0.05
0.05
0.05
0.05
0.05
0.05
0.05
0.05
0.05
0.05
0.05
0.05
0.05
0.05
0.05
0.05
0.05
0.05
0.05
0.05
0.05
0.05
0.05
0.05
0.05
0.05
0.05
0.05
0.05
0.05
0.05
0.05
0.05
0.05
0.05
0.05
0.05
0.05
0.05
0.05
0.05
0.05
0.05
0.05
0.05
0.05
0.05
0.05
0.05
0.05
0.05
0.05
0.05
0.05
0.05
0.05
0.05
0.05
0.05
0.05
0.05
0.05
0.05
0.05
0.05
0.05
0.05
0.05
0.05
0.05
0.05
0.05
0.05
0.05
0.05
0.05
0.05
0.05
0.05
0.05
0.05
0.05
0.05
0.05
0.05
0.05
0.05
0.05
0.05
0.05
0.05
0.05
0.05
0.05
0.05
0.05
0.05
0.05
0.05
0.05
0.05
0.05
0.05
0.05
0.05
0.05
0.05
0.05
0.05
0.05
0.05
0.05
0.05
0.05
0.05
0.05
0.05
0.05
0.05
0.05
0.05
0.05
0.05
0.05
0.05
0.05
0.05
0.05
0.05
0.05
0.05
0.05
0.05
0.05
0.05
0.05
0.05
0.05
0.05
0.05
0.05
0.05
0.05
0.05
0.05
0.05
0.05
0.05
0.05
0.05
0.05
0.05
0.05
0.05
0.05
0.05
0.05
0.05
0.05
0.05
0.05
0.05
0.05
0.05
0.05
0.05
0.05
0.05
0.05
0.05
0.05
0.05
0.05
0.05
0.05
0.05
0.05
0.05
0.05
0.05
0.05
0.05
0.05
0.05
0.05
0.05
0.05
0.05
0.05
0.05
0.05
0.05
0.05
0.05
0.05
0.05
0.05
0.05
0.05
0.05
0.05
0.05
0.05
0.05
0.05
0.05
0.05
0.05
0.05
0.05
0.05
777777