2.96188
999999
-0.0159092
-0.133422
0.162558
0.0935706
0.138498
-0.103573
0.18793
0.181819
0.0138802
-0.127995
0.0116726
0.0375945
0.0523816
-0.0874834
0.0426103
0.172103
0.12077
-0.136359
0.0462024
0.0316369
-0.0196403
-0.111001
-0.0571635
0.0318521
-0.0547929
0.0564843
-0.158887
0.143602
-0.195464
-0.124752
-0.0292926
0.123537
0.184556
0.0662291
-0.00785227
-0.0783786
-0.000418939
-0.103432
-0.161129
0.0894504
0.0891489
-0.106119
-0.0357886
-0.0617683
-0.195653
-0.0880142
0.0250025
0.0982608
-0.103466
0.0738274
-0.0634123
0.0446927
-0.0273513
-0.171557
0.0800594
-0.0849277
0.123667
-0.0580982
-0.143134
-0.137927
-0.176119
0.0318218
-0.0928857
0.0524776
0.159062
0.023731
-0.0802788
-0.0873075
0.0121265
-0.177443
-0.0890996
0.0886811
0.120529
-0.0780406
0.141311
0.160232
0.140387
-0.114977
-0.0489148
-0.147628
-0.129001
-0.105521
-0.144753
-0.0465894
0.0615576
0.00201791
0.143594
-0.0688244
0.131901
-0.0568428
0.119829
-0.175978
-0.175094
-0.0735269
0.137931
-0.125773
0.0532026
-0.113798
-0.198776
-0.163388
-0.184564
-0.0756326
0.141393
-0.0851191
-0.183085
0.0471513
-0.191943
-0.0889825
-0.191274
-0.142453
-0.00727177
0.0502318
0.0159167
-0.195646
-0.144236
0.0836766
-0.117898
-0.12456
-0.0252552
0.130009
0.0351916
0.118381
-0.0104739
-0.110443
0.0718772
0.104107
-0.114335
0.0801795
-0.161103
0.044338
0.11221
-0.130651
-0.0543189
0.0963479
0.0964636
-0.0617296
0.0742323
0.0529855
0.0972451
-0.0424971
-0.0334973
0.0481347
-0.172904
0.0260817
0.163204
-0.174734
0.154093
-0.0594097
0.0293797
0.151956
-0.0388334
-0.0796726
-0.13034
-0.0342025
0.189972
-0.0294425
0.043493
-0.0958556
-0.00272554
0.158759
-0.186832
0.149958
-0.0973244
-0.087391
-0.148163
-0.109131
0.114188
-0.0293864
-0.0956588
-0.16828
-0.128581
-0.0883136
0.15404
-0.138421
-0.0993051
-0.154216
0.114418
0.0966977
0.137347
-0.188575
-0.196233
0.160152
-0.193329
0.193608
0.0366842
0.0701941
0.0224768
0.137423
-0.167461
-0.176894
0.118585
0.190627
-0.0287565
-0.0553153
-0.142697
0.00999924
-0.185257
0.00470002
0.0808575
-0.138719
0.188189
0.109506
-0.133624
0.0851695
0.0258546
-0.158395
-0.0231393
0.0209988
0.195164
0.193017
0.110845
0.00813614
-0.172461
-0.0552995
-0.115707
0.144875
0.00923689
-0.137756
0.145918
0.0797813
-0.0775849
-0.135564
0.0715587
-0.0479142
0.0053445
0.0156773
0.015327
-0.143611
-0.0677045
-0.0454513
0.168203
-0.173519
0.0876703
0.039486
0.10713
0.196817
0.141266
-0.123141
0.0907167
-0.117385
-0.0500742
0.171456
-0.106347
-0.0427628
-0.12797
-0.127512
0.0544411
-0.189648
-0.108392
0.124868
0.00241984
0.0251855
-0.19097
0.0769803
0.038616
-0.152922
-0.0610832
-0.169756
0.0906143
0.131477
0.0447342
0.019227
0.183605
-0.151774
0.079134
-0.17516
-0.0895547
-0.185378
-0.10921
-0.00497412
0.103213
-0.170955
-0.183689
0.052885
-0.026493
0.125366
0.076083
-0.151141
0.0417871
0.105295
-0.000831246
0.184293
-0.0115285
0.157374
-0.150504
-0.0737722
-0.101165
0.0761206
-0.0639725
-0.0385515
0.173345
-0.0591437
-0.162525
-0.0664924
-0.148907
0.0919121
-0.0700144
-0.0748315
-0.0334622
0.113173
0.0107961
-0.088314
-0.110445
0.00192535
-0.17106
0.112834
-0.189507
0.172345
0.108521
-0.119255
-0.10983
-0.182491
0.0917109
-0.141708
-0.00203383
-0.0624361
0.056253
0.0944275
-0.194108
0.022241
0.127915
-0.0997447
0.148474
0.124526
0.173796
0.110268
0.0884453
0.190118
0.150782
0.109418
-0.160395
-0.0180694
0.195266
-0.0726524
-0.0691532
-0.0545156
0.0516802
0.0664192
-0.000875031
-0.1692
0.15519
-0.0477064
0.0375022
-0.0205817
-0.0589977
-0.117562
0.0105501
0.0977213
-0.102934
-0.123781
0.0905415
-0.192424
-0.105892
-0.175073
0.037865
0.111815
-0.0564131
-0.190179
0.0311795
0.164891
0.0249143
-0.162285
0.121446
-0.0452205
-0.0417527
0.121433
-0.139674
-0.121308
0.051011
0.196707
-0.116817
-0.116824
0.0846062
0.0209095
0.0592399
-0.0606806
0.139363
0.0296719
-0.00521992
0.0467851
0.0898762
0.0667471
0.11344
0.0259816
0.140849
-0.0130749
0.0534395
0.171044
-0.031226
-0.103789
-0.131568
-0.118421
-0.0410136
-0.146053
-0.0722251
-0.0438993
-0.00350864
0.0879624
-0.0589789
-0.179769
-0.0750083
-0.189787
-0.158394
-0.134698
0.118875
0.193746
0.199557
-0.17957
-0.134328
0.0824668
-0.0852326
0.176126
-0.0996743
-0.165693
0.0382139
-0.100432
-0.0520073
-0.138666
0.106254
0.0243195
0.122126
0.132681
0.030414
0.129343
0.177802
0.19665
0.0388234
0.041195
0.161252
-0.181895
-0.0468864
0.163534
-0.0731088
0.170152
0.0289926
0.190556
-0.152726
-0.144611
0.185726
-0.0430471
-0.10228
-0.124076
0.182032
0.0497794
-0.034994
0.186961
-0.159065
0.158771
0.0282064
0.0379525
-0.178898
0.070438
0.0776669
-0.00881432
0.16829
0.133743
-0.00759295
-0.189431
0.160388
0.199551
0.175724
-0.141691
0.0776267
-0.153383
0.185408
-0.107716
0.108028
-0.0542482
0.0682843
0.0931532
0.138315
0.0678909
-0.0826378
-0.0306912
-0.161131
-0.154618
-0.142041
0.0724299
-0.124488
0.101027
-0.0875833
-0.0363085
-0.12095
0.196364
0.0854233
-0.156728
0.0789532
0.0990419
-0.148857
0.0260891
0.109333
0.169892
0.113609
-0.0185971
0.0432666
-0.133679
0.148294
-0.175494
-0.157142
-0.118654
0.0501657
-0.133668
-0.140118
-0.081498
-0.014638
0.0987477
0.00819266
-0.195059
0.149213
0.143454
0.0700238
0.0382223
0.196397
-0.0113896
0.148765
0.0783097
-0.17241
0.176846
-0.00652879
-0.0436157
-0.0817913
0.140976
0.102741
-0.0472853
-0.0381825
-0.021795
0.104601
-0.130241
-0.181601
-0.181572
-0.111526
0.0610077
-0.0682818
-0.115854
-0.173046
-0.179534
0.17544
-0.123245
0.112614
-0.168089
-0.0404065
0.105109
-0.177971
-0.0789894
0.147342
-0.132267
-0.157736
-0.0859129
-0.176651
-0.107035
0.0545972
0.108799
-0.0162064
0.0327346
0.128977
0.0424897
-0.194677
-0.0356643
-0.184836
0.112165
-0.111821
0.198299
0.0456711
-0.116228
0.0187237
-0.0936931
0.0755492
0.188148
0.133766
-0.0348931
-0.0943829
0.0376893
0.0443653
0.172934
0.0514168
0.193891
0.125382
0.184147
0.19332
-0.0402573
0.0916899
-0.193559
0.177437
-0.0399928
0.133697
-0.0759361
-0.0712548
-0.0426791
0.0943058
-0.0199931
0.15267
-0.0715773
-0.0972964
0.0394039
-0.180046
0.0775325
-0.0726508
0.0697257
0.1609
0.146456
-0.0137925
0.0636991
0.0149193
-0.178511
-0.14661
0.0294525
-0.18828
-0.191263
-0.119494
-0.156372
0.163795
-0.0499995
-0.00622301
-0.106245
-0.0981326
-0.182472
-0.0926549
0.0497974
0.137925
0.135907
-0.102533
-0.12263
-0.168012
-0.00453666
0.0440877
-0.00880012
0.0361019
0.199357
0.0868886
-0.0241241
-0.0226174
0.116339
-0.150384
-0.0582067
0.117894
-0.0475668
0.119281
0.180483
-0.131113
-0.0627681
-0.0158102
0.0952761
0.0408191
-0.0114499
0.0670494
-0.0520371
-0.089645
-0.0920698
-0.07248
-0.086512
0.138978
0.169452
0.0108865
-0.115475
-0.164581
0.114398
-0.128505
-0.0178727
0.185846
-0.15628
0.0567301
-0.0934929
-0.0930391
0.096838
0.138775
0.0131904
0.102659
-0.110265
-0.183331
0.126785
-0.153498
0.138124
-0.0766676
-0.0919806
0.181741
-0.100923
0.174457
0.101607
-0.0291049
0.141216
0.019313
0.0519173
-0.177992
-0.072938
-0.181267
-0.0278144
0.124877
-0.186538
0.0782282
-0.13497
0.0857973
-0.01693
0.181436
0.117343
-0.0789285
-0.148418
0.153717
0.17846
0.0674483
-0.0151613
0.0296033
-0.150666
-0.171261
0.0581049
0.0608578
0.197573
-0.00755742
0.0263678
-0.19325
0.188108
0.116036
-0.055949
0.175853
-0.10808
0.168044
0.137253
-0.115271
-0.0232591
-0.000121313
-0.163146
0.172787
0.13841
-0.101065
0.0841269
-0.109176
0.127728
0.156078
-0.0226708
-0.0365456
0.021112
-0.0623181
0.118702
0.112571
0.172416
-0.0852728
0.177164
0.0680239
0.0432489
0.0308577
-0.0122639
-0.150879
0.057754
0.0341258
0.0386306
0.0655835
0.168259
0.0466722
0.0365918
0.0893685
0.119388
-0.147621
0.0969399
0.12088
-0.0343004
0.118943
0.00761263
0.00202531
-0.0759375
0.0729566
0.0748554
-0.111751
0.0666761
-0.184736
-0.166609
0.126138
0.154945
-0.0401545
0.0352961
-0.0239501
-0.177469
-0.164595
0.139915
0.00584386
0.0632502
0.108549
0.0561663
0.140691
0.0806711
-0.199105
0.149345
0.00563627
0.0670137
0.107794
0.184054
-0.182736
0.00940885
0.0045303
0.166389
-0.0143687
-0.0267996
0.0549026
0.00293705
-0.0925688
0.115008
0.0209552
-0.187323
-0.115212
0.193247
-0.190577
-0.143223
0.170491
-0.146274
-0.159021
0.145354
0.150473
0.0384755
-0.150068
0.000502994
0.0649997
0.130363
-0.183096
0.131605
-0.128421
0.0722245
-0.0264805
0.114882
0.00154549
0.199218
-0.0316341
-0.0741167
-0.109059
-0.196611
-0.159586
0.101743
-0.0728112
-0.152818
0.0280813
-0.144334
0.146137
-0.0278088
0.128499
-0.169004
0.0535724
0.135233
-0.0693565
-0.133292
-0.066436
-0.120782
0.0228448
-0.0436176
0.176211
-0.197335
-0.188135
-0.0305731
-0.140503
-0.172195
0.110038
0.0613015
-0.115605
0.0910402
0.12451
-0.107685
-0.0719011
0.0651929
-0.0610224
0.0502269
0.182447
-0.0838147
0.0449456
0.0492819
0.174115
-0.070347
0.177891
-0.144106
-0.148113
-0.118445
0.174552
0.0849064
-0.0311765
-0.151895
0.134552
-0.00887463
0.0180864
-0.126427
-0.0996292
-0.0819486
-0.123536
0.0518177
0.0688661
-0.0639493
0.081987
0.163707
-0.00221335
-0.0719029
0.0226334
-0.0739672
-0.14741
-0.0562437
-0.0768247
-0.186095
0.169671
-0.153066
0.0398963
-0.120351
0.1442
-0.162085
0.0259464
0.191133
-0.146493
0.0885996
0.126223
0.167023
0.119576
0.0582966
-0.00538142
0.138303
-0.124912
-0.127026
-0.0644865
0.183694
0.027549
-0.130694
-0.151751
-0.10847
0.133612
0.0494676
-0.00079782
-0.0122702
0.132568
0.0340965
-0.183411
-0.126549
-0.0576891
0.108439
0.0631195
0.0820848
-0.00376615
-0.112916
0.172014
0.072058
0.160496
0.158111
0.144214
-0.140782
-0.130906
0.038242
0.154183
-0.00981159
-0.102633
0.0686028
0.18726
0.124426
-0.0885162
-0.0180594
0.106995
0.123657
-0.10835
0.0928116
0.125286
-0.0699926
0.0810901
0.0997692
-0.146496
-0.105145
-0.129375
-0.0936319
-0.0934252
-0.124732
-0.0167415
-0.180142
0.192622
0.0551691
-0.00649512
-0.185967
0.187135
0.186105
-0.0326977
0.198913
0.0444582
-0.00912803
0.0197546
-0.149691
0.170418
0.148894
0.147781
-0.0651112
0.0331909
-0.129772
0.0242391
-0.159573
0.0804359
-0.189169
-0.0204369
-0.111378
-0.131189
-0.0704702
-0.0884234
0.189072
-0.172527
-0.158863
-0.0756022
0.164984
-0.132215
-0.152678
-0.000784879
-0.114891
0.126507
0.10774
0.184138
0.119928
0.0621582
-0.103973
-0.181762
-0.0820834
-0.0230491
0.0222957
0.0915439
0.0363213
0.197651
0.0175249
0.0616705
0.182507
-0.154992
-0.00348518
0.0715531
0.0451459
0.183759
0.0993871
0.128821
-0.0513336
0.170017
-0.0370308
-0.0468621
0.125438
0.101894
0.197226
-0.105896
-0.0780177
-0.0835851
0.113337
-0.189479
-0.140236
-0.107805
-0.182651
0.00652665
0.126464
-0.0295662
0.0539142
-0.101176
0.101706
0.083347
0.133357
-0.144808
-0.0565534
-0.182487
0.147323
-0.199493
-0.148637
0.157598
0.0640203
0.156639
-0.0304295
0.142153
-0.0776033
-0.039661
0.105264
0.125932
0.0731133
-0.106135
0.0458577
0.0737158
0.00605785
-0.0707335
-0.0407845
0.0923635
-0.139355
0.0227355
0.051316
-0.0107541
-0.16569
-0.123011
0.0829911
0.0234114
-0.153332
-0.121229
0.129212
0.0357694
0.192704
-0.086153
-0.0297576
-0.0269659
-0.130655
0.0351057
-0.186231
0.00540555
-0.0950378
-0.0491012
0.0108213
-0.124975
-0.164865
-0.137363
0.0270353
-0.00412814
0.15827
0.105695
0.101102
0.140595
0.00306079
-0.184641
0.182796
-0.0717077
-0.038227
-0.00733578
0.178714
-0.0866381
0.0166105
-0.13462
0.142109
-0.133155
0.00444094
-0.0643805
0.156577
0.0873144
0.0109967
-0.0868054
0.160022
0.0983644
-0.0241803
0.114186
0.0827617
-0.152509
0.158974
-0.195435
0.113771
-0.0801874
0.00332772
-0.104328
-0.125363
-0.106275
0.0843361
-0.039207
0.085324
0.0930016
-0.0219065
-0.0250197
-0.154955
0.0376118
0.0267953
-0.0454038
-0.0108472
-0.00174278
-0.0280992
-0.11282
0.191152
-0.0916924
0.101703
0.161612
-0.044742
-0.177583
0.00159577
0.0727136
0.00663063
-0.0712728
-0.0173945
0.188832
0.17775
-0.133529
0.00527191
0.0219354
0.143497
0.185075
0.0111791
-0.0571036
-0.17117
0.0094073
0.0981612
-0.186049
-0.169537
-0.0960081
0.0828026
0.0982837
0.179487
0.11159
0.10645
-0.166304
0.175725
-0.162285
-0.0716781
0.0446885
-0.169616
-0.137241
0.173221
-0.125374
0.159965
0.0680152
-0.191942
-0.0980681
0.104079
0.0661924
-0.0625413
-0.166621
-0.116349
-0.196449
0.197985
0.00210067
-0.118123
-0.135752
-0.173009
0.0739723
0.0659445
-0.00257713
0.170559
-0.031148
-0.0851942
-0.00628602
0.12743
-0.0748814
0.0288814
-0.17759
0.0830802
-0.0125866
-0.00568588
0.13627
0.00446566
0.0957318
0.100542
0.0785613
-0.0238234
0.100335
-0.0765035
-0.0123778
0.169029
0.0610677
0.198199
0.0561309
0.151897
-0.128229
0.161299
-0.11892
0.168029
-0.0595767
-0.076824
0.052059
-0.0154487
-0.165359
-0.0209025
-0.0884809
0.027682
-0.0511975
0.170139
-0.191686
-0.143577
0.0339756
-0.191507
-0.0213628
-0.0468925
0.134247
-0.0542502
-0.132679
-0.19469
-0.146102
0.040934
-0.0443823
-0.100527
-0.00809051
0.0389177
0.195786
0.00683113
0.199945
-0.151667
-0.138141
0.0731146
0.113274
-0.0800132
-0.0529024
-0.0371418
0.0224289
-0.12854
0.198126
0.122277
-0.0253172
-0.0169695
-0.07078
-0.0863278
-0.0164016
0.166482
0.0866835
-0.0414244
0.175305
-0.101129
0.0220986
-0.0181146
-0.0711332
0.137205
0.0552
-0.0382536
-0.188568
-0.0593639
-0.0169496
0.0864416
-0.058964
-0.185829
-0.176718
-0.189902
-0.00130494
-0.0533722
0.131385
0.0513256
0.0572534
0.0515583
0.182229
-0.170383
0.0244917
-0.0980008
-0.0432302
-0.0861526
-0.152736
0.0621617
-0.0824748
0.00343195
0.11092
-0.197397
-0.0642617
0.0854105
0.154285
-0.0934534
0.079634
0.191528
-0.121295
-0.0168445
-0.00284068
0.132921
0.182515
0.00297002
-0.0119019
0.141961
0.0533427
0.186347
0.124222
-0.182497
-0.013038
0.0912964
0.0309327
0.17023
-0.184583
-0.0946358
0.0238239
0.0432392
0.0339595
-0.164669
0.0150476
0.131355
0.106513
-0.00519153
0.1884
0.0779142
-0.00473272
0.162197
-0.162707
-0.108152
-0.150101
-0.171023
-0.0798999
0.149603
0.0425927
0.136377
-0.151653
-0.166904
-0.170477
0.14042
0.150536
0.13734
0.177313
0.0705042
-0.0229425
-0.0469127
0.192796
-0.0262057
0.182238
0.0671165
-0.0346175
-0.0943021
-0.125303
-0.132159
0.196645
0.141521
-0.123527
0.0286242
0.0122346
0.185203
-0.0482574
0.178869
-0.00387443
0.124407
0.151601
0.159508
0.106893
0.0928364
-0.0203923
0.191811
0.0532397
-0.0286211
0.104712
-0.0475498
-0.110329
0.180914
-0.190782
0.189854
0.071008
0.0185122
0.13798
0.0127707
0.0998628
-0.161074
0.045188
0.15256
-0.00103383
-0.0475264
-0.00725858
-0.0786999
0.110735
0.072192
0.0385316
-0.124011
-0.0862489
0.00438698
-0.0184338
-0.102446
-0.0704878
-0.0447709
-0.0973622
0.0467427
0.174103
0.0559996
-0.128427
-0.0150278
0.0147731
-0.163914
-0.10172
0.00685256
0.0871194
0.0366915
-0.167486
-0.152907
0.161877
0.0963378
0.0114722
-0.0584393
-0.123145
-0.119962
0.076981
0.140776
-0.0559694
-0.132015
-0.0444409
-0.0300421
0.133574
0.150028
0.162985
0.0782967
-0.177841
-0.184806
0.0962312
0.175962
-0.0583123
-0.146515
0.0162688
0.0859842
-0.111825
0.197355
-0.154753
0.0728188
0.0716417
-0.0564553
0.142006
-0.0789211
-0.124185
-0.0378204
-0.108192
-0.191612
-0.0473587
-0.03788
0.117923
0.10939
0.120616
-0.0605698
0.197898
-0.101944
0.059895
-0.0367348
-0.0916593
0.190756
0.0480622
0.0347858
-0.197883
0.187712
0.0259968
0.0470531
-0.00653344
-0.111624
-0.00673524
-0.179164
0.0555114
-0.160352
-0.130183
-0.0241012
0.0834774
0.177697
0.179737
-0.0859495
-0.189212
0.174817
-0.0143376
0.166004
-0.00551949
0.118473
0.0824051
-0.0611108
0.0610301
-0.114577
-0.170277
0.0513274
0.167508
0.0272446
0.146759
0.13075
-0.196252
-0.162015
0.014786
-0.0463435
-0.0352424
0.044476
0.137085
0.0282286
0.0483729
-0.136329
-0.181101
0.0505496
0.0778656
0.0551117
0.151324
-0.0961281
-0.185075
-0.177597
-0.0476599
0.102934
-0.196401
0.0641595
-0.0824791
-0.170485
0.145937
-0.0939595
0.0156395
-0.181745
-0.166282
0.191094
0.021142
0.155524
0.189626
0.00349501
0.0410425
0.178596
0.127254
0.131162
-0.133521
-0.137526
-0.0009464
-0.0168747
-0.0583897
-0.162272
0.145375
0.00331211
0.00950343
0.110493
-0.102122
0.166222
0.0854331
-0.101753
0.0745105
-0.128253
-0.179302
-0.0376268
0.0141459
-0.0544577
-0.0643438
0.0626568
0.126194
0.150677
0.143894
0.0458411
0.0122234
0.184971
0.130743
0.0108485
0.143821
0.138506
-0.19374
-0.0157627
-0.171291
0.0190647
-0.0215167
0.000388647
-0.198952
0.19729
0.0967264
0.140631
0.0791852
-0.128529
0.00806221
-0.192391
0.170233
-0.157272
0.127379
0.0797443
-0.0883757
0.0413985
0.0994301
-0.0611349
0.127101
0.11781
0.184173
-0.184047
0.190441
0.117732
0.163809
-0.128767
0.152846
0.163591
0.142146
0.12358
0.0288931
-0.00413871
0.0984196
0.10423
0.143887
0.0460687
0.139383
-0.0917551
0.186056
-0.0353878
-0.134158
-0.0590232
0.143124
-0.195369
0.00592746
-0.112315
-0.000867442
-0.0842505
0.143875
0.0848576
-0.0753852
-0.174831
-0.0282098
-0.0401766
0.198746
0.0679726
0.077665
-0.126508
0.0323167
0.0609455
0.0796129
0.164081
0.110035
-0.165148
-0.0427156
0.0801107
-0.088411
-0.163084
-0.00872906
0.194402
-0.159248
0.0106198
-0.140845
-0.1457
0.109034
-0.156799
-0.046137
-0.162128
0.014166
-0.143238
0.0681416
-0.164901
-0.0411962
-0.191327
0.0730717
0.0422432
-0.182217
-0.168149
0.151576
-0.190591
0.167572
-0.18783
-0.194574
-0.0907965
0.108265
0.129474
-0.0454569
0.168205
0.167282
0.169828
888888
-0.17962
0.196276
-0.169455
-0.169748
0.02591
0.0860665
0.149818
0.153913
0.056301
0.171667
0.188489
-0.0076527
0.0168908
-0.153556
-0.185176
0.185729
0.19761
0.111113
0.0716731
-0.0197115
-0.0521815
-0.0907741
-0.195975
0.121382
0.0303236
0.00891134
-0.0970411
-0.084078
0.097755
-0.195608
-0.0779545
-0.196184
0.05
0.05
0.05
0.05
0.05
0.05
0.05
0.05
0.05
0.05
0.05
0.05
0.05
0.05
0.05
0.05
0.05
0.05
0.05
0.05
0.05
0.05
0.05
0.05
0.05
0.05
0.05
0.05
0.05
0.05
0.05
0.05
0.05
0.05
0.05
0.05
0.05
0.05
0.05
0.05
0.05
0.05
0.05
0.05
0.05
0.05
0.05
0.05
0.05
0.05
0.05
0.05
0.05
0.05
0.05
0.05
0.05
0.05
0.05
0.05
0.05
0.05
0.05
0.05
0.05
0.05
0.05
0.05
0.05
0.05
0.05
0.05
0.05
0.05
0.05
0.05
0.05
0.05
0.05
0.05
0.05
0.05
0.05
0.05
0.05
0.05
0.05
0.05
0.05
0.05
0.05
0.05
0.05
0.05
0.05
0.05
0.05
0.05
0.05
0.05
0.05
0.05
0.05
0.05
0.05
0.05
0.05
0.05
0.05
0.05
0.05
0.05
0.05
0.05
0.05
0.05
0.05
0.05
0.05
0.05
0.05
0.05
0.05
0.05
0.05
0.05
0.05
0.05
0.05
0.05
0.05
0.05
0.05
0.05
0.05
0.05
0.05
0.05
0.05
0.05
0.05
0.05
0.05
0.05
0.05
0.05
0.05
0.05
0.05
0.05
0.05
0.05
0.05
0.05
0.05
0.05
0.05
0.05
0.05
0.05
0.05
0.05
0.05
0.05
0.05
0.05
0.05
0.05
0.05
0.05
0.05
0.05
0.05
0.05
0.05
0.05
0.05
0.05
0.05
0.05
0.05
0.05
0.05
0.05
0.05
0.05
0.05
0.05
0.05
0.05
0.05
0.05
0.05
0.05
0.05
0.05
0.05
0.05
0.05
0.05
0.05
0.05
0.05
0.05
0.05
0.05
0.05
0.05
0.05
0.05
0.05
0.05
0.05
0.05
0.05
0.05
0.05
0.05
0.05
0.05
0.05
0.05
0.05
0.05
0.05
0.05
0.05
0.05
0.05
0.05
0.05
0.05
0.05
0.05
0.05
0.05
0.05
0.05
0.05
0.05
0.05
0.05
0.05
0.05
0.05
0.05
0.05
0.05
0.05
0.05
0.05
0.05
0.05
0.05
0.05
0.05
0.05
0.05
0.05
0.05
0.05
0.05
0.05
0.05
0.05
0.05
0.05
0.05
0.05
0.05
0.05
0.05
0.05
0.05
0.05
0.05
0.05
0.05
0.05
0.05
0.05
0.05
0.05
0.05
0.05
0.05
0.05
0.05
0.05
0.05
0.05
0.05
0.05
0.05
0.05
0.05
0.05
0.05
0.05
0.05
0.05
0.05
0.05
0.05
0.05
0.05
0.05
0.05
0.05
0.05
0.05
0.05
0.05
0.05
0.05
0.05
0.05
0.05
0.05
0.05
0.05
0.05
0.05
0.05
0.05
0.05
0.05
0.05
0.05
0.05
0.05
0.05
0.05
0.05
0.05
0.05
0.05
0.05
0.05
0.05
0.05
0.05
0.05
0.05
0.05
0.05
0.05
0.05
0.05
0.05
0.05
0.05
0.05
0.05
0.05
0.05
0.05
0.05
0.05
0.05
0.05
0.05
0.05
0.05
0.05
0.05
0.05
0.05
0.05
0.05
0.05
0.05
0.05
0.05
0.05
0.05
0.05
0.05
0.05
0.05
0.05
0.05
0.05
0.05
0.05
0.05
0.05
0.05
0.05
0.05
0.05
0.05
0.05
0.05
0.05
0.05
0.05
0.05
0.05
0.05
0.05
0.05
0.05
0.05
0.05
0.05
0.05
0.05
0.05
0.05
0.05
0.05
0.05
0.05
0.05
0.05
0.05
0.05
0.05
0.05
0.05
0.05
0.05
0.05
0.05
0.05
0.05
0.05
0.05
0.05
0.05
0.05
0.05
0.05
0.05
0.05
0.05
0.05
0.05
0.05
0.05
0.05
0.05
0.05
0.05
0.05
0.05
0.05
0.05
0.05
0.05
0.05
0.05
0.05
0.05
0.05
0.05
0.05
0.05
0.05
0.05
0.05
0.05
0.05
0.05
0.05
0.05
0.05
0.05
0.05
0.05
0.05
0.05
0.05
0.05
0.05
0.05
0.05
0.05
0.05
0.05
0.05
0.05
0.05
0.05
0.05
0.05
0.05
0.05
0.05
0.05
0.05
0.05
0.05
0.05
0.05
0.05
0.05
0.05
0.05
0.05
0.05
0.05
0.05
0.05
0.05
0.05
0.05
0.05
0.05
0.05
0.05
0.05
0.05
0.05
0.05
0.05
0.05
0.05
0.05
0.05
0.05
0.05
0.05
0.05
0.05
0.05
0.05
0.05
0.05
0.05
0.05
0.05
0.05
0.05
0.05
0.05
0.05
0.05
0.05
0.05
0.05
0.05
0.05
0.05
0.05
0.05
0.05
0.05
0.05
0.05
0.05
0.05
0.05
0.05
0.05
0.05
0.05
0.05
0.05
0.05
0.05
0.05
0.05
0.05
0.05
0.05
0.05
0.05
0.05
0.05
0.05
0.05
0.05
0.05
0.05
0.05
0.05
0.05
0.05
0.05
0.05
0.05
0.05
0.05
0.05
0.05
0.05
0.05
0.05
0.05
0.05
0.05
0.05
0.05
0.05
0.05
0.05
0.05
0.05
0.05
0.05
0.05
0.05
0.05
0.05
0.05
0.05
0.05
0.05
0.05
0.05
0.05
0.05
0.05
0.05
0.05
0.05
0.05
0.05
0.05
0.05
0.05
0.05
0.05
0.05
0.05
0.05
0.05
0.05
0.05
0.05
0.05
0.05
0.05
0.05
0.05
0.05
0.05
0.05
0.05
0.05
0.05
0.05
0.05
0.05
0.05
0.05
0.05
0.05
0.05
0.05
0.05
0.05
0.05
0.05
0.05
0.05
0.05
0.05
0.05
0.05
0.05
0.05
0.05
0.05
0.05
0.05
0.05
0.05
0.05
0.05
0.05
0.05
0.05
0.05
0.05
0.05
0.05
0.05
0.05
0.05
0.05
0.05
0.05
0.05
0.05
0.05
0.05
0.05
0.05
0.05
0.05
0.05
0.05
0.05
0.05
0.05
0.05
0.05
0.05
0.05
0.05
0.05
0.05
0.05
0.05
0.05
0.05
0.05
0.05
0.05
0.05
0.05
0.05
0.05
0.05
0.05
0.05
0.05
0.05
0.05
0.05
0.05
0.05
0.05
0.05
0.05
0.05
0.05
0.05
0.05
0.05
0.05
0.05
0.05
0.05
0.05
0.05
0.05
0.05
0.05
0.05
0.05
0.05
0.05
0.05
0.05
0.05
0.05
0.05
0.05
0.05
0.05
0.05
0.05
0.05
0.05
0.05
0.05
0.05
0.05
0.05
0.05
0.05
0.05
0.05
0.05
0.05
0.05
0.05
0.05
0.05
0.05
0.05
0.05
0.05
0.05
0.05
0.05
0.05
0.05
0.05
0.05
0.05
0.05
0.05
0.05
0.05
0.05
0.05
0.05
0.05
0.05
0.05
0.05
0.05
0.05
0.05
0.05
0.05
0.05
0.05
0.05
0.05
0.05
0.05
0.05
0.05
0.05
0.05
0.05
0.05
0.05
0.05
0.05
0.05
0.05
0.05
0.05
0.05
0.05
0.05
0.05
0.05
0.05
0.05
0.05
0.05
0.05
0.05
0.05
0.05
0.05
0.05
0.05
0.05
0.05
0.05
0.05
0.05
0.05
0.05
0.05
0.05
0.05
0.05
0.05
0.05
0.05
0.05
0.05
0.05
0.05
0.05
0.05
0.05
0.05
0.05
0.05
0.05
0.05
0.05
0.05
0.05
0.05
0.05
0.05
0.05
0.05
0.05
0.05
0.05
0.05
0.05
0.05
0.05
0.05
0.05
0.05
0.05
0.05
0.05
0.05
0.05
0.05
0.05
0.05
0.05
0.05
0.05
0.05
0.05
0.05
0.05
0.05
0.05
0.05
0.05
0.05
0.05
0.05
0.05
0.05
0.05
0.05
0.05
0.05
0.05
0.05
0.05
0.05
0.05
0.05
0.05
0.05
0.05
0.05
0.05
0.05
0.05
0.05
0.05
0.05
0.05
0.05
0.05
0.05
0.05
0.05
0.05
0.05
0.05
0.05
0.05
0.05
0.05
0.05
0.05
0.05
0.05
0.05
0.05
0.05
0.05
0.05
0.05
0.05
0.05
0.05
0.05
0.05
0.05
0.05
0.05
0.05
0.05
0.05
0.05
0.05
0.05
0.05
0.05
0.05
0.05
0.05
0.05
0.05
0.05
0.05
0.05
0.05
0.05
0.05
0.05
0.05
0.05
0.05
0.05
0.05
0.05
0.05
0.05
0.05
0.05
0.05
0.05
0.05
0.05
0.05
0.05
0.05
0.05
0.05
0.05
0.05
0.05
0.05
0.05
0.05
0.05
0.05
0.05
0.05
0.05
0.05
0.05
0.05
0.05
0.05
0.05
0.05
0.05
0.05
0.05
0.05
0.05
0.05
0.05
0.05
0.05
0.05
0.05
0.05
0.05
0.05
0.05
0.05
0.05
0.05
0.05
0.05
0.05
0.05
0.05
0.05
0.05
0.05
0.05
0.05
0.05
0.05
0.05
0.05
0.05
0.05
0.05
0.05
0.05
0.05
0.05
0.05
0.05
0.05
0.05
0.05
0.05
0.05
0.05
0.05
0.05
0.05
0.05
0.05
0.05
0.05
0.05
0.05
0.05
0.05
0.05
0.05
0.05
0.05
0.05
0.05
0.05
0.05
0.05
0.05
0.05
0.05
0.05
0.05
0.05
0.05
0.05
0.05
0.05
0.05
0.05
0.05
0.05
0.05
0.05
0.05
0.05
0.05
0.05
0.05
0.05
0.05
0.05
0.05
0.05
0.05
0.05
0.05
0.05
0.05
0.05
0.05
0.05
0.05
0.05
0.05
0.05
0.05
0.05
0.05
0.05
0.05
0.05
0.05
0.05
0.05
0.05
0.05
0.05
0.05
0.05
0.05
0.05
0.05
0.05
0.05
0.05
0.05
0.05
0.05
0.05
0.05
0.05
0.05
0.05
0.05
0.05
0.05
0.05
0.05
0.05
0.05
0.05
0.05
0.05
0.05
0.05
0.05
0.05
0.05
0.05
0.05
0.05
0.05
0.05
0.05
0.05
0.05
0.05
0.05
0.05
0.05
0.05
0.05
0.05
0.05
0.05
0.05
0.05
0.05
0.05
0.05
0.05
0.05
0.05
0.05
0.05
0.05
0.05
0.05
0.05
0.05
0.05
0.05
0.05
0.05
0.05
0.05
0.05
0.05
0.05
0.05
0.05
0.05
0.05
0.05
0.05
0.05
0.05
0.05
0.05
0.05
0.05
0.05
0.05
0.05
0.05
0.05
0.05
0.05
0.05
0.05
0.05
0.05
0.05
0.05
0.05
0.05
0.05
0.05
0.05
0.05
0.05
0.05
0.05
0.05
0.05
0.05
0.05
0.05
0.05
0.05
0.05
0.05
0.05
0.05
0.05
0.05
0.05
0.05
0.05
0.05
0.05
0.05
0.05
0.05
0.05
0.05
0.05
0.05
0.05
0.05
0.05
0.05
0.05
0.05
0.05
0.05
0.05
0.05
0.05
0.05
0.05
0.05
0.05
0.05
0.05
0.05
0.05
0.05
0.05
0.05
0.05
0.05
0.05
0.05
0.05
0.05
0.05
0.05
0.05
0.05
0.05
0.05
0.05
0.05
0.05
0.05
0.05
0.05
0.05
0.05
0.05
0.05
0.05
0.05
0.05
0.05
0.05
0.05
0.05
0.05
0.05
0.05
0.05
0.05
0.05
0.05
0.05
0.05
0.05
0.05
0.05
0.05
0.05
0.05
0.05
0.05
0.05
0.05
0.05
0.05
0.05
0.05
0.05
0.05
0.05
0.05
0.05
0.05
0.05
0.05
0.05
0.05
0.05
0.05
0.05
0.05
0.05
0.05
0.05
0.05
0.05
0.05
0.05
0.05
0.05
0.05
0.05
0.05
0.05
0.05
0.05
0.05
0.05
0.05
0.05
0.05
0.05
0.05
0.05
0.05
0.05
0.05
0.05
0.05
0.05
0.05
0.05
0.05
0.05
0.05
0.05
0.05
0.05
0.05
0.05
0.05
0.05
0.05
0.05
0.05
0.05
0.05
0.05
0.05
0.05
0.05
0.05
0.05
0.05
0.05
0.05
0.05
0.05
0.05
0.05
0.05
0.05
0.05
0.05
0.05
0.05
0.05
0.05
0.05
0.05
0.05
0.05
0.05
0.05
0.05
0.05
0.05
0.05
0.05
0.05
0.05
0.05
0.05
0.05
0.05
0.05
0.05
0.05
0.05
0.05
0.05
0.05
0.05
0.05
0.05
0.05
0.05
0.05
0.05
0.05
0.05
0.05
0.05
0.05
0.05
0.05
0.05
0.05
0.05
0.05
0.05
0.05
0.05
0.05
0.05
0.05
0.05
0.05
0.05
0.05
0.05
0.05
0.05
0.05
0.05
0.05
0.05
0.05
0.05
0.05
0.05
0.05
0.05
0.05
0.05
0.05
0.05
0.05
0.05
0.05
0.05
0.05
0.05
0.05
0.05
0.05
0.05
0.05
0.05
0.05
0.05
0.05
0.05
0.05
0.05
0.05
0.05
0.05
0.05
0.05
0.05
0.05
0.05
0.05
0.05
0.05
0.05
0.05
0.05
0.05
0.05
0.05
0.05
0.05
0.05
0.05
0.05
0.05
0.05
0.05
0.05
0.05
0.05
0.05
0.05
0.05
0.05
0.05
0.05
0.05
0.05
0.05
0.05
0.05
0.05
0.05
0.05
0.05
0.05
0.05
0.05
0.05
0.05
0.05
0.05
0.05
0.05
0.05
0.05
0.05
0.05
0.05
0.05
0.05
0.05
0.05
0.05
0.05
0.05
0.05
0.05
0.05
0.05
0.05
0.05
0.05
0.05
0.05
0.05
0.05
0.05
0.05
0.05
0.05
0.05
0.05
0.05
0.05
0.05
0.05
0.05
0.05
0.05
0.05
0.05
0.05
0.05
0.05
0.05
0.05
0.05
0.05
0.05
0.05
0.05
0.05
0.05
0.05
0.05
0.05
0.05
0.05
0.05
0.05
0.05
0.05
0.05
0.05
0.05
0.05
0.05
0.05
0.05
0.05
0.05
0.05
0.05
0.05
0.05
0.05
0.05
0.05
0.05
0.05
0.05
0.05
0.05
0.05
0.05
0.05
0.05
0.05
0.05
0.05
0.05
0.05
0.05
0.05
0.05
0.05
0.05
0.05
0.05
0.05
0.05
0.05
0.05
0.05
0.05
0.05
0.05
0.05
0.05
0.05
0.05
0.05
0.05
0.05
0.05
0.05
0.05
0.05
0.05
0.05
0.05
0.05
0.05
0.05
0.05
0.05
0.05
0.05
0.05
0.05
0.05
0.05
0.05
0.05
0.05
0.05
0.05
0.05
0.05
777777