2.07066
999999
0.168307
0.0387499
0.0284042
-0.164552
-0.10711
-0.170514
0.0421979
0.0505033
-0.0988668
-0.128646
0.0435656
0.0229645
-0.0270703
0.0812811
0.092746
-0.0436328
-0.095144
-0.0795738
0.184144
-0.065185
-0.0637983
0.035206
0.0808008
0.19719
-0.0159141
-0.039614
-0.142091
0.0169721
0.15522
0.0827098
-0.00724533
-0.0483008
-0.132092
0.0471513
-0.0498941
0.156405
0.101337
0.131312
0.00684151
0.0226885
0.12543
-0.0975317
0.132689
0.0770573
-0.0837264
0.126469
-0.0673031
0.140491
-0.101439
0.128597
0.0715706
-0.193198
-0.172059
-0.188965
-0.132148
0.149713
0.0833288
-0.0201304
-0.111006
-0.165728
-0.119635
0.102857
-0.14799
-0.0215929
-0.0388641
-0.111877
-0.0728466
0.0386755
0.0302382
-0.094762
0.0128672
0.187342
-0.0526451
0.129893
0.129696
-0.0930904
-0.0364155
0.169171
-0.0905843
0.155483
-0.196583
-0.158985
0.119477
0.00831893
0.190194
-0.0988915
-0.0433792
0.18479
0.094348
-0.0173932
0.0408174
0.0444792
-0.0305997
0.0235411
-0.0577978
0.133986
-0.184207
0.0187752
-0.193783
0.0155898
-0.115947
-0.193939
0.168887
-0.0677843
0.0087459
0.0879325
0.095688
-0.0843381
-0.113105
0.0364978
-0.113494
-0.180598
0.0352702
0.104429
0.188819
0.167013
0.0742463
0.114691
-0.106529
-0.0609089
0.0268441
0.166643
0.11179
0.0680563
0.176325
0.102462
0.0141798
-0.190442
-0.0505112
0.0824803
-0.162091
0.153417
-0.162203
-0.182188
-0.175526
-0.0921284
-0.123585
-0.173562
0.108892
-0.0570936
-0.0346961
-0.0967001
-0.119615
0.176862
0.090729
0.014288
-0.0887383
0.0893159
0.188021
-0.128901
-0.0801526
-0.101776
0.191769
0.167042
-0.159087
0.0324323
0.162227
-0.133394
0.19813
0.156502
-0.10977
0.0448391
0.0169671
-0.102725
-0.0898008
-0.0425605
-0.158782
-0.113314
-0.120831
-0.0422076
0.0183786
-0.0784234
0.100527
0.189766
-0.0810566
0.0371475
-0.115269
0.134158
0.198095
0.127581
-0.12641
-0.107534
-0.16867
-0.0185654
0.0471414
0.0882544
0.00336112
0.0540596
0.182911
0.134434
0.171742
-0.0709673
0.0563775
-0.0222745
0.0338408
0.131544
-0.0742253
0.0453255
-0.0354269
-0.12996
-0.122133
-0.0450578
-0.154288
-0.142701
-0.045132
-0.0963713
-0.0874966
-0.0799014
0.0415768
-0.116957
0.0207422
0.186291
-0.101148
-0.189867
-0.0646535
0.0797344
0.122423
0.0475991
-0.117496
0.128649
0.0999035
-0.125151
-0.0239345
0.00266386
-0.142053
-0.0156666
0.12185
-0.120007
0.0710008
0.0886741
-0.0228389
0.0486201
0.126007
0.187178
0.0935061
-0.169542
-0.0174379
-0.105874
0.105364
-0.0948845
-0.0396285
-0.131712
-0.189205
-0.150678
0.180426
-0.066973
0.0916086
0.171848
-0.102281
0.161106
0.00876902
-0.0554413
0.0961095
-0.0718642
0.0181418
0.148849
-0.0917462
-0.176791
0.134032
0.123963
-0.0331498
0.160783
0.0365979
0.114301
-0.151654
0.178123
-0.149123
-0.0977314
-0.0699921
0.0391615
-0.0145387
0.093586
0.0183433
-0.0763422
0.106763
-0.0567846
-0.0871736
-0.190892
-0.193918
-0.0870186
-0.0684345
0.061828
-0.107881
0.139234
-0.161991
0.0501521
-0.144107
-0.0666572
0.144867
0.0373
-0.175825
-0.183253
-0.0865921
-0.184213
0.184846
-0.151188
-0.0104467
-0.0211824
-0.0964924
0.18177
0.121308
-0.189133
0.065
0.144439
-0.0579542
-0.0404519
0.162345
0.140982
0.00159644
0.0403642
-0.16408
0.0795269
-0.130662
0.0379817
0.0133821
0.0499947
0.155887
-0.186954
-0.151103
0.11244
-0.142579
-0.0880982
-0.020428
0.0247658
-0.0162042
-0.0776549
0.0289793
-0.0956827
0.106923
-0.0919439
-0.120027
-0.0388975
0.0569833
-0.00589118
0.140898
0.087112
-0.030984
0.0988192
0.165918
-0.0388329
-0.0436723
0.0890949
0.0886887
0.0850054
-0.113179
0.0772748
0.173273
0.102251
-0.0373892
-0.0550832
0.0518641
-0.0436204
-0.0773215
0.0114394
-0.0458693
-0.17441
0.0181924
-0.0215215
0.186663
-0.0172654
-0.144734
-0.0495038
0.0982456
-0.103037
-0.155376
0.192287
0.117027
0.00311377
-0.189631
0.146558
-0.0360055
-0.113479
0.152334
-0.106944
0.186805
-0.0340133
-0.0448483
0.0628961
-0.0246673
-0.166351
0.0557811
0.190874
0.0246361
0.0435684
0.0606764
-0.0309988
0.0895074
-0.156032
0.0610519
-0.19911
0.170114
-0.0857429
-0.0137694
0.193205
0.154298
-0.192127
0.00413863
0.0576987
-0.138096
-0.0603745
-0.0601202
0.181005
0.145965
0.178624
0.012931
-0.179178
0.0750882
0.135047
0.128742
0.159175
0.0515243
-0.0246342
0.158414
0.0329798
0.0890403
-0.0332304
0.142602
0.0436055
0.0306001
0.174451
0.187356
0.0338471
-0.171185
0.143047
-0.112932
-0.112877
-0.0581881
0.00202967
-0.127985
0.0911606
0.0319289
0.0173231
0.0635602
-0.114675
0.166563
-0.0793474
-0.0103417
-0.114039
-0.167242
0.0609337
0.00415484
-0.0785767
-0.10062
0.199059
-0.101143
-0.177956
0.0407527
-0.166763
0.0588971
0.191083
-0.173741
-0.132583
-0.0283276
-0.0632459
0.114821
0.134749
0.0264126
-0.178515
0.01931
0.0378391
-0.0707091
0.130325
-0.0739352
-0.180736
0.0294721
-0.168951
-0.0535658
-0.00722417
-0.0253909
-0.0742828
-0.102814
-0.0842573
-0.0453554
-0.187713
0.00219524
0.019049
-0.0522064
0.122106
0.181117
-0.185053
-0.155455
0.106253
0.180781
-0.162666
0.0316166
0.0727336
0.0871716
-0.0851376
0.162292
-0.0424874
0.0650388
0.000781733
-0.116508
-0.119296
0.0756808
0.117375
-0.0211238
-0.0340837
0.0112254
0.0542064
-0.149705
-0.183077
-0.175827
-0.178182
-0.155961
0.127
-0.0338064
0.00075224
-0.0722218
0.0209484
0.0553911
0.0845233
0.0318367
0.144587
-0.0134713
-0.00595572
-0.0948257
0.148876
-0.197402
0.000338569
0.151099
-0.158429
-0.0865081
0.182894
0.185353
-0.171175
0.08682
-0.0819612
-0.0164215
-0.164721
0.0678391
0.159417
0.182301
0.0849538
0.018272
-0.0955433
0.164331
0.188529
-0.162112
-0.117184
-0.0162668
-0.150169
0.0460172
-0.053284
0.0335026
-0.144377
-0.133034
-0.163397
-0.192421
0.0467059
-0.0532472
0.192462
-0.0764721
-0.0735379
0.131616
-0.17624
0.0803953
0.0730852
-0.173861
-0.0270589
-0.0104599
-0.0770597
0.133829
-0.120642
0.132296
-0.0958261
0.00297036
-0.190916
0.128634
0.15597
0.147556
0.0560912
-0.139316
0.15336
0.0982912
0.0243844
-0.113874
0.0548362
0.140975
0.127463
0.1211
-0.0659085
0.0258592
-0.0491351
0.132133
0.112368
-0.0564729
-0.0239833
0.181096
-0.0704386
-0.0141781
0.151052
-0.0974642
0.00583813
0.0629112
0.158884
0.126615
-0.117187
-0.0729284
-0.0663815
0.0791808
0.134969
-0.195602
0.0266554
0.00828955
-0.112907
0.0156155
-0.0562185
0.0364949
-0.0181235
0.0894397
-0.180208
-0.0253779
0.133039
0.098071
-0.00573833
0.190686
0.113583
-0.198045
0.1989
0.0542806
0.121357
0.0841997
0.0821778
0.18146
0.00644378
-0.0417946
-0.0216254
-0.0296009
-0.0246861
0.0039663
0.00577665
-0.0909041
-0.0165853
0.0334322
0.187076
-0.120608
-0.0680949
-0.127575
-0.0586166
-0.18144
0.0786551
-0.181715
-0.139073
-0.159371
0.122983
-0.013431
-0.0379775
-0.121722
-0.107486
-0.178079
0.0913191
0.101119
0.141702
-0.183971
0.175309
-0.0750339
-0.0154676
0.168826
0.18495
0.0597568
0.102613
-0.144687
-0.152284
0.172573
-0.169151
0.0570934
-0.154899
-0.0318752
0.0425116
0.153867
0.186341
-0.0726065
-0.101092
0.123405
-0.114673
-0.011851
-0.138756
0.121919
-0.0968827
-0.0197684
0.132396
-0.0160995
0.103514
0.182796
0.0370146
0.0277335
0.136779
-0.0620879
0.027998
-0.0730357
-0.120539
-0.0921965
-0.0110168
-0.0479784
0.179128
0.1064
0.119717
0.029577
0.0596023
-0.106657
-0.0617513
-0.0525261
-0.00117731
0.110343
-0.168668
0.0156082
-0.0268028
0.138862
-0.158407
0.0426251
0.0358382
0.0378719
0.12065
0.1015
-0.0958734
0.107883
-0.119868
0.0941153
0.194922
-0.140195
-0.112158
0.107849
0.165993
-0.176075
-0.0969574
-0.0713116
0.0736933
0.183574
0.0426277
-0.110048
0.0452187
0.142517
0.0406852
-0.0356666
0.141589
-0.16921
0.01812
-0.0537328
-0.0676595
-0.0178519
-0.0965463
0.184987
0.143708
-0.0351992
0.129112
-0.191743
0.192487
0.0613459
0.144778
-0.184987
-0.178959
-0.19469
0.185475
0.177778
-0.00733283
0.0507349
0.00934586
0.194865
-0.00623093
0.0461042
-0.100066
-0.158506
-0.191172
0.0341168
-0.0620898
0.179096
0.0724421
-0.050359
-0.15887
0.0710202
-0.11498
0.0278041
-0.0135768
0.072077
0.0299057
0.0197224
-0.1641
-0.163502
0.0880182
0.0457108
0.00712321
0.073287
0.0725979
0.187545
-0.0839813
0.0512597
-0.0690276
0.0413962
-0.0245503
-0.140647
-0.0249005
-0.107023
0.176427
-0.0424173
0.042808
-0.134275
0.057571
0.0289531
-0.0700963
0.196782
-0.00177734
-0.027373
0.180716
-0.13498
0.120653
-0.160944
0.159335
0.198964
0.0167921
0.0908681
-0.172366
0.0289957
-0.00993987
0.00300794
-0.0410503
0.10793
-0.141945
0.0332647
0.175151
0.073049
0.0346232
0.0294114
-0.191079
0.0711113
0.0813834
0.143175
0.0331058
0.0214327
-0.0867179
0.19739
0.106685
0.163803
0.196974
-0.0183303
-0.0634747
0.151374
-0.17815
-0.125618
-0.012929
-0.0555553
-0.025232
0.0619447
-0.132228
-0.0657006
-0.108514
0.000963305
-0.055885
0.0109654
-0.192901
-0.103586
-0.0312379
-0.156347
-0.0973017
-0.0584578
-0.140303
0.0446582
-0.16957
-0.0563568
-0.180095
0.193753
0.168689
0.135121
0.179823
-0.00950437
0.112873
0.191597
-0.122821
0.153061
-0.0851466
-0.104002
0.0285374
0.0680402
0.183047
0.175564
0.187687
-0.183641
-0.150518
0.110981
-0.0168335
0.0931163
-0.0211818
0.115454
0.0166207
0.181501
-0.0439842
-0.19794
-0.107784
-0.122489
0.195559
0.157591
-0.120056
0.0107139
0.00225877
0.0550012
-0.132844
-0.0225974
0.0408629
0.00976862
-0.165975
-0.153109
0.00200606
-0.0104918
0.191022
0.03049
0.0679555
-0.082929
-0.0765506
0.148047
-0.151958
-0.132795
-0.0652996
-0.0534466
-0.0928694
0.0475595
0.0348651
0.197182
0.129822
-0.090104
-0.109184
-0.1792
-0.179539
0.193405
0.0891166
0.047055
0.0689716
0.194901
0.103172
0.024645
0.174168
-0.171444
0.181627
0.0577106
0.0549739
-0.115064
0.0519295
0.0344184
-0.0620759
-0.179158
0.183514
0.0659423
-0.0139612
-0.107039
0.0100961
0.0414036
-0.00600178
-0.172379
0.0600619
0.162991
-0.0502823
-0.191342
-0.108748
-0.147527
0.0279792
0.15119
-0.0715983
0.00671987
0.0859896
0.0717615
0.00810889
0.0336098
-0.126214
-0.100305
-0.126242
-0.167075
0.116832
0.130149
-0.0533396
0.0714607
0.126333
0.0621707
-0.131364
0.0419888
-0.00931024
-0.0381243
-0.120432
-0.189499
-0.121503
0.156518
-0.0570813
0.0409835
-0.0622871
0.0973656
-0.199358
-0.186346
-0.100138
-0.0239342
0.0102661
-0.186887
0.156006
-0.0353642
-0.180448
-0.0292694
0.058032
0.0141268
-0.0999134
-0.0724622
-0.187765
0.102082
-0.00467348
-0.0107292
0.0791424
0.0445018
0.108002
0.0417156
-0.0420739
0.000991489
-0.14003
-0.100917
-0.020616
0.108066
0.126428
-0.0895407
0.158158
-0.0986941
0.0947467
0.025917
0.177737
-0.103896
0.133534
-0.0498331
0.0985378
0.0991162
0.018548
0.0324845
0.12146
-0.0375652
-0.120269
0.0254393
0.0125324
-0.143091
-0.0580284
-0.0172111
0.177716
-0.0142465
0.136443
-0.0314647
0.113199
-0.0477392
-0.192293
-0.130025
-0.0495982
0.00196436
-0.016735
-0.0322683
0.097596
-0.00462256
-0.0937368
0.183722
0.194982
0.028063
0.0933423
0.098611
0.171321
-0.0138846
-0.00678839
0.0405851
0.173837
0.00143864
-0.0362453
0.00659994
0.0250223
0.178316
-0.0478026
0.000791197
0.186887
-0.0481565
0.183324
-0.138471
-0.145898
-0.181504
-0.0389788
0.0371611
0.123247
0.117624
0.110469
-0.16536
0.0718525
-0.0164493
-0.19335
0.112263
-0.178565
-0.115267
-0.134022
0.160533
0.193755
0.0332372
0.148917
-0.0704601
-0.183191
-0.0301283
-0.174935
-0.0388535
-0.0653291
-0.136218
0.18847
-0.0211822
-0.0650004
0.0140089
-0.108503
0.103182
0.078566
-0.165609
-0.0362111
0.156776
-0.13551
0.0331506
-0.0745751
-0.0512593
0.113862
0.123271
0.0558442
0.00179295
-0.160793
0.0227038
0.185785
-0.170669
-0.087805
0.142573
0.186345
-0.0631846
-0.0319361
-0.125747
-0.146499
-0.0643119
0.115743
0.036178
-0.0819621
0.153533
0.00630903
0.0989052
-0.1914
0.0950947
-0.172384
0.107042
0.028712
0.122371
-0.0691005
0.0144463
-0.030193
0.0731346
0.19628
0.0892613
-0.0474668
-0.0263318
0.129853
-0.0625654
0.163423
0.175666
0.146062
0.00253818
-0.0316189
0.0209066
-0.0262874
-0.0461109
-0.0995394
-0.0576012
-0.101811
0.0705694
0.0833195
-0.00889908
0.132202
0.113027
-0.13393
-0.137714
0.0363935
0.0682057
0.123208
-0.163452
0.121116
0.0977114
0.182432
0.123265
0.149795
-0.0606101
-0.00751219
-0.135823
-0.0455052
0.197315
0.0717947
-0.0678261
-0.136573
-0.0178578
0.157996
0.175071
-0.178709
-0.177971
0.136007
-0.114635
0.167474
-0.0477932
0.00932181
0.0991986
0.186145
-0.159908
0.0172811
0.128937
-0.124806
0.0496126
-0.192256
0.0271843
0.19025
-0.0687361
0.105445
-0.0273367
0.136933
-0.131378
-0.0799169
-0.0449402
0.189976
0.0923912
0.0337683
0.0271105
0.113149
0.140349
0.0507282
-0.149809
-0.132387
0.0698711
0.0282653
0.153314
0.0476686
0.0745194
-0.195879
0.150114
-0.0837521
0.114662
0.0238331
-0.0587153
-0.0567045
-0.162514
0.0771789
0.0649766
-0.045188
0.00279671
0.08877
0.0529935
-0.115284
0.185854
-0.163269
-0.0772693
-0.047875
-0.0102503
0.162858
-0.0647944
0.153786
-0.0499913
-0.134997
0.0487844
0.193263
0.183528
0.000327223
-0.160695
0.139731
-0.13598
0.0932794
-0.182893
-0.111152
-0.159907
-0.102585
0.194548
-0.15683
-0.0889645
-0.194309
0.0284571
0.115843
-0.0288334
0.152316
0.134055
0.134725
-0.153436
-0.090641
-0.00811209
0.0649255
0.0176236
-0.140499
-0.0881551
-0.136708
0.0427816
-0.196269
0.1433
-0.173984
0.0799083
-0.0755392
0.097671
0.03553
0.064734
0.0157822
-0.0126616
0.185746
0.174736
-0.128818
-0.0709061
0.170592
0.0161733
0.116795
0.193976
0.128214
-0.0023354
0.187701
0.0170995
0.0892952
0.168588
-0.126948
-0.145845
0.129117
0.0518296
-0.0502225
-0.138828
-0.108363
0.132693
-0.0192185
0.0817684
-0.136581
0.147851
-0.0685336
0.0968146
-0.168179
0.0404807
-0.153538
0.189478
-0.14977
0.146559
0.00790493
-0.0167487
-0.100989
-0.156859
-0.105944
-0.192894
-0.154199
-0.0321297
0.0705503
-0.018421
0.0571534
-0.167875
0.078781
-0.167556
0.118035
-0.117267
0.0674971
0.108894
-0.0597836
0.198633
-0.0529113
-0.084518
0.169099
0.187786
0.0774007
0.0105269
0.116101
-0.0781524
0.16925
-0.133408
0.0485279
-0.141611
-0.0495373
0.121782
-0.101033
-0.0809058
-0.109654
0.167929
-0.0749117
-0.188797
0.0812002
0.102017
-0.0472915
0.168412
0.0531274
0.184065
-0.114541
-0.124196
0.020476
0.090088
0.0263383
-0.126607
-0.0811339
-0.0259467
0.0393927
-0.132694
0.0848346
0.00462629
0.178997
-0.0872472
0.186487
-0.118635
0.0124361
-0.0438037
-0.0559903
0.162097
0.0746792
0.0313021
-0.0817663
-0.186801
-0.0450312
0.0244371
-0.146855
-0.127594
-0.0706151
0.164225
0.095917
-0.0731879
-0.142689
0.117851
0.0382334
0.0662007
-0.120813
-0.172527
0.0324785
0.185417
-0.106732
0.111071
-0.0824704
-0.10791
0.16191
-0.0738747
0.128635
-0.113475
0.164485
-0.0853206
-0.111888
0.0158214
-0.153651
-0.0356848
0.100695
-0.167697
-0.0850166
-0.106914
-0.0439591
0.0874449
-0.00963331
-0.147583
0.129953
-0.0388059
-0.00315073
-0.0598203
0.171308
-0.0727096
-0.163327
-0.0428972
0.0870758
0.0197224
-0.151434
0.0891748
-0.166962
-0.123257
-0.0797318
0.105809
-0.177039
-0.161959
0.0133848
0.0346497
-0.112954
0.0479339
0.0834915
0.150939
-0.133654
0.0442367
0.0413634
0.0948972
-0.0633621
0.173306
-0.0228701
0.121183
-0.185549
-0.0765628
0.0229937
-0.0703542
0.198634
0.121604
0.189403
-0.00217173
-0.00966244
0.123778
0.0534612
-0.0180345
-0.0126286
-0.184993
0.0142929
0.167935
0.177267
-0.0498209
-0.045842
-0.059036
-0.117433
-0.0945643
0.182799
0.0401057
-0.171587
-0.179789
0.0349731
-0.0504903
0.197779
0.0898825
-0.11172
-0.00286562
-0.00739683
0.128536
-0.116326
-0.140421
0.109339
-0.168172
-0.112533
-0.0921012
0.122219
0.0254684
0.166214
0.0890208
-0.128818
0.0933923
-0.158797
0.190966
-0.0134292
0.0935359
0.188249
-0.000338094
-0.0936642
-0.0218545
0.000120077
-0.144719
0.0123261
-0.16105
0.0815278
-0.0722203
0.108518
-0.0738254
-0.195025
0.142297
-0.127016
-0.119456
0.101875
-0.0402939
0.199715
0.131736
0.0782419
-0.115724
0.00651763
0.193646
0.0208647
0.020362
0.168096
-0.171825
0.0878277
0.19149
0.0946838
-0.130372
0.0602251
-0.185855
-0.0134908
-0.0570132
0.017913
0.0361608
0.153912
-0.0420782
0.107436
0.17515
0.127856
0.17383
-0.197399
-0.0694564
-0.0198186
-0.173496
0.110383
-0.138709
0.00108656
0.0472086
-0.100026
-0.0212611
0.142848
0.121492
-0.148462
-0.0784075
-0.0330993
-0.173619
-0.128286
0.048338
0.160967
0.113559
0.0205994
0.017297
0.199342
0.166929
-0.167098
-0.0787263
-0.0458357
-0.00170666
-0.131421
0.140311
-0.0876093
0.0905709
-0.180751
0.139881
-0.0554522
0.0449585
0.181446
0.141302
-0.0279784
-0.184185
0.061637
-0.163699
-0.174069
0.171984
0.0492938
-0.0663591
-0.00733113
-0.134021
-0.0865071
0.195041
0.121742
0.186277
0.119046
-0.113963
-0.0189915
-0.186379
0.0840343
0.11588
-0.0414058
-0.0332371
-0.15282
-0.197297
-0.0991829
0.127802
-0.0857408
-0.0780449
0.0756889
-0.194755
0.160402
0.0319596
-0.0844237
-0.123275
0.150564
0.181584
-0.0918206
-0.159674
-0.0603371
-0.119069
-0.140586
0.0761015
0.154255
0.0360639
-0.122383
-0.0793391
-0.183217
-0.0922782
-0.0312078
-0.114189
0.152223
-0.117383
-0.110096
0.103289
-0.172574
0.0394524
0.144634
-0.185043
0.0790595
-0.0760768
0.0525662
-0.023666
0.113373
-0.0568371
0.0655077
-0.134028
-0.0343582
-0.126278
0.191758
0.0665446
0.119081
-0.0243505
0.162259
0.157189
0.147345
0.0458691
-0.0427628
-0.156019
0.0716852
0.155836
0.0218779
-0.199031
-0.0544373
0.101637
0.0705226
-0.190251
0.109175
-0.166226
0.130775
-0.131699
0.108156
-0.119307
-0.0996496
0.140409
888888
0.05
0.05
0.05
0.05
0.05
0.05
0.05
0.05
0.05
0.05
0.05
0.05
0.05
0.05
0.05
0.05
0.05
0.05
0.05
0.05
0.05
0.05
0.05
0.05
0.05
0.05
0.05
0.05
0.05
0.05
0.05
0.05
0.05
0.05
0.05
0.05
0.05
0.05
0.05
0.05
0.05
0.05
0.05
0.05
0.05
0.05
0.05
0.05
0.05
0.05
0.05
0.05
0.05
0.05
0.05
0.05
0.05
0.05
0.05
0.05
0.05
0.05
0.05
0.05
0.05
0.05
0.05
0.05
0.05
0.05
0.05
0.05
0.05
0.05
0.05
0.05
0.05
0.05
0.05
0.05
0.05
0.05
0.05
0.05
0.05
0.05
0.05
0.05
0.05
0.05
0.05
0.05
0.05
0.05
0.05
0.05
0.05
0.05
0.05
0.05
0.05
0.05
0.05
0.05
0.05
0.05
0.05
0.05
0.05
0.05
0.05
0.05
0.05
0.05
0.05
0.05
0.05
0.05
0.05
0.05
0.05
0.05
0.05
0.05
0.05
0.05
0.05
0.05
0.05
0.05
0.05
0.05
0.05
0.05
0.05
0.05
0.05
0.05
0.05
0.05
0.05
0.05
0.05
0.05
0.05
0.05
0.05
0.05
0.05
0.05
0.05
0.05
0.05
0.05
0.05
0.05
0.05
0.05
0.05
0.05
0.05
0.05
0.05
0.05
0.05
0.05
0.05
0.05
0.05
0.05
0.05
0.05
0.05
0.05
0.05
0.05
0.05
0.05
0.05
0.05
0.05
0.05
0.05
0.05
0.05
0.05
0.05
0.05
0.05
0.05
0.05
0.05
0.05
0.05
0.05
0.05
0.05
0.05
0.05
0.05
0.05
0.05
0.05
0.05
0.05
0.05
0.05
0.05
0.05
0.05
0.05
0.05
0.05
0.05
0.05
0.05
0.05
0.05
0.05
0.05
0.05
0.05
0.05
0.05
0.05
0.05
0.05
0.05
0.05
0.05
0.05
0.05
0.05
0.05
0.05
0.05
0.05
0.05
0.05
0.05
0.05
0.05
0.05
0.05
0.05
0.05
0.05
0.05
0.05
0.05
0.05
0.05
0.05
0.05
0.05
0.05
0.05
0.05
0.05
0.05
0.05
0.05
0.05
0.05
0.05
0.05
0.05
0.05
0.05
0.05
0.05
0.05
0.05
0.05
0.05
0.05
0.05
0.05
0.05
0.05
0.05
0.05
0.05
0.05
0.05
0.05
0.05
0.05
0.05
0.05
0.05
0.05
0.05
0.05
0.05
0.05
0.05
0.05
0.05
0.05
0.05
0.05
0.05
0.05
0.05
0.05
0.05
0.05
0.05
0.05
0.05
0.05
0.05
0.05
0.05
0.05
0.05
0.05
0.05
0.05
0.05
0.05
0.05
0.05
0.05
0.05
0.05
0.05
0.05
0.05
0.05
0.05
0.05
0.05
0.05
0.05
0.05
0.05
0.05
0.05
0.05
0.05
0.05
0.05
0.05
0.05
0.05
0.05
0.05
0.05
0.05
0.05
0.05
0.05
0.05
0.05
0.05
0.05
0.05
0.05
0.05
0.05
0.05
0.05
0.05
0.05
0.05
0.05
0.05
0.05
0.05
0.05
0.05
0.05
0.05
0.05
0.05
0.05
0.05
0.05
0.05
0.05
0.05
0.05
0.05
0.05
0.05
0.05
0.05
0.05
0.05
0.05
0.05
0.05
0.05
0.05
0.05
0.05
0.05
0.05
0.05
0.05
0.05
0.05
0.05
0.05
0.05
0.05
0.05
0.05
0.05
0.05
0.05
0.05
0.05
0.05
0.05
0.05
0.05
0.05
0.05
0.05
0.05
0.05
0.05
0.05
0.05
0.05
0.05
0.05
0.05
0.05
0.05
0.05
0.05
0.05
0.05
0.05
0.05
0.05
0.05
0.05
0.05
0.05
0.05
0.05
0.05
0.05
0.05
0.05
0.05
0.05
0.05
0.05
0.05
0.05
0.05
0.05
0.05
0.05
0.05
0.05
0.05
0.05
0.05
0.05
0.05
0.05
0.05
0.05
0.05
0.05
0.05
0.05
0.05
0.05
0.05
0.05
0.05
0.05
0.05
0.05
0.05
0.05
0.05
0.05
0.05
0.05
0.05
0.05
0.05
0.05
0.05
0.05
0.05
0.05
0.05
0.05
0.05
0.05
0.05
0.05
0.05
0.05
0.05
0.05
0.05
0.05
0.05
0.05
0.05
0.05
0.05
0.05
0.05
0.05
0.05
0.05
0.05
0.05
0.05
0.05
0.05
0.05
0.05
0.05
0.05
0.05
0.05
0.05
0.05
0.05
0.05
0.05
0.05
0.05
0.05
0.05
0.05
0.05
0.05
0.05
0.05
0.05
0.05
0.05
0.05
0.05
0.05
0.05
0.05
0.05
0.05
0.05
0.05
0.05
0.05
0.05
0.05
0.05
0.05
0.05
0.05
0.05
0.05
0.05
0.05
0.05
0.05
0.05
0.05
0.05
0.05
0.05
0.05
0.05
0.05
0.05
0.05
0.05
0.05
0.05
0.05
0.05
0.05
0.05
0.05
0.05
0.05
0.05
0.05
0.05
0.05
0.05
0.05
0.05
0.05
0.05
0.05
0.05
0.05
0.05
0.05
0.05
0.05
0.05
0.05
0.05
0.05
0.05
0.05
0.05
0.05
0.05
0.05
0.05
0.05
0.05
0.05
0.05
0.05
0.05
0.05
0.05
0.05
0.05
0.05
0.05
0.05
0.05
0.05
0.05
0.05
0.05
0.05
0.05
0.05
0.05
0.05
0.05
0.05
0.05
0.05
0.05
0.05
0.05
0.05
0.05
0.05
0.05
0.05
0.05
0.05
0.05
0.05
0.05
0.05
0.05
0.05
0.05
0.05
0.05
0.05
0.05
0.05
0.05
0.05
0.05
0.05
0.05
0.05
0.05
0.05
0.05
0.05
0.05
0.05
0.05
0.05
0.05
0.05
0.05
0.05
0.05
0.05
0.05
0.05
0.05
0.05
0.05
0.05
0.05
0.05
0.05
0.05
0.05
0.05
0.05
0.05
0.05
0.05
0.05
0.05
0.05
0.05
0.05
0.05
0.05
0.05
0.05
0.05
0.05
0.05
0.05
0.05
0.05
0.05
0.05
0.05
0.05
0.05
0.05
0.05
0.05
0.05
0.05
0.05
0.05
0.05
0.05
0.05
0.05
0.05
0.05
0.05
0.05
0.05
0.05
0.05
0.05
0.05
0.05
0.05
0.05
0.05
0.05
0.05
0.05
0.05
0.05
0.05
0.05
0.05
0.05
0.05
0.05
0.05
0.05
0.05
0.05
0.05
0.05
0.05
0.05
0.05
0.05
0.05
0.05
0.05
0.05
0.05
0.05
0.05
0.05
0.05
0.05
0.05
0.05
0.05
0.05
0.05
0.05
0.05
0.05
0.05
0.05
0.05
0.05
0.05
0.05
0.05
0.05
0.05
0.05
0.05
0.05
0.05
0.05
0.05
0.05
0.05
0.05
0.05
0.05
0.05
0.05
0.05
0.05
0.05
0.05
0.05
0.05
0.05
0.05
0.05
0.05
0.05
0.05
0.05
0.05
0.05
0.05
0.05
0.05
0.05
0.05
0.05
0.05
0.05
0.05
0.05
0.05
0.05
0.05
0.05
0.05
0.05
0.05
0.05
0.05
0.05
0.05
0.05
0.05
0.05
0.05
0.05
0.05
0.05
0.05
0.05
0.05
0.05
0.05
0.05
0.05
0.05
0.05
0.05
0.05
0.05
0.05
0.05
0.05
0.05
0.05
0.05
0.05
0.05
0.05
0.05
0.05
0.05
0.05
0.05
0.05
0.05
0.05
0.05
0.05
0.05
0.05
0.05
0.05
0.05
0.05
0.05
0.05
0.05
0.05
0.05
0.05
0.05
0.05
0.05
0.05
0.05
0.05
0.05
0.05
0.05
0.05
0.05
0.05
0.05
0.05
0.05
0.05
0.05
0.05
0.05
0.05
0.05
0.05
0.05
0.05
0.05
0.05
0.05
0.05
0.05
0.05
0.05
0.05
0.05
0.05
0.05
0.05
0.05
0.05
0.05
0.05
0.05
0.05
0.05
0.05
0.05
0.05
0.05
0.05
0.05
0.05
0.05
0.05
0.05
0.05
0.05
0.05
0.05
0.05
0.05
0.05
0.05
0.05
0.05
0.05
0.05
0.05
0.05
0.05
0.05
0.05
0.05
0.05
0.05
0.05
0.05
0.05
0.05
0.05
0.05
0.05
0.05
0.05
0.05
0.05
0.05
0.05
0.05
0.05
0.05
0.05
0.05
0.05
0.05
0.05
0.05
0.05
0.05
0.05
0.05
0.05
0.05
0.05
0.05
0.05
0.05
0.05
0.05
0.05
0.05
0.05
0.05
0.05
0.05
0.05
0.05
0.05
0.05
0.05
0.05
0.05
0.05
0.05
0.05
0.05
0.05
0.05
0.05
0.05
0.05
0.05
0.05
0.05
0.05
0.05
0.05
0.05
0.05
0.05
0.05
0.05
0.05
0.05
0.05
0.05
0.05
0.05
0.05
0.05
0.05
0.05
0.05
0.05
0.05
0.05
0.05
0.05
0.05
0.05
0.05
0.05
0.05
0.05
0.05
0.05
0.05
0.05
0.05
0.05
0.05
0.05
0.05
0.05
0.05
0.05
0.05
0.05
0.05
0.05
0.05
0.05
0.05
0.05
0.05
0.05
0.05
0.05
0.05
0.05
0.05
0.05
0.05
0.05
0.05
0.05
0.05
0.05
0.05
0.05
0.05
0.05
0.05
0.05
0.05
0.05
0.05
0.05
0.05
0.05
0.05
0.05
0.05
0.05
0.05
0.05
0.05
0.05
0.05
0.05
0.05
0.05
0.05
0.05
0.05
0.05
0.05
0.05
0.05
0.05
0.05
0.05
0.05
0.05
0.05
0.05
0.05
0.05
0.05
0.05
0.05
0.05
0.05
0.05
0.05
0.05
0.05
0.05
0.05
0.05
0.05
0.05
0.05
0.05
0.05
0.05
0.05
0.05
0.05
0.05
0.05
0.05
0.05
0.05
0.05
0.05
0.05
0.05
0.05
0.05
0.05
0.05
0.05
0.05
0.05
0.05
0.05
0.05
0.05
0.05
0.05
0.05
0.05
0.05
0.05
0.05
0.05
0.05
0.05
0.05
0.05
0.05
0.05
0.05
0.05
0.05
0.05
0.05
0.05
0.05
0.05
0.05
0.05
0.05
0.05
0.05
0.05
0.05
0.05
0.05
0.05
0.05
0.05
0.05
0.05
0.05
0.05
0.05
0.05
0.05
0.05
0.05
0.05
0.05
0.05
0.05
0.05
0.05
0.05
0.05
0.05
0.05
0.05
0.05
0.05
0.05
0.05
0.05
0.05
0.05
0.05
0.05
0.05
0.05
0.05
0.05
0.05
0.05
0.05
0.05
0.05
0.05
0.05
0.05
0.05
0.05
0.05
0.05
0.05
0.05
0.05
0.05
0.05
0.05
0.05
0.05
0.05
0.05
0.05
0.05
0.05
0.05
0.05
0.05
0.05
0.05
0.05
0.05
0.05
0.05
0.05
0.05
0.05
0.05
0.05
0.05
0.05
0.05
0.05
0.05
0.05
0.05
0.05
0.05
0.05
0.05
0.05
0.05
0.05
0.05
0.05
0.05
0.05
0.05
0.05
0.05
0.05
0.05
0.05
0.05
0.05
0.05
0.05
0.05
0.05
0.05
0.05
0.05
0.05
0.05
0.05
0.05
0.05
0.05
0.05
0.05
0.05
0.05
0.05
0.05
0.05
0.05
0.05
0.05
0.05
0.05
0.05
0.05
0.05
0.05
0.05
0.05
0.05
0.05
0.05
0.05
0.05
0.05
0.05
0.05
0.05
0.05
0.05
0.05
0.05
0.05
0.05
0.05
0.05
0.05
0.05
0.05
0.05
0.05
0.05
0.05
0.05
0.05
0.05
0.05
0.05
0.05
0.05
0.05
0.05
0.05
0.05
0.05
0.05
0.05
0.05
0.05
0.05
0.05
0.05
0.05
0.05
0.05
0.05
0.05
0.05
0.05
0.05
0.05
0.05
0.05
0.05
0.05
0.05
0.05
0.05
0.05
0.05
0.05
0.05
0.05
0.05
0.05
0.05
0.05
0.05
0.05
0.05
0.05
0.05
0.05
0.05
0.05
0.05
0.05
0.05
0.05
0.05
0.05
0.05
0.05
0.05
0.05
0.05
0.05
0.05
0.05
0.05
0.05
0.05
0.05
0.05
0.05
0.05
0.05
0.05
0.05
0.05
0.05
0.05
0.05
0.05
0.05
0.05
0.05
0.05
0.05
0.05
0.05
0.05
0.05
0.05
0.05
0.05
0.05
0.05
0.05
0.05
0.05
0.05
0.05
0.05
0.05
0.05
0.05
0.05
0.05
0.05
0.05
0.05
0.05
0.05
0.05
0.05
0.05
0.05
0.05
0.05
0.05
0.05
0.05
0.05
0.05
0.05
0.05
0.05
0.05
0.05
0.05
0.05
0.05
0.05
0.05
0.05
0.05
0.05
0.05
0.05
0.05
0.05
0.05
0.05
0.05
0.05
0.05
0.05
0.05
0.05
0.05
0.05
0.05
0.05
0.05
0.05
0.05
0.05
0.05
0.05
0.05
0.05
0.05
0.05
0.05
0.05
0.05
0.05
0.05
0.05
0.05
0.05
0.05
0.05
0.05
0.05
0.05
0.05
0.05
0.05
0.05
0.05
0.05
0.05
0.05
0.05
0.05
0.05
0.05
0.05
0.05
0.05
0.05
0.05
0.05
0.05
0.05
0.05
0.05
0.05
0.05
0.05
0.05
0.05
0.05
0.05
0.05
0.05
0.05
0.05
0.05
0.05
0.05
0.05
0.05
0.05
0.05
0.05
0.05
0.05
0.05
0.05
0.05
0.05
0.05
0.05
0.05
0.05
0.05
0.05
0.05
0.05
0.05
0.05
0.05
0.05
0.05
0.05
0.05
0.05
0.05
0.05
0.05
0.05
0.05
0.05
0.05
0.05
0.05
0.05
0.05
0.05
0.05
0.05
0.05
0.05
0.05
0.05
0.05
0.05
0.05
0.05
0.05
0.05
0.05
0.05
0.05
0.05
0.05
0.05
0.05
0.05
0.05
0.05
0.05
0.05
0.05
0.05
0.05
0.05
0.05
0.05
0.05
0.05
0.05
0.05
0.05
0.05
0.05
0.05
0.05
0.05
0.05
0.05
0.05
0.05
0.05
0.05
0.05
0.05
0.05
0.05
0.05
0.05
0.05
0.05
0.05
0.05
0.05
0.05
0.05
0.05
0.05
0.05
0.05
0.05
0.05
0.05
0.05
0.05
0.05
0.05
0.05
0.05
0.05
0.05
0.05
0.05
0.05
0.05
0.05
0.05
0.05
0.05
0.05
0.05
0.05
777777