2.70257
999999
-0.180092
0.0610861
0.112864
-0.125591
-0.0342692
0.00159975
0.149987
0.09106
-0.076559
0.14641
0.0526364
-0.116546
0.0373467
0.0985811
-0.0696951
-0.115378
0.0853113
0.0585034
0.141441
-0.19918
-0.17485
0.0220255
0.0719896
0.118556
-0.0498952
-0.00603274
0.0813353
-0.166364
-0.0158748
-0.126718
-0.157108
0.022659
0.152407
-0.0915853
0.101963
-0.0567894
-0.0892727
0.0926755
0.0568847
0.103365
-0.0183417
0.174725
0.0301207
-0.174538
-0.161449
0.114787
0.051423
0.111786
0.126555
-0.160499
-0.0982779
0.0264576
0.00632928
-0.18848
0.0153723
-0.0263118
-0.00204257
0.149823
0.00531538
-0.0869213
-0.126421
-0.111221
0.0213975
0.101583
-0.103551
0.0276304
-0.186879
0.183084
-0.0553
0.196756
0.00250064
0.0995506
-0.0362197
-0.0581827
0.0634056
0.0410009
-0.0244713
0.123551
-0.189553
0.0320644
-0.142904
-0.122249
-0.152757
-0.104182
-0.108467
-0.069801
0.0107482
-0.0682906
0.00930179
0.0592529
0.163981
-0.0882601
0.0165878
0.127585
-0.0639799
0.123307
-0.0735048
-0.112218
-0.0264066
-0.142228
-0.193104
0.194004
-0.0361833
-0.00623587
0.141006
-0.136189
-0.199242
-0.169592
-0.0790416
0.0790881
-0.0351923
0.0637897
0.116052
-0.0595448
0.114439
0.0030306
0.00380232
-0.0187466
-0.16818
0.150198
-0.171459
0.141378
0.136111
0.0599077
-0.00471858
0.143375
-0.0197802
0.0336746
0.0513198
0.188235
0.127658
0.177043
-0.0617469
0.172026
-0.076937
0.0407914
0.0269875
0.175238
0.134222
-0.167597
0.125787
0.033918
0.111128
-0.16603
-0.160303
-0.0547921
-0.101634
-0.083973
0.105874
0.188034
0.178835
-0.0526051
0.0139012
0.196972
-0.0377943
0.0191447
0.0822888
0.0737281
-0.114499
0.0313046
-0.0140709
-0.190976
0.0587044
0.143193
0.127011
-0.0509749
-0.142119
0.126923
0.0143824
0.0648003
0.197999
-0.044017
-0.130843
-0.0404072
0.0554753
-0.108187
-0.0604539
0.0535315
-0.0016706
0.135502
-0.0199948
0.0408161
-0.0424248
0.181365
-0.108338
0.119313
-0.0799397
0.114109
0.032827
-0.138705
-0.0364272
-0.117772
0.031316
-0.0875986
-0.0948915
0.112784
0.174416
0.11236
-0.16496
-0.173481
-0.047555
0.104506
-0.0929993
-0.0494507
0.0723919
0.181025
-0.0759984
0.0877394
-0.0819739
0.123229
-0.00161531
-0.156903
0.0233926
0.00776994
0.0382845
0.0339202
0.130206
0.0940325
-0.0407682
-0.151924
0.122086
-0.195568
-0.00948905
0.0857252
-0.0502678
0.175193
0.0635555
0.112617
-0.0274486
0.184549
0.072557
-0.0835827
-0.176826
0.119552
0.0601761
0.170107
0.157403
0.0681201
-0.154227
0.0342143
0.114075
0.152546
0.1372
-0.120371
-0.107698
-0.134581
-0.0795939
-0.0722896
0.0872166
-0.15034
-0.0934591
0.0783441
0.0852395
0.00171762
-0.0929819
0.0285613
-0.0258216
0.127203
0.0578134
0.0704757
0.000102
-0.0961298
0.0898935
-0.122536
-0.0782834
-0.186086
-0.0385072
0.00134859
-0.14329
0.175479
0.00312054
0.0629263
-0.0252745
-0.0862109
0.178367
0.114873
0.0520594
-0.023499
-0.0351976
-0.107547
0.152393
0.0639029
0.141969
-0.136265
-0.192922
-0.0360625
-0.0577483
0.15399
0.0763629
-0.00896908
0.121617
-0.0113436
0.163477
0.196508
0.111189
-0.0829256
0.16607
-0.0441679
-0.00414099
-0.146369
-0.0334191
-0.12409
-0.153761
0.174937
-0.0515641
0.111799
0.0702472
-0.181977
-0.0879966
-0.0853463
-0.0406621
0.19499
-0.0626337
-0.0571652
-0.18836
-0.199177
0.0251072
-0.044596
0.155862
-0.102572
0.11514
0.050164
-0.04578
-0.148332
0.0854868
0.0724747
-0.16376
-0.0465628
-0.181526
-0.111413
-0.0575479
-0.0349702
0.0535638
-0.0828621
-0.0934953
-0.144828
0.0115427
-0.162951
0.197742
-0.0860857
0.037634
-0.0250873
0.05387
0.115867
-0.0936985
-0.186068
0.0603239
-0.0866673
-0.0483163
0.130927
0.145423
-0.0285438
0.146727
0.00122574
0.0326131
0.164783
0.114502
-0.199744
-0.113938
0.180301
-0.0491981
-0.171547
0.0745529
0.0972619
-0.0959028
-0.180443
-0.0644343
0.151188
0.12961
-0.0807638
-0.0597653
0.10151
-0.186197
-0.135942
0.113636
-0.0994908
0.0170586
-0.150888
0.015578
-0.0701889
-0.14973
0.0812989
-0.15034
0.0666955
0.00390965
0.0325047
-0.00903063
0.0386697
0.0304099
0.101635
0.12638
0.162554
-0.104305
-0.147499
0.128375
-0.165949
0.0362721
0.183383
0.147803
-0.109603
-0.141523
-0.198123
-0.137567
-0.155651
-0.13058
0.076315
0.168823
0.116682
-0.0100086
0.110366
-0.180007
0.0720167
0.136416
0.0916553
0.108358
0.039926
-0.190903
-0.136177
0.197598
-0.0977095
0.172246
0.0554349
0.060575
0.118835
0.105386
-0.0633474
-0.14569
0.00068202
0.116096
0.163415
-0.109812
-0.0150617
-0.164096
0.157583
0.178201
0.195288
0.0470665
0.0935134
-0.147029
0.138242
-0.193095
0.00150655
0.109816
-0.085734
0.0486703
-0.134209
-0.160713
0.0912507
0.164809
0.1164
0.0262582
-0.0289212
-0.192889
0.131735
0.0916249
-0.00301901
-0.149514
-0.0956949
0.0482856
-0.0837867
0.097684
0.0435458
-0.02873
0.0128967
-0.0151703
-0.17169
-0.107637
-0.144384
0.0651861
-0.177596
-0.168404
0.130594
-0.069086
-0.154517
0.112431
-0.0688403
-0.0680922
-0.0875454
-0.0283131
0.0454011
-0.195041
0.102971
-0.14246
0.167512
0.0411609
-0.101646
0.118639
-0.0176053
0.0280555
0.161873
-0.184699
-0.0363886
0.123873
0.193003
-0.111518
-0.026111
0.128838
0.0208519
-0.0536651
0.105766
0.146393
-0.161907
0.0413771
-0.0929038
0.158024
-0.0596138
0.197478
-0.0826461
0.0052792
-0.139836
-0.182795
-0.167155
-0.115579
-0.111986
0.0765817
0.180561
-0.177521
0.108583
0.0368728
-0.129202
0.127981
0.0881624
-0.084746
0.00442894
-0.118816
-0.0739487
0.0506264
-0.0296785
-0.0299133
-0.116027
0.16701
0.133129
-0.0775485
0.0157037
-0.168058
0.126581
0.160534
-0.0611468
-0.0333938
-0.161299
-0.151058
-0.183749
0.00911726
0.00710978
0.0833889
-0.0181021
0.093198
0.00941685
0.0665243
0.0864463
0.0896684
-0.131419
-0.101767
0.157996
0.181599
-0.0832631
-0.126832
-0.117326
-0.0866129
-0.166105
-0.128178
0.15449
0.0824547
-0.164751
0.0291003
-0.0113683
0.0472409
-0.147879
0.0169321
0.054756
0.102541
-0.129674
-0.137262
0.143375
-0.141483
0.183317
-0.0846043
0.0283174
0.0836573
-0.0665423
-0.186729
-0.0464886
-0.00152704
-0.0393879
-0.0384162
-0.0561437
0.136199
0.128885
-0.106079
0.0551155
0.136419
0.163947
0.0717437
-0.174974
-0.0566837
0.14376
-0.148258
-0.101062
0.0154878
-0.191851
0.0977886
0.114269
-0.106735
0.150965
0.140964
-0.0337643
-0.0461626
-0.117651
0.121706
-0.17788
0.192729
0.0461545
0.19476
0.0686952
-0.175132
0.0528203
0.0942303
-0.165819
0.0508816
-0.12019
0.0971146
-0.00333552
-0.163081
-0.107747
-0.151239
0.0244043
0.175928
-0.0435779
-0.00208403
-0.0622147
0.0842441
-0.131596
0.0592885
-0.132278
0.0286037
-0.146436
-0.131573
0.147344
-0.172117
-0.0862607
0.0830571
0.0385221
0.0959029
-0.108001
-0.0458631
0.158132
-0.0312206
0.0711273
0.00316372
-0.152844
0.030268
0.154343
-0.0909525
0.156134
0.116572
0.127206
-0.10452
0.186752
-0.074262
-0.146714
0.0687367
0.120748
0.128794
0.186674
-0.00361383
0.126824
-0.188385
0.0946739
-0.163319
-0.132169
-0.0078118
-0.161116
-0.0230101
-0.119145
-0.0540385
-0.0603632
-0.185029
0.196671
0.182215
-0.0255444
0.0342761
-0.0520733
0.165353
0.15583
0.0099391
-0.162301
0.142655
0.00920576
0.00730088
-0.0582717
-0.178989
0.110011
-0.0674911
0.00432938
-0.0865694
-0.0881251
0.0929627
0.152549
-0.171317
-0.186292
0.104887
-0.0599076
0.140059
-0.16088
0.103007
0.0664497
-0.0623086
-0.13777
0.175414
-0.110909
-0.180472
0.00119231
-0.00581425
-0.088989
0.123693
0.175125
0.111622
0.109158
-0.0914006
0.169235
-0.0678973
0.150015
-0.0451011
0.102846
0.0922395
-0.144074
-0.114961
-0.157434
-0.022439
-0.084581
-0.031319
0.0830356
0.156022
-0.149906
0.0607222
-0.158023
-0.0964185
-0.167799
-0.0374015
0.122634
-0.112525
-0.113853
0.13409
-0.0845592
0.0301923
-0.111845
-0.101251
0.188906
-0.0542874
-0.0509895
-0.18098
-0.0797159
0.068446
0.131651
-0.158439
0.0184916
-0.128556
0.0203387
0.114503
0.0921687
-0.0929682
0.00928875
-0.176761
-0.196932
-0.0632771
0.194964
-0.0412166
0.0131912
0.0350607
0.125869
0.148403
0.0986797
0.199621
-0.157694
-0.0274081
0.0993205
-0.0343855
-0.120802
0.0168933
-0.118836
-0.0271864
0.0155832
-0.0072278
0.109299
-0.129964
0.171936
-0.155217
0.138
-0.0860453
-0.0160622
-0.0255952
0.0453283
-0.0113259
0.162066
0.127746
0.188758
0.185851
-0.199236
-0.141322
0.0461289
-0.108021
0.146068
0.0660371
-0.114156
-0.138561
0.0363112
-0.187036
-0.126938
-0.0387006
0.055994
-0.0596541
0.0197043
0.0222745
-0.174824
-0.0350281
-0.123804
-0.187173
0.0671768
-0.1135
0.0771569
0.0305624
-0.158998
-0.19613
-0.0539394
-0.0621747
0.118634
0.0999922
-0.189703
0.0769604
-0.127412
0.0348059
0.0228383
0.0310489
0.12101
0.0206037
0.0816098
0.137046
-0.0359645
0.109091
-0.134523
-0.0848655
-0.00746276
0.0946974
-0.190648
-0.0319048
-0.0603785
-0.16172
0.1149
-0.101918
0.103505
0.195576
-0.1153
-0.106192
0.152558
0.0549955
-0.126538
-0.172713
-0.148919
-0.16911
-0.0147503
-0.140488
0.050093
0.0140306
0.137722
0.0615682
0.125305
-0.101593
0.137772
-0.190139
0.0226982
-0.0385429
0.17135
-0.192238
-0.0276571
0.125453
0.071342
-0.13757
-0.197142
-0.15298
-0.19031
0.136753
0.097297
0.0302187
-0.0842703
0.0466486
0.0183091
0.00204642
-0.140935
-0.165135
-0.042775
0.00721627
-0.109816
-0.0406962
0.0773773
0.0777132
0.127591
-0.0612383
-0.0483963
-0.179626
-0.150529
-0.112394
0.132475
-0.0208006
-0.0389126
-0.142462
-0.0624125
-0.0661708
-0.104897
-0.0671621
-0.0434704
-0.115976
-0.173982
-0.0878693
-0.190718
-0.137751
-0.123287
-0.156211
-0.101006
0.084236
0.0546283
0.179593
0.103512
-0.173214
0.112716
0.0740303
0.178242
0.111811
-0.0376944
-0.157932
0.167756
0.0827553
-0.00710745
0.00891716
-0.0998707
0.115415
-0.0844595
0.0656639
0.115808
0.147224
0.173848
0.129668
-0.195694
-0.0421678
0.145792
0.00318325
-0.0799866
0.0424874
-0.170586
0.125746
-0.0115951
-0.176382
0.195317
0.0395085
0.0445092
-0.135674
-0.178815
0.0149527
-0.0749343
0.199467
-0.0819892
0.0470265
0.174952
0.0194528
-0.0752138
0.1474
-0.00464646
-0.121979
0.0288611
0.178374
-0.197046
0.0197916
-0.0684893
0.12733
0.00477139
-0.0336412
0.135337
0.0599974
-0.0067991
-0.0744216
-0.138291
-0.0689366
-0.0548812
-0.0482783
-0.0402608
-0.128074
-0.152791
0.113717
-0.0738094
0.0355243
-0.107836
0.169052
0.162994
0.161904
0.0284787
0.169668
0.192223
-0.014687
0.0553618
-0.0195629
0.0196061
-0.0953039
0.180536
0.113843
0.0392623
0.0634917
0.195953
0.0140436
-0.14486
-0.13133
-0.0130902
-0.168214
-0.0807462
-0.104038
0.116108
0.0418877
0.103966
-0.0148016
0.0646207
-0.0195917
0.175884
-0.107267
0.0165768
0.0516076
-0.117905
0.109756
0.0593271
0.158506
0.0701509
-0.0705161
0.0890009
-0.0362977
0.0559235
0.073315
-0.111637
-0.1297
-0.195149
-0.0450788
0.13211
-0.00917989
0.179672
0.0813464
-0.0105052
-0.137651
0.188488
-0.0960977
0.0609553
-0.174549
0.0735672
-0.146203
-0.144065
0.0120092
0.133224
-0.179366
0.103491
0.135982
0.197584
-0.188524
-0.0608542
-0.0782416
-0.0996876
0.135683
0.0218193
0.19571
0.161124
0.119526
0.0542614
-0.147357
0.0455858
0.0173843
0.0322709
0.193923
0.0479327
-0.0712268
0.0731654
0.133093
-0.199691
-0.173718
-0.160042
0.159645
-0.0316558
-0.021021
0.118397
-0.0120227
0.0859891
0.192245
0.0304372
0.0943332
-0.173631
-0.00531104
0.0934261
0.1134
-0.0294257
-0.112725
-0.136217
0.128667
0.193285
-0.101166
0.090047
0.168029
0.189309
-0.0910668
0.0232769
-0.123262
0.18526
0.161284
0.0152857
-0.0258431
-0.08031
0.170109
-0.0916394
0.0472746
-0.06653
-0.130199
-0.0819207
0.103661
0.0850596
0.174199
-0.118692
-0.178235
-0.150531
-0.0768324
-0.0339309
0.0997947
0.155389
-0.121237
0.117654
-0.122534
-0.0864268
0.1297
-0.182323
-0.167671
0.170971
0.0905929
-0.120879
-0.0743389
0.161647
-0.0215497
0.020987
-0.0232954
-0.0134406
-0.0230586
0.163892
0.169484
0.12617
-0.19248
-0.00510523
0.123248
0.0832621
0.138705
-0.124049
0.138394
-0.176641
0.00595002
-0.165063
-0.0226055
-0.0436448
-0.0245528
0.183381
0.00849363
-0.0316914
0.133563
-0.115874
-0.199938
-0.0530836
0.126588
0.195633
0.106165
0.122208
0.0168685
-0.044972
-0.0589496
0.12489
-0.0588736
-0.138916
-0.0329032
-0.00241722
0.151877
-0.18811
0.0895107
-0.106129
0.063691
0.109746
-0.169968
0.196526
-0.128107
0.0185198
0.0809635
-0.0460312
-0.0238878
-0.097364
0.157213
0.0293783
0.149201
0.150074
-0.133803
0.0490945
0.0415344
0.0962383
0.158164
-0.0984922
0.0791143
-0.0846713
-0.17215
0.164839
0.00451788
-0.0785804
0.159271
-0.137696
-0.141263
-0.0821552
-0.0246584
-0.165965
-0.0232489
0.088689
0.178452
0.0134559
0.02434
-0.0316456
-0.0788081
0.0992053
0.0894285
0.0385769
0.163497
-0.132245
0.0907875
0.113224
0.172994
-0.0907468
0.0870168
0.0211596
-0.0523481
0.0317488
-0.117464
0.161091
-0.0283596
-0.13428
-0.0117337
0.0723098
-0.00191883
0.0454921
-0.0251184
-0.0960774
0.157005
-0.103435
-0.18454
0.144738
0.165159
0.110422
0.0803386
-0.0841054
0.147079
-0.0316592
0.178031
0.0925486
-0.166118
0.175454
-0.0375028
-0.0616365
-0.02843
0.0645579
0.179679
0.183858
-0.176706
-0.184922
0.128955
0.168205
0.124011
-0.0174677
0.0417172
0.185519
-0.0674864
0.0713026
0.0249998
0.106495
0.130848
-0.0706193
-0.105071
-0.0541524
-0.098193
0.101119
0.00590025
-0.18584
-0.105427
0.17701
0.148911
0.0565882
-0.0208572
0.118709
-0.124608
-0.0945484
-0.195415
-0.118551
-0.0287744
-0.138639
-0.127919
0.0635827
0.151669
-0.15003
0.175311
0.0565061
0.151114
-0.0459182
-0.0531722
0.198498
0.150861
-0.170912
0.197093
0.00860968
-0.0906651
-0.0673943
-0.122188
0.0197325
-0.0712964
-0.190216
-0.120692
0.0117932
-0.180646
0.0616057
0.16513
0.0521571
-0.0726589
-0.0141532
0.0145659
0.165641
-0.0241073
-0.00893421
-0.19319
-0.197314
-0.0216137
-0.187945
0.188442
0.127819
-0.109841
-0.12662
-0.00926139
-0.0383082
-0.127707
-0.131359
-0.0530859
-0.172671
0.0509825
-0.0839354
0.0266169
0.169461
0.0786921
0.096648
-0.0119099
0.118383
0.182062
0.0897455
-0.067076
-0.0366892
0.16824
-0.135022
0.0817251
-0.183169
-0.0855365
-0.157836
-0.178114
-0.131322
0.110043
-0.0893261
-0.00955447
0.106286
-0.0677018
0.0239105
-0.186421
0.0544333
0.172424
0.15427
-0.132309
0.166216
-0.00335875
-0.194731
0.102808
-0.130171
0.0354936
-0.157514
-0.125487
-0.120348
0.184734
0.1331
-0.195481
0.109457
0.175175
0.0277884
-0.00488973
-0.0485145
0.125868
0.0961754
0.0564113
0.0803464
-0.18916
-0.0864555
-0.0196174
-0.0500798
0.00910115
-0.0123113
0.032286
0.167243
-0.0712422
0.0153838
-0.0715453
0.0429328
0.170375
-0.080481
-0.00390946
0.0353533
-0.0196477
0.179038
-0.000568864
-0.0957246
0.00658627
-0.106446
0.0960023
0.157291
0.0624675
0.0443512
-0.146356
-0.0114391
0.031698
-0.135901
0.17329
0.0984712
0.0363406
0.023581
-0.0580308
-0.0742592
-0.191629
0.168011
0.00792473
0.0921929
-0.173264
0.12476
-0.0377832
0.0721173
-0.128644
-0.0861881
0.100508
0.0602853
-0.0181175
-0.154147
0.0931737
-0.133428
0.171791
-0.138416
-0.0078973
-0.045111
0.170867
0.161535
0.142925
0.0173908
-0.0189996
-0.170842
-0.0553301
-0.081212
-0.145334
-0.124924
0.000404516
0.188351
-0.124789
-0.19895
-0.161984
0.0317295
-0.169244
0.0258588
0.0184584
-0.0922976
-0.0407331
0.181239
-0.199683
0.17506
0.14007
0.166609
-0.192595
0.0257607
-0.0531574
0.042749
-0.1235
-0.131189
-0.0285001
-0.130165
0.0728652
0.146063
-0.00669724
0.02018
-0.168354
0.14568
-0.0980399
0.091929
-0.153859
0.0406226
0.159899
0.0444044
0.0921488
0.161545
0.0956426
0.180871
-0.0321076
0.0546054
0.0272387
0.143762
-0.159212
-0.157377
-0.0331565
0.0885816
-0.0787102
-0.0218217
-0.080312
-0.154413
-0.0839282
-0.104285
-0.0742022
-0.0721982
-0.137932
0.0924712
0.122035
0.110258
0.0064909
0.133063
0.150735
-0.185655
-0.0551558
-0.0268527
-0.0950399
0.0291383
0.103102
-0.18594
-0.126942
0.0262195
0.173964
-0.0895785
0.107857
-0.0997951
0.0657422
0.0212953
0.0193912
-0.0784688
0.19582
-0.0389051
-0.0777334
-0.132976
-0.184947
0.118359
0.138058
-0.0403202
-0.0144086
-0.0041758
-0.122788
-0.0797799
-0.161741
0.0637175
-0.055933
0.0854009
-0.0222029
0.129584
-0.137773
0.152224
-0.145268
0.0910665
0.156863
-0.149932
0.184591
0.141642
-0.0875729
-0.0301322
-0.0930195
0.0308998
-0.0393068
-0.126573
0.00121421
0.0651135
-0.0172811
0.0448117
0.184621
-0.12954
0.173698
-0.126374
-0.0916414
0.101709
-0.0249072
-0.172725
-0.00757757
-0.0303751
-0.137961
0.197333
0.122405
0.147641
0.0209979
-0.0550871
-0.159776
0.193779
0.0482942
-0.0706457
-0.103079
0.158301
0.0503412
0.193359
-0.0939681
-0.173465
-0.0739379
0.0793125
0.016099
0.113962
-0.160253
0.0817526
-0.176784
0.114571
0.049965
0.064773
0.163384
0.0235323
-0.07672
0.0837126
-0.0847846
0.0412365
-0.195171
0.0274001
-0.192277
0.0132947
0.0349904
4.68777e-05
0.158057
0.0819867
-0.0324129
0.160587
0.0355434
-0.0129334
0.0399164
-0.152331
-0.0467458
0.0871203
-0.157133
-0.106839
0.0521635
0.139275
0.198093
-0.102486
0.0261458
-0.0107461
-0.0662573
-0.140125
-0.0360621
0.150068
-0.120761
-0.0851884
-0.0704376
0.0758066
0.136532
-0.183857
-0.0880349
0.146203
0.183942
-0.0916376
-0.113628
-0.174003
-0.0598462
-0.146083
0.0742346
0.0419546
0.0143973
-0.198607
0.0674998
0.0937274
0.110294
-0.0564551
-0.0304814
0.0610246
0.0294847
-0.0428507
-0.141494
0.0983321
0.0605385
0.0857957
-0.00313872
-0.0850306
-0.0304689
-0.048215
-0.0363425
0.13007
-0.00923323
0.0159942
0.0494203
0.0653079
0.175442
0.133896
-0.16299
0.0761987
-0.107574
888888
0.05
0.05
0.05
0.05
0.05
0.05
0.05
0.05
0.05
0.05
0.05
0.05
0.05
0.05
0.05
0.05
0.05
0.05
0.05
0.05
0.05
0.05
0.05
0.05
0.05
0.05
0.05
0.05
0.05
0.05
0.05
0.05
0.05
0.05
0.05
0.05
0.05
0.05
0.05
0.05
0.05
0.05
0.05
0.05
0.05
0.05
0.05
0.05
0.05
0.05
0.05
0.05
0.05
0.05
0.05
0.05
0.05
0.05
0.05
0.05
0.05
0.05
0.05
0.05
0.05
0.05
0.05
0.05
0.05
0.05
0.05
0.05
0.05
0.05
0.05
0.05
0.05
0.05
0.05
0.05
0.05
0.05
0.05
0.05
0.05
0.05
0.05
0.05
0.05
0.05
0.05
0.05
0.05
0.05
0.05
0.05
0.05
0.05
0.05
0.05
0.05
0.05
0.05
0.05
0.05
0.05
0.05
0.05
0.05
0.05
0.05
0.05
0.05
0.05
0.05
0.05
0.05
0.05
0.05
0.05
0.05
0.05
0.05
0.05
0.05
0.05
0.05
0.05
0.05
0.05
0.05
0.05
0.05
0.05
0.05
0.05
0.05
0.05
0.05
0.05
0.05
0.05
0.05
0.05
0.05
0.05
0.05
0.05
0.05
0.05
0.05
0.05
0.05
0.05
0.05
0.05
0.05
0.05
0.05
0.05
0.05
0.05
0.05
0.05
0.05
0.05
0.05
0.05
0.05
0.05
0.05
0.05
0.05
0.05
0.05
0.05
0.05
0.05
0.05
0.05
0.05
0.05
0.05
0.05
0.05
0.05
0.05
0.05
0.05
0.05
0.05
0.05
0.05
0.05
0.05
0.05
0.05
0.05
0.05
0.05
0.05
0.05
0.05
0.05
0.05
0.05
0.05
0.05
0.05
0.05
0.05
0.05
0.05
0.05
0.05
0.05
0.05
0.05
0.05
0.05
0.05
0.05
0.05
0.05
0.05
0.05
0.05
0.05
0.05
0.05
0.05
0.05
0.05
0.05
0.05
0.05
0.05
0.05
0.05
0.05
0.05
0.05
0.05
0.05
0.05
0.05
0.05
0.05
0.05
0.05
0.05
0.05
0.05
0.05
0.05
0.05
0.05
0.05
0.05
0.05
0.05
0.05
0.05
0.05
0.05
0.05
0.05
0.05
0.05
0.05
0.05
0.05
0.05
0.05
0.05
0.05
0.05
0.05
0.05
0.05
0.05
0.05
0.05
0.05
0.05
0.05
0.05
0.05
0.05
0.05
0.05
0.05
0.05
0.05
0.05
0.05
0.05
0.05
0.05
0.05
0.05
0.05
0.05
0.05
0.05
0.05
0.05
0.05
0.05
0.05
0.05
0.05
0.05
0.05
0.05
0.05
0.05
0.05
0.05
0.05
0.05
0.05
0.05
0.05
0.05
0.05
0.05
0.05
0.05
0.05
0.05
0.05
0.05
0.05
0.05
0.05
0.05
0.05
0.05
0.05
0.05
0.05
0.05
0.05
0.05
0.05
0.05
0.05
0.05
0.05
0.05
0.05
0.05
0.05
0.05
0.05
0.05
0.05
0.05
0.05
0.05
0.05
0.05
0.05
0.05
0.05
0.05
0.05
0.05
0.05
0.05
0.05
0.05
0.05
0.05
0.05
0.05
0.05
0.05
0.05
0.05
0.05
0.05
0.05
0.05
0.05
0.05
0.05
0.05
0.05
0.05
0.05
0.05
0.05
0.05
0.05
0.05
0.05
0.05
0.05
0.05
0.05
0.05
0.05
0.05
0.05
0.05
0.05
0.05
0.05
0.05
0.05
0.05
0.05
0.05
0.05
0.05
0.05
0.05
0.05
0.05
0.05
0.05
0.05
0.05
0.05
0.05
0.05
0.05
0.05
0.05
0.05
0.05
0.05
0.05
0.05
0.05
0.05
0.05
0.05
0.05
0.05
0.05
0.05
0.05
0.05
0.05
0.05
0.05
0.05
0.05
0.05
0.05
0.05
0.05
0.05
0.05
0.05
0.05
0.05
0.05
0.05
0.05
0.05
0.05
0.05
0.05
0.05
0.05
0.05
0.05
0.05
0.05
0.05
0.05
0.05
0.05
0.05
0.05
0.05
0.05
0.05
0.05
0.05
0.05
0.05
0.05
0.05
0.05
0.05
0.05
0.05
0.05
0.05
0.05
0.05
0.05
0.05
0.05
0.05
0.05
0.05
0.05
0.05
0.05
0.05
0.05
0.05
0.05
0.05
0.05
0.05
0.05
0.05
0.05
0.05
0.05
0.05
0.05
0.05
0.05
0.05
0.05
0.05
0.05
0.05
0.05
0.05
0.05
0.05
0.05
0.05
0.05
0.05
0.05
0.05
0.05
0.05
0.05
0.05
0.05
0.05
0.05
0.05
0.05
0.05
0.05
0.05
0.05
0.05
0.05
0.05
0.05
0.05
0.05
0.05
0.05
0.05
0.05
0.05
0.05
0.05
0.05
0.05
0.05
0.05
0.05
0.05
0.05
0.05
0.05
0.05
0.05
0.05
0.05
0.05
0.05
0.05
0.05
0.05
0.05
0.05
0.05
0.05
0.05
0.05
0.05
0.05
0.05
0.05
0.05
0.05
0.05
0.05
0.05
0.05
0.05
0.05
0.05
0.05
0.05
0.05
0.05
0.05
0.05
0.05
0.05
0.05
0.05
0.05
0.05
0.05
0.05
0.05
0.05
0.05
0.05
0.05
0.05
0.05
0.05
0.05
0.05
0.05
0.05
0.05
0.05
0.05
0.05
0.05
0.05
0.05
0.05
0.05
0.05
0.05
0.05
0.05
0.05
0.05
0.05
0.05
0.05
0.05
0.05
0.05
0.05
0.05
0.05
0.05
0.05
0.05
0.05
0.05
0.05
0.05
0.05
0.05
0.05
0.05
0.05
0.05
0.05
0.05
0.05
0.05
0.05
0.05
0.05
0.05
0.05
0.05
0.05
0.05
0.05
0.05
0.05
0.05
0.05
0.05
0.05
0.05
0.05
0.05
0.05
0.05
0.05
0.05
0.05
0.05
0.05
0.05
0.05
0.05
0.05
0.05
0.05
0.05
0.05
0.05
0.05
0.05
0.05
0.05
0.05
0.05
0.05
0.05
0.05
0.05
0.05
0.05
0.05
0.05
0.05
0.05
0.05
0.05
0.05
0.05
0.05
0.05
0.05
0.05
0.05
0.05
0.05
0.05
0.05
0.05
0.05
0.05
0.05
0.05
0.05
0.05
0.05
0.05
0.05
0.05
0.05
0.05
0.05
0.05
0.05
0.05
0.05
0.05
0.05
0.05
0.05
0.05
0.05
0.05
0.05
0.05
0.05
0.05
0.05
0.05
0.05
0.05
0.05
0.05
0.05
0.05
0.05
0.05
0.05
0.05
0.05
0.05
0.05
0.05
0.05
0.05
0.05
0.05
0.05
0.05
0.05
0.05
0.05
0.05
0.05
0.05
0.05
0.05
0.05
0.05
0.05
0.05
0.05
0.05
0.05
0.05
0.05
0.05
0.05
0.05
0.05
0.05
0.05
0.05
0.05
0.05
0.05
0.05
0.05
0.05
0.05
0.05
0.05
0.05
0.05
0.05
0.05
0.05
0.05
0.05
0.05
0.05
0.05
0.05
0.05
0.05
0.05
0.05
0.05
0.05
0.05
0.05
0.05
0.05
0.05
0.05
0.05
0.05
0.05
0.05
0.05
0.05
0.05
0.05
0.05
0.05
0.05
0.05
0.05
0.05
0.05
0.05
0.05
0.05
0.05
0.05
0.05
0.05
0.05
0.05
0.05
0.05
0.05
0.05
0.05
0.05
0.05
0.05
0.05
0.05
0.05
0.05
0.05
0.05
0.05
0.05
0.05
0.05
0.05
0.05
0.05
0.05
0.05
0.05
0.05
0.05
0.05
0.05
0.05
0.05
0.05
0.05
0.05
0.05
0.05
0.05
0.05
0.05
0.05
0.05
0.05
0.05
0.05
0.05
0.05
0.05
0.05
0.05
0.05
0.05
0.05
0.05
0.05
0.05
0.05
0.05
0.05
0.05
0.05
0.05
0.05
0.05
0.05
0.05
0.05
0.05
0.05
0.05
0.05
0.05
0.05
0.05
0.05
0.05
0.05
0.05
0.05
0.05
0.05
0.05
0.05
0.05
0.05
0.05
0.05
0.05
0.05
0.05
0.05
0.05
0.05
0.05
0.05
0.05
0.05
0.05
0.05
0.05
0.05
0.05
0.05
0.05
0.05
0.05
0.05
0.05
0.05
0.05
0.05
0.05
0.05
0.05
0.05
0.05
0.05
0.05
0.05
0.05
0.05
0.05
0.05
0.05
0.05
0.05
0.05
0.05
0.05
0.05
0.05
0.05
0.05
0.05
0.05
0.05
0.05
0.05
0.05
0.05
0.05
0.05
0.05
0.05
0.05
0.05
0.05
0.05
0.05
0.05
0.05
0.05
0.05
0.05
0.05
0.05
0.05
0.05
0.05
0.05
0.05
0.05
0.05
0.05
0.05
0.05
0.05
0.05
0.05
0.05
0.05
0.05
0.05
0.05
0.05
0.05
0.05
0.05
0.05
0.05
0.05
0.05
0.05
0.05
0.05
0.05
0.05
0.05
0.05
0.05
0.05
0.05
0.05
0.05
0.05
0.05
0.05
0.05
0.05
0.05
0.05
0.05
0.05
0.05
0.05
0.05
0.05
0.05
0.05
0.05
0.05
0.05
0.05
0.05
0.05
0.05
0.05
0.05
0.05
0.05
0.05
0.05
0.05
0.05
0.05
0.05
0.05
0.05
0.05
0.05
0.05
0.05
0.05
0.05
0.05
0.05
0.05
0.05
0.05
0.05
0.05
0.05
0.05
0.05
0.05
0.05
0.05
0.05
0.05
0.05
0.05
0.05
0.05
0.05
0.05
0.05
0.05
0.05
0.05
0.05
0.05
0.05
0.05
0.05
0.05
0.05
0.05
0.05
0.05
0.05
0.05
0.05
0.05
0.05
0.05
0.05
0.05
0.05
0.05
0.05
0.05
0.05
0.05
0.05
0.05
0.05
0.05
0.05
0.05
0.05
0.05
0.05
0.05
0.05
0.05
0.05
0.05
0.05
0.05
0.05
0.05
0.05
0.05
0.05
0.05
0.05
0.05
0.05
0.05
0.05
0.05
0.05
0.05
0.05
0.05
0.05
0.05
0.05
0.05
0.05
0.05
0.05
0.05
0.05
0.05
0.05
0.05
0.05
0.05
0.05
0.05
0.05
0.05
0.05
0.05
0.05
0.05
0.05
0.05
0.05
0.05
0.05
0.05
0.05
0.05
0.05
0.05
0.05
0.05
0.05
0.05
0.05
0.05
0.05
0.05
0.05
0.05
0.05
0.05
0.05
0.05
0.05
0.05
0.05
0.05
0.05
0.05
0.05
0.05
0.05
0.05
0.05
0.05
0.05
0.05
0.05
0.05
0.05
0.05
0.05
0.05
0.05
0.05
0.05
0.05
0.05
0.05
0.05
0.05
0.05
0.05
0.05
0.05
0.05
0.05
0.05
0.05
0.05
0.05
0.05
0.05
0.05
0.05
0.05
0.05
0.05
0.05
0.05
0.05
0.05
0.05
0.05
0.05
0.05
0.05
0.05
0.05
0.05
0.05
0.05
0.05
0.05
0.05
0.05
0.05
0.05
0.05
0.05
0.05
0.05
0.05
0.05
0.05
0.05
0.05
0.05
0.05
0.05
0.05
0.05
0.05
0.05
0.05
0.05
0.05
0.05
0.05
0.05
0.05
0.05
0.05
0.05
0.05
0.05
0.05
0.05
0.05
0.05
0.05
0.05
0.05
0.05
0.05
0.05
0.05
0.05
0.05
0.05
0.05
0.05
0.05
0.05
0.05
0.05
0.05
0.05
0.05
0.05
0.05
0.05
0.05
0.05
0.05
0.05
0.05
0.05
0.05
0.05
0.05
0.05
0.05
0.05
0.05
0.05
0.05
0.05
0.05
0.05
0.05
0.05
0.05
0.05
0.05
0.05
0.05
0.05
0.05
0.05
0.05
0.05
0.05
0.05
0.05
0.05
0.05
0.05
0.05
0.05
0.05
0.05
0.05
0.05
0.05
0.05
0.05
0.05
0.05
0.05
0.05
0.05
0.05
0.05
0.05
0.05
0.05
0.05
0.05
0.05
0.05
0.05
0.05
0.05
0.05
0.05
0.05
0.05
0.05
0.05
0.05
0.05
0.05
0.05
0.05
0.05
0.05
0.05
0.05
0.05
0.05
0.05
0.05
0.05
0.05
0.05
0.05
0.05
0.05
0.05
0.05
0.05
0.05
0.05
0.05
0.05
0.05
0.05
0.05
0.05
0.05
0.05
0.05
0.05
0.05
0.05
0.05
0.05
0.05
0.05
0.05
0.05
0.05
0.05
0.05
0.05
0.05
0.05
0.05
0.05
0.05
0.05
0.05
0.05
0.05
0.05
0.05
0.05
0.05
0.05
0.05
0.05
0.05
0.05
0.05
0.05
0.05
0.05
0.05
0.05
0.05
0.05
0.05
0.05
0.05
0.05
0.05
0.05
0.05
0.05
0.05
0.05
0.05
0.05
0.05
0.05
0.05
0.05
0.05
0.05
0.05
0.05
0.05
0.05
0.05
0.05
0.05
0.05
0.05
0.05
0.05
0.05
0.05
0.05
0.05
0.05
0.05
0.05
0.05
0.05
0.05
0.05
0.05
0.05
0.05
0.05
0.05
0.05
0.05
0.05
0.05
0.05
0.05
0.05
0.05
0.05
0.05
0.05
0.05
0.05
0.05
0.05
0.05
0.05
0.05
0.05
0.05
0.05
0.05
0.05
0.05
0.05
0.05
0.05
0.05
0.05
0.05
0.05
0.05
0.05
0.05
0.05
0.05
0.05
0.05
0.05
0.05
0.05
0.05
0.05
0.05
0.05
0.05
0.05
0.05
0.05
0.05
0.05
0.05
0.05
0.05
0.05
0.05
0.05
0.05
0.05
0.05
0.05
0.05
0.05
0.05
0.05
0.05
0.05
0.05
0.05
0.05
0.05
0.05
0.05
0.05
0.05
0.05
0.05
0.05
0.05
0.05
0.05
0.05
0.05
0.05
0.05
0.05
0.05
0.05
0.05
0.05
0.05
0.05
0.05
0.05
0.05
0.05
0.05
0.05
0.05
0.05
0.05
0.05
0.05
0.05
0.05
0.05
0.05
0.05
0.05
0.05
0.05
0.05
0.05
0.05
0.05
0.05
0.05
0.05
0.05
0.05
0.05
0.05
0.05
0.05
0.05
0.05
0.05
0.05
0.05
0.05
0.05
0.05
0.05
0.05
0.05
0.05
0.05
0.05
0.05
0.05
0.05
0.05
0.05
0.05
0.05
0.05
0.05
0.05
0.05
0.05
0.05
0.05
0.05
0.05
0.05
0.05
0.05
0.05
0.05
0.05
0.05
0.05
0.05
0.05
0.05
0.05
0.05
777777