1.42205
999999
0.190038
0.110788
0.00999072
0.0471059
0.163146
0.0159068
0.0993336
-0.0194953
-0.119529
-0.07852
-0.18052
-0.135847
-0.188224
-0.0106732
-0.0632951
0.0313734
0.0869825
0.177655
0.0740006
0.000445538
-0.143426
-0.121235
0.048145
-0.0614912
0.0425943
-0.16895
0.12944
0.00641066
-0.0591125
0.0164239
-0.0251875
-0.0487243
-0.120125
-0.101427
0.159679
-0.0592397
-0.184987
0.186623
-0.117738
0.0169705
0.171969
0.17275
0.135865
0.11625
0.149317
0.0673339
-0.131502
0.0647171
-0.0935551
-0.045685
-0.0676597
-0.168703
-0.0237162
0.0830062
0.0909002
0.178105
0.0715477
0.0829891
0.150419
0.113362
-0.107212
0.198299
-0.0563926
0.0917491
-0.0203421
0.0904445
-0.0956584
0.0562222
0.0822726
0.0238484
-0.132795
-0.0783434
0.169079
0.0763184
0.171566
-0.031709
0.12548
-0.181133
0.0392057
0.118314
0.0826391
0.122565
-0.08321
0.0751048
0.154774
0.0433177
0.176403
-0.107836
-0.0250682
0.124107
0.116814
-0.155155
0.0987914
-0.191897
0.0605258
-0.151305
-0.18236
-0.178524
0.147333
-0.0840449
-0.102631
-0.166121
-0.115629
-0.0600444
0.0720607
-0.14535
0.0258881
-0.187212
0.161992
0.0224215
-0.18074
0.0327123
-0.137065
0.101039
0.142957
0.0957328
0.195965
0.0683046
0.035151
0.0157078
0.173812
0.0533694
0.0231884
0.0279507
-0.19215
0.124226
-0.0354622
0.0513267
0.179661
-0.0753581
-0.0833641
0.121589
-0.15853
0.194315
-0.178914
-0.0673849
0.0453678
-0.0389811
0.124162
-0.011803
-0.0618276
-0.0538036
-0.0385924
-0.0609001
-0.156234
-0.0430902
0.0478507
-0.182873
-0.0683644
0.0083359
0.1092
-0.1889
0.00387288
-0.0218687
-0.0373132
0.0269404
-0.189957
-0.101767
0.00235685
-0.0190417
-0.171407
0.104123
-0.136601
-0.187024
0.033306
0.0959293
0.146627
0.0765682
0.184494
-0.137064
0.0824832
-0.0161506
-0.135062
-0.0719757
-0.0216474
-0.125199
0.198502
0.0167091
0.131494
-0.0587103
-0.162838
0.143057
0.126943
0.172385
0.0923845
-0.0794345
-0.108354
-0.0623863
-0.103053
0.177181
0.0913286
0.0743831
0.0496071
0.0850626
-0.104717
-0.0745123
-0.0624896
0.16592
0.130076
0.114049
-0.119525
-0.133495
0.133926
0.0460172
0.0513237
-0.0208476
0.0588818
-0.00721015
-0.135876
0.147361
0.0607921
-0.0564258
0.160378
-0.112607
0.16142
0.135089
0.031577
0.09551
-0.00663481
0.0560598
-0.0556141
-0.0593951
-0.160619
0.0802594
-0.0701049
0.185116
0.197446
0.0865216
0.0476175
-0.0641834
-0.17937
-0.194639
0.0081137
-0.00482412
0.0993777
-0.0560774
0.0688846
-0.198337
-0.135176
-0.169274
0.0955169
-0.00484068
0.0359996
-0.0806223
-0.0320731
0.195425
0.128356
-0.18143
-0.0372207
-0.120269
-0.147697
-0.16539
0.0193005
0.14789
-0.0184444
-0.165915
-0.178936
-0.144052
0.0226951
-0.0725747
-0.100789
0.0700334
0.185703
-0.0728966
0.0733968
0.0465558
-0.0185225
-0.130729
0.157153
-0.0902427
-0.0355874
0.0116321
-0.0308237
0.0242135
-0.0620095
0.15047
0.181352
0.0333789
0.0895204
-0.0810864
0.0233326
-0.181657
-0.0855596
-0.150514
-0.000853034
-0.158283
-0.04035
-0.00819879
-0.0219125
-0.118626
-0.0409077
0.0367569
0.199813
0.0880942
-0.191835
0.178703
-0.155307
0.00865664
-0.091061
0.076778
-0.13229
-0.185303
0.146904
0.0570669
0.170598
0.134822
-0.0864269
0.162624
-0.0522268
0.0928822
-0.170425
0.023713
0.0480436
0.162888
0.0486304
-0.115001
0.161348
-0.180928
0.0662864
0.0595356
-0.00876644
-0.0486262
-0.00628982
0.0777944
-0.171358
-0.0162012
-0.0146546
-0.111778
0.17817
0.191655
-0.167584
-0.182507
-0.14763
0.00472515
0.13547
-0.038601
0.0571562
-0.191272
0.0225595
-0.154498
0.0183707
0.0460692
0.114404
0.00258211
0.107211
0.00207841
0.15241
0.180111
0.112358
-0.164016
-0.0737876
-0.0851054
0.0449313
-0.160238
0.142525
0.070143
0.101346
-0.121777
-0.131229
-0.0265501
-0.0917876
0.000972875
0.0822539
-0.150123
-0.152593
-0.0942621
0.0296528
-0.0550602
0.175906
-0.017834
0.0804869
0.147402
0.145043
-0.180274
-0.109523
-0.156494
0.0593608
0.0111259
0.0536234
0.105573
0.168674
-0.17151
-0.118545
0.0620184
0.149095
-0.168242
-0.125114
-0.11518
-0.0850066
0.0622804
-0.0435232
0.0605207
0.164943
-0.0311582
0.0291894
-0.166679
-0.139434
0.0795126
-0.0991402
0.0776322
0.0284265
0.189452
-0.194592
0.0043922
0.00169269
0.0577161
-0.0476411
0.0717863
0.129329
0.171217
-0.107733
0.176156
-0.168071
-0.0442838
0.0652876
-0.161223
0.130064
-0.166119
0.178302
-0.171332
0.196816
0.0384518
-0.00660325
-0.112645
-0.160073
-0.0139406
0.00833202
-0.191945
0.0522934
0.109783
-0.155414
0.00742148
0.0660006
-0.180376
0.076144
-0.00779334
0.0857978
0.0523232
0.157135
0.0509976
0.135277
-0.0832802
0.152762
-0.127774
0.115869
0.0423962
-0.178074
0.118592
-0.167672
0.0183733
0.193645
0.144858
0.00127506
0.111599
0.111131
0.160933
0.198756
0.150949
0.182573
-0.166353
-0.180386
0.135003
0.136961
-0.0525993
-0.0923122
0.141304
0.144996
0.119956
-0.0600246
-0.0795519
-0.102898
0.137155
-0.00969815
-0.0817002
0.167008
0.112405
-0.0690838
-0.0555015
-0.0265955
-0.0233396
-0.11633
0.175285
-0.0520474
-0.177942
-0.0199519
0.117401
0.13646
0.136443
0.159536
-0.15195
-0.0663322
0.195736
-0.107741
0.0323422
-0.191435
0.0730262
0.0848182
-0.101381
-0.161182
-0.105787
-0.145251
0.178603
-0.19383
0.0612793
0.10216
0.147487
-0.166851
0.0439015
0.126648
-0.0140697
0.0569245
-0.0796141
-0.0313667
-0.0590967
0.0345027
0.150665
0.162441
0.0212348
-0.0705972
-0.0463542
-0.185407
0.176566
0.09718
0.0862152
0.0622053
-0.19145
0.0132109
-0.0650704
-0.0690626
-0.0223823
0.160854
-0.150839
-0.0299495
-0.00594978
-0.0981271
0.0395791
0.0321259
0.118122
-0.162865
-0.193314
0.119486
0.12838
-0.0255519
-0.120374
0.119557
0.149027
0.0403703
-0.182526
0.0392263
0.00394594
-0.00254777
-0.0625312
0.10963
-0.0190799
-0.0731152
-0.0336051
-0.0585685
0.0841823
-0.0643638
0.0128657
0.0445382
-0.187532
-0.195003
-0.0656833
0.0777991
-0.105587
0.0385684
-0.0698889
0.172693
0.170358
-0.177331
-0.161806
-0.152731
-0.011528
0.140031
-0.140062
0.0306828
0.0435453
0.033045
-0.0459619
-0.174562
0.0625184
-0.14984
0.0518152
0.138322
-0.120645
0.0123549
-0.171972
0.0507714
-0.190506
0.143455
0.105505
-0.161797
0.0388147
0.136908
0.10014
-0.0521386
-0.0584486
0.102138
-0.18319
-0.0410637
0.00960391
-0.156709
0.100064
0.09522
-0.158617
0.175966
0.0869294
-0.175332
-0.0140597
0.0616448
0.00732142
0.074238
-0.0467245
-0.187454
0.146753
0.14868
-0.12677
0.168525
0.131584
-0.00244261
-0.0577796
-0.0771714
0.109372
0.0322834
-0.0232072
0.132249
0.0937378
0.104728
-0.103181
0.039857
-0.198801
-0.113179
0.124954
-0.169402
-0.182319
-0.0743057
0.133362
0.0707362
0.194013
-0.0268971
-0.0474134
-0.168484
-0.184967
-0.15326
0.0804517
-0.0978998
-0.164764
0.118493
0.0175881
-0.0297462
0.0928429
0.0125792
0.0688632
0.165714
-0.0510432
-0.12825
-0.187331
0.018646
0.0815409
-0.0602317
0.0406178
0.199674
-0.116629
0.124385
-0.0305938
-0.0610164
0.180652
-0.152488
-0.0410998
-0.193252
-0.0087776
0.0580784
0.0804099
-0.111626
-0.0359456
-0.0515664
0.120681
0.0258907
0.0435434
-0.0884885
0.0774233
0.142452
0.067982
-0.046051
-0.132735
0.177838
-0.0274127
-0.153896
-0.0828168
-0.149681
-0.030074
0.103675
0.18963
0.129273
-0.0850898
0.17823
-0.0462598
-0.13586
0.0471024
-0.042116
0.124261
0.0190235
0.0519229
0.0332551
-0.148944
-0.130711
-0.121492
0.0611857
-0.0426425
0.0374641
0.192873
0.0852633
0.188115
-0.135484
0.158804
0.117068
-0.109484
0.140876
0.183765
0.0839068
0.132799
-0.130126
-0.0300273
-0.173771
-0.034133
-0.081613
-0.0845275
-0.0889444
0.0637118
0.047871
-0.00714932
-0.0688154
-0.0694117
-0.196995
0.0270893
-0.162073
0.112888
0.0104296
0.0437298
0.0263883
-0.15935
-0.0871293
-0.115616
0.138957
-0.0221084
0.0740826
0.15438
-0.109256
0.0288642
0.0893175
-0.0511525
0.0565563
0.0840304
0.159746
0.166128
0.0945488
-0.0184355
-0.115995
-0.0320748
-0.0916844
-0.0370244
0.068795
-0.0444721
-0.13799
0.0513128
-0.141568
0.048017
-0.0835478
-0.193189
-0.168379
-0.0546655
0.0410883
0.0537666
0.137465
0.10978
0.0205692
0.195917
0.00718169
0.150287
-0.173329
0.0600733
-0.0548361
0.14438
-0.00124505
0.17487
0.0273583
0.102294
-0.00691408
-0.146364
0.175009
-0.144412
-0.151463
-0.115798
0.023475
-0.00221318
0.0233129
0.127737
0.0779194
0.194436
-0.0881976
0.179749
-0.0186487
-0.104569
0.122584
-0.138578
0.0799659
0.0769007
0.000179276
-0.0121951
0.101419
-0.0428883
-0.129292
0.064302
0.0582683
0.173114
-0.12164
-0.063975
0.138441
-0.0349834
0.114486
0.136842
-0.00381043
0.0224363
-0.0587014
0.137304
0.115841
-0.0386498
0.00990645
-0.0248739
-0.174052
-0.153296
0.157648
-0.128753
-0.128125
-0.0840812
-0.0103296
-0.0447198
0.0161933
0.121561
0.0871404
0.0830314
0.036133
0.174429
-0.131073
-0.0254444
-0.153971
0.0639629
0.111942
0.184168
0.104964
-0.0480358
-0.0265703
-0.00885522
0.0465884
0.0935448
0.145191
-0.00900697
0.0568746
0.117713
-0.0749384
-0.181079
0.0972565
0.133597
-0.0442775
0.081822
0.0490475
-0.0319266
0.0295909
0.190961
0.0154125
-0.00124501
-0.0107815
-0.199339
-0.0163957
0.0614193
-0.0885171
0.0366477
0.0453814
0.127638
-0.112536
0.0585517
-0.0871349
-0.0938908
0.0704027
0.036211
-0.103737
-0.0251695
-0.164584
0.013431
0.136382
-0.0763328
0.158709
-0.186231
-0.0253385
-0.00531884
0.111461
0.110885
0.185587
-0.18351
-0.183509
0.122603
-0.0851893
-0.189253
0.0986025
-0.14573
-0.112163
0.00237822
-0.134831
-0.0342328
-0.0648275
-0.0158602
0.00241412
0.128593
0.0497502
-0.139837
-0.0139645
-0.0534434
0.160446
0.0850794
0.0407764
-0.0685696
-0.0677237
-0.0348315
-0.16948
0.14691
0.0841811
0.06448
0.049271
0.0934217
-0.0706776
0.0641989
-0.0898964
0.0169911
0.0436248
0.0626493
-0.0417503
-0.105264
-0.113869
-0.104105
0.148722
-0.120803
0.161686
0.166185
-0.00765314
0.117099
0.145865
0.0456038
0.0130092
-0.177293
-0.0433525
0.0265576
0.0890165
-0.153644
0.115102
-0.00901787
-0.12251
-0.0525251
0.0504251
0.144102
0.096929
0.0495325
0.132186
-0.0248617
-0.0805368
0.0582778
-0.0407545
0.0749151
-0.0136772
-0.0908577
-0.138098
0.102901
-0.198097
-0.10701
-0.0873475
0.0816933
-0.0114818
0.00307339
-0.0878557
0.190517
0.0713304
0.187853
-0.0699229
0.110308
0.0194147
0.164319
0.0950522
-0.077909
-0.195331
0.0381545
-0.11893
-0.123274
0.131521
0.0230926
-0.0433278
0.0939519
-0.170404
-0.10729
0.0390772
-0.11945
0.195312
-0.0858097
-0.161032
-0.101463
0.0376962
-0.122621
-0.144748
0.0269269
-0.00271702
0.0353567
-0.150263
-0.0364062
0.186613
0.0754984
0.161732
0.0494482
0.140157
-0.129904
-0.124036
-0.00288035
0.169582
-0.193585
-0.0335451
0.122467
-0.0360902
-0.124279
-0.195219
-0.197569
-0.0775319
-0.0396373
-0.182757
-0.0708449
-0.16766
-0.0370991
-0.0865676
0.110466
0.0481276
-0.161891
-0.195051
0.0227219
-0.0433971
-0.15308
0.174489
0.0794722
0.0171499
0.0103195
-0.104809
-0.185921
-0.127762
0.161037
0.145636
-0.0536048
0.0105192
0.141834
0.1644
-0.120642
0.164654
0.172405
0.0130161
0.0581776
-0.0977135
0.11779
0.0220894
-0.194225
0.0151381
-0.169181
0.023039
0.131529
0.191756
-0.0621129
0.0976711
-0.17951
-0.0279823
-0.0260876
-0.00833806
0.0159374
-0.183153
-0.1642
0.0635053
-0.0509143
-0.144176
-0.0883233
-0.0964069
-0.092589
0.0578297
-0.0448956
-0.0653406
0.0019687
-0.0691375
0.104503
-0.0576695
-0.0621219
0.0699309
-0.0834803
0.106896
-0.135355
0.183994
0.058365
-0.0548944
0.151565
-0.168873
0.115462
-0.081411
-0.0392337
-0.000854394
0.145564
0.0679908
-0.152594
0.0705666
-0.131501
-0.00552753
-0.0762518
0.0907423
0.0326697
-0.124561
-0.149096
0.190818
-0.108269
0.0887735
-0.196655
-0.0812989
-0.087525
0.183573
-0.18505
0.0117487
0.0355952
-0.150649
0.176739
0.153371
-0.00575254
-0.0587904
-0.0887776
-0.180946
-0.173494
0.0112145
0.129421
-0.044858
0.152392
-0.16458
-0.0897005
-0.116574
-0.102829
0.155015
-0.000720623
0.0599765
-0.137914
-0.0649599
0.12227
0.112231
0.0997581
-0.160822
0.00844103
0.151854
-0.168371
0.0351163
-0.198578
0.0690458
0.0978147
-0.0761883
-0.191045
-0.00495033
-0.0412184
-0.183026
0.0313179
-0.1375
0.163055
-0.17012
-0.0111201
0.0389871
0.163763
0.0708024
-0.143073
-0.168467
0.162972
0.0943848
0.0363318
0.153559
-0.0574393
-0.125044
-0.11199
0.11833
-0.193424
-0.102954
-0.10973
0.168193
-0.144876
-0.0797286
-0.149148
0.12634
-0.0147149
0.167855
-0.023657
-0.155445
-0.136944
0.165385
-0.0320017
0.065022
0.1897
0.0493896
0.197352
0.183979
-0.190945
-0.18772
-0.178301
-0.002233
-0.108541
-0.158603
0.193796
0.17422
-0.101112
0.10273
0.11618
0.196328
-0.138412
0.178834
0.0219564
0.0548596
0.183081
0.17037
0.0161541
0.17536
0.12179
-0.168247
0.179156
0.155321
-0.0988729
0.0997241
0.0836996
-0.140229
0.0131677
-0.0096699
-0.182552
0.0911033
0.117957
-0.0284903
0.0299218
-0.0561611
-0.149914
-0.0667686
-0.130098
0.139175
-0.135845
-0.191467
0.165315
0.199191
0.179866
0.0879405
0.168563
0.181294
-0.132002
-0.063213
0.0205621
-0.190388
0.0634134
-0.0348619
-0.0576489
-0.00907584
0.0168011
0.0934723
0.00187503
0.158348
-0.0879816
0.179349
0.039027
-0.0809514
0.0571012
0.0736661
0.13742
-0.11913
0.0955969
0.164741
0.175419
0.00409896
0.115179
0.165401
0.00376845
-0.118539
-0.0959836
-0.0852387
-0.194498
-0.0941494
-0.0369763
0.0100586
-0.0150724
0.0444579
0.19535
0.00902733
-0.194758
0.188266
-0.0780932
-0.0247624
-0.18719
-0.118328
0.147574
-0.0301994
-0.0424268
0.13373
0.118077
-0.0286306
0.105719
0.106945
0.118834
0.146437
0.108917
0.0023369
-0.0411019
-0.122448
-0.190023
-0.067348
-0.15286
0.147365
-0.0235955
-0.16082
0.187542
-0.0513652
-0.105696
-0.16449
0.133213
0.19153
-0.0765786
0.064475
-0.160536
0.154103
0.0770703
-0.0185952
-0.0503928
0.128461
0.0115625
-0.0708412
-0.195861
-0.176902
-0.100118
-0.156332
-0.122872
-0.123657
0.11266
-0.0738582
0.122321
-0.178866
0.187833
0.132162
0.0159323
0.153916
-0.0425886
-0.154745
0.00186394
0.145564
0.032091
0.142758
0.0776944
-0.00412815
-0.113591
-0.0488869
0.0878451
0.138046
-0.0871175
0.173408
0.171587
0.171856
-0.162602
-0.0683646
-0.112636
-0.154291
-0.106485
-0.0867688
0.02399
-0.155517
0.136212
-0.00271255
-0.137138
0.149122
-0.0979301
-0.138697
-0.0757201
-0.0713464
0.121073
-0.0740615
-0.0862994
0.0501901
0.0367079
-0.0921403
0.0750482
-0.0294277
-0.0607726
0.133916
0.00429062
0.111588
-0.0387556
0.187826
-0.00402213
-0.109577
-0.0177897
0.102622
0.163684
0.110285
-0.0102226
0.0119995
0.000218331
-0.195838
0.154703
-0.0265762
0.132333
0.0955859
-0.0122065
-0.172926
0.195644
-0.131926
-0.0883589
0.0830886
0.192548
0.0145064
-0.0601733
0.0327297
-0.0418907
-0.122305
-0.0546162
0.0888277
-0.0990574
0.163064
0.0924548
-0.148794
-0.142033
0.18349
-0.175061
0.00944618
0.191844
-0.0159471
0.0761552
0.0109181
0.139962
-0.171825
-0.0865954
0.0909234
0.043127
-0.197816
-0.0775769
-0.00924026
-0.185579
-0.0725155
-0.13013
0.00338521
0.167259
0.00410475
-0.0776577
-0.0367843
-0.0797434
-0.167952
-0.128446
0.084034
-0.128647
-0.123877
-0.146477
0.154162
0.0356325
-0.00642517
0.179268
0.178222
0.0250667
0.159171
0.0940826
0.0821713
-0.0713216
0.0500719
0.131724
0.0812488
-0.0396418
0.12192
0.137955
0.00668483
-0.0107358
-0.105549
-0.0847782
-0.0913899
-0.00934117
0.14603
0.139905
-0.0611522
0.0236302
0.127406
-0.0797154
0.0461913
-0.186692
-0.14761
-0.0285169
0.0103176
0.0879181
-0.0968808
0.191368
-0.126252
-0.0235517
0.0463768
-0.0651952
0.150941
0.12785
0.109043
-0.188949
0.0345524
-0.176198
-0.158107
-0.0414619
0.0582899
0.0594199
0.198982
-0.0883556
-0.141158
0.037889
-0.129151
-0.0976549
0.10843
0.0145766
-0.145436
0.124196
0.0794456
0.0580286
0.176157
0.189732
0.182148
-0.0486571
0.154785
0.115408
0.192546
0.0899505
-0.18452
-0.181781
0.0276317
0.194375
0.0626021
0.00470873
0.115023
0.065849
-0.0558514
-0.129694
-0.134265
0.135392
-0.0194067
-0.0371915
0.144037
0.0702971
0.166438
0.132209
0.107806
0.0628658
0.0579284
0.0765607
-0.0206998
0.101805
0.00597974
-0.0847323
0.0364418
0.177689
-0.0596003
-0.0930608
-0.104256
-0.164674
0.165286
-0.199586
0.186534
-0.111485
-0.131707
0.130176
0.0099954
-0.0690494
0.138161
-0.143963
-0.133791
0.195428
0.0992661
-0.153136
-0.0243825
0.0536121
0.0540454
-0.0367629
0.0282484
0.0923579
0.191932
-0.170318
0.0482796
0.147216
0.0879733
-0.100822
0.0163945
0.193798
-0.0102034
0.0728662
0.113458
-0.0810672
-0.162775
0.0914473
0.111715
-0.146233
0.0778769
0.189063
-0.0783562
-0.16563
-0.00684052
0.0647296
0.154283
-0.119332
0.135642
-0.0338266
0.181444
-0.102494
-0.195936
-0.0384587
-0.0442824
0.0965385
0.182546
-0.0301312
-0.0996826
0.0621258
-0.0244125
0.0688379
0.0778895
0.100342
-0.0314455
-0.0708687
-0.15368
-0.00600339
-0.0370036
0.062606
0.199406
0.170373
0.0670472
0.15214
-0.0745206
0.0293898
0.1877
0.195667
0.148398
0.0387896
0.104137
-0.0302809
0.0991408
0.143082
0.176194
-0.0337666
-0.0257719
0.152979
0.164221
0.0522888
0.13087
-0.188474
-0.145481
0.0691672
0.0509521
-0.143456
-0.113915
-0.0492235
0.0128472
0.0752054
0.158608
0.0502302
-0.063249
0.0999743
0.0329308
0.144565
0.00856496
0.0208644
0.00469499
-0.0107569
-0.0183401
0.0593832
-0.0387775
-0.13297
0.0633923
0.185011
-0.0910915
-0.0848625
-0.00111144
0.190048
-0.0715428
-0.0151014
-0.000903233
-0.154897
0.151143
0.177966
0.0402957
-0.0686621
-0.142409
0.132525
-0.0656704
0.175324
-0.107302
-0.0369889
-0.0683337
0.0649323
-0.137008
-0.168001
-0.123715
-0.0264327
-0.0671174
0.108234
0.134461
0.0469952
0.0271444
-0.130374
0.0681004
0.166057
-0.188854
-0.0773592
-0.00742086
-0.0533162
-0.114102
-0.117971
-0.0565296
-0.0279788
-0.0603579
-0.185188
-0.0549063
-0.136779
-0.0993168
-0.183133
0.139681
-0.0194041
-0.0191307
0.0160436
0.139015
-0.0937552
0.108947
-0.180528
-0.19921
-0.079552
888888
0.05
0.05
0.05
0.05
0.05
0.05
0.05
0.05
0.05
0.05
0.05
0.05
0.05
0.05
0.05
0.05
0.05
0.05
0.05
0.05
0.05
0.05
0.05
0.05
0.05
0.05
0.05
0.05
0.05
0.05
0.05
0.05
0.05
0.05
0.05
0.05
0.05
0.05
0.05
0.05
0.05
0.05
0.05
0.05
0.05
0.05
0.05
0.05
0.05
0.05
0.05
0.05
0.05
0.05
0.05
0.05
0.05
0.05
0.05
0.05
0.05
0.05
0.05
0.05
0.05
0.05
0.05
0.05
0.05
0.05
0.05
0.05
0.05
0.05
0.05
0.05
0.05
0.05
0.05
0.05
0.05
0.05
0.05
0.05
0.05
0.05
0.05
0.05
0.05
0.05
0.05
0.05
0.05
0.05
0.05
0.05
0.05
0.05
0.05
0.05
0.05
0.05
0.05
0.05
0.05
0.05
0.05
0.05
0.05
0.05
0.05
0.05
0.05
0.05
0.05
0.05
0.05
0.05
0.05
0.05
0.05
0.05
0.05
0.05
0.05
0.05
0.05
0.05
0.05
0.05
0.05
0.05
0.05
0.05
0.05
0.05
0.05
0.05
0.05
0.05
0.05
0.05
0.05
0.05
0.05
0.05
0.05
0.05
0.05
0.05
0.05
0.05
0.05
0.05
0.05
0.05
0.05
0.05
0.05
0.05
0.05
0.05
0.05
0.05
0.05
0.05
0.05
0.05
0.05
0.05
0.05
0.05
0.05
0.05
0.05
0.05
0.05
0.05
0.05
0.05
0.05
0.05
0.05
0.05
0.05
0.05
0.05
0.05
0.05
0.05
0.05
0.05
0.05
0.05
0.05
0.05
0.05
0.05
0.05
0.05
0.05
0.05
0.05
0.05
0.05
0.05
0.05
0.05
0.05
0.05
0.05
0.05
0.05
0.05
0.05
0.05
0.05
0.05
0.05
0.05
0.05
0.05
0.05
0.05
0.05
0.05
0.05
0.05
0.05
0.05
0.05
0.05
0.05
0.05
0.05
0.05
0.05
0.05
0.05
0.05
0.05
0.05
0.05
0.05
0.05
0.05
0.05
0.05
0.05
0.05
0.05
0.05
0.05
0.05
0.05
0.05
0.05
0.05
0.05
0.05
0.05
0.05
0.05
0.05
0.05
0.05
0.05
0.05
0.05
0.05
0.05
0.05
0.05
0.05
0.05
0.05
0.05
0.05
0.05
0.05
0.05
0.05
0.05
0.05
0.05
0.05
0.05
0.05
0.05
0.05
0.05
0.05
0.05
0.05
0.05
0.05
0.05
0.05
0.05
0.05
0.05
0.05
0.05
0.05
0.05
0.05
0.05
0.05
0.05
0.05
0.05
0.05
0.05
0.05
0.05
0.05
0.05
0.05
0.05
0.05
0.05
0.05
0.05
0.05
0.05
0.05
0.05
0.05
0.05
0.05
0.05
0.05
0.05
0.05
0.05
0.05
0.05
0.05
0.05
0.05
0.05
0.05
0.05
0.05
0.05
0.05
0.05
0.05
0.05
0.05
0.05
0.05
0.05
0.05
0.05
0.05
0.05
0.05
0.05
0.05
0.05
0.05
0.05
0.05
0.05
0.05
0.05
0.05
0.05
0.05
0.05
0.05
0.05
0.05
0.05
0.05
0.05
0.05
0.05
0.05
0.05
0.05
0.05
0.05
0.05
0.05
0.05
0.05
0.05
0.05
0.05
0.05
0.05
0.05
0.05
0.05
0.05
0.05
0.05
0.05
0.05
0.05
0.05
0.05
0.05
0.05
0.05
0.05
0.05
0.05
0.05
0.05
0.05
0.05
0.05
0.05
0.05
0.05
0.05
0.05
0.05
0.05
0.05
0.05
0.05
0.05
0.05
0.05
0.05
0.05
0.05
0.05
0.05
0.05
0.05
0.05
0.05
0.05
0.05
0.05
0.05
0.05
0.05
0.05
0.05
0.05
0.05
0.05
0.05
0.05
0.05
0.05
0.05
0.05
0.05
0.05
0.05
0.05
0.05
0.05
0.05
0.05
0.05
0.05
0.05
0.05
0.05
0.05
0.05
0.05
0.05
0.05
0.05
0.05
0.05
0.05
0.05
0.05
0.05
0.05
0.05
0.05
0.05
0.05
0.05
0.05
0.05
0.05
0.05
0.05
0.05
0.05
0.05
0.05
0.05
0.05
0.05
0.05
0.05
0.05
0.05
0.05
0.05
0.05
0.05
0.05
0.05
0.05
0.05
0.05
0.05
0.05
0.05
0.05
0.05
0.05
0.05
0.05
0.05
0.05
0.05
0.05
0.05
0.05
0.05
0.05
0.05
0.05
0.05
0.05
0.05
0.05
0.05
0.05
0.05
0.05
0.05
0.05
0.05
0.05
0.05
0.05
0.05
0.05
0.05
0.05
0.05
0.05
0.05
0.05
0.05
0.05
0.05
0.05
0.05
0.05
0.05
0.05
0.05
0.05
0.05
0.05
0.05
0.05
0.05
0.05
0.05
0.05
0.05
0.05
0.05
0.05
0.05
0.05
0.05
0.05
0.05
0.05
0.05
0.05
0.05
0.05
0.05
0.05
0.05
0.05
0.05
0.05
0.05
0.05
0.05
0.05
0.05
0.05
0.05
0.05
0.05
0.05
0.05
0.05
0.05
0.05
0.05
0.05
0.05
0.05
0.05
0.05
0.05
0.05
0.05
0.05
0.05
0.05
0.05
0.05
0.05
0.05
0.05
0.05
0.05
0.05
0.05
0.05
0.05
0.05
0.05
0.05
0.05
0.05
0.05
0.05
0.05
0.05
0.05
0.05
0.05
0.05
0.05
0.05
0.05
0.05
0.05
0.05
0.05
0.05
0.05
0.05
0.05
0.05
0.05
0.05
0.05
0.05
0.05
0.05
0.05
0.05
0.05
0.05
0.05
0.05
0.05
0.05
0.05
0.05
0.05
0.05
0.05
0.05
0.05
0.05
0.05
0.05
0.05
0.05
0.05
0.05
0.05
0.05
0.05
0.05
0.05
0.05
0.05
0.05
0.05
0.05
0.05
0.05
0.05
0.05
0.05
0.05
0.05
0.05
0.05
0.05
0.05
0.05
0.05
0.05
0.05
0.05
0.05
0.05
0.05
0.05
0.05
0.05
0.05
0.05
0.05
0.05
0.05
0.05
0.05
0.05
0.05
0.05
0.05
0.05
0.05
0.05
0.05
0.05
0.05
0.05
0.05
0.05
0.05
0.05
0.05
0.05
0.05
0.05
0.05
0.05
0.05
0.05
0.05
0.05
0.05
0.05
0.05
0.05
0.05
0.05
0.05
0.05
0.05
0.05
0.05
0.05
0.05
0.05
0.05
0.05
0.05
0.05
0.05
0.05
0.05
0.05
0.05
0.05
0.05
0.05
0.05
0.05
0.05
0.05
0.05
0.05
0.05
0.05
0.05
0.05
0.05
0.05
0.05
0.05
0.05
0.05
0.05
0.05
0.05
0.05
0.05
0.05
0.05
0.05
0.05
0.05
0.05
0.05
0.05
0.05
0.05
0.05
0.05
0.05
0.05
0.05
0.05
0.05
0.05
0.05
0.05
0.05
0.05
0.05
0.05
0.05
0.05
0.05
0.05
0.05
0.05
0.05
0.05
0.05
0.05
0.05
0.05
0.05
0.05
0.05
0.05
0.05
0.05
0.05
0.05
0.05
0.05
0.05
0.05
0.05
0.05
0.05
0.05
0.05
0.05
0.05
0.05
0.05
0.05
0.05
0.05
0.05
0.05
0.05
0.05
0.05
0.05
0.05
0.05
0.05
0.05
0.05
0.05
0.05
0.05
0.05
0.05
0.05
0.05
0.05
0.05
0.05
0.05
0.05
0.05
0.05
0.05
0.05
0.05
0.05
0.05
0.05
0.05
0.05
0.05
0.05
0.05
0.05
0.05
0.05
0.05
0.05
0.05
0.05
0.05
0.05
0.05
0.05
0.05
0.05
0.05
0.05
0.05
0.05
0.05
0.05
0.05
0.05
0.05
0.05
0.05
0.05
0.05
0.05
0.05
0.05
0.05
0.05
0.05
0.05
0.05
0.05
0.05
0.05
0.05
0.05
0.05
0.05
0.05
0.05
0.05
0.05
0.05
0.05
0.05
0.05
0.05
0.05
0.05
0.05
0.05
0.05
0.05
0.05
0.05
0.05
0.05
0.05
0.05
0.05
0.05
0.05
0.05
0.05
0.05
0.05
0.05
0.05
0.05
0.05
0.05
0.05
0.05
0.05
0.05
0.05
0.05
0.05
0.05
0.05
0.05
0.05
0.05
0.05
0.05
0.05
0.05
0.05
0.05
0.05
0.05
0.05
0.05
0.05
0.05
0.05
0.05
0.05
0.05
0.05
0.05
0.05
0.05
0.05
0.05
0.05
0.05
0.05
0.05
0.05
0.05
0.05
0.05
0.05
0.05
0.05
0.05
0.05
0.05
0.05
0.05
0.05
0.05
0.05
0.05
0.05
0.05
0.05
0.05
0.05
0.05
0.05
0.05
0.05
0.05
0.05
0.05
0.05
0.05
0.05
0.05
0.05
0.05
0.05
0.05
0.05
0.05
0.05
0.05
0.05
0.05
0.05
0.05
0.05
0.05
0.05
0.05
0.05
0.05
0.05
0.05
0.05
0.05
0.05
0.05
0.05
0.05
0.05
0.05
0.05
0.05
0.05
0.05
0.05
0.05
0.05
0.05
0.05
0.05
0.05
0.05
0.05
0.05
0.05
0.05
0.05
0.05
0.05
0.05
0.05
0.05
0.05
0.05
0.05
0.05
0.05
0.05
0.05
0.05
0.05
0.05
0.05
0.05
0.05
0.05
0.05
0.05
0.05
0.05
0.05
0.05
0.05
0.05
0.05
0.05
0.05
0.05
0.05
0.05
0.05
0.05
0.05
0.05
0.05
0.05
0.05
0.05
0.05
0.05
0.05
0.05
0.05
0.05
0.05
0.05
0.05
0.05
0.05
0.05
0.05
0.05
0.05
0.05
0.05
0.05
0.05
0.05
0.05
0.05
0.05
0.05
0.05
0.05
0.05
0.05
0.05
0.05
0.05
0.05
0.05
0.05
0.05
0.05
0.05
0.05
0.05
0.05
0.05
0.05
0.05
0.05
0.05
0.05
0.05
0.05
0.05
0.05
0.05
0.05
0.05
0.05
0.05
0.05
0.05
0.05
0.05
0.05
0.05
0.05
0.05
0.05
0.05
0.05
0.05
0.05
0.05
0.05
0.05
0.05
0.05
0.05
0.05
0.05
0.05
0.05
0.05
0.05
0.05
0.05
0.05
0.05
0.05
0.05
0.05
0.05
0.05
0.05
0.05
0.05
0.05
0.05
0.05
0.05
0.05
0.05
0.05
0.05
0.05
0.05
0.05
0.05
0.05
0.05
0.05
0.05
0.05
0.05
0.05
0.05
0.05
0.05
0.05
0.05
0.05
0.05
0.05
0.05
0.05
0.05
0.05
0.05
0.05
0.05
0.05
0.05
0.05
0.05
0.05
0.05
0.05
0.05
0.05
0.05
0.05
0.05
0.05
0.05
0.05
0.05
0.05
0.05
0.05
0.05
0.05
0.05
0.05
0.05
0.05
0.05
0.05
0.05
0.05
0.05
0.05
0.05
0.05
0.05
0.05
0.05
0.05
0.05
0.05
0.05
0.05
0.05
0.05
0.05
0.05
0.05
0.05
0.05
0.05
0.05
0.05
0.05
0.05
0.05
0.05
0.05
0.05
0.05
0.05
0.05
0.05
0.05
0.05
0.05
0.05
0.05
0.05
0.05
0.05
0.05
0.05
0.05
0.05
0.05
0.05
0.05
0.05
0.05
0.05
0.05
0.05
0.05
0.05
0.05
0.05
0.05
0.05
0.05
0.05
0.05
0.05
0.05
0.05
0.05
0.05
0.05
0.05
0.05
0.05
0.05
0.05
0.05
0.05
0.05
0.05
0.05
0.05
0.05
0.05
0.05
0.05
0.05
0.05
0.05
0.05
0.05
0.05
0.05
0.05
0.05
0.05
0.05
0.05
0.05
0.05
0.05
0.05
0.05
0.05
0.05
0.05
0.05
0.05
0.05
0.05
0.05
0.05
0.05
0.05
0.05
0.05
0.05
0.05
0.05
0.05
0.05
0.05
0.05
0.05
0.05
0.05
0.05
0.05
0.05
0.05
0.05
0.05
0.05
0.05
0.05
0.05
0.05
0.05
0.05
0.05
0.05
0.05
0.05
0.05
0.05
0.05
0.05
0.05
0.05
0.05
0.05
0.05
0.05
0.05
0.05
0.05
0.05
0.05
0.05
0.05
0.05
0.05
0.05
0.05
0.05
0.05
0.05
0.05
0.05
0.05
0.05
0.05
0.05
0.05
0.05
0.05
0.05
0.05
0.05
0.05
0.05
0.05
0.05
0.05
0.05
0.05
0.05
0.05
0.05
0.05
0.05
0.05
0.05
0.05
0.05
0.05
0.05
0.05
0.05
0.05
0.05
0.05
0.05
0.05
0.05
0.05
0.05
0.05
0.05
0.05
0.05
0.05
0.05
0.05
0.05
0.05
0.05
0.05
0.05
0.05
0.05
0.05
0.05
0.05
0.05
0.05
0.05
0.05
0.05
0.05
0.05
0.05
0.05
0.05
0.05
0.05
0.05
0.05
0.05
0.05
0.05
0.05
0.05
0.05
0.05
0.05
0.05
0.05
0.05
0.05
0.05
0.05
0.05
0.05
0.05
0.05
0.05
0.05
0.05
0.05
0.05
0.05
0.05
0.05
0.05
0.05
0.05
0.05
0.05
0.05
0.05
0.05
0.05
0.05
0.05
0.05
0.05
0.05
0.05
0.05
0.05
0.05
0.05
0.05
0.05
0.05
0.05
0.05
0.05
0.05
0.05
0.05
0.05
0.05
0.05
0.05
0.05
0.05
0.05
0.05
0.05
0.05
0.05
0.05
0.05
0.05
0.05
0.05
0.05
0.05
0.05
0.05
0.05
0.05
0.05
0.05
0.05
0.05
0.05
0.05
0.05
0.05
0.05
0.05
0.05
0.05
0.05
0.05
0.05
0.05
0.05
0.05
0.05
0.05
0.05
0.05
0.05
0.05
0.05
0.05
0.05
0.05
0.05
0.05
0.05
0.05
0.05
0.05
0.05
0.05
0.05
0.05
0.05
0.05
0.05
0.05
0.05
0.05
0.05
0.05
0.05
0.05
0.05
0.05
0.05
0.05
0.05
0.05
0.05
0.05
0.05
0.05
0.05
0.05
0.05
0.05
0.05
0.05
0.05
0.05
0.05
0.05
0.05
0.05
0.05
0.05
0.05
0.05
0.05
0.05
0.05
0.05
0.05
0.05
0.05
0.05
0.05
0.05
0.05
0.05
0.05
0.05
0.05
0.05
0.05
0.05
0.05
0.05
0.05
0.05
0.05
0.05
0.05
0.05
0.05
0.05
0.05
0.05
0.05
0.05
0.05
0.05
0.05
0.05
0.05
0.05
0.05
0.05
0.05
0.05
0.05
0.05
0.05
0.05
0.05
0.05
0.05
0.05
0.05
0.05
0.05
0.05
0.05
0.05
0.05
0.05
0.05
0.05
0.05
0.05
0.05
0.05
0.05
0.05
0.05
0.05
777777