1.87359
999999
0.101889
-0.192445
0.174882
-0.170779
-0.00369999
-0.124248
0.156024
0.00861299
0.102476
-0.0720228
0.0361437
0.128355
-0.160778
-0.0301499
0.136096
0.112227
-0.0138103
0.163176
-0.0611476
0.062714
-0.127663
0.0872359
-0.189163
0.0437229
0.0236447
0.099346
-0.16351
-0.1429
-0.179501
0.139546
0.0452203
0.124093
0.124163
-0.103176
-0.161061
-0.179783
-0.0400964
0.0955044
-0.0268397
-0.124245
-0.183417
-0.0391755
0.0320372
-0.127492
0.0140466
0.0894496
-0.0343198
0.0565934
0.110931
0.138385
-0.155305
-0.11351
0.106926
-0.0892207
0.147532
0.0941281
-0.0299905
-0.195352
0.168313
0.144838
0.0633274
-0.0414112
-0.0619022
-0.005236
0.0262414
-0.00475371
-0.147465
0.0892977
0.134851
0.0351912
-0.188085
0.123185
0.0950018
-0.0780088
-0.180756
-0.0134508
0.0270821
0.114075
0.149435
0.144213
0.0627854
-0.105625
-0.0209224
-0.103913
0.161131
0.0174427
0.0092824
-0.00281699
0.0662617
-0.131812
0.0322406
-0.100409
-0.197114
-0.134252
0.0277465
-0.0765577
-0.133985
-0.189376
0.188289
-0.0138137
-0.111168
0.076624
-0.163633
0.0597056
0.194658
0.198385
0.0383406
-0.0250688
-0.0578961
-0.125628
-0.0404019
0.136398
-0.12583
-0.102719
0.0449999
0.191748
0.143921
-0.148859
0.0478687
0.19092
-0.109679
0.0418032
0.141685
-0.135444
-0.152412
-0.157273
0.167649
0.18726
-0.183155
0.143257
-0.1039
0.103382
-0.0131023
-0.138697
0.108258
-0.00257044
-0.0680415
-0.195639
0.165743
-0.173688
-0.00941247
0.192774
0.0631026
-0.111151
-0.197315
0.0349084
-0.161686
0.1492
0.0753183
0.0513412
-0.119119
-0.0800097
0.0602327
0.0834919
0.0552751
-0.122057
-0.120524
-0.0982831
-0.149829
-0.108951
-0.0742046
0.041483
-0.129343
0.194608
0.0708649
-0.123708
-0.15177
0.191478
0.174134
0.000601356
0.135878
0.105387
-0.0225682
-0.0453729
-0.16055
-0.127537
0.12347
-0.191629
-0.19061
-0.00558238
-0.0153526
-0.080041
-0.0445022
0.137407
-0.00966485
0.0160375
0.0288365
0.0683013
-0.172262
-0.0344598
0.0239061
0.0619585
0.115288
-0.12867
-0.0378768
0.0704657
0.117849
0.0882793
-0.158394
-0.165711
-0.0385967
-0.125752
0.0705556
-0.0173316
-0.0945829
0.160675
-0.0698159
-0.00521872
-0.0967239
0.000994819
-0.102565
0.0524888
-0.00320844
0.118551
0.0842337
0.0459827
-0.107868
0.1318
-0.0641229
0.147805
0.0412709
0.139174
0.122565
-0.0415434
-0.0798663
-0.089138
-0.164768
0.0270494
0.117156
-0.157027
0.0325124
0.00646991
-0.162244
-0.184954
0.177543
-0.14804
-0.00149344
-0.0366001
0.0509873
-0.105608
-0.154731
0.0239849
0.0900124
0.156022
-0.151775
0.00181688
0.0513129
-0.138809
0.144282
0.0576831
0.115051
0.081321
-0.170752
0.0545312
0.00840537
0.0366026
-0.0932425
0.029186
0.194995
0.036835
-0.165405
0.194759
-0.0015725
0.0413005
0.121919
0.133788
-0.0347478
0.0363413
0.19372
0.131049
0.00464282
-0.165112
0.124104
-0.0380619
0.0743847
-0.0117284
0.158183
-0.182806
-0.071539
0.0163742
-0.0307763
0.0135205
-0.147169
-0.092008
0.0283032
0.00337236
-0.11116
-0.0241191
-0.11731
0.150131
-0.0165475
0.12672
0.11767
-0.0195226
-0.0319995
0.114981
0.16084
-0.0694812
-0.0236396
-0.19322
0.0744487
0.172726
-0.107771
0.034481
-0.169045
0.17141
0.146549
0.0602037
0.121341
7.82302e-05
-0.115137
0.0771976
0.158306
-0.163526
0.193945
0.0927044
-0.106226
0.146507
-0.117087
0.147179
0.186707
-0.0277877
-0.185337
-0.174358
0.021949
0.0976705
0.186599
-0.0950357
-0.169913
-0.0852905
-0.060272
0.0914116
0.0729194
-0.0383164
0.160024
0.116879
-0.198839
-0.185781
0.0124955
-0.107092
0.0997136
0.0343557
0.108609
-0.152456
0.122891
0.138054
0.0767693
-0.0642388
0.0277251
0.0703524
-0.0969921
0.190346
0.00898743
0.0817614
0.180388
-0.0919011
-0.197318
0.16647
-0.0017167
0.0322453
0.0924333
0.143198
-0.0622787
-0.168612
0.118438
-0.0929182
0.000491163
0.0124324
-0.149172
-0.182554
0.0353373
-0.0568113
0.192858
-0.0053485
0.114019
-0.0981189
-0.0599138
0.0709104
-0.166804
-0.155977
0.0438658
-0.150336
-0.183398
0.0254076
0.06471
0.189369
0.0597306
0.176636
-0.16381
0.0744474
0.101395
-0.0753732
0.0578934
-0.144169
0.137418
-0.0179154
-0.0331818
0.0358366
0.0486205
0.142982
0.0787406
0.0498048
-0.0801742
0.0557465
0.194592
-0.162673
-0.115749
0.129683
-0.0441945
-0.174626
0.142369
-0.102713
0.173563
-0.0235051
0.141609
0.0199599
0.163956
-0.0401384
-0.109736
-0.182659
-0.139089
-0.120692
-0.0248311
0.172869
-0.168782
0.0876896
-0.163952
-0.0430995
-0.171739
-0.1641
-0.191695
-0.16477
-0.0116909
0.138681
0.177889
0.163082
0.0145921
0.159182
0.193913
-0.0846608
0.177459
-0.0207232
-0.00983689
-0.153002
-0.0960633
0.130528
0.176137
0.0785898
0.0168068
0.0717308
-0.160565
0.17959
-0.0234432
-0.183305
0.0686923
-0.0788274
0.0763197
0.0360175
-0.0367927
-0.0228979
-0.00645384
-0.188795
-0.0657558
0.105672
0.156398
-0.109074
0.0689689
0.0961208
0.105712
-0.0665465
0.0264762
0.130511
-0.025907
0.0244406
0.0885932
0.0485693
0.0700543
0.0210849
-0.0867359
0.064807
-0.0289219
-0.0721104
-0.0642462
-0.00755011
0.044434
-0.059293
0.143794
-0.030759
-0.14612
0.0119027
0.0724892
-0.0990863
0.0835987
-0.183984
0.0218134
0.19686
0.0957563
-0.142349
-0.133143
-0.187652
0.152432
0.184909
-0.0818809
0.0204204
0.0438412
-0.135852
0.0162957
0.158397
-0.0710735
0.0472828
-0.00164366
0.194903
0.0594713
-0.198605
0.156205
0.163302
-0.107813
-0.0664547
-0.174562
0.048253
-0.199512
-0.143245
-0.0857598
0.19269
0.000357157
0.0335328
-0.0362458
0.162643
0.111669
0.147256
-0.0049864
0.19799
-0.023931
0.144249
0.190325
-0.116253
0.0675408
0.155151
0.0424997
0.125333
0.190144
0.18139
0.0727031
0.114386
0.185032
-0.0940504
0.0911807
0.143821
0.12725
0.0215934
-0.0811791
-0.169626
-0.0514808
0.000845998
-0.198449
-0.126687
0.00569575
-0.1761
0.179946
-0.0254078
-0.128006
-0.168629
-0.121183
-0.154863
-0.0894563
0.080767
-0.0102735
0.0839377
-0.0410192
0.195476
-0.0872081
-0.0711958
0.0999073
-0.0620408
0.011663
-0.00117403
0.0741434
0.130558
-0.058496
-0.0628747
-0.0371238
0.0924609
0.105911
0.027123
-0.037847
0.167939
-0.199081
0.169127
-0.000289275
0.186335
0.103494
-0.138435
-0.179022
-0.0147488
0.0675661
-0.0732003
0.104818
0.0501904
-0.154363
-0.0788954
-0.105279
-0.180428
-0.19487
0.120115
-0.0202819
0.0404111
-0.197634
0.0801751
0.139993
0.0135233
-0.00650711
0.0723661
-0.0314913
0.0571291
-0.186419
-0.142691
0.122695
-0.192131
-0.143645
0.0309113
-0.195938
0.0449754
0.0501599
0.0318135
0.199985
-0.11294
0.146691
-0.128834
0.0801121
-0.116239
-0.125664
-0.176317
-0.196797
-0.184617
-0.108145
-0.0997044
0.00452488
0.057119
0.153071
0.123646
0.148419
-0.176949
-0.121228
0.01304
0.180775
-0.00975524
0.0671218
-0.0924796
-0.0652663
-0.0272985
0.089806
0.19044
-0.0659319
-0.153446
0.185943
0.0842944
-0.0799016
-0.0108976
0.078926
0.0153967
-0.0853669
0.186219
0.0723336
0.171194
0.0983197
-0.178608
0.187771
0.172552
-0.19621
-0.0730785
-0.176878
0.148987
0.1772
0.00956958
-0.0860609
-0.0173864
-0.0886776
-0.11909
0.108409
0.00977265
0.11372
0.146905
-0.0860445
0.189627
-0.0893373
0.0752175
0.0250735
0.124217
-0.0399221
-0.142476
-0.138516
-0.0435642
0.034412
-0.00428528
-0.0905217
-0.166042
0.134778
0.191842
0.197877
-0.0583747
-0.147124
0.139173
-0.0190502
0.0528525
0.0430378
0.164344
0.0189552
-0.165698
-0.0023369
-0.0702738
-0.13536
-0.121116
-0.0569273
-0.169967
-0.171343
-0.0149376
-0.0528298
0.0843171
-0.038879
-0.145
-0.121384
0.17842
0.0368496
0.118095
-0.0717467
-0.185149
-0.155603
-0.147344
-0.181654
0.124513
0.19066
0.0674346
0.0429154
-0.122019
0.147701
-0.0469677
-0.127361
-0.000809531
-0.0337781
0.133208
-0.051511
-0.192194
0.0533977
-0.0823996
-0.11528
0.133473
-0.181733
0.0508695
-0.122662
-0.137565
-0.123856
0.116612
0.188868
0.0209964
0.15551
-0.0386297
0.0230579
0.194031
0.158341
-0.187653
-0.0213989
0.0359716
-0.198663
-0.0703434
-0.0658447
0.071709
0.112609
-0.127605
-0.0974911
-0.178683
0.034596
0.0482695
0.170357
0.182716
-0.0401295
0.141552
0.0868485
0.104556
0.0135836
-0.185976
0.114383
0.0859619
0.190733
0.173388
-0.0419973
0.15429
-0.157993
-0.0640801
0.0636564
-0.087736
-0.0801135
0.0760269
0.0379865
0.132791
-0.0813882
-0.0967808
-0.0936027
0.0447288
0.0284981
-0.124213
0.0406314
0.161675
-0.0910954
0.066646
0.126049
-0.100927
-0.106325
-0.183897
-0.0825483
0.184593
-0.0338018
-0.00319633
0.0279199
0.0253026
0.177072
-0.179153
-0.066468
-0.0862197
0.120328
0.00480617
0.0197282
-0.0514556
-0.103134
-0.00957283
-0.149562
-0.175752
0.0468657
0.0695177
-0.194658
0.0449037
0.019585
-0.161182
0.0911765
0.0477486
-0.18315
0.178435
-0.0490962
-0.0209001
0.181707
-0.060711
0.162254
-0.0355495
0.180527
0.0122145
0.0723795
-0.104847
0.00113192
0.192387
-0.113696
-0.067053
0.189883
0.0739849
0.0680036
0.00872879
0.0414696
-0.076776
-0.0290531
0.193558
0.182671
0.00759094
0.193815
0.0641677
0.0884492
0.043544
-0.0820521
-0.0645953
-0.0347865
0.115766
-0.160287
-0.192224
0.0697292
0.182716
0.113606
-0.178753
0.133073
-0.0699444
-0.175239
-0.0190509
0.0792743
0.0291816
0.130377
0.143026
-0.119742
0.102768
0.0395852
0.189916
-0.0688869
0.0574817
0.10282
-0.0205069
-0.170068
0.128381
0.148561
0.0912509
-0.0754957
0.0933121
-0.155938
0.0311006
-0.0891504
-0.0730575
0.182542
0.10563
0.199101
0.0165639
-0.0974146
-0.102486
0.145486
0.159151
0.170776
0.191597
0.0538306
0.0649457
-0.107589
0.175562
0.0850072
-0.11034
-0.0960632
-0.0513772
0.145192
0.0748969
0.041449
-0.0495232
0.145134
0.138117
0.0690657
0.00689925
0.0894899
-0.166427
0.0564265
0.101041
0.00470825
0.144566
-0.134959
0.0648097
0.0235824
0.111738
-0.0710621
0.182198
0.0270471
-0.0641514
-0.0606909
-0.0330189
0.0331358
0.129854
0.101377
0.191616
0.142076
-0.00501018
0.11757
0.0596049
0.0899641
0.0609038
-0.090111
0.156549
0.121084
-0.0614697
-0.196543
-0.15552
0.182799
-0.0552817
0.192576
-0.0552378
0.125601
0.0227435
0.124606
-0.0323579
-0.081082
-0.0310092
-0.0709621
-0.0945456
-0.0723103
0.190887
-0.199505
0.0380067
0.0100995
0.151353
-0.0647642
0.122444
-0.0699926
-0.0812197
0.167979
-0.0142772
-0.0857606
-0.0247884
-0.14124
0.173906
0.161967
-0.0952961
-0.0218208
-0.110318
-0.0532637
-0.0163658
-0.11465
-0.115743
-0.0645631
-0.0487553
0.160013
-0.125275
-0.0263028
0.186703
-0.106707
0.0967589
-0.0663269
0.113746
0.0927187
0.0468665
-0.092355
-0.167647
-0.157954
-0.0780801
0.154475
0.169141
-0.0921379
-0.147289
-0.147355
0.106427
-0.175242
0.114357
0.182919
-0.0115785
0.155241
-0.00816114
0.0516211
0.0623606
-0.00131266
-0.171537
0.190271
0.162851
-0.168184
-0.193864
-0.0891451
0.107601
0.0115144
-0.152817
-0.0890613
-0.19277
0.0496324
-0.030518
-0.0900207
-0.110052
0.0837947
0.0728067
0.0783847
-0.108877
0.188683
-0.18247
0.0685382
-0.0696038
0.177838
0.038622
-0.0779193
-0.0926762
-0.031612
0.0825078
-0.0250169
0.123444
-0.0349929
0.127016
0.0875572
0.180494
-0.149803
-0.191323
0.110845
-0.107859
-0.00472238
0.0845099
-0.0874568
0.111093
-0.0474232
0.0234682
-0.0651652
-0.0511964
0.190758
-0.0501605
0.137402
0.0363662
-0.0831628
-0.117116
0.0667253
0.13737
0.0269092
-0.0674837
0.0452131
-0.00391192
0.154424
-0.0740065
0.177084
0.131726
0.0676528
0.105071
0.168041
0.195029
-0.167368
0.195041
-0.164826
0.177559
0.121293
-0.0423169
0.0609025
0.0562458
-0.0582323
0.199711
-0.15669
0.171334
0.022809
0.187953
-0.102135
0.0569835
-0.0215535
0.079877
0.00976442
-0.0534399
0.0851006
-0.0697435
0.0161985
0.170121
0.108855
-0.148556
-0.000534115
-0.0689759
-0.0215875
0.00726171
0.176807
0.0761278
0.177903
0.0581482
0.159552
-0.105644
0.00039118
-0.0490268
-0.151127
0.0499551
0.106404
0.184758
-0.0586069
-0.14078
-0.00690813
-0.0189172
-0.18436
-0.0178746
-0.197335
-0.00980454
0.0302285
-0.0171286
0.169778
0.182388
0.111719
0.0188258
0.136584
0.0348319
0.143294
0.0454811
0.165997
-0.0506471
-0.0884569
0.0647979
0.163014
0.169226
-0.109654
-0.191956
0.116237
0.118354
-0.119477
0.130004
0.153194
-0.166996
0.182581
-0.144508
0.14429
0.192292
0.0212898
-0.028927
-0.0616978
-0.177471
-0.128441
-0.0315108
0.0566577
-0.135601
-0.171411
0.0643236
-0.0792209
-0.176558
0.0970683
0.0844129
0.0423546
0.168342
-0.197201
0.0465908
0.198418
-0.07134
0.126234
0.0922702
0.112805
-0.0140444
-0.0825752
-0.00880142
0.014344
0.172478
0.00822322
0.045043
-0.132637
-0.0851041
-0.0603493
0.0213243
-0.00465428
0.0881222
0.136456
0.188408
0.0907877
0.139975
0.122867
-0.14702
0.0571126
0.135409
-0.152699
-0.0919176
-0.183473
0.0161711
-0.127348
0.117086
0.164535
-0.117135
-0.131274
0.0164613
-0.19212
-0.122554
-0.0392735
-0.170736
0.134548
-0.0803571
0.114554
-0.160556
0.148573
-0.102134
-0.113816
0.0746027
-0.12645
-0.189885
0.096021
-0.0231941
-0.0558575
-0.00745114
0.127673
0.0632336
-0.172971
0.18461
-0.0305378
0.0228444
0.0470547
0.117753
0.154277
0.0686565
0.148179
-0.0619611
-0.118657
0.0467504
0.100416
-0.185985
-0.0138676
0.194922
0.0973582
0.0190407
0.148366
-0.0501672
-0.112832
0.189501
0.182868
-0.0449563
0.0872148
0.0540136
-0.146656
0.00311539
-0.124469
-0.0196243
-0.00529051
0.137548
-0.139011
-0.137343
0.0718883
0.00468096
-0.136512
-0.0410375
-0.187242
0.0663894
0.169544
0.120481
0.0401027
0.191408
0.164603
-0.138578
-0.118387
-0.113471
0.0926202
-0.138569
-0.0105232
-0.0188381
-0.177095
0.0270205
0.0430619
-0.0691318
0.013079
0.174334
0.182905
-0.189651
-0.118937
0.00534677
-0.108564
0.0331389
0.110269
-0.115124
-0.149731
0.0535784
0.0695454
-0.12777
-0.0821545
0.115698
0.0175147
-0.0861013
-0.144854
0.0130135
-0.112702
-0.066298
-0.0296989
0.0247741
-0.0722331
0.16914
-0.159634
-0.0929385
-0.1287
0.0671692
0.196356
0.113737
-0.0561993
-0.189571
-0.102616
-0.171945
0.170317
-0.0666051
0.141791
0.136662
-0.0774216
-0.00663751
-0.162797
0.0109015
0.0164801
-0.0994615
-0.0173836
0.0452814
-0.155141
-0.0230212
0.0781939
-0.0784587
0.0633164
0.0692976
0.0596319
-0.174938
-0.0295232
0.139072
-0.0253302
-0.16983
-0.0449115
-0.151932
0.195228
0.0863317
-0.0907552
-0.156642
0.158064
0.0486301
-0.160612
-0.0354819
0.108756
0.147049
-0.187133
-0.0829139
0.109162
-0.109486
0.14388
0.135666
0.168205
0.039363
0.0326072
-0.193793
0.19764
-0.154481
0.0967773
0.0669384
-0.0799752
0.08855
0.0410619
0.0121461
-0.199003
0.10352
0.172106
-0.186495
0.0109404
-0.156558
0.0392896
-0.0328634
-0.16057
0.157831
0.00109309
-0.167026
-0.185364
0.19941
-0.0255298
-0.0168914
-0.0679147
-0.19802
-0.120614
-0.0193355
-0.0578836
0.0340828
0.181296
-0.183258
-0.162594
0.161211
0.0610521
-0.0899556
0.0381686
0.103791
0.0407795
0.181414
0.111042
0.173658
0.000447271
-0.183996
-0.156379
-0.105726
-0.0779357
0.0956083
-0.0519508
-0.17627
-0.0369995
-0.152583
0.0370285
0.184399
0.18557
-0.114586
0.129747
-0.185626
0.19487
0.175938
-0.16377
0.0603964
-0.0628058
-0.0841244
-0.00137905
-0.169632
0.00261184
-0.0144239
0.123364
0.183824
-0.0370219
-0.124812
0.117646
-0.122567
-0.10216
-0.0275906
0.107131
0.163756
0.139242
-0.0474743
-0.159628
-0.156357
0.0177479
0.137753
-0.137631
0.0120014
0.0678234
0.103487
0.0564072
-0.187077
-0.162361
-0.0349035
0.157349
-0.0139512
-0.0736006
-0.187756
0.16289
0.173294
0.118439
-0.154465
0.118778
-0.0240771
0.138761
-0.18764
0.0780503
-0.110318
-0.185498
-0.177638
0.149632
-0.151063
-0.0955516
0.187049
0.154318
-0.105819
-0.100536
0.106082
0.0580002
0.128451
-0.06756
-0.0523368
-0.17269
-0.0297178
-0.153559
0.110219
-0.0148606
0.0672106
0.0733671
-0.0455771
-0.146753
0.075115
0.0643179
-0.184148
0.1493
-0.11749
0.196956
0.00682568
-0.0944217
0.00816012
0.145902
-0.0176099
0.0143049
-0.123188
-0.18924
0.136032
-0.0249921
0.0584913
0.136264
-0.0185516
-0.164565
0.0583854
0.142804
-0.193673
-0.150001
0.0826616
0.0277555
0.0358792
0.181039
0.126949
0.099541
-0.043768
-0.178588
0.145469
-0.000644262
0.118122
0.0830699
0.171282
0.124883
-0.0211429
-0.0860021
-0.131989
-0.0894165
0.0818916
0.142515
0.171423
-0.13588
0.132791
-0.100177
0.0335811
-0.0507009
-0.0512078
-0.14869
-0.0364637
-0.187325
-0.0605579
-0.18312
0.0533801
-0.15068
0.170082
0.0693116
0.00599667
0.0159942
-0.135161
0.0366253
0.102011
0.170584
0.0728507
-0.171741
-0.186521
0.102831
0.0339196
-0.15923
-0.115835
0.0867144
0.0656622
-0.195819
0.063624
-0.0754583
0.103169
0.0734901
0.15888
-0.157673
0.0941184
-0.134313
-0.0330947
-0.181813
-0.108308
0.0156828
-0.132859
-0.0255497
-0.0829548
-0.0454046
0.0178536
0.136755
-0.13474
0.00173991
-0.0500016
-0.00921059
0.0800318
-0.0731004
-0.0344502
0.104265
0.0369429
0.133247
0.00517221
-0.0108651
-0.137126
-0.0451659
0.0859411
0.127801
-0.185139
-0.121997
0.0380569
-0.0589004
0.136418
0.113985
0.074524
0.00674309
-0.165602
-0.172568
-0.0465221
-0.0219444
0.0231335
-0.112297
-0.160014
0.0127484
-0.139317
0.168622
0.160822
-0.0871602
0.00847449
0.132156
-0.165987
0.164887
-0.0518386
-0.0230908
-0.0101222
-0.0283038
0.196465
-0.0956561
-0.0397471
0.137691
-0.16488
-0.0703055
-0.097794
0.0984147
0.0757591
-0.100139
0.0102539
0.0183945
0.0412382
0.0961481
-0.102334
-0.12288
0.055989
-0.19461
0.026106
-0.172078
-0.0723211
0.0802834
0.0176007
-0.000899371
-0.126246
0.179558
0.0932011
-0.0593198
-0.176338
0.0123712
0.0587909
-0.169608
-0.039561
0.01823
0.00150392
-0.19841
-0.152917
0.131495
0.14358
-0.11562
888888
0.05
0.05
0.05
0.05
0.05
0.05
0.05
0.05
0.05
0.05
0.05
0.05
0.05
0.05
0.05
0.05
0.05
0.05
0.05
0.05
0.05
0.05
0.05
0.05
0.05
0.05
0.05
0.05
0.05
0.05
0.05
0.05
0.05
0.05
0.05
0.05
0.05
0.05
0.05
0.05
0.05
0.05
0.05
0.05
0.05
0.05
0.05
0.05
0.05
0.05
0.05
0.05
0.05
0.05
0.05
0.05
0.05
0.05
0.05
0.05
0.05
0.05
0.05
0.05
0.05
0.05
0.05
0.05
0.05
0.05
0.05
0.05
0.05
0.05
0.05
0.05
0.05
0.05
0.05
0.05
0.05
0.05
0.05
0.05
0.05
0.05
0.05
0.05
0.05
0.05
0.05
0.05
0.05
0.05
0.05
0.05
0.05
0.05
0.05
0.05
0.05
0.05
0.05
0.05
0.05
0.05
0.05
0.05
0.05
0.05
0.05
0.05
0.05
0.05
0.05
0.05
0.05
0.05
0.05
0.05
0.05
0.05
0.05
0.05
0.05
0.05
0.05
0.05
0.05
0.05
0.05
0.05
0.05
0.05
0.05
0.05
0.05
0.05
0.05
0.05
0.05
0.05
0.05
0.05
0.05
0.05
0.05
0.05
0.05
0.05
0.05
0.05
0.05
0.05
0.05
0.05
0.05
0.05
0.05
0.05
0.05
0.05
0.05
0.05
0.05
0.05
0.05
0.05
0.05
0.05
0.05
0.05
0.05
0.05
0.05
0.05
0.05
0.05
0.05
0.05
0.05
0.05
0.05
0.05
0.05
0.05
0.05
0.05
0.05
0.05
0.05
0.05
0.05
0.05
0.05
0.05
0.05
0.05
0.05
0.05
0.05
0.05
0.05
0.05
0.05
0.05
0.05
0.05
0.05
0.05
0.05
0.05
0.05
0.05
0.05
0.05
0.05
0.05
0.05
0.05
0.05
0.05
0.05
0.05
0.05
0.05
0.05
0.05
0.05
0.05
0.05
0.05
0.05
0.05
0.05
0.05
0.05
0.05
0.05
0.05
0.05
0.05
0.05
0.05
0.05
0.05
0.05
0.05
0.05
0.05
0.05
0.05
0.05
0.05
0.05
0.05
0.05
0.05
0.05
0.05
0.05
0.05
0.05
0.05
0.05
0.05
0.05
0.05
0.05
0.05
0.05
0.05
0.05
0.05
0.05
0.05
0.05
0.05
0.05
0.05
0.05
0.05
0.05
0.05
0.05
0.05
0.05
0.05
0.05
0.05
0.05
0.05
0.05
0.05
0.05
0.05
0.05
0.05
0.05
0.05
0.05
0.05
0.05
0.05
0.05
0.05
0.05
0.05
0.05
0.05
0.05
0.05
0.05
0.05
0.05
0.05
0.05
0.05
0.05
0.05
0.05
0.05
0.05
0.05
0.05
0.05
0.05
0.05
0.05
0.05
0.05
0.05
0.05
0.05
0.05
0.05
0.05
0.05
0.05
0.05
0.05
0.05
0.05
0.05
0.05
0.05
0.05
0.05
0.05
0.05
0.05
0.05
0.05
0.05
0.05
0.05
0.05
0.05
0.05
0.05
0.05
0.05
0.05
0.05
0.05
0.05
0.05
0.05
0.05
0.05
0.05
0.05
0.05
0.05
0.05
0.05
0.05
0.05
0.05
0.05
0.05
0.05
0.05
0.05
0.05
0.05
0.05
0.05
0.05
0.05
0.05
0.05
0.05
0.05
0.05
0.05
0.05
0.05
0.05
0.05
0.05
0.05
0.05
0.05
0.05
0.05
0.05
0.05
0.05
0.05
0.05
0.05
0.05
0.05
0.05
0.05
0.05
0.05
0.05
0.05
0.05
0.05
0.05
0.05
0.05
0.05
0.05
0.05
0.05
0.05
0.05
0.05
0.05
0.05
0.05
0.05
0.05
0.05
0.05
0.05
0.05
0.05
0.05
0.05
0.05
0.05
0.05
0.05
0.05
0.05
0.05
0.05
0.05
0.05
0.05
0.05
0.05
0.05
0.05
0.05
0.05
0.05
0.05
0.05
0.05
0.05
0.05
0.05
0.05
0.05
0.05
0.05
0.05
0.05
0.05
0.05
0.05
0.05
0.05
0.05
0.05
0.05
0.05
0.05
0.05
0.05
0.05
0.05
0.05
0.05
0.05
0.05
0.05
0.05
0.05
0.05
0.05
0.05
0.05
0.05
0.05
0.05
0.05
0.05
0.05
0.05
0.05
0.05
0.05
0.05
0.05
0.05
0.05
0.05
0.05
0.05
0.05
0.05
0.05
0.05
0.05
0.05
0.05
0.05
0.05
0.05
0.05
0.05
0.05
0.05
0.05
0.05
0.05
0.05
0.05
0.05
0.05
0.05
0.05
0.05
0.05
0.05
0.05
0.05
0.05
0.05
0.05
0.05
0.05
0.05
0.05
0.05
0.05
0.05
0.05
0.05
0.05
0.05
0.05
0.05
0.05
0.05
0.05
0.05
0.05
0.05
0.05
0.05
0.05
0.05
0.05
0.05
0.05
0.05
0.05
0.05
0.05
0.05
0.05
0.05
0.05
0.05
0.05
0.05
0.05
0.05
0.05
0.05
0.05
0.05
0.05
0.05
0.05
0.05
0.05
0.05
0.05
0.05
0.05
0.05
0.05
0.05
0.05
0.05
0.05
0.05
0.05
0.05
0.05
0.05
0.05
0.05
0.05
0.05
0.05
0.05
0.05
0.05
0.05
0.05
0.05
0.05
0.05
0.05
0.05
0.05
0.05
0.05
0.05
0.05
0.05
0.05
0.05
0.05
0.05
0.05
0.05
0.05
0.05
0.05
0.05
0.05
0.05
0.05
0.05
0.05
0.05
0.05
0.05
0.05
0.05
0.05
0.05
0.05
0.05
0.05
0.05
0.05
0.05
0.05
0.05
0.05
0.05
0.05
0.05
0.05
0.05
0.05
0.05
0.05
0.05
0.05
0.05
0.05
0.05
0.05
0.05
0.05
0.05
0.05
0.05
0.05
0.05
0.05
0.05
0.05
0.05
0.05
0.05
0.05
0.05
0.05
0.05
0.05
0.05
0.05
0.05
0.05
0.05
0.05
0.05
0.05
0.05
0.05
0.05
0.05
0.05
0.05
0.05
0.05
0.05
0.05
0.05
0.05
0.05
0.05
0.05
0.05
0.05
0.05
0.05
0.05
0.05
0.05
0.05
0.05
0.05
0.05
0.05
0.05
0.05
0.05
0.05
0.05
0.05
0.05
0.05
0.05
0.05
0.05
0.05
0.05
0.05
0.05
0.05
0.05
0.05
0.05
0.05
0.05
0.05
0.05
0.05
0.05
0.05
0.05
0.05
0.05
0.05
0.05
0.05
0.05
0.05
0.05
0.05
0.05
0.05
0.05
0.05
0.05
0.05
0.05
0.05
0.05
0.05
0.05
0.05
0.05
0.05
0.05
0.05
0.05
0.05
0.05
0.05
0.05
0.05
0.05
0.05
0.05
0.05
0.05
0.05
0.05
0.05
0.05
0.05
0.05
0.05
0.05
0.05
0.05
0.05
0.05
0.05
0.05
0.05
0.05
0.05
0.05
0.05
0.05
0.05
0.05
0.05
0.05
0.05
0.05
0.05
0.05
0.05
0.05
0.05
0.05
0.05
0.05
0.05
0.05
0.05
0.05
0.05
0.05
0.05
0.05
0.05
0.05
0.05
0.05
0.05
0.05
0.05
0.05
0.05
0.05
0.05
0.05
0.05
0.05
0.05
0.05
0.05
0.05
0.05
0.05
0.05
0.05
0.05
0.05
0.05
0.05
0.05
0.05
0.05
0.05
0.05
0.05
0.05
0.05
0.05
0.05
0.05
0.05
0.05
0.05
0.05
0.05
0.05
0.05
0.05
0.05
0.05
0.05
0.05
0.05
0.05
0.05
0.05
0.05
0.05
0.05
0.05
0.05
0.05
0.05
0.05
0.05
0.05
0.05
0.05
0.05
0.05
0.05
0.05
0.05
0.05
0.05
0.05
0.05
0.05
0.05
0.05
0.05
0.05
0.05
0.05
0.05
0.05
0.05
0.05
0.05
0.05
0.05
0.05
0.05
0.05
0.05
0.05
0.05
0.05
0.05
0.05
0.05
0.05
0.05
0.05
0.05
0.05
0.05
0.05
0.05
0.05
0.05
0.05
0.05
0.05
0.05
0.05
0.05
0.05
0.05
0.05
0.05
0.05
0.05
0.05
0.05
0.05
0.05
0.05
0.05
0.05
0.05
0.05
0.05
0.05
0.05
0.05
0.05
0.05
0.05
0.05
0.05
0.05
0.05
0.05
0.05
0.05
0.05
0.05
0.05
0.05
0.05
0.05
0.05
0.05
0.05
0.05
0.05
0.05
0.05
0.05
0.05
0.05
0.05
0.05
0.05
0.05
0.05
0.05
0.05
0.05
0.05
0.05
0.05
0.05
0.05
0.05
0.05
0.05
0.05
0.05
0.05
0.05
0.05
0.05
0.05
0.05
0.05
0.05
0.05
0.05
0.05
0.05
0.05
0.05
0.05
0.05
0.05
0.05
0.05
0.05
0.05
0.05
0.05
0.05
0.05
0.05
0.05
0.05
0.05
0.05
0.05
0.05
0.05
0.05
0.05
0.05
0.05
0.05
0.05
0.05
0.05
0.05
0.05
0.05
0.05
0.05
0.05
0.05
0.05
0.05
0.05
0.05
0.05
0.05
0.05
0.05
0.05
0.05
0.05
0.05
0.05
0.05
0.05
0.05
0.05
0.05
0.05
0.05
0.05
0.05
0.05
0.05
0.05
0.05
0.05
0.05
0.05
0.05
0.05
0.05
0.05
0.05
0.05
0.05
0.05
0.05
0.05
0.05
0.05
0.05
0.05
0.05
0.05
0.05
0.05
0.05
0.05
0.05
0.05
0.05
0.05
0.05
0.05
0.05
0.05
0.05
0.05
0.05
0.05
0.05
0.05
0.05
0.05
0.05
0.05
0.05
0.05
0.05
0.05
0.05
0.05
0.05
0.05
0.05
0.05
0.05
0.05
0.05
0.05
0.05
0.05
0.05
0.05
0.05
0.05
0.05
0.05
0.05
0.05
0.05
0.05
0.05
0.05
0.05
0.05
0.05
0.05
0.05
0.05
0.05
0.05
0.05
0.05
0.05
0.05
0.05
0.05
0.05
0.05
0.05
0.05
0.05
0.05
0.05
0.05
0.05
0.05
0.05
0.05
0.05
0.05
0.05
0.05
0.05
0.05
0.05
0.05
0.05
0.05
0.05
0.05
0.05
0.05
0.05
0.05
0.05
0.05
0.05
0.05
0.05
0.05
0.05
0.05
0.05
0.05
0.05
0.05
0.05
0.05
0.05
0.05
0.05
0.05
0.05
0.05
0.05
0.05
0.05
0.05
0.05
0.05
0.05
0.05
0.05
0.05
0.05
0.05
0.05
0.05
0.05
0.05
0.05
0.05
0.05
0.05
0.05
0.05
0.05
0.05
0.05
0.05
0.05
0.05
0.05
0.05
0.05
0.05
0.05
0.05
0.05
0.05
0.05
0.05
0.05
0.05
0.05
0.05
0.05
0.05
0.05
0.05
0.05
0.05
0.05
0.05
0.05
0.05
0.05
0.05
0.05
0.05
0.05
0.05
0.05
0.05
0.05
0.05
0.05
0.05
0.05
0.05
0.05
0.05
0.05
0.05
0.05
0.05
0.05
0.05
0.05
0.05
0.05
0.05
0.05
0.05
0.05
0.05
0.05
0.05
0.05
0.05
0.05
0.05
0.05
0.05
0.05
0.05
0.05
0.05
0.05
0.05
0.05
0.05
0.05
0.05
0.05
0.05
0.05
0.05
0.05
0.05
0.05
0.05
0.05
0.05
0.05
0.05
0.05
0.05
0.05
0.05
0.05
0.05
0.05
0.05
0.05
0.05
0.05
0.05
0.05
0.05
0.05
0.05
0.05
0.05
0.05
0.05
0.05
0.05
0.05
0.05
0.05
0.05
0.05
0.05
0.05
0.05
0.05
0.05
0.05
0.05
0.05
0.05
0.05
0.05
0.05
0.05
0.05
0.05
0.05
0.05
0.05
0.05
0.05
0.05
0.05
0.05
0.05
0.05
0.05
0.05
0.05
0.05
0.05
0.05
0.05
0.05
0.05
0.05
0.05
0.05
0.05
0.05
0.05
0.05
0.05
0.05
0.05
0.05
0.05
0.05
0.05
0.05
0.05
0.05
0.05
0.05
0.05
0.05
0.05
0.05
0.05
0.05
0.05
0.05
0.05
0.05
0.05
0.05
0.05
0.05
0.05
0.05
0.05
0.05
0.05
0.05
0.05
0.05
0.05
0.05
0.05
0.05
0.05
0.05
0.05
0.05
0.05
0.05
0.05
0.05
0.05
0.05
0.05
0.05
0.05
0.05
0.05
0.05
0.05
0.05
0.05
0.05
0.05
0.05
0.05
0.05
0.05
0.05
0.05
0.05
0.05
0.05
0.05
0.05
0.05
0.05
0.05
0.05
0.05
0.05
0.05
0.05
0.05
0.05
0.05
0.05
0.05
0.05
0.05
0.05
0.05
0.05
0.05
0.05
0.05
0.05
0.05
0.05
0.05
0.05
0.05
0.05
0.05
0.05
0.05
0.05
0.05
0.05
0.05
0.05
0.05
0.05
0.05
0.05
0.05
0.05
0.05
0.05
0.05
0.05
0.05
0.05
0.05
0.05
0.05
0.05
0.05
0.05
0.05
0.05
0.05
0.05
0.05
0.05
0.05
0.05
0.05
0.05
0.05
0.05
0.05
0.05
0.05
0.05
0.05
0.05
0.05
0.05
0.05
0.05
0.05
0.05
0.05
0.05
0.05
0.05
0.05
0.05
0.05
0.05
0.05
0.05
0.05
0.05
0.05
0.05
0.05
0.05
0.05
0.05
0.05
0.05
0.05
0.05
0.05
0.05
0.05
0.05
0.05
0.05
0.05
0.05
0.05
0.05
0.05
0.05
0.05
0.05
0.05
0.05
0.05
0.05
0.05
0.05
0.05
0.05
0.05
0.05
0.05
0.05
0.05
0.05
0.05
0.05
0.05
0.05
0.05
0.05
0.05
0.05
0.05
0.05
0.05
0.05
0.05
0.05
0.05
0.05
0.05
0.05
0.05
0.05
0.05
0.05
0.05
0.05
0.05
0.05
0.05
0.05
0.05
0.05
0.05
0.05
0.05
0.05
0.05
0.05
0.05
0.05
0.05
0.05
0.05
0.05
0.05
0.05
0.05
0.05
0.05
0.05
0.05
0.05
0.05
0.05
0.05
0.05
0.05
0.05
0.05
0.05
0.05
0.05
0.05
0.05
0.05
0.05
0.05
0.05
0.05
0.05
0.05
0.05
0.05
0.05
0.05
0.05
0.05
0.05
0.05
0.05
0.05
0.05
0.05
0.05
0.05
0.05
0.05
0.05
0.05
0.05
0.05
0.05
0.05
0.05
0.05
0.05
0.05
0.05
777777