1.37168
999999
0.177796
-0.0805254
0.142894
-0.112549
0.185379
-0.126883
0.159421
-0.119726
-0.0113904
0.0567646
0.128056
0.0108546
0.0315443
-0.114994
0.153965
0.0940964
-0.0342896
0.167434
-0.166204
0.127365
-0.193034
-0.128414
-0.140173
0.0740947
-0.16203
0.0204205
0.00272524
0.0838345
0.1394
0.123448
-0.19935
-0.0116406
-0.00946107
0.0130829
0.0647141
0.126677
-0.0153984
0.137835
0.19935
0.178399
-0.157135
-0.13593
-0.130936
-0.177623
-0.145837
-0.0759917
0.195822
-0.114328
0.018543
-0.0767249
0.0904659
-0.158122
-0.0766672
-0.166262
0.186643
-0.103485
0.0722482
0.0328522
-0.108494
0.0582935
0.0527466
-0.0326638
-0.099689
0.170279
0.0180689
-0.0641528
-0.178943
0.0617443
0.1979
0.0762983
-0.100403
0.0650481
0.039161
0.107148
-0.116772
-0.000912572
0.138307
-0.183058
0.150087
0.171096
0.0108167
0.122564
-0.0192321
0.000549469
0.11891
-0.0475333
-0.0899769
-0.19139
-0.187293
0.0479329
-0.0957728
-0.173588
-0.142371
0.128538
0.00562422
0.108206
-0.0852967
-0.0993715
-0.116877
0.0134328
0.190204
0.1025
-0.000794404
0.100083
-0.0174835
-0.0848747
-0.102907
0.161261
0.0870022
0.0175679
0.123943
-0.0522791
0.0194091
0.0341072
0.0957968
-0.0195714
-0.0494629
-0.0531836
0.0402223
-0.102602
0.147098
0.114827
0.0185896
0.113521
0.0737442
0.0146663
0.176532
-0.0513444
0.147389
-0.112867
0.114575
0.0971426
-0.0641089
-0.167061
-0.112472
0.124343
-0.0959232
0.102112
-0.0845807
0.188875
-0.175879
0.156049
-0.198195
-0.112535
-0.101355
-0.182326
-0.166826
0.0750263
-0.00680297
0.00746049
0.197808
-0.020303
0.137164
-0.0458941
-0.00500735
-0.114367
0.181766
-0.0968358
-0.158168
-0.143651
0.0854614
0.137946
-0.157895
-0.164704
0.156932
0.170692
-0.155112
0.123129
0.0697003
-0.162802
0.0495723
-0.0140327
0.0922451
-0.140703
-0.174331
-0.00552128
0.158658
0.0196036
-0.128459
0.12117
0.0283585
0.102554
0.00170823
-0.0624936
0.197353
-0.104087
0.00782986
-0.0410623
0.0745916
-0.0677141
-0.164446
0.173496
-0.0263558
0.0186618
0.0512322
0.0164226
0.0900293
0.141338
0.00281623
-0.08687
0.0092739
0.00417222
0.0227331
0.0752277
-0.136198
0.125721
-0.101931
-0.148049
-0.175605
0.176461
0.0507761
0.00298153
0.0177756
0.0861543
-0.0978426
0.100256
0.109454
0.115291
0.114152
0.04027
0.116674
-0.152384
0.195745
-0.0768387
-0.0280768
-0.0717564
0.111976
0.0871049
0.116516
0.117385
-0.130402
-0.151001
-0.00390464
0.199635
0.0407445
0.0540162
0.0908321
0.072885
-0.0324508
0.0223836
0.123676
-0.184916
0.123044
-0.00380172
0.0211309
0.157439
-0.162423
-0.168237
-0.0221747
-0.0777285
0.153611
0.070343
0.126907
0.0103478
-0.0458732
0.0159431
-0.0367101
0.133188
-0.0113786
-0.191421
-0.195285
-0.118375
-0.127534
0.0482492
-0.0402027
-0.09266
-0.101765
-0.0936129
-0.131778
-0.0320964
-0.0555144
-0.0917384
0.107899
0.196262
0.183944
-0.0513224
-0.160759
0.103584
0.0708472
0.0221206
0.0711461
-0.0950435
-0.184009
-0.0177886
-0.0933566
-0.0194809
0.133066
-0.0880293
-0.00521939
0.0427321
-0.0425899
0.100308
-0.122996
0.121896
-0.0827832
-0.0470885
-0.0672654
0.197128
0.0656804
0.0662702
0.120649
-0.00480737
0.0553623
0.183984
-0.0730191
0.179146
0.0992574
-0.0543508
-0.148174
-0.140055
-0.174279
0.0922837
0.173709
0.0917307
0.169115
-0.166982
-0.119294
0.0472584
0.0440865
-0.020632
-0.0598416
0.00453678
-0.0716954
-0.180362
0.149961
0.159519
-0.192241
0.0156889
0.192501
0.0397015
-0.181112
0.0212426
0.174419
0.125664
-0.112406
-0.0329335
0.189563
0.0722357
-0.112569
0.127339
-0.174213
0.00552911
0.0826339
0.193476
0.189016
0.0497893
0.106863
0.140387
-0.194661
-0.128167
-0.184823
0.0836758
0.0373601
-0.106392
-0.0899752
0.0287405
0.107971
-0.110143
0.195229
0.141731
-0.14051
-0.0380442
-0.0075627
-0.0515873
-0.117939
-0.122824
0.0675841
-0.0337114
0.158112
0.101442
-0.0731238
-0.167694
-0.172078
0.197463
0.0922116
0.192762
-0.123912
-0.152485
0.110269
0.0303839
0.170442
0.0698098
0.173613
0.0607849
-0.118905
0.149602
-0.0870075
-0.144421
0.000298489
0.0209523
-0.199608
-0.0369019
-0.0100195
0.09546
0.0104217
0.170379
0.0132117
-0.0127659
-0.0658414
-0.188884
0.180057
0.0867354
0.125834
0.0112259
0.145442
-0.101766
0.19733
0.0979592
0.0588379
0.103821
-0.0984715
0.00602827
-0.181854
0.191958
0.139895
-0.146769
-0.0118441
0.0983804
-0.14945
0.0957855
0.0411735
0.0187418
-0.085483
0.0925883
-0.0287791
0.199971
0.000260391
-0.173398
0.0232616
-0.00469619
0.110747
0.0102281
-0.0584707
-0.115871
0.186847
-0.114218
0.110554
-0.0485409
-0.0294506
0.0224339
-0.151566
0.176341
0.159646
-0.183098
-0.130463
0.108577
-0.154802
-0.012767
-0.108115
-0.0345425
-0.102134
-0.0198413
0.0180465
0.0472913
0.189339
0.179736
-0.109
-0.0807923
-0.172207
-0.0477619
-0.103615
-0.159044
0.164647
0.121305
-0.0471829
-0.0667087
-0.171716
-0.151226
0.181848
-0.0996357
-0.08433
-0.063389
0.123021
0.0908645
-0.0780233
-0.132023
-0.13691
-0.144023
0.0156214
0.188907
0.105375
0.138419
-0.158838
0.108216
-0.0735443
0.162785
-0.156437
0.0127178
0.143075
0.10524
0.106004
0.187057
0.0959608
-0.00748865
0.145896
-0.153621
0.0460717
-0.0107555
0.00642909
0.0666161
0.196286
-0.188269
-0.0756093
0.183576
0.104322
-0.0850324
-0.146875
0.0317203
0.186464
0.0955116
0.0309696
-0.172937
-0.0923927
-0.145128
0.180596
0.154322
-0.139766
0.185259
-0.102907
0.0513519
-0.171313
0.0746897
0.133782
0.19175
-0.060558
0.010706
0.0610066
0.121817
-0.0912924
0.182744
0.151687
-0.0842494
0.0851756
0.0632778
-0.0106312
0.0575755
-0.0775869
-0.197877
-0.155159
0.109412
0.0144989
-0.110017
0.0574515
0.156201
0.165245
-0.023896
0.0170715
-0.094609
-0.0439013
-0.0113977
-0.167053
0.146385
0.0631473
0.0580761
-0.140147
0.105092
0.160169
-0.135196
-0.0302652
-0.0453301
0.102506
0.0475356
-0.0792666
-0.0403139
0.127689
-0.0590625
-0.189577
0.0397923
-0.109482
0.0469801
-0.0318174
-0.107687
0.107724
-0.12419
-0.0892863
-0.0687999
0.0449386
0.0999239
0.0342411
0.0181284
-0.00111321
0.0991786
-0.0659361
0.119328
-0.0476144
0.103915
0.09738
0.118956
-0.141562
0.0816428
-0.118972
-0.0625383
0.123896
-0.146129
-0.149432
0.000941401
-0.118763
0.101429
-0.0802604
-0.0403806
-0.153265
0.0498306
-0.148957
-0.121401
0.0668796
0.0526395
0.121954
0.00869805
-0.0646502
-0.156864
-0.046294
0.0705668
-0.154468
0.129555
-0.0363165
-0.0558113
-0.178131
-0.046133
-0.0818351
0.0537337
-0.0752741
0.16433
-0.075878
-0.191454
-0.0779078
-0.180414
-0.157832
-0.0173487
0.0217557
-0.109926
-0.193167
-0.120367
0.167221
-0.0532515
0.15158
-0.0564696
-0.0741367
0.0277675
0.0713903
-0.0017546
0.13752
-0.119383
0.0479051
-0.0579638
0.185544
-0.0193148
0.148388
-0.10939
-0.028519
-0.189894
-0.143522
-0.0524153
-0.0514479
0.166544
-0.0883692
0.0464026
0.0200655
-0.136865
0.0611861
-0.0498963
-0.14866
0.0351726
-0.0362724
0.105365
-0.0127898
0.0756554
-0.174945
0.187016
-0.104462
-0.0258943
-0.117447
0.189846
-0.0512718
0.0316471
-0.0403108
0.0270814
0.195583
-0.171253
0.0450048
0.0547281
0.0339406
-0.171822
-0.193763
0.173685
-0.122652
0.194724
0.183312
-0.0523332
0.159459
0.0809505
0.13484
-0.021381
0.0575784
-0.0678994
0.180247
-0.0180963
0.165301
0.0464669
0.0077573
0.0747407
0.133921
-0.0719361
-0.0548874
-0.0106786
0.108126
-0.178651
-0.179399
0.028456
0.0379229
0.135178
0.154967
-0.00594447
0.0905127
0.124114
-0.0544876
-0.0644766
-0.115472
-0.0769309
-0.167626
0.117795
-0.118145
0.00937251
0.0319412
0.132727
0.0429185
-0.143892
-0.0833348
-0.0875401
-0.192146
-0.166044
-0.0980208
0.0261389
-0.154493
0.0242262
-0.161197
0.10563
0.0077944
-0.111618
0.140542
0.13598
-0.0558241
0.0533085
-0.0470967
0.191535
-0.0116287
0.0377268
-0.199084
0.0100434
0.155779
0.00508504
-0.0198248
-0.0344428
0.114784
-0.0781317
-0.0050579
0.173711
0.186846
-0.0730077
-0.0845744
-0.117287
0.00607723
-0.122414
-0.0558699
-0.121044
0.163668
-0.0702901
-0.0978922
0.0706199
0.0612
-0.0607657
0.0591934
-0.0467784
0.0519322
0.13326
0.0693256
-0.145031
0.0648591
-0.141771
0.120222
-0.132244
0.167896
0.168906
0.0774506
-0.0125288
0.191772
0.105459
0.0213717
-0.0181028
-0.0582317
0.0176594
-0.0904465
-0.0497182
-0.124384
-0.0649486
-0.111707
-0.191365
-0.135927
-0.0627812
0.0792818
0.0706663
-0.141326
0.130148
0.106182
0.0172483
-0.0733557
0.0594494
-0.170451
0.0968123
0.141455
0.0198325
0.0465438
-0.167596
-0.092331
-0.038243
0.188832
-0.189693
-0.126579
-0.129299
-0.193589
-0.140424
0.138701
0.180182
-0.145315
-0.0162773
0.0398198
-0.0159037
0.00776664
-0.0545074
-0.0616482
0.195127
-0.111278
0.152719
-0.0136453
0.00745333
0.189472
-0.173119
-0.0583758
-0.0229056
-0.0284886
0.0771314
-0.18944
-0.0510799
-0.178419
0.126068
0.111121
0.0869827
0.106516
-0.187258
-0.158707
-0.0161871
-0.0981952
-0.0748395
-0.0320303
0.00990617
0.137156
0.117962
0.155328
0.133979
-0.0485778
-0.159202
0.195854
-0.069824
0.0163114
0.133639
-0.0105621
-0.107695
-0.103138
-0.117004
0.0768047
0.185076
-0.0648804
-0.114775
0.15431
0.00969949
-0.115668
-0.0253984
-0.0618437
-0.140909
0.181118
0.139093
0.00745291
0.185629
-0.107682
-0.0989466
-0.110379
-0.00715498
0.0699499
4.35389e-05
-0.0497806
-0.108041
0.0756229
-0.119129
-0.0995068
0.100092
0.00969922
-0.0971087
-0.15102
0.179922
0.174092
0.103256
-0.0129996
-0.190797
-0.17428
0.0218546
0.0549679
0.0902643
-0.0276434
-0.0362767
-0.0347096
0.159764
0.0468827
-0.0680447
0.182064
0.0214274
0.178059
0.07326
-0.196597
0.00980876
-0.0304798
-0.0668114
0.174113
-0.0182996
-0.146135
-0.0843186
0.0769268
0.141161
-0.179844
0.0694029
0.192721
0.0519268
-0.0605442
0.155875
-0.141173
0.166663
-0.0766548
0.124538
0.135085
-0.0205173
0.195083
0.0722543
0.17249
-0.152837
-0.17821
-0.112905
-0.000779956
0.108497
0.0775069
-0.0476483
0.168136
-0.0849413
0.177655
0.152866
0.105471
0.138723
0.0333375
-0.123691
0.107726
0.0709209
-0.048418
0.0755836
-0.0550913
-0.157557
0.0752981
-0.117412
-0.128555
0.026467
-0.110859
0.189363
-0.099219
-0.0197436
-0.111566
0.147335
-0.180909
0.0558247
0.170595
-0.0345627
-0.1576
0.0429353
0.0902248
-0.0966359
0.0951465
-0.140588
0.0697391
0.00839896
0.0337107
-0.0907091
0.00568798
0.127052
0.17191
-0.175533
0.055995
0.197299
-0.179183
-0.125695
-0.0679552
0.180501
0.175353
0.146956
-0.0710949
0.150997
-0.0477809
-0.0563285
-0.194833
-0.112835
-0.082963
0.118241
-0.194966
0.0104569
-0.161923
0.0815732
-0.0289879
-0.0758376
-0.0728964
0.180635
-0.18066
0.184503
-0.0409766
-0.0397203
-0.0930569
0.0407872
-0.0870646
-0.166647
0.0886022
0.142371
0.199215
0.125498
0.0490137
-0.0411456
-0.0337253
0.164781
-0.0607943
0.000114074
0.0667902
-0.121649
0.00961032
0.116475
0.108966
0.162765
-0.109385
-0.0424088
-0.0805884
-0.0317957
-0.108872
-0.138608
0.0614219
0.1952
-0.158734
0.128982
-0.0981952
0.123294
-0.188101
0.0360279
0.0365958
0.0684485
0.0602253
0.0823531
-0.0617817
0.196484
0.102984
-0.165596
0.00780171
0.151603
0.0744687
-0.0814184
0.0479842
-0.168471
-0.0124356
0.0234751
-0.176892
0.173905
-0.0195693
-0.032504
0.154618
0.166292
0.0937441
-0.0969145
-0.0643954
0.194803
-0.18146
0.106893
-0.070916
0.0522436
0.159691
0.0786792
0.194237
0.0961077
-0.00472129
-0.177527
0.119936
-0.187827
-0.123957
-0.0684349
-0.17544
0.15354
-0.0996957
-0.117682
0.041746
0.0717436
-0.0455392
-0.079801
0.134644
0.037972
0.13434
-0.083382
0.0649249
0.135812
-0.0356734
0.149361
0.0591362
-0.083601
-0.173537
0.042755
-0.180798
-0.0690164
-0.0864983
-0.0248491
-0.00695276
0.105515
0.00457056
0.148665
0.187502
0.0692309
-0.146085
0.0526436
-0.0287937
-0.0107002
0.136006
-0.138866
0.167518
0.0303172
0.0649805
-0.0610852
-0.154718
0.0715475
0.06993
-0.127265
-0.0925134
0.0576383
0.164423
-0.161306
0.0219088
0.195669
-0.148351
0.082449
-0.0382987
0.145646
0.192549
0.149438
-0.185604
-0.0960924
-0.0216827
-0.0618579
0.156546
-0.148785
0.00327621
0.196544
0.156114
-0.149316
-0.0395219
0.177948
-0.123084
-0.00724011
0.0893892
-0.0509437
-0.0235715
-0.044601
0.160321
-0.107677
-0.117931
-0.0593888
0.0751527
-0.090401
0.0274212
0.191821
-0.168902
-0.177454
0.00920623
0.00806717
0.197151
-0.0507798
0.0547286
0.0842013
0.00140698
0.0229059
0.132021
0.150984
-0.133447
-0.0551354
-0.0440354
-0.132369
0.00136027
-0.0105084
0.177136
-0.18596
0.0222691
-0.118783
-0.13114
0.118908
-0.0125841
0.0115865
0.01463
-0.0766619
-0.0040168
-0.134997
-0.1487
-0.12242
0.107466
-0.128566
0.195112
0.0695232
-0.106467
0.00415099
-0.169875
-0.168772
-0.107173
-0.0133299
-0.0451042
0.152809
0.111505
0.161476
-0.186906
-0.0644367
0.187512
-0.054204
-0.0485276
-0.161814
-0.189528
-0.0390932
-0.0166891
0.172443
-0.188621
-0.0552019
-0.0758852
-0.102006
-0.0163476
-0.0243368
0.0484584
-0.109366
-0.0758107
0.122146
-0.0425183
-0.0620992
0.0260624
0.00164261
-0.0535961
-0.111829
-0.0286124
0.0174608
-0.0400917
-0.0373731
-0.178422
-0.0495571
-0.172588
-0.0426821
-0.0467364
0.163214
0.148004
-0.166418
-0.0436503
0.19275
0.135198
-0.0519131
-0.0303265
-0.139713
-0.00705341
0.191538
-0.153809
-0.0144402
-0.146624
0.172372
-0.151899
-0.147298
0.149651
0.0198288
0.0433296
0.0359909
0.0544973
0.102332
-0.136579
-0.118861
0.0645804
0.0424416
-0.181708
-0.0589808
-0.0541984
0.166622
-0.000857229
0.113021
-0.191642
0.162764
0.102197
0.160483
-0.110491
0.0970199
0.0305068
-0.137498
-0.0166683
0.0119747
-0.117526
-0.192737
0.0977032
-0.11535
0.0454378
0.0524258
0.082777
-0.0733485
0.168014
-0.195228
0.0813929
-0.190002
-0.0820216
-0.0766296
-0.0773952
-0.12896
-0.00938397
-0.0626496
0.0630017
0.0133407
0.139426
-0.186122
0.0392342
-0.0372775
-0.113113
0.0406241
-0.0534643
-0.183969
-0.0485877
0.138784
-0.199818
0.145584
-0.0410294
0.192856
0.0834934
-0.171617
-0.192615
0.020667
0.181077
-0.0858133
0.183477
0.128961
0.0397111
0.13257
0.173869
0.0488155
0.159257
0.0189167
-0.157396
-0.13506
0.0436745
0.173163
0.085122
0.143075
0.132557
0.151626
-0.0394085
-0.197023
-0.00433312
0.190217
-0.00136399
-0.100402
0.125629
-0.0265083
-0.0225232
-0.135603
-0.143809
-0.16881
0.171426
0.120223
-0.0636074
0.144708
-0.181502
0.0456634
-0.150422
0.0746171
-0.074584
0.0785608
-0.0523618
0.00100055
0.132322
-0.134982
-0.0822625
-0.148534
-0.0325162
0.100081
0.138125
-0.0333026
-0.0513512
0.193509
-0.0444523
0.193105
-0.0718054
-0.187548
-0.105468
-0.103556
0.0179818
0.0418607
-0.171438
-0.19704
0.00954052
0.0191531
-0.185014
0.123965
0.170027
-0.0290421
-0.143064
-0.186224
-0.0639991
0.126511
0.115021
0.000451515
-0.0679442
-0.114339
0.125221
0.000614243
0.125976
0.153332
0.0300661
0.172029
-0.163511
0.0571149
0.100421
-0.0243911
-0.0962757
0.195754
-0.0301389
0.0245098
0.100239
0.082638
0.12181
-0.0338905
0.193589
-0.105613
0.00710378
0.191736
0.172784
-0.14682
-0.0133675
-0.175146
-0.0499615
0.054644
-0.0279584
0.0587244
0.100003
0.124924
-0.0733368
0.0610322
-0.047822
-0.0581848
-0.0123004
0.00641009
0.151142
-0.0217071
0.0259657
-0.128173
-0.103979
0.0937182
-0.12879
-0.160317
-0.0883427
-0.069406
-0.042837
0.0348732
-0.0347062
-0.0734786
0.0851431
0.0218302
-0.178663
-0.138623
0.0318854
-0.0523619
0.0405485
-0.0277359
0.155923
0.0458385
0.12481
0.171867
0.169892
-0.112235
0.0687058
0.107002
-0.175668
-0.0339848
0.00530029
-0.193175
-0.0935742
0.160455
-0.133821
-0.00615252
0.054342
-0.110883
0.115973
0.147657
0.145403
-0.191241
0.0849434
-0.0412322
-0.182038
-0.0399537
0.0142527
-0.0257095
-0.184105
0.091691
0.199799
-0.151819
-0.0559086
0.193989
0.0280158
-0.187034
0.153387
-0.04658
-0.102467
0.172732
-0.0852233
-0.0364267
-0.144386
0.147147
-0.125727
-0.170694
0.0738411
0.120758
0.176331
-0.120909
-0.0688177
-0.172612
0.0218707
-0.0936845
0.0489697
-0.198171
-0.192671
0.192605
-0.057011
0.103574
0.199703
0.150105
-0.0181502
-0.0849894
0.0836047
0.192898
-0.00773211
0.0993655
0.0859809
-0.0230769
0.0382505
-0.045539
-0.188067
0.156598
-0.0331312
-0.08391
0.0920788
0.125189
0.0803756
-0.0170931
0.0350272
0.0712006
-0.000691696
0.139173
-0.0594606
0.159353
0.136838
0.199218
0.196315
0.0897844
-0.171882
0.112956
0.0126888
-0.0477655
-0.182534
0.0840396
0.109929
-0.0541231
0.185525
0.0820253
0.135793
-0.0444716
-0.0769874
-0.14116
-0.013854
-0.0292367
-0.146104
-0.0937786
-0.160874
0.0523156
-0.0533076
0.0185491
0.0268463
0.0626272
0.160508
0.148922
0.106194
-0.102982
0.170589
-0.0605322
-0.077002
-0.0503703
-0.0861341
-0.15508
0.135322
-0.150762
-0.169041
-0.175205
0.19496
-0.125364
-0.0369231
-0.192861
0.0542491
-0.126315
0.125678
-0.0779797
0.0118975
0.132877
-0.199773
-0.0545641
0.175349
0.0820326
-0.146111
0.121591
-0.140836
0.189383
0.193925
0.154706
-0.094498
-0.0749016
0.00238181
0.149229
0.144846
0.170527
0.0661338
0.168516
0.12527
-0.0801291
0.0307807
-0.0451271
0.0393453
-0.0567513
-0.0534728
-0.126848
0.139665
0.000630414
0.173385
0.00638849
-0.170746
-0.084334
0.0919024
-0.0469196
0.187351
0.0549726
0.0417946
0.178896
0.0763917
0.0239718
-0.0616064
0.0242457
-0.110793
0.041586
-0.0720588
0.00948613
0.0198736
-0.134521
0.104289
-0.161155
-0.0276539
0.0930492
-0.0885673
0.193763
-0.156524
0.0812344
-0.0489533
0.0192366
-0.0104463
-0.165404
0.158798
0.00818495
0.109378
0.126377
-0.168636
-0.0812133
-0.0484362
-0.0685052
-0.0938967
-0.120722
0.0957692
0.0490061
0.016505
-0.135398
0.128796
-0.077049
0.113502
0.10832
0.0607229
0.155488
0.173876
0.0650819
0.134919
-0.0694741
-0.13139
-0.121914
0.102271
-0.188518
0.0795189
-0.0669058
-0.0587636
0.0589243
-0.102403
-0.0700356
0.136776
0.191843
0.0369981
-0.10448
0.133718
0.057386
0.0838939
-0.162432
-0.139543
0.0662204
-0.177496
0.000677568
0.159622
-0.169664
-0.137794
-0.173533
-0.0196776
-0.00943923
888888
0.05
0.05
0.05
0.05
0.05
0.05
0.05
0.05
0.05
0.05
0.05
0.05
0.05
0.05
0.05
0.05
0.05
0.05
0.05
0.05
0.05
0.05
0.05
0.05
0.05
0.05
0.05
0.05
0.05
0.05
0.05
0.05
0.05
0.05
0.05
0.05
0.05
0.05
0.05
0.05
0.05
0.05
0.05
0.05
0.05
0.05
0.05
0.05
0.05
0.05
0.05
0.05
0.05
0.05
0.05
0.05
0.05
0.05
0.05
0.05
0.05
0.05
0.05
0.05
0.05
0.05
0.05
0.05
0.05
0.05
0.05
0.05
0.05
0.05
0.05
0.05
0.05
0.05
0.05
0.05
0.05
0.05
0.05
0.05
0.05
0.05
0.05
0.05
0.05
0.05
0.05
0.05
0.05
0.05
0.05
0.05
0.05
0.05
0.05
0.05
0.05
0.05
0.05
0.05
0.05
0.05
0.05
0.05
0.05
0.05
0.05
0.05
0.05
0.05
0.05
0.05
0.05
0.05
0.05
0.05
0.05
0.05
0.05
0.05
0.05
0.05
0.05
0.05
0.05
0.05
0.05
0.05
0.05
0.05
0.05
0.05
0.05
0.05
0.05
0.05
0.05
0.05
0.05
0.05
0.05
0.05
0.05
0.05
0.05
0.05
0.05
0.05
0.05
0.05
0.05
0.05
0.05
0.05
0.05
0.05
0.05
0.05
0.05
0.05
0.05
0.05
0.05
0.05
0.05
0.05
0.05
0.05
0.05
0.05
0.05
0.05
0.05
0.05
0.05
0.05
0.05
0.05
0.05
0.05
0.05
0.05
0.05
0.05
0.05
0.05
0.05
0.05
0.05
0.05
0.05
0.05
0.05
0.05
0.05
0.05
0.05
0.05
0.05
0.05
0.05
0.05
0.05
0.05
0.05
0.05
0.05
0.05
0.05
0.05
0.05
0.05
0.05
0.05
0.05
0.05
0.05
0.05
0.05
0.05
0.05
0.05
0.05
0.05
0.05
0.05
0.05
0.05
0.05
0.05
0.05
0.05
0.05
0.05
0.05
0.05
0.05
0.05
0.05
0.05
0.05
0.05
0.05
0.05
0.05
0.05
0.05
0.05
0.05
0.05
0.05
0.05
0.05
0.05
0.05
0.05
0.05
0.05
0.05
0.05
0.05
0.05
0.05
0.05
0.05
0.05
0.05
0.05
0.05
0.05
0.05
0.05
0.05
0.05
0.05
0.05
0.05
0.05
0.05
0.05
0.05
0.05
0.05
0.05
0.05
0.05
0.05
0.05
0.05
0.05
0.05
0.05
0.05
0.05
0.05
0.05
0.05
0.05
0.05
0.05
0.05
0.05
0.05
0.05
0.05
0.05
0.05
0.05
0.05
0.05
0.05
0.05
0.05
0.05
0.05
0.05
0.05
0.05
0.05
0.05
0.05
0.05
0.05
0.05
0.05
0.05
0.05
0.05
0.05
0.05
0.05
0.05
0.05
0.05
0.05
0.05
0.05
0.05
0.05
0.05
0.05
0.05
0.05
0.05
0.05
0.05
0.05
0.05
0.05
0.05
0.05
0.05
0.05
0.05
0.05
0.05
0.05
0.05
0.05
0.05
0.05
0.05
0.05
0.05
0.05
0.05
0.05
0.05
0.05
0.05
0.05
0.05
0.05
0.05
0.05
0.05
0.05
0.05
0.05
0.05
0.05
0.05
0.05
0.05
0.05
0.05
0.05
0.05
0.05
0.05
0.05
0.05
0.05
0.05
0.05
0.05
0.05
0.05
0.05
0.05
0.05
0.05
0.05
0.05
0.05
0.05
0.05
0.05
0.05
0.05
0.05
0.05
0.05
0.05
0.05
0.05
0.05
0.05
0.05
0.05
0.05
0.05
0.05
0.05
0.05
0.05
0.05
0.05
0.05
0.05
0.05
0.05
0.05
0.05
0.05
0.05
0.05
0.05
0.05
0.05
0.05
0.05
0.05
0.05
0.05
0.05
0.05
0.05
0.05
0.05
0.05
0.05
0.05
0.05
0.05
0.05
0.05
0.05
0.05
0.05
0.05
0.05
0.05
0.05
0.05
0.05
0.05
0.05
0.05
0.05
0.05
0.05
0.05
0.05
0.05
0.05
0.05
0.05
0.05
0.05
0.05
0.05
0.05
0.05
0.05
0.05
0.05
0.05
0.05
0.05
0.05
0.05
0.05
0.05
0.05
0.05
0.05
0.05
0.05
0.05
0.05
0.05
0.05
0.05
0.05
0.05
0.05
0.05
0.05
0.05
0.05
0.05
0.05
0.05
0.05
0.05
0.05
0.05
0.05
0.05
0.05
0.05
0.05
0.05
0.05
0.05
0.05
0.05
0.05
0.05
0.05
0.05
0.05
0.05
0.05
0.05
0.05
0.05
0.05
0.05
0.05
0.05
0.05
0.05
0.05
0.05
0.05
0.05
0.05
0.05
0.05
0.05
0.05
0.05
0.05
0.05
0.05
0.05
0.05
0.05
0.05
0.05
0.05
0.05
0.05
0.05
0.05
0.05
0.05
0.05
0.05
0.05
0.05
0.05
0.05
0.05
0.05
0.05
0.05
0.05
0.05
0.05
0.05
0.05
0.05
0.05
0.05
0.05
0.05
0.05
0.05
0.05
0.05
0.05
0.05
0.05
0.05
0.05
0.05
0.05
0.05
0.05
0.05
0.05
0.05
0.05
0.05
0.05
0.05
0.05
0.05
0.05
0.05
0.05
0.05
0.05
0.05
0.05
0.05
0.05
0.05
0.05
0.05
0.05
0.05
0.05
0.05
0.05
0.05
0.05
0.05
0.05
0.05
0.05
0.05
0.05
0.05
0.05
0.05
0.05
0.05
0.05
0.05
0.05
0.05
0.05
0.05
0.05
0.05
0.05
0.05
0.05
0.05
0.05
0.05
0.05
0.05
0.05
0.05
0.05
0.05
0.05
0.05
0.05
0.05
0.05
0.05
0.05
0.05
0.05
0.05
0.05
0.05
0.05
0.05
0.05
0.05
0.05
0.05
0.05
0.05
0.05
0.05
0.05
0.05
0.05
0.05
0.05
0.05
0.05
0.05
0.05
0.05
0.05
0.05
0.05
0.05
0.05
0.05
0.05
0.05
0.05
0.05
0.05
0.05
0.05
0.05
0.05
0.05
0.05
0.05
0.05
0.05
0.05
0.05
0.05
0.05
0.05
0.05
0.05
0.05
0.05
0.05
0.05
0.05
0.05
0.05
0.05
0.05
0.05
0.05
0.05
0.05
0.05
0.05
0.05
0.05
0.05
0.05
0.05
0.05
0.05
0.05
0.05
0.05
0.05
0.05
0.05
0.05
0.05
0.05
0.05
0.05
0.05
0.05
0.05
0.05
0.05
0.05
0.05
0.05
0.05
0.05
0.05
0.05
0.05
0.05
0.05
0.05
0.05
0.05
0.05
0.05
0.05
0.05
0.05
0.05
0.05
0.05
0.05
0.05
0.05
0.05
0.05
0.05
0.05
0.05
0.05
0.05
0.05
0.05
0.05
0.05
0.05
0.05
0.05
0.05
0.05
0.05
0.05
0.05
0.05
0.05
0.05
0.05
0.05
0.05
0.05
0.05
0.05
0.05
0.05
0.05
0.05
0.05
0.05
0.05
0.05
0.05
0.05
0.05
0.05
0.05
0.05
0.05
0.05
0.05
0.05
0.05
0.05
0.05
0.05
0.05
0.05
0.05
0.05
0.05
0.05
0.05
0.05
0.05
0.05
0.05
0.05
0.05
0.05
0.05
0.05
0.05
0.05
0.05
0.05
0.05
0.05
0.05
0.05
0.05
0.05
0.05
0.05
0.05
0.05
0.05
0.05
0.05
0.05
0.05
0.05
0.05
0.05
0.05
0.05
0.05
0.05
0.05
0.05
0.05
0.05
0.05
0.05
0.05
0.05
0.05
0.05
0.05
0.05
0.05
0.05
0.05
0.05
0.05
0.05
0.05
0.05
0.05
0.05
0.05
0.05
0.05
0.05
0.05
0.05
0.05
0.05
0.05
0.05
0.05
0.05
0.05
0.05
0.05
0.05
0.05
0.05
0.05
0.05
0.05
0.05
0.05
0.05
0.05
0.05
0.05
0.05
0.05
0.05
0.05
0.05
0.05
0.05
0.05
0.05
0.05
0.05
0.05
0.05
0.05
0.05
0.05
0.05
0.05
0.05
0.05
0.05
0.05
0.05
0.05
0.05
0.05
0.05
0.05
0.05
0.05
0.05
0.05
0.05
0.05
0.05
0.05
0.05
0.05
0.05
0.05
0.05
0.05
0.05
0.05
0.05
0.05
0.05
0.05
0.05
0.05
0.05
0.05
0.05
0.05
0.05
0.05
0.05
0.05
0.05
0.05
0.05
0.05
0.05
0.05
0.05
0.05
0.05
0.05
0.05
0.05
0.05
0.05
0.05
0.05
0.05
0.05
0.05
0.05
0.05
0.05
0.05
0.05
0.05
0.05
0.05
0.05
0.05
0.05
0.05
0.05
0.05
0.05
0.05
0.05
0.05
0.05
0.05
0.05
0.05
0.05
0.05
0.05
0.05
0.05
0.05
0.05
0.05
0.05
0.05
0.05
0.05
0.05
0.05
0.05
0.05
0.05
0.05
0.05
0.05
0.05
0.05
0.05
0.05
0.05
0.05
0.05
0.05
0.05
0.05
0.05
0.05
0.05
0.05
0.05
0.05
0.05
0.05
0.05
0.05
0.05
0.05
0.05
0.05
0.05
0.05
0.05
0.05
0.05
0.05
0.05
0.05
0.05
0.05
0.05
0.05
0.05
0.05
0.05
0.05
0.05
0.05
0.05
0.05
0.05
0.05
0.05
0.05
0.05
0.05
0.05
0.05
0.05
0.05
0.05
0.05
0.05
0.05
0.05
0.05
0.05
0.05
0.05
0.05
0.05
0.05
0.05
0.05
0.05
0.05
0.05
0.05
0.05
0.05
0.05
0.05
0.05
0.05
0.05
0.05
0.05
0.05
0.05
0.05
0.05
0.05
0.05
0.05
0.05
0.05
0.05
0.05
0.05
0.05
0.05
0.05
0.05
0.05
0.05
0.05
0.05
0.05
0.05
0.05
0.05
0.05
0.05
0.05
0.05
0.05
0.05
0.05
0.05
0.05
0.05
0.05
0.05
0.05
0.05
0.05
0.05
0.05
0.05
0.05
0.05
0.05
0.05
0.05
0.05
0.05
0.05
0.05
0.05
0.05
0.05
0.05
0.05
0.05
0.05
0.05
0.05
0.05
0.05
0.05
0.05
0.05
0.05
0.05
0.05
0.05
0.05
0.05
0.05
0.05
0.05
0.05
0.05
0.05
0.05
0.05
0.05
0.05
0.05
0.05
0.05
0.05
0.05
0.05
0.05
0.05
0.05
0.05
0.05
0.05
0.05
0.05
0.05
0.05
0.05
0.05
0.05
0.05
0.05
0.05
0.05
0.05
0.05
0.05
0.05
0.05
0.05
0.05
0.05
0.05
0.05
0.05
0.05
0.05
0.05
0.05
0.05
0.05
0.05
0.05
0.05
0.05
0.05
0.05
0.05
0.05
0.05
0.05
0.05
0.05
0.05
0.05
0.05
0.05
0.05
0.05
0.05
0.05
0.05
0.05
0.05
0.05
0.05
0.05
0.05
0.05
0.05
0.05
0.05
0.05
0.05
0.05
0.05
0.05
0.05
0.05
0.05
0.05
0.05
0.05
0.05
0.05
0.05
0.05
0.05
0.05
0.05
0.05
0.05
0.05
0.05
0.05
0.05
0.05
0.05
0.05
0.05
0.05
0.05
0.05
0.05
0.05
0.05
0.05
0.05
0.05
0.05
0.05
0.05
0.05
0.05
0.05
0.05
0.05
0.05
0.05
0.05
0.05
0.05
0.05
0.05
0.05
0.05
0.05
0.05
0.05
0.05
0.05
0.05
0.05
0.05
0.05
0.05
0.05
0.05
0.05
0.05
0.05
0.05
0.05
0.05
0.05
0.05
0.05
0.05
0.05
0.05
0.05
0.05
0.05
0.05
0.05
0.05
0.05
0.05
0.05
0.05
0.05
0.05
0.05
0.05
0.05
0.05
0.05
0.05
0.05
0.05
0.05
0.05
0.05
0.05
0.05
0.05
0.05
0.05
0.05
0.05
0.05
0.05
0.05
0.05
0.05
0.05
0.05
0.05
0.05
0.05
0.05
0.05
0.05
0.05
0.05
0.05
0.05
0.05
0.05
0.05
0.05
0.05
0.05
0.05
0.05
0.05
0.05
0.05
0.05
0.05
0.05
0.05
0.05
0.05
0.05
0.05
0.05
0.05
0.05
0.05
0.05
0.05
0.05
0.05
0.05
0.05
0.05
0.05
0.05
0.05
0.05
0.05
0.05
0.05
0.05
0.05
0.05
0.05
0.05
0.05
0.05
0.05
0.05
0.05
0.05
0.05
0.05
0.05
0.05
0.05
0.05
0.05
0.05
0.05
0.05
0.05
0.05
0.05
0.05
0.05
0.05
0.05
0.05
0.05
0.05
0.05
0.05
0.05
0.05
0.05
0.05
0.05
0.05
0.05
0.05
0.05
0.05
0.05
0.05
0.05
0.05
0.05
0.05
0.05
0.05
0.05
0.05
0.05
0.05
0.05
0.05
0.05
0.05
0.05
0.05
0.05
0.05
0.05
0.05
0.05
0.05
0.05
0.05
0.05
0.05
0.05
0.05
0.05
0.05
0.05
0.05
0.05
0.05
0.05
0.05
0.05
0.05
0.05
0.05
0.05
0.05
0.05
0.05
0.05
0.05
0.05
0.05
0.05
0.05
0.05
0.05
0.05
0.05
0.05
0.05
0.05
0.05
0.05
0.05
0.05
0.05
0.05
0.05
0.05
0.05
0.05
0.05
0.05
0.05
0.05
0.05
0.05
0.05
0.05
0.05
0.05
0.05
0.05
0.05
0.05
0.05
0.05
0.05
0.05
0.05
0.05
0.05
0.05
0.05
0.05
0.05
0.05
0.05
0.05
0.05
0.05
0.05
0.05
0.05
0.05
0.05
0.05
0.05
0.05
0.05
0.05
0.05
0.05
0.05
0.05
0.05
0.05
0.05
0.05
0.05
0.05
0.05
0.05
0.05
0.05
0.05
0.05
0.05
0.05
0.05
0.05
0.05
0.05
0.05
0.05
0.05
0.05
0.05
0.05
0.05
0.05
0.05
0.05
0.05
0.05
0.05
0.05
0.05
0.05
0.05
0.05
0.05
0.05
0.05
0.05
0.05
0.05
0.05
0.05
0.05
0.05
0.05
0.05
0.05
0.05
0.05
0.05
0.05
0.05
0.05
0.05
0.05
0.05
0.05
0.05
0.05
0.05
0.05
0.05
0.05
0.05
0.05
0.05
0.05
0.05
0.05
0.05
0.05
0.05
0.05
0.05
0.05
0.05
0.05
0.05
0.05
0.05
0.05
0.05
0.05
0.05
0.05
0.05
0.05
0.05
0.05
0.05
0.05
0.05
0.05
0.05
0.05
0.05
0.05
0.05
0.05
0.05
0.05
0.05
0.05
0.05
0.05
0.05
0.05
0.05
0.05
0.05
0.05
0.05
0.05
0.05
0.05
0.05
0.05
0.05
0.05
0.05
0.05
0.05
0.05
777777