2.2679
999999
0.0413306
-0.192936
-0.0864351
-0.0789266
-0.191876
-0.0767963
0.0932444
-0.151699
-0.149753
0.107863
0.0156388
-0.179759
-0.138996
0.175029
-0.0851253
0.000596762
-0.0589092
0.0567297
-0.0880597
0.0781278
0.0415659
0.1187
0.119341
-0.118738
0.11194
0.09642
0.123503
-0.029173
-0.0842207
-0.142682
-0.161427
0.039204
0.0502025
0.0588843
-0.182371
-0.160764
0.000778177
0.167814
0.176444
0.00313081
-0.0947
0.0302367
-0.109183
0.0799318
-0.105208
-0.123677
-0.0950798
-0.0410252
-0.0770806
-0.0716877
0.181276
-0.00570331
0.0697773
-0.126887
-0.096324
-0.0947556
0.119449
0.115049
0.130374
-0.0852455
0.107794
0.0231555
0.0126327
0.0272602
0.178041
0.062728
-0.062165
-0.0918088
0.0344356
0.13776
-0.16291
0.112314
0.172986
-0.133003
0.129549
0.0785564
0.132094
-0.00588436
0.15708
0.11705
-0.0378376
0.155297
0.180563
-0.0713606
-0.0299078
-0.174982
0.0968508
0.0588142
0.0669476
-0.0437792
-0.186381
0.104886
-0.0353811
0.179403
0.177322
-0.155026
-0.0183099
0.0274984
-0.0304571
0.187454
-0.0821678
-0.0338478
0.0548911
-0.0200447
-0.182368
0.0209891
-0.0878358
-0.0838889
0.15269
-0.00565693
0.199335
0.120312
0.0747693
-0.0289145
0.0487985
-0.0271627
-0.143884
0.150762
0.167289
-0.0986603
-0.110461
0.163465
0.0831649
0.0396094
-0.097392
-0.120826
0.00821688
0.103822
-0.175998
-0.126943
0.0701577
-0.186977
-0.1425
0.173071
-0.117212
0.0103911
-0.0887148
0.0180188
-0.132979
0.0865389
0.169769
0.137898
-0.0642411
-0.0236631
-0.055001
-0.153449
-0.115613
-0.0225941
0.0827215
0.0982101
0.0106156
-0.069448
0.0443685
0.103635
0.0405674
-0.0237488
0.146573
-0.0798093
0.177881
-0.0258312
0.13393
0.153796
0.186129
-0.0481827
-0.119284
-0.0912751
0.0881492
0.193991
-0.0918047
-0.0507372
0.0732256
0.0257619
-0.00792445
-0.0778604
0.0211716
-0.165695
-0.117995
-0.126002
0.118053
0.00111456
0.021021
0.161253
-0.121954
-0.0563758
-0.141035
-0.128329
0.0981793
-0.114033
-0.162459
-0.0296469
-0.0964941
-0.146189
0.171724
-0.139847
-0.0347674
0.0291244
0.164804
0.0763095
0.0188079
-0.0605474
0.0190324
-0.033691
-0.0962766
-0.114838
0.0575659
-0.19998
-0.044911
0.000628172
-0.181368
0.165923
-0.055656
-0.0792351
-0.0619935
0.0332883
0.0487782
0.0825987
0.0808102
-0.0897733
0.107946
0.0945212
-0.144399
0.157748
0.0014513
0.133063
-0.156712
-0.147929
0.108889
-0.149819
0.00188266
-0.0987574
-0.00776262
-0.0635306
-0.145758
0.0351184
0.167059
0.191775
-0.0523142
-0.0278276
0.0519232
-0.0854834
0.189482
0.0019933
0.195149
0.18929
0.0286946
0.116832
-0.102256
-0.0420721
0.0103037
0.0492724
0.157817
0.162196
0.0715174
0.124026
0.165863
0.132411
-0.015485
-0.0452961
0.0338037
0.0552751
0.1261
-0.133265
-0.0274787
0.103331
-0.141175
0.00279719
0.117434
-0.199683
0.0472487
0.160429
-0.185473
0.128775
-0.171289
0.0686164
-0.0898806
-0.196184
-0.155753
0.18301
0.185717
-0.102027
0.175554
-0.0842133
0.121831
0.0296709
0.139004
0.119309
-0.0517668
-0.00571816
-0.179647
-0.161568
0.115492
-0.108499
0.197617
0.180946
-0.131834
0.00214425
-0.175048
-0.0646411
-0.185851
-0.150865
-0.0264619
0.0530357
-0.126913
-0.0594408
0.156559
-0.173156
-0.0295001
0.039691
-0.144771
-0.0910322
0.0544673
0.0839765
0.172308
0.047856
0.059896
-0.0174275
0.122824
0.111396
0.121989
0.155519
-0.105751
-0.198743
0.0126994
-0.0545598
-0.146359
0.0129734
0.0888247
0.11106
0.198664
0.0674441
-0.074103
-0.0841078
-0.0569992
0.0360196
0.124436
0.0659106
0.130993
-0.14014
-0.19505
0.105243
0.160606
-0.0391769
-0.106789
0.191355
0.0467129
-0.176197
0.098394
-0.134436
-0.0629744
-0.0742804
-0.0567983
-0.105929
0.0766279
0.163146
-0.0914144
0.0400423
-0.0274868
-0.120292
0.144046
-0.0673106
0.169036
-0.0518701
0.00637088
0.0938752
0.0448587
-0.096291
0.170945
0.00689436
0.0474232
0.154528
-0.124944
-0.191759
0.0119402
0.123015
0.19743
0.14513
0.0944252
0.0787412
-0.175929
0.120465
0.0692763
0.0706603
-0.121602
-0.0248782
0.175928
-0.133269
0.0616804
-0.143082
-0.138602
0.044469
0.0633072
0.159156
0.167487
0.0959037
-0.0913333
0.0338747
0.18982
-0.112216
-0.0109753
-0.174823
-0.0361832
0.167116
-0.147877
0.100887
0.0120623
-0.0850257
-0.114246
-0.000462136
0.0492045
0.028026
0.000878739
0.041887
0.195834
0.0313963
-0.173286
-0.0338259
-0.0919711
0.162087
0.173835
-0.0527401
0.136436
-0.194807
0.145961
0.0841501
-0.148062
-0.165486
0.124848
0.186778
0.0795739
0.125083
-0.0590237
-0.188239
-0.156565
-0.0401131
-0.0477304
0.0105173
0.197881
0.0545793
0.157237
0.0529704
-0.0720495
0.117277
-0.0683758
0.0566085
0.146659
-0.0266225
-0.0934814
0.182753
-0.0491932
0.179349
-0.0592181
-0.0097826
-0.00541732
0.168563
0.0348752
0.0776652
-0.125296
-0.0165292
-0.146426
0.188662
-0.0111304
0.177824
-0.177744
0.102144
0.17537
0.0894362
0.0983689
-0.0382895
0.179915
0.0239003
0.0927929
0.165308
0.190923
0.0557201
0.173126
-0.0750759
-0.183168
0.108025
0.0696871
0.138707
0.156508
0.0391709
0.135802
-0.172626
0.140937
0.0474919
0.0426092
-0.0486799
-0.0219305
0.142618
-0.0614136
0.15041
0.163497
0.0766765
0.164541
0.0685173
-0.114288
-0.0579962
0.153084
-0.190635
-0.125151
0.19738
-0.0708695
-0.14933
0.0863658
0.0119295
0.0617676
-0.166978
0.167898
-0.19534
-0.171497
0.000125292
-0.0279317
-0.191703
0.131756
-0.058248
-0.199352
0.0955988
-0.182
-0.0124068
0.0321527
-0.173829
-0.137255
0.0772824
0.167008
0.0871662
0.0580284
0.126952
0.0721632
0.0796784
0.0627567
0.0596164
0.125125
-0.194879
-0.0552556
0.024804
0.101429
0.0388022
-0.13343
-0.0793528
0.0237357
0.179136
-0.0696389
0.0771074
-0.0326852
0.0896792
0.0219296
-0.114918
-0.00687617
-0.0572727
0.135518
0.0498025
0.0812203
0.124438
-0.100239
0.0608833
0.14444
0.132146
-0.177858
-0.0786669
0.0903067
0.152427
0.0159952
-0.139547
0.0924131
0.152812
0.00120781
-0.105773
0.19785
-0.074292
-0.0925493
-0.175543
0.173084
0.0288748
0.0960422
0.197761
0.0719937
0.0902563
-0.114325
-0.0434121
-0.038242
0.0904089
0.0561475
0.0452081
0.194357
0.0830415
-0.148281
0.139611
0.139808
-0.192895
0.076551
0.143141
-0.13625
0.194331
0.169528
0.0110396
0.0476618
-0.0778436
-0.0718889
-0.00857386
0.00384288
-0.159829
-0.14288
-0.0971684
-0.0294693
0.0141783
0.153942
0.0734692
-0.179921
0.0193055
0.160029
0.116117
-0.138715
0.0725397
-0.0576632
0.0379478
0.0453568
0.0271489
0.0935809
-0.0612244
0.0365613
0.00987143
0.100567
0.0773558
-0.0617036
-0.024209
-0.0831625
-0.0636326
0.120853
-0.0917371
-0.193592
-0.0747691
-0.12777
-0.197827
0.0180993
-0.106029
-0.18219
0.0729518
-0.162466
0.0997752
-0.0679093
-0.198726
-0.0159165
0.174721
-0.0686259
-0.137703
0.107939
-0.190521
0.0156004
0.092053
-0.133807
-0.0386843
-0.00337096
0.0282413
-0.196826
0.0410289
-0.193652
-0.192543
0.137198
0.00283291
0.184863
-0.00786666
0.0721622
-0.106234
0.189979
-0.155858
-0.0396589
-0.013493
-0.0562707
-0.0550579
0.0993926
-0.0884307
-0.150622
0.00505816
0.0393734
0.174268
-0.00556875
0.00220983
0.0830341
0.126088
0.141612
-0.107786
-0.130569
0.157329
0.103754
0.0109562
0.00180888
-0.164811
-0.0319635
0.171658
-0.0372318
-0.158537
0.162008
-0.0962416
0.129832
0.0767264
0.115422
-0.0459258
0.176585
-0.138978
-0.0976655
0.198235
0.179335
-0.0873627
-0.0305814
0.0412361
-0.0885254
0.034552
0.191386
0.166286
0.133941
0.0131799
0.0960012
0.198084
-0.0780354
-0.0429389
-0.197957
-0.0355205
0.0545719
0.0781651
-0.119599
-0.167175
-0.0471359
-0.18252
-0.157688
-0.199747
-0.0500112
-0.171152
-0.135978
0.145108
-0.0756091
-0.0133595
-0.0679846
0.061668
-0.122368
0.0447626
-0.0376479
0.180241
0.131838
-0.0122642
0.101273
0.109042
-0.0264496
0.0860841
0.173973
-0.112372
-0.174835
-0.179806
0.110165
0.0965779
0.140327
-0.0076072
0.101941
-0.04961
-0.104209
-0.0892033
-0.178784
-0.152221
-0.0241386
0.181937
-0.0854455
0.0252456
-0.00498663
-0.0522706
-0.120827
-0.135552
-0.0215711
-0.118704
0.125063
-0.0538318
-0.0712449
0.125353
-0.198189
0.115264
-0.116825
-0.125655
-0.138261
0.0161015
-0.090641
0.0448189
-0.0428119
-0.141055
-0.193544
0.14896
0.105359
0.108994
0.126266
-0.171983
0.176847
0.0633037
0.184071
-0.114145
-0.177017
-0.095378
0.188098
0.0284327
-0.0404945
0.141514
0.19831
-0.0702263
-0.112205
-0.16656
-0.139553
0.0437344
-0.0405776
0.0615831
0.149679
-0.0938321
0.080795
-0.0178701
-0.035811
-0.162079
-0.045208
-0.131571
-0.0356941
-0.00813835
0.17353
-0.0607725
-0.0493941
-0.0130552
-0.0808558
-0.141992
0.151349
-0.195756
0.0747491
-0.156775
0.0130741
-0.0712459
-0.0491283
-0.142971
0.0210506
0.171366
-0.0193395
-0.0938727
-0.101675
-0.184824
0.0376476
-0.136397
-0.0738569
0.119507
-0.189258
-0.179943
-0.139812
-0.00476987
-0.0601311
0.126537
0.183848
0.0772047
-0.0818992
-0.01376
0.0670491
0.19126
0.0769673
-0.144661
-0.0669531
-0.00830597
-0.145637
0.118314
0.0550443
-0.176568
-0.161493
0.0407113
0.0618881
0.17894
0.162165
-0.100619
0.119796
0.191115
-0.0980775
-0.148043
0.00623462
0.148672
-0.0374885
-0.0586055
0.0741554
0.0222986
-0.175355
-0.192242
-0.121119
-0.168405
0.0334759
-0.0488182
-0.184416
0.0215527
0.163089
-0.020347
-0.0912296
0.00462714
0.0968522
-0.108132
-0.0813756
0.0239392
0.133683
-0.179075
-0.137977
-0.024
0.104781
-0.167507
-0.184451
-0.052542
0.143281
-0.013674
-0.0888542
0.153329
0.157114
-0.144722
0.0120208
0.194425
0.161638
0.10116
-0.121671
0.148365
-0.100204
0.0407889
-0.0695373
0.131523
0.16641
0.0750769
0.0341686
0.0115924
-0.0602517
0.0398814
0.111876
-0.181951
0.0382506
0.185932
0.166973
-0.099319
-0.0531986
0.174234
-0.165378
0.00215789
-0.0304491
-0.00236627
-0.0316669
-0.116845
0.195124
-0.154301
-0.087163
-0.01217
-0.1824
0.192805
-0.061878
0.0185622
-0.00266281
-0.0510405
0.0712142
-0.082447
0.11042
0.00574348
0.107209
0.00617376
0.180434
-0.00686004
-0.157192
-0.0254758
-0.0923532
-0.0273571
-0.0559233
0.150328
0.168263
0.154169
0.110111
-0.1452
0.164015
-0.0800141
-0.146481
-0.117237
-0.0834427
0.0451198
0.0551155
0.159005
0.155343
-0.195577
0.00885644
0.17865
-0.122006
-0.192992
0.0325436
0.132432
0.0681
-0.0757188
0.0894161
-0.19572
-0.0537168
-0.137123
-0.172958
-0.0348608
-0.102194
0.193272
-0.16465
0.0507843
0.00794253
-0.140376
0.172584
0.04939
-0.0885613
-0.115492
-0.00954067
0.00467133
0.126021
0.0379742
-0.0610089
0.106821
0.053938
-0.108674
-0.139598
0.0392107
-0.186599
0.0908538
-0.148904
0.0672286
0.0293897
0.19572
0.0587014
-0.143811
0.0971682
0.12662
-0.184513
0.0317711
-0.0185437
0.0321189
0.0361124
0.0346447
-0.193589
-0.0369889
0.138012
-0.01853
-0.185634
0.166478
-0.159564
0.153788
0.0179639
0.0705325
0.186265
0.00575981
-0.0343429
-0.0500512
0.146218
0.120148
0.0184694
0.150048
0.11146
0.00816502
-0.0102128
-0.0305112
-0.164155
0.0293671
0.0487737
0.131935
0.0128297
0.122308
0.118635
-0.0132057
0.00159026
-0.0231579
-0.107034
-0.184522
0.0358429
0.131282
-0.106189
-0.0830466
-0.0967643
-0.182845
0.0483622
-0.0855019
-0.153827
-0.121705
0.000752069
-0.197006
-0.161859
-0.119301
-0.157489
-0.165769
-0.0903024
0.0587867
-0.0758483
-0.150953
-0.151585
0.0678624
-0.147945
0.0851453
0.0188939
0.065476
-0.169606
-0.110333
0.125645
0.18821
0.188994
0.0485472
-0.0416289
-0.0685733
0.199789
-0.0504114
-0.0913073
-0.0999825
-0.0984712
-0.0805528
0.10756
0.0103373
0.145663
0.085525
0.0451175
-0.0490124
0.00363795
-0.058355
0.120135
0.125445
0.0355693
-0.16501
-0.14314
0.0565027
0.0536151
-0.080421
-0.00689311
0.115824
0.0103728
0.00317724
0.181984
-0.17885
-0.145979
0.0362033
0.193913
0.047485
-0.0683944
0.00224343
-0.0429981
0.128312
-0.128508
-0.0225149
0.13738
-0.0174638
0.0891915
0.0840852
-0.109111
0.150648
-0.169219
-0.0117862
0.0367773
0.0762525
0.118592
0.0933682
-0.00993977
-0.155631
-0.148362
0.103936
0.194801
-0.150963
-0.121235
0.0729862
-0.0307897
-0.17445
-0.18441
-0.0965597
-0.0864732
0.188857
-0.165303
0.162383
-0.0464123
-0.089716
-0.17125
-0.139262
0.106584
0.11917
0.0850603
-0.00547848
0.0906615
-0.084382
0.148976
-0.150924
0.0507865
-0.106899
-0.00280249
-0.0646453
-0.0826944
0.109499
0.138247
-0.0214568
-0.0797429
0.0391175
-0.166373
-0.0935783
-0.00712391
0.00406834
-0.0844868
-0.196611
-0.0232407
0.199028
-0.00135003
0.15854
0.155348
0.180216
-0.0841261
-0.0632423
0.158961
-0.044727
-0.189109
0.100716
0.0207977
-0.107718
-0.11266
-0.151494
0.116922
-0.146954
-0.111225
-0.0824274
-0.0646468
-0.000384724
0.125031
-0.032984
-0.133915
0.0892008
0.186783
0.0565669
0.181132
0.0512981
0.0257686
-0.136811
-0.0826783
-0.00367685
0.0336113
-0.0604326
0.0449271
-0.0837652
-0.0525166
0.0782198
0.173918
-0.111038
0.021515
-0.15799
-0.0101684
-0.120612
-0.0730088
-0.156586
-0.0144328
-0.113743
0.125475
-0.0883349
0.0069896
-0.182484
-0.0189827
-0.103967
-0.178898
0.0828864
0.0584237
-0.0525201
0.0136128
0.0883982
-0.0418877
-0.0312458
-0.0477614
0.0895161
-0.0791253
0.0616
0.0604035
-0.0908384
-0.13972
-0.144363
-0.091832
-0.0478162
0.13498
0.083
0.0156567
0.112749
-0.100405
-0.152882
-0.183035
-0.0704851
-0.0060388
0.0468892
0.148478
-0.0202813
-0.120009
0.0683376
-0.0856665
-0.00955306
0.0394935
0.139762
-0.0170409
-0.0579661
0.178716
-0.194651
0.0378157
0.0431766
-0.107895
-0.101976
-0.0341362
-0.177748
-0.0297248
0.185743
-0.19125
0.0283801
0.175892
0.0787148
-0.138907
-0.0922024
0.0291213
0.0573246
0.132173
0.127482
-0.17181
0.0954205
-0.110062
-0.0466178
-0.161579
0.0341005
0.194493
0.0199868
-0.115838
0.177411
-0.0799807
0.125613
0.176195
-0.123516
-0.16042
-0.140674
-0.0481848
0.102473
-0.00767601
0.168677
-0.00811333
0.0233576
0.163369
-0.166607
-0.0246425
0.0411261
0.0174496
-0.151947
-0.0276726
0.182153
-0.0354254
-0.149927
0.073939
-0.119742
-0.103997
0.168194
-0.0234688
-0.0299608
-0.0955798
-0.0615202
-0.178013
0.113181
-0.19933
-0.0358768
-0.13498
-0.10586
-0.106036
-0.153693
-0.112603
-0.149354
0.18163
0.0510386
0.17435
0.0660356
-0.169477
-0.0662822
0.0723658
-0.00441481
-0.0645501
-0.00483927
-0.165974
-0.0496717
0.0191803
-0.163895
0.10318
0.194196
0.0568264
-0.12797
0.12759
0.130794
-0.174827
-0.175004
0.196145
0.169581
-0.0240172
0.0258045
0.151347
0.0685291
0.178095
-0.0844125
-0.198664
0.158434
0.0624846
-0.105594
-0.018744
0.00993877
0.00931484
0.120969
-0.0136625
-0.17643
-0.0844429
0.0709813
0.13523
0.112909
0.0101706
-0.0262562
-0.17194
-0.103614
-0.139113
-0.0166059
-0.0865934
0.100642
-0.19111
-0.169584
-0.160452
-0.085383
-0.0253259
-0.0214137
0.0239237
0.100993
-0.0461381
0.0950574
-0.0686338
0.115443
-0.130869
-0.0396809
-0.152832
0.120737
0.18741
0.101369
-0.0731839
-0.191989
-0.0388995
-0.193908
-0.0265285
0.17318
0.0116326
0.0232471
0.0308614
-0.0293584
0.0850999
-0.0941908
-0.169792
-0.00224613
0.179205
0.0548135
0.0797139
-0.0415529
0.0754991
-0.0122757
0.130845
0.0365145
-0.159666
-0.098908
0.143561
-0.139076
-0.0744475
0.197922
0.170274
-0.167602
0.00381827
0.153219
0.0529065
0.0906851
0.0431021
-0.0491704
0.091816
-0.0643162
0.184433
0.0764426
0.16377
0.168864
-0.19734
0.137384
-0.0385474
-0.095292
0.195128
-0.0224927
-0.135999
0.0572383
0.115087
0.166187
-0.158653
0.100945
0.138907
-0.14055
-0.0689431
0.150824
0.148401
-0.130041
-0.198938
0.103851
-0.0856473
-0.0822179
0.0387157
0.106337
-0.0969256
0.0926246
0.0926958
-0.166688
0.0869692
0.116766
-0.0997259
0.124319
0.0723742
-0.0203024
-0.014725
-0.104113
0.0227645
-0.0489179
0.111926
-0.138031
0.0315665
0.177484
-0.119955
0.177496
-0.170547
-0.112959
-0.0810208
0.0507904
0.0310385
-0.0301825
0.196744
-0.0723333
-0.168163
0.17637
-0.069854
0.030863
-0.0106989
-0.150953
-0.117169
0.17805
-0.137712
-0.00139403
-0.0987513
0.163291
-0.16139
0.126754
0.129641
-0.125696
0.0934401
-0.10936
0.133385
0.0106652
0.120208
-0.00295436
0.0704232
0.0780854
-0.19335
-0.0321794
0.0912108
0.129961
-0.00618231
0.126073
0.00151136
0.0479986
-0.169044
0.178285
-0.0257764
-0.00784839
0.0825635
0.154669
-0.0137269
0.0228564
-0.13935
-0.174142
0.00201525
0.0085646
-0.0717421
0.180781
-0.133925
-0.0299375
-0.15098
-0.0536854
0.033963
-0.184908
0.0328013
-0.141875
0.148483
0.00171999
0.191453
-0.159378
0.116557
-0.110688
0.0992385
-0.170598
-0.133912
0.123496
-0.0899017
0.0510689
0.02559
0.00195664
0.0423042
-0.0808408
0.0454637
-0.125351
0.096428
-0.196498
0.0142959
0.116328
0.0572423
0.107835
-0.0262881
-0.00491633
0.0356999
-0.0945511
-0.122496
-0.0668467
0.0372476
-0.0704117
0.173901
0.0365404
-0.149983
-0.174172
0.0171738
-0.17335
-0.144638
-0.0674046
-0.178819
-0.031153
-0.0411241
-0.160852
0.0816421
-0.0408769
0.10237
0.053599
-0.0482831
0.142819
-0.133724
0.111558
-0.0234332
0.0927912
0.15745
0.0296193
0.183743
-0.197935
-0.0664565
0.0170514
-0.0559712
0.164818
0.106174
-0.0327799
-0.0319756
0.155347
-0.0230838
0.143019
-0.0656468
0.199217
0.0945433
-0.154713
0.146132
-0.0489292
0.19888
0.0373787
-0.00779199
0.175099
-0.110992
-0.0566719
-0.175934
-0.0625895
0.156569
0.123918
0.128263
-0.131797
-0.168655
0.0126457
-0.104801
0.00960192
-0.0229347
-0.111973
-0.0802687
-0.0333246
-0.177681
0.0797827
-0.000770122
-0.142237
-0.112021
-0.167357
-0.103361
-0.0103584
0.141997
-0.103831
-0.0574024
0.0685561
0.163717
-0.0948357
-0.111942
0.187417
-0.151532
0.0936897
0.162963
0.169497
-0.000631874
0.125803
-0.0736585
-0.11717
0.148369
-0.115396
-0.0717873
0.0156886
888888
0.0583121
0.121755
-0.193939
0.0326126
0.172759
-0.0382015
0.0433223
-0.0733093
0.0776758
-0.178165
0.108566
-0.09243
0.188506
0.113509
-0.0138885
0.169893
-0.155485
0.00320915
0.050045
0.0877599
0.0218298
0.0989428
0.0732227
-0.18459
-0.111109
0.00576241
-0.165078
-0.119708
-0.0549077
-0.00942998
0.115797
-0.147804
0.05
0.05
0.05
0.05
0.05
0.05
0.05
0.05
0.05
0.05
0.05
0.05
0.05
0.05
0.05
0.05
0.05
0.05
0.05
0.05
0.05
0.05
0.05
0.05
0.05
0.05
0.05
0.05
0.05
0.05
0.05
0.05
0.05
0.05
0.05
0.05
0.05
0.05
0.05
0.05
0.05
0.05
0.05
0.05
0.05
0.05
0.05
0.05
0.05
0.05
0.05
0.05
0.05
0.05
0.05
0.05
0.05
0.05
0.05
0.05
0.05
0.05
0.05
0.05
0.05
0.05
0.05
0.05
0.05
0.05
0.05
0.05
0.05
0.05
0.05
0.05
0.05
0.05
0.05
0.05
0.05
0.05
0.05
0.05
0.05
0.05
0.05
0.05
0.05
0.05
0.05
0.05
0.05
0.05
0.05
0.05
0.05
0.05
0.05
0.05
0.05
0.05
0.05
0.05
0.05
0.05
0.05
0.05
0.05
0.05
0.05
0.05
0.05
0.05
0.05
0.05
0.05
0.05
0.05
0.05
0.05
0.05
0.05
0.05
0.05
0.05
0.05
0.05
0.05
0.05
0.05
0.05
0.05
0.05
0.05
0.05
0.05
0.05
0.05
0.05
0.05
0.05
0.05
0.05
0.05
0.05
0.05
0.05
0.05
0.05
0.05
0.05
0.05
0.05
0.05
0.05
0.05
0.05
0.05
0.05
0.05
0.05
0.05
0.05
0.05
0.05
0.05
0.05
0.05
0.05
0.05
0.05
0.05
0.05
0.05
0.05
0.05
0.05
0.05
0.05
0.05
0.05
0.05
0.05
0.05
0.05
0.05
0.05
0.05
0.05
0.05
0.05
0.05
0.05
0.05
0.05
0.05
0.05
0.05
0.05
0.05
0.05
0.05
0.05
0.05
0.05
0.05
0.05
0.05
0.05
0.05
0.05
0.05
0.05
0.05
0.05
0.05
0.05
0.05
0.05
0.05
0.05
0.05
0.05
0.05
0.05
0.05
0.05
0.05
0.05
0.05
0.05
0.05
0.05
0.05
0.05
0.05
0.05
0.05
0.05
0.05
0.05
0.05
0.05
0.05
0.05
0.05
0.05
0.05
0.05
0.05
0.05
0.05
0.05
0.05
0.05
0.05
0.05
0.05
0.05
0.05
0.05
0.05
0.05
0.05
0.05
0.05
0.05
0.05
0.05
0.05
0.05
0.05
0.05
0.05
0.05
0.05
0.05
0.05
0.05
0.05
0.05
0.05
0.05
0.05
0.05
0.05
0.05
0.05
0.05
0.05
0.05
0.05
0.05
0.05
0.05
0.05
0.05
0.05
0.05
0.05
0.05
0.05
0.05
0.05
0.05
0.05
0.05
0.05
0.05
0.05
0.05
0.05
0.05
0.05
0.05
0.05
0.05
0.05
0.05
0.05
0.05
0.05
0.05
0.05
0.05
0.05
0.05
0.05
0.05
0.05
0.05
0.05
0.05
0.05
0.05
0.05
0.05
0.05
0.05
0.05
0.05
0.05
0.05
0.05
0.05
0.05
0.05
0.05
0.05
0.05
0.05
0.05
0.05
0.05
0.05
0.05
0.05
0.05
0.05
0.05
0.05
0.05
0.05
0.05
0.05
0.05
0.05
0.05
0.05
0.05
0.05
0.05
0.05
0.05
0.05
0.05
0.05
0.05
0.05
0.05
0.05
0.05
0.05
0.05
0.05
0.05
0.05
0.05
0.05
0.05
0.05
0.05
0.05
0.05
0.05
0.05
0.05
0.05
0.05
0.05
0.05
0.05
0.05
0.05
0.05
0.05
0.05
0.05
0.05
0.05
0.05
0.05
0.05
0.05
0.05
0.05
0.05
0.05
0.05
0.05
0.05
0.05
0.05
0.05
0.05
0.05
0.05
0.05
0.05
0.05
0.05
0.05
0.05
0.05
0.05
0.05
0.05
0.05
0.05
0.05
0.05
0.05
0.05
0.05
0.05
0.05
0.05
0.05
0.05
0.05
0.05
0.05
0.05
0.05
0.05
0.05
0.05
0.05
0.05
0.05
0.05
0.05
0.05
0.05
0.05
0.05
0.05
0.05
0.05
0.05
0.05
0.05
0.05
0.05
0.05
0.05
0.05
0.05
0.05
0.05
0.05
0.05
0.05
0.05
0.05
0.05
0.05
0.05
0.05
0.05
0.05
0.05
0.05
0.05
0.05
0.05
0.05
0.05
0.05
0.05
0.05
0.05
0.05
0.05
0.05
0.05
0.05
0.05
0.05
0.05
0.05
0.05
0.05
0.05
0.05
0.05
0.05
0.05
0.05
0.05
0.05
0.05
0.05
0.05
0.05
0.05
0.05
0.05
0.05
0.05
0.05
0.05
0.05
0.05
0.05
0.05
0.05
0.05
0.05
0.05
0.05
0.05
0.05
0.05
0.05
0.05
0.05
0.05
0.05
0.05
0.05
0.05
0.05
0.05
0.05
0.05
0.05
0.05
0.05
0.05
0.05
0.05
0.05
0.05
0.05
0.05
0.05
0.05
0.05
0.05
0.05
0.05
0.05
0.05
0.05
0.05
0.05
0.05
0.05
0.05
0.05
0.05
0.05
0.05
0.05
0.05
0.05
0.05
0.05
0.05
0.05
0.05
0.05
0.05
0.05
0.05
0.05
0.05
0.05
0.05
0.05
0.05
0.05
0.05
0.05
0.05
0.05
0.05
0.05
0.05
0.05
0.05
0.05
0.05
0.05
0.05
0.05
0.05
0.05
0.05
0.05
0.05
0.05
0.05
0.05
0.05
0.05
0.05
0.05
0.05
0.05
0.05
0.05
0.05
0.05
0.05
0.05
0.05
0.05
0.05
0.05
0.05
0.05
0.05
0.05
0.05
0.05
0.05
0.05
0.05
0.05
0.05
0.05
0.05
0.05
0.05
0.05
0.05
0.05
0.05
0.05
0.05
0.05
0.05
0.05
0.05
0.05
0.05
0.05
0.05
0.05
0.05
0.05
0.05
0.05
0.05
0.05
0.05
0.05
0.05
0.05
0.05
0.05
0.05
0.05
0.05
0.05
0.05
0.05
0.05
0.05
0.05
0.05
0.05
0.05
0.05
0.05
0.05
0.05
0.05
0.05
0.05
0.05
0.05
0.05
0.05
0.05
0.05
0.05
0.05
0.05
0.05
0.05
0.05
0.05
0.05
0.05
0.05
0.05
0.05
0.05
0.05
0.05
0.05
0.05
0.05
0.05
0.05
0.05
0.05
0.05
0.05
0.05
0.05
0.05
0.05
0.05
0.05
0.05
0.05
0.05
0.05
0.05
0.05
0.05
0.05
0.05
0.05
0.05
0.05
0.05
0.05
0.05
0.05
0.05
0.05
0.05
0.05
0.05
0.05
0.05
0.05
0.05
0.05
0.05
0.05
0.05
0.05
0.05
0.05
0.05
0.05
0.05
0.05
0.05
0.05
0.05
0.05
0.05
0.05
0.05
0.05
0.05
0.05
0.05
0.05
0.05
0.05
0.05
0.05
0.05
0.05
0.05
0.05
0.05
0.05
0.05
0.05
0.05
0.05
0.05
0.05
0.05
0.05
0.05
0.05
0.05
0.05
0.05
0.05
0.05
0.05
0.05
0.05
0.05
0.05
0.05
0.05
0.05
0.05
0.05
0.05
0.05
0.05
0.05
0.05
0.05
0.05
0.05
0.05
0.05
0.05
0.05
0.05
0.05
0.05
0.05
0.05
0.05
0.05
0.05
0.05
0.05
0.05
0.05
0.05
0.05
0.05
0.05
0.05
0.05
0.05
0.05
0.05
0.05
0.05
0.05
0.05
0.05
0.05
0.05
0.05
0.05
0.05
0.05
0.05
0.05
0.05
0.05
0.05
0.05
0.05
0.05
0.05
0.05
0.05
0.05
0.05
0.05
0.05
0.05
0.05
0.05
0.05
0.05
0.05
0.05
0.05
0.05
0.05
0.05
0.05
0.05
0.05
0.05
0.05
0.05
0.05
0.05
0.05
0.05
0.05
0.05
0.05
0.05
0.05
0.05
0.05
0.05
0.05
0.05
0.05
0.05
0.05
0.05
0.05
0.05
0.05
0.05
0.05
0.05
0.05
0.05
0.05
0.05
0.05
0.05
0.05
0.05
0.05
0.05
0.05
0.05
0.05
0.05
0.05
0.05
0.05
0.05
0.05
0.05
0.05
0.05
0.05
0.05
0.05
0.05
0.05
0.05
0.05
0.05
0.05
0.05
0.05
0.05
0.05
0.05
0.05
0.05
0.05
0.05
0.05
0.05
0.05
0.05
0.05
0.05
0.05
0.05
0.05
0.05
0.05
0.05
0.05
0.05
0.05
0.05
0.05
0.05
0.05
0.05
0.05
0.05
0.05
0.05
0.05
0.05
0.05
0.05
0.05
0.05
0.05
0.05
0.05
0.05
0.05
0.05
0.05
0.05
0.05
0.05
0.05
0.05
0.05
0.05
0.05
0.05
0.05
0.05
0.05
0.05
0.05
0.05
0.05
0.05
0.05
0.05
0.05
0.05
0.05
0.05
0.05
0.05
0.05
0.05
0.05
0.05
0.05
0.05
0.05
0.05
0.05
0.05
0.05
0.05
0.05
0.05
0.05
0.05
0.05
0.05
0.05
0.05
0.05
0.05
0.05
0.05
0.05
0.05
0.05
0.05
0.05
0.05
0.05
0.05
0.05
0.05
0.05
0.05
0.05
0.05
0.05
0.05
0.05
0.05
0.05
0.05
0.05
0.05
0.05
0.05
0.05
0.05
0.05
0.05
0.05
0.05
0.05
0.05
0.05
0.05
0.05
0.05
0.05
0.05
0.05
0.05
0.05
0.05
0.05
0.05
0.05
0.05
0.05
0.05
0.05
0.05
0.05
0.05
0.05
0.05
0.05
0.05
0.05
0.05
0.05
0.05
0.05
0.05
0.05
0.05
0.05
0.05
0.05
0.05
0.05
0.05
0.05
0.05
0.05
0.05
0.05
0.05
0.05
0.05
0.05
0.05
0.05
0.05
0.05
0.05
0.05
0.05
0.05
0.05
0.05
0.05
0.05
0.05
0.05
0.05
0.05
0.05
0.05
0.05
0.05
0.05
0.05
0.05
0.05
0.05
0.05
0.05
0.05
0.05
0.05
0.05
0.05
0.05
0.05
0.05
0.05
0.05
0.05
0.05
0.05
0.05
0.05
0.05
0.05
0.05
0.05
0.05
0.05
0.05
0.05
0.05
0.05
0.05
0.05
0.05
0.05
0.05
0.05
0.05
0.05
0.05
0.05
0.05
0.05
0.05
0.05
0.05
0.05
0.05
0.05
0.05
0.05
0.05
0.05
0.05
0.05
0.05
0.05
0.05
0.05
0.05
0.05
0.05
0.05
0.05
0.05
0.05
0.05
0.05
0.05
0.05
0.05
0.05
0.05
0.05
0.05
0.05
0.05
0.05
0.05
0.05
0.05
0.05
0.05
0.05
0.05
0.05
0.05
0.05
0.05
0.05
0.05
0.05
0.05
0.05
0.05
0.05
0.05
0.05
0.05
0.05
0.05
0.05
0.05
0.05
0.05
0.05
0.05
0.05
0.05
0.05
0.05
0.05
0.05
0.05
0.05
0.05
0.05
0.05
0.05
0.05
0.05
0.05
0.05
0.05
0.05
0.05
0.05
0.05
0.05
0.05
0.05
0.05
0.05
0.05
0.05
0.05
0.05
0.05
0.05
0.05
0.05
0.05
0.05
0.05
0.05
0.05
0.05
0.05
0.05
0.05
0.05
0.05
0.05
0.05
0.05
0.05
0.05
0.05
0.05
0.05
0.05
0.05
0.05
0.05
0.05
0.05
0.05
0.05
0.05
0.05
0.05
0.05
0.05
0.05
0.05
0.05
0.05
0.05
0.05
0.05
0.05
0.05
0.05
0.05
0.05
0.05
0.05
0.05
0.05
0.05
0.05
0.05
0.05
0.05
0.05
0.05
0.05
0.05
0.05
0.05
0.05
0.05
0.05
0.05
0.05
0.05
0.05
0.05
0.05
0.05
0.05
0.05
0.05
0.05
0.05
0.05
0.05
0.05
0.05
0.05
0.05
0.05
0.05
0.05
0.05
0.05
0.05
0.05
0.05
0.05
0.05
0.05
0.05
0.05
0.05
0.05
0.05
0.05
0.05
0.05
0.05
0.05
0.05
0.05
0.05
0.05
0.05
0.05
0.05
0.05
0.05
0.05
0.05
0.05
0.05
0.05
0.05
0.05
0.05
0.05
0.05
0.05
0.05
0.05
0.05
0.05
0.05
0.05
0.05
0.05
0.05
0.05
0.05
0.05
0.05
0.05
0.05
0.05
0.05
0.05
0.05
0.05
0.05
0.05
0.05
0.05
0.05
0.05
0.05
0.05
0.05
0.05
0.05
0.05
0.05
0.05
0.05
0.05
0.05
0.05
0.05
0.05
0.05
0.05
0.05
0.05
0.05
0.05
0.05
0.05
0.05
0.05
0.05
0.05
0.05
0.05
0.05
0.05
0.05
0.05
0.05
0.05
0.05
0.05
0.05
0.05
0.05
0.05
0.05
0.05
0.05
0.05
0.05
0.05
0.05
0.05
0.05
0.05
0.05
0.05
0.05
0.05
0.05
0.05
0.05
0.05
0.05
0.05
0.05
0.05
0.05
0.05
0.05
0.05
0.05
0.05
0.05
0.05
0.05
0.05
0.05
0.05
0.05
0.05
0.05
0.05
0.05
0.05
0.05
0.05
0.05
0.05
0.05
0.05
0.05
0.05
0.05
0.05
0.05
0.05
0.05
0.05
0.05
0.05
0.05
0.05
0.05
0.05
0.05
0.05
0.05
0.05
0.05
0.05
0.05
0.05
0.05
0.05
0.05
0.05
0.05
0.05
0.05
0.05
0.05
0.05
0.05
0.05
0.05
0.05
0.05
0.05
0.05
0.05
0.05
0.05
0.05
0.05
0.05
0.05
0.05
0.05
0.05
0.05
0.05
0.05
0.05
0.05
0.05
0.05
0.05
0.05
0.05
0.05
0.05
0.05
0.05
0.05
0.05
0.05
0.05
0.05
0.05
0.05
0.05
0.05
0.05
0.05
0.05
0.05
0.05
0.05
0.05
0.05
0.05
0.05
0.05
0.05
0.05
0.05
0.05
0.05
0.05
0.05
0.05
0.05
0.05
0.05
0.05
0.05
0.05
0.05
0.05
0.05
0.05
0.05
0.05
0.05
0.05
0.05
0.05
0.05
0.05
0.05
0.05
0.05
0.05
0.05
0.05
0.05
0.05
0.05
0.05
0.05
0.05
0.05
0.05
0.05
0.05
0.05
0.05
0.05
0.05
0.05
0.05
0.05
0.05
0.05
0.05
0.05
0.05
0.05
0.05
0.05
0.05
0.05
0.05
0.05
0.05
0.05
0.05
0.05
0.05
0.05
0.05
0.05
0.05
0.05
0.05
0.05
0.05
0.05
0.05
0.05
0.05
0.05
0.05
0.05
0.05
0.05
0.05
0.05
777777