2.65977
999999
-0.0773193
0.180594
-0.11429
-0.0791028
0.116047
0.0821558
-0.139852
0.176547
0.147297
-0.180564
0.147997
0.161027
-0.170315
0.0393422
0.0226824
-0.0842676
0.197798
0.137027
0.027876
-0.0817748
-0.051566
-0.102649
0.0707655
0.0310017
-0.0408135
-0.0588954
0.191662
0.0643702
0.0283339
-0.168927
0.129007
-0.107867
-0.128813
0.185681
-0.00235318
0.0625769
-0.167176
0.179923
0.0478484
-0.14304
0.00753386
-0.0149453
0.106054
0.106406
0.176447
-0.103201
-0.19403
-0.191933
-0.141558
-0.046593
0.0585422
-0.0560461
-0.0266618
0.134787
-0.0921695
0.0185406
0.0601053
0.107116
-0.0966522
-0.181125
0.052724
0.117394
-0.0221687
-0.166494
0.0985929
0.104581
0.122311
-0.0528843
-0.0974384
0.0985984
-0.0642905
0.035728
0.101419
0.133643
0.0481604
0.150972
0.0994441
0.1859
0.022257
0.00290928
-0.0655735
-0.0265142
-0.00645098
0.158504
0.0108108
0.122417
-0.0275648
0.0264573
-0.0167623
0.0638941
-0.101244
0.0739169
-0.0485432
0.132514
0.0386291
0.185268
-0.18253
0.142722
0.150361
-0.0935661
-0.066469
0.084454
-0.142393
0.123236
0.00729366
0.184297
0.122682
-0.0829184
0.164363
0.0181238
-0.0998304
-0.0251266
-0.168419
-0.0965135
-0.0110092
0.0529221
0.0474927
0.030382
0.090928
-0.0683513
0.000644118
-0.00954041
-0.198239
-0.119002
0.195065
-0.157313
-0.0353361
-0.0496067
-0.0663205
-0.0965204
0.1318
-0.136369
-0.0502746
-0.184553
0.146406
-0.040333
-0.0939025
0.0590085
0.116714
-0.193911
-0.046459
-0.19424
0.111803
-0.11294
-0.0733283
0.0340385
-0.0292611
0.0983386
-0.188685
-0.143747
-0.112026
0.108043
0.0592422
-0.07694
-0.159436
0.114534
0.0366384
0.0665703
-0.0920027
-0.120504
-0.0956998
0.180686
-0.05791
-0.106001
-0.149194
-0.0024395
0.149637
-0.0384512
0.11723
-0.0328047
0.154475
-0.00705682
0.0468195
0.0549005
-0.00518348
-0.0863452
-0.0784661
0.131371
0.193205
-0.0126301
-0.0619502
0.142101
-0.0589525
-0.139461
0.172738
-0.0571059
0.0417422
0.183376
-0.10912
-0.0568956
-0.0392437
0.141306
0.132515
0.00942033
-0.156971
-0.170002
0.146905
-0.167125
0.166933
-0.108353
-0.0719492
-0.158127
-0.0839654
0.0812508
-0.0985651
-0.192342
0.102815
0.124176
-0.109562
-0.151729
0.0982142
0.197425
0.154887
0.174137
-0.0641829
0.17916
0.0738253
-0.111314
0.141533
0.0319257
0.118236
-0.0314335
-0.0266814
-0.111986
-0.128951
-0.103909
-0.0248054
-0.112408
0.198585
0.193987
-0.0591355
0.0859889
0.11649
0.0422089
0.159324
0.106463
-0.0333498
-0.148713
-0.19491
0.0650368
0.177226
-0.121402
0.0452158
-0.0372207
0.192545
-0.00979258
0.131393
-0.0829865
0.173778
-0.146247
0.185423
0.104047
-0.137014
-0.0199989
-0.109831
0.0875962
-0.0438365
-0.0682734
0.0367315
-0.0341293
0.0556326
0.0061182
-0.0610603
0.174654
0.00961145
0.174998
0.168662
0.0262887
0.0562605
-0.108843
-0.0273345
-0.175028
0.0539284
0.00960333
0.0313932
-0.143975
-0.04694
0.178505
-0.107067
0.160213
0.0947881
-0.121914
0.0664283
-0.0769136
-0.0439459
-0.0890774
-0.111634
-0.155039
-0.0728509
-0.1722
-0.0968948
0.174352
-0.137076
-0.161318
-0.0382357
-0.0544531
-0.0714464
0.0108269
0.0520973
0.077322
0.0962903
0.176742
0.0976197
-0.10964
0.109285
0.0854157
-0.167316
0.190661
-0.115523
0.0328958
-0.0174161
-0.16184
-0.0843356
-0.13844
-0.0297273
-0.177859
-0.142323
-0.00489525
0.155655
0.191979
0.156898
0.187706
0.143741
-0.00865301
0.0930454
-0.11277
0.0803703
0.165882
0.146057
-0.177845
-0.161656
0.0589214
-0.0929219
0.128067
-0.0232079
0.112318
0.112667
0.0992059
0.0272978
-0.199571
0.140457
0.0680696
0.163758
-0.185422
0.0730964
-0.022878
-0.00748874
0.0163873
0.0960973
-0.166813
-0.0544689
0.130591
-0.0189792
-0.0291551
-0.164564
-0.0263803
0.112165
-0.172715
-0.13494
0.0818648
-0.0679262
-0.0560358
-0.0137845
0.0764598
-0.145534
0.1957
0.0857745
0.153887
0.0298834
0.0516279
-0.169199
0.0502666
-0.132987
0.147515
0.139258
0.183709
0.0402195
0.169266
-0.142279
-0.076989
0.137446
-0.0981313
0.0595799
-0.0917304
0.183306
0.14084
-0.135393
-0.0725065
0.180065
0.0629967
-0.157867
0.183856
0.0490406
-0.0514972
-0.00696416
-0.00256241
0.0272513
-0.120795
0.0146879
-0.148006
-0.147973
-0.190975
-0.187085
0.0298933
-0.116277
0.109807
-0.132084
-0.0691088
-0.138607
0.0863723
0.17348
-0.171257
0.00947636
-0.0412645
0.000509837
-0.145327
-0.0879299
0.0477432
-0.100136
-0.137764
-0.0441361
-0.0224355
-0.0655856
0.121031
-0.166814
0.0157818
0.00719153
-0.094513
0.0558259
-0.0276167
0.0378186
-0.0538869
-0.0801625
-0.0602051
0.055617
-0.00910919
-0.0966878
-0.0216096
0.148745
0.127231
0.0294969
-0.032084
0.0165987
0.0591467
0.00378779
0.182393
0.144911
-0.0589337
0.191042
0.0172312
-0.104662
0.17621
0.043786
0.175747
-0.00126745
-0.0716688
-0.122574
0.0589679
-0.109568
-0.0605996
-0.159467
0.0166494
-0.0178489
-0.0164764
-0.0142256
-0.118679
0.0167528
-0.143993
-0.159149
0.16488
-0.118547
-0.0104279
0.00956227
-0.0734023
0.0826349
-0.165218
0.162892
0.144892
-0.0936826
0.0823419
0.104569
-0.199114
-0.0800129
0.149783
0.108429
0.0557867
0.17017
-0.00071814
-0.0576678
0.156514
-0.0137753
-0.153402
0.150797
-0.0849621
0.169602
0.0427131
-0.118272
0.119015
0.121865
0.128975
0.00160238
-0.0534281
0.138716
0.0547347
0.171728
-0.0458215
-0.189486
-0.12232
-0.0384336
0.037641
0.027284
-0.0526455
-0.144057
-0.193633
0.194407
0.0582879
-0.0405898
-0.0512688
-0.122156
0.060272
0.10001
0.0465372
0.0593263
0.189217
0.181326
0.000502959
0.0163415
0.128951
0.12929
0.00212735
-0.00979792
-0.130264
-0.0281887
-0.10765
0.108547
-0.0700152
0.115255
0.198521
-0.198295
-0.152254
-0.0788562
0.175698
0.110126
-0.0103876
0.0217453
0.105593
-0.192058
-0.114449
-0.136961
0.0326061
-0.0783107
-0.0513586
-0.122887
-0.091519
0.0401681
-0.053522
-0.150084
0.0264281
-0.0699293
-0.159585
0.00215194
-0.0854636
0.0838675
-0.0992158
-0.199517
0.100936
-0.122461
-0.0958593
-0.0880137
-0.0492057
0.18388
0.0833963
-0.18799
-0.165865
-0.119723
0.193528
0.046107
-0.0961339
-0.0374296
0.0132535
0.196589
0.0617249
0.0174823
0.144801
0.182328
0.0134704
0.133127
0.115452
-0.0138314
-0.0616958
-0.117505
-0.152405
0.149584
0.0819117
-0.0323224
-0.0862631
-0.19385
0.17161
0.0811165
0.175486
0.174866
-0.0580419
0.1916
0.0410414
-0.0579822
0.0410312
-0.0590588
-0.00474781
-0.0772196
0.18652
0.132372
-0.0455103
0.00846217
-0.0368614
0.0259745
-0.02448
-0.0891273
-0.0429727
0.124
0.185496
-0.102671
-0.0902438
-0.12262
-0.0914785
-0.13635
-0.0807135
0.0105817
0.0442804
0.0118853
0.0989762
-0.0957077
0.0234688
-0.128762
0.0495588
0.105006
0.0838569
-0.0915116
-0.137982
-0.138808
0.114824
0.043753
0.0573794
0.194805
0.090042
-0.0150319
0.177581
-0.0864581
0.189081
-0.115029
-0.0660643
-0.112582
-0.0647414
0.117507
-0.194376
0.05678
-0.077822
0.168998
-0.17326
-0.0673582
-0.13068
-0.181768
0.176933
-0.140409
0.155455
-0.11937
0.188015
-0.0830099
-0.147506
-0.148841
-0.146439
0.0548475
-0.132794
0.0890072
-0.130622
-0.0410286
-0.120607
0.122162
0.0992624
0.092758
0.140947
0.0827536
0.124567
0.099733
-0.0912319
0.0619077
0.0836243
-0.0397965
-0.155244
-0.0845593
0.169347
-0.0900661
0.171676
0.129658
-0.0639751
-0.0469652
0.0121054
-0.15951
0.153342
-0.0468876
-0.183799
-0.146773
-0.140345
-0.0444883
0.0748332
0.114465
0.181006
0.16212
-0.0581009
-0.126308
0.106694
0.0859427
-0.0168944
0.0555028
0.156091
0.187
-0.194192
0.0775644
0.120039
-0.163904
0.12476
0.106445
-0.0993785
-0.197062
-0.163822
0.115034
-0.0114623
-0.0647625
-0.0661938
-0.118519
0.0587603
0.088979
0.022587
-0.133234
-0.135533
-0.102198
-0.16123
0.0146073
0.135397
0.082262
-0.152378
-0.0879364
0.0873193
-0.150399
0.049364
-0.0717151
-0.106996
-0.0634636
0.105418
-0.0191684
-0.173785
-0.134082
-0.0956924
0.130847
0.0677363
-0.146735
0.186504
-0.138746
-0.0599723
-0.197055
-0.0846373
0.16744
0.0761166
0.198481
-0.118927
0.137723
-0.0218968
0.137141
0.17075
0.115053
-0.00784149
0.148516
0.0244366
-0.186766
0.1338
0.175251
-0.0992873
0.118042
-0.1479
0.134296
0.16318
-0.033194
-0.183685
0.0948102
-0.0045326
-0.102251
0.0526763
0.113117
0.0599148
0.150856
-0.158488
0.0879153
-0.143107
0.00494815
0.163968
0.0433667
0.193877
-0.08468
0.0284722
-0.0643487
0.0726015
-0.0690378
-0.177136
-0.107224
0.0518874
-0.0552346
0.101685
0.144019
0.108729
-0.0417125
-0.128332
-0.0640326
-0.0450331
0.113473
0.0626183
0.194817
-0.0739739
-0.0673932
0.0702924
0.0590112
0.0104442
0.0551356
-0.124508
0.011382
-0.0557178
0.0844056
0.0772424
-0.0443364
-0.157138
0.028567
0.196252
-0.191293
-0.0237997
-0.0625115
0.0957683
-0.00487642
-0.0015218
-0.170486
0.160124
-0.174921
-0.197319
0.146803
0.163167
0.0426558
-0.0558319
-0.146454
-0.121169
-0.119452
0.0626925
0.111784
0.0805782
-0.114195
-0.150693
0.129643
0.0107799
0.14026
0.0552442
0.107707
-0.154931
-0.0300513
0.157984
-0.184955
-0.00659681
-0.101298
-0.0668648
-0.161027
-0.00592399
0.0317531
0.118509
0.0787957
-0.161286
0.0479014
-0.187072
0.0129848
-0.0704919
-0.084545
-0.0174012
0.16308
-0.016119
-0.138587
0.161305
-0.095182
-0.0656836
-0.141446
-0.111414
-0.0457441
-0.0252296
-0.0837295
-0.164107
-0.066325
-0.145322
0.105076
0.0386091
-0.115258
0.106003
0.181568
0.164047
0.0361726
-0.0819348
0.0376533
0.178897
-0.0842137
-0.0510112
-0.0270918
-0.120888
0.175866
0.171373
0.163832
-0.16517
0.106068
-0.185503
-0.135844
0.026559
0.00437438
0.0512129
-0.065014
0.0019541
0.0804364
-0.119072
-0.0704303
0.033575
-0.0630525
0.0759825
-0.169851
-0.168656
-0.0164747
-0.0706086
-0.00185812
-0.0998202
0.0112776
0.178024
0.128754
-0.0683014
0.073873
0.183968
-0.154175
0.0643544
-0.139863
0.116299
0.0124985
-0.00230994
-0.0837591
-0.108563
0.0682648
-0.0436325
-0.0147183
-0.0492754
-0.0969216
0.00448753
-0.0124497
0.017842
-0.146773
-0.180134
0.00597873
-0.091568
-0.076105
-0.154118
-0.0732702
0.135688
-0.0239496
-0.0320631
-0.147261
-0.192728
0.0277797
-0.0752519
0.0307771
-0.067052
0.0378032
0.00508219
-0.0200094
-0.171144
-0.183886
-0.0712534
-0.0375172
0.195813
-0.130391
-0.178385
0.0881469
-0.040866
0.0242972
-0.00565171
0.0950893
0.152168
-0.129748
0.0270615
-0.172431
-0.151319
0.13742
0.0433285
-0.112658
-0.164376
-0.133499
0.149297
0.0138224
0.0665648
-0.134652
-0.14589
0.0805609
0.187483
-0.167118
-0.00586917
0.0236783
-0.183324
0.0232995
-0.103906
0.0912698
0.0296883
-0.114134
0.0283445
0.147189
0.140373
-0.0302851
0.0330865
-0.16367
-0.121573
-0.0889864
-0.0677367
-0.0589895
0.0357949
0.158782
0.0243333
-0.0947656
0.149296
0.127281
-0.0450813
0.151338
-0.113885
0.158861
-0.0671842
-0.0109091
-0.0739582
0.154878
0.00278985
-0.0475734
0.0177209
-0.00348577
-0.15922
-0.0985266
0.178958
0.145961
0.0747748
-0.0818779
0.119288
0.0426164
-0.155362
-0.00188069
-0.174708
0.145497
-0.104588
0.0953814
-0.0649508
0.137617
-0.167829
-0.158168
0.148644
0.0601153
0.185961
0.0062887
0.106643
0.192408
-0.0870226
-0.115816
-0.105229
0.0992686
-0.155087
0.0247517
0.101788
0.0113722
0.0731969
0.0640005
0.0730878
0.0649392
-0.104422
-0.130767
0.0347643
-0.0977024
0.0440463
0.176587
0.139535
-0.166698
-0.123367
-0.094627
0.104345
0.187706
0.129502
0.0104428
-0.161812
0.0378797
0.0679603
0.0477948
-0.0618627
0.0571222
-0.190815
0.0978696
0.00999727
-0.012273
0.0161505
-0.138903
0.158048
0.0581579
0.165794
-0.153129
0.102077
0.0747665
-0.133874
0.107263
-0.0208831
0.088302
-0.0182452
0.132502
0.195491
-0.00791153
0.0164786
-0.0759432
-0.0228418
0.0818038
-0.130604
-0.0618818
0.197654
-0.174378
-0.123201
-0.0686485
0.106801
-0.0324318
0.116731
-0.0423916
-0.00723278
0.00958448
-0.0881696
-0.146926
0.145762
-0.149457
0.178075
0.0374135
-0.00145122
0.137874
-0.0482621
0.173644
0.0210164
0.0966296
0.00150781
-0.0242031
-0.0503522
0.141643
0.195777
-0.185248
-0.0963824
0.125793
0.115625
-0.00517371
-0.0634055
-0.144525
-0.143453
-0.0312925
-0.020446
0.123423
-0.00536528
-0.104218
0.107431
-0.112869
0.00167873
0.141366
0.0487477
-0.0960993
-0.0765119
-0.170478
-0.0503635
0.118689
0.14925
0.131547
0.166574
-0.151798
-0.199003
0.110849
-0.0556201
-0.0492889
-0.182281
-0.105071
-0.143059
-0.153345
0.180022
-0.0578665
-0.0199646
-0.0679303
-0.152073
0.194213
0.164454
0.0720424
0.00921388
0.0448903
0.188949
0.0443001
0.105843
-0.124573
0.0897071
-0.0075792
0.102733
0.177069
-0.187464
-0.0129722
0.0155202
0.0857599
-0.158078
-0.134827
0.0289318
-0.0893885
-0.12135
0.0786586
0.0622383
-0.0696657
-0.115005
-0.172351
0.175708
-0.0523425
0.160576
-0.127385
0.0729983
-0.120388
-0.0373911
0.16722
0.14566
0.0091253
0.154067
-0.0764687
0.145334
0.0605319
0.14696
0.171669
-0.175583
0.00325706
-0.0591636
0.0432858
-0.0923943
-0.0188257
0.105436
0.114675
0.0860207
0.0377296
-0.172043
-0.0441907
-0.161151
-0.119519
0.103332
-0.0353016
-0.0697483
-0.0324598
-0.186025
-0.0944966
0.145108
0.00447429
0.0238466
0.164591
0.0459112
0.144666
-0.173412
0.189386
-0.00278423
-0.126974
-0.161496
-0.0631721
0.188448
0.111875
0.0138392
-0.112681
0.0012731
-0.140719
0.0683084
-0.00233352
0.11248
0.119727
0.0501265
0.0591782
0.05103
-0.188472
0.0325678
-0.061724
-0.187094
0.0688616
0.153064
-0.134865
0.146442
-0.109922
-0.0568301
-0.110111
-0.0754173
0.151332
-0.109643
0.134572
-0.107145
-0.160367
-0.103466
-0.0319755
-0.12365
0.196331
0.15557
0.169578
-0.157722
-0.0700813
-0.119912
-0.059616
-0.104479
0.156657
-0.068656
-0.152036
0.0484434
0.0127687
-0.107649
-0.0490035
-0.0106374
-0.142065
0.0365835
0.0378492
-0.0712617
0.190479
0.144706
-0.186817
0.161026
0.191067
0.164337
-0.0278274
0.105257
0.0422197
0.184196
0.0636131
0.0297218
-0.0738493
-0.18244
0.116071
0.171797
-0.198428
0.148909
0.162204
0.0768833
0.192508
-0.105896
-0.190381
0.174659
-0.0488608
-0.107872
-0.0305918
0.15846
0.195233
-0.0118798
0.056053
0.0304421
0.0464587
0.0545589
0.0472464
0.181216
-0.137839
-0.172365
-0.140546
-0.132624
-0.0847584
0.154224
-0.176673
-0.0250052
-0.101006
0.050677
-0.068055
0.0122884
0.134064
-0.108146
-0.10914
0.188325
-0.111461
-0.123953
0.109692
0.160812
0.0623724
-0.100159
0.112893
-0.199692
-0.168593
0.116994
0.0463174
0.144106
-0.192457
-0.125948
0.00829743
-0.0635529
-0.172062
-0.160177
-0.196276
0.0115744
-0.080183
0.162924
-0.0865304
-0.165187
-0.0912589
0.183714
-0.0305151
-0.177825
-0.170845
-0.0202431
-0.144568
0.198664
-0.153961
-0.135254
-0.0940494
-0.00877985
0.0968461
0.199623
0.172883
-0.18539
0.186036
-0.0835509
0.163082
-0.138373
-0.0722594
0.0119168
0.0663663
0.0258669
0.166433
0.172305
0.187894
0.00687676
-0.132295
0.138009
0.187804
-0.117531
-0.126144
-0.0528519
0.15883
0.0738585
-0.164348
-0.119671
-0.0881843
-0.16972
-0.0988037
-0.137395
-0.109994
-0.170795
-0.168883
0.15976
0.0254587
-0.0178912
0.14946
0.0607758
0.184889
0.199806
0.0963312
-0.0951818
-0.185422
-0.167341
-0.10929
0.0986501
-0.108239
0.12301
0.106919
0.116936
0.130019
0.182184
0.0475633
-0.176571
0.124713
-0.160913
-0.156535
-0.137084
-0.148183
-0.127723
0.0156243
0.0488324
0.18732
0.164676
0.0891374
0.109932
0.0884402
0.0161095
0.0487195
-2.23128e-05
-0.0225707
0.122018
0.0610702
0.175313
-0.0545669
-0.0120417
0.159721
-0.0820363
0.11581
0.000984704
-0.104904
0.103076
-0.137779
-0.136194
0.0279935
-0.0254109
0.104187
0.195904
0.195169
-0.0450296
-0.112931
-0.0557579
-0.0901556
0.127708
-0.0333448
-0.108347
-0.0233233
0.169751
-0.0755401
-0.195933
0.110224
0.152262
0.0281806
0.152423
0.0579867
-0.0310919
0.159877
0.128777
-0.0549187
-0.190634
0.105094
0.0503316
-0.0453718
0.166905
-0.0695592
0.147515
0.158321
0.0771883
0.159991
-0.0615082
0.148441
-0.126864
0.116543
0.110185
-0.0182929
-0.163492
0.0441232
0.110146
-0.160888
-0.0137084
0.16781
0.110855
-0.164408
-0.173051
-0.131931
0.0369128
-0.00797353
0.0822717
-0.170491
-0.115005
-0.194226
-0.026719
0.103569
0.11819
0.093073
0.122399
0.0872396
-0.18048
-0.0297636
0.118246
-0.134599
0.000937515
0.0501073
-0.100109
-0.113219
0.0738503
0.121394
0.0152208
0.166118
-0.163121
-0.0469744
-0.0741449
0.128005
0.0833733
0.0817589
-0.0394486
0.154241
-0.12513
0.0778264
-0.16227
-0.0356668
0.1149
-0.131848
-0.0612364
0.155385
-0.15671
0.0588763
0.0904094
0.151787
-0.17368
-0.0652349
-0.178768
-0.171508
0.129644
-0.0221994
0.000519518
0.0717659
0.0549631
-0.0314309
-0.139697
-0.19086
-0.12938
0.0696981
-0.112467
-0.0493591
0.0701773
-0.0397476
-0.151012
-0.110871
0.119667
-0.184658
-0.18471
0.0563588
-0.185987
-0.119896
0.138724
0.0117156
-0.164172
0.0987765
0.134247
-0.0519754
0.151402
-0.141089
-0.0633653
0.0896188
0.114678
0.0409609
0.187454
-0.0536277
-0.00271166
-0.139901
-0.0765519
0.00335191
0.0921202
0.0225089
-0.101848
-0.0245339
-0.189662
-0.0608716
-0.113977
0.0539486
-0.131551
0.0463813
-0.00208649
-0.119381
0.139819
0.0620405
-0.0475963
-0.00157799
0.0902409
-0.0234929
-0.0133894
0.0267795
-0.0906104
0.0665603
-0.199347
0.128299
-0.0378887
-0.11753
0.162739
0.177911
0.00626328
0.156665
-0.0577167
-0.143855
-0.185546
0.154165
-0.0998542
0.00191715
0.0931049
0.0811128
0.000871155
0.178809
0.151881
0.0407841
0.039926
-0.19928
-0.0132087
0.116998
-0.0320548
0.159677
-0.113782
0.108328
0.16265
0.0610329
-0.140959
0.0302912
0.0515689
-0.00613524
-0.00238109
-0.0939404
-0.020197
-0.0431938
0.0471332
-0.121835
-0.197463
-0.182167
0.0479688
0.00615243
0.15217
888888
-0.0385848
-0.0425669
0.0941325
-0.187088
-0.14076
0.0326516
-0.021068
-0.0378702
0.0692397
0.129109
0.116836
0.119055
0.0382672
-0.0350817
0.14195
-0.0552535
-0.0645584
-0.128402
-0.123707
0.151869
0.012918
-0.137654
-0.0454977
0.0296531
0.104679
-0.0470171
0.147427
-0.116174
-0.134009
-0.0390949
0.0487895
0.169468
0.05
0.05
0.05
0.05
0.05
0.05
0.05
0.05
0.05
0.05
0.05
0.05
0.05
0.05
0.05
0.05
0.05
0.05
0.05
0.05
0.05
0.05
0.05
0.05
0.05
0.05
0.05
0.05
0.05
0.05
0.05
0.05
0.05
0.05
0.05
0.05
0.05
0.05
0.05
0.05
0.05
0.05
0.05
0.05
0.05
0.05
0.05
0.05
0.05
0.05
0.05
0.05
0.05
0.05
0.05
0.05
0.05
0.05
0.05
0.05
0.05
0.05
0.05
0.05
0.05
0.05
0.05
0.05
0.05
0.05
0.05
0.05
0.05
0.05
0.05
0.05
0.05
0.05
0.05
0.05
0.05
0.05
0.05
0.05
0.05
0.05
0.05
0.05
0.05
0.05
0.05
0.05
0.05
0.05
0.05
0.05
0.05
0.05
0.05
0.05
0.05
0.05
0.05
0.05
0.05
0.05
0.05
0.05
0.05
0.05
0.05
0.05
0.05
0.05
0.05
0.05
0.05
0.05
0.05
0.05
0.05
0.05
0.05
0.05
0.05
0.05
0.05
0.05
0.05
0.05
0.05
0.05
0.05
0.05
0.05
0.05
0.05
0.05
0.05
0.05
0.05
0.05
0.05
0.05
0.05
0.05
0.05
0.05
0.05
0.05
0.05
0.05
0.05
0.05
0.05
0.05
0.05
0.05
0.05
0.05
0.05
0.05
0.05
0.05
0.05
0.05
0.05
0.05
0.05
0.05
0.05
0.05
0.05
0.05
0.05
0.05
0.05
0.05
0.05
0.05
0.05
0.05
0.05
0.05
0.05
0.05
0.05
0.05
0.05
0.05
0.05
0.05
0.05
0.05
0.05
0.05
0.05
0.05
0.05
0.05
0.05
0.05
0.05
0.05
0.05
0.05
0.05
0.05
0.05
0.05
0.05
0.05
0.05
0.05
0.05
0.05
0.05
0.05
0.05
0.05
0.05
0.05
0.05
0.05
0.05
0.05
0.05
0.05
0.05
0.05
0.05
0.05
0.05
0.05
0.05
0.05
0.05
0.05
0.05
0.05
0.05
0.05
0.05
0.05
0.05
0.05
0.05
0.05
0.05
0.05
0.05
0.05
0.05
0.05
0.05
0.05
0.05
0.05
0.05
0.05
0.05
0.05
0.05
0.05
0.05
0.05
0.05
0.05
0.05
0.05
0.05
0.05
0.05
0.05
0.05
0.05
0.05
0.05
0.05
0.05
0.05
0.05
0.05
0.05
0.05
0.05
0.05
0.05
0.05
0.05
0.05
0.05
0.05
0.05
0.05
0.05
0.05
0.05
0.05
0.05
0.05
0.05
0.05
0.05
0.05
0.05
0.05
0.05
0.05
0.05
0.05
0.05
0.05
0.05
0.05
0.05
0.05
0.05
0.05
0.05
0.05
0.05
0.05
0.05
0.05
0.05
0.05
0.05
0.05
0.05
0.05
0.05
0.05
0.05
0.05
0.05
0.05
0.05
0.05
0.05
0.05
0.05
0.05
0.05
0.05
0.05
0.05
0.05
0.05
0.05
0.05
0.05
0.05
0.05
0.05
0.05
0.05
0.05
0.05
0.05
0.05
0.05
0.05
0.05
0.05
0.05
0.05
0.05
0.05
0.05
0.05
0.05
0.05
0.05
0.05
0.05
0.05
0.05
0.05
0.05
0.05
0.05
0.05
0.05
0.05
0.05
0.05
0.05
0.05
0.05
0.05
0.05
0.05
0.05
0.05
0.05
0.05
0.05
0.05
0.05
0.05
0.05
0.05
0.05
0.05
0.05
0.05
0.05
0.05
0.05
0.05
0.05
0.05
0.05
0.05
0.05
0.05
0.05
0.05
0.05
0.05
0.05
0.05
0.05
0.05
0.05
0.05
0.05
0.05
0.05
0.05
0.05
0.05
0.05
0.05
0.05
0.05
0.05
0.05
0.05
0.05
0.05
0.05
0.05
0.05
0.05
0.05
0.05
0.05
0.05
0.05
0.05
0.05
0.05
0.05
0.05
0.05
0.05
0.05
0.05
0.05
0.05
0.05
0.05
0.05
0.05
0.05
0.05
0.05
0.05
0.05
0.05
0.05
0.05
0.05
0.05
0.05
0.05
0.05
0.05
0.05
0.05
0.05
0.05
0.05
0.05
0.05
0.05
0.05
0.05
0.05
0.05
0.05
0.05
0.05
0.05
0.05
0.05
0.05
0.05
0.05
0.05
0.05
0.05
0.05
0.05
0.05
0.05
0.05
0.05
0.05
0.05
0.05
0.05
0.05
0.05
0.05
0.05
0.05
0.05
0.05
0.05
0.05
0.05
0.05
0.05
0.05
0.05
0.05
0.05
0.05
0.05
0.05
0.05
0.05
0.05
0.05
0.05
0.05
0.05
0.05
0.05
0.05
0.05
0.05
0.05
0.05
0.05
0.05
0.05
0.05
0.05
0.05
0.05
0.05
0.05
0.05
0.05
0.05
0.05
0.05
0.05
0.05
0.05
0.05
0.05
0.05
0.05
0.05
0.05
0.05
0.05
0.05
0.05
0.05
0.05
0.05
0.05
0.05
0.05
0.05
0.05
0.05
0.05
0.05
0.05
0.05
0.05
0.05
0.05
0.05
0.05
0.05
0.05
0.05
0.05
0.05
0.05
0.05
0.05
0.05
0.05
0.05
0.05
0.05
0.05
0.05
0.05
0.05
0.05
0.05
0.05
0.05
0.05
0.05
0.05
0.05
0.05
0.05
0.05
0.05
0.05
0.05
0.05
0.05
0.05
0.05
0.05
0.05
0.05
0.05
0.05
0.05
0.05
0.05
0.05
0.05
0.05
0.05
0.05
0.05
0.05
0.05
0.05
0.05
0.05
0.05
0.05
0.05
0.05
0.05
0.05
0.05
0.05
0.05
0.05
0.05
0.05
0.05
0.05
0.05
0.05
0.05
0.05
0.05
0.05
0.05
0.05
0.05
0.05
0.05
0.05
0.05
0.05
0.05
0.05
0.05
0.05
0.05
0.05
0.05
0.05
0.05
0.05
0.05
0.05
0.05
0.05
0.05
0.05
0.05
0.05
0.05
0.05
0.05
0.05
0.05
0.05
0.05
0.05
0.05
0.05
0.05
0.05
0.05
0.05
0.05
0.05
0.05
0.05
0.05
0.05
0.05
0.05
0.05
0.05
0.05
0.05
0.05
0.05
0.05
0.05
0.05
0.05
0.05
0.05
0.05
0.05
0.05
0.05
0.05
0.05
0.05
0.05
0.05
0.05
0.05
0.05
0.05
0.05
0.05
0.05
0.05
0.05
0.05
0.05
0.05
0.05
0.05
0.05
0.05
0.05
0.05
0.05
0.05
0.05
0.05
0.05
0.05
0.05
0.05
0.05
0.05
0.05
0.05
0.05
0.05
0.05
0.05
0.05
0.05
0.05
0.05
0.05
0.05
0.05
0.05
0.05
0.05
0.05
0.05
0.05
0.05
0.05
0.05
0.05
0.05
0.05
0.05
0.05
0.05
0.05
0.05
0.05
0.05
0.05
0.05
0.05
0.05
0.05
0.05
0.05
0.05
0.05
0.05
0.05
0.05
0.05
0.05
0.05
0.05
0.05
0.05
0.05
0.05
0.05
0.05
0.05
0.05
0.05
0.05
0.05
0.05
0.05
0.05
0.05
0.05
0.05
0.05
0.05
0.05
0.05
0.05
0.05
0.05
0.05
0.05
0.05
0.05
0.05
0.05
0.05
0.05
0.05
0.05
0.05
0.05
0.05
0.05
0.05
0.05
0.05
0.05
0.05
0.05
0.05
0.05
0.05
0.05
0.05
0.05
0.05
0.05
0.05
0.05
0.05
0.05
0.05
0.05
0.05
0.05
0.05
0.05
0.05
0.05
0.05
0.05
0.05
0.05
0.05
0.05
0.05
0.05
0.05
0.05
0.05
0.05
0.05
0.05
0.05
0.05
0.05
0.05
0.05
0.05
0.05
0.05
0.05
0.05
0.05
0.05
0.05
0.05
0.05
0.05
0.05
0.05
0.05
0.05
0.05
0.05
0.05
0.05
0.05
0.05
0.05
0.05
0.05
0.05
0.05
0.05
0.05
0.05
0.05
0.05
0.05
0.05
0.05
0.05
0.05
0.05
0.05
0.05
0.05
0.05
0.05
0.05
0.05
0.05
0.05
0.05
0.05
0.05
0.05
0.05
0.05
0.05
0.05
0.05
0.05
0.05
0.05
0.05
0.05
0.05
0.05
0.05
0.05
0.05
0.05
0.05
0.05
0.05
0.05
0.05
0.05
0.05
0.05
0.05
0.05
0.05
0.05
0.05
0.05
0.05
0.05
0.05
0.05
0.05
0.05
0.05
0.05
0.05
0.05
0.05
0.05
0.05
0.05
0.05
0.05
0.05
0.05
0.05
0.05
0.05
0.05
0.05
0.05
0.05
0.05
0.05
0.05
0.05
0.05
0.05
0.05
0.05
0.05
0.05
0.05
0.05
0.05
0.05
0.05
0.05
0.05
0.05
0.05
0.05
0.05
0.05
0.05
0.05
0.05
0.05
0.05
0.05
0.05
0.05
0.05
0.05
0.05
0.05
0.05
0.05
0.05
0.05
0.05
0.05
0.05
0.05
0.05
0.05
0.05
0.05
0.05
0.05
0.05
0.05
0.05
0.05
0.05
0.05
0.05
0.05
0.05
0.05
0.05
0.05
0.05
0.05
0.05
0.05
0.05
0.05
0.05
0.05
0.05
0.05
0.05
0.05
0.05
0.05
0.05
0.05
0.05
0.05
0.05
0.05
0.05
0.05
0.05
0.05
0.05
0.05
0.05
0.05
0.05
0.05
0.05
0.05
0.05
0.05
0.05
0.05
0.05
0.05
0.05
0.05
0.05
0.05
0.05
0.05
0.05
0.05
0.05
0.05
0.05
0.05
0.05
0.05
0.05
0.05
0.05
0.05
0.05
0.05
0.05
0.05
0.05
0.05
0.05
0.05
0.05
0.05
0.05
0.05
0.05
0.05
0.05
0.05
0.05
0.05
0.05
0.05
0.05
0.05
0.05
0.05
0.05
0.05
0.05
0.05
0.05
0.05
0.05
0.05
0.05
0.05
0.05
0.05
0.05
0.05
0.05
0.05
0.05
0.05
0.05
0.05
0.05
0.05
0.05
0.05
0.05
0.05
0.05
0.05
0.05
0.05
0.05
0.05
0.05
0.05
0.05
0.05
0.05
0.05
0.05
0.05
0.05
0.05
0.05
0.05
0.05
0.05
0.05
0.05
0.05
0.05
0.05
0.05
0.05
0.05
0.05
0.05
0.05
0.05
0.05
0.05
0.05
0.05
0.05
0.05
0.05
0.05
0.05
0.05
0.05
0.05
0.05
0.05
0.05
0.05
0.05
0.05
0.05
0.05
0.05
0.05
0.05
0.05
0.05
0.05
0.05
0.05
0.05
0.05
0.05
0.05
0.05
0.05
0.05
0.05
0.05
0.05
0.05
0.05
0.05
0.05
0.05
0.05
0.05
0.05
0.05
0.05
0.05
0.05
0.05
0.05
0.05
0.05
0.05
0.05
0.05
0.05
0.05
0.05
0.05
0.05
0.05
0.05
0.05
0.05
0.05
0.05
0.05
0.05
0.05
0.05
0.05
0.05
0.05
0.05
0.05
0.05
0.05
0.05
0.05
0.05
0.05
0.05
0.05
0.05
0.05
0.05
0.05
0.05
0.05
0.05
0.05
0.05
0.05
0.05
0.05
0.05
0.05
0.05
0.05
0.05
0.05
0.05
0.05
0.05
0.05
0.05
0.05
0.05
0.05
0.05
0.05
0.05
0.05
0.05
0.05
0.05
0.05
0.05
0.05
0.05
0.05
0.05
0.05
0.05
0.05
0.05
0.05
0.05
0.05
0.05
0.05
0.05
0.05
0.05
0.05
0.05
0.05
0.05
0.05
0.05
0.05
0.05
0.05
0.05
0.05
0.05
0.05
0.05
0.05
0.05
0.05
0.05
0.05
0.05
0.05
0.05
0.05
0.05
0.05
0.05
0.05
0.05
0.05
0.05
0.05
0.05
0.05
0.05
0.05
0.05
0.05
0.05
0.05
0.05
0.05
0.05
0.05
0.05
0.05
0.05
0.05
0.05
0.05
0.05
0.05
0.05
0.05
0.05
0.05
0.05
0.05
0.05
0.05
0.05
0.05
0.05
0.05
0.05
0.05
0.05
0.05
0.05
0.05
0.05
0.05
0.05
0.05
0.05
0.05
0.05
0.05
0.05
0.05
0.05
0.05
0.05
0.05
0.05
0.05
0.05
0.05
0.05
0.05
0.05
0.05
0.05
0.05
0.05
0.05
0.05
0.05
0.05
0.05
0.05
0.05
0.05
0.05
0.05
0.05
0.05
0.05
0.05
0.05
0.05
0.05
0.05
0.05
0.05
0.05
0.05
0.05
0.05
0.05
0.05
0.05
0.05
0.05
0.05
0.05
0.05
0.05
0.05
0.05
0.05
0.05
0.05
0.05
0.05
0.05
0.05
0.05
0.05
0.05
0.05
0.05
0.05
0.05
0.05
0.05
0.05
0.05
0.05
0.05
0.05
0.05
0.05
0.05
0.05
0.05
0.05
0.05
0.05
0.05
0.05
0.05
0.05
0.05
0.05
0.05
0.05
0.05
0.05
0.05
0.05
0.05
0.05
0.05
0.05
0.05
0.05
0.05
0.05
0.05
0.05
0.05
0.05
0.05
0.05
0.05
0.05
0.05
0.05
0.05
0.05
0.05
0.05
0.05
0.05
0.05
0.05
0.05
0.05
0.05
0.05
0.05
0.05
0.05
0.05
0.05
0.05
0.05
0.05
0.05
0.05
0.05
0.05
0.05
0.05
0.05
0.05
0.05
0.05
0.05
0.05
0.05
0.05
0.05
0.05
0.05
0.05
0.05
0.05
0.05
0.05
0.05
0.05
0.05
0.05
0.05
0.05
0.05
0.05
0.05
0.05
0.05
0.05
0.05
0.05
0.05
0.05
0.05
0.05
0.05
0.05
0.05
0.05
0.05
0.05
0.05
0.05
0.05
0.05
0.05
0.05
0.05
0.05
0.05
0.05
0.05
0.05
0.05
0.05
0.05
0.05
0.05
0.05
0.05
0.05
0.05
0.05
0.05
0.05
0.05
0.05
0.05
0.05
0.05
0.05
0.05
0.05
0.05
0.05
0.05
0.05
0.05
0.05
0.05
0.05
0.05
0.05
0.05
0.05
0.05
0.05
0.05
0.05
0.05
0.05
0.05
0.05
0.05
0.05
0.05
0.05
0.05
0.05
0.05
0.05
0.05
0.05
0.05
0.05
0.05
0.05
0.05
0.05
0.05
0.05
0.05
0.05
0.05
0.05
0.05
0.05
0.05
0.05
0.05
0.05
0.05
0.05
0.05
0.05
0.05
0.05
0.05
0.05
0.05
0.05
0.05
0.05
0.05
0.05
0.05
0.05
0.05
0.05
0.05
0.05
0.05
0.05
0.05
777777