2.09503
999999
-0.116216
0.114641
0.077114
-0.103996
0.186381
0.132961
0.134936
-0.0123092
-0.00192013
0.04936
-0.172684
0.0476321
-0.0372381
0.0570529
-0.0848611
0.0402363
-0.039836
0.148712
0.101252
-0.0869348
-0.0672298
0.0174567
-0.119457
-0.155102
-0.0323568
0.0138812
-0.0805003
-0.153748
0.186467
0.0525354
-0.105216
0.0873726
-0.127357
0.169088
0.0694642
-0.192419
0.161894
-0.198389
0.15812
-0.194399
0.0121054
0.125228
0.1303
0.166814
-0.0894443
-0.190829
-0.173971
0.0423145
0.0737594
-0.0317913
0.120877
0.18748
0.0776755
0.111732
-0.0132815
0.0651861
-0.0786098
0.177899
0.170795
-0.0220104
-0.133902
-0.0392191
-0.188316
-0.112476
0.0353943
-0.173273
-0.148339
0.00448473
-0.051753
-0.133837
0.147902
0.179487
-0.0238917
-0.0913681
-0.0661221
-0.172248
0.102255
0.0144192
0.13647
0.0176666
0.00310234
-0.0012872
-0.14931
0.14284
-0.0293158
0.185375
-0.0732787
0.134624
0.0045574
-0.123261
0.0351363
-0.0776044
0.092759
-0.186182
0.177152
-0.183581
-0.0529056
-0.102756
0.0837108
0.0128353
-0.0776353
-0.0251237
0.146245
0.178059
0.100309
0.0723169
-0.0943266
0.00591516
-0.123614
0.179585
0.194122
-0.152296
0.170078
-0.104274
0.0747508
-0.116464
0.00764013
-0.110972
0.199344
0.179392
0.120122
0.017197
-0.0871889
-0.162371
-0.0397097
0.0307451
0.155683
-0.155445
0.117146
0.174584
0.0504406
-0.0767802
0.11476
-0.104726
-0.0838113
0.0630134
-0.0647237
0.180343
0.0468808
0.0247545
-0.136106
0.188358
-0.148836
0.0676695
-0.0607082
0.111929
-0.153128
0.196925
0.0837065
0.0445526
-0.0367086
0.124058
-0.142317
0.175446
0.0897583
0.0762423
0.076287
-0.126125
0.0656187
-0.046094
-0.194236
0.0392853
0.101383
-0.102714
0.182495
-0.00919818
0.0210832
0.11131
0.0290243
-0.0110732
-0.111089
0.187907
0.0507586
-0.0739975
0.118778
0.160434
-0.163851
-0.18295
0.146019
-0.0692193
-0.118273
0.0450995
-0.00443144
-0.112733
-0.114161
-0.169605
0.0853138
-0.0204606
-0.197794
0.0192974
0.129882
0.195623
0.111836
0.0867955
-0.14192
0.0729193
0.0915
0.185239
-0.0984432
0.0419946
-0.148263
0.0757633
-0.143793
-0.195956
0.194707
0.0367632
-0.0960094
0.0749823
-0.137734
-0.0964621
0.0316635
-0.0954009
-0.0694943
0.0402832
-0.0548219
-0.00874229
-0.197582
-0.167737
0.144267
-0.117196
-0.0123009
0.0729028
-0.0602487
0.0358461
-0.154717
0.0560949
-0.0580032
0.135168
0.0782303
-0.176364
0.137234
-0.0728384
0.00382706
-0.137843
-0.0479123
0.0304195
-0.106776
-0.118679
-0.0522688
0.109209
-0.0783261
0.0308044
-0.00284939
-0.0128322
0.0711765
0.196534
0.0422734
0.0187942
-0.0445738
0.092187
-0.0958983
-0.181412
0.133694
0.12951
0.0244119
-0.0381893
-0.0970435
-0.169587
-0.0224488
-0.110894
0.148531
-0.150388
0.108181
-0.189343
0.0367429
0.18606
0.121499
-0.187465
0.148016
-0.0809525
-0.169645
-0.0064455
0.0988748
0.0641827
-0.0857494
0.0316426
0.0973753
0.191097
-0.156273
0.191805
0.164356
0.124234
-0.0895008
0.194776
-0.0804707
0.113322
-0.0352487
-0.164692
0.0140205
-0.093973
0.135924
-0.128509
-0.100174
-0.0769637
0.145433
0.0506555
-0.112639
-0.0672153
-0.139026
0.112287
-0.177372
0.00833218
-0.0159157
-0.0652332
-0.0747215
-0.149458
-0.0758292
-0.194426
-0.11897
-0.113243
-0.0512534
0.0166169
0.10821
0.0403908
0.0256706
0.0617587
-0.0642973
0.0169208
-0.0262493
-0.0104628
-0.0334134
0.12961
0.130451
0.0989102
-0.100079
0.152275
-0.158184
-0.156936
0.133566
0.00514864
-0.187533
0.0765863
-0.142251
-0.114601
0.143039
0.189722
-0.0931178
-0.122569
-0.0740485
0.0251626
-0.141401
0.00815639
-0.0326917
0.0566103
0.113957
0.054876
0.0984449
-0.152853
0.0152948
-0.16515
-0.134084
0.148579
0.0103545
0.0141734
-0.151667
-0.0426921
0.196065
-0.126726
0.154134
-0.00898448
-0.194335
-0.0759548
0.162508
-0.0832559
-0.103335
-0.0577748
0.118427
-0.121248
0.180008
-0.0713214
0.076403
0.0553079
0.0579331
-0.183716
0.166559
0.106118
0.0755926
0.0313359
-0.0136049
-0.0616912
0.024097
0.0203708
-0.151611
-0.0412589
-0.142142
0.0769919
-0.130955
0.079576
0.0714923
-0.0939422
0.133542
0.0616354
-0.0252528
-0.0625303
-0.0822054
-0.0671869
-0.0573877
0.0621597
-0.00138041
-0.0691549
0.157626
-0.173173
0.0493576
-0.0821058
-0.0999936
-0.167288
-0.071007
0.0192429
0.136653
-0.0846613
-0.100157
-0.198916
-0.154576
-0.0357957
-0.175775
-0.00134081
-0.0813127
-0.0123593
0.069569
0.110999
0.0419169
0.0410227
-0.163
0.00654772
-0.123022
-0.0834189
-0.106436
0.0857642
-0.142608
-0.0245231
-0.0811408
-0.0589466
0.136059
-0.0575497
0.00479346
0.0589431
0.0999953
-0.116478
0.0744566
-0.0812637
0.104613
-0.0207214
0.114003
0.14222
0.0313112
0.1681
0.059179
0.0146176
-0.0958215
-0.0150326
0.179902
0.0229904
0.0550755
0.127356
0.0524197
-0.024964
0.140955
0.137597
0.075265
-0.174421
0.11799
0.0415336
0.110884
0.118754
0.11534
0.0189336
-0.169275
0.116923
-0.119382
0.165941
-0.00729544
-0.135574
0.184969
-0.169483
-0.0427107
0.124615
-0.171255
0.107826
0.109133
-0.143213
-0.115781
0.0292278
0.0803191
-0.148035
0.124533
0.0287898
-0.112135
-0.172656
0.0998038
-0.0574221
0.134614
0.0931795
0.1083
0.0747206
-0.152401
-0.127685
-0.109422
0.167108
-0.0451433
0.0458684
-0.00739804
0.107392
-0.0193521
0.0564558
-0.0440252
-0.0828788
0.127007
-0.184706
0.112158
0.137789
-0.0374173
-0.165434
-0.0136887
-0.022429
0.0553796
0.0102216
-0.0265657
-0.0436429
-0.164484
-0.196457
-0.158987
0.0762887
0.056595
-0.0737622
-0.119918
0.0299123
-0.146601
-0.145356
0.122089
-0.0520919
-0.0597352
-0.0967704
0.193901
-0.0410696
0.0690121
-0.0937689
-0.149632
0.0748365
-0.0332122
0.193705
0.0560937
0.118787
0.0537319
0.0986421
-0.164564
0.0761921
-0.0239461
0.0714067
0.0760216
0.0736694
0.0867102
0.0281342
-0.154243
-0.158714
-0.0480708
-0.158424
0.0614654
0.154445
0.0392178
0.1716
-0.0149425
-0.19556
0.132874
0.098659
0.144222
-0.143635
-0.0538804
-0.191148
-0.147932
-0.0641934
-0.179465
0.156237
-0.0142307
-0.189768
0.0993377
0.0158021
-0.0109254
0.0150109
0.0322921
0.0507074
-0.0746718
0.158494
-0.141316
0.0106275
-0.0144924
0.0134023
0.0166894
0.177044
-0.0217249
0.168249
-0.191688
0.10078
0.155205
-0.0119648
-0.114935
-0.197631
-0.0566601
0.14032
0.165147
0.102282
0.0152599
0.176622
-0.0726286
-0.0915756
-0.103634
-0.147489
0.00322985
0.120132
0.0467134
0.0121781
-0.151493
0.0915306
-0.176368
0.0741006
0.120555
0.190952
-0.160045
-0.198363
0.116246
-0.160243
-0.177645
0.145992
-0.0464357
-0.000875167
0.0370082
-0.087791
-0.170443
-0.123694
0.158028
-0.198236
0.108358
0.0939751
0.0415491
-0.0204533
-0.151055
0.0173301
-0.194019
0.180771
0.0953243
0.104987
-0.122773
-0.0176355
0.185262
0.0769807
0.129901
0.177981
-0.075806
0.0670335
0.0473064
-0.0116045
-0.195192
0.0272481
0.125778
-0.0745798
-0.182721
-0.0391833
0.0900611
0.0412342
-0.0910236
0.100055
0.177257
0.177948
-0.194554
0.138774
0.159291
-0.0627821
0.0306082
0.0845165
-0.0203814
-0.0818786
-0.137719
0.0874872
-0.152482
-0.0507301
0.113176
-0.195139
-0.162648
0.05423
0.174816
0.136521
0.182953
-0.0762955
-0.00402931
0.0103021
-0.0966181
0.189405
0.0572847
-0.0544816
0.195884
0.128961
-0.00681215
0.110823
-0.031444
-0.0966526
0.0085736
0.0808983
-0.190144
0.069244
-0.121439
0.126389
0.189195
-0.16718
0.131548
0.0777356
-0.0265327
0.0820876
0.0634974
0.121304
-0.114257
0.170256
0.113013
0.0492095
0.0548281
-0.161182
-0.154688
-0.148112
0.136779
0.052336
-0.165825
-0.0144301
0.0248914
-0.0265243
-0.0645392
0.0968519
-0.0355318
-0.0895363
0.0089647
0.112233
0.127234
0.145337
0.0642118
0.117499
-0.196172
-0.0085462
-0.146551
0.115912
-0.0925683
0.105293
0.0303638
-0.166084
-0.0375048
0.110237
-0.136859
0.0840711
-0.190886
-0.0546753
-0.165741
-0.11113
-0.135888
-0.140383
-0.13673
-0.00243797
-0.165918
0.0496475
-0.0858904
0.0300571
-0.165218
-0.107735
0.0597952
0.0365968
0.0200446
0.153068
-0.066075
-0.0956736
-0.0752442
0.139085
-0.0224856
-0.0968203
-0.0635505
0.164238
0.0547384
0.121684
-0.080875
0.0253626
0.0892544
-0.122464
0.0322963
-0.170285
0.0519374
-0.136524
-0.0715898
-0.193283
-0.0424432
-0.0918578
0.146118
0.187689
0.0955926
-0.0209771
0.196037
0.0960757
-0.135265
-0.174445
-0.00202229
0.0836824
0.142087
-0.0191235
-0.0605968
-0.0593012
0.111006
-0.070657
-0.0282167
0.0130164
0.0886523
0.125793
-0.116794
0.174249
0.0960056
-0.186599
0.11855
0.101137
0.0432602
0.103838
0.163986
0.0853044
-0.0986734
0.0625746
0.0891695
0.090529
0.138413
0.0468476
-0.111523
-0.152725
-0.063424
-0.190491
0.179325
0.0933835
-0.0129314
-0.111217
0.00470362
0.189194
-0.177255
-0.00549125
-0.000371724
0.059693
-0.0951728
0.0488635
0.0531674
-0.0490276
0.0857065
0.0303378
-0.0234956
-0.0238851
-0.197118
-0.0740555
-0.0404757
0.111124
-0.0997578
-0.0637626
-0.0692776
-0.169677
0.194846
0.0875816
-0.190828
0.138603
-0.0228974
0.059413
0.0769435
-0.0545729
0.12828
0.137597
0.01725
0.137333
-0.147398
-0.176861
0.187705
0.110603
0.0199088
-0.148676
-0.0889952
-0.185265
0.181849
-0.140051
0.0379471
-0.025849
-0.0124759
-0.158773
0.101048
-0.0898826
-0.164993
-0.17847
0.0303291
-0.0507883
-0.185262
0.157558
-0.141623
-0.0753563
-0.189043
0.0406625
-0.0108603
0.144413
-0.192368
0.00877553
0.0996512
0.048882
-0.181659
0.0871823
0.0248492
0.0977175
0.0891167
0.162833
0.116717
0.195972
-0.116752
0.0853454
0.158393
-0.187424
0.179567
-0.0482482
0.164685
-0.0559224
-0.112033
-0.171588
0.196818
0.0123929
-0.0844147
-0.131243
0.169273
-0.178651
-0.104411
0.165967
-0.12356
-0.0892468
-0.163807
-0.0278048
0.00866965
-0.124089
-0.00353702
-0.0878308
0.191663
0.194557
-0.153399
-0.074731
-0.19012
-0.135259
0.0455864
-0.069243
-0.182702
-0.119527
-0.0654899
0.0737053
-0.0729502
0.0153164
0.0615318
0.0251591
0.0573726
-0.0420718
0.113506
0.0194787
0.140166
-0.0693471
-0.0196415
0.143383
-0.0888798
0.018251
-0.104354
0.172734
-0.0183479
-0.133289
0.00660381
-0.0408218
-0.0651867
-0.174108
-0.0639535
0.165075
-0.171815
-0.0162213
0.0143933
-0.149075
0.0968836
0.103154
-0.110951
-0.0951288
-0.151323
-0.0907084
0.0455203
0.183761
0.146999
0.123779
0.050747
0.0495418
0.00723684
-0.0411317
-0.0111709
-0.151835
0.124038
0.0242358
-0.0995869
-0.0639245
-0.00989244
0.145794
0.174857
-0.0924777
-0.194614
0.0204952
-0.0329909
-0.0123744
-0.0512597
-0.0143008
0.162021
0.138182
-0.150309
0.041019
-0.144014
0.194481
0.103559
-0.159916
-0.159894
0.124676
-0.0746631
-0.0863854
-0.199361
-0.113419
0.128605
-0.197117
0.0519725
-0.0530444
-0.0719942
0.154854
0.0388794
0.14857
-0.16765
-0.0155541
-0.0483847
0.0523019
0.0310253
0.022364
0.0611802
-0.181522
0.0115612
-0.0336686
-0.0977882
-0.161607
-0.0457399
0.0680411
0.014369
-0.16735
0.17997
0.0271393
0.0502056
-0.191738
0.105144
0.0833004
-0.129985
0.145033
0.17719
0.0777512
-0.0842753
0.153521
0.0286592
-0.191059
0.181681
0.0179991
0.0890469
-0.0101341
-0.0133835
-0.00592983
-0.0355489
0.00814927
0.0766779
0.0836668
0.134579
-0.129762
-0.00581151
-0.0429384
-0.0188915
0.159957
0.0113868
-0.169968
-0.0855832
0.11377
0.050192
-0.104217
-0.188996
0.179099
-0.0383677
0.0969349
0.138002
-0.103879
0.0200231
0.0656421
0.172778
-0.0693044
0.114788
-0.158134
0.181084
0.0324179
0.123274
-0.199823
0.12544
-0.178553
0.0957198
-0.181908
-0.0742375
-0.120747
0.00750878
0.194011
-0.0331951
0.157788
-0.0428273
0.125564
0.0163412
-0.0434527
-0.0343943
-0.170914
0.127856
0.133977
0.0517773
0.158285
0.0942696
-0.00184751
0.137728
0.175197
-0.086825
0.0550828
-0.113994
0.0505351
0.0099706
0.00704167
-0.156114
0.0357672
0.135389
0.0950127
0.0220395
0.0403925
-0.148333
-0.0811105
-0.0548405
-0.0624511
-0.198324
-0.133098
-0.0598682
-0.123315
-0.196732
-0.074424
-0.194999
-0.124387
0.105059
-0.159778
-0.188436
0.158705
0.130272
-0.0128774
-0.081548
0.077619
-0.170808
0.0724397
0.0541146
0.0522915
0.0717994
0.132775
-0.0180508
-0.0704844
-0.127874
0.135611
-0.018536
0.0950266
0.088582
-0.0762885
0.183469
0.0907998
-0.0949037
-0.194716
-0.0341017
0.139869
0.194466
-0.141568
-0.00295601
-0.17699
-0.164586
0.110522
0.035019
0.0750908
0.16731
-0.0972448
0.00242665
0.135758
-0.0940342
0.0788668
0.0365168
-0.0144157
0.163394
0.196074
0.00625988
0.0261312
0.146615
-0.107545
0.0525603
-0.0701058
-0.1445
-0.183964
0.176553
-0.0442217
-0.0385423
0.0275908
-0.123038
0.174187
-0.0453019
0.0360783
0.155981
-0.171635
-0.0728906
-0.159364
0.196465
0.0619669
0.0432572
0.0510394
0.109773
-0.0152896
-0.10062
-0.0487366
-0.196095
-0.120236
-0.13845
0.142523
-0.14267
-0.152162
0.150043
-0.0801134
-0.119415
-0.0222984
-0.111211
0.113237
-0.179354
0.0630837
-0.0606257
0.0406725
-0.0899354
0.188448
0.161576
-0.182159
-0.0782103
0.0844649
-0.103294
0.178285
-0.0991413
0.137754
0.12784
-0.0867381
-0.0288511
-0.108254
0.000718037
-0.0417242
-0.131559
0.123196
-0.161696
0.144842
0.127077
0.0855042
0.184791
-0.0167034
0.00591465
0.0942718
0.156512
0.0458243
0.0827955
0.132652
0.0193875
0.141734
0.0574307
-0.0534634
0.142116
-0.194143
-0.0871403
0.187722
-0.187662
0.180373
0.0636977
-0.0936578
0.0358514
-0.102702
0.080071
-0.13444
-0.0673855
-0.100086
-0.179561
-0.12787
0.15973
-0.0105868
-0.040811
-0.0804569
-0.107335
-0.182239
-0.0673113
-0.119238
-0.103129
0.173727
-0.125204
0.0965171
0.0126594
-0.0705232
0.086101
0.0308216
0.0651363
-0.0341098
-0.0359538
-0.135358
0.0303132
0.103473
0.0137471
-0.054753
0.0636448
-0.0665825
-0.0608625
0.039511
-0.132614
-0.0573588
-0.0734924
0.0886608
0.00716587
-0.0401062
0.0467439
0.180258
0.0141383
0.0481523
-0.169343
0.0759251
-0.105508
0.0895496
0.0570106
-0.0872984
-0.161577
-0.181756
-0.114295
0.103358
-0.146153
0.1105
0.037802
0.125949
0.0777534
0.136286
-0.0149336
-0.16419
-0.0171822
-0.102439
-0.170624
0.0709047
-0.182698
-0.183517
0.0768701
0.199439
-0.18566
0.118547
-0.0822788
-0.195442
0.0465342
-0.11535
-0.0803717
-0.106976
-0.059532
-0.126418
0.0175703
0.127536
-0.0999526
0.0432939
-0.0890945
-0.0524451
0.195525
0.17479
0.14571
-0.129063
0.12175
0.191466
0.0161233
-0.124525
0.140973
-0.110261
-0.0684844
-0.0553733
0.0932857
-0.110278
-0.180632
0.0111084
0.0505577
0.0389356
-0.195822
-0.0287874
0.0936179
0.0439532
-0.193738
-0.0624236
0.147088
-0.1779
-0.0865782
0.18344
0.185174
-0.0417683
-0.0785559
-0.140227
-0.154931
-0.00959061
0.177929
-0.086999
-0.0286311
-0.121719
0.108601
0.0106382
-0.0906372
-0.078818
0.172467
0.00901166
0.113042
0.129818
-0.0445882
0.0398447
0.0825318
0.156515
-0.00864153
-0.184991
0.134141
0.148248
-0.108863
-0.16845
0.0846214
-0.114282
0.0336477
0.164685
-0.0521824
0.0679711
-0.132236
-0.0753564
-0.167951
0.166964
-0.15764
-0.164501
-0.0144647
0.0181158
0.0628843
-0.128152
0.0878814
-0.0282787
0.0752143
-0.00752579
0.127562
0.167731
0.196913
0.131802
0.148649
0.109312
0.137987
0.0676441
-0.189918
0.0494654
-0.041323
-0.0887076
0.0237513
-0.124067
-0.134158
-0.179838
0.132343
-0.0377705
-0.0914869
0.142754
0.112357
-0.173634
-0.0404625
0.184107
-0.058644
0.147643
-0.0396181
0.0159426
0.159828
-0.186643
0.117078
-0.0572545
0.0401038
0.0743088
-0.199965
-0.11503
-0.0283474
-0.140835
-0.0921859
-0.133302
-0.0573181
-0.0519957
0.111209
-0.186013
0.101066
-0.0178625
-0.0662933
0.0851191
0.0781886
0.181391
0.172368
-0.134477
0.129381
0.00898106
0.0374433
-0.036863
0.0944189
0.128022
-0.140017
-0.179522
-0.0771021
-0.0363601
0.111899
-0.124851
0.0273783
0.194079
0.157702
-0.150489
-0.107896
-0.0568844
-0.14461
0.0112716
-0.0873364
-0.139839
-0.127968
0.00377934
-0.150464
-0.117965
-0.162049
-0.105263
-0.0270892
-0.0126045
-0.116697
-0.100747
0.0189647
0.11819
0.138235
-0.0329186
0.0398048
-0.141654
-0.178812
0.0839928
0.0357825
-0.16402
0.152928
-0.138284
0.182837
-0.1701
0.136152
0.108064
0.00404999
0.144636
0.0438729
-0.165338
-0.174635
-0.0647127
-0.0976467
-0.192379
-0.0442657
0.00922052
-0.00411125
0.00849736
-0.0525189
0.0980889
-0.0919066
0.119287
-0.00516893
-0.160438
-0.0880137
0.0880496
-0.0176936
0.0592114
0.17351
-0.0267739
0.0474106
-0.0397299
-0.0281353
-0.0730309
0.0262705
-0.172973
0.126031
-0.0770257
0.0154963
0.111721
-0.0881048
0.180904
0.191894
-0.14177
0.0696627
-0.161042
-0.0948697
-0.0651714
-0.094974
-0.0273366
0.0873114
-0.189483
-0.0694487
0.148519
0.197877
-0.0511216
-0.0846401
-0.117812
0.0413947
-0.0624163
0.0547792
-0.110667
-0.019283
0.146273
-0.103107
0.173649
-0.121712
-0.0544515
0.18061
0.0291665
-0.053062
0.194966
-0.00178673
-0.182419
-0.140632
0.0724732
-0.0645626
0.0563733
0.132429
-0.154015
0.0721326
0.0854586
-0.0723446
0.0324497
-0.0693187
-0.0193556
-0.0667876
-0.0226588
0.00960229
-0.0760516
0.064645
0.139044
-0.119794
0.0180619
0.0233911
-0.139462
-0.194314
0.179092
0.00560423
0.0430864
-0.102292
-0.188058
0.15988
-0.119026
-0.197544
-0.153492
0.0218069
0.0845882
0.0506983
-0.0162897
0.0967176
0.106154
-0.192623
0.056889
0.0502819
-0.163833
0.010696
0.00334327
-0.168661
-0.12267
0.0876199
-0.0391796
0.0470372
-0.0379723
0.00896871
-0.158909
0.00208995
0.179191
-0.11458
0.189097
-0.0452715
-0.00494261
0.074617
0.0753547
-0.076788
0.13824
0.0235021
0.0424139
-0.111209
0.0319217
0.0172263
0.177613
-0.0679234
0.0700827
-0.0771971
-0.0865713
0.0106599
0.0227586
0.0802587
0.109033
0.177809
0.132116
0.157164
-0.141068
0.17944
-0.0551695
0.0785855
-0.0382563
-0.109741
-0.0851272
-0.193795
0.171701
0.131541
888888
0.05
0.05
0.05
0.05
0.05
0.05
0.05
0.05
0.05
0.05
0.05
0.05
0.05
0.05
0.05
0.05
0.05
0.05
0.05
0.05
0.05
0.05
0.05
0.05
0.05
0.05
0.05
0.05
0.05
0.05
0.05
0.05
0.05
0.05
0.05
0.05
0.05
0.05
0.05
0.05
0.05
0.05
0.05
0.05
0.05
0.05
0.05
0.05
0.05
0.05
0.05
0.05
0.05
0.05
0.05
0.05
0.05
0.05
0.05
0.05
0.05
0.05
0.05
0.05
0.05
0.05
0.05
0.05
0.05
0.05
0.05
0.05
0.05
0.05
0.05
0.05
0.05
0.05
0.05
0.05
0.05
0.05
0.05
0.05
0.05
0.05
0.05
0.05
0.05
0.05
0.05
0.05
0.05
0.05
0.05
0.05
0.05
0.05
0.05
0.05
0.05
0.05
0.05
0.05
0.05
0.05
0.05
0.05
0.05
0.05
0.05
0.05
0.05
0.05
0.05
0.05
0.05
0.05
0.05
0.05
0.05
0.05
0.05
0.05
0.05
0.05
0.05
0.05
0.05
0.05
0.05
0.05
0.05
0.05
0.05
0.05
0.05
0.05
0.05
0.05
0.05
0.05
0.05
0.05
0.05
0.05
0.05
0.05
0.05
0.05
0.05
0.05
0.05
0.05
0.05
0.05
0.05
0.05
0.05
0.05
0.05
0.05
0.05
0.05
0.05
0.05
0.05
0.05
0.05
0.05
0.05
0.05
0.05
0.05
0.05
0.05
0.05
0.05
0.05
0.05
0.05
0.05
0.05
0.05
0.05
0.05
0.05
0.05
0.05
0.05
0.05
0.05
0.05
0.05
0.05
0.05
0.05
0.05
0.05
0.05
0.05
0.05
0.05
0.05
0.05
0.05
0.05
0.05
0.05
0.05
0.05
0.05
0.05
0.05
0.05
0.05
0.05
0.05
0.05
0.05
0.05
0.05
0.05
0.05
0.05
0.05
0.05
0.05
0.05
0.05
0.05
0.05
0.05
0.05
0.05
0.05
0.05
0.05
0.05
0.05
0.05
0.05
0.05
0.05
0.05
0.05
0.05
0.05
0.05
0.05
0.05
0.05
0.05
0.05
0.05
0.05
0.05
0.05
0.05
0.05
0.05
0.05
0.05
0.05
0.05
0.05
0.05
0.05
0.05
0.05
0.05
0.05
0.05
0.05
0.05
0.05
0.05
0.05
0.05
0.05
0.05
0.05
0.05
0.05
0.05
0.05
0.05
0.05
0.05
0.05
0.05
0.05
0.05
0.05
0.05
0.05
0.05
0.05
0.05
0.05
0.05
0.05
0.05
0.05
0.05
0.05
0.05
0.05
0.05
0.05
0.05
0.05
0.05
0.05
0.05
0.05
0.05
0.05
0.05
0.05
0.05
0.05
0.05
0.05
0.05
0.05
0.05
0.05
0.05
0.05
0.05
0.05
0.05
0.05
0.05
0.05
0.05
0.05
0.05
0.05
0.05
0.05
0.05
0.05
0.05
0.05
0.05
0.05
0.05
0.05
0.05
0.05
0.05
0.05
0.05
0.05
0.05
0.05
0.05
0.05
0.05
0.05
0.05
0.05
0.05
0.05
0.05
0.05
0.05
0.05
0.05
0.05
0.05
0.05
0.05
0.05
0.05
0.05
0.05
0.05
0.05
0.05
0.05
0.05
0.05
0.05
0.05
0.05
0.05
0.05
0.05
0.05
0.05
0.05
0.05
0.05
0.05
0.05
0.05
0.05
0.05
0.05
0.05
0.05
0.05
0.05
0.05
0.05
0.05
0.05
0.05
0.05
0.05
0.05
0.05
0.05
0.05
0.05
0.05
0.05
0.05
0.05
0.05
0.05
0.05
0.05
0.05
0.05
0.05
0.05
0.05
0.05
0.05
0.05
0.05
0.05
0.05
0.05
0.05
0.05
0.05
0.05
0.05
0.05
0.05
0.05
0.05
0.05
0.05
0.05
0.05
0.05
0.05
0.05
0.05
0.05
0.05
0.05
0.05
0.05
0.05
0.05
0.05
0.05
0.05
0.05
0.05
0.05
0.05
0.05
0.05
0.05
0.05
0.05
0.05
0.05
0.05
0.05
0.05
0.05
0.05
0.05
0.05
0.05
0.05
0.05
0.05
0.05
0.05
0.05
0.05
0.05
0.05
0.05
0.05
0.05
0.05
0.05
0.05
0.05
0.05
0.05
0.05
0.05
0.05
0.05
0.05
0.05
0.05
0.05
0.05
0.05
0.05
0.05
0.05
0.05
0.05
0.05
0.05
0.05
0.05
0.05
0.05
0.05
0.05
0.05
0.05
0.05
0.05
0.05
0.05
0.05
0.05
0.05
0.05
0.05
0.05
0.05
0.05
0.05
0.05
0.05
0.05
0.05
0.05
0.05
0.05
0.05
0.05
0.05
0.05
0.05
0.05
0.05
0.05
0.05
0.05
0.05
0.05
0.05
0.05
0.05
0.05
0.05
0.05
0.05
0.05
0.05
0.05
0.05
0.05
0.05
0.05
0.05
0.05
0.05
0.05
0.05
0.05
0.05
0.05
0.05
0.05
0.05
0.05
0.05
0.05
0.05
0.05
0.05
0.05
0.05
0.05
0.05
0.05
0.05
0.05
0.05
0.05
0.05
0.05
0.05
0.05
0.05
0.05
0.05
0.05
0.05
0.05
0.05
0.05
0.05
0.05
0.05
0.05
0.05
0.05
0.05
0.05
0.05
0.05
0.05
0.05
0.05
0.05
0.05
0.05
0.05
0.05
0.05
0.05
0.05
0.05
0.05
0.05
0.05
0.05
0.05
0.05
0.05
0.05
0.05
0.05
0.05
0.05
0.05
0.05
0.05
0.05
0.05
0.05
0.05
0.05
0.05
0.05
0.05
0.05
0.05
0.05
0.05
0.05
0.05
0.05
0.05
0.05
0.05
0.05
0.05
0.05
0.05
0.05
0.05
0.05
0.05
0.05
0.05
0.05
0.05
0.05
0.05
0.05
0.05
0.05
0.05
0.05
0.05
0.05
0.05
0.05
0.05
0.05
0.05
0.05
0.05
0.05
0.05
0.05
0.05
0.05
0.05
0.05
0.05
0.05
0.05
0.05
0.05
0.05
0.05
0.05
0.05
0.05
0.05
0.05
0.05
0.05
0.05
0.05
0.05
0.05
0.05
0.05
0.05
0.05
0.05
0.05
0.05
0.05
0.05
0.05
0.05
0.05
0.05
0.05
0.05
0.05
0.05
0.05
0.05
0.05
0.05
0.05
0.05
0.05
0.05
0.05
0.05
0.05
0.05
0.05
0.05
0.05
0.05
0.05
0.05
0.05
0.05
0.05
0.05
0.05
0.05
0.05
0.05
0.05
0.05
0.05
0.05
0.05
0.05
0.05
0.05
0.05
0.05
0.05
0.05
0.05
0.05
0.05
0.05
0.05
0.05
0.05
0.05
0.05
0.05
0.05
0.05
0.05
0.05
0.05
0.05
0.05
0.05
0.05
0.05
0.05
0.05
0.05
0.05
0.05
0.05
0.05
0.05
0.05
0.05
0.05
0.05
0.05
0.05
0.05
0.05
0.05
0.05
0.05
0.05
0.05
0.05
0.05
0.05
0.05
0.05
0.05
0.05
0.05
0.05
0.05
0.05
0.05
0.05
0.05
0.05
0.05
0.05
0.05
0.05
0.05
0.05
0.05
0.05
0.05
0.05
0.05
0.05
0.05
0.05
0.05
0.05
0.05
0.05
0.05
0.05
0.05
0.05
0.05
0.05
0.05
0.05
0.05
0.05
0.05
0.05
0.05
0.05
0.05
0.05
0.05
0.05
0.05
0.05
0.05
0.05
0.05
0.05
0.05
0.05
0.05
0.05
0.05
0.05
0.05
0.05
0.05
0.05
0.05
0.05
0.05
0.05
0.05
0.05
0.05
0.05
0.05
0.05
0.05
0.05
0.05
0.05
0.05
0.05
0.05
0.05
0.05
0.05
0.05
0.05
0.05
0.05
0.05
0.05
0.05
0.05
0.05
0.05
0.05
0.05
0.05
0.05
0.05
0.05
0.05
0.05
0.05
0.05
0.05
0.05
0.05
0.05
0.05
0.05
0.05
0.05
0.05
0.05
0.05
0.05
0.05
0.05
0.05
0.05
0.05
0.05
0.05
0.05
0.05
0.05
0.05
0.05
0.05
0.05
0.05
0.05
0.05
0.05
0.05
0.05
0.05
0.05
0.05
0.05
0.05
0.05
0.05
0.05
0.05
0.05
0.05
0.05
0.05
0.05
0.05
0.05
0.05
0.05
0.05
0.05
0.05
0.05
0.05
0.05
0.05
0.05
0.05
0.05
0.05
0.05
0.05
0.05
0.05
0.05
0.05
0.05
0.05
0.05
0.05
0.05
0.05
0.05
0.05
0.05
0.05
0.05
0.05
0.05
0.05
0.05
0.05
0.05
0.05
0.05
0.05
0.05
0.05
0.05
0.05
0.05
0.05
0.05
0.05
0.05
0.05
0.05
0.05
0.05
0.05
0.05
0.05
0.05
0.05
0.05
0.05
0.05
0.05
0.05
0.05
0.05
0.05
0.05
0.05
0.05
0.05
0.05
0.05
0.05
0.05
0.05
0.05
0.05
0.05
0.05
0.05
0.05
0.05
0.05
0.05
0.05
0.05
0.05
0.05
0.05
0.05
0.05
0.05
0.05
0.05
0.05
0.05
0.05
0.05
0.05
0.05
0.05
0.05
0.05
0.05
0.05
0.05
0.05
0.05
0.05
0.05
0.05
0.05
0.05
0.05
0.05
0.05
0.05
0.05
0.05
0.05
0.05
0.05
0.05
0.05
0.05
0.05
0.05
0.05
0.05
0.05
0.05
0.05
0.05
0.05
0.05
0.05
0.05
0.05
0.05
0.05
0.05
0.05
0.05
0.05
0.05
0.05
0.05
0.05
0.05
0.05
0.05
0.05
0.05
0.05
0.05
0.05
0.05
0.05
0.05
0.05
0.05
0.05
0.05
0.05
0.05
0.05
0.05
0.05
0.05
0.05
0.05
0.05
0.05
0.05
0.05
0.05
0.05
0.05
0.05
0.05
0.05
0.05
0.05
0.05
0.05
0.05
0.05
0.05
0.05
0.05
0.05
0.05
0.05
0.05
0.05
0.05
0.05
0.05
0.05
0.05
0.05
0.05
0.05
0.05
0.05
0.05
0.05
0.05
0.05
0.05
0.05
0.05
0.05
0.05
0.05
0.05
0.05
0.05
0.05
0.05
0.05
0.05
0.05
0.05
0.05
0.05
0.05
0.05
0.05
0.05
0.05
0.05
0.05
0.05
0.05
0.05
0.05
0.05
0.05
0.05
0.05
0.05
0.05
0.05
0.05
0.05
0.05
0.05
0.05
0.05
0.05
0.05
0.05
0.05
0.05
0.05
0.05
0.05
0.05
0.05
0.05
0.05
0.05
0.05
0.05
0.05
0.05
0.05
0.05
0.05
0.05
0.05
0.05
0.05
0.05
0.05
0.05
0.05
0.05
0.05
0.05
0.05
0.05
0.05
0.05
0.05
0.05
0.05
0.05
0.05
0.05
0.05
0.05
0.05
0.05
0.05
0.05
0.05
0.05
0.05
0.05
0.05
0.05
0.05
0.05
0.05
0.05
0.05
0.05
0.05
0.05
0.05
0.05
0.05
0.05
0.05
0.05
0.05
0.05
0.05
0.05
0.05
0.05
0.05
0.05
0.05
0.05
0.05
0.05
0.05
0.05
0.05
0.05
0.05
0.05
0.05
0.05
0.05
0.05
0.05
0.05
0.05
0.05
0.05
0.05
0.05
0.05
0.05
0.05
0.05
0.05
0.05
0.05
0.05
0.05
0.05
0.05
0.05
0.05
0.05
0.05
0.05
0.05
0.05
0.05
0.05
0.05
0.05
0.05
0.05
0.05
0.05
0.05
0.05
0.05
0.05
0.05
0.05
0.05
0.05
0.05
0.05
0.05
0.05
0.05
0.05
0.05
0.05
0.05
0.05
0.05
0.05
0.05
0.05
0.05
0.05
0.05
0.05
0.05
0.05
0.05
0.05
0.05
0.05
0.05
0.05
0.05
0.05
0.05
0.05
0.05
0.05
0.05
0.05
0.05
0.05
0.05
0.05
0.05
0.05
0.05
0.05
0.05
0.05
0.05
0.05
0.05
0.05
0.05
0.05
0.05
0.05
0.05
0.05
0.05
0.05
0.05
0.05
0.05
0.05
0.05
0.05
0.05
0.05
0.05
0.05
0.05
0.05
0.05
0.05
0.05
0.05
0.05
0.05
0.05
0.05
0.05
0.05
0.05
0.05
0.05
0.05
0.05
0.05
0.05
0.05
0.05
0.05
0.05
0.05
0.05
0.05
0.05
0.05
0.05
0.05
0.05
0.05
0.05
0.05
0.05
0.05
0.05
0.05
0.05
0.05
0.05
0.05
0.05
0.05
0.05
0.05
0.05
0.05
0.05
0.05
0.05
0.05
0.05
0.05
0.05
0.05
0.05
0.05
0.05
0.05
0.05
0.05
0.05
0.05
0.05
0.05
0.05
0.05
0.05
0.05
0.05
0.05
0.05
0.05
0.05
0.05
0.05
0.05
0.05
0.05
0.05
0.05
0.05
0.05
0.05
0.05
0.05
0.05
0.05
0.05
0.05
0.05
0.05
0.05
0.05
0.05
0.05
0.05
0.05
0.05
0.05
0.05
0.05
0.05
0.05
0.05
0.05
0.05
0.05
0.05
0.05
0.05
0.05
0.05
0.05
0.05
0.05
0.05
0.05
0.05
0.05
0.05
0.05
0.05
0.05
0.05
0.05
0.05
0.05
0.05
0.05
0.05
0.05
0.05
0.05
0.05
0.05
0.05
0.05
0.05
0.05
0.05
0.05
0.05
0.05
0.05
0.05
0.05
0.05
0.05
0.05
0.05
0.05
0.05
0.05
0.05
0.05
0.05
0.05
0.05
0.05
0.05
0.05
0.05
0.05
0.05
0.05
0.05
0.05
0.05
0.05
0.05
0.05
0.05
0.05
0.05
0.05
0.05
0.05
0.05
0.05
0.05
0.05
0.05
0.05
0.05
0.05
0.05
0.05
0.05
0.05
0.05
0.05
0.05
0.05
0.05
0.05
0.05
0.05
0.05
0.05
0.05
0.05
0.05
0.05
0.05
0.05
0.05
0.05
0.05
0.05
0.05
0.05
0.05
0.05
0.05
0.05
0.05
0.05
0.05
0.05
0.05
0.05
0.05
0.05
0.05
0.05
0.05
0.05
0.05
0.05
0.05
0.05
0.05
0.05
0.05
0.05
0.05
0.05
0.05
0.05
0.05
0.05
0.05
0.05
0.05
0.05
0.05
0.05
0.05
0.05
0.05
0.05
0.05
0.05
0.05
0.05
0.05
0.05
0.05
0.05
0.05
0.05
0.05
0.05
0.05
0.05
0.05
0.05
0.05
0.05
0.05
0.05
0.05
0.05
777777