2.69274
999999
0.10289
-0.0877593
-0.212848
-0.194146
0.0374322
0.0607366
-0.0604391
-0.170186
0.252246
0.0899992
0.056818
-0.190257
-0.156082
-0.0887573
0.100761
0.0507655
0.00092533
0.0261912
0.30898
0.0475945
0.0907864
0.259055
0.130497
0.0705102
-0.261177
0.0676094
0.0990055
-0.166013
0.0556648
0.203526
-0.175027
-0.0105528
-0.275039
0.103065
-0.0675385
0.0352069
0.204844
-0.138935
-0.0249437
0.155179
0.0231452
-0.238305
0.170955
-0.148286
0.058682
-0.0327227
-0.143596
0.0803866
0.126469
-0.322099
0.110888
0.23146
-0.0381205
-0.17584
-0.0808522
-0.075529
-0.0300587
0.124862
-0.253727
0.0734195
-0.0484147
0.252491
-0.0823339
0.118752
0.00696066
0.23786
0.226048
0.259355
0.0243981
-0.107359
-0.0741318
0.0500772
-0.0507278
0.069346
-0.234737
0.206251
-0.0332705
-0.129151
0.163397
-0.201954
0.00390971
0.109947
-0.0346172
0.112263
-0.299277
-0.105703
0.0439238
0.117497
-0.13427
-0.175821
-0.183194
-0.0286682
0.174532
-0.050372
-0.0327379
-0.0627059
-0.0875259
-0.0694503
-0.0993592
-0.0683788
-0.00439712
0.207679
-0.0673793
0.113204
0.154713
0.244545
0.239417
-0.038496
0.00813067
-0.124995
-0.107338
0.27121
-0.161366
-0.125348
-0.0550988
0.169666
-0.056392
0.0375881
0.16604
-0.139597
-0.0205437
0.131144
-0.0941867
0.0981507
-0.188999
-0.105485
0.0891687
0.153526
-0.14353
0.0681666
-0.140797
0.217485
-0.134859
0.20894
0.0285811
0.0152988
0.0445702
0.035341
-0.1096
-0.139924
-0.24141
0.107203
-0.182419
0.0565679
0.103402
0.0668014
0.0416131
-0.0424335
-0.0365077
-0.233009
-0.0792716
0.156351
-0.102739
0.22825
0.234526
-0.16389
0.031186
-0.0136347
0.0640624
-0.196434
0.159652
0.11616
0.0624513
0.0834188
-0.0116203
-0.239833
-0.0525895
-0.0489089
0.142258
0.0702493
0.0404176
0.0783682
0.161624
-0.210032
-0.0267195
-0.271084
-0.207458
-0.0852787
0.176168
0.153782
-0.0415411
-0.0565373
0.145075
-0.0271006
-0.183045
-0.15399
0.240938
-0.0666404
0.0362324
0.0664642
-0.0552591
0.0263787
-0.0956237
-0.0696537
0.326317
0.181021
0.362329
-0.295127
0.100362
0.182268
0.0778148
-0.0672552
0.0689078
-0.107306
-0.17045
0.0951856
-0.199093
0.160682
-0.273303
0.0175464
-0.117642
0.14985
0.0746393
-0.0230512
0.319875
-0.0790216
0.174936
0.17504
0.0669422
0.0450469
-0.312221
0.0391843
0.0548568
0.133058
-0.243326
-0.144504
-0.0855051
0.0396534
0.0440625
-0.0454309
0.203849
0.299617
0.168744
-0.464142
0.103474
0.202308
-0.130374
0.0617824
0.182229
-0.136427
0.178771
-0.0216347
-0.0490658
-0.115273
0.0376121
-0.136884
0.107382
-0.181668
-0.081323
-0.246607
-0.221739
0.153894
0.247881
0.067142
-0.0758428
0.136441
0.180673
-0.0863948
-0.269883
0.104842
0.269516
0.159226
-0.00606245
0.0848704
0.0380771
-0.0926131
0.0647141
0.26347
0.207642
0.0141228
0.208938
-0.24096
0.228179
-0.159783
-0.257479
0.0953708
0.00488439
-0.140488
0.0626129
0.151023
-0.142611
-0.22546
-0.253102
0.162608
0.202031
0.15671
0.0339031
0.0458179
0.157735
-0.112659
0.146767
-0.0588125
-0.0191557
-0.219303
0.0659936
-0.159739
0.0706344
0.100913
0.129977
-0.129346
0.0303122
0.0568453
-0.0630224
0.117401
-0.043634
-0.150041
0.258787
-0.0205944
0.0160138
0.338897
-0.0859167
0.090566
0.112935
-0.128057
-0.0655188
-0.098533
0.054151
0.249362
0.0215851
0.128663
-0.167461
-0.0204594
-0.0486753
0.01126
-0.232041
-0.0689472
0.0344328
0.0176719
0.105489
0.16415
0.0580746
-0.0927987
-0.0684196
0.199224
0.188827
0.196158
-0.0383933
0.021013
-0.00839829
-0.0406977
0.265952
0.355011
0.0629163
0.0208621
0.0953038
0.0257806
0.121965
-0.157327
0.148575
0.198233
0.0835015
-0.0246727
0.21983
-0.273861
-0.162543
-0.133183
-0.203648
0.109724
0.232025
0.1302
-0.0871844
0.162416
-0.0126896
0.241362
-0.0193713
0.156758
0.0770959
-0.119248
-0.241301
-0.242545
-0.0405495
-0.261374
-0.113413
0.100538
0.172521
0.010822
0.0857352
0.0588906
0.000591106
-0.0855886
0.0919816
0.157623
-0.250657
-0.0811506
0.00295789
-0.0130827
0.1357
0.150515
0.0104849
-0.0304147
0.106803
0.137564
-0.0445915
-0.246271
-0.145862
-0.14407
-0.0385033
0.159435
0.00851369
0.0713348
0.0730398
-0.056351
-0.0805033
0.00299897
0.16351
0.137065
0.0431733
-0.123007
0.184396
0.0493869
0.0239228
-0.183921
-0.0456701
-0.042405
0.00837663
-0.115221
-0.186541
0.0875122
-0.0537643
0.264331
0.0723009
0.157122
-0.205995
-0.196602
0.053135
0.0879425
-0.0136803
0.237587
0.164755
0.282896
0.150514
0.266146
-0.0226531
0.076327
0.0875923
-0.090257
-0.146131
0.0733668
0.118939
0.148957
0.00305132
0.224735
0.0945907
0.0242979
0.0536424
0.0963201
-0.124482
-0.230724
-0.0471647
-0.27793
0.0129918
0.182736
-0.134336
0.129201
0.240412
-0.0648464
-0.149616
-0.0473812
-0.0432639
0.0909574
-0.0363505
-0.0261021
-0.00294842
-0.0025068
-0.36071
-0.275904
0.0435701
-0.113961
0.11039
-0.0501958
-0.154461
0.131799
0.0318153
0.0647772
-0.0650237
0.17022
-0.226994
0.230538
0.0257219
0.200328
-0.111437
0.012446
0.00443996
-0.0680249
0.205434
0.402711
-0.0899538
0.0726869
0.187361
0.26225
0.0325076
0.0461497
0.156006
0.0291945
-0.128443
-0.288403
-0.0454587
0.0613645
0.0633034
0.0421858
0.287797
0.00616273
0.0981098
0.0968139
-0.185714
0.236903
0.101388
-0.0822638
0.248819
-0.225819
-0.0992423
-0.0165034
-0.0937353
-0.0513852
-0.018933
0.0750875
0.0193927
-0.283623
-0.434453
0.105987
-0.185061
0.257553
-0.185253
0.0952707
-0.119855
0.140204
0.144893
-0.0752301
0.300303
0.0333472
0.138333
-0.0784664
0.158849
0.139963
0.166475
0.130192
0.189204
-0.0838243
-0.0939863
0.0762563
-0.0352659
0.0112652
-0.219754
-0.0101539
-0.0503013
0.0347812
-0.290119
-0.000470615
-0.0182391
-0.205842
0.0961328
-0.109051
0.015842
0.156737
0.11582
-0.0310771
-0.305597
-0.0117188
0.0979597
-0.0971585
0.00216367
-0.0490817
0.195022
-0.331284
0.0887503
-0.148923
0.25773
-0.157935
-0.16698
-0.0223191
-0.175195
-0.0318886
-0.0557203
0.0480731
-0.172596
-0.0425535
0.0979484
0.0225177
-0.0921429
-0.437385
-0.072008
0.0772091
-0.0593047
0.0573245
0.011973
-0.0614629
0.0970197
0.108017
-0.152067
0.0900974
-0.0017225
-0.166021
4.93078e-05
-0.105066
-0.15471
-0.0228553
0.155554
-0.169278
-0.183496
0.0467882
-0.0891769
-0.0544769
-0.171355
0.203146
0.106358
-0.0763412
0.0727301
0.00743365
0.0318272
-0.0727924
-0.19208
-0.143455
0.0320007
0.242495
-0.205682
0.155288
0.233425
0.25753
-0.170819
-0.164277
0.178015
-0.223832
0.257744
0.0717739
-0.116597
-0.12953
-0.0338672
0.0287124
-0.153086
0.120187
-0.0998435
-0.142518
0.10075
-0.244468
-0.0412793
-0.00243952
-0.146307
0.113287
0.00276331
-0.0874808
-0.116104
0.232437
-0.172052
-0.077518
0.0606689
0.387033
0.213162
0.0342981
0.106942
-0.0481069
0.0922825
0.234907
-0.130696
0.000218988
0.127008
-0.0356044
-0.031301
0.0721053
-0.0306817
-0.00524853
-0.00264076
-0.03569
-0.0084923
0.19646
-0.0382957
0.0560107
0.0436447
-0.117425
0.0561739
-0.166429
-0.176921
0.151176
0.152428
-0.169097
-0.140132
-0.0552662
0.108185
-0.114656
0.187917
0.191193
0.0157957
-0.0713273
-0.0420508
-0.132784
-0.0749373
-0.0731392
0.0277903
0.124113
-0.103745
-0.125108
-0.102401
0.142715
0.066109
0.218269
-0.156183
0.0645857
-0.0471019
-0.304217
-0.0344177
-0.143939
-0.0790262
0.111229
-0.035335
0.0399002
0.270433
0.240919
0.00485959
-0.0571524
-0.252297
-0.0793332
-0.0519954
0.0315824
0.11878
0.0831884
-0.0294602
0.0507407
-0.0349263
0.258072
-0.0400578
0.103882
-0.140293
-0.104484
-0.12844
0.0892541
-0.0612896
-0.0767723
-0.0201021
0.153882
0.0691384
-0.130803
-0.138986
-0.185858
-0.146238
0.159837
0.260218
0.194626
-0.0918728
-0.0720407
-0.119885
0.124088
0.0464437
0.306025
-0.0759652
0.0932382
0.0480933
0.0556427
-0.0234161
0.0507414
-0.0453877
-0.266857
0.0950341
-0.126353
-0.0197711
-0.140152
-0.0131999
-0.0923427
-0.116877
-0.00193442
-0.0927961
0.0721062
-0.225515
0.00219057
-0.135807
0.196965
-0.123467
0.201969
0.232909
-0.161164
0.148035
-0.0437952
0.0609295
-0.0571689
0.0308891
0.207502
-0.147061
0.00503039
-0.115792
-0.222691
-0.0838641
0.199528
0.213327
-0.310997
-0.0959279
-0.0512133
0.089419
-0.0156063
0.0539193
0.0861495
-0.0354496
-0.0728224
0.0258323
-0.063965
0.0730277
0.0521592
0.179746
-0.181201
0.147003
-0.0758641
0.259253
-0.0628899
-0.280858
0.174827
0.096842
0.0241819
0.0638307
-0.0380073
0.2306
0.235944
0.109541
0.232491
0.139153
-0.155016
0.0285789
0.0948276
0.0461412
-0.0416599
-0.0820157
0.0136363
-0.00466177
0.0220945
0.299278
0.303794
-0.0141351
-0.147488
0.0902994
0.0105412
0.0509781
0.0250427
-0.0184476
-0.203744
0.0938673
0.0832099
0.114081
-0.0265447
0.000176142
0.322881
0.0843732
-0.0765131
0.218429
-0.0639831
-0.104506
0.150655
0.0794823
-0.166845
0.214475
-0.0276856
0.0130979
0.0381223
0.0410495
0.26911
0.0729585
0.0063555
0.295091
0.109148
-0.103537
0.233523
-0.0579295
-0.019439
-0.0216555
0.301572
-0.0285833
-0.0919413
-0.0615729
-0.123411
-0.0906431
0.292769
0.22978
0.179584
0.134289
-0.0198305
-0.0495805
-0.0050708
-0.220848
0.153438
-0.0039557
0.0999543
0.151288
0.00582898
-0.125421
0.232817
0.0493704
0.166496
0.178168
-0.0176964
-0.0717986
-0.206883
0.205947
0.22148
-0.016116
0.0679171
0.198661
0.25222
-0.169853
0.21904
0.205576
-0.0481828
-0.0566483
0.294787
-0.14943
0.0766637
0.0969923
-0.16054
-0.0732497
0.124323
-0.0134863
0.221616
-0.112748
-0.0730651
-0.0174744
-0.137079
0.360007
-0.244467
0.0215605
-0.275101
-0.00830829
0.132981
0.0187019
-0.118587
-0.110282
0.107676
-0.101532
-0.23278
0.105486
-0.0539733
0.232313
-0.085455
0.0292396
0.192974
-0.169372
0.0489845
0.0397165
-0.0212584
0.0843662
-0.0440294
-0.149218
0.216937
-0.0297333
-0.115355
-0.061651
0.133056
0.0786358
-0.161751
0.109823
-0.0483445
-0.156809
-0.00584346
-0.168441
0.306393
0.117968
0.0455507
0.0142985
-0.0570882
-0.124127
0.156084
-0.17163
0.0937509
-0.207564
0.0203204
0.0564323
-0.105415
-0.104209
0.076807
0.130485
-0.0207107
0.0439262
-0.0805434
0.057947
-0.00358992
-0.008029
0.0470478
0.026169
0.137364
0.0409211
-0.128749
0.00386469
-0.0992654
0.155297
0.0304585
0.0488773
-0.0544369
-0.0262445
-0.229263
0.0602191
-0.0343001
0.117762
0.0942601
0.0552556
-0.30953
-0.122634
-0.0579608
0.0593342
0.00956954
-0.00486582
0.21556
0.145807
-0.0146954
-0.0141119
0.091191
0.00218097
-0.102296
-0.0577114
-0.0954237
0.0561232
-0.0979718
0.265523
-0.291955
-0.151984
0.0769366
0.0505426
-0.129861
0.156604
0.176138
-0.0919217
-0.113295
0.192361
0.0738872
-0.111348
-0.148806
0.248117
-0.0432122
0.129863
-0.0422756
-0.250883
0.0521253
-0.0411425
-0.0768676
0.250723
0.129466
-0.129512
-0.0263157
0.181379
-0.00539133
-0.17417
0.358773
0.0602991
0.151943
0.109162
0.02019
-0.0108384
0.237621
0.224816
-0.178817
0.0597164
-0.0650981
-0.0843361
-0.271193
-0.179767
-0.168494
0.00494194
0.0619785
0.00636231
0.0606639
-0.264737
0.207349
-0.133456
-0.0511247
0.0827245
-0.0827338
0.197016
-0.136688
-0.189721
-0.0607504
-0.140156
-0.259016
-0.093251
0.090006
0.10785
0.22423
0.13811
0.286797
0.00463704
-0.0171309
0.041912
0.275999
-0.059633
0.0198745
0.0389382
0.33873
-0.0119847
-0.0840417
-0.0785625
-0.0396223
0.0555758
-0.307824
0.0556633
0.0625948
0.0587549
-0.154524
-0.102111
0.0680317
0.0532007
0.113137
0.161902
-0.206007
-0.122115
0.309382
0.101282
0.143139
0.199387
0.0594427
0.205454
-0.0846694
-0.192875
-0.0702099
0.31575
-0.0589551
-0.261073
0.103355
0.107332
0.198353
-0.215338
0.0859793
-0.017801
-0.0267975
0.0113206
-0.274392
-0.142625
-0.0495866
0.000706705
-0.197937
-0.129263
0.108753
0.0497271
0.0738016
0.127219
-0.0476649
0.203944
-0.269531
0.134001
0.135213
-0.093842
-0.319094
0.32716
-0.192923
-0.0706526
0.0201625
0.17612
0.0650855
0.0787755
0.157497
-0.11112
0.0402307
-0.243926
-0.0821322
-0.0475763
-0.093886
0.134969
-0.137888
0.169673
0.0160764
-0.27479
0.0628863
0.103778
0.25197
0.0116988
0.148916
0.256666
0.261245
0.031015
-0.1308
-0.0770797
0.0522618
-0.0884147
-0.0841712
0.10119
0.0780115
0.179726
0.00686315
-0.0264809
0.164233
0.0301938
-0.0910436
-0.249695
0.197504
0.0572961
-0.184465
-0.118215
0.0199636
0.100711
-0.0619571
-0.0239584
0.141687
-0.107712
0.0727429
-0.0409038
0.0637718
-0.0804352
-0.173717
0.319537
-0.0522356
0.365251
0.169046
0.261341
-0.123513
-0.0388505
-0.108419
-0.169856
-0.00729058
0.0866458
-0.0228858
0.0674815
-0.075043
0.0232941
-0.019979
-0.160553
-0.139183
-0.157862
-0.223252
0.17947
0.0493548
-0.0395015
-0.0503454
0.00112327
-0.310227
-0.113109
-0.172315
-0.0490661
-0.120736
-0.079216
0.125094
0.325017
0.0576911
0.150202
0.0881706
0.0550252
-0.0160068
0.0980632
-0.116526
0.14465
0.124174
0.122266
0.292412
-0.217918
0.0607702
0.102491
-0.167222
0.078886
0.211588
0.243394
-0.140657
-0.00191825
0.0278413
0.162448
0.165272
0.00548732
0.115386
0.0997054
-0.186928
-0.0986606
0.0393647
-0.00155409
-0.0130629
-0.259867
-0.176319
0.317754
-0.129872
-0.117802
0.169479
0.258155
-0.197075
0.237119
-0.0394055
-0.211098
0.151209
0.0349979
-0.104636
-0.0511425
-0.256393
0.130312
-0.190055
0.053304
0.158058
-0.0940113
-0.201626
0.0494086
0.113948
-0.0609601
-0.0219116
-0.242892
-0.0995729
-0.181432
0.0767607
0.0387517
-0.091589
-0.141981
0.198048
-0.00149127
-0.138158
-0.0455649
0.153288
0.154114
-0.224483
0.0353156
0.213912
-0.205045
-0.0322712
0.106569
0.00865846
-0.0823359
-0.095969
-0.117418
-0.0222497
0.0272169
0.0176158
-0.250845
0.221321
-0.0556452
-0.112334
-0.0611813
0.214114
0.00474735
0.189477
-0.0547082
0.221872
0.124559
-0.109618
-0.144431
0.190339
-0.185008
-0.16
0.0556684
0.0227552
-0.062653
0.0878134
0.387804
0.0877265
-0.0660012
0.0294925
-0.174342
-0.230441
0.0297793
-0.0259878
0.0463768
0.166666
0.0385742
-0.215854
0.087608
-0.0808423
-0.146233
-0.0936135
0.0128084
-0.103546
-0.117892
0.0443468
-0.070598
0.0670814
-0.0323438
-0.354946
-0.132749
0.108369
-0.133069
0.00735163
0.102643
0.0351659
-0.0654892
0.0307398
-0.0405334
0.0173022
-0.240537
-0.166196
-0.167027
-0.174957
0.0953547
0.00338449
0.192202
0.09578
-0.014382
-0.117666
0.0809585
-0.0498378
0.100787
0.261662
-0.218153
-0.133244
0.0554346
0.179912
0.167705
-0.039377
0.153258
0.0624614
0.188125
0.270289
-0.019095
0.124228
-0.0692266
-0.179428
-0.115827
-0.277892
0.22955
-0.0467019
-0.0382339
-0.0882747
-0.213563
-0.236835
-0.0608328
-0.12127
0.0689056
0.0189308
-0.142606
0.0328005
-0.0425585
0.189086
-0.0622212
0.142778
0.0417947
0.21449
-0.0900356
-0.0935199
-0.0832244
0.205557
0.0495834
-0.0744565
0.0455302
0.150475
0.27134
0.108074
-0.109174
0.127654
-0.0378358
0.00086159
0.14345
0.157381
-0.237339
0.0434678
0.178443
-0.289544
-0.116163
-0.114661
-0.383887
-0.059361
-0.0359703
-0.0696593
0.146054
0.131489
0.0061363
-0.0928986
0.165725
0.230163
-0.251009
0.00453864
-0.146108
-0.206166
0.419163
0.0661057
-0.205136
-0.00993409
0.14723
0.00630683
-0.10892
0.353912
0.302607
-0.112729
0.0620199
-0.19813
-0.113075
0.106622
-0.245557
-0.207985
0.0736975
-0.196318
-0.139191
-0.00634278
-0.00242336
0.0243039
0.0674245
-0.286224
0.089562
-0.0991709
-0.207633
-0.0738219
0.0608106
-0.129874
-0.277899
-0.0758608
-0.163814
0.0601742
-0.237096
0.0128964
-0.0941024
0.112607
-0.000572682
0.00806723
-0.00606936
0.110177
0.0180064
-0.18212
-0.26052
-0.115441
0.0423427
-0.0958587
0.0159232
0.210444
-0.138167
-0.293111
-0.157741
0.133587
0.183316
-0.0768295
-0.245132
-0.0319872
-0.0846192
0.108691
-0.0152446
0.360979
0.146922
-0.212899
0.162499
-0.199979
-0.207032
-0.102702
-0.0844614
0.0302225
0.170523
-0.12146
-0.061409
-0.143048
0.23589
0.222059
0.0788267
-0.187254
0.248339
0.0732544
0.0686216
0.170729
0.220792
0.0367079
-0.246494
-0.0766282
-0.130556
0.15851
0.206966
0.100491
0.0682203
-0.15144
0.119213
-0.011809
-0.147291
0.0237389
0.252291
-0.0292197
-0.07815
0.112062
-0.107679
0.129571
-0.075349
0.0380561
0.0199805
0.139503
-0.179861
-0.00929946
0.241151
-0.0382942
0.014715
0.232396
0.0182106
-0.0545864
-0.189103
-0.0163804
-0.0660138
0.0712085
-0.0455678
-0.142837
0.0508949
-0.128473
-0.171161
-0.206821
0.0234497
-0.0284148
-0.17536
0.185275
0.147379
0.0842004
-0.0846946
-0.289739
0.169365
-0.123186
-0.210227
0.0185112
0.0070641
-0.129357
-0.247896
-0.238256
0.294106
-0.21875
-0.105202
-0.0454518
-0.0407294
0.00723328
0.154112
-0.0468866
-0.0272984
0.00134206
0.105982
-0.0688714
0.123495
0.132018
0.113382
0.0468166
-0.249402
-0.0496465
-0.0056059
-0.0399459
-0.273077
-0.149619
0.0338221
-0.0605444
-0.117322
-0.0473704
-0.0639786
0.202149
0.182761
0.213761
-0.103879
-0.110491
-0.00611903
0.0872554
0.14672
0.0248465
0.176783
-0.115323
0.269862
-0.0256602
0.0301037
-0.00801509
0.0412692
0.283849
0.135996
0.0486644
-0.17835
-0.112129
0.125737
0.0305166
-0.16271
0.182291
-0.235806
0.120323
0.10981
0.0540934
0.0877839
-0.0937046
0.0996526
0.00567832
-0.085502
-0.00136545
0.0399841
-0.0456895
0.143043
0.281039
0.116262
0.119969
0.133488
-0.0620735
0.187656
0.0931323
0.183894
0.232048
0.157654
-0.185622
-0.178367
0.229277
-0.20389
-0.310524
-0.133062
-0.13792
0.000844821
-0.115014
-0.0503755
-0.133662
-0.0871259
-0.00309053
-0.0422798
-0.076043
-0.0901558
-0.141562
-0.0486558
0.0437539
-0.060821
-0.138345
-0.0418549
-0.0471661
-0.081989
-0.0404784
0.20933
-0.0362462
0.219292
-0.100767
0.169895
0.134235
0.280539
-0.00525048
888888
0.056365
0.0473767
0.0400665
0.0396631
0.0489451
0.0649079
0.0361296
0.0384671
0.0615932
0.038048
0.0390667
0.0521564
0.0483237
0.0550257
0.0417925
0.0681375
0.0623111
0.0487034
0.0501885
0.0489189
0.0580594
0.0408896
0.0654599
0.0564005
0.0392096
0.0394547
0.0391583
0.0465136
0.0517817
0.046502
0.034193
0.0405737
0.0724408
0.0475995
0.0391535
0.0490796
0.0393432
0.0309551
0.0662448
0.0343847
0.0499549
0.0372459
0.0376486
0.0481306
0.0416573
0.0438325
0.0565184
0.0539268
0.0505776
0.0629022
0.0485202
0.0543699
0.0597259
0.0619254
0.0437956
0.0408162
0.0643696
0.066354
0.0442965
0.0468177
0.0567376
0.0586605
0.0428961
0.0679608
0.0387148
0.0523828
0.0562579
0.0604101
0.0483678
0.0554585
0.0439755
0.0523391
0.0631157
0.0384409
0.050791
0.0464955
0.0393901
0.053398
0.0546588
0.0548384
0.0453093
0.049818
0.0452293
0.0352688
0.0487977
0.058981
0.0454466
0.0533647
0.0446591
0.0583494
0.0486287
0.0418342
0.060349
0.0584891
0.0516726
0.0533282
0.0557555
0.056986
0.0598986
0.0581386
0.0501412
0.0546031
0.0539183
0.0471599
0.0403501
0.0529612
0.0368492
0.0454115
0.0527442
0.0521511
0.0582196
0.0534304
0.0407002
0.0424957
0.0617649
0.0585934
0.0328523
0.0431979
0.0340477
0.0504962
0.0536612
0.043264
0.0389339
0.0498723
0.0540198
0.0471035
0.0560295
0.0405986
0.0476768
0.0531859
0.0527588
0.0522801
0.03609
0.0442769
0.0472735
0.0627604
0.0488403
0.0731189
0.0675335
0.042429
0.0376772
0.0461814
0.0368898
0.0565608
0.0581138
0.0672542
0.0381481
0.0530053
0.0466678
0.0526472
0.0624365
0.0407833
0.05197
0.064017
0.0427371
0.0472931
0.0455597
0.0363775
0.0458881
0.05404
0.0386708
0.0547993
0.0435354
0.0582638
0.055012
0.0569284
0.0500971
0.0509286
0.0401403
0.0426064
0.0457752
0.0551144
0.0683713
0.0745156
0.0456377
0.0409771
0.0647234
0.0723553
0.0430181
0.0407786
0.0436553
0.0540959
0.0483942
0.0505175
0.0714533
0.0413805
0.0526977
0.0357008
0.0444083
0.0701516
0.0461431
0.0419132
0.0547214
0.0447344
0.0329366
0.0299302
0.0760874
0.0580084
0.0605207
0.0447388
0.0718937
0.0499512
0.0690155
0.0446056
0.0411765
0.0589167
0.0458516
0.0421571
0.0451828
0.0603005
0.0579813
0.047434
0.0641673
0.0474964
0.0575836
0.0556613
0.0568869
0.0479413
0.0622612
0.0539791
0.0693088
0.0565704
0.0502246
0.0471849
0.0635369
0.0324307
0.0436219
0.0486194
0.0393471
0.03085
0.0463554
0.0508213
0.0562701
0.0516254
0.0465251
0.0466502
0.0502512
0.0504734
0.045126
0.0364245
0.0603505
0.0564394
0.0562307
0.0539157
0.0605053
0.0349587
0.047783
0.0531346
0.0533676
0.0380385
0.0887239
0.0495726
0.0697818
0.0454051
0.0525551
0.0584954
0.039763
0.0460203
0.0549202
0.0598743
0.043997
0.0619696
0.0528006
0.0443376
0.0503509
0.0396812
0.0449848
0.0541427
0.0471194
0.055927
0.0444958
0.0356278
0.0449464
0.0511047
0.0536095
0.0479693
0.0446588
0.0541837
0.0539566
0.0530137
0.0493493
0.0429506
0.0393134
0.0584609
0.0393947
0.0410549
0.0619336
0.0441857
0.0648089
0.0462733
0.0450337
0.0550999
0.0450571
0.0530914
0.0501707
0.0542388
0.0525214
0.0543511
0.0532647
0.0587566
0.0573046
0.0647448
0.0511293
0.0584445
0.0557396
0.0449814
0.0647401
0.046524
0.0536836
0.049255
0.0479876
0.0420078
0.0373311
0.0626311
0.0629369
0.0529345
0.0440388
0.0558284
0.0630245
0.0418718
0.036815
0.04345
0.0441222
0.0553108
0.0701303
0.0505953
0.0400583
0.0568345
0.0519989
0.0599282
0.0468101
0.046563
0.0564962
0.0574966
0.0381463
0.0616257
0.0411426
0.0515605
0.0513453
0.0473929
0.0430215
0.0401012
0.0461995
0.0448908
0.0365418
0.0748504
0.0538322
0.042969
0.0503508
0.0542897
0.0321662
0.0625252
0.0417143
0.0521042
0.0484037
0.0724569
0.0276458
0.0553842
0.0318848
0.0573795
0.0559689
0.0665055
0.0540772
0.049889
0.0586211
0.0534414
0.064927
0.0543168
0.0528165
0.0579025
0.0414024
0.0490934
0.0420329
0.0591495
0.0462126
0.0686805
0.038528
0.0411474
0.0664693
0.0527247
0.0490939
0.0536037
0.0603173
0.0600648
0.0575936
0.0625993
0.0540538
0.0384751
0.0342911
0.0509588
0.0517139
0.0373453
0.0582902
0.0380639
0.0457145
0.0635274
0.0489226
0.0581742
0.0489611
0.0598713
0.0500665
0.0408614
0.0577915
0.0458141
0.0632168
0.0552802
0.0576556
0.0576009
0.0653108
0.0601203
0.0675463
0.0443816
0.058702
0.0544858
0.0504148
0.0420283
0.0405722
0.061762
0.0493646
0.0649162
0.0530253
0.0354305
0.0521551
0.0495194
0.0465919
0.0509308
0.0540819
0.0580837
0.0534606
0.0667369
0.0520541
0.0883247
0.0505886
0.0392721
0.063524
0.0584714
0.046258
0.0598388
0.0538197
0.0411332
0.0693076
0.0645459
0.0548373
0.0862211
0.0479963
0.0514131
0.0505586
0.0474688
0.0606576
0.055604
0.0415995
0.0311604
0.0428989
0.0611664
0.0403799
0.0462041
0.0441727
0.0526646
0.0492872
0.0458221
0.0534777
0.0428905
0.0535977
0.040507
0.0525913
0.0449429
0.042994
0.0494398
0.0511412
0.0437053
0.0668239
0.0608864
0.0469074
0.0486459
0.0428545
0.0396987
0.0521331
0.0609561
0.0408926
0.0409432
0.0527387
0.0271399
0.0691021
0.0598977
0.045791
0.0490187
0.064679
0.0528116
0.0449397
0.0402901
0.0519981
0.0865162
0.038018
0.0384409
0.0330604
0.0629859
0.051764
0.0459838
0.0562072
0.0454947
0.0449821
0.0539678
0.0451452
0.0583465
0.0366333
0.0427061
0.0483948
0.05194
0.0565162
0.0451615
0.0450771
0.0667572
0.0556684
0.044105
0.0571819
0.0550583
0.0522408
0.0534255
0.0525328
0.0481124
0.0616519
0.0413691
0.0576879
0.0503204
0.0463142
0.0588451
0.0411625
0.0442724
0.0626297
0.0493177
0.0530973
0.04351
0.0451774
0.0414447
0.0335841
0.0423289
0.0677687
0.0584303
0.0599694
0.057092
0.0415914
0.0333283
0.0349714
0.0440084
0.0500621
0.0389783
0.0552578
0.0326076
0.0501202
0.0449434
0.0366967
0.0508657
0.0586423
0.0471261
0.0445693
0.0616439
0.0405018
0.0522877
0.0581041
0.0553967
0.052948
0.0781168
0.0589223
0.0532756
0.0638045
0.0438052
0.0693852
0.0780125
0.0644432
0.0642595
0.045088
0.0796981
0.0462855
0.0493234
0.0695188
0.0478441
0.0472088
0.0404081
0.0432134
0.0743649
0.0540106
0.0604425
0.045672
0.0494836
0.0513869
0.0422037
0.0483932
0.0633044
0.0303562
0.0651247
0.0481457
0.0487172
0.0499502
0.050582
0.0650171
0.0818764
0.0462852
0.0534953
0.052517
0.04372
0.0581775
0.0563634
0.0487216
0.0635926
0.0484368
0.0442894
0.0451288
0.0556009
0.0506567
0.064008
0.0514957
0.0553891
0.0567896
0.0484284
0.0575198
0.0560202
0.0512484
0.0381138
0.0358443
0.0434953
0.0551026
0.0452159
0.04706
0.047989
0.0417969
0.0328073
0.0477257
0.0631551
0.0494138
0.0584273
0.043668
0.0487096
0.0407849
0.0489586
0.0339839
0.0670452
0.0685207
0.0530448
0.0505089
0.0620876
0.0489822
0.0500093
0.040332
0.0382763
0.0656753
0.0573817
0.0535169
0.0713536
0.0627404
0.04557
0.0559891
0.0588776
0.0535313
0.0442655
0.055631
0.0528889
0.0457545
0.0305848
0.0467911
0.0563637
0.0420788
0.0461945
0.0396679
0.0394044
0.0426213
0.0603409
0.0451803
0.0578207
0.066085
0.0430347
0.06548
0.0469997
0.0454733
0.0736819
0.0365811
0.0431676
0.0662255
0.0460913
0.0537315
0.0567236
0.0488451
0.07933
0.0585923
0.0628589
0.0480565
0.0626596
0.0405216
0.0535758
0.0394782
0.0437312
0.072186
0.0389126
0.0390595
0.0392558
0.0423734
0.0395416
0.0463439
0.045829
0.0407445
0.040526
0.0481896
0.0527425
0.0557973
0.0570118
0.0446251
0.0361218
0.0651242
0.0448433
0.0416737
0.045855
0.0733988
0.0452784
0.0639655
0.0571069
0.0453197
0.0503905
0.0474448
0.0536568
0.0500599
0.0483525
0.0446406
0.0491218
0.0386979
0.0757072
0.0542928
0.0552881
0.0347418
0.0435164
0.0354198
0.0499922
0.0538039
0.0526926
0.0672871
0.0373205
0.0592479
0.046646
0.0517516
0.082479
0.046673
0.0557228
0.0474553
0.0613362
0.066292
0.0479357
0.0384558
0.0329776
0.0663464
0.0461528
0.046344
0.0469824
0.0438127
0.0387931
0.0410854
0.0527596
0.0450058
0.0431443
0.0408279
0.0528704
0.0345234
0.0703797
0.0511694
0.0415053
0.0397945
0.0579452
0.0603218
0.0391428
0.0606394
0.056394
0.0511868
0.0504046
0.0437151
0.039313
0.0349434
0.04326
0.0605903
0.0588891
0.0720142
0.050886
0.0441882
0.0474558
0.0636357
0.0394595
0.0470345
0.0657312
0.0476586
0.0502964
0.0659858
0.0512171
0.0469887
0.0392713
0.0363973
0.0538477
0.0427398
0.0425959
0.0522816
0.0710742
0.0465896
0.0529609
0.0531181
0.051215
0.0545731
0.0496316
0.0637404
0.0544916
0.0410527
0.0462835
0.0541383
0.059167
0.0447405
0.0604411
0.0555039
0.0470655
0.0492201
0.0463324
0.0458038
0.0427418
0.0523862
0.0354418
0.0580983
0.0422181
0.0430181
0.0548728
0.0426632
0.0443054
0.0354086
0.0448806
0.0451333
0.0570975
0.0540029
0.0453562
0.0559472
0.0479643
0.0494045
0.0388148
0.0480181
0.0529441
0.0530137
0.0490134
0.0516814
0.0727293
0.0511189
0.038529
0.0534599
0.0517815
0.0427145
0.0646533
0.065825
0.0362024
0.0349365
0.0375227
0.0497735
0.0587312
0.0476901
0.052218
0.0467551
0.0425257
0.0551434
0.0314875
0.054047
0.062729
0.0708995
0.0562166
0.0414179
0.0617938
0.0399129
0.0450017
0.0643114
0.0457797
0.0474496
0.048047
0.0523549
0.055485
0.044552
0.0498278
0.0390025
0.0550433
0.0486724
0.0587702
0.0509726
0.0474253
0.0603869
0.0588224
0.0360879
0.0349051
0.0679241
0.0557206
0.0552735
0.060289
0.042392
0.0433359
0.034286
0.0361903
0.0505184
0.0488953
0.0342807
0.0601106
0.0531462
0.043383
0.053301
0.0633149
0.0579119
0.0401199
0.0490004
0.0631071
0.0561109
0.0412732
0.0612661
0.0449601
0.0498238
0.0544222
0.0529968
0.0458039
0.0537549
0.0491044
0.0508212
0.0374873
0.0627273
0.0580597
0.0503697
0.0558433
0.0380452
0.0658132
0.0570126
0.0467932
0.0560659
0.0407383
0.0624943
0.0380673
0.0416374
0.0583475
0.0358399
0.0578965
0.0470893
0.0472236
0.0487634
0.0503307
0.0327589
0.0444273
0.0420726
0.0444914
0.0538907
0.0532617
0.0561158
0.0484656
0.0476786
0.0449416
0.0528684
0.0493646
0.0401455
0.0461212
0.0421213
0.0451118
0.0404635
0.0785631
0.0497266
0.0339561
0.070134
0.0603064
0.0691997
0.0643933
0.0418984
0.0445508
0.0497858
0.0411379
0.0476141
0.0565602
0.0361946
0.0612432
0.0437412
0.0319073
0.0487767
0.0366725
0.0479068
0.0408142
0.0455617
0.0405523
0.0393588
0.070975
0.0522531
0.0713736
0.0494397
0.0422079
0.0590353
0.055049
0.0391247
0.0663896
0.0534519
0.0440962
0.0482439
0.0518192
0.050154
0.0524748
0.0690067
0.052765
0.0425808
0.0597263
0.0598602
0.0674684
0.0487825
0.0474423
0.0378245
0.0694248
0.0615124
0.0463238
0.0556704
0.0622574
0.0488252
0.0294365
0.0566611
0.0553141
0.0357648
0.042343
0.0542943
0.0437768
0.0502736
0.0531655
0.045235
0.0402231
0.0488916
0.0572217
0.0624495
0.0489424
0.0427794
0.0415165
0.0446702
0.0561347
0.0534259
0.0580902
0.0405723
0.065307
0.0327477
0.0485671
0.0546534
0.0621869
0.0456102
0.041125
0.0597731
0.0578431
0.0461965
0.0520377
0.0614065
0.0467854
0.0523728
0.0393697
0.0718696
0.0519495
0.0506259
0.0483131
0.0462051
0.0521865
0.0527923
0.0662088
0.0546465
0.0375558
0.0390493
0.0461288
0.0450889
0.0362867
0.0484535
0.0546328
0.0668726
0.0476021
0.0528896
0.0406758
0.0504029
0.0508894
0.0363054
0.0558202
0.0387262
0.0510034
0.0636294
0.0409792
0.046675
0.0661468
0.0497431
0.0572903
0.0441182
0.0819958
0.0716708
0.0603229
0.0534149
0.0415965
0.0560412
0.0679635
0.057282
0.0480916
0.0576591
0.0402277
0.0512004
0.0425577
0.0535776
0.0538115
0.0646793
0.0470256
0.0549607
0.0345639
0.0487991
0.0261175
0.0447845
0.0714819
0.0486167
0.0536021
0.0586739
0.0416053
0.054689
0.0448771
0.0787275
0.046996
0.0450386
0.0466408
0.0530958
0.0612334
0.0399003
0.0540587
0.0705724
0.0636714
0.0487856
0.0574803
0.0411551
0.0533953
0.037947
0.0565684
0.0403867
0.0492038
0.0485755
0.0444078
0.0469183
0.0501335
0.0562968
0.0609912
0.0550035
0.0520209
0.0578623
0.044607
0.041944
0.0746766
0.0673605
0.0399923
0.0473677
0.0503756
0.0573395
0.0499744
0.0424059
0.0455225
0.0395418
0.0403203
0.0484714
0.0573558
0.0596034
0.0600945
0.036152
0.0464106
0.0542591
0.0555484
0.0385265
0.0469517
0.0449735
0.0463537
0.0533644
0.048106
0.0448147
0.037127
0.0460743
0.0531338
0.0443727
0.0412375
0.0430047
0.0467378
0.0464682
0.049558
0.0619831
0.0506649
0.06652
0.0409279
0.0745084
0.054997
0.0502317
0.0360433
0.0505183
0.0463669
0.052335
0.0588289
0.0436241
0.0449666
0.0389553
0.0539092
0.0636469
0.0520925
0.0627127
0.0694313
0.0526396
0.0479996
0.0509197
0.0494434
0.0558568
0.0753445
0.0597337
0.0419117
0.0413817
0.0639423
0.0614169
0.0574971
0.0557943
0.0437065
0.0408978
0.0632811
0.0519288
0.0497749
0.0660742
0.0505791
0.0412811
0.0529766
0.0495186
0.0542104
0.0608707
0.0472005
0.0592101
0.0554937
0.0529216
0.0578818
0.0363243
0.0543847
0.038022
0.0656695
0.0377933
0.0551352
0.0411559
0.0504225
0.0513482
0.0542246
0.0550087
0.0549204
0.0375715
0.0626344
0.0564243
0.0445183
0.0418227
0.0425218
0.0440428
0.0621263
0.0656594
0.0517265
0.0716411
0.0354756
0.0402813
0.055248
0.0384763
0.0566414
0.0509836
0.040638
0.0424614
0.0318289
0.054293
0.056198
0.0524879
0.0582384
0.0338191
0.0326879
0.0606694
0.0633289
0.0416799
0.0491119
0.0427958
0.0583155
0.0625322
0.0581465
0.0427902
0.0426766
0.0445336
0.0563452
0.0430306
0.0514404
0.057393
0.0551371
0.0409339
0.0507395
0.0459599
0.0379579
0.0630121
0.0515991
0.0521638
0.0446506
0.0437929
0.0559638
0.0742258
0.060546
0.0519112
0.0399692
0.0518821
0.069764
0.0558597
0.0545337
0.0604829
0.0440889
0.0429849
0.0667247
0.0525722
0.037044
0.0556511
0.0367842
0.0569967
0.0791251
0.0478005
0.0654458
0.0486377
0.0548321
0.0386997
0.0502501
0.0464656
0.0533243
0.065157
0.0510946
0.0475815
0.0492411
0.0608621
0.0836096
0.0677491
0.0513323
0.0419872
0.0487089
0.0514572
0.0442827
0.0639399
0.0500932
0.0303037
0.0562415
0.0656446
0.0591866
0.0462815
0.0491259
0.0635121
0.0494867
0.062352
0.0589784
0.0604308
0.0374045
0.0442706
0.0511937
0.039776
0.0389481
0.0422149
0.0632585
0.058134
0.0521684
0.0632579
0.0463008
0.0461525
0.0381035
0.0433688
0.0582837
0.0549329
0.0567952
0.0421901
0.0454417
0.0503857
0.0451784
0.0512991
0.0452875
0.0481705
0.0348822
0.0513709
0.0524311
0.042548
0.0504642
0.0679924
0.0468891
0.0364623
0.0359819
0.0541271
0.0427399
0.0385303
0.0596503
0.0588834
0.0611521
0.0624585
0.0461659
0.0811261
0.0480496
0.0609245
0.0611225
0.0488007
0.0447969
0.0583064
0.0412812
0.0388605
0.0494446
0.0545296
0.0541586
0.0432606
0.0593233
0.0478808
0.0554489
0.0562552
0.0621511
0.0485544
0.0571773
0.0405736
0.0497771
0.0449006
0.0677464
0.0440309
0.0595049
0.0382206
0.0404971
0.0458469
0.0589868
0.0538121
0.0450698
0.0580286
0.0380629
0.0772517
0.0636705
0.0588256
0.0479642
0.0372483
0.0351325
0.0448815
0.077306
0.0576081
0.0525744
0.0414436
0.05118
0.0593606
0.0488296
0.0453766
0.0514291
0.0455635
0.0917004
0.050441
0.0537987
0.0499825
0.0661396
0.0511216
0.0338432
0.0526767
0.0527123
0.0458613
0.0479622
0.0694559
0.0635291
0.0653044
0.0382321
0.053847
0.0510327
0.0864774
0.0457682
0.0566174
0.0379132
0.0295681
0.0719669
0.0647799
0.0383035
0.049868
0.0561765
0.042881
0.0519308
0.0365791
0.0700977
0.0429973
0.0400785
0.0489793
0.0477799
0.0526308
0.0702324
0.0493134
0.0390059
0.0491122
0.0645141
0.0523162
0.0553062
0.051141
0.0455663
0.0457007
0.0551008
0.0452343
0.051834
0.0599305
0.0716715
0.0535671
0.0462668
0.0426318
0.0460079
0.0564241
0.0337796
0.0441286
0.0400639
0.0394059
0.0291323
0.0362878
0.0397852
0.044057
0.0428103
0.047095
0.0528646
0.0330886
0.0423256
0.0393922
0.0571357
0.0604908
0.0667923
0.0362458
0.0475348
0.0598888
0.0555245
0.035432
0.0462106
0.0566908
0.0526885
0.0431222
0.0523821
0.0565707
0.0461386
0.0470469
0.0593459
0.041506
0.0570842
0.0339767
0.0597367
0.0613711
0.0588167
0.0628848
0.0475105
0.0617582
0.0600095
0.065137
0.0537361
0.0562337
0.0431717
0.0385237
0.0480219
0.0484374
0.0527002
0.0477743
0.0431354
0.0436293
0.0841256
0.0568178
0.0452621
0.0411605
0.0468673
0.0596195
0.0530637
0.0471216
0.0491609
0.052032
0.0633658
0.0415399
0.0542537
0.0445011
0.0520662
0.0547617
0.043187
0.0673276
0.046832
0.0393498
0.0650586
0.0550822
0.0389129
0.0511586
0.0445315
0.0469656
0.0358214
0.0636666
0.0643207
0.0362479
0.0474033
0.0424678
0.0446584
0.0625503
0.0570721
0.044369
0.0518727
0.050534
0.0587512
0.0429169
0.047177
0.0513017
0.0417525
0.0597407
0.0545584
0.0545641
0.0572034
0.0775466
0.0492904
0.0522181
0.0400141
0.0546017
0.0535248
0.0419054
0.0422772
0.0506679
0.0573333
0.0524899
0.0385607
0.0533369
0.0584293
0.0643958
0.0452314
0.0880855
0.0537661
0.0513699
0.031187
0.0377053
0.0480073
0.0484108
0.0418124
0.0424831
0.0477391
0.0500556
0.0567372
0.0459249
0.0396767
0.0460806
0.0468199
0.0432987
0.0572958
0.0436022
0.0566443
0.0410013
0.0476946
0.0391847
0.0542421
0.0477761
0.0442421
0.0475107
0.0706721
0.0735222
0.0567981
0.0372599
0.076394
0.025684
0.0597953
0.0475548
0.035003
0.0523297
0.0528886
0.0448239
0.0490013
0.0473587
0.04986
0.0323575
0.0444871
0.0443863
0.0416631
0.0373919
0.070655
0.0522162
0.0596422
0.056289
0.0502203
0.0485484
0.0676698
0.0525267
0.0559203
0.0574914
0.0551114
0.0771149
0.0706611
0.0400608
0.0512832
0.0562462
0.0476128
0.0508278
0.0635427
0.0333174
0.0678667
0.049053
0.0463136
0.0494413
0.0624595
0.0531963
0.0357022
0.0615157
0.060097
0.0575977
0.053424
0.0559745
0.0469458
0.0429161
0.0477192
0.0545867
0.0392997
0.0532382
0.0418695
0.0589165
0.0378752
0.0700217
0.060032
0.0651452
0.0593817
777777