3.03627
999999
0.25549
0.0568075
0.174937
-0.116604
-0.0969892
-0.13958
0.0303092
0.0357887
-0.135859
-0.0497636
-0.14283
0.0903875
0.120331
0.158092
-0.0223425
0.0203928
-0.0603386
-0.0328474
0.125649
-0.0690813
-0.0246445
-0.0926148
-0.220766
-0.134504
-0.158624
0.081403
-0.234701
-0.162467
-0.0791399
-0.073286
0.0745028
-0.016904
0.00987379
0.211247
-0.0846799
0.0321683
0.0731506
0.0552441
0.115409
0.0283494
0.0596363
0.0935954
-0.0862398
-0.028401
-0.0442791
0.0771365
0.00912996
0.136706
0.113313
-0.0906161
0.369196
0.275847
-0.0198128
-0.00553311
-0.0477925
0.14487
-0.0947507
-0.0931284
0.0949349
-0.225829
0.279484
-0.140086
-0.269986
0.00830929
-0.0312242
0.120568
0.169299
-0.0619634
-0.0466583
0.0041827
-0.0906221
-0.217652
-0.135384
0.159026
0.153052
0.013497
0.147022
-0.166977
-0.177928
0.186271
0.047753
0.051751
-0.0402329
0.176466
-0.127072
-0.0666498
-0.0416558
-0.1722
0.0192447
0.0374046
-0.0170406
0.153966
-0.0529605
0.0955147
-0.221207
-0.127289
0.282729
-0.0289119
0.0441829
0.153041
-0.0618762
0.125157
-0.160703
-0.231238
0.21672
-0.0299203
0.0994522
0.106915
-0.0305578
-0.110931
0.13217
-0.0615726
0.174131
0.0292643
0.0957075
0.0688715
-0.0608217
0.00839813
0.0482317
0.026793
-0.156744
0.0290262
-0.307171
0.0545071
0.0847599
-0.00491369
0.202565
-0.0957869
-0.189001
-0.136668
-0.271278
0.14834
0.232536
0.0599426
-0.198507
-0.0976695
0.0408507
-0.170624
0.221794
-0.0220529
-0.010747
-0.169294
0.142504
0.0193313
0.0958136
0.00313709
0.256692
0.13238
0.0829567
-0.0874729
-0.0241141
-0.0438865
-0.0178601
0.101203
0.0337098
0.0199622
-0.0254443
-0.182425
0.0933641
-0.0227224
0.302116
-0.0461604
0.192202
-0.090314
-0.150956
-0.205639
-0.0890053
-7.08169e-05
0.0228973
-0.110233
0.11507
0.281674
-0.168402
0.0431855
-0.265352
0.0513809
-0.112995
-0.232018
-0.186742
0.00206121
0.196817
-0.224685
0.278186
0.145183
0.119278
0.199706
0.101071
0.0346967
-0.11642
-0.0661329
-0.0490064
-0.0390364
-0.00964608
0.0342138
0.00383873
0.274301
0.194364
-0.265438
-0.304812
-0.146011
0.0808807
0.0310763
-0.0319545
-0.0539852
0.10715
0.0471951
-0.247606
-0.168804
0.00913361
-0.0310308
0.0549108
-0.069491
0.17639
-0.0363449
-0.0994221
0.168789
0.0577427
0.0275607
0.309634
-0.040595
0.185569
0.0889299
-0.158176
-0.0369638
-0.13563
0.108264
-0.0629411
-0.087745
0.0777271
0.0907795
0.0672066
0.0754156
0.0432812
0.0815035
-0.121958
0.0595651
-0.0150116
0.0411722
-0.104457
-0.0434207
-0.0321335
-0.306414
0.0762969
0.0397288
-0.0820013
-0.157018
0.184351
0.055214
0.0137194
0.11142
-0.183165
-0.17126
-0.0442365
0.203259
0.0649146
-0.0179374
0.0348031
0.224825
0.0525408
-0.0716917
-0.0584308
-0.0966708
0.109411
0.124647
0.0642614
-0.00377753
-0.197074
0.191697
-0.0214941
-0.0411606
0.138234
0.0724164
-0.0240305
0.137863
-0.0545246
0.114012
-0.147543
0.204037
-0.0703047
-0.133106
-0.176155
0.17726
0.0606605
0.00675975
-0.0577296
-0.00344791
-0.130489
0.0398846
-0.0624131
-0.311628
0.0427354
-0.0689354
-0.0354894
-0.100027
0.188754
-0.0303558
-0.0326694
0.236676
-0.160351
0.0918368
0.163697
-0.0822064
0.0673401
-0.0400798
0.082395
-0.105547
-0.0283474
0.0889546
0.153793
0.163696
-0.0657083
0.150063
-0.223551
-0.0905678
0.106098
0.134875
0.069432
-0.124563
-0.0743904
-0.00162512
-0.123119
-0.0787458
0.132395
-0.0507217
0.181144
-0.139778
0.0337234
0.0982151
0.0904312
-0.0188286
-0.0273083
0.139103
0.0720161
-0.134542
-0.196082
-0.124669
-0.0443139
0.0174115
0.261666
-0.12636
-0.316945
-0.176679
0.166194
-0.0315831
-0.118256
0.054782
-0.230832
0.141237
0.0486478
-0.188028
-0.0275896
0.0820477
0.204548
-0.101424
0.0338482
0.0638891
0.13498
0.0320213
-0.0654592
0.164785
-0.0807945
0.105664
0.135194
-0.0404587
-0.188692
-0.0325343
-0.153563
-0.0385767
-0.0184481
-0.059231
0.213389
-0.178646
0.161195
0.183135
0.264291
-0.102416
0.135849
0.144615
-0.125198
0.234391
-0.0276818
-0.187824
0.042748
0.152018
0.0916838
-0.106198
0.0820273
-0.197844
0.0978618
0.049363
0.146445
0.102724
-0.0485893
0.0551624
-0.198387
0.00384416
-0.257421
-0.212892
0.175055
0.120795
0.0581125
-0.0879275
0.0251036
-0.102044
0.13957
0.231573
0.00668253
-0.0448318
-0.192215
-0.00502512
0.114568
-0.00447596
-0.199257
-0.144118
-0.113384
-0.158709
0.0103427
0.383793
-0.0172487
-0.269153
-0.195382
0.236518
0.1036
0.000162796
0.110249
0.0775589
0.0995351
-0.0790535
-0.113272
0.242003
0.0387408
-0.20024
-0.0712919
0.0746785
0.0268801
-0.265728
-0.133185
-0.146482
-0.0166417
0.303938
0.14476
0.286363
-0.0890601
-0.258549
0.153305
0.345412
-0.0397398
0.125977
0.0210274
-0.0329257
0.0976092
-0.105288
-0.0661501
-0.0620103
-0.122391
0.0463308
0.069833
-0.126189
-0.247244
0.0184298
0.163143
-0.130653
-0.137416
0.412125
0.247574
0.0214183
-0.0752707
0.108466
-0.205334
-0.202335
0.0883728
-0.0389753
-0.0850741
0.0939386
0.196499
-0.0538039
0.284763
0.226914
0.112697
0.135959
-0.0135848
-0.209831
0.113099
-0.0604422
0.0720839
0.204761
-0.0673442
0.194852
0.0492408
0.222935
-0.000990554
0.138264
0.181495
-0.256438
-0.158565
-0.326438
-0.0759788
0.108988
-0.0283167
0.0552999
-0.0144199
-0.164871
-0.12103
0.188741
-0.0695284
-0.0602222
0.0102878
-0.318679
-0.153019
0.00485804
0.104004
-0.0788293
-0.189946
0.156529
-0.0586107
0.0515764
-0.0814682
0.211624
0.222798
-0.0609865
-0.144496
0.234595
-0.163013
0.128169
0.110236
-0.0142568
0.0336285
-0.0102223
0.0824845
-0.0618023
-0.109904
-0.0670026
0.127789
0.127771
-0.0270502
-0.0769923
-0.102568
-0.016568
-0.0365849
0.0255329
0.0470791
0.162453
0.125397
0.218216
0.112214
-0.170812
-0.11651
-0.150481
0.125007
0.119757
-0.12651
-0.0476768
0.133178
-0.217397
0.110919
-0.0639409
-0.152054
-0.104812
-0.0858008
-0.0831596
-0.0258308
-0.00362633
0.0856581
-0.124658
0.0464699
0.0578996
-0.0172768
0.00305613
-0.124868
-0.00541286
-0.152978
0.0245558
0.0432199
0.0502704
0.152343
-0.122959
-0.120128
0.271054
-0.0756497
0.154213
0.057302
0.0342677
-0.135235
-0.131152
0.0516479
-0.169448
-0.201663
0.0227571
-0.0496471
0.156619
0.280835
0.108103
0.153957
0.26021
-0.131132
0.0671605
-0.119569
0.0861723
0.126578
-0.126863
0.0719854
0.110747
0.102606
-0.0936704
-0.0318194
-0.145127
0.00498442
0.173924
-0.0674588
-0.0752329
0.0451628
-0.0120321
0.0340085
0.00861455
-0.282691
-0.196905
-0.257428
-0.101654
-0.132524
-0.0813888
-0.180308
-0.0179965
-0.13418
0.1756
-0.147
-0.101846
0.00720832
-0.0970006
-0.14369
0.164492
0.0156426
-0.0815016
-0.0281082
-0.191117
0.161904
0.189746
-0.276475
-0.180828
-0.153792
-0.0248143
0.0269136
0.0122028
0.132906
-0.235012
0.0364939
0.169663
-0.128981
-0.0867663
-0.128585
-0.225887
-0.18671
-0.0140993
-0.0580295
0.199168
-0.165077
-0.0830671
0.0457854
0.253155
0.329602
0.121896
0.027923
0.218206
-0.207234
0.107356
0.0923266
-0.0669073
0.250187
0.0913614
0.209374
-0.26677
-0.161902
-0.000963944
-0.0425437
-0.125744
-0.0467447
0.310925
0.0671164
0.0170968
-0.0839412
0.0478298
-0.142264
0.143446
0.177134
0.24347
-0.00707915
-0.199476
-0.193636
-0.242591
-0.159508
-0.0476126
0.201955
-0.147833
-0.0287154
-0.319715
0.122569
-0.146655
0.14772
-0.226125
0.275015
0.113758
-0.0558816
-0.22829
0.116212
0.0571499
0.203079
0.0445531
-0.155398
-0.0850359
-0.0570761
0.0662584
0.247454
0.106002
0.139101
0.0394809
-0.0916961
-0.00189322
0.201106
-0.195464
-0.0908331
0.121923
0.0439441
-0.0409858
-0.133193
0.137701
0.0235414
0.122541
-0.0581589
0.104691
-0.0942845
-0.0779992
-0.0733995
0.00636436
-0.0521773
0.0472695
-0.106138
-0.0680441
-0.091245
-0.0877079
-0.202147
-0.0379231
0.0538992
-0.145555
0.13774
-0.137143
0.220358
0.0989251
0.174945
-0.0538305
-0.097063
-0.065268
0.181377
-0.184037
-0.295067
0.324087
0.0982955
-0.287652
0.048794
0.0633914
0.013816
-0.049918
-0.106254
0.0513592
-0.11597
0.0909751
-0.237296
0.0892265
0.101507
-0.0169638
0.124092
-0.00274859
0.183093
-0.0893066
-0.0762412
-0.0987797
-0.120238
0.0686791
0.154358
0.110878
0.238362
0.0635971
0.110551
-0.0901018
0.0941287
0.312716
0.10585
0.0542325
-0.112311
0.0686322
0.0732666
-0.0363971
-0.133974
0.173391
-0.177839
0.115848
0.175112
0.0162217
-0.0106275
-0.0558605
-0.0253832
-0.0580313
0.0716872
-0.21354
-0.114735
-0.0129443
0.235305
0.263375
0.11235
0.00491931
-0.108437
0.186358
-0.0811011
-0.0171214
-0.249113
-0.0182905
-0.0427472
-0.164813
0.162312
0.097218
0.212242
-0.303165
-0.217832
-0.139163
0.176311
0.233211
0.252178
-0.0804079
-0.189011
0.107955
0.140099
-0.155239
0.0558507
0.0472547
-0.132606
0.162439
0.0348714
-0.100585
0.0103187
0.0330895
-0.0671034
-0.163085
0.23598
-0.130053
-0.149754
-0.0450588
0.09607
0.0175277
-0.00967364
-0.083616
0.207296
0.0118353
-0.10239
-0.0644062
0.175219
0.0673328
0.131372
0.147809
-0.0607369
-0.108702
-0.168179
0.0105719
0.150279
0.00131913
-0.0185348
0.0130775
-0.14409
0.161739
0.11078
-0.0118154
0.272386
-0.0403228
-0.079032
0.143955
-0.0926476
0.0839662
-0.0452797
-0.0710168
0.118366
-0.0608721
-0.23156
-0.0161071
0.184773
-0.17977
-0.116616
-0.184466
0.0970273
-0.114118
-0.0113079
0.109882
-0.0722623
0.219154
-0.0680382
0.101753
0.147916
0.0934626
-0.0102771
-0.123419
0.202127
0.061089
0.114608
-0.0130046
0.169177
-0.0156019
-0.254893
0.191038
-0.127635
0.111166
-0.00272009
-0.237017
0.111993
-0.165797
-0.107936
0.0512016
0.17474
0.0882275
-0.0314908
-0.0136123
0.157981
-0.115878
-0.0479858
-0.131352
0.0550591
-0.0412421
0.0418901
-0.0570041
-0.115633
0.133505
-0.0928681
0.0463988
-0.0404543
-0.275906
0.29001
0.0500937
-0.0894587
0.0897323
-0.0243824
-0.123636
-0.119544
0.130364
0.121987
0.00371468
0.113353
0.213842
-0.171559
0.00503755
0.0111959
0.0753304
0.0591018
0.229419
-0.0840349
0.0710995
0.029433
0.03888
0.0659875
-0.128242
-0.0669822
-0.154671
-0.112919
0.168251
-0.016007
-0.0856351
-0.0337204
0.192474
-0.131767
0.0727756
-0.0253792
0.217976
-0.0435846
0.190616
-0.247487
0.0920579
0.0123303
0.173211
-0.00594475
-0.272505
-0.0239807
-0.15568
0.0569919
-0.102547
0.116671
-0.0455207
0.173692
0.304959
0.124864
-0.20109
0.13671
0.0981183
0.189202
-0.090262
0.197784
-0.06572
-0.0367302
-0.0122305
-0.0845916
-0.0530983
-0.130706
-0.00795994
0.291521
0.19449
0.23795
-0.115535
0.10495
0.12815
-0.0990582
0.032651
0.00230322
-0.0562017
-0.129742
0.00482465
0.0645147
0.110017
0.0592616
0.146016
0.0524251
-0.0493654
0.127021
-0.113987
-0.157765
0.0110616
-0.0675727
-0.13772
0.124235
-0.0598669
-0.113025
0.0245137
-0.101619
0.0741922
0.0407819
-0.0975031
0.119911
-0.136606
0.198538
0.0703893
0.0428427
-0.197665
0.185828
0.0586365
-0.166577
-0.134536
0.0538311
-0.268227
-0.130279
-0.176838
-0.161572
-0.0773257
-0.0798301
0.0377226
0.139873
0.151107
-0.102425
0.226882
-0.136662
0.131948
-0.17305
-0.0234084
0.101131
0.0320763
0.0528493
-0.125909
-0.276267
0.164016
0.0202809
0.0511937
-0.139548
-0.214681
-0.114784
-0.0490813
0.0257543
0.156821
-0.109909
0.0219016
-0.000453593
0.0421278
-0.240356
0.0837466
0.0449345
0.158392
-0.166805
0.00203491
0.0700872
-0.0544115
0.150358
0.148034
0.289822
-0.184633
-0.0514758
0.328395
0.176875
0.20712
-0.0601128
-0.0433927
-0.0989527
0.185673
-0.262858
-0.132379
-0.344918
-0.0241512
-0.163733
-0.120711
0.0222721
0.073812
-0.174162
0.12744
0.220347
-0.157053
-0.0487611
-0.133928
-0.0302616
-0.0957245
0.0763589
-0.00500153
0.0264797
0.0920028
-0.19691
-0.0466156
0.0114278
-0.113521
-0.199258
-0.192053
0.0846237
0.00954131
0.302077
-0.025028
-0.153317
0.0644628
-0.289934
0.1556
-0.090314
0.0233436
0.0232803
-0.0501555
-0.0429966
0.00613251
0.0788717
-0.0431397
0.038938
0.0286674
0.347257
0.0878118
0.19659
0.0986976
0.0297921
-0.223759
-0.0469024
-0.0116148
0.0282864
-0.0843925
-0.00238634
-0.0398664
-0.152353
-0.244627
0.0791219
0.112403
-0.0718302
-0.0472638
-0.0118179
0.182584
-0.0664562
-0.0696099
-0.0211828
0.206411
-0.0664112
0.186741
0.238131
0.0032121
0.173635
-0.108398
0.0285853
0.13528
-0.238209
-0.0829391
0.102853
-0.0311389
-0.0691947
0.0440184
0.231492
0.162061
-0.313081
0.128229
-0.0819404
0.0522566
0.07005
-0.139431
-0.0480524
0.0348438
-0.00377852
0.191217
-0.0697887
0.151944
-0.0677648
0.229564
-0.0632315
0.101108
0.155841
-0.0837601
-0.0447564
-0.147773
-0.0274637
-0.0724785
-0.0240428
0.0609045
0.0625776
-0.189717
0.0142474
0.00928187
0.266061
-0.00626065
-0.121318
-0.147155
-0.0114783
0.11565
0.024302
0.244123
0.0344653
-0.10763
0.0184844
-0.113188
-0.136402
0.1625
-0.00383716
-0.0211093
0.0790816
0.166381
0.122414
0.321904
-0.0624253
0.113107
-0.0353201
0.092238
-0.098141
0.0280884
0.021734
-0.0839566
0.235418
-0.0623783
-0.211626
0.113529
0.0196642
0.0526392
0.235624
0.0700672
-0.167278
0.033593
-0.0527359
0.197085
0.0688371
0.131714
-0.14178
-0.0610369
0.0931825
0.0250154
-0.102262
0.126132
-0.050217
0.0609003
-0.0281673
-0.0541281
0.191408
-0.143734
0.116126
0.0605926
-0.0523563
0.028298
-0.167895
-0.062262
-0.0907304
0.0919902
0.231267
-0.0971845
0.0133812
-0.0830283
-0.0249368
-0.106416
-0.152212
-0.276757
-0.266787
0.0673602
-0.00390986
-0.0129056
0.0218342
-0.1728
-0.074376
0.0735963
-0.0813131
0.143876
0.0253889
0.182901
-0.0845421
0.0508101
0.166964
-0.0907173
0.139315
0.0972171
0.155912
-0.158891
0.0962253
-0.0255276
-0.243764
-0.0698112
-0.231898
-0.0530548
0.251539
0.133763
0.204112
0.141971
0.0777671
-0.0912913
0.0107876
-0.077427
-0.0917315
-0.178856
-0.324993
0.140275
0.00210289
0.183007
-0.137193
-0.179029
-0.174789
0.104258
-0.118963
0.0226469
-0.111991
0.075389
-0.0749336
0.218727
0.107614
-0.0328514
0.147965
0.0207526
-0.02784
0.138667
-0.0104928
-0.0841741
0.0470812
0.00845463
0.181854
-0.303817
-0.186244
0.0217555
-0.222299
-0.113748
-0.150841
-0.171657
0.221444
-0.129062
0.01209
-0.124593
-0.028173
-0.0944209
0.162826
-0.10849
0.0279923
0.041912
-0.00884403
-0.15533
-0.158034
0.142419
-0.120817
-0.00825935
0.0458198
-0.0543182
-0.105662
0.0519822
-0.0613629
0.123803
-0.249188
0.0360543
0.214335
0.0684453
-0.154876
0.0106529
-0.0039452
0.134164
0.12508
-0.170542
0.262894
-0.129764
0.0922594
-0.114009
-0.205242
0.0686045
0.200895
0.188363
0.211134
0.0558714
-0.0763534
0.0688091
0.214071
0.0347996
-0.228997
-0.185515
-0.149195
0.145995
-0.140548
-0.0685523
0.0865571
0.0973444
-0.0692617
0.0265146
0.129994
-0.195426
-0.238705
-0.100159
-0.0533548
-0.134766
0.0596145
0.137503
-0.198104
-0.030263
0.00490735
0.000515599
0.151131
0.0448921
0.0969293
0.211497
-0.090377
0.0636069
0.0972561
0.0968246
-0.0690698
-0.119577
-0.053115
-0.0164656
0.217009
-0.069798
-0.105348
0.20951
0.117305
0.0107917
0.158039
0.143809
-0.0671896
0.0830531
-0.120172
0.039133
-0.12041
0.281815
-0.122226
0.0689431
-0.250669
0.19241
-0.318644
-0.0104422
-0.0627927
0.0212676
-0.178207
0.0275472
0.0104543
0.011934
-0.161115
-0.16623
0.166914
-0.197333
0.00734028
-0.150176
-0.105667
-0.232811
-0.0175588
0.182306
0.249799
0.21889
0.159862
0.0936495
0.223216
0.0983506
0.124385
0.160487
0.0707029
0.11086
-0.0540711
0.0604146
-0.086735
-0.0974108
-0.187677
0.022845
-0.11996
-0.0557922
-0.0920355
0.0051565
0.0920434
0.159113
-0.0449277
0.0334098
0.247265
-0.11511
-0.00360143
-0.189113
-0.0729998
0.0107094
-0.040838
-0.110198
-0.0162581
-0.105914
-0.0944354
-0.214558
0.0748676
-0.112878
0.0787926
0.0144793
0.0135399
-0.0895318
0.0891052
0.1066
0.0905517
-0.0169924
-0.0163677
-0.0322209
-0.158003
0.0752359
0.107968
0.00617282
0.117068
0.0859148
0.044598
-0.108275
-0.00756256
0.0586236
0.106431
-0.0530648
0.0596845
0.0265109
0.0516593
0.159014
0.208569
0.122078
-0.0679668
0.0688295
0.116199
-0.158631
0.0126572
-0.241228
-0.132177
0.266057
-0.147955
0.0954937
0.0934911
-0.0705405
-0.0764292
-0.124561
0.111371
-0.0765285
-0.136639
0.122195
-0.256239
0.220675
-0.00168755
0.0364097
0.0101719
-0.0914148
-0.0293216
-0.0258722
-0.0790709
-0.06363
-0.194513
0.058664
-0.0816541
0.295233
-0.115224
0.165284
0.0716706
0.093128
0.185662
0.0617251
-0.0361729
-0.191002
0.16194
0.0708167
0.0876203
0.141343
0.0714171
0.151144
0.0173151
0.107787
-0.132837
0.166844
0.0224699
-0.0162598
0.0678747
0.216456
0.106512
0.159854
-0.225448
-0.224653
-0.0956526
0.0317671
-0.072849
-0.213209
0.113786
0.00250283
0.192731
-0.2121
0.00279812
0.0799225
0.153398
0.133962
0.0580662
-0.130043
0.111586
0.0453987
-0.127365
-0.0551699
0.0456181
-0.0542276
-0.237793
-0.211274
-0.0190068
0.168761
0.145397
0.0361292
-0.0501517
-0.162227
0.210944
-0.230108
-0.00621071
0.145825
0.240938
-0.322962
-0.204824
-0.121458
0.105327
0.0740331
-0.0230801
-0.0197604
-0.0118603
-0.209144
0.112819
-0.169617
0.25031
-0.117671
0.146714
-0.13619
-0.0457461
0.0500868
0.10176
0.294108
-0.332623
-0.153695
-0.0995192
-0.105666
0.251117
0.110407
-0.00450312
-0.200468
0.192486
0.0658705
0.0131652
-0.0283061
-0.0960946
0.0620235
-0.09623
-0.141283
-0.093565
0.00549046
-0.0759483
0.0665717
0.104352
-0.0022138
0.015733
0.0145438
-0.0575867
0.0493212
-0.274204
0.145487
-0.172609
0.099095
0.0431074
0.109341
0.0638861
0.012714
0.171676
-0.0947232
0.149947
-0.133155
0.0394067
-0.075172
0.0115277
-0.265364
0.144693
0.0168763
-0.0234221
-0.236865
-0.230518
-0.203212
-0.0761407
0.112847
-0.147222
0.0384463
0.0786157
-0.170527
-0.212985
0.129818
888888
0.0425131
0.0537977
0.052652
0.0423276
0.0441574
0.0466626
0.0408668
0.049323
0.0542729
0.0467766
0.0436664
0.045702
0.0529462
0.0578238
0.0466719
0.0463931
0.0532557
0.0356357
0.0462495
0.0442004
0.057851
0.0422288
0.0423708
0.0594929
0.0536512
0.0406723
0.0510896
0.0405283
0.0601819
0.0509738
0.0457803
0.0394497
0.0536672
0.0527839
0.0511283
0.0570223
0.0457988
0.0437557
0.0567311
0.0472732
0.0480173
0.057478
0.0467028
0.0473873
0.0573702
0.0473683
0.0559963
0.0622691
0.0549464
0.0595243
0.0581104
0.0534425
0.0428913
0.0444829
0.0632202
0.053265
0.0476432
0.0534876
0.0434369
0.048854
0.0470046
0.0505017
0.0367508
0.0521703
0.0508343
0.0511498
0.04432
0.0490153
0.0554605
0.0404375
0.0555824
0.0515462
0.072246
0.0496566
0.0358254
0.0526679
0.043648
0.0544816
0.0584144
0.0463567
0.0539785
0.046821
0.0445852
0.0591377
0.0570409
0.0479992
0.0557553
0.0508882
0.0472153
0.0478935
0.0491269
0.0453826
0.0505361
0.04904
0.067357
0.0546954
0.0528515
0.039385
0.0463054
0.0473382
0.0450034
0.0529017
0.0393582
0.0416151
0.0438219
0.057203
0.0488331
0.0609279
0.0477722
0.0445584
0.0392752
0.0497887
0.0544559
0.0607374
0.0538481
0.0545537
0.052802
0.0683225
0.0557759
0.0468993
0.0650162
0.0528751
0.0434929
0.049911
0.0463945
0.0524427
0.0704765
0.0471171
0.0473338
0.0507342
0.047365
0.0638234
0.0515722
0.0457058
0.0343095
0.0458625
0.0500446
0.0453558
0.0539818
0.060718
0.0413033
0.0339379
0.0518491
0.042842
0.0471101
0.0573919
0.0509302
0.056308
0.0654074
0.0565541
0.0496424
0.0468836
0.03964
0.0688788
0.0586398
0.0372988
0.0519599
0.0645552
0.0650628
0.05629
0.0562871
0.049397
0.0488068
0.0489094
0.0625861
0.0493146
0.0530266
0.0506619
0.046182
0.050685
0.0738636
0.0511581
0.0443582
0.0478231
0.0425195
0.0402571
0.0519734
0.0515878
0.0457394
0.0511674
0.0476674
0.0445616
0.0546757
0.0521984
0.0676632
0.039152
0.0414258
0.0475694
0.0449734
0.0578349
0.0502519
0.0591
0.0500532
0.0569361
0.0477413
0.0482134
0.0448337
0.0494982
0.0493577
0.0823443
0.0473775
0.0584071
0.0458491
0.0552728
0.0452916
0.0463413
0.0437102
0.0453096
0.0604474
0.0433467
0.0455177
0.0772318
0.0480845
0.0366727
0.0445684
0.0486186
0.0543126
0.0533545
0.0506356
0.0417305
0.0488014
0.0492228
0.0538834
0.0400668
0.0606793
0.0431533
0.0572994
0.073248
0.0564782
0.0554063
0.0606877
0.0545795
0.0426665
0.0508856
0.0648521
0.0389471
0.0490118
0.0527644
0.043913
0.0469682
0.0472837
0.0457532
0.0513146
0.032635
0.0635864
0.0544908
0.0511852
0.0653561
0.0440373
0.0617041
0.0365659
0.0725843
0.0448483
0.0444303
0.0548344
0.0402266
0.0447833
0.0514079
0.0500478
0.0607866
0.0475757
0.0604685
0.0564834
0.042359
0.0485383
0.0485809
0.0510486
0.0666295
0.0492267
0.0400066
0.0453817
0.0475229
0.053302
0.061381
0.0476354
0.0473105
0.0503789
0.0438754
0.052788
0.0489204
0.0378033
0.0456367
0.0427341
0.0426278
0.038942
0.0493427
0.0465726
0.0537465
0.0479814
0.042873
0.0600472
0.0447939
0.055209
0.0322224
0.0498809
0.0418456
0.0734656
0.0579273
0.0457262
0.0490807
0.0401845
0.0441509
0.0754178
0.0637967
0.046047
0.0460837
0.0482832
0.0540099
0.0437954
0.051671
0.0453817
0.0445732
0.0429726
0.0444392
0.0487588
0.060228
0.0517425
0.0489657
0.0473729
0.0508447
0.047858
0.0542822
0.0488934
0.054466
0.0416799
0.0547754
0.0590154
0.048094
0.0468075
0.0731182
0.0416827
0.0717354
0.0501527
0.0643913
0.0443058
0.0606272
0.0574818
0.0595245
0.060063
0.0633524
0.0529696
0.0406916
0.0612793
0.0667476
0.0435613
0.048752
0.0558526
0.0483228
0.0557431
0.0515724
0.0517358
0.0471887
0.0381001
0.0626056
0.0513488
0.0559848
0.0511398
0.0500966
0.0600882
0.0431701
0.05472
0.0609642
0.0614253
0.040439
0.0564431
0.0458149
0.0575564
0.0441165
0.0714314
0.0477682
0.0545357
0.0547272
0.0497508
0.050634
0.0619483
0.0475437
0.0448406
0.0437631
0.055352
0.0675141
0.0551215
0.0500852
0.0404586
0.054725
0.0445823
0.0567109
0.050642
0.0482242
0.0546177
0.0514497
0.0522707
0.0485721
0.0469554
0.0420248
0.0598426
0.0445994
0.0443403
0.0414562
0.0449716
0.0494112
0.0430095
0.05478
0.0752409
0.054698
0.0565637
0.052683
0.0477653
0.0447344
0.0588235
0.0395347
0.0473695
0.0581533
0.0449848
0.050303
0.0588563
0.0383847
0.051594
0.059382
0.055946
0.0528286
0.0566126
0.0409142
0.0444162
0.0567463
0.0577332
0.0491124
0.0578753
0.0523754
0.0530476
0.0479743
0.0658153
0.0496157
0.0521536
0.044648
0.0591033
0.0502201
0.0462774
0.0552974
0.0634359
0.0599246
0.046156
0.047066
0.0509371
0.0481781
0.0400386
0.0533986
0.0452513
0.0461445
0.0445143
0.0522705
0.0590857
0.0561298
0.056154
0.0520809
0.0700947
0.0527378
0.0597339
0.0447165
0.0494407
0.0428871
0.0555893
0.0669897
0.0480458
0.0684132
0.0458914
0.0568323
0.0519599
0.0546891
0.0385328
0.0415051
0.0524268
0.0556228
0.063279
0.0478428
0.048143
0.0467898
0.055313
0.0530102
0.0525176
0.0542292
0.0543464
0.0459215
0.0555868
0.047586
0.0486102
0.066723
0.0414021
0.0686481
0.0528149
0.0479846
0.0458388
0.0389055
0.047429
0.0479164
0.0540539
0.0308165
0.0509889
0.0549136
0.0484206
0.0366899
0.0618849
0.0490607
0.0454019
0.059652
0.0573726
0.05687
0.0438296
0.0443375
0.0398432
0.0543811
0.0570728
0.046133
0.05739
0.0470392
0.0414211
0.0473893
0.0460727
0.0542317
0.0639719
0.0531143
0.0507476
0.0552979
0.0480631
0.057185
0.0528555
0.0683429
0.0408428
0.0398321
0.0349938
0.0512667
0.0652373
0.0502511
0.0403406
0.050945
0.051927
0.0474695
0.0488558
0.0419737
0.0513211
0.0456821
0.0548538
0.0565026
0.044068
0.0460004
0.0397622
0.0530636
0.0731175
0.0483478
0.0517607
0.0500972
0.0568325
0.0593589
0.0520829
0.0556
0.0457681
0.0482731
0.0569376
0.0459569
0.0523513
0.0433803
0.0714274
0.0655546
0.0561713
0.0522101
0.045689
0.0540256
0.0428062
0.0381112
0.0544149
0.0537773
0.0392698
0.0466409
0.0528952
0.0538071
0.0423547
0.0476924
0.0442261
0.0425061
0.0645417
0.0495711
0.0573268
0.0365946
0.0453587
0.0407399
0.0453237
0.0505595
0.0531468
0.0508222
0.0473188
0.0428325
0.0496815
0.0360344
0.0543104
0.0435964
0.0492591
0.0460504
0.0611791
0.0517712
0.0547088
0.0458664
0.0406988
0.0376863
0.0560915
0.0443895
0.0537125
0.0418403
0.0454442
0.0416411
0.0587529
0.0481432
0.0487889
0.0433648
0.0454324
0.0429145
0.0578825
0.0391095
0.0437796
0.0491741
0.0456118
0.0490017
0.0447084
0.0382436
0.0521181
0.0541836
0.0393449
0.0541866
0.0419128
0.0676701
0.0555097
0.043761
0.054805
0.0489343
0.0585776
0.0480954
0.0526711
0.0518374
0.0475948
0.0521998
0.056804
0.0487645
0.0702823
0.0541013
0.0534887
0.0458361
0.0552723
0.0426983
0.0639963
0.0532443
0.0457627
0.0359885
0.0503138
0.0556623
0.0566715
0.0517526
0.0533738
0.0384632
0.0470873
0.0572572
0.053076
0.0446139
0.0602128
0.0458968
0.0612904
0.0585536
0.0361566
0.0486342
0.0561366
0.0514793
0.056784
0.0506108
0.0722596
0.0559073
0.0461463
0.0572583
0.0459131
0.0575595
0.0594775
0.0527734
0.0723312
0.0484642
0.0480551
0.0516633
0.0467863
0.0494449
0.0412006
0.0470617
0.0450315
0.0489768
0.0562008
0.0507454
0.0608904
0.0380054
0.0530328
0.0538762
0.0515955
0.0463078
0.0555575
0.0515078
0.0600887
0.0552972
0.0381293
0.0586957
0.0580817
0.0520314
0.0425229
0.0570582
0.0515494
0.0591297
0.0407853
0.0320746
0.0494273
0.051985
0.0483675
0.0562619
0.0577942
0.0384396
0.0501376
0.0533691
0.0552144
0.0492756
0.0554694
0.0553612
0.0448769
0.0487884
0.0635592
0.044286
0.0504263
0.0702577
0.0580438
0.052336
0.0474068
0.0475799
0.0553202
0.0423449
0.0412543
0.0514112
0.043673
0.041779
0.0456257
0.0518696
0.0507501
0.0492556
0.0542002
0.0527532
0.0501154
0.0413738
0.0404534
0.0532332
0.0569915
0.0531987
0.0433907
0.0528402
0.0579682
0.0596256
0.0509902
0.0389459
0.04743
0.0482674
0.0515048
0.0495716
0.0371581
0.0523326
0.036026
0.0509117
0.0730019
0.0465655
0.0440838
0.0538723
0.0614316
0.0478026
0.0359092
0.0514124
0.0713301
0.0404814
0.0512842
0.0571155
0.0395341
0.0539534
0.0436454
0.0512237
0.0508541
0.0415774
0.0441765
0.0648642
0.0738803
0.0337058
0.0510401
0.046349
0.0522465
0.0562087
0.0652469
0.0499505
0.0490483
0.0414105
0.0511734
0.0653842
0.0488522
0.0474104
0.0409386
0.0444872
0.0496149
0.0443099
0.0522558
0.052199
0.0357213
0.0467439
0.0427953
0.0533897
0.0416458
0.0536559
0.0459915
0.0448977
0.0446906
0.0529849
0.0476291
0.0517533
0.0699693
0.041155
0.0439039
0.0612033
0.0446632
0.0441758
0.056492
0.0462207
0.0531941
0.0396086
0.0441769
0.0512282
0.0490883
0.0630951
0.0438653
0.0436221
0.056229
0.0320192
0.0553436
0.0510723
0.0499718
0.0437393
0.0432194
0.047336
0.0503076
0.0483011
0.0477035
0.056995
0.041549
0.0498694
0.0425466
0.0418901
0.0431183
0.0683494
0.0511164
0.0499596
0.0527726
0.0447077
0.0374353
0.0578802
0.051547
0.0458497
0.0534801
0.0600503
0.0355223
0.0439029
0.0477314
0.0364408
0.0485456
0.040509
0.0763698
0.0464913
0.0509464
0.0543698
0.0518432
0.0544115
0.0518977
0.0395214
0.0727287
0.049588
0.0410515
0.0572633
0.0507124
0.0447742
0.0488256
0.0468477
0.0467089
0.0526662
0.0401008
0.0495839
0.0465817
0.0535951
0.0418429
0.0680028
0.0464128
0.0374307
0.071925
0.0457125
0.0396713
0.0397249
0.0403211
0.0570286
0.0338925
0.0425784
0.0429648
0.0464584
0.0556097
0.0567858
0.0532532
0.0565474
0.0500127
0.0419228
0.0407564
0.0429661
0.0521473
0.0374751
0.0524981
0.056638
0.0446718
0.0629945
0.0689874
0.0449463
0.0548968
0.0381133
0.056332
0.0517986
0.0460193
0.0471816
0.0566328
0.0475944
0.0448607
0.0534135
0.0363913
0.0547669
0.0399381
0.0486378
0.0463829
0.0547578
0.0485163
0.0535793
0.0412034
0.0527842
0.0469452
0.047767
0.0555987
0.0522285
0.0395609
0.0403182
0.0660828
0.0425233
0.0516825
0.052845
0.0529412
0.0478269
0.0606208
0.0474865
0.0507765
0.0623041
0.0569657
0.0503863
0.0475837
0.0573604
0.0648893
0.0466882
0.0534658
0.0396204
0.0467477
0.0473017
0.0412085
0.0453746
0.0419076
0.0412156
0.0565901
0.0560866
0.0503534
0.0480171
0.0482107
0.0486346
0.0500465
0.0494982
0.0446841
0.042694
0.0421222
0.0413315
0.0554403
0.0497774
0.0561005
0.058326
0.0438416
0.045386
0.0532296
0.0463254
0.053916
0.0565733
0.042734
0.0445068
0.046682
0.0507469
0.0590612
0.0490299
0.0511301
0.0700979
0.0578874
0.0458299
0.0409655
0.0567959
0.0440574
0.0574495
0.0493408
0.0475144
0.0443814
0.0512162
0.0554466
0.0472576
0.058482
0.0595313
0.0545727
0.0427185
0.0546899
0.0588993
0.0610227
0.0448524
0.0455092
0.0493176
0.0455721
0.0482291
0.046147
0.0506216
0.0373579
0.0390873
0.0492504
0.0503066
0.0627297
0.0570236
0.0517065
0.0419044
0.0589409
0.0595856
0.0504431
0.0398361
0.0563492
0.0493316
0.0577621
0.0403584
0.0642257
0.0430777
0.0617463
0.0464268
0.0616977
0.0543442
0.0647043
0.0465933
0.0641899
0.0475232
0.0480193
0.0490627
0.0487055
0.0521561
0.0578943
0.0479274
0.0537012
0.0532025
0.0451426
0.0441807
0.0610842
0.0347481
0.0388987
0.0502649
0.0474948
0.0403111
0.0548816
0.0505927
0.0556021
0.0502119
0.0398984
0.0403147
0.0649525
0.0488943
0.0548115
0.0595631
0.054966
0.0492625
0.0378642
0.0407826
0.0636331
0.0475835
0.0606703
0.060869
0.0531612
0.0528705
0.0426614
0.0445427
0.071048
0.0453796
0.0471514
0.0356763
0.051984
0.0415751
0.0563317
0.0491721
0.0526718
0.0474982
0.0466711
0.0598636
0.0427197
0.0633922
0.0484476
0.0460826
0.0465823
0.0387011
0.0562048
0.0483065
0.0369001
0.0551657
0.054323
0.0593715
0.0538026
0.04189
0.0632294
0.0530258
0.0419229
0.0375758
0.0406479
0.0458045
0.0468279
0.045735
0.0404072
0.0517633
0.0554305
0.0376892
0.0450287
0.0543037
0.0402524
0.0338122
0.0489977
0.0605552
0.0423437
0.0481557
0.0562351
0.0417057
0.0418941
0.0382984
0.0522914
0.0444052
0.0431569
0.0486043
0.0617084
0.0519418
0.0595252
0.0585711
0.0464172
0.0465904
0.0520063
0.043702
0.0557251
0.0566869
0.0358065
0.0473863
0.0531759
0.0433093
0.0477064
0.060121
0.0583077
0.04236
0.046314
0.0438079
0.0448937
0.0426364
0.0628834
0.0356181
0.0497919
0.0589455
0.0530346
0.0382146
0.0457464
0.0447164
0.0502448
0.0549058
0.0519354
0.0568332
0.0462489
0.0724322
0.0484373
0.0637854
0.0552057
0.0445169
0.0582644
0.0533852
0.0598936
0.0667969
0.0446887
0.0520544
0.0462724
0.0571527
0.0529601
0.054753
0.0578479
0.0418262
0.0516761
0.0493108
0.0450301
0.040378
0.05127
0.0572609
0.0431739
0.0506866
0.0414657
0.0448291
0.0485874
0.0525719
0.0465512
0.0550801
0.0508523
0.057235
0.0406969
0.0567512
0.0443839
0.0434483
0.0619079
0.0450176
0.0431548
0.0598254
0.0469789
0.0429765
0.0489495
0.0552902
0.0507973
0.0357768
0.0387824
0.0411875
0.0603981
0.0546921
0.0518667
0.0631825
0.0480446
0.0473924
0.0486446
0.0448701
0.0474799
0.0513849
0.0470758
0.0416946
0.0441291
0.0471324
0.043559
0.0432553
0.0684007
0.0612719
0.0545696
0.0505992
0.0519018
0.0441908
0.0537091
0.055279
0.0471491
0.0637602
0.0616248
0.0655259
0.0440009
0.0475531
0.0446217
0.0488238
0.0563417
0.0424508
0.0689535
0.0387599
0.0442218
0.0480779
0.0574518
0.042451
0.0496523
0.0701591
0.0575684
0.0395528
0.0689521
0.0415881
0.0535995
0.0561714
0.0619675
0.0685965
0.0562392
0.0442724
0.0508679
0.0378803
0.038713
0.0478655
0.0561388
0.0426666
0.0435017
0.0607214
0.0485727
0.0472149
0.0535427
0.0449442
0.0597723
0.0533595
0.0504154
0.087259
0.0436054
0.0630246
0.0479791
0.055376
0.052885
0.0559404
0.0520101
0.0564393
0.0606421
0.0498206
0.0597798
0.0647217
0.0740439
0.0559625
0.0782336
0.0592301
0.0705171
0.0521197
0.0396086
0.0542095
0.0421497
0.0511374
0.039486
0.0603465
0.0522848
0.0665977
0.0567072
0.0512441
0.0534836
0.0501488
0.0506644
0.0486676
0.0441429
0.0503069
0.0547367
0.0578983
0.0449356
0.0475585
0.0624968
0.0587665
0.0448721
0.0551123
0.0643096
0.0525285
0.0417235
0.0587803
0.0441405
0.0478998
0.0622929
0.0558109
0.0411557
0.0547514
0.0400883
0.0465574
0.0520843
0.0444872
0.0574175
0.0407087
0.0480759
0.0445617
0.0597046
0.0457829
0.059583
0.0562867
0.0559114
0.0394059
0.0439203
0.0445673
0.0712586
0.0460249
0.0440659
0.0546012
0.0534154
0.0470059
0.0584913
0.0537451
0.0513245
0.053722
0.0578097
0.0452517
0.051483
0.0495475
0.0418644
0.0369492
0.0327593
0.0624555
0.0575362
0.050017
0.0374771
0.0450481
0.0507363
0.0545395
0.0502908
0.0520869
0.0605833
0.0557103
0.0482231
0.0531573
0.0487588
0.0417685
0.0599559
0.0413092
0.0651375
0.0437665
0.0445881
0.04477
0.0601202
0.0608831
0.052919
0.0476063
0.0404317
0.0517719
0.0376069
0.0406937
0.0522085
0.0665916
0.054053
0.044743
0.0606684
0.057948
0.0580797
0.0585868
0.042721
0.0496335
0.0493382
0.0581043
0.0487134
0.0446616
0.0501102
0.0438938
0.0481168
0.0546364
0.0590833
0.0394496
0.0463504
0.0466493
0.0476731
0.046518
0.0545806
0.0569792
0.0464442
0.0666545
0.0442913
0.060674
0.0507563
0.0427723
0.0414578
0.0597806
0.0584896
0.0417911
0.0439143
0.0485385
0.0619218
0.0617384
0.0591107
0.0457696
0.0614187
0.0640981
0.0429221
0.0578066
0.0443217
0.0633515
0.0611117
0.0438586
0.052525
0.04969
0.0493255
0.0502089
0.0629227
0.0385669
0.0431825
0.0529113
0.0521878
0.0597715
0.046428
0.0507821
0.0445887
0.0382391
0.0491207
0.0498643
0.0576868
0.0658871
0.0441122
0.0417524
0.0461297
0.0532567
0.0491659
0.0478068
0.0448107
0.0553224
0.0526576
0.0518345
0.0630697
0.0405616
0.0733787
0.0432475
0.0507843
0.0642294
0.0415481
0.0577233
0.0364697
0.0498754
0.0485535
0.0601275
0.0402661
0.0566606
0.0581871
0.0451724
0.0526129
0.0532916
0.0544376
0.0585471
0.0468684
0.0445848
0.0470546
0.0537422
0.055286
0.0454725
0.055296
0.0403864
0.049994
0.0495084
0.0439036
0.0490128
0.0605049
0.0450544
0.0386887
0.0432653
0.0330396
0.0526656
0.0405141
0.048265
0.0576102
0.0498677
0.0532851
0.0603048
0.0513636
0.0406372
0.0486901
0.0553847
0.042942
0.0532465
0.0526446
0.0441871
0.0361416
0.0418683
0.0401882
0.0560906
0.0452321
0.0698996
0.0473551
0.064581
0.0419014
0.0549474
0.0534984
0.059921
0.0585907
0.0457652
0.0488704
0.0534008
0.0511768
0.04037
0.0488026
0.047015
0.0499856
0.0600367
0.0533553
0.0407976
0.0604141
0.0520115
0.0517773
0.0535341
0.0634177
0.0403593
0.0429901
0.0366544
0.0543246
0.0348989
0.0358311
0.0611744
0.0544286
0.0518699
0.0414847
0.044014
0.0481386
0.0474499
0.0474124
0.046171
0.0465313
0.0552873
0.0588927
0.037628
0.0470999
0.0434293
0.0551229
0.0510509
0.0520114
0.0383212
0.0460484
0.0467761
0.0376407
0.0381324
0.0492348
0.0458828
0.0623274
0.048326
0.067901
0.060264
0.0499271
0.0518132
0.0378329
0.0475383
0.0493277
0.0686831
0.054707
0.0459005
0.0448786
0.0577136
0.0623784
0.0456506
0.0342565
0.0602922
0.0570167
0.0475159
0.0503412
0.0354017
0.0477604
0.0416175
0.0405378
0.0569365
0.0440749
0.0485137
0.0392152
0.0652557
0.0475328
0.0506193
0.05231
0.0461037
0.044876
0.0698397
0.0423239
0.0674575
0.0692721
0.0593805
0.0487425
0.0557765
0.052043
0.0462423
0.0562915
0.0460706
0.0646061
0.0589352
0.0523531
0.0519
0.0356331
0.0497885
0.0379951
0.0496131
0.0493852
0.0631823
0.0577786
0.0450508
0.0442794
0.0380776
0.0459546
0.0485016
0.0611347
0.0589084
0.049081
0.063114
0.0447941
0.0678341
0.0509497
0.0525765
0.0534343
0.046518
0.0568086
0.0430493
0.0569682
0.0467986
0.0411266
0.043944
0.0593082
0.0482944
0.0462081
0.0520814
0.0474864
0.0542198
0.0463557
0.0511369
0.0519224
0.0513929
0.0519572
0.0472073
0.0469921
0.0367774
777777