3.09721
999999
0.228257
0.139344
0.155294
-0.156582
-0.0130807
-0.197118
0.00417854
0.083733
0.0233459
-0.113967
-0.125991
0.132788
0.111883
0.170076
0.009586
-0.00212751
-0.0469957
-0.0810666
0.218272
-0.11099
0.0631343
-0.1084
-0.294192
-0.189309
-0.164027
-0.0279553
-0.289753
-0.136623
-0.0150745
0.0161964
0.0438814
-0.00284376
0.000978958
0.247141
-0.0329661
0.020561
0.124381
0.134787
0.123528
0.0160177
0.151514
0.0444478
-0.140897
-0.0492635
-0.0196066
0.173817
-0.0868192
0.138177
0.199499
-0.0515707
0.241796
0.305918
-0.0141206
-0.0508302
-0.0345037
0.151971
-0.112886
-0.171786
0.0874254
-0.270586
0.289223
-0.143115
-0.267452
0.00814208
-0.0177724
0.119555
0.139501
-0.144492
-0.021848
0.012176
-0.104713
-0.283427
-0.00970129
0.172536
0.193996
-0.0840221
0.196097
-0.1503
-0.123662
0.204071
0.0385932
0.0508239
-0.0887645
0.12711
-0.15017
0.0333207
0.053961
-0.147487
0.0346448
0.0194753
-0.0167277
0.100468
0.0146215
0.114932
-0.240293
-0.148168
0.325931
-0.0202131
0.102079
0.164987
-0.0579744
0.128525
-0.136814
-0.279366
0.293199
-0.114596
0.161403
0.119656
-0.10786
-0.131695
0.124081
-0.0546034
0.1711
-0.0117071
0.15513
0.119934
-0.040805
-0.0837849
-0.00232145
0.0878019
-0.256856
0.0479648
-0.365108
0.071206
0.167076
-0.0214027
0.226122
-0.0866214
-0.13711
-0.161607
-0.315431
0.211362
0.284581
0.0198131
-0.240195
-0.208381
0.0269291
-0.187941
0.236946
0.00656513
0.0304985
-0.173604
0.164575
0.0277075
0.0840294
0.0100401
0.257724
0.151427
0.0746807
-0.0972744
-0.0291933
-0.108015
-0.0338283
0.0454781
0.0267322
0.0054971
0.0126928
-0.134662
0.052553
-0.0820435
0.320952
-0.0409678
0.145343
-0.0717778
-0.318207
-0.191391
0.0112288
0.0539489
0.0793709
-0.14572
-0.0576885
0.379788
-0.147696
0.0973335
-0.176308
0.0807768
-0.129438
-0.185598
-0.227298
0.0468476
0.109098
-0.306873
0.250954
0.208745
0.116737
0.176552
0.0873008
0.0520351
-0.122477
-0.0585156
-0.0719474
-0.162586
-0.0351594
0.00586527
-0.00889722
0.224271
0.1602
-0.128168
-0.357327
-0.124835
0.0638216
0.109544
0.00726786
-0.060819
0.119306
-0.00845997
-0.225576
-0.0836414
-0.0503261
-0.151183
0.0253026
-0.0244062
0.2052
0.0108382
-0.0486349
0.227255
-0.0549698
0.157302
0.288088
0.0194353
0.20682
0.0934809
-0.268269
-0.015103
-0.228906
0.0426373
-0.0912392
-0.146588
0.0867232
0.079082
0.0676231
0.162663
0.023269
0.0660708
-0.116354
0.0359254
-0.0441027
0.108216
-0.169485
-0.0896141
0.0119448
-0.331126
0.0681241
0.00383661
-0.0470156
-0.225461
0.21494
0.0402623
0.0249178
0.127414
-0.160767
-0.243259
-0.0520925
0.259893
0.157352
-0.0206599
0.055991
0.221216
0.133918
-0.00818274
-0.0488948
-0.161186
0.103262
0.168361
0.0716598
0.043127
-0.158045
0.224227
-0.0551087
0.00586963
0.20461
0.0969818
0.0208539
0.0642727
-0.0993192
0.0979825
-0.193243
0.183279
-0.0899347
-0.145354
-0.209302
0.225833
0.119548
-0.0381977
-0.0457348
-0.108612
-0.09
-0.0332177
-0.0811561
-0.32353
0.0560313
-0.0450206
0.0377352
-0.124982
0.275157
-0.0418858
-0.105507
0.1216
-0.156324
0.12156
0.122169
-0.103339
0.0891665
-0.0088587
0.0864792
-0.106204
0.0501524
0.143545
0.189375
0.139836
-0.154899
0.146774
-0.231651
-0.087675
0.141685
0.228852
0.0978495
-0.212359
-0.0836719
-0.0867659
-0.160637
0.0153192
-0.0315955
-0.0400412
0.168391
-0.121691
-0.063787
0.093274
0.0601734
-0.0579811
-0.0555851
0.198288
0.0231865
-0.103187
-0.178122
-0.109975
-0.148886
0.0292455
0.22989
-0.0754559
-0.260484
-0.231235
0.0633473
-0.0365316
-0.112722
0.104762
-0.241171
0.150581
-0.0636654
-0.263019
-0.0215126
0.0669669
0.215111
-0.166339
0.0559852
-0.0501152
0.15062
0.00698507
-0.0754016
0.1671
-0.0504175
0.0343136
0.094405
-0.0269102
-0.239037
-0.0489118
-0.18588
-0.0444349
-0.116319
-0.085848
0.224601
-0.269574
0.0930902
0.177113
0.478442
-0.189815
0.158719
0.150328
-0.0460369
0.101025
-0.101516
-0.167012
0.0629976
0.198949
0.057258
-0.147863
0.132722
-0.215182
0.132895
-0.0140481
0.161351
0.0753319
-0.0818314
0.0145114
-0.168432
0.0032509
-0.293813
-0.188671
0.19872
0.110688
0.000266465
-0.0307506
-0.00478299
-0.210982
0.138298
0.165247
0.0769934
-0.011121
-0.105078
-0.0176231
0.0716407
0.0431393
-0.200599
-0.132975
-0.108925
-0.174392
0.0996683
0.350326
-0.00308371
-0.231331
-0.202447
0.187681
0.0670674
-0.0095917
0.0721596
0.0498584
0.0875559
-0.0782772
-0.0778265
0.225066
0.0230162
-0.168235
-0.090525
0.0632845
0.0102497
-0.344494
-0.211354
-0.161911
-0.0662816
0.239735
0.113539
0.279005
-0.0859889
-0.315298
0.144896
0.427617
-0.0672674
0.167913
-0.0142926
-0.00444021
0.129143
-0.0716142
-0.140616
-0.0278733
-0.214275
-0.0958222
0.0716536
-0.11081
-0.204008
-0.0506483
0.286544
-0.11649
-0.167847
0.42237
0.278179
0.0770275
-0.0691742
0.134375
-0.190882
-0.177389
0.0240661
-0.0451327
0.0371693
0.0880168
0.170429
-0.0889971
0.215853
0.184954
0.186307
0.164357
0.0875096
-0.23666
0.226552
-0.0838817
0.169668
0.174142
-0.0702334
0.166183
0.0468344
0.246281
0.0468458
0.110883
0.193763
-0.278011
-0.182045
-0.316524
-0.143748
0.0320213
0.0807453
0.136214
-0.135136
-0.153693
-0.15837
0.103351
-0.0955716
-0.0233065
-0.00762496
-0.330451
-0.14934
-0.0228994
0.154315
-0.105166
-0.2437
0.217345
-0.102593
0.046075
-0.0374819
0.159992
0.26822
-0.071638
-0.101751
0.23994
-0.171572
0.0832707
0.0558288
-0.0295676
-0.0117965
-0.0435089
0.15581
0.0190849
0.0182186
-0.103261
0.0529888
0.106653
-0.0371886
-0.146906
-0.0617697
0.0337228
-0.123856
0.0211552
0.02897
0.0908405
0.111458
0.226242
0.0561547
-0.0047912
-0.0756425
-0.147924
0.149521
0.152429
-0.0881536
0.0894213
0.097736
-0.229893
0.0382595
-0.0514122
-0.234759
-0.13298
-0.171277
-0.0303442
-0.0238554
-0.0228332
-0.017196
-0.159318
-0.0671994
0.127068
-0.0784505
-0.0829654
-0.173339
-0.0494814
-0.167131
0.0825296
0.0194702
0.0532964
0.127266
-0.0567586
-0.0840582
0.291124
-0.0754909
0.0597308
0.0125762
0.0942568
-0.0303151
-0.0864872
0.113477
-0.104203
-0.162164
0.00293999
-0.0353494
0.167835
0.251943
0.123017
0.181068
0.313577
-0.110449
0.0744872
-0.181169
0.10473
0.166788
-0.116592
0.134211
0.118071
0.0550272
0.0236635
-0.0365961
-0.130546
-0.00274325
0.206676
-0.0945153
-0.0838016
0.102765
-0.0704099
0.0613194
-0.0181263
-0.306373
-0.249786
-0.224924
-0.129679
-0.166247
-0.136527
-0.236731
-0.00578204
-0.0915532
0.240323
-0.161475
-0.15853
0.00198528
-0.230363
-0.164306
0.103088
-0.0148228
-0.113103
0.011149
-0.156131
0.154856
0.206242
-0.286717
-0.135321
-0.190842
0.0381815
0.118883
0.0517555
0.189719
-0.336309
0.0471843
0.190667
-0.103002
-0.0359193
-0.138962
-0.222252
-0.269179
-0.0854882
-0.0162546
0.197463
-0.168079
-0.0261313
0.0337974
0.195961
0.274764
0.209035
-0.0247799
0.262767
-0.061691
0.100879
0.16455
-0.0190533
0.288733
0.172831
0.21083
-0.302827
-0.21288
0.0839546
-0.0727236
-0.0675444
-0.011364
0.30952
0.159418
-0.0875659
0.0788679
-0.00981759
-0.0970085
0.059155
0.140372
0.314381
-0.0732734
-0.16894
-0.181932
-0.282393
-0.151448
-0.0792172
0.247609
-0.1357
-0.0867111
-0.336996
0.0893819
-0.0937414
0.0664593
-0.232196
0.278041
0.136422
-0.054318
-0.193297
0.167124
0.0652646
0.235227
0.152004
-0.0221506
-0.0261399
-0.0594411
0.0432873
0.30118
0.154291
0.0134886
0.0533189
-0.0630075
-0.0441109
0.183888
-0.250902
-0.104713
0.105195
-0.0278071
-0.04885
-0.144155
0.137596
0.0747673
0.0479369
-0.0671277
0.150115
-0.159015
-0.0849054
-0.067154
0.0259266
0.0170792
0.0711194
-0.156822
-0.0744205
-0.0509323
-0.105185
-0.229637
-0.064622
0.0918707
-0.196765
0.157715
-0.245329
0.196908
0.0990027
0.225694
-0.0249083
-0.078363
-0.0646196
0.236561
-0.148154
-0.29514
0.316699
0.0801084
-0.273381
-0.0143201
0.0902056
0.147875
-0.030649
-0.0894149
0.0646194
-0.140057
0.177732
-0.235913
0.102322
0.127242
0.0535385
0.196215
-0.0515744
0.21422
-0.146551
-0.208913
-0.0803238
-0.0759916
-0.048972
0.200607
0.0829935
0.260921
0.0617438
0.127702
-0.0819265
0.11865
0.284102
0.0640583
0.0799408
-0.197048
0.0701886
0.121673
0.0258739
-0.100334
0.160599
-0.229296
0.0949525
0.188088
-0.104421
-0.00328016
-0.0142947
4.48619e-05
-0.0250423
0.00651825
-0.196531
-0.0355767
-0.0490115
0.177274
0.214122
0.160197
-0.100592
-0.0659123
0.232808
-0.124572
0.00708385
-0.279536
-0.0320955
-0.0715112
-0.113493
0.145617
0.0277794
0.253207
-0.264762
-0.245829
-0.119027
0.163479
0.160588
0.234411
-0.0459061
-0.274016
0.173331
0.190195
-0.214099
0.0377477
0.0799325
-0.231813
0.194991
0.0763163
-0.0465206
0.0774051
-0.113005
-0.0772398
-0.127315
0.312859
-0.113772
-0.103209
-0.0544022
0.0784007
0.036127
0.0457646
-0.153663
0.233306
0.00540606
-0.148457
-0.139899
0.160053
0.0802936
0.0906835
0.189909
-0.077448
-0.161989
-0.228965
0.0595484
0.138857
-0.0330515
0.036171
0.0160642
-0.152389
0.242451
0.0827333
-0.00383425
0.307427
0.132246
0.0181145
0.118542
-0.0212306
0.0775452
-0.229104
-0.0376694
0.150829
-0.0651842
-0.285465
-0.00683674
0.21024
-0.211495
-0.156111
-0.181039
0.116102
-0.15005
-0.0620645
0.0886045
-0.0196092
0.178128
-0.0988747
0.155121
0.0609566
0.109454
-0.0452693
-0.150206
0.231621
0.0605457
0.0742048
-0.0371387
0.218816
0.000142701
-0.205266
0.22827
-0.184645
-0.0173114
-0.01312
-0.279727
0.0482858
-0.150966
-0.0240929
0.0698001
0.152004
0.175277
-0.0324611
0.0497357
0.168574
-0.145691
0.00935296
-0.148835
0.0525561
-0.0619797
0.0786177
-0.0439053
-0.110941
0.19177
-0.0708582
0.0650339
-0.016221
-0.250847
0.342798
0.121355
-0.0843282
-0.000553704
0.0373168
-0.141476
-0.158977
0.173238
0.104806
0.0183756
0.190489
0.212384
-0.138632
-0.0100903
-0.035407
-0.0225914
0.0673911
0.267716
-0.136593
0.0999062
0.215357
0.0480249
0.105539
-0.136446
-0.0759255
-0.105007
0.0389488
0.105202
-0.0337594
-0.10354
-0.0516565
0.222634
-0.12641
0.02345
-0.109222
0.263966
-0.0461669
0.172038
-0.260012
0.110552
0.076081
0.121313
-0.0465337
-0.268057
0.071304
-0.121074
-0.00392766
-0.0399802
0.190741
-0.00710755
0.11904
0.271927
0.0634638
-0.213276
0.127886
0.0653757
0.188501
-0.159133
0.122978
-0.0480484
0.00920823
0.0427002
-0.103362
-0.0996027
-0.108199
0.0628959
0.286706
0.0585356
0.225497
-0.116071
0.134685
0.127188
-0.104215
0.138725
0.126746
-0.113787
-0.191263
0.0250319
0.0788094
0.0933531
0.0919785
0.0517947
-0.0224819
-0.00569987
0.02424
-0.13426
-0.202661
-0.0171634
-0.102465
-0.154048
0.0732349
-0.0231535
-0.0516626
0.0405168
-0.0907086
0.0506191
0.138042
-0.128331
0.0862492
-0.047424
0.224625
0.0886478
0.181284
-0.308995
0.21641
0.0564146
-0.218079
-0.0592751
-0.0109011
-0.261783
-0.202222
-0.221702
-0.174318
-0.0691315
-0.187934
0.0309406
0.178036
0.15113
-0.137224
0.261744
-0.233135
0.109655
-0.144346
0.110114
0.117067
0.0613315
-0.0815909
-0.122678
-0.312193
0.150466
0.0477961
0.0225297
-0.162323
-0.14485
-0.122505
-0.057829
0.045714
0.101036
-0.105449
-0.0367605
0.016621
-0.00459498
-0.277976
0.068059
0.0367132
0.194159
-0.159171
-0.0107279
0.10709
-0.0801673
0.246699
0.133242
0.294999
-0.0930357
-0.0844887
0.306256
0.197154
0.140008
0.0186999
-0.0482188
-0.103783
0.277806
-0.29891
-0.0934235
-0.368591
-0.053425
-0.108943
-0.10929
0.162573
0.0674432
-0.206853
0.233367
0.226513
-0.150776
0.0223608
-0.131752
0.0428594
-0.0830854
0.0618161
-0.0621392
0.0800663
0.129634
-0.235458
-0.0484233
0.0134833
-0.110015
-0.252823
-0.184278
0.140219
0.0198246
0.290565
-0.0123325
-0.159791
0.0388585
-0.366105
0.178127
-0.0680042
0.032134
0.0241643
-0.0840881
-0.0972204
0.140817
0.0846797
-0.0287971
0.0878975
0.0549794
0.35672
0.0200959
0.121374
0.129627
0.111111
-0.296358
0.015379
-0.0916521
0.102142
-0.0687741
0.0445176
-0.126617
-0.116436
-0.24076
0.056243
0.143387
-0.0200805
-0.0396412
-0.0744395
0.189615
-0.106144
-0.08011
0.008428
0.194242
-0.0975336
0.160278
0.246082
-0.0149004
0.0860864
-0.149652
0.128715
0.164436
-0.314792
-0.0707444
0.169005
-0.0478243
-0.0502524
-0.0535731
0.0741985
0.231322
-0.302165
0.262609
-0.0919631
0.16023
0.0816862
-0.264021
-0.0393435
-0.0203348
0.0108146
0.17783
-0.061132
0.188528
-0.0903951
0.271773
-0.113922
0.116136
0.153027
-0.0962065
-0.110182
-0.0763401
0.0110321
-0.0893456
-0.0369696
0.0879779
0.0476637
-0.204791
0.0139701
0.0204592
0.234677
-0.030349
-0.143307
-0.134788
-0.054948
0.206758
0.0417031
0.323038
0.0309002
-0.157703
0.102076
-0.134659
-0.122702
0.0990277
-0.0303163
0.0510339
0.102983
0.160339
0.198516
0.277037
-0.0550966
0.089954
-0.0827783
0.051437
-0.109048
-0.00218225
-0.0316701
-0.056465
0.298734
-0.0618843
-0.208846
0.104695
0.0781935
0.0615408
0.214771
0.103415
-0.227194
-0.0375939
-0.0203322
0.223977
0.0144302
0.188481
-0.0861924
-0.153149
0.0456985
0.00463539
-0.14054
0.030739
-0.0733698
0.11019
-0.0131662
0.0506659
0.134534
-0.179116
0.267925
0.124716
-0.0982552
0.00564538
-0.168704
-0.0323386
-0.118727
0.124434
0.153463
-0.173034
0.0683947
-0.0684676
0.00888988
-0.115363
-0.252203
-0.244184
-0.330207
0.125264
-0.0128665
-0.0460677
-0.0492596
-0.178279
-0.0472115
0.170265
-0.0943702
0.128865
-0.00745665
0.208849
-0.168823
0.0655324
0.114611
-0.0301396
0.18095
0.201687
0.169396
-0.0727543
0.0667156
0.000253574
-0.250922
-0.0703798
-0.17785
0.0180771
0.257413
0.151538
0.292186
0.144853
0.0745151
0.0153703
0.068457
-0.0267385
-0.0978437
-0.266032
-0.30448
0.115432
-0.0671901
0.221997
-0.0647989
-0.209401
-0.16903
0.102969
-0.192628
0.0712755
-0.139937
0.197049
-0.060127
0.244617
0.0423597
-0.0596718
0.0558066
0.154257
-0.00909064
0.0881826
-0.0401268
-0.0250657
-0.0230456
-0.0579846
0.122536
-0.359675
-0.227443
-0.0380467
-0.181999
-0.0841932
-0.259889
-0.184544
0.132387
-0.14324
0.0312594
-0.2014
-0.014892
-0.0979688
0.191107
-0.169719
0.0426735
-0.0196601
-0.0575318
-0.12811
-0.0188572
0.0963103
-0.111142
-0.0328366
0.122663
0.0393245
-0.0931227
0.0460518
-0.0370761
0.138014
-0.189759
0.0695962
0.179458
0.115915
-0.176016
-0.00630865
0.00269854
0.109542
0.185209
-0.171638
0.253919
-0.123606
0.135166
-0.109772
-0.161401
0.140633
0.201818
0.120936
0.197189
0.063804
-0.131831
0.0295002
0.167249
0.0820603
-0.23129
-0.130581
-0.200721
0.164949
-0.0989218
-0.0904637
0.162297
0.0517632
-0.122589
0.00131437
0.00510217
-0.180443
-0.246859
-0.0899015
0.0301789
-0.114743
0.133562
0.0690054
-0.132133
-0.106609
-0.0243663
-0.00768822
0.175176
0.0225569
0.246444
0.124756
-0.0826313
0.152489
0.108196
0.0608511
-0.0435306
-0.158341
-0.0851559
0.0530423
0.216258
-0.0689424
-0.030647
0.234992
0.111258
0.0590197
0.0773256
0.17043
-0.163037
0.0300499
-0.184619
0.0138011
-0.222103
0.208028
-0.0476363
0.0468664
-0.293584
0.166152
-0.304851
-0.0337054
-0.161175
0.0287026
-0.160032
0.0695529
-0.00766105
0.00807728
-0.162654
-0.166364
-0.054942
-0.184733
-0.00144771
-0.138395
-0.106861
-0.251628
-0.0255901
0.236092
0.310238
0.255569
0.195101
0.148972
0.220273
0.106856
0.107332
0.193938
0.0743719
0.0646988
-0.094192
0.0461913
-0.138699
-0.175801
-0.305876
0.00184286
-0.0438768
-0.132115
-0.111674
-0.0295611
0.0809262
0.124508
0.0454902
-0.0488552
0.247913
-0.0899796
-0.0995868
-0.204881
-0.0137937
-0.00844012
-0.0285973
-0.18653
0.0277783
-0.153871
-0.0425287
-0.222043
0.0741037
-0.15293
0.158029
-0.0343091
0.038578
-0.0471787
0.0490534
0.112953
0.0970589
-0.130146
0.0175142
-0.126482
-0.183293
0.228641
0.137942
0.0791189
0.215824
0.0730557
0.184184
-0.136668
0.0263287
0.107465
0.148438
-0.020302
0.0208595
0.0121804
0.0255647
0.146529
0.244476
0.0610815
-0.0527212
0.0302082
0.0498242
-0.183642
0.0378368
-0.265815
-0.077121
0.21262
-0.043107
0.0223215
0.102975
-0.0477916
-0.0789197
-0.183405
0.162343
-0.111137
-0.169916
0.158719
-0.219534
0.261948
-0.0246252
-0.141901
0.0605104
-0.191869
-0.11072
-0.0174235
-0.154296
-0.0457874
-0.199357
0.0558824
-0.135982
0.301579
-0.204639
0.208795
0.0233888
0.150659
0.215084
0.0102994
0.00405087
-0.22732
0.215425
0.0804635
0.0483449
0.188935
0.098363
0.186669
0.0151124
0.0827002
-0.152938
0.145437
-0.0229044
-0.0448425
0.0872856
0.200961
0.203599
0.192428
-0.199999
-0.235951
-0.101503
-0.0736646
0.00912576
-0.200901
0.0666298
-0.0642638
0.156478
-0.30154
0.0483274
0.0330845
0.112366
0.148608
0.0609467
-0.123145
0.166366
0.0526693
-0.112942
-0.112147
0.0786482
-0.0840633
-0.304549
-0.149123
-0.0660562
0.195505
0.0674014
0.134346
-0.0415149
-0.151176
0.149379
-0.252889
0.0337909
0.105493
0.227115
-0.326286
-0.101894
-0.0753664
0.0180302
0.065968
-0.0703288
-0.0423567
0.0727091
-0.129223
0.126828
-0.212507
0.225287
-0.195323
-0.00360768
-0.181808
0.0137328
0.0746685
0.098337
0.34846
-0.286814
-0.275163
-0.0705526
-0.146383
0.189287
0.00749146
-0.0516497
-0.230691
0.131597
0.082402
-0.0147241
0.0290147
0.00424538
-0.0025149
-0.0691837
-0.0931105
-0.0533868
-0.0319887
-0.0614476
0.146908
0.0678834
0.0157695
0.0765468
0.018281
-0.0776715
0.065772
-0.220489
0.269973
-0.115998
0.00358511
0.00538583
0.156156
0.130372
0.0622376
0.158293
-0.0362837
0.0996926
-0.186352
0.0440608
-0.0590489
-0.00340218
-0.231884
0.0644536
0.0457513
-0.0493407
-0.253897
-0.19212
-0.161086
-0.13738
0.139443
-0.0693629
0.0326062
0.119477
-0.162084
-0.255162
0.139187
888888
0.0451284
0.0586459
0.0468975
0.042745
0.0444758
0.0458299
0.0381953
0.0403894
0.0674556
0.0572917
0.0394592
0.0477636
0.0513038
0.0599915
0.0554209
0.0502002
0.0461124
0.0332406
0.0561053
0.0475224
0.0610091
0.0453354
0.0468836
0.0657875
0.0544819
0.038341
0.0552617
0.0355345
0.066399
0.0500295
0.0526467
0.0444789
0.055379
0.0496394
0.0525586
0.0550626
0.0424754
0.0541594
0.0656802
0.0381087
0.047941
0.0641404
0.045437
0.0427989
0.0592632
0.0448343
0.0608154
0.0531085
0.0588456
0.0659329
0.0638962
0.0518398
0.0338643
0.0406548
0.0548627
0.0569756
0.0541187
0.0531468
0.0404967
0.0457313
0.0414366
0.0517277
0.0332125
0.0517536
0.0545157
0.0588109
0.0456289
0.0424663
0.0417183
0.0381346
0.0493092
0.0507546
0.0630279
0.0588491
0.0338093
0.0511946
0.0412083
0.0483963
0.0621706
0.0422655
0.0634464
0.0425755
0.0445395
0.0721866
0.0515938
0.0517751
0.0659368
0.0488368
0.0373273
0.0420035
0.0512852
0.048203
0.0469677
0.0549695
0.074642
0.0489332
0.0481957
0.03707
0.0376166
0.0412581
0.0394086
0.0507337
0.0363799
0.040349
0.0468899
0.059191
0.0479382
0.0545219
0.0486803
0.0496821
0.041437
0.0456875
0.0542951
0.05456
0.0537306
0.0514594
0.0484164
0.0726302
0.0528941
0.038097
0.0798624
0.0606981
0.0433105
0.0587971
0.0494567
0.0512385
0.0662678
0.0533925
0.046517
0.043502
0.04953
0.0602621
0.0532644
0.0452125
0.0304565
0.0516367
0.0490757
0.0422422
0.0497848
0.0635219
0.0468859
0.0280558
0.048611
0.0471381
0.0438332
0.0635363
0.0606658
0.0615653
0.0572035
0.0490848
0.042657
0.042826
0.0328033
0.0650813
0.0688239
0.0344601
0.0662979
0.0850842
0.0656112
0.070636
0.0566476
0.0538193
0.0434157
0.0498435
0.0813831
0.0456415
0.0517845
0.0515314
0.0555243
0.0498146
0.0844092
0.0448223
0.0439818
0.0557461
0.0438561
0.0368992
0.0459423
0.0608987
0.0497762
0.0513331
0.0517407
0.0408035
0.0524996
0.0432204
0.0518948
0.0394928
0.0373579
0.0491439
0.0515136
0.0581806
0.0453985
0.0663555
0.0484532
0.0691513
0.0473873
0.0470777
0.0544103
0.0487786
0.0513178
0.0747895
0.051724
0.0569054
0.0573897
0.0535106
0.0396849
0.0508642
0.0423249
0.0417436
0.0691442
0.0480458
0.0540624
0.0666418
0.0474656
0.0327691
0.0592834
0.0631125
0.0525288
0.0537158
0.0472849
0.0381563
0.0508276
0.0574294
0.0531532
0.0385756
0.070213
0.0430952
0.068432
0.0651269
0.0489034
0.059367
0.0598413
0.0618904
0.0464361
0.0382478
0.0612753
0.0436591
0.0459669
0.0577507
0.0461082
0.0491543
0.0467215
0.0496324
0.050309
0.0315465
0.0547977
0.0538401
0.0534863
0.0728318
0.0407329
0.0582077
0.0362226
0.0698071
0.0506865
0.0475602
0.0528695
0.0399067
0.0483658
0.0588184
0.0501997
0.0693941
0.0482176
0.0732188
0.052354
0.0466377
0.0531886
0.0623072
0.0528016
0.0711015
0.0480176
0.0374947
0.0443997
0.0455149
0.0549834
0.0679134
0.0524785
0.0446033
0.0445998
0.0460342
0.0516536
0.0638541
0.035446
0.0400196
0.0514209
0.0524825
0.0395745
0.0523654
0.0413025
0.054415
0.0585438
0.0404369
0.0556584
0.0421781
0.0447341
0.0348802
0.048099
0.0458987
0.0754672
0.0763931
0.0390543
0.0540642
0.0396508
0.0456958
0.0729163
0.0624672
0.0405355
0.0409095
0.0483634
0.0460732
0.0386853
0.0542082
0.0493171
0.0483786
0.0441445
0.0439582
0.0489988
0.0651412
0.0461494
0.0449055
0.0441815
0.0480898
0.0377448
0.0670097
0.0479058
0.0552084
0.0344605
0.0511705
0.0620214
0.0503729
0.0442334
0.0698881
0.0346302
0.0713686
0.0561531
0.0594717
0.0525685
0.0591284
0.0572836
0.0513156
0.0619126
0.0584567
0.0558138
0.0419158
0.0601431
0.0708733
0.0481031
0.0414486
0.0631837
0.0556985
0.0444431
0.0499999
0.0498841
0.0450547
0.0403193
0.0673353
0.0516029
0.0521864
0.050259
0.0642175
0.0553574
0.0537609
0.0572798
0.0576309
0.0680211
0.0381827
0.0508528
0.0481451
0.058919
0.0469342
0.0597922
0.0506863
0.0534923
0.0558247
0.0552606
0.0398494
0.0712501
0.0463386
0.0395673
0.0481779
0.053853
0.0678335
0.0508204
0.0418344
0.0464981
0.0578093
0.0482474
0.0456128
0.046703
0.043909
0.0605663
0.0440281
0.0540524
0.0431691
0.0491643
0.0514081
0.0588375
0.0381326
0.0454496
0.050297
0.0406831
0.0448059
0.0460857
0.0465492
0.0681704
0.0572483
0.0670752
0.0505631
0.0563318
0.0438088
0.0641945
0.0422431
0.0515034
0.0553889
0.042472
0.0436091
0.0574242
0.0402853
0.0513025
0.0573489
0.057963
0.0498627
0.067802
0.0399131
0.0444547
0.0491468
0.0497058
0.0547205
0.0580869
0.0568169
0.0524499
0.0440265
0.069451
0.0549956
0.0489163
0.0441641
0.0574688
0.0475518
0.0405311
0.0449144
0.0557926
0.0598395
0.04316
0.0464256
0.0516609
0.0468785
0.0377628
0.0606133
0.047924
0.0513779
0.036774
0.0538712
0.0716005
0.0760188
0.055125
0.0539124
0.0726383
0.0538799
0.0584259
0.0562312
0.0395174
0.0441161
0.0566454
0.0771442
0.0450809
0.0674008
0.049311
0.0507124
0.0623693
0.0489615
0.0309021
0.045918
0.0662272
0.0661514
0.0712483
0.045338
0.046446
0.0403937
0.0453571
0.0525891
0.0600693
0.0633127
0.0625047
0.03943
0.060277
0.0502124
0.0507549
0.0550501
0.0365868
0.0584703
0.0463445
0.0460225
0.0428807
0.0410163
0.0496974
0.0509442
0.060282
0.0318381
0.0483399
0.0590251
0.0487089
0.0350334
0.0691435
0.0476694
0.0424236
0.0557613
0.0560395
0.0628097
0.0392276
0.0436071
0.0359409
0.0547283
0.0608205
0.0437549
0.059315
0.0504173
0.0493363
0.044022
0.0512278
0.0511087
0.0582575
0.0491246
0.0446495
0.0570624
0.0632409
0.053823
0.0490675
0.0741457
0.0362404
0.0421599
0.0334971
0.0570298
0.0744037
0.0512997
0.0428868
0.0438442
0.046994
0.052093
0.0422753
0.0483979
0.0560515
0.03692
0.0514931
0.0593537
0.0395847
0.0469416
0.0409829
0.0489437
0.0590013
0.0379183
0.0584339
0.0451467
0.0556171
0.0607241
0.0573936
0.0499619
0.0452699
0.0459789
0.0596842
0.0473152
0.0602968
0.0416339
0.0715764
0.0641681
0.0583631
0.05452
0.0472279
0.0564314
0.0461315
0.040336
0.0563537
0.0487285
0.0420401
0.0510197
0.0669937
0.0642488
0.0375355
0.0496734
0.0400457
0.0497371
0.0547846
0.047
0.0504886
0.0361529
0.0448694
0.0364301
0.0639826
0.0478234
0.0484261
0.0485509
0.052545
0.0417794
0.047972
0.039683
0.0535042
0.0496064
0.0451733
0.043365
0.072801
0.0492798
0.0502381
0.0493596
0.0435209
0.044834
0.0545702
0.0484429
0.0541505
0.0399165
0.0457878
0.0421467
0.0619005
0.0509793
0.0420619
0.0428955
0.0371667
0.0596077
0.0578624
0.0307236
0.0485088
0.051744
0.0459744
0.0429715
0.0492933
0.0389649
0.0447643
0.0602425
0.0437013
0.0578541
0.0394654
0.0525894
0.0640663
0.0364943
0.0483914
0.0411233
0.0504593
0.0402102
0.0471817
0.0458807
0.0468382
0.0548745
0.0485642
0.0579724
0.0655864
0.0519908
0.0504794
0.0491744
0.056425
0.036503
0.0652334
0.0504133
0.036703
0.0357235
0.0522777
0.0572002
0.0614859
0.0463479
0.0434563
0.037279
0.0531434
0.0664036
0.0513472
0.0457002
0.0482954
0.044219
0.0695072
0.0557415
0.0414497
0.0493983
0.0599982
0.0481239
0.0608259
0.0422169
0.0839312
0.0552259
0.0463062
0.0585454
0.0441976
0.0573496
0.0570443
0.0612184
0.067516
0.047684
0.0438879
0.0571855
0.0533767
0.0429365
0.0398793
0.0493071
0.0417034
0.0535919
0.0597391
0.0478575
0.0568479
0.0426255
0.0521899
0.051298
0.0526664
0.0502323
0.0490193
0.0410303
0.056495
0.0429376
0.0418432
0.0549429
0.0674025
0.0521076
0.0396484
0.0569826
0.0493058
0.0613998
0.0475051
0.0292745
0.0598108
0.0501775
0.0520697
0.0598815
0.0493853
0.0402059
0.053422
0.0529004
0.0666161
0.0446833
0.0566478
0.0644596
0.0443675
0.0512436
0.0594926
0.034682
0.0587224
0.0729788
0.0647361
0.056868
0.0447099
0.0539331
0.0615877
0.0442366
0.0384224
0.0592178
0.0403856
0.0397391
0.0485575
0.0496445
0.0530523
0.0423233
0.0509578
0.0542625
0.0485596
0.0415792
0.0341736
0.0502515
0.0611476
0.04827
0.0406642
0.0509334
0.052131
0.0555074
0.0435963
0.0403711
0.0504965
0.0606499
0.0647187
0.0426328
0.0368809
0.0558597
0.039819
0.0522994
0.0730173
0.0463242
0.0387808
0.0456063
0.0618161
0.0489954
0.0422664
0.046655
0.0876592
0.0415896
0.0468859
0.0739723
0.0406926
0.0586984
0.0404439
0.0527017
0.0575156
0.0405837
0.0560824
0.0800244
0.0802246
0.0329042
0.0534775
0.0437074
0.0535289
0.0530472
0.0566224
0.0525729
0.0485986
0.0464878
0.0599722
0.0626063
0.0450904
0.0497618
0.0370948
0.0463236
0.050926
0.0452383
0.0562335
0.0509356
0.0376624
0.0504129
0.0460387
0.0541644
0.0500821
0.0578971
0.050394
0.045832
0.0420473
0.0530847
0.0543144
0.0517654
0.053089
0.0439736
0.0356985
0.0633879
0.0506597
0.0454288
0.0641077
0.0490646
0.0611003
0.0389953
0.0420331
0.0545779
0.0485657
0.0721033
0.0494888
0.0364544
0.0593854
0.0302668
0.0505209
0.046849
0.0521496
0.0537715
0.0477423
0.0432272
0.0500231
0.0491876
0.0470335
0.0492994
0.0423817
0.0509799
0.0460921
0.0434226
0.0465262
0.0660478
0.0539696
0.0502453
0.06508
0.0459124
0.036734
0.0766307
0.0525149
0.0434316
0.0567569
0.0690762
0.0353822
0.0506723
0.0489369
0.0397824
0.0490978
0.0385607
0.0765834
0.0387558
0.0495184
0.0630854
0.0481624
0.057738
0.0625789
0.0397749
0.0675201
0.0485299
0.0412841
0.0596809
0.0452749
0.0427556
0.0469172
0.0534397
0.0509717
0.0501102
0.0330359
0.0514845
0.058643
0.0427474
0.0410427
0.0602364
0.046648
0.0279643
0.0740111
0.0453266
0.0438939
0.03946
0.036948
0.0683313
0.0424821
0.0359587
0.0406771
0.0470644
0.0559223
0.0584082
0.0485199
0.0642054
0.040651
0.0312169
0.0429781
0.0430124
0.0434589
0.0426626
0.0481978
0.0615307
0.0395725
0.0713375
0.0599511
0.0432645
0.0636762
0.0343593
0.0516602
0.0480739
0.0441279
0.0509347
0.0576931
0.0541521
0.0404877
0.0606009
0.0307984
0.0617562
0.03895
0.0505896
0.0446211
0.050163
0.0549055
0.0631839
0.0417428
0.0555072
0.0480079
0.0372234
0.0562536
0.0496613
0.040837
0.0532523
0.059779
0.0338181
0.0661817
0.0490389
0.0636375
0.0499335
0.0707863
0.0451111
0.0507473
0.0592377
0.0605955
0.0455797
0.0451859
0.0569186
0.0595132
0.0402543
0.0585097
0.0441059
0.0468238
0.0442864
0.04403
0.0459389
0.0441164
0.0456708
0.0571851
0.0592703
0.0533206
0.0506815
0.0463566
0.0386689
0.0596856
0.0559224
0.0449595
0.0429086
0.0418313
0.0497984
0.0571345
0.0459082
0.0544571
0.0579012
0.0423336
0.0516516
0.040732
0.0546752
0.0541398
0.0481768
0.0531087
0.053345
0.0465193
0.0514023
0.0667469
0.0599555
0.0656738
0.0674077
0.0467955
0.040213
0.0416779
0.0629865
0.0437088
0.0610177
0.0474952
0.0530273
0.0406568
0.0421244
0.044503
0.0430025
0.0548352
0.0466346
0.0572609
0.0408799
0.0554516
0.0618628
0.0499533
0.0457595
0.0512604
0.0519462
0.0393215
0.0498632
0.051596
0.0531668
0.0305594
0.0432106
0.0432586
0.0488055
0.0670024
0.0570638
0.0460461
0.036413
0.0672673
0.0541647
0.0434792
0.0479772
0.0611842
0.047512
0.0712864
0.0458149
0.0697118
0.0355282
0.0531576
0.0405449
0.0591274
0.0617946
0.0576401
0.0535276
0.0645729
0.0435462
0.0621313
0.0482105
0.0456932
0.0536085
0.0625615
0.04567
0.0584476
0.0527552
0.0448285
0.0396925
0.0445664
0.0274248
0.0388952
0.0509792
0.0456475
0.0355376
0.0486427
0.0526223
0.0514384
0.0541177
0.0417564
0.0454048
0.0744435
0.0372468
0.0599966
0.0596261
0.0619464
0.0448693
0.0395611
0.0426103
0.0637844
0.0510785
0.0574676
0.0538834
0.0596999
0.0491296
0.0384126
0.0374186
0.067263
0.0456425
0.0433921
0.0431855
0.057243
0.0413514
0.0488868
0.0528668
0.0542682
0.0538069
0.0570252
0.0639897
0.0456693
0.0683399
0.0515555
0.0469548
0.0487126
0.0371481
0.0638946
0.0446219
0.0387759
0.0574924
0.0489969
0.0613303
0.0636879
0.039552
0.0720645
0.0520655
0.0440821
0.0386265
0.0404509
0.043324
0.0445073
0.0468396
0.0329706
0.0564371
0.0597349
0.0334625
0.0489661
0.0504292
0.0302416
0.0309333
0.0666342
0.0607884
0.0417005
0.0494243
0.0529318
0.0363559
0.0562189
0.0326775
0.0560107
0.0381753
0.0463328
0.0463308
0.0670201
0.0615956
0.0684592
0.0546233
0.0420076
0.0475763
0.0445435
0.0574846
0.0621837
0.0582326
0.0389864
0.0411564
0.05427
0.0343705
0.0547815
0.0621392
0.0703493
0.0385675
0.0405219
0.0387392
0.0429487
0.0401071
0.0642724
0.0305174
0.0485127
0.0592368
0.0541851
0.0392667
0.0421706
0.0375385
0.0473486
0.0554328
0.059053
0.0476425
0.0413257
0.0892133
0.045177
0.0634675
0.0701774
0.0417423
0.0681908
0.0542208
0.0584235
0.0589344
0.0505485
0.0544143
0.0499572
0.0586897
0.0553905
0.039855
0.0684381
0.0372769
0.0495614
0.0541483
0.0406464
0.0455157
0.0468024
0.050508
0.0497122
0.0403009
0.0374912
0.0426912
0.0621434
0.0456374
0.0372647
0.0553692
0.051366
0.0650978
0.0493766
0.058344
0.0422928
0.0419994
0.0723089
0.0461796
0.0462468
0.0606041
0.0406638
0.0484043
0.052195
0.0591725
0.042156
0.0330017
0.033915
0.0389387
0.0660216
0.0577762
0.0508391
0.0662522
0.0536845
0.0527116
0.0553285
0.0364142
0.0577407
0.0522948
0.0474041
0.0415905
0.0463197
0.0443435
0.0406254
0.0409793
0.0692445
0.0624358
0.0503735
0.0496156
0.0458945
0.0443399
0.0481856
0.0565468
0.0454398
0.0700179
0.0597667
0.0611767
0.0517221
0.0488532
0.055384
0.0494568
0.0638631
0.0486289
0.0723804
0.0365921
0.046815
0.0427474
0.0484241
0.0452406
0.0496282
0.0809224
0.056851
0.0438451
0.0717604
0.0464191
0.0617527
0.0499297
0.060942
0.0715604
0.0607944
0.0414577
0.0544916
0.0292057
0.0274006
0.0405461
0.0574201
0.0476733
0.0422731
0.0575275
0.0573922
0.0471061
0.0461482
0.044079
0.0561782
0.0450909
0.0508146
0.100796
0.0429921
0.0660502
0.0452781
0.051673
0.0478196
0.0573196
0.043102
0.0649385
0.0503134
0.0495522
0.048528
0.061817
0.0789148
0.0656652
0.0654584
0.0705511
0.0625773
0.048459
0.0399801
0.0445166
0.0396473
0.051218
0.0419542
0.0551164
0.0557651
0.0654166
0.0494517
0.059736
0.0640488
0.0519949
0.0399686
0.044336
0.0398468
0.0640523
0.0536167
0.0608312
0.040442
0.0428107
0.0702506
0.0597677
0.0487264
0.0700507
0.0749669
0.0541338
0.0352983
0.0589394
0.0459524
0.0449832
0.0663421
0.0566877
0.037884
0.0595482
0.0347646
0.0443375
0.0551697
0.0613821
0.0616975
0.0430405
0.0411705
0.0501807
0.0632094
0.0445307
0.0595253
0.0536168
0.0467444
0.0377927
0.0399482
0.0412384
0.0762146
0.051156
0.0376451
0.0612458
0.0651093
0.0510664
0.0556856
0.0564327
0.05417
0.0699997
0.0555493
0.0392685
0.0603491
0.0476214
0.0420876
0.0362475
0.033422
0.0514842
0.0607871
0.0458478
0.0440618
0.0421441
0.044942
0.0482801
0.0526674
0.0540571
0.0571463
0.0480689
0.0489856
0.0521928
0.0529275
0.0407736
0.0651545
0.040382
0.0624373
0.0468811
0.0476563
0.05427
0.0604872
0.0608279
0.0597795
0.0442287
0.0452606
0.0479034
0.0401109
0.0425852
0.0479478
0.0677944
0.0509963
0.0472962
0.0676962
0.0694393
0.0563527
0.0637702
0.0354602
0.0477015
0.0572542
0.0564758
0.0502908
0.0402522
0.0456241
0.049574
0.0491754
0.0545248
0.0567427
0.0448468
0.0456769
0.0486858
0.0498784
0.0644027
0.0515479
0.0634369
0.0478388
0.0642865
0.0385738
0.0742727
0.0470602
0.0379129
0.05001
0.0558578
0.064997
0.040551
0.0452586
0.0452211
0.0572281
0.065938
0.0560616
0.0529196
0.062189
0.0632323
0.0423074
0.0584508
0.038627
0.0699531
0.0580514
0.0490644
0.0467313
0.0486651
0.0509369
0.0476346
0.0544102
0.0385325
0.0420719
0.0541332
0.0488234
0.0689743
0.0578551
0.0489964
0.0527435
0.0337851
0.0540156
0.0482638
0.0512829
0.0607709
0.0450282
0.0388003
0.0480777
0.0563074
0.0468093
0.0386285
0.0432052
0.0642447
0.0658272
0.0507436
0.0670502
0.0369805
0.0676255
0.0504989
0.0512382
0.0638533
0.0589832
0.0532885
0.033421
0.0497785
0.0499008
0.0686495
0.0396742
0.0551337
0.0617082
0.0517016
0.0505153
0.060182
0.0547575
0.0521442
0.0501462
0.051587
0.0521718
0.0528132
0.0657078
0.0365703
0.0533303
0.0329366
0.048305
0.0357245
0.0483696
0.0502129
0.0590258
0.0392958
0.0382852
0.0413605
0.0325418
0.0475717
0.0313871
0.0437667
0.067639
0.0442587
0.0524809
0.0643444
0.05161
0.0376488
0.0470903
0.0474199
0.0397545
0.052669
0.049708
0.0381566
0.0417322
0.0483731
0.0414668
0.0572981
0.0510971
0.0787188
0.0580526
0.0632019
0.0439643
0.0674002
0.0503368
0.0657937
0.0641629
0.048102
0.0525578
0.0635601
0.0544688
0.0374162
0.0408836
0.0422343
0.0616502
0.0473431
0.0505961
0.0459343
0.0632021
0.0595637
0.0497075
0.0499592
0.0666551
0.050058
0.0480502
0.0436366
0.0562051
0.0334353
0.0352767
0.0721114
0.0599672
0.0544416
0.04442
0.0399638
0.0601155
0.0479468
0.0487003
0.0374097
0.0476899
0.0545211
0.0564524
0.0333839
0.0400025
0.043993
0.0514566
0.0484995
0.0560166
0.0370787
0.0517118
0.0450339
0.0304056
0.0411023
0.0468813
0.0397727
0.0719124
0.0445447
0.0597703
0.0638699
0.0464905
0.0587123
0.0475045
0.041745
0.0513372
0.0740856
0.0503555
0.0434755
0.0385967
0.060044
0.055983
0.0527801
0.0372045
0.0569693
0.0642717
0.0480873
0.0547167
0.0341645
0.0445803
0.044368
0.0411092
0.0637484
0.0425061
0.0430667
0.0432921
0.0810879
0.045544
0.0532716
0.0467632
0.0472173
0.0463147
0.069167
0.0349481
0.0779994
0.0819488
0.0561743
0.0566955
0.0524507
0.070206
0.0501256
0.0592782
0.0488711
0.0760973
0.0570366
0.0582726
0.0533589
0.0381755
0.0542925
0.0415504
0.041046
0.0486336
0.0606269
0.0658831
0.0378979
0.0531593
0.0367991
0.0471135
0.044956
0.0652541
0.0659305
0.0532446
0.0562495
0.0409405
0.078992
0.0562497
0.0597668
0.0472344
0.0515736
0.0582327
0.0382956
0.0557739
0.0429637
0.0375019
0.0392459
0.0665596
0.0436982
0.0383688
0.0537363
0.0466284
0.0445224
0.0388951
0.0563193
0.0451191
0.0474827
0.054053
0.0481654
0.0563052
0.041036
777777