2.97252
999999
0.154232
0.141136
0.0138861
-0.145574
-0.124833
-0.143431
-0.0481274
-0.124525
-0.0849632
-0.105814
-0.0197323
0.227175
0.00673844
0.168394
0.0285419
0.149088
0.0181055
-0.0158251
0.0300197
-0.150557
-0.131325
-0.260432
-0.189941
-0.106893
-0.136447
-0.0440871
-0.0796421
-0.263875
-0.176773
0.096215
0.0574504
-0.244313
0.046595
0.306981
-0.2851
-0.069054
0.115275
-0.117621
0.0452228
-0.113359
-0.0935283
0.234206
-0.192025
-0.0522505
-0.132047
0.247807
0.0379846
0.141089
0.178207
-0.172154
0.0873342
0.192713
-0.111418
-0.127274
-0.166344
0.00976205
-0.174664
-0.00375547
0.00426171
-0.139879
0.0340728
-0.266775
-0.3372
-0.0346223
-0.14212
0.131632
0.230234
-0.0317904
-0.155158
0.20446
-0.0411166
-0.111345
-0.0465283
0.138206
0.194296
0.0706432
0.082707
-0.141756
-0.123998
0.143205
-0.0477588
0.0135677
-0.190922
0.233894
-0.288091
-0.0423571
-0.136744
-0.1799
-0.00946165
0.0919723
0.175406
0.109917
-0.167887
-0.123289
-0.156033
-0.10019
0.31377
-0.171593
0.124679
0.0706434
-0.0546322
0.0655978
-0.122827
-0.091941
0.0560232
0.106258
0.154432
0.00847321
0.0535779
-0.169445
0.247037
-0.0665483
0.110834
0.0426213
-0.018606
-0.0390404
0.0550663
-0.0751133
-0.00783895
0.0390811
-0.15681
0.00630724
-0.145505
-0.0387168
0.127185
-0.197448
0.00789487
0.0345052
-0.223626
-0.126496
-0.138254
0.214897
0.194814
0.0517658
-0.186133
-0.0535514
0.13985
-0.11316
0.0587301
0.0347823
-0.102717
0.137381
0.0438779
0.0344407
0.161073
-0.0471866
0.302739
0.104286
-0.017056
-0.059391
-0.238757
0.0761839
0.14252
-0.0117585
0.106145
0.0294089
-0.214558
-0.19668
0.105166
-0.0978031
0.229624
-0.00422547
0.224934
0.187522
-0.271988
-0.107066
-0.246471
0.0723434
-0.0292663
-0.141801
-0.0346215
0.143688
-0.168656
0.0422118
-0.271978
0.123841
-0.102942
-0.0678168
-0.0844473
0.148367
0.117299
-0.161763
0.217369
0.0630414
0.182849
-0.0626367
0.0490404
0.046088
0.0241049
-0.129954
0.00803996
-0.0818376
-0.0519909
-0.068836
-0.0125612
0.261096
0.0370854
0.0303353
-0.20826
-0.184802
0.0151294
-0.0845683
0.0567564
-0.0505486
0.233679
-0.0626037
-0.102377
-0.141294
-0.0425563
-0.0339587
0.175323
-0.0227001
0.0389983
0.0346615
0.0424806
0.0387563
0.0164493
-0.135926
0.252307
-0.00835308
0.181754
0.153026
-0.127072
0.104603
-0.229193
0.208337
-0.0767934
-0.195493
0.0488137
0.00365003
0.00596596
0.068038
-0.00655927
0.157176
-0.0496888
0.0674073
0.0191725
0.0983154
0.0370171
-0.0828971
-0.0019272
-0.343275
0.208381
0.0127977
-0.0211443
-0.188699
0.147472
-0.0255581
0.110634
0.235247
-0.242205
-0.0295066
-0.123247
0.208989
-0.0640543
0.012975
0.00327593
-0.0119903
0.106655
-0.2191
-0.0808531
-0.199518
0.127892
0.0453271
0.15667
0.21553
-0.098037
0.147953
-0.0759473
0.14551
0.0672172
0.0738989
0.108836
0.0588869
-0.266232
-0.0632948
-0.130712
0.0606524
-0.0904707
-0.158677
-0.370208
0.160138
0.128633
0.017564
0.116727
0.000929063
-0.107571
0.0326755
-0.122098
-0.199283
0.0088052
-0.0490225
-0.0562678
0.03299
0.1078
-0.0442207
0.169033
0.219189
0.0155381
0.0796452
0.156533
-0.112436
0.109471
-0.0630186
-0.0402552
-0.0783339
0.00742218
-0.011154
0.253283
0.19912
-0.205348
0.113016
-0.131726
0.0260374
0.128476
-0.0901355
0.0601604
-0.0673297
-0.0913391
-0.014211
-0.0315237
-0.28138
0.0936756
0.105749
0.172567
-0.0628524
0.144482
0.0781132
-0.00758838
0.220958
-0.205625
0.207425
0.155899
-0.265093
-0.252554
-0.170583
0.0838352
-0.0322811
0.22069
0.0442155
-0.29063
0.0371889
-0.0453275
-0.0160839
-0.0684256
0.0910821
0.019248
0.0822009
0.000347668
-0.167731
-0.195312
0.117986
0.13371
-0.143585
0.050647
0.0881225
0.139099
-0.104496
0.0205148
-0.0516624
-0.0632614
0.164137
0.074183
-0.0192874
-0.1506
0.126338
-0.0443909
0.245581
0.0977699
0.0919145
-0.0809296
-0.0630912
0.207557
-0.0138037
0.0880875
-0.0319772
0.0163084
0.217971
0.112921
0.132011
-0.311532
-0.13053
0.140349
-0.090228
0.215337
-0.00640688
-0.0485262
-0.177514
0.285017
-0.0265572
0.141986
0.207508
-0.188526
0.0200071
0.00418831
0.119415
-0.0637402
-0.053285
0.145594
0.0757967
0.0403167
-0.055986
0.0827968
-0.124125
0.0519734
0.275129
0.140214
-0.0261504
-0.322065
0.0705053
-0.122171
-0.0985811
-0.0860173
-0.0274163
-0.0875428
-0.136122
0.197592
0.127968
0.0319987
0.0154402
-0.167913
0.241844
0.145503
0.147063
0.22949
0.0605632
0.186329
-0.101529
-0.260009
0.285826
0.114404
-0.104717
0.0980465
0.278973
0.0150206
-0.152928
-0.115406
-0.049721
0.0568464
0.0696905
0.244644
0.185154
-0.111303
-0.336234
0.103129
0.144488
-0.123569
0.0718489
0.0278848
-0.0243095
0.17475
0.0299904
-0.116984
-0.0444564
0.0344758
0.0489227
0.145828
-0.0872171
-0.0556811
0.127538
-0.15414
-0.0149759
-0.195141
0.160015
0.0268361
0.0735609
-0.125936
0.253954
-0.170322
-0.173504
0.136137
0.185146
-0.217539
0.0248893
0.168932
-0.0156944
0.155769
0.196101
-0.0583239
0.194912
-0.062527
-0.1849
0.153959
-0.0914968
0.125635
0.171098
-0.184985
0.102782
-0.067919
0.349804
0.0827329
0.0307573
0.111657
-0.00514201
0.00261613
-0.163692
-0.102598
0.0630392
0.0166784
0.0959384
0.0542808
-0.180576
-0.228512
0.155018
-0.139715
-0.135736
-0.0260789
-0.298761
-0.360093
0.00355039
0.0765526
0.0232122
-0.0784106
0.293213
-0.0623945
0.00126712
0.0152742
0.0211233
0.0726456
-0.131511
-0.0757867
0.181861
-0.0960519
0.0965194
0.0918576
-0.176931
-0.0394375
-0.0440961
0.245986
-0.19309
-0.116649
-0.114284
0.194026
0.109206
0.0304079
-0.140378
-0.279466
0.0523546
-0.0299102
0.180899
0.0839289
0.113242
0.014908
0.0834384
0.141924
0.0116367
-0.184297
-0.123362
0.0232896
-0.176549
0.0643821
0.0527054
0.00969334
-0.285093
0.0818148
-0.109374
-0.00104512
-0.234472
0.00982995
-0.11415
0.0033966
0.0549549
0.246764
-0.0911805
0.0438509
0.197345
0.0110902
0.199724
-0.018382
0.178983
-0.124306
0.0227334
0.0770313
-0.0073096
-0.0814145
0.00269551
-0.133597
0.227522
-0.000241864
-0.109382
0.294844
-0.0704932
-0.191741
-0.199031
0.0266296
-0.190851
-0.0712666
-0.209921
0.316682
0.0154096
0.0769928
0.035232
-0.00734184
0.0613109
-0.00155744
0.0678871
-0.00979397
-0.121663
0.139432
-0.266446
-0.0218967
-0.0999503
0.138221
-0.146087
-0.0418667
-0.30963
-0.111126
0.092058
-0.0414958
0.0979377
0.161841
0.0884983
-0.0305266
0.0434725
-0.235877
-0.20954
-0.128275
-0.036587
-0.0686326
0.0726224
-0.268779
0.0108663
-0.0824819
0.301377
-0.194494
0.0210536
-0.0140447
-0.0186884
-0.0823315
0.105192
0.053827
-0.0602276
-0.01761
-0.157266
0.210057
-0.133301
-0.222878
-0.180512
-0.0751318
-0.00942198
0.0747747
-0.00607047
-0.00279277
-0.4829
0.0787904
0.0220756
-0.120658
-0.199937
0.0812298
-0.298309
-0.237303
-0.0206887
0.1024
0.109387
-0.145328
-0.203439
0.0100707
0.0599332
0.265983
0.172722
-0.102457
0.140161
-0.281502
0.317437
0.197158
0.0338673
0.0321563
0.197279
0.217354
-0.111986
-0.018774
-0.0750346
-0.0978914
-0.0788992
-0.12928
-0.0440808
0.0632834
-0.192925
-0.283533
0.0623599
-0.172579
0.186559
0.186528
0.136106
-0.011502
-0.274393
-0.202655
-0.339405
0.115226
-0.175529
-0.0524062
-0.327583
-0.0550844
-0.214794
0.210348
-0.0525245
0.0270347
-0.0214699
0.181633
0.0713319
-0.126382
-0.249739
0.0758596
-0.0531064
0.0912201
-0.0837733
-0.215076
0.113388
-0.122432
0.0446813
0.0600882
0.152498
0.0604378
-0.150544
-0.0275004
-0.143841
0.063852
-0.124311
-0.149327
-0.133657
0.111293
-0.152729
0.0777666
0.0595211
-0.0149574
0.0410446
-0.0450158
0.11647
-0.144799
0.045215
-0.207631
0.0453266
-0.0361462
-0.139917
-0.0139612
-0.0537589
-0.165445
-0.187889
-0.0706061
-0.173788
-0.00425905
-0.23711
0.211789
-0.216019
0.0865131
-0.0537956
0.213108
-0.00465473
-0.258203
-0.0371816
0.214291
-0.0440512
-0.230166
-0.0477794
0.090285
-0.314002
0.0376366
0.0287109
-0.0606532
-0.00139479
-0.356335
-0.104415
-0.0871188
0.283288
-0.0118207
0.134128
0.0522489
-0.175997
-0.00898185
0.0041292
0.166644
0.145288
0.154255
0.330442
0.0792059
0.0398434
0.0647312
0.0676399
0.091392
0.192894
0.192541
-0.10155
-0.0244727
0.163558
-0.0049189
0.089956
-0.119924
0.186959
0.0676764
-0.0854371
-0.0973813
0.3095
-0.201042
-0.0282946
-0.0820917
-0.00360544
0.0493739
0.000392833
-0.136327
-0.101419
-0.126446
-0.168892
-0.127288
0.0482346
0.0879612
0.244788
-0.15973
0.0778989
-0.221471
0.1525
-0.0457021
-0.0407185
-0.168906
0.0648952
-0.0238986
0.105362
-0.0267239
-0.00219848
0.233954
-0.128374
-0.18479
0.0730965
0.195968
0.11869
0.0665927
-0.0129467
-0.0790641
0.0851054
0.158528
-0.249298
-0.0651921
0.219634
-0.0875681
0.249691
0.108478
-0.243322
-0.121738
0.0744676
0.068264
0.0239103
0.0433058
-0.209028
-0.142228
0.166842
0.0474923
-0.0179896
-0.258363
-0.0366966
0.0955055
-0.0208415
-0.173705
-0.225703
0.0825716
0.0639946
0.183864
0.267001
0.0335209
-0.16507
-0.0178345
0.0345367
-0.0415794
0.0233337
0.0569492
0.0396803
-0.121745
0.0769603
0.0967561
0.0245154
0.117615
-0.0078281
-0.105357
0.0262279
0.295981
0.12359
-0.177924
-0.0571887
-0.0790703
-0.0917955
-0.11741
-0.105941
-0.0266993
0.00472552
-0.040785
0.109517
0.287374
0.0708207
-0.0901076
0.131459
0.0340593
0.119139
-0.059131
0.100818
0.122777
0.0584948
-0.00511841
-0.136547
0.147518
0.0983249
0.102798
-0.0448202
0.00882965
0.175197
-0.273077
0.0429834
-0.238482
-0.00187103
0.053572
-0.107688
0.224348
-0.237169
-0.0690499
-0.0674278
0.23033
0.0214394
0.133742
-0.087478
-0.000756873
-0.0733855
0.103346
-0.177207
0.0525197
-0.138675
0.105351
-0.0948583
-0.0110171
-0.219215
0.00114063
-0.103534
0.103792
-0.0712764
-0.00634092
0.0432371
0.101988
0.0404624
-0.0447109
-0.393563
0.00970101
0.0865287
0.166655
-0.0936372
0.22293
0.189747
-0.245663
0.101517
0.116481
0.212881
-0.0589465
0.00728243
0.0535751
0.0908419
0.0908036
0.0621974
-0.0333689
-0.135589
-0.129622
-0.178368
-0.0220267
-0.0659918
-0.0602409
-0.0740236
-0.110183
0.293363
-0.184638
0.108606
0.0641909
-0.0310789
-0.0222728
0.296941
-0.238557
0.0889595
-0.144943
0.293637
-0.118038
-0.031258
-0.0361207
-0.230247
-0.00850793
0.0127707
0.0194002
-0.00231273
-0.0252274
0.0735006
0.0567347
-0.146323
0.148389
-0.0254979
0.0577293
-0.0403106
0.203729
0.139792
0.00909073
-0.166095
-0.180762
0.0785262
-0.214402
0.151898
0.152613
0.247457
0.1521
-0.16146
0.0160287
0.0467831
-0.00221317
0.11884
-0.250324
-0.184419
-0.0618205
0.0789742
0.0168578
0.219282
-0.0168089
0.139646
0.198199
-0.0838489
0.159087
-0.247321
-0.106156
-0.107277
-0.0798707
0.0639876
0.180814
-0.0624187
0.0301777
-0.0205296
-0.0434586
0.113309
0.111457
-0.162865
0.0970135
-0.165105
0.122197
0.0180264
-0.0430585
-0.0443474
0.273098
0.210732
-0.138839
-0.236517
0.203265
-0.220133
-0.0713899
-0.33164
-0.0552231
-0.202297
-0.18128
0.0606279
0.190327
0.181508
-0.246139
0.113594
-0.240858
0.137553
-0.212744
-0.00868596
0.156405
0.0470459
-0.00263327
-0.0587364
-0.20378
0.172142
0.150853
-0.069487
-0.0771977
-0.0277197
-0.0904279
-0.060364
0.0263246
0.287204
-0.116992
0.161321
-0.0368719
0.271281
-0.157672
0.147562
-0.117076
-0.0223646
-0.230454
-0.0664247
-0.0938051
-0.130655
0.216527
0.247555
0.291459
-0.334963
-0.188721
0.10209
0.0363767
0.152485
-0.0152053
-0.119109
-0.174541
0.126398
-0.124691
-0.19521
-0.313953
0.00477294
-0.124474
-0.17353
-0.126766
-0.113109
-0.257894
0.193143
0.24874
-0.158963
-0.118898
-0.0702876
0.0378744
-0.332533
0.169914
-0.0033844
0.0345199
0.116859
-0.0826371
-0.15332
-0.0230751
-0.302537
-0.238036
-0.0698756
0.0408392
-0.154737
0.0537598
-0.0409045
-0.175226
-0.0484329
-0.263154
0.260042
-0.179721
-0.12032
0.0888131
-0.272633
-0.0250708
-0.0338396
0.0675539
0.0836572
0.127046
0.109978
0.197075
-0.0152731
0.230767
0.115523
0.0653532
-0.211597
0.0501143
-0.118149
0.0570118
-0.0270174
-0.169055
-0.0199502
-0.124342
-0.170622
-0.0923625
0.0907407
0.0617005
0.0883233
0.0342513
0.0809708
-0.299205
-0.0852925
0.0406889
0.0564328
-0.0578009
0.197332
0.178291
0.0203685
0.0462362
-0.259
-0.0549464
0.143907
-0.0724217
-0.116376
0.0437876
0.20436
-0.0708894
-0.0590684
0.0776064
0.188798
-0.167758
0.251691
0.00714395
-0.0189188
0.0960235
-0.0415491
0.141988
0.0032636
0.03437
-0.0680266
-0.145174
0.165073
0.0103937
0.0575005
-0.173018
0.0818761
0.109171
-0.110158
-0.237347
-0.0774675
-0.0019272
-0.0553447
0.0210914
0.0736335
0.250342
-0.159009
-0.065533
-0.0331908
0.162536
0.0694567
-0.072748
-0.103352
0.206081
-0.00157963
-0.145164
0.220677
0.10628
-0.222368
0.0283011
-0.347135
-0.191922
0.283524
-0.216948
0.0485503
0.307825
0.243673
0.297497
0.381084
-0.041779
0.019032
0.0529216
0.11769
-0.072854
-0.070157
0.18965
0.0207823
0.117569
-0.272024
-0.0671213
0.125111
-0.0616832
-0.0136406
0.213792
-0.00781774
-0.082987
0.0243005
-0.242661
0.164844
0.0837263
0.0530753
-0.0325654
-0.226741
-0.00281509
0.0816301
-0.0101236
0.010818
0.0611892
0.183494
-0.0693601
-0.272285
0.0429267
0.103074
0.0456865
-0.101394
0.0125345
0.161058
-0.00899151
-0.0884119
-0.397515
0.0842003
0.240857
-0.161139
0.211915
-0.109804
0.121726
-0.229616
-0.10625
-0.0552291
-0.0607986
-0.077319
0.121084
0.0202026
-0.134827
-0.0416874
-0.140115
-0.149315
-0.0912776
0.11423
-0.0277478
0.0627624
-0.2147
0.0790017
0.160903
-0.0942075
0.0810726
-0.087762
0.102945
-0.12198
-0.0809814
0.0740315
-0.113866
0.140063
-0.195682
0.0140938
0.0196013
0.0325219
0.0345704
0.0631847
0.0986859
-0.102807
0.0741459
-0.147241
-0.215759
-0.270079
-0.321113
0.252689
0.201095
-0.129802
-0.164607
0.0155868
-0.17137
0.185702
-0.132633
0.122358
-0.0900055
0.0457938
-0.0508393
0.0711467
0.246194
-0.222044
0.0505334
-0.0968698
-0.117155
0.161211
0.274242
0.0832629
0.0887112
-0.087643
0.140995
-0.125626
-0.071765
0.169409
-0.071631
-0.038735
0.00898676
-0.0781012
0.0595366
-0.0410549
-0.0730144
0.00344649
0.0311373
-0.0735044
0.209622
-0.130652
-0.0382823
0.183284
0.0790194
-0.151083
-0.0468675
0.0696744
-0.0841287
-0.188204
0.130003
-0.186971
-0.25908
-0.145156
-0.204925
0.138005
-0.281309
0.142868
0.251444
0.0856486
-0.141455
-0.0715234
0.0988846
-0.00723507
0.23142
0.00593087
0.31111
-0.00578793
0.101418
-0.120796
-0.122222
0.0492032
0.114435
0.244869
0.0433674
0.094241
-0.218797
-0.0106236
0.215465
-0.029618
-0.0136645
-0.130728
-0.0478383
0.159128
0.089895
0.158184
0.18619
0.159239
0.0278765
-0.0535991
0.209612
-0.17399
-0.139068
-0.18813
0.0433006
-0.0279413
0.219634
0.0462089
-0.203859
-0.180166
0.155969
0.210154
0.146253
0.154266
-0.0013303
0.154166
0.0524268
-0.13873
-0.0661212
0.0165098
-0.116119
-0.248077
0.0202693
0.00273159
0.13994
0.0106483
0.0309663
0.0642267
0.241192
0.0441483
0.12654
0.108798
-0.132061
0.161933
0.0461588
0.219821
-0.133861
0.167384
-0.0627951
-0.00792051
-0.323279
0.129483
-0.203844
0.0163564
0.0167473
-0.182455
-0.0770668
0.169246
0.066052
0.0767706
0.0504669
-0.0718114
0.0134284
-0.159612
0.164057
-0.036041
-0.000572298
-0.180202
0.0329135
0.373485
0.251684
0.248773
0.194891
-0.114405
0.146909
0.105018
0.0345916
0.173247
0.0657987
0.0915044
0.150141
0.0595835
-0.215551
0.0543153
-0.0244617
0.0236067
-0.127919
-0.0224424
-0.193121
-0.0125899
0.225617
0.139536
0.0423229
0.129695
0.138088
0.00977498
0.0669165
-0.110279
-0.0417734
-0.0641903
0.0429961
-0.0395751
-0.0434924
-0.108984
0.181022
-0.114375
0.0740479
0.0205981
-0.0957057
-0.0708084
-0.0784458
-0.100807
0.0766449
-0.023544
0.162088
-0.132255
0.153249
-0.166446
-0.329641
0.0690567
-0.0163523
-0.196488
0.0247927
0.0364414
-0.0879962
-0.0200323
0.0405063
-0.0926005
0.0725527
0.0663615
0.221527
-0.0675194
-0.0494898
0.244582
0.075341
0.238925
-0.248276
0.159341
0.0886189
-0.0499205
0.0292887
-0.16891
-0.105789
0.110688
-0.111841
0.197447
0.0528095
0.0235963
-0.0759677
-0.109852
0.247155
-0.138745
-0.140203
-0.0176927
-0.130501
0.111947
0.147365
-0.0107251
0.0091767
-0.252465
-0.0433092
-0.0136993
-0.274406
0.032742
-0.132595
-0.0592892
-0.22385
0.150607
-0.197401
0.175862
-0.0178935
0.0164583
0.212995
0.239894
0.0661059
-0.0568125
0.205698
0.158464
-0.141924
0.198571
0.0739651
-0.00695602
0.00563498
0.135036
-0.121204
0.0332764
0.0231372
-0.137792
0.0337639
0.234773
0.277051
0.16692
-0.0428976
-0.194281
-0.128465
0.148378
-0.0492279
0.0301019
0.198558
0.0327878
-0.00422752
-0.186814
0.0965263
0.0748893
0.139896
-0.0842339
-0.00918557
-0.0598663
-0.0248434
0.120988
0.00296186
-0.226337
0.175481
0.0195176
-0.0275526
-0.196858
0.113545
0.103606
0.211139
-0.0700504
-0.121552
-0.274792
0.169227
-0.175061
0.0366158
0.108883
0.0796503
-0.116465
0.105542
0.0998581
0.186754
-0.0845524
-0.0833629
0.174685
0.0287145
-0.126178
0.109549
-0.175256
0.15072
-0.238388
0.121179
-0.212515
-0.189414
0.0422399
0.132719
0.30305
-0.109194
-0.342585
-0.0278962
-0.174879
0.0275814
0.0419045
0.0642403
-0.196591
0.113657
-0.0153444
-0.106775
-0.108098
-0.176224
0.0546528
-0.110374
-0.0948133
-0.312836
-0.0593848
-0.16574
-0.0584019
0.0475565
0.0243275
-0.047558
-0.0466241
-0.0467452
-0.0211083
-0.312735
0.109117
-0.164787
-0.00381205
0.169674
0.0111228
0.0376635
0.224101
0.119844
-0.312138
0.0122966
-0.077225
0.0201687
-0.0317259
-0.0453925
-0.291623
0.0685786
-0.091307
-0.0152946
-0.295409
-0.00737333
-0.140182
0.0603342
-0.0529821
-0.363284
-0.0301419
-0.127669
-0.386443
-0.262615
0.274468
888888
0.0689301
0.0543287
0.0368238
0.0516857
0.0602494
0.0530279
0.0625847
0.057892
0.0479279
0.0504159
0.0475484
0.0412322
0.0752208
0.049217
0.0443961
0.0485961
0.050002
0.042621
0.0812829
0.0410188
0.0597358
0.0405991
0.0506798
0.0501726
0.0448384
0.0456907
0.0557423
0.0527944
0.0333973
0.064446
0.0469795
0.051612
0.0466876
0.0685213
0.0549856
0.0374979
0.0507666
0.0492856
0.0562285
0.0560752
0.0432173
0.0602676
0.050644
0.0310562
0.0346882
0.0514475
0.0456757
0.0592538
0.0492337
0.0567238
0.0550283
0.0439284
0.0573347
0.0758894
0.0457613
0.0473115
0.0484826
0.0475635
0.0532252
0.0817689
0.0520833
0.0709131
0.0403324
0.0509918
0.0572406
0.0582658
0.0526322
0.0440119
0.0697093
0.0452995
0.0638542
0.0635695
0.0401241
0.0403782
0.0454195
0.0476765
0.0563385
0.03743
0.0714358
0.044787
0.0466974
0.046589
0.0660189
0.041438
0.0481435
0.0322142
0.0358916
0.0479212
0.0310469
0.0475091
0.0501697
0.0453383
0.0462149
0.0719294
0.0665888
0.0512601
0.0567475
0.0455174
0.0465828
0.0534511
0.0383009
0.0485776
0.0479659
0.046519
0.0425984
0.0432163
0.0521952
0.0431661
0.0434831
0.0549459
0.0536724
0.0555431
0.0496364
0.0535922
0.0760095
0.0434968
0.0468094
0.0612462
0.0542062
0.0699897
0.0584709
0.068333
0.0484505
0.0477696
0.0525942
0.0669783
0.046734
0.0724327
0.03325
0.0471305
0.0489472
0.0423027
0.0566566
0.0442761
0.0633607
0.0342136
0.0396779
0.0435718
0.0481659
0.0420523
0.0523051
0.0650528
0.059397
0.0480257
0.0435792
0.0552121
0.0704978
0.0560116
0.064863
0.060111
0.0463892
0.0519196
0.0597339
0.0497362
0.0443096
0.049443
0.0439833
0.0537119
0.0489737
0.056087
0.0515018
0.0428784
0.0461562
0.0614717
0.0506058
0.0544282
0.0436816
0.0453667
0.0471753
0.0581197
0.0427639
0.0359595
0.0398084
0.0482117
0.0459386
0.0535225
0.0470279
0.04415
0.0485472
0.0394197
0.0492262
0.0490228
0.0557827
0.0397321
0.0444897
0.0503722
0.0479144
0.0450989
0.0451958
0.0504215
0.0543036
0.0444036
0.0450449
0.0530542
0.0409143
0.0395039
0.0421771
0.0427302
0.0450071
0.0620292
0.0459131
0.0563209
0.0757927
0.060293
0.0556855
0.0598032
0.0819352
0.0389
0.0457482
0.0558488
0.0657402
0.0409224
0.066295
0.0539987
0.0570136
0.0554441
0.0414156
0.0503687
0.0438571
0.0484773
0.0570698
0.0421107
0.0344445
0.0398034
0.062045
0.05072
0.0407323
0.0594021
0.0532717
0.0403174
0.043862
0.0626309
0.0464178
0.050891
0.0753108
0.0346025
0.0513623
0.0491213
0.0464596
0.0507666
0.0576264
0.038282
0.0581653
0.0655068
0.0549935
0.0527023
0.0638133
0.056958
0.0417451
0.0471486
0.0506385
0.0577839
0.0616212
0.0591932
0.0590449
0.0640082
0.0441504
0.0622638
0.0416966
0.0419318
0.0524238
0.046205
0.0548052
0.056852
0.062742
0.0411559
0.037974
0.0756546
0.0452522
0.0382849
0.0496565
0.0593444
0.046999
0.0504818
0.0544952
0.0445887
0.0469822
0.0590909
0.0443337
0.043517
0.0394021
0.0469323
0.0567365
0.0477889
0.0441213
0.0546931
0.0459359
0.0608464
0.0590798
0.0537917
0.031371
0.038057
0.0286006
0.0593718
0.0482237
0.0483812
0.0431517
0.0576788
0.0563115
0.0573213
0.0406607
0.051706
0.047218
0.0606264
0.0363382
0.0535117
0.0448584
0.0670807
0.0351358
0.0574521
0.0680306
0.0382998
0.0500574
0.0540821
0.0451465
0.041239
0.0445965
0.0544528
0.0695189
0.0428339
0.0476744
0.0318235
0.0596967
0.037973
0.0388615
0.0405123
0.0529536
0.0548518
0.0353202
0.041493
0.0553729
0.0457116
0.0484924
0.0491884
0.0450337
0.0413937
0.0782765
0.0562468
0.0554221
0.0422064
0.0519345
0.0624512
0.0635784
0.0567808
0.0466098
0.0716625
0.0423466
0.0592815
0.0397947
0.0485345
0.0455629
0.0393965
0.0400494
0.0546214
0.0348372
0.0469966
0.058056
0.034826
0.0561912
0.0641995
0.0507959
0.0538514
0.0647056
0.0359791
0.0628119
0.0397215
0.0468496
0.0602643
0.0508613
0.0497115
0.0440046
0.0332212
0.0626412
0.0494759
0.0546794
0.0696156
0.0526289
0.0365572
0.055365
0.0580166
0.0582095
0.0389754
0.0643931
0.0850305
0.0580807
0.0366909
0.0612258
0.0326953
0.0562347
0.0608585
0.0602906
0.060702
0.0557486
0.0451554
0.0498743
0.0558417
0.0520616
0.0582882
0.0440983
0.0578385
0.0630823
0.0448414
0.0496771
0.0671937
0.052737
0.0448748
0.0429008
0.0432112
0.0509568
0.0564713
0.0441707
0.0560654
0.0532011
0.0513339
0.032491
0.0512747
0.0536794
0.0333769
0.0437921
0.0536995
0.0452846
0.0450864
0.0335053
0.0423197
0.0652016
0.0513437
0.0533107
0.0527402
0.0429371
0.0700399
0.0510875
0.0524127
0.0511796
0.0551189
0.0558487
0.0477424
0.0524979
0.0340227
0.0679286
0.0419573
0.0610879
0.0534192
0.0484183
0.0389571
0.0473664
0.0436345
0.0479403
0.0475308
0.0530656
0.0529394
0.0559503
0.0480098
0.0438675
0.0513164
0.0616181
0.0551587
0.0390257
0.0443701
0.0439046
0.0426075
0.053312
0.057993
0.0444319
0.0479645
0.0488014
0.0308556
0.0645914
0.0481327
0.0551315
0.0468046
0.0510685
0.0752298
0.0657601
0.04329
0.0415384
0.0494055
0.0528067
0.0590703
0.0512877
0.0511538
0.0440627
0.0468509
0.0568061
0.0791356
0.0564473
0.0387037
0.0564533
0.0528823
0.0477368
0.0615764
0.0459176
0.0402342
0.0386013
0.0540052
0.0435692
0.0633625
0.0649283
0.0467921
0.0641496
0.0476239
0.0546741
0.0442638
0.0442645
0.0534796
0.0655109
0.0379666
0.0445871
0.0531803
0.0447626
0.0565614
0.0609676
0.0521098
0.040801
0.0414589
0.0538064
0.0493065
0.0487737
0.0372672
0.0583812
0.0473503
0.0572636
0.0476469
0.040803
0.0708732
0.0639123
0.0548267
0.0417666
0.0409253
0.0424796
0.0483719
0.046128
0.0479664
0.0389179
0.0456225
0.0493233
0.0498807
0.0568499
0.0412867
0.0516287
0.0470249
0.0443662
0.0589498
0.0456197
0.0574765
0.0670817
0.0415829
0.0445768
0.0376823
0.0410981
0.0508477
0.0416098
0.059447
0.0530338
0.0516698
0.0454702
0.0492423
0.0427555
0.0429291
0.067408
0.0474515
0.054299
0.0448222
0.0840939
0.0546975
0.0449912
0.0361687
0.0534377
0.0444387
0.0617296
0.0498318
0.0623328
0.0392938
0.0574667
0.0510482
0.0640607
0.0694448
0.0486247
0.0662617
0.0486874
0.0729815
0.0435684
0.0484221
0.0381998
0.0418619
0.0447473
0.0595224
0.0414192
0.0672933
0.0573229
0.0378568
0.046184
0.0662639
0.0671131
0.0380249
0.0563519
0.0595256
0.0431906
0.058525
0.0775025
0.0509167
0.03665
0.0693316
0.0519543
0.0501725
0.0637277
0.0434604
0.0599944
0.0573393
0.0625567
0.0543163
0.0442237
0.0463017
0.0513545
0.0642669
0.0460052
0.0396564
0.0496416
0.0406184
0.060732
0.0585133
0.0456668
0.0766756
0.0593579
0.0595054
0.0530559
0.0427356
0.040463
0.0500048
0.0477246
0.0504041
0.0362051
0.0580207
0.0400198
0.0497989
0.0403496
0.0716426
0.0479397
0.0485475
0.0318638
0.0762814
0.0414161
0.0925547
0.0503963
0.0764097
0.0421292
0.0538697
0.0579839
0.0352003
0.053336
0.0414643
0.0502771
0.0501304
0.0522754
0.0515753
0.049401
0.051461
0.054164
0.0679774
0.0360684
0.0470109
0.0703432
0.0520729
0.0659101
0.0557195
0.0540255
0.0630237
0.0632054
0.0522144
0.0667166
0.0563702
0.0628576
0.05948
0.0414834
0.0372496
0.0410906
0.0496002
0.039422
0.0593571
0.0472465
0.0479254
0.0459456
0.0385001
0.0657225
0.045964
0.0375991
0.0776077
0.0492717
0.0443811
0.0460422
0.0517749
0.0525792
0.0662211
0.0656259
0.0496065
0.061479
0.041571
0.0416098
0.045684
0.036723
0.0480005
0.037129
0.0468537
0.0609095
0.0651281
0.039808
0.0580237
0.0542973
0.0434391
0.0485221
0.041695
0.0512839
0.0481933
0.0513244
0.0408296
0.0604137
0.0830636
0.0445733
0.0560101
0.0415541
0.0512032
0.0377773
0.0663059
0.0335107
0.0369121
0.0553087
0.0613069
0.0440997
0.0528106
0.0504672
0.0493679
0.0392193
0.0493153
0.068267
0.0413609
0.0353194
0.0533651
0.0391892
0.0662465
0.0573256
0.0493989
0.0592572
0.056903
0.0510683
0.0435637
0.0386644
0.0572026
0.0506844
0.0515453
0.0523616
0.0655794
0.0710738
0.0532772
0.042902
0.0743467
0.0374017
0.080673
0.0665589
0.0459169
0.037161
0.0505548
0.0558293
0.0567604
0.0587151
0.0592103
0.0548558
0.0547781
0.0570876
0.0573159
0.0421463
0.0427607
0.0540935
0.0684438
0.054114
0.0548175
0.0474743
0.0678114
0.050102
0.056326
0.0555542
0.0513839
0.0617464
0.0449491
0.035031
0.0365047
0.0412885
0.0325818
0.0510069
0.0613493
0.0327858
0.0536204
0.0497065
0.05343
0.0476591
0.0364737
0.0675283
0.0402863
0.0469469
0.0381065
0.0374776
0.0333813
0.0564447
0.0483723
0.0588845
0.0397007
0.0487209
0.0434617
0.0508825
0.0456192
0.0427855
0.0667385
0.0549192
0.052739
0.0413016
0.0647782
0.0567135
0.0376922
0.0469481
0.0666018
0.0481863
0.0585973
0.0473451
0.0417443
0.0545163
0.0481535
0.0494571
0.05078
0.0496881
0.0527662
0.0608138
0.048257
0.0688354
0.0416843
0.0505104
0.0502319
0.0524736
0.0586963
0.0496934
0.0354295
0.0689451
0.0408606
0.0420333
0.0432972
0.0451381
0.0330356
0.0421195
0.0541525
0.0547527
0.0487884
0.0521168
0.0501782
0.0480025
0.0493386
0.064026
0.050612
0.0453035
0.0782473
0.0609009
0.0451721
0.0639657
0.0320759
0.060494
0.0508407
0.0393656
0.0516759
0.0498595
0.0439063
0.0561522
0.0386661
0.0475078
0.0467519
0.0723648
0.0608222
0.0431988
0.0480489
0.0444516
0.0373496
0.0530457
0.0636154
0.0840652
0.0488298
0.055552
0.0396122
0.0445963
0.0670958
0.0471147
0.049183
0.057391
0.0641462
0.0472644
0.0482058
0.058066
0.045336
0.0464987
0.0584083
0.0508606
0.0420491
0.0564249
0.0409154
0.0705953
0.0414128
0.0520823
0.0512111
0.0577747
0.0525414
0.0408093
0.0660476
0.0524903
0.0441288
0.0481747
0.0436872
0.0421783
0.0501613
0.0614261
0.0545879
0.0577837
0.0516641
0.0601358
0.0395134
0.0506947
0.0564682
0.0614564
0.0404279
0.0430557
0.0390819
0.0413721
0.041002
0.07388
0.0392678
0.067181
0.0479804
0.0591104
0.0465635
0.0528121
0.0376784
0.0350791
0.0502764
0.0530701
0.0632977
0.0589194
0.0622325
0.0503306
0.0619731
0.07368
0.0638562
0.0497979
0.0455401
0.0780324
0.0549477
0.059058
0.0509976
0.0547456
0.0421229
0.0605329
0.0608189
0.0396178
0.0509478
0.0637295
0.0620147
0.0311341
0.0380107
0.0650602
0.0502651
0.0506197
0.0588688
0.0409185
0.0371235
0.0398906
0.0437009
0.0559207
0.0488169
0.0535751
0.0429318
0.0386157
0.0308685
0.0398527
0.0506414
0.0415334
0.0526518
0.0494278
0.0454185
0.054677
0.0423078
0.0373802
0.0498099
0.0419347
0.0545342
0.0472856
0.0422233
0.0646533
0.0580187
0.0501012
0.0473546
0.0570761
0.0490924
0.0527697
0.0529292
0.0477773
0.0409403
0.0504784
0.059504
0.0538604
0.0660687
0.0524314
0.0411298
0.0518526
0.0389656
0.0487734
0.0468718
0.0571164
0.0528521
0.0512683
0.0565282
0.0419781
0.0448341
0.0498002
0.0522482
0.0487132
0.0717438
0.0465534
0.0524939
0.0464
0.0483596
0.0436112
0.052759
0.0796421
0.0422547
0.0616866
0.0513291
0.0409346
0.0594832
0.0430835
0.0644857
0.0476911
0.0530576
0.0409695
0.0582493
0.0541695
0.0494643
0.0491014
0.0548903
0.050689
0.0521739
0.0512133
0.0495774
0.053733
0.0406535
0.0508818
0.0427846
0.0489721
0.0517659
0.0723554
0.0419659
0.0561934
0.0409663
0.0454147
0.0604211
0.0556196
0.0565027
0.0433803
0.0480354
0.0374189
0.0563637
0.0382682
0.0352555
0.0441302
0.0605523
0.0473046
0.0605798
0.041204
0.0543625
0.0485877
0.0655666
0.0442489
0.0557392
0.046192
0.0456871
0.0586835
0.0407941
0.069109
0.0574806
0.0305833
0.0534916
0.0637957
0.0496352
0.042001
0.0420145
0.0336016
0.0466712
0.0635808
0.0421208
0.051208
0.0424772
0.0749633
0.0473539
0.0534816
0.0390217
0.0593629
0.0507582
0.0455779
0.0421885
0.0539889
0.0602258
0.038925
0.0383777
0.0534652
0.0579444
0.0308123
0.0428098
0.0566631
0.0459742
0.0512655
0.0389815
0.0513292
0.058032
0.0473842
0.0395034
0.0428621
0.0544522
0.0411956
0.0623284
0.0594233
0.0414624
0.0443413
0.063677
0.0487579
0.0522244
0.0450798
0.0694894
0.0409727
0.0509217
0.0608485
0.0601824
0.052506
0.0545578
0.0419615
0.051707
0.0475212
0.0459523
0.0672128
0.0340524
0.06345
0.0440276
0.0654624
0.0496142
0.0393174
0.0690999
0.0422685
0.0588839
0.0423128
0.0508321
0.0483674
0.0508133
0.0449997
0.0342647
0.0574832
0.0543781
0.0470374
0.0484051
0.0461529
0.0829038
0.0649214
0.0534795
0.0452635
0.0698324
0.0628809
0.0518379
0.0570565
0.0363627
0.0658518
0.0452989
0.0464307
0.0578855
0.0458206
0.058099
0.0475535
0.0479261
0.0426841
0.0468224
0.0473796
0.0486157
0.0430978
0.0405973
0.0523543
0.0750569
0.0501041
0.0479898
0.0463252
0.0330049
0.0502219
0.044712
0.043489
0.0618121
0.043046
0.0661485
0.0477888
0.0502045
0.0478265
0.0466373
0.0574215
0.083299
0.0446836
0.039963
0.0457887
0.0456912
0.0600174
0.0484223
0.0527113
0.0446799
0.0476002
0.0599709
0.0524596
0.0611862
0.0587563
0.043273
0.040277
0.0576746
0.0532488
0.0521944
0.0732806
0.0617214
0.0530781
0.0498932
0.0456378
0.0443502
0.0459976
0.0474445
0.0581456
0.0625654
0.0619369
0.0562995
0.0620198
0.0402743
0.0564842
0.0740867
0.0426633
0.0521781
0.0473369
0.0545466
0.0338307
0.042806
0.0700189
0.0631933
0.04964
0.076675
0.0691123
0.0531215
0.0543543
0.060032
0.0620175
0.059345
0.0650527
0.0438571
0.0417771
0.0415708
0.0490686
0.0403134
0.0384595
0.0539211
0.0513652
0.05782
0.0533248
0.0572663
0.0512174
0.0484827
0.0753556
0.0587896
0.0538942
0.0661769
0.0535548
0.0473033
0.0715035
0.053875
0.0620108
0.0674466
0.052698
0.0544937
0.0568869
0.0523355
0.0368466
0.0505746
0.0458955
0.054543
0.0449984
0.0488165
0.0580628
0.0416254
0.058042
0.0397411
0.0468211
0.0527115
0.0603134
0.0464518
0.0408171
0.0581637
0.0608321
0.0536452
0.0393057
0.0457778
0.0636289
0.0472103
0.0703668
0.0637862
0.0478662
0.0424701
0.0692276
0.0400746
0.0576728
0.0617776
0.0548622
0.0464422
0.0478382
0.0542923
0.0355825
0.0479434
0.0461381
0.0809486
0.0452634
0.0471887
0.0496922
0.0487057
0.0510528
0.0586548
0.0516359
0.0391784
0.0533784
0.0438546
0.0453792
0.0464088
0.0374545
0.0519915
0.0476614
0.0674137
0.0637078
0.0388358
0.038858
0.0797291
0.054919
0.0609318
0.0472673
0.0709635
0.0484034
0.0414577
0.0581061
0.0487812
0.0504068
0.0424098
0.0576021
0.0444789
0.0395538
0.047494
0.0483882
0.0455654
0.0467898
0.0429111
0.0500334
0.0560555
0.0675373
0.069023
0.0611497
0.0431128
0.0731029
0.0456659
0.0434368
0.0502881
0.0420862
0.0362608
0.0776106
0.0471545
0.0540216
0.0401332
0.0646664
0.0525274
0.034856
0.0469347
0.0419422
0.0456464
0.0528341
0.0822224
0.0621218
0.0634423
0.0380675
0.0444566
0.0650952
0.0575823
0.0523294
0.049144
0.0420336
0.036951
0.0466646
0.0524754
0.0494472
0.0433072
0.0704039
0.0515821
0.0480146
0.0577419
0.0463971
0.0340013
0.0361466
0.0309208
0.0512623
0.053238
0.0453485
0.0559292
0.0640705
0.0406835
0.0309468
0.0601891
0.0443783
0.0358531
0.0680549
0.0404763
0.070009
0.0652265
0.0544065
0.0391301
0.0743794
0.0436912
0.040951
0.0461788
0.069057
0.0550332
0.0431202
0.0563651
0.0472858
0.0462449
0.0471312
0.043933
0.0416095
0.0423347
0.0530155
0.0579191
0.0853244
0.0422341
0.0372603
0.0596231
0.0436564
0.0556453
0.0540804
0.0423292
0.0411944
0.0670356
0.0405996
0.047687
0.0556755
0.0750841
0.0533716
0.0352073
0.0386132
0.0365
0.0517103
0.0576373
0.0549819
0.0454113
0.0717045
0.0638017
0.0356976
0.0751142
0.0665224
0.0580722
0.0576631
0.0575596
0.0541916
0.0438518
0.050728
0.0543305
0.0478542
0.0596589
0.0526449
0.0339863
0.0576811
0.0519828
0.0425992
0.0440605
0.0530933
0.0585356
0.0431426
0.0434345
0.0464449
0.047935
0.048073
0.0541655
0.0433997
0.0333172
0.0600309
0.0561284
0.0522546
0.0701085
0.0733666
0.0490949
0.0492632
0.0357957
0.0542862
0.0519705
0.0588135
0.041263
0.0644617
0.0431962
0.0644901
0.0838449
0.0437726
0.0555017
0.0610133
0.0552994
0.0385347
0.0674245
0.0622939
0.0470812
0.0674061
0.0446331
0.0522923
0.0585534
0.0514056
0.0393215
0.059938
0.0605484
0.0365533
0.051662
0.0398262
0.0562435
0.0446932
0.0569603
0.0444041
0.0478812
0.062135
0.0736842
0.0492055
0.0412691
0.0375375
0.0501722
0.0459476
0.029965
0.0524251
0.0671166
0.0457631
0.0503287
0.046298
0.0372723
0.0500716
0.0437502
0.0575608
0.046837
0.0394075
0.0434183
0.0431165
0.0600176
0.0506203
0.0458598
0.0573718
0.063643
0.0641276
0.0519515
0.0543622
0.0565786
0.0595918
0.0480477
0.0486869
0.0547025
0.0531603
0.0606251
0.0478623
0.0620072
0.0540202
0.0559094
0.0510069
0.0424659
0.0542459
0.0618392
0.0560388
0.0321218
0.0447977
0.0523608
0.0558735
0.0383677
0.0517285
0.055498
0.0369009
0.0636712
0.0491789
0.0485359
0.0490465
0.02876
0.0435056
0.0510607
0.0562746
0.056663
0.0447567
0.0622701
0.0557358
0.0596711
0.0647628
0.0476176
0.0333079
0.0528151
0.0460267
0.0367487
0.0497475
0.0474607
0.0480121
0.0503178
0.0533544
0.0510974
0.0791349
0.0497865
0.0594744
0.0512379
0.0742787
0.053646
0.0622415
0.0493842
0.0415622
0.0589792
0.0466951
0.0740357
0.043057
0.0590364
0.0647893
0.060822
0.0536064
0.0388229
0.0569809
0.0881457
0.0317756
0.0505226
0.040763
0.0531799
0.0324375
0.0491632
0.0598378
0.0498733
0.0564993
0.0515635
0.0438141
0.0518938
0.0487453
0.0656723
0.0447981
0.0511866
0.0463334
0.0659483
0.0445326
0.044541
0.06568
0.0354607
0.0459032
0.0457915
0.0653097
0.0527262
0.0570004
0.0535852
0.0454274
0.0564097
0.0389938
0.05106
0.0489035
0.036672
0.0431249
0.058518
0.0464307
0.0577876
0.0593636
0.0348255
0.0421027
0.046543
0.0562174
0.0485496
0.0616174
0.0556404
0.0493424
0.0527645
0.0417564
0.0401718
0.052418
0.0550492
0.0458291
0.0430717
0.0451123
0.0453757
0.048371
0.0684753
0.0478653
0.0540912
0.0531911
0.069519
0.0541629
0.034292
0.0470151
0.0467664
0.0613835
0.0472333
777777