3.00433
999999
0.197921
0.247274
0.0157639
-0.0688575
-0.0683297
-0.210145
0.0108796
-0.111851
-0.0892723
-0.135923
-0.0333452
0.129766
-0.019145
0.287538
0.0435623
0.18871
0.0604956
0.0583427
-0.0685248
-0.148219
-0.0745743
-0.321323
-0.240087
-0.116452
-0.152223
-0.0593088
-0.071164
-0.317722
-0.175874
0.135751
0.0284459
-0.207857
-0.0234808
0.255741
-0.279178
-0.0435607
0.0492195
-0.0366412
0.0778373
-0.110299
-0.111008
0.218194
-0.187151
-0.0697465
-0.123302
0.245596
0.112335
0.105215
0.193654
-0.189281
0.068491
0.132881
-0.136572
-0.0709396
-0.21589
-0.0385602
-0.125417
0.0160325
0.120637
-0.09627
-0.00554103
-0.253282
-0.350513
-0.146896
-0.141658
0.16395
0.267368
-0.0363912
-0.139502
0.245834
-0.0645914
-0.247439
-0.0235802
0.119885
0.254418
0.039369
-0.0141719
-0.206226
-0.235412
0.152656
-0.0154873
0.0254862
-0.312378
0.272385
-0.309819
-0.0723434
-0.121761
-0.193253
0.0211964
0.195921
0.206277
0.0711856
-0.142676
-0.141219
-0.177447
-0.0646726
0.428257
-0.161015
0.15953
-0.0413872
-0.0263254
0.0189443
-0.163027
-0.120197
0.157249
0.165698
0.137499
-0.0424805
0.0293851
-0.237736
0.220702
-0.0491109
0.0455683
-0.00202398
-0.018521
-0.0548561
0.0423345
-0.160567
-0.0249859
0.102335
-0.255388
-0.0684457
-0.234466
-0.0150598
-0.00240281
-0.330168
-0.00978017
-0.0406321
-0.203935
-0.0734159
-0.0972943
0.143363
0.2335
0.034997
-0.144464
-0.00188472
0.106552
-0.113306
0.0949404
0.111185
-0.146973
0.158943
0.0775395
0.0489958
0.15666
-0.0448853
0.302705
0.0774758
0.0304693
0.0174741
-0.184551
0.0988067
0.129381
0.0168147
0.196304
0.0761397
-0.180919
-0.186112
0.182682
-0.00563516
0.13045
-0.0184391
0.274959
0.26197
-0.209951
-0.174332
-0.25286
0.134863
-0.0237913
-0.175977
-0.0495718
0.142048
-0.244054
0.0228593
-0.323354
0.106292
-0.142592
-0.119456
-0.0619886
0.10555
-0.0426942
-0.179883
0.162867
-0.00693055
0.214821
-0.0757414
0.0832356
0.0109923
-0.0271231
-0.144941
-0.0299706
-0.0628426
-0.0138662
-0.063756
-0.0966079
0.263389
0.0173441
0.0250321
-0.191294
-0.114161
0.00853265
0.00767226
0.061996
-0.0583127
0.0990634
0.0839223
-0.181086
-0.183465
-0.0579935
0.00400282
0.146339
-0.0160906
0.160217
-0.00915535
0.139421
-0.0461483
0.0712874
-0.110968
0.239086
-0.0671676
0.176519
0.139606
-0.175573
0.0743043
-0.322525
0.178227
-0.102443
-0.304266
0.0392309
0.0463293
-0.0291219
0.0279277
0.00477355
0.155725
0.033273
0.14647
-0.00845618
0.0874906
0.0701927
-0.0567478
-0.0250437
-0.323265
0.148605
0.109882
-0.0995665
-0.226425
0.105035
-0.111519
0.138335
0.173815
-0.286744
-0.00341606
-0.128974
0.183665
-0.0272369
0.171471
0.0372515
0.0346318
0.108682
-0.275416
-0.0882568
-0.2133
0.113707
0.0690218
0.0728691
0.202375
-0.14001
0.312952
-0.0871103
0.136557
0.0696437
0.0905673
0.144882
0.0627319
-0.270009
-0.0875567
-0.151063
0.0245499
-0.0232906
-0.178551
-0.373924
0.229904
0.0620296
0.0111836
0.211708
0.036546
-0.0574444
-0.0195104
-0.0634539
-0.189583
-0.0114229
-0.0195328
-0.0406293
-0.0145492
0.0753652
-0.0639101
0.140596
0.174441
0.0184673
0.0903722
0.197494
-0.183707
0.141569
-0.111931
-0.0659831
-0.150724
0.0389162
0.0931743
0.251916
0.208406
-0.216639
0.23452
-0.225291
0.0374858
0.117767
-0.0953658
0.0720651
-0.089068
-0.02815
0.0467834
0.000253739
-0.248181
0.0518857
0.0588759
0.110979
-0.0382592
0.130044
0.116589
0.0408463
0.168154
-0.191749
0.208314
0.124258
-0.325148
-0.248656
-0.150859
0.140438
-0.0418042
0.216258
0.0433744
-0.302486
0.0925563
-0.108385
-0.0342233
-0.161728
0.191667
0.00401166
0.0914657
0.00445673
-0.204661
-0.156823
0.139829
0.0911622
-0.205998
0.0809059
0.0538811
0.129786
-0.101974
-0.0810055
-0.0439917
-0.163984
0.154072
-0.011207
-0.0302689
-0.176378
0.0982726
-0.00377272
0.211116
0.0737422
0.0863328
-0.0355751
-0.035213
0.103939
-0.0003915
0.121094
0.072924
-0.0519773
0.236029
0.135812
0.0334835
-0.303596
-0.137752
0.183914
0.176563
0.270182
0.0315823
-0.024238
-0.167856
0.354831
-0.0188153
0.21999
0.179953
-0.15445
-0.0143588
0.0806038
0.0855935
-0.034056
-0.074666
0.137843
-0.0584904
0.0616282
-0.0307837
0.0676327
-0.133467
0.113963
0.24218
0.186887
0.0110383
-0.281274
0.0559079
-0.187853
-0.0214898
-0.129656
-0.0683739
-0.0597547
-0.0889237
0.12606
0.101196
-0.0252892
0.0743271
-0.131114
0.228188
0.127101
0.157063
0.309822
0.0382642
0.134873
-0.197871
-0.219168
0.194763
0.131533
-0.0143406
0.111549
0.32364
-0.131
-0.207447
-0.117487
-0.0811129
-0.0584333
0.0983902
0.263923
0.171091
-0.138123
-0.331187
0.133686
0.215384
-0.173854
0.129007
0.0704492
-0.0209065
0.19684
0.0143484
-0.0530165
0.0268946
0.194423
0.0595243
0.144454
-0.11514
0.0269897
0.134768
-0.14023
-0.0828984
-0.221446
0.193375
0.0417164
0.104725
-0.0714516
0.228318
-0.0903076
-0.236716
0.132654
0.149615
-0.217105
-0.0122668
0.22363
-0.0703113
0.155997
0.275749
-0.0284284
0.257303
-0.0191721
-0.218796
0.143726
0.0166646
0.115138
0.255621
-0.243263
0.101221
-0.0671784
0.318842
0.0752334
-0.00135378
0.10148
-0.0144697
-0.00669847
-0.0272393
-0.124455
0.0452357
0.0994846
0.048386
0.0418325
-0.175837
-0.236729
0.148019
-0.114687
-0.125701
-0.0555007
-0.200036
-0.313155
-0.0335817
0.0468844
-0.0126795
-0.0111516
0.173887
-0.073511
0.00220201
0.00512592
0.0100557
0.0207878
-0.104852
-0.126212
0.127588
-0.0674681
0.213382
0.0826431
-0.179565
-0.0760906
-0.132237
0.2099
-0.14225
-0.0471476
-0.0866286
0.118834
0.0534165
0.0311488
-0.150548
-0.197083
0.0483932
-0.0955567
0.172074
0.0244072
0.0651226
0.0549871
0.0851574
0.161473
0.0736913
-0.23219
-0.116109
0.0419858
-0.197734
0.110205
0.0714366
-0.0217568
-0.220008
0.083474
-0.0352434
0.0185399
-0.197992
0.120247
-0.0798902
0.031761
-0.0740686
0.401139
-0.121076
0.0620508
0.174058
0.0373965
0.150808
-0.0225822
0.112823
-0.140912
0.0517222
0.108007
-0.0281228
-0.0796626
-0.0765071
-0.154659
0.285719
-0.0412482
0.023698
0.250418
-0.118954
-0.196491
-0.181418
0.0683252
-0.22034
-0.0256544
-0.099067
0.281581
0.00108008
0.0727383
0.128101
0.0195658
0.0888049
0.0861587
-0.00766898
-0.029112
-0.0711642
-0.0296415
-0.290941
-0.0317403
-0.0615934
0.0880172
-0.0606678
-0.13672
-0.300959
-0.0587589
0.0627795
-0.0572413
0.0947006
0.222771
0.111726
0.0146313
0.0792511
-0.170981
-0.201625
-0.0281809
-0.0433756
-0.0564262
0.131851
-0.235235
0.0493376
-0.118186
0.374755
-0.280744
-0.0463679
-0.0212941
-0.0341823
-0.0615547
0.146323
0.0115533
0.00537561
-0.0539147
-0.137985
0.235195
-0.173007
-0.168122
-0.24152
-0.0710291
-0.0260507
0.0336185
0.140999
0.0239022
-0.765218
0.0601614
-0.00722206
-0.0178503
-0.238656
0.0958223
-0.345993
-0.14098
-0.04357
0.059415
0.074538
-0.20211
-0.203678
0.0597321
0.12233
0.272437
0.225033
-0.142885
0.160044
-0.304763
0.323421
0.170696
-0.00392683
0.140118
0.151769
0.16508
-0.118756
0.0785875
0.000522586
-0.0860543
-0.143527
-0.168511
-0.011
0.0438673
-0.229899
-0.354749
0.0892436
-0.182451
0.207645
0.200995
0.197467
-0.00959483
-0.31724
-0.242028
-0.328311
0.162789
-0.124534
-0.0262027
-0.318415
0.0758159
-0.319951
0.265738
-0.0405423
0.0327882
-0.0569865
0.184335
0.0669615
-0.120419
-0.188208
0.0408789
-0.0908338
0.0986649
0.0124836
-0.311765
0.0404285
-0.128853
-0.0310509
0.0123135
0.106124
0.014205
-0.149407
-0.0140437
-0.185184
0.11543
-0.0475084
-0.126827
-0.108106
0.123991
-0.153875
0.0424289
0.11238
-0.0266561
0.0625169
-0.0851197
0.13918
-0.172361
-0.0243255
-0.26095
-0.00760891
-0.0524122
-0.14153
0.00756174
-0.126909
-0.135317
-0.163133
-0.181593
-0.19024
-0.0467428
-0.237983
0.234332
-0.241447
0.0859274
-0.0550437
0.192338
-0.051944
-0.267753
-0.0853548
0.286543
-0.0851084
-0.228602
-0.0903554
0.0645869
-0.139511
-0.00950387
-0.0198724
-0.0710174
0.0108997
-0.436797
-0.0851975
-0.117496
0.225154
0.040953
0.144254
0.0853977
-0.147275
0.0248133
0.0201412
0.105141
-0.0238023
0.0871777
0.345148
0.0320651
0.119907
0.0961109
0.0854805
0.113081
0.165369
0.238919
-0.0632777
-0.000455788
0.194713
-0.000136318
0.0929621
-0.144397
0.0921515
0.0578481
-0.122705
-0.202573
0.260237
-0.12169
-0.0157321
-0.0580586
-0.0349642
0.0399038
-0.0286698
-0.169785
-0.129218
-0.142597
-0.1091
-0.141889
0.0299107
0.113218
0.251597
-0.0831696
0.0813701
-0.179754
0.103687
-0.102329
0.0109408
-0.133156
0.103897
0.0693754
0.079817
-0.120102
-0.112822
0.269328
-0.0946411
-0.146864
0.144112
0.1593
0.0758617
-0.000889556
0.0532935
-0.044623
0.0479548
0.0301364
-0.28207
-0.0325186
0.24955
-0.110374
0.247999
0.169372
-0.159512
-0.0673882
0.0825573
0.225043
0.0360513
0.120817
-0.208158
-0.101934
0.152513
0.12365
0.0356939
-0.348607
-0.00716598
0.11158
0.0488108
-0.194775
-0.145512
0.0377247
-0.0573611
0.143166
0.243388
-0.0215896
-0.21993
-0.0533556
0.0155024
-0.171692
-0.000943448
0.0565963
0.0562253
0.0338717
0.0763994
0.0485054
-0.0283177
0.12116
0.100127
-0.12724
0.0766226
0.272409
0.177834
-0.174798
-0.13378
-0.0847002
-0.16992
-0.101513
-0.147221
-0.114629
-0.0184851
-0.0126737
0.0084867
0.267483
0.130236
-0.0192712
0.246057
0.022765
0.166336
-0.0407977
0.130127
0.0582621
0.0994569
-0.00679577
-0.178131
0.217909
0.125705
0.114029
-0.0454859
-0.0282534
0.155534
-0.302465
0.0111334
-0.274493
0.0389918
0.0166281
-0.147107
0.214705
-0.215453
-0.0792928
0.0394893
0.244617
0.0516677
0.07315
-0.0326549
-0.0379055
-0.0948317
0.0899018
-0.139863
0.0895608
-0.0801088
0.126179
-0.0564569
0.0634636
-0.265882
0.103848
-0.0658964
0.201938
0.00399055
-0.0241928
0.0369092
0.0956561
0.0567432
-0.0436433
-0.378987
-0.0453324
0.091109
0.101738
-0.0722006
0.242094
0.232044
-0.389288
0.226857
0.0522917
0.22812
-0.0434021
-0.0398789
0.00664756
0.146705
0.130397
0.0977402
-0.0755057
-0.207084
-0.0832818
-0.163566
-0.0270447
-0.0187207
-0.0438502
-0.0912919
-0.0955028
0.255348
-0.248771
0.221897
0.0846223
-0.0517167
-0.0599421
0.371046
-0.318708
0.136004
-0.126966
0.250372
-0.0963668
-0.0440192
0.00205775
-0.251308
-0.0206417
-0.0322886
0.0756016
-0.0749418
0.0781683
0.093745
-0.0043781
-0.158055
0.0606599
0.0839046
0.0580962
-0.009216
0.3314
0.229585
-0.0251118
-0.100062
-0.202497
0.0997316
-0.198439
0.18546
0.208413
0.203724
0.202098
-0.0526578
-0.0582523
0.0648994
-0.0543134
0.123191
-0.206508
-0.177886
-0.143215
0.130619
0.0670304
0.267697
-0.0411392
0.177538
0.183042
-0.145702
0.0768219
-0.273405
-0.109175
-0.108988
-0.0767618
0.04984
0.196711
-0.10181
0.106454
0.0508807
-0.145353
0.174739
0.0891199
-0.151047
0.109315
-0.0250731
0.0749303
0.0814027
0.0261816
-0.025841
0.326392
0.247243
-0.0489676
-0.232743
0.153818
-0.247024
-0.0705045
-0.404121
-0.0203219
-0.19916
-0.183788
0.0556659
0.111819
0.197347
-0.240328
0.131882
-0.166372
0.138365
-0.370109
0.0293662
0.152054
0.140009
-0.0537314
-0.0917226
-0.253352
0.173555
0.167191
-0.0889558
-0.126402
-0.0393571
-0.112354
-0.139838
0.00604605
0.26081
-0.145734
0.13944
-0.0493897
0.146657
-0.204492
0.0363442
-0.149625
0.019056
-0.159723
-0.0871193
-0.170903
-0.0835463
0.238696
0.266728
0.232032
-0.287909
-0.220344
0.0958799
0.0312777
0.218969
-0.0290036
-0.170157
-0.153606
0.183757
-0.0981747
-0.142414
-0.326481
0.0760911
-0.0682054
-0.240338
-0.162613
-0.0872604
-0.257888
0.12
0.245458
-0.187915
-0.238004
-0.128162
0.0375037
-0.307052
0.229385
0.0430191
0.0235455
0.0931597
-0.0157758
-0.0222977
-0.102248
-0.322467
-0.197098
-0.193
0.0290881
-0.145664
0.0833036
0.029925
-0.107307
-0.0560152
-0.275592
0.251511
-0.155399
-0.155654
0.155775
-0.177028
0.0772315
0.0606313
0.0857301
0.0980207
0.072086
0.0982485
0.178266
-0.0144186
0.228301
0.114671
-0.00105641
-0.219699
0.0545134
-0.0364718
0.1175
0.0105406
-0.230635
-0.0896883
-0.149465
-0.121169
-0.0596584
0.035401
0.104361
0.106642
0.0666115
0.035254
-0.338182
-0.18877
0.152839
0.0654607
-0.0418593
0.04028
0.141372
-0.0234692
0.122274
-0.232268
-0.132174
0.19845
-0.0311856
-0.119985
0.0572782
0.22582
-0.0411514
0.00744264
0.108368
0.12519
-0.187775
0.284486
0.0273452
-0.118147
0.161653
-0.0226863
0.144742
0.0271361
0.0233761
0.00772758
-0.0645958
0.204379
0.0244657
0.033465
-0.167817
0.106987
0.0931493
-0.0677809
-0.274572
-0.11331
-0.00733323
0.060367
0.0257969
0.0640246
0.245135
-0.166653
-0.0721517
-0.0354237
0.121393
0.044277
-0.133019
-0.100472
0.19386
0.0840416
-0.164586
0.174343
0.0883352
-0.227279
0.0333688
-0.274321
-0.215488
0.33723
-0.250143
-0.00130821
0.371175
0.182615
0.326631
0.372816
0.0755352
0.0995725
-0.0221614
0.161462
-0.0949603
-0.0852376
0.257464
0.0673697
0.126025
-0.226767
-0.115255
0.0656719
-0.06589
-0.0322193
0.188704
-0.0328195
-0.122639
0.00567262
-0.30107
0.224066
0.0170587
0.170451
0.0290015
-0.15426
0.0133456
0.0627083
0.029279
-0.017572
0.0526339
0.142999
-0.095411
-0.239832
0.0290357
0.074865
0.143082
-0.143702
-0.0234873
0.133925
-0.000834248
-0.110363
-0.384407
0.00403515
0.169594
-0.270822
0.191828
-0.208453
0.113038
-0.202013
-0.0250208
-0.143949
-0.000967669
0.0458992
0.0254903
0.0249314
-0.0832927
-0.03012
-0.114249
-0.109948
-0.105261
0.0580426
-0.027461
0.0227822
-0.26153
0.0440975
0.152833
-0.144196
0.135641
-0.0572164
0.107216
-0.0976039
-0.0710785
0.118689
-0.135364
0.12108
-0.208032
0.0441403
0.110197
0.0582829
0.148813
0.01192
0.0635141
-0.122109
0.0664382
-0.165182
-0.204916
-0.277488
-0.309065
0.207308
0.224031
-0.153147
-0.113946
0.0296111
-0.199976
0.123974
-0.155508
0.179037
-0.111575
0.0851818
-0.0256809
0.0891058
0.156405
-0.166079
0.019439
-0.080625
-0.0863935
0.256673
0.286294
0.214016
0.0808039
-0.0748336
0.141348
0.0341881
0.00181312
0.0943806
-0.114791
-0.0100485
0.0248375
-0.181939
0.107093
0.0246756
-0.0697727
-0.0242354
0.100426
-0.124179
0.156169
-0.122001
-0.00352485
0.229914
0.115425
-0.0796372
-0.00445035
0.065716
-0.181066
-0.157319
0.136138
-0.146759
-0.115895
-0.149364
-0.174581
0.10946
-0.285886
0.129812
0.163871
0.0153943
-0.123997
-0.0478995
0.119159
-0.0107661
0.247662
0.00183379
0.304055
-0.0562143
0.0979089
-0.0490099
-0.157285
0.183913
0.170233
0.157248
0.131156
0.090506
-0.235913
0.0650374
0.178554
-0.00900052
0.0146644
-0.107156
-0.157647
0.135725
0.0510138
0.106252
0.106265
0.128397
0.0169475
-0.0425152
0.243529
-0.123634
-0.0382222
-0.259991
0.0438396
-0.00125944
0.244617
0.0559617
-0.19308
-0.0543166
0.189896
0.263035
0.0563938
0.207258
-0.0547152
0.180469
0.0328842
-0.131163
0.0313874
0.0202892
-0.11714
-0.226467
0.077115
0.0235409
0.124293
-0.0533838
-0.0373752
0.0280792
0.204763
0.0671759
0.114966
0.0506684
-0.226335
0.139211
0.222762
0.250593
-0.137792
0.228401
-0.069642
-0.0148442
-0.393891
0.0876136
-0.233036
0.0189555
0.00588815
-0.131762
-0.161623
0.175722
0.117212
0.0837695
0.0969025
-0.117415
-0.0630974
-0.0144647
0.127412
-0.100973
-0.0912408
-0.200418
0.0451773
0.378324
0.210084
0.250554
0.210199
-0.0672154
0.129768
0.0978501
-0.00878795
0.126913
0.0208813
0.132591
0.15445
0.117874
-0.159077
0.0130818
-0.0188914
-0.0290008
-0.0937972
-0.0267141
-0.114735
-0.0778788
0.223659
0.275909
0.0127041
0.172637
0.127472
0.0194432
0.0804568
-0.10332
-0.0786353
-0.0754848
0.0744151
-0.00105488
-0.0849928
-0.11849
0.211282
-0.13294
-0.0259291
-0.00504839
-0.0837066
-0.0644065
0.0394454
-0.178362
0.0869621
0.0797301
0.126379
0.0473247
0.117546
-0.0166166
-0.40587
0.0346957
0.0707362
-0.212869
-0.0190812
-0.00398936
-0.121952
0.00890579
-0.00184556
-0.115661
0.0859692
0.0510325
0.246265
0.0277569
-0.0618686
0.26002
0.108819
0.161373
-0.350518
0.138857
0.0969145
-0.0187314
0.00698551
-0.282219
-0.0342591
0.0947546
-0.0245096
0.223017
0.0394891
0.0875844
-0.0540923
-0.12434
0.190349
-0.0919469
-0.0994728
0.00520773
-0.0360812
0.135895
0.0685714
-0.11612
0.0282604
-0.15726
-0.0394221
-0.0661044
-0.343383
-0.033913
-0.0613905
-0.128622
-0.171858
0.198214
-0.227756
0.256534
-0.0535518
0.00989361
0.205996
0.268258
0.0844335
0.111786
0.262133
0.203669
-0.0955097
0.162661
0.136174
0.0162595
0.0164233
0.274214
-0.121935
0.0183518
-0.0881206
-0.108946
0.0523326
0.261431
0.306541
0.167469
-0.0887646
-0.235036
-0.155566
0.182537
-0.126647
0.0297214
0.233581
0.0069668
-0.00730244
-0.16052
0.195251
0.0663784
0.131078
0.00888085
0.035082
-0.182274
-0.0837926
0.0766377
-0.0305758
-0.117616
0.136833
0.0481927
-0.0345096
-0.180126
0.232168
0.134254
0.237495
0.121214
-0.184116
-0.232427
0.261174
-0.209599
0.0541437
0.232805
0.128222
-0.204533
0.00472874
0.0119053
0.157928
-0.11662
-0.104468
0.193335
0.00490488
-0.109649
0.0394299
-0.201266
0.197073
-0.217216
-0.00279813
-0.185783
-0.225819
0.0114349
0.152797
0.240427
-0.0963309
-0.303151
-0.0826612
-0.343723
0.0349852
-0.0193986
0.0360559
-0.115874
0.233086
-0.0352415
-0.0860344
-0.101749
-0.159548
0.0514165
-0.202527
-0.129217
-0.394666
-0.0755083
-0.212023
0.0465557
0.0593427
0.0762093
-0.0820069
-0.103596
-0.0636285
-0.0373726
-0.334136
0.104774
-0.201927
0.0470427
0.196038
0.0187818
0.114828
0.230612
0.0835389
-0.158967
0.0309767
-0.0676457
0.0676346
0.03786
-0.00155458
-0.300345
-0.00975345
-0.0476125
0.0221047
-0.382944
0.077783
-0.144058
0.0857298
-0.0485988
-0.415639
-0.00205269
-0.215092
-0.472395
-0.27384
0.234682
888888
0.07463
0.0599008
0.0335292
0.0632476
0.0686259
0.0447339
0.0607393
0.066083
0.0507483
0.0559453
0.0470624
0.0411344
0.0833769
0.0475405
0.0404743
0.0473581
0.0559869
0.0478892
0.0797509
0.0342187
0.0642716
0.0403127
0.0503167
0.0546175
0.0528405
0.0487856
0.0554693
0.0651294
0.0347441
0.0550931
0.0505331
0.0394898
0.0559835
0.0705083
0.0446315
0.037458
0.0480293
0.0497102
0.0504767
0.0626489
0.0347767
0.0579111
0.0538145
0.0326629
0.0337884
0.0467522
0.0542996
0.0653643
0.0499991
0.0613138
0.0531383
0.0432621
0.0485809
0.0884622
0.0456076
0.0496697
0.0553007
0.0447756
0.0659899
0.0824291
0.0473711
0.0667698
0.0414169
0.0531103
0.0557602
0.0600721
0.053966
0.0588501
0.0567974
0.0501523
0.0621125
0.0548843
0.0448685
0.0404461
0.04961
0.0471513
0.0583353
0.0383168
0.0766576
0.0382242
0.0526544
0.0519741
0.0681918
0.0460585
0.0467549
0.032846
0.0323249
0.0450824
0.0274629
0.0510976
0.05524
0.0554481
0.0418453
0.0658707
0.0613436
0.046422
0.0547359
0.0443492
0.0427796
0.0644046
0.0330224
0.0433145
0.0458765
0.0552013
0.046253
0.0382333
0.059933
0.0439474
0.0497167
0.0582782
0.053644
0.0589073
0.0454969
0.0476141
0.062636
0.0475841
0.048285
0.0536586
0.050176
0.0769266
0.0647908
0.0695612
0.045319
0.0558512
0.0556549
0.0679029
0.0442495
0.0652344
0.0351211
0.050916
0.0480784
0.0420028
0.0496219
0.0333467
0.0737111
0.0360343
0.0384531
0.0373527
0.0518402
0.0384931
0.0585813
0.0606596
0.0554624
0.0541462
0.0370474
0.044742
0.065881
0.053252
0.071619
0.0576744
0.0469276
0.0511814
0.0528385
0.0472439
0.0428682
0.0524887
0.0397249
0.0501715
0.043642
0.0627254
0.0527527
0.0411095
0.0455158
0.0672529
0.051583
0.0593479
0.0559563
0.0502778
0.0489441
0.0655882
0.0474364
0.0397478
0.040346
0.0488561
0.0557521
0.0520841
0.04926
0.0439785
0.0513066
0.0358408
0.0516542
0.0435601
0.0548178
0.0378421
0.0464598
0.0535092
0.0415998
0.0468666
0.0400948
0.0566848
0.0528433
0.0408946
0.0485103
0.0563127
0.0424926
0.0351669
0.0413707
0.0486602
0.0490256
0.0627664
0.046694
0.0553165
0.0842101
0.0618416
0.049653
0.0634608
0.0899723
0.0366986
0.0430214
0.0561446
0.0599143
0.0391162
0.0600546
0.0581353
0.0564276
0.0577844
0.0431173
0.0579732
0.0427053
0.0476671
0.0629549
0.0440785
0.0316854
0.0447394
0.0695139
0.0493695
0.0369229
0.0574703
0.0428213
0.0434182
0.0378095
0.0649184
0.0480133
0.0700424
0.0770019
0.0346396
0.0456226
0.054568
0.0384286
0.0535827
0.0588973
0.0468873
0.0585317
0.067772
0.0577712
0.0490308
0.0720858
0.0596793
0.0375735
0.0413303
0.0532027
0.0493034
0.0665739
0.0653095
0.0592661
0.0568274
0.0370635
0.0629458
0.0439923
0.0446087
0.0489622
0.0433036
0.0618709
0.0508713
0.0637497
0.0420514
0.0394121
0.0795172
0.0503654
0.043132
0.0577074
0.0596012
0.0471953
0.0565007
0.0554942
0.038645
0.0434927
0.0667438
0.0487292
0.0366442
0.0372093
0.0693621
0.0591738
0.0426845
0.0465175
0.0441542
0.0435143
0.0643476
0.0575643
0.0461301
0.0309128
0.0385534
0.0314852
0.0569564
0.0452414
0.0408685
0.035913
0.0510392
0.0503844
0.0571355
0.0454016
0.0497796
0.0547615
0.0565224
0.0437569
0.0466579
0.0490571
0.0578531
0.0244617
0.0565271
0.066024
0.0413336
0.0488348
0.0729412
0.0436828
0.040762
0.0404369
0.0666626
0.0674375
0.0456098
0.040786
0.0338693
0.0704297
0.0389253
0.0370646
0.0370107
0.0522534
0.052752
0.0320442
0.0351218
0.0542899
0.0540587
0.0442584
0.062818
0.0433996
0.0408899
0.0921054
0.0494744
0.048884
0.0403797
0.0580573
0.0547488
0.062945
0.0567736
0.0469721
0.0693955
0.0431947
0.0562571
0.0331889
0.042379
0.0408561
0.0400802
0.0461363
0.0572367
0.0312866
0.0388553
0.0623936
0.0348971
0.0579414
0.0711273
0.0585639
0.0453596
0.0584366
0.0318933
0.0717101
0.0417614
0.0419841
0.0621247
0.0511096
0.0436241
0.039392
0.0288749
0.0604612
0.0502034
0.0519906
0.0771626
0.0490657
0.0374243
0.0688622
0.0696374
0.0559603
0.0294398
0.0583017
0.0922046
0.0481134
0.0401433
0.0598863
0.0363858
0.0592698
0.0625917
0.0628805
0.0674119
0.0560684
0.0485479
0.0539193
0.0623674
0.0493005
0.0622933
0.0404531
0.0636459
0.0636278
0.0456731
0.0449556
0.0647371
0.0483043
0.0448912
0.0454201
0.040625
0.0563111
0.0608635
0.0363714
0.0530695
0.0464438
0.0530423
0.0328806
0.0495478
0.0562091
0.0290885
0.0401499
0.0449472
0.0460398
0.0503357
0.0369375
0.0398889
0.0582736
0.0463638
0.0490577
0.0598519
0.0385132
0.0768505
0.0442484
0.055515
0.0507675
0.0518368
0.0723262
0.0467295
0.0490714
0.027361
0.0680033
0.0416238
0.0631263
0.0550461
0.0508816
0.0334147
0.0483896
0.0411766
0.0536855
0.0504014
0.0507428
0.0446211
0.0576115
0.0534989
0.0457428
0.0506304
0.0600255
0.0514643
0.0411467
0.0577356
0.0405592
0.0483814
0.0453207
0.0601886
0.0416887
0.0502992
0.0478363
0.030884
0.0622896
0.0383912
0.0723937
0.042794
0.0570525
0.072068
0.0658288
0.0359655
0.0498709
0.0625573
0.0497129
0.0682756
0.0445466
0.0473727
0.0466452
0.0416251
0.0630376
0.0801775
0.0523745
0.0403073
0.0470709
0.0528968
0.0440701
0.0460053
0.0476643
0.0420548
0.0298121
0.0569773
0.0479739
0.0591672
0.0609097
0.0574498
0.068885
0.052796
0.0512585
0.041497
0.039046
0.0502874
0.0648075
0.0384047
0.0514809
0.0521683
0.0412621
0.0688708
0.0768763
0.0569557
0.0444291
0.0441758
0.0447389
0.0584592
0.0563518
0.0405293
0.0581108
0.0431746
0.0539891
0.0444493
0.0444337
0.0733143
0.0693406
0.049953
0.0450209
0.0454424
0.0392461
0.0520465
0.049219
0.0426569
0.0368755
0.0413481
0.0466609
0.0415347
0.0582997
0.0442945
0.0474889
0.051735
0.0425359
0.064641
0.0504447
0.0462742
0.0746375
0.0413895
0.0463046
0.0283668
0.0452934
0.059281
0.0369686
0.0532468
0.0486684
0.0509158
0.0539333
0.0543369
0.0566112
0.0400275
0.080112
0.0578398
0.0475515
0.0486645
0.0862752
0.0599906
0.0482514
0.0395067
0.0521926
0.0436993
0.0613931
0.0646404
0.061634
0.0407952
0.0555307
0.0531902
0.0724876
0.063611
0.04482
0.0637349
0.0527568
0.0825823
0.0438145
0.0449979
0.0416763
0.0346909
0.0379081
0.0575909
0.0430759
0.0741996
0.0581677
0.0345701
0.0479267
0.0582798
0.0706428
0.0340852
0.0648678
0.0564942
0.0454533
0.0518057
0.0926547
0.0519148
0.0365436
0.0732724
0.0617311
0.0548325
0.0646635
0.0537466
0.0569938
0.0595801
0.0546441
0.0582376
0.0455364
0.0429727
0.0541165
0.0741563
0.0431377
0.0390959
0.0505752
0.0387243
0.0523691
0.0537065
0.0383437
0.0933484
0.0586844
0.0648588
0.0538913
0.0435378
0.0425453
0.0549973
0.054271
0.0417189
0.0432316
0.0642128
0.0434872
0.0540036
0.0431815
0.0788904
0.0481956
0.0418336
0.0358213
0.0759317
0.0440876
0.104146
0.0515017
0.0818974
0.0440579
0.0451812
0.0531858
0.0422803
0.0552072
0.0389331
0.0519433
0.0430195
0.0420815
0.0514075
0.0495607
0.0438435
0.0596155
0.0651703
0.0446126
0.0454525
0.0623878
0.0571221
0.0613142
0.0530816
0.0572655
0.0579249
0.0566531
0.0556185
0.0580455
0.0578458
0.0606473
0.0461219
0.0356729
0.041031
0.0401018
0.0572031
0.0357343
0.054485
0.0430027
0.0460123
0.037831
0.0379416
0.0564039
0.0527626
0.0300547
0.0781471
0.0451139
0.037514
0.0437417
0.0511643
0.0401287
0.0677801
0.057908
0.0417187
0.0621817
0.0404616
0.0443876
0.0523244
0.0408224
0.0417549
0.032674
0.0521381
0.0678248
0.0565766
0.0412564
0.0568567
0.0636192
0.0483015
0.0449973
0.0483436
0.0491343
0.0499426
0.0512649
0.0419397
0.0647683
0.0790806
0.0460044
0.0696219
0.0462933
0.0509489
0.0412109
0.0705745
0.0376392
0.0334234
0.0489672
0.0653096
0.0473644
0.0449757
0.045965
0.0408787
0.0367109
0.0514975
0.0632191
0.0434899
0.0320671
0.0558658
0.0329156
0.0667994
0.0519909
0.0416474
0.0568791
0.0607877
0.0440475
0.0447912
0.0390627
0.0647675
0.0452407
0.0464487
0.0465595
0.061985
0.0846879
0.0481455
0.0477633
0.0777696
0.0425705
0.0817301
0.064244
0.0509071
0.0388514
0.0523405
0.0581576
0.0513543
0.0671646
0.0638045
0.0566336
0.059075
0.0711493
0.0635716
0.0349879
0.0410194
0.0550592
0.0623498
0.0501526
0.0519549
0.0452685
0.0749323
0.0466435
0.0514047
0.0514356
0.0508579
0.0551289
0.038338
0.0318662
0.0445703
0.0391488
0.0333122
0.0549618
0.0695506
0.0290206
0.0573125
0.063488
0.0576014
0.0526445
0.0379354
0.0663258
0.0439799
0.0398138
0.039425
0.0403652
0.0342717
0.0591973
0.0592299
0.0639871
0.0374929
0.0442504
0.0451728
0.0501864
0.0436453
0.0347355
0.0751592
0.0527281
0.0524908
0.0463327
0.0721006
0.0730876
0.0382656
0.0490825
0.0577059
0.0563795
0.0539846
0.0547227
0.0387983
0.0501709
0.0436723
0.0447031
0.0609337
0.0611853
0.0536561
0.0651022
0.0393545
0.0638604
0.0463439
0.0486176
0.0440499
0.0590412
0.0547061
0.0436666
0.0337089
0.090389
0.0370235
0.0393761
0.0395525
0.045311
0.0330233
0.0395855
0.0450932
0.0648385
0.0421297
0.0506422
0.0365602
0.0489332
0.0444438
0.0731884
0.0555527
0.0496902
0.0853736
0.0589019
0.0421331
0.0619802
0.031761
0.0640099
0.0468956
0.0407807
0.0617951
0.0583017
0.0486387
0.0535869
0.040552
0.0485714
0.0593183
0.0668148
0.0668599
0.0474824
0.0471542
0.0466287
0.0321732
0.0521225
0.0588933
0.0639683
0.0424823
0.0567925
0.0406124
0.0454738
0.0599771
0.051428
0.0505967
0.0637576
0.0717984
0.0447166
0.0492482
0.0527726
0.0469346
0.0444188
0.0565682
0.0576852
0.0391645
0.067638
0.0431737
0.0700577
0.0425732
0.0577066
0.0373387
0.0617814
0.0548507
0.047032
0.0557492
0.0412215
0.0439557
0.0424052
0.0444697
0.03639
0.0411445
0.0669913
0.0547607
0.0507232
0.053487
0.0530853
0.0380401
0.0514533
0.0637903
0.0530637
0.052149
0.0431065
0.0390121
0.0442835
0.0459049
0.0760279
0.0399115
0.0793241
0.0525727
0.0576208
0.0488982
0.0540053
0.0338631
0.0326726
0.0556585
0.0468436
0.0521986
0.0607408
0.0512183
0.0543296
0.0512065
0.060548
0.0678304
0.0406136
0.0465564
0.0759117
0.0485676
0.0547513
0.0479078
0.0511853
0.0486051
0.0611356
0.0576665
0.0373773
0.0461568
0.0676539
0.0597285
0.0263266
0.048575
0.0544967
0.0539076
0.0566506
0.0546564
0.036552
0.0370647
0.0418943
0.0463273
0.0520907
0.051607
0.0550821
0.0385076
0.041626
0.0273486
0.0423399
0.0513217
0.0381325
0.053661
0.0493559
0.0520443
0.0526444
0.0371828
0.0366907
0.0610518
0.0425444
0.0489917
0.0419424
0.0379054
0.0536703
0.0644496
0.0576413
0.0503104
0.0621237
0.045273
0.0547461
0.0557737
0.0440564
0.0396174
0.0566905
0.0571221
0.0561671
0.0693854
0.059644
0.0424976
0.0477162
0.0326674
0.038521
0.042247
0.0458289
0.0406891
0.0451295
0.0500229
0.0398883
0.0450914
0.0543802
0.0501372
0.0511236
0.0720255
0.0399757
0.0556782
0.0404474
0.0550446
0.0485331
0.0489807
0.07809
0.0450119
0.0573623
0.0407982
0.0383503
0.0612686
0.0512419
0.0640234
0.0459846
0.0488268
0.0411514
0.0698392
0.0610912
0.0492709
0.0454095
0.0576584
0.0458885
0.0525748
0.0451125
0.0490607
0.0400682
0.0482439
0.0472
0.0432261
0.0564438
0.0484593
0.0764993
0.0422189
0.0662064
0.0453335
0.0397752
0.0536242
0.0593289
0.0540523
0.0463132
0.0470208
0.0346591
0.0689444
0.0433772
0.0344216
0.0392358
0.072084
0.0387977
0.0625199
0.0443807
0.050995
0.0463024
0.0755223
0.0380294
0.05441
0.0548678
0.0497531
0.071086
0.04838
0.0672416
0.0519108
0.0309561
0.0505342
0.0640076
0.0578387
0.0466946
0.0429027
0.0302983
0.0439872
0.0665818
0.0448575
0.0599972
0.0385499
0.0805598
0.0567109
0.0572945
0.0469864
0.0569578
0.0496039
0.0443191
0.0476873
0.064017
0.0484513
0.0377994
0.0399241
0.0597902
0.0712313
0.0252301
0.0514818
0.0606078
0.0484966
0.0478241
0.0386118
0.0518006
0.070624
0.0492086
0.0386788
0.0409215
0.0644162
0.0396014
0.0527828
0.0658931
0.0381579
0.0436723
0.0615242
0.0461456
0.0499976
0.0480581
0.0718466
0.0367177
0.0468148
0.0622312
0.0570731
0.06211
0.0566822
0.0450016
0.0512266
0.0494278
0.045861
0.0615373
0.0282523
0.0663302
0.0453443
0.0607618
0.0514945
0.0414647
0.078066
0.0354681
0.0623361
0.0362784
0.0601227
0.0455981
0.0417032
0.0413741
0.0269803
0.0597115
0.0581077
0.0493278
0.0654427
0.0458262
0.0668588
0.0575565
0.0653431
0.0459281
0.0711043
0.0595349
0.0612091
0.0536597
0.0351335
0.0718901
0.0392166
0.0435493
0.0531806
0.0544454
0.0633523
0.0524919
0.0427181
0.0409304
0.051693
0.0487851
0.0484197
0.0449034
0.0398325
0.0579551
0.065936
0.0538601
0.0520434
0.0505872
0.0394076
0.0514177
0.0448262
0.0351394
0.060625
0.0439043
0.0727873
0.043859
0.0459872
0.0461668
0.0450698
0.0580577
0.0869009
0.047759
0.039119
0.0402216
0.0505557
0.0627444
0.0505377
0.0478251
0.0389534
0.046684
0.0595503
0.0464353
0.0660176
0.0682671
0.0409743
0.0455249
0.0468218
0.0541977
0.0655115
0.0678517
0.0725793
0.0622922
0.0556666
0.0471052
0.0406472
0.0534367
0.0376908
0.0602541
0.0715512
0.0622526
0.0549102
0.0693932
0.0415472
0.0677892
0.0677953
0.04254
0.042113
0.0412872
0.0531912
0.035923
0.0396214
0.0719545
0.060594
0.0553882
0.0715665
0.065527
0.0622916
0.0473998
0.0652141
0.0732392
0.0518478
0.055361
0.0398291
0.0324147
0.0358424
0.05029
0.0436875
0.0331048
0.0565286
0.0446487
0.0568521
0.0555429
0.0532643
0.0408671
0.0521781
0.0772043
0.0549557
0.0606261
0.0706003
0.0583688
0.0602067
0.0625058
0.0527517
0.0680867
0.0718735
0.0520373
0.0442475
0.0561971
0.0487454
0.0428032
0.0502004
0.0404053
0.0577751
0.0446594
0.0448995
0.0538319
0.0406593
0.0447545
0.0375534
0.0419987
0.0599405
0.0569745
0.0451818
0.0424615
0.0634197
0.0556111
0.0506719
0.0419392
0.0453316
0.059136
0.0549541
0.0784472
0.0606177
0.0513978
0.0402443
0.066102
0.0334936
0.0667845
0.0559929
0.0529922
0.0469262
0.0413102
0.0533502
0.034715
0.0430654
0.0484352
0.0728871
0.045514
0.0521194
0.047656
0.049016
0.0502667
0.0545846
0.050971
0.0367513
0.0542955
0.0439386
0.0357906
0.0514479
0.0369692
0.0518261
0.0539919
0.067888
0.0528373
0.0414861
0.0387755
0.0831648
0.0475684
0.065838
0.0465057
0.0746699
0.04384
0.0466507
0.0660586
0.0624812
0.0511915
0.0430589
0.0467846
0.0457929
0.0457982
0.046148
0.0440952
0.0544772
0.049888
0.0372601
0.0560604
0.0451695
0.0757108
0.0753126
0.0737824
0.0443424
0.0768924
0.0427838
0.0472436
0.0526368
0.038522
0.0352155
0.0655961
0.0484296
0.0514906
0.0347691
0.0749805
0.0432154
0.0397658
0.0512659
0.0407735
0.0483565
0.0543035
0.0777153
0.0614355
0.0578683
0.0452735
0.0481577
0.0625375
0.0548825
0.0514222
0.0527148
0.0468515
0.034613
0.0453675
0.0501714
0.0606561
0.0438637
0.0663295
0.0695007
0.0476106
0.0656248
0.0439624
0.0345835
0.0341483
0.0282764
0.0579003
0.0722344
0.0446074
0.0623727
0.060331
0.0413545
0.0302962
0.073055
0.0503919
0.0345781
0.0664311
0.0428656
0.0687278
0.0584803
0.0609698
0.0419844
0.0693956
0.0459382
0.0354397
0.0384361
0.0637321
0.0629495
0.049908
0.0428226
0.0486988
0.0504412
0.0436358
0.04606
0.042988
0.0471852
0.0598898
0.0586085
0.0928075
0.0382171
0.0376269
0.0475408
0.0466532
0.0519316
0.0503958
0.0399756
0.0413751
0.0793692
0.040499
0.0518642
0.0563917
0.0669766
0.0495956
0.0384612
0.0405415
0.0331581
0.0472594
0.0595386
0.0503223
0.0482498
0.0712023
0.0626426
0.0402074
0.0672792
0.0586961
0.0561825
0.0658043
0.049509
0.0458344
0.042632
0.0451091
0.0449901
0.0519496
0.0759573
0.0485436
0.0336241
0.0532449
0.0461283
0.0500957
0.0468542
0.0472137
0.0560607
0.0578146
0.0418457
0.0453881
0.0503927
0.0517377
0.0523524
0.0449948
0.033001
0.0651342
0.0484078
0.0511865
0.0620576
0.0737901
0.041644
0.0554397
0.0375781
0.064977
0.0521442
0.0471943
0.0446252
0.0571697
0.0430832
0.0753599
0.0883938
0.0379716
0.0565456
0.070159
0.0672309
0.0401353
0.0848881
0.0576119
0.0464339
0.0699306
0.050839
0.0561634
0.0613219
0.0546301
0.0424323
0.0571346
0.051049
0.0318739
0.0418017
0.0389289
0.054546
0.0406144
0.0541919
0.0378065
0.0456369
0.0568465
0.0801037
0.0404359
0.0397421
0.036322
0.0522399
0.0552526
0.0288408
0.0489724
0.0772902
0.0442349
0.053912
0.0546593
0.0356626
0.0478254
0.0543573
0.0697654
0.0453346
0.0414928
0.0462399
0.0567199
0.0505701
0.0497641
0.0533131
0.0575501
0.0674504
0.0640616
0.0558373
0.0538097
0.0559566
0.05253
0.0353564
0.0491502
0.0541169
0.0518639
0.0646764
0.0505999
0.0689915
0.0599704
0.0579289
0.055567
0.0382784
0.038478
0.0672902
0.049852
0.0348902
0.0488076
0.0553965
0.0590891
0.0443336
0.0515518
0.0541919
0.0366181
0.056988
0.0546694
0.0431194
0.0511294
0.0281493
0.0459325
0.0439434
0.0642191
0.0528694
0.0516696
0.0569448
0.0626203
0.0583987
0.0627291
0.053932
0.0334436
0.0568802
0.0472308
0.0420108
0.0509234
0.0493674
0.0629798
0.0590249
0.042041
0.0445368
0.0711501
0.0538915
0.0695535
0.0499805
0.0719988
0.0599362
0.0692195
0.0532087
0.0374393
0.054813
0.0387215
0.0778816
0.0416309
0.0638952
0.0583867
0.059688
0.044573
0.040357
0.0504277
0.0942702
0.0325251
0.048041
0.0481523
0.0586718
0.0346176
0.0462363
0.0531904
0.0556775
0.0538003
0.0595046
0.0430507
0.0612599
0.0519614
0.0729173
0.0472191
0.0609845
0.0523745
0.0820063
0.0432298
0.0496723
0.0640024
0.0380377
0.0429434
0.0461794
0.0623165
0.0552844
0.0625996
0.0458498
0.0495273
0.0633957
0.0406786
0.054451
0.0481185
0.0348952
0.041508
0.0560296
0.0405967
0.0526845
0.0553569
0.0274611
0.0386868
0.0496363
0.0504922
0.0468753
0.0579978
0.0573488
0.0494362
0.0682013
0.0437506
0.0413235
0.0548233
0.0585988
0.0452329
0.0460652
0.0474609
0.0412805
0.0552816
0.0587038
0.048833
0.0533141
0.0579895
0.0701805
0.054194
0.0300527
0.0501621
0.0504248
0.0602343
0.0467305
777777