3.00429
999999
0.335118
0.0711829
0.015736
0.0141641
0.0478027
-0.0167494
0.0237564
-0.134886
-0.102327
-0.0750975
0.0195618
0.221177
0.10368
-0.00390906
-0.0327936
0.120178
-0.0565514
0.0537788
0.136708
-0.0838142
0.239169
-0.0718591
-0.053407
-0.176746
-0.142621
-0.175914
-0.0192113
-0.136895
-0.165488
-0.141186
-0.111583
-0.151203
0.0814377
0.123111
-0.159369
-0.0269425
0.136356
-0.0138235
-0.140752
-0.0828874
-0.0608837
0.196131
-0.185213
-0.0315545
-0.213253
0.102623
0.0662788
0.232393
0.176253
-0.0811175
0.151832
0.2547
-0.181885
-0.027105
-0.0126902
-0.148272
-0.151585
-0.133668
0.0716024
-0.256824
0.182976
-0.430432
-0.201158
-0.0237586
-0.0500693
0.114527
0.173769
-0.0632242
0.0411054
0.103972
-0.251516
-0.0221669
-0.0569338
0.0901472
0.150434
-0.123843
0.220788
-0.0850087
-0.340517
0.204905
-0.188873
-2.38816e-05
-0.160278
0.15336
-0.180876
-0.0604711
-0.202409
-0.198355
0.0952289
0.164917
0.100736
0.162099
-0.0786674
0.014298
-0.171378
-0.115536
0.326747
-0.247275
0.112173
0.011732
-0.00949159
0.0656303
-0.118115
-0.0730533
0.189737
0.0534572
0.0810518
0.173858
0.0282894
-0.196672
0.278301
0.0235324
0.202335
0.0499622
-0.0545728
0.0120698
0.0248897
0.0491755
0.00143185
-0.022822
-0.242948
0.0456261
-0.24834
0.0267085
0.152231
0.0699124
0.00463313
0.034608
-0.176658
-0.145551
-0.210008
0.177983
0.156421
0.10197
-0.187263
-0.076978
0.121938
-0.112884
0.050009
0.109933
-0.0102977
-0.168328
0.103436
-0.0762284
0.320564
0.0651336
0.17176
0.27513
0.192314
-0.101055
-0.246555
-0.164656
0.139728
0.0150529
0.286988
0.252597
0.0743084
-0.0621496
0.0523108
-0.133707
0.0983847
0.063738
0.116305
0.11571
-0.235207
-0.151872
-0.303549
0.0883517
0.106023
-0.0200713
-0.0133749
-0.0120614
-0.210952
-0.0257627
-0.3295
0.0510456
-0.120493
-0.150635
-0.0604073
0.146382
0.102
-0.272151
0.118207
0.142197
0.28814
0.0643967
-0.0699694
0.0190308
-0.0865848
0.033226
-0.0582457
-0.0826357
0.0462366
-0.0184493
0.0251109
0.312614
-0.0205833
-0.0258927
-0.195857
-0.273233
-0.148803
0.0327381
0.112566
0.0152955
0.0991896
0.0207639
-0.204821
-0.165877
-0.0151711
0.186836
0.0104292
0.117404
0.192416
0.0703354
-0.217288
-0.00141289
0.0443524
0.0119217
0.18538
-0.0177327
0.0734725
0.304623
-0.231256
0.158684
-0.0408584
0.103677
-0.180805
-0.0743317
-0.00792997
0.0654528
-0.0507716
-0.153271
0.0665382
0.0733803
-0.0812845
-0.161409
-0.0816775
0.224449
0.00555555
-0.0952078
0.0486611
-0.167199
0.243774
-0.00451171
-0.0494629
-0.138672
-0.00966378
0.0856305
0.0442698
0.103842
-0.211431
-0.0986181
-0.0528341
0.048544
0.0184796
-0.24137
0.0814922
0.177412
-0.030965
-0.0189347
-0.0437715
-0.142449
0.207741
0.111066
0.0757761
0.241121
-0.109842
-0.078505
-0.0201182
0.00114476
0.122426
-0.0227866
0.00965898
0.0310223
-0.0579997
-0.103336
-0.149183
0.0890377
-0.164812
-0.129601
-0.232169
0.195991
0.100037
-0.0993972
-0.0182904
0.0253421
-0.0318391
0.0148716
-0.195268
-0.0798818
0.0360649
-0.0411356
-0.133631
0.0451069
0.141471
0.150358
0.185076
0.133925
0.0113459
0.104664
-0.0102588
-0.068219
0.197958
-0.159921
-0.128086
0.114875
0.0796911
-0.0363574
0.268334
0.170418
-0.0908565
-0.0227273
-0.17589
0.00999346
0.0420404
0.0920521
-0.0754251
-0.195118
-0.0922208
0.0057697
0.0609013
-0.108579
0.111196
0.147185
0.215108
-0.157337
0.116458
0.00472384
-0.0560852
0.0882366
-0.22015
0.116228
0.0874379
-0.0633936
-0.0503633
-0.0800584
0.052075
-0.0171675
0.12451
0.0104633
-0.195174
-0.0643794
0.169795
0.0339013
-0.121448
0.117625
-0.11245
0.180141
-0.0996676
-0.170196
-0.101394
0.0522362
0.121084
-0.0487246
-0.0137351
-0.0757954
0.182311
-0.124494
0.0884638
0.124861
-0.24328
0.08671
0.126409
-0.0192337
-0.0213061
-0.0448739
-0.204419
0.0847658
0.15339
-0.0745749
0.148471
-0.00294503
0.145822
0.105932
0.0658278
-0.155961
-0.0860498
0.219881
-0.124981
0.157799
-0.166997
-0.170195
0.0221055
0.239271
0.124018
-0.025953
-0.112263
-0.0764036
0.126009
-0.104522
0.195929
0.0708269
-0.0871633
0.153434
-0.0955342
0.0174149
-0.109746
-0.1641
0.196877
-0.0823872
0.133326
-0.0764707
-0.0792179
-0.0460385
0.0980806
0.205713
0.124269
0.00498599
-0.087184
0.04186
-0.0625703
-0.213395
-0.260846
0.0210663
-0.0347806
-0.350879
0.113704
0.192862
-0.0495908
0.0798511
-0.0616509
0.160807
0.282628
0.1007
0.306334
0.170213
0.0729278
-0.0852563
-0.20386
0.338021
-0.15086
-0.0273034
0.124823
0.18804
0.117621
-0.368964
-0.066421
-0.148341
0.0306049
-0.0401327
0.146226
0.147062
-0.155915
-0.221407
0.212401
0.172897
-0.0970354
0.186123
0.0626428
0.14824
0.127206
-0.123348
-0.065147
-0.0375835
0.00423663
-0.0723754
0.18852
-0.13046
0.0164586
0.139129
-0.0959625
0.0316734
-0.156955
0.175289
0.0294787
-0.0492104
-0.00641521
0.344612
-0.0773072
-0.209449
0.221628
-0.101526
-0.132337
-0.0325053
0.228763
-0.0720074
0.224267
0.218564
-0.12071
0.185363
-0.110773
-0.0896521
0.229705
-0.151879
0.0382736
0.0460964
-0.0406515
0.0561695
0.131942
0.120117
-0.00168515
0.0292111
0.10829
-0.0875336
-0.163186
-0.2043
-0.15069
0.146768
0.170307
0.187572
-0.0908705
-0.117046
-0.0856561
0.21298
-0.132856
-0.0531866
0.0503392
-0.166478
-0.24276
-0.0194297
0.279418
-0.0557797
-0.0142301
0.307119
-0.169525
-0.0735497
0.0140034
-0.0294638
0.169953
-0.084888
-0.212246
0.287462
-0.106863
0.0673344
0.165318
0.0656981
0.098772
0.0436591
0.16537
-0.112931
-0.0926959
0.0661168
0.239358
-0.0198922
0.00185694
0.0103856
-0.0951866
0.0359653
0.0374394
0.0969326
-0.143636
0.23001
0.158247
0.102231
0.199968
0.0235958
-0.17634
-0.213723
0.0434325
-0.064455
0.0256223
-0.0945339
-0.0447398
-0.235751
0.147835
-0.0073177
0.144384
-0.145179
0.0764243
-0.269668
-0.118789
0.0639283
0.270584
-0.0158631
0.142488
0.0825688
0.102951
0.183176
0.0529366
0.140287
-0.121074
0.067788
0.0633719
-0.0944555
0.0483459
-0.179514
-0.128886
0.204815
-0.0442049
0.0661158
0.0828913
0.0513807
-0.257785
-0.176495
0.0105431
-0.0507972
-0.0739936
-0.0409338
0.101939
-0.0528868
0.266977
0.0356272
0.00390722
0.107747
-0.0958149
0.0692346
-0.0544359
0.146093
0.0604789
-0.10043
0.119893
0.0807844
0.0232059
-0.136465
-0.199133
-0.282646
-0.0883216
-0.0153196
-0.0102984
-0.0494957
0.0646413
0.12019
0.00892629
0.00681084
-0.216819
-0.176232
-0.0817577
-0.0966261
-0.0854566
0.181962
-0.336114
-0.0693249
-0.0800145
0.0726744
-0.266793
-0.0222914
-0.0741014
0.00490072
-0.0528427
0.125572
-0.0655031
0.0544636
0.161411
-0.0955782
0.384791
-0.0243003
-0.205771
-0.230199
-0.186108
-0.136662
0.115706
-0.0467048
0.101147
-0.208128
-0.0363859
0.100377
-0.0210092
-0.113424
-0.104664
-0.422004
-0.193378
0.0824827
0.339967
0.147073
-0.195063
-0.077223
-0.00507333
0.161998
0.0495783
0.161494
-0.132569
0.240864
-0.330896
0.0466619
0.0907413
-0.0467443
0.230588
0.304042
0.330432
-0.246301
-0.0529753
-0.050445
-0.0886428
-0.121645
-0.184336
0.0612991
0.326819
-0.0520378
-0.246436
0.00709436
-0.230829
0.24423
0.16244
0.153249
-0.0616729
-0.274851
-0.257442
-0.420842
0.0702897
-0.251919
0.0501681
-0.144027
-0.135051
-0.0862907
0.137668
-0.152715
0.138903
-0.0926962
0.150207
0.17255
-0.125896
-0.220038
0.128462
-0.0417693
0.0886157
-0.0144299
-0.23528
0.0108047
-0.236346
0.0329479
0.0392377
-0.045566
0.0395686
-0.0449736
-0.108139
0.0161944
0.157738
-0.105034
-0.115866
-0.0716225
-0.0544902
-0.0287688
0.0494469
0.102891
0.0859984
0.0600124
-0.139901
-0.00643915
-0.231917
0.0695755
-0.148934
0.0085607
-0.0956321
-0.109453
-0.06574
-0.0656051
-0.213845
-0.19081
-0.0948644
-0.183227
-0.174714
0.0382101
0.141593
-0.0991326
0.106387
-0.0488594
0.0818322
-0.0593186
-0.213937
-0.31382
0.120413
-0.0489198
-0.208587
-0.0452248
0.0938342
0.0572959
-0.0746978
0.169747
-0.0800298
-0.0723635
-0.0652378
-0.00895651
-0.0599862
0.21549
-0.154823
0.262443
0.0488202
-0.0555429
0.0497133
-0.107727
0.0703374
-0.0873839
-0.139939
0.24057
0.057396
0.161404
0.27172
0.105788
0.153374
0.140705
0.0641738
-0.188439
0.059736
0.324921
-0.02106
0.0477662
-0.102062
0.02223
-0.0876053
-0.0736537
-0.0720149
0.3053
-0.241111
-0.0285259
0.108116
-0.051658
-0.196547
-0.0507791
-0.187447
0.0191983
-0.0514972
-0.173403
-0.0440398
-0.114565
-0.209438
0.178272
-0.0449466
-0.0305082
-0.216323
0.170984
0.0233739
-0.0105401
-0.307884
-0.0919063
-0.133305
-0.0104293
-0.00672558
-0.0692551
0.149409
-0.188628
-0.111703
-0.0131851
0.0609315
0.110001
0.166613
-0.0695507
-0.186289
0.146069
0.138388
-0.1517
-0.169752
-0.0194073
0.0205782
0.217333
0.146945
-0.253861
-0.0658159
0.0733436
0.0036364
0.0221754
0.122274
-0.141603
-0.171447
0.0220794
0.289677
-0.00726577
-0.180482
0.0199858
0.276854
0.0167967
-0.115569
-0.219337
0.0778174
0.123792
0.0348334
-0.0966465
-0.162296
-0.0230902
-0.138642
0.0166589
0.00867496
0.0663812
-0.260135
0.0206769
-0.200731
0.207515
-0.0257822
-0.116095
0.182926
0.0375669
-0.101079
0.172335
0.057222
0.103904
-0.0691297
-0.146385
-0.0553323
-0.205718
0.105139
-0.153972
-0.0766896
-0.0551401
-0.0601905
0.0598097
0.307714
0.0652913
0.0131225
0.0120228
-0.141452
0.189853
-0.0344491
0.206139
0.108922
0.065581
0.0149285
-0.0315282
0.190597
0.12348
0.0824088
0.129143
0.0139616
0.16941
-0.0874235
0.0809301
-0.111749
0.0558474
-0.188425
-0.116983
0.242859
-0.120701
-0.129241
0.110614
0.312282
0.103279
0.190701
-0.0625926
0.0397635
-0.0272655
0.14589
-0.0931231
0.164442
-0.110511
0.139948
-0.0524972
-0.0808856
-0.112899
-0.171718
0.0116289
-0.0346325
-0.322351
-0.0949052
-0.0995817
-0.0153563
-0.0455766
-0.00990682
-0.3179
0.0189269
0.0364556
0.265339
0.0360357
0.357931
0.066933
-0.0481102
0.0797851
0.0567941
0.15777
0.179076
-0.0321858
0.0553054
0.150212
0.0695745
-0.0147445
-0.0248648
-0.160097
-0.00898753
-0.159862
-0.0227872
-0.0974132
-0.174716
-0.105873
0.0418735
0.294191
-0.0579323
0.0702614
0.0104483
0.224181
-0.0696102
0.163186
-0.147961
0.0112964
-0.0530619
0.175144
-0.150308
-0.150814
-0.0931609
-0.0811902
0.0892951
-0.161635
0.188168
0.0274238
-0.0152003
0.083599
0.202473
0.00772622
0.0885599
0.105865
0.021816
-0.180425
0.127932
-0.17794
-0.191333
-0.0737479
-0.23916
-0.159971
-0.0405786
0.0570259
0.194054
0.0733265
0.250926
-0.160287
0.21485
0.175604
-0.278001
0.147931
-0.0945074
-0.0869891
-0.213031
0.00891256
-0.135069
0.147872
-0.0861656
0.349692
-0.0591265
-0.0245918
0.170052
-0.228821
-0.0831758
0.0784345
-0.119546
0.0444846
0.0244705
-0.0494223
-0.175813
-0.0561231
-0.251933
0.0461806
0.000371666
-0.0712969
0.300611
-0.153496
0.243279
0.000691011
0.0250095
0.0809784
0.148476
-0.0146965
0.0390994
-0.179645
0.175421
-0.203203
-0.175908
-0.101663
-0.19755
-0.166794
-0.00933235
0.0507286
0.162947
0.191749
-0.116583
0.018689
0.0814506
-0.00239525
-0.223784
-0.118691
0.0861114
0.0163481
0.202097
-0.0493504
-0.0852244
0.123242
0.179655
-0.0142314
-0.150157
-0.209071
-0.0477585
0.0570033
-0.190483
0.163861
-0.0987373
0.0527663
0.0305844
0.0713271
-0.0168361
0.130358
-0.0419958
-0.0137994
-0.0830286
-0.0267179
0.082778
-0.0771183
0.130607
0.304992
0.310433
-0.184092
-0.115831
0.144835
-0.0125843
0.0677847
0.0238119
0.0453468
-0.0909996
0.330603
-0.0596313
-0.30049
-0.0704209
-0.0416715
-0.129014
-0.178487
0.17308
-0.16507
-0.126258
0.0665244
0.102246
-0.128128
-0.107087
-0.155876
-0.0498573
-0.276653
0.162292
0.112977
0.0765353
0.0595235
-0.142234
-0.191713
0.0919308
-0.215298
-0.307948
-0.122394
0.112029
-0.0429945
0.19347
-0.0788769
-0.116964
0.101256
-0.127576
0.136285
-0.0557576
-0.0945038
0.264822
-0.182211
-0.139096
-0.0991723
0.121887
0.0749113
0.0383004
0.0167389
0.350652
0.149653
0.0835142
0.139343
0.0926382
-0.0767277
-0.0362538
-0.0523875
0.042303
-0.0911738
-0.104956
-0.0367892
-0.0935829
-0.188245
-0.0537475
-0.0982739
0.0017413
0.0503132
0.0421551
0.00627325
-0.290981
-0.0950245
0.0489948
-0.00351359
-0.0252861
0.268498
0.163593
0.00639766
0.0653537
-0.0689731
-0.300539
0.163415
0.0339215
0.0509197
0.00140298
0.278207
0.0706598
0.0713683
0.0941878
0.238897
-0.240023
0.206453
-0.15287
0.090708
0.0582432
-0.0518236
0.228588
0.123064
0.0200929
0.0843332
-0.178015
0.123988
0.0446977
0.0595913
-0.12185
0.246267
0.171952
-0.191196
-0.140477
-0.0563162
0.084718
0.100479
0.0121667
0.308483
0.167151
-0.155504
-0.15223
0.0467396
0.266492
-0.0655373
-0.0469035
-0.168033
0.204935
-0.0115406
-0.0852708
0.276636
0.201061
-0.164883
0.0790842
-0.143693
-0.060377
0.397765
0.0104553
-0.00567235
0.232454
0.136479
0.214109
0.347177
-0.101696
0.00332512
-0.104305
0.123366
-0.0524304
-0.151345
-0.055546
0.0450564
0.123486
-0.255048
-0.164955
0.0601837
0.105453
0.0391305
0.0815454
0.00182129
-0.0631943
0.0441479
-0.24651
0.0612458
0.0794601
-0.030905
-0.0528987
-0.111047
0.0107134
0.0648905
0.0596369
0.0627689
0.0717193
0.244614
-0.0559896
-0.199124
0.164934
0.0116378
-0.0260865
0.0352494
0.140244
0.069696
-0.0360171
-0.0929222
-0.190492
-0.0553492
0.166546
-0.0071647
0.132662
-0.019724
-0.0670136
-0.157255
-0.0119812
-0.223467
-0.0582321
0.0198657
0.273338
0.0153122
-0.0564141
-0.0660439
-0.0396214
-0.0818676
-0.163267
0.427177
-0.00568616
-0.0220257
-0.219795
0.0372903
0.0265829
-0.282165
-0.0598472
0.184753
-0.0163075
-0.119357
0.079106
0.100512
-0.0949465
0.132819
-0.170354
-0.00107773
0.163795
0.174172
0.0135138
0.134256
-0.167698
-0.139466
0.118157
-0.134286
-0.285377
-0.176723
-0.342209
0.260113
0.0436131
-0.0386973
-0.0647639
-0.00221878
-0.216957
0.100117
-0.143354
-0.0177921
-0.107289
0.0372013
-0.104198
0.0416422
0.176458
-0.0365279
0.0502011
-0.220326
-0.193257
-0.0152693
0.150245
0.0486865
0.121643
-0.156092
0.0551901
0.0344256
-0.253788
-0.0610845
0.002665
0.199175
-0.0642999
-0.0371777
0.0674221
-0.128231
-0.0324431
-0.154037
-0.0205984
-0.118816
0.264089
-0.101126
-0.17956
0.0770982
-0.14307
-0.222875
-0.148925
0.243455
-0.219481
-0.0970594
0.0354058
-0.0945415
-0.142634
0.122297
-0.10214
0.202033
-0.189886
0.222972
0.184619
0.128654
-0.322757
0.00198241
0.0511065
0.203641
0.425039
-0.0509938
0.184067
-0.0800517
0.0690228
-0.0159699
-0.133001
0.0409945
0.15672
0.176765
0.0589318
0.108522
0.0181961
-0.058655
0.212087
-0.116914
-0.0535838
-0.0465118
0.0173259
0.191206
0.0788801
-0.016417
0.0996661
0.0885206
-0.0469895
0.0436914
0.156725
-0.101161
-0.118259
-0.225536
0.144431
0.0324237
-0.0189568
0.0940981
-0.153022
0.00397784
0.243581
0.052646
0.102862
0.177872
0.0854076
0.0453291
-0.126621
-0.21808
0.025682
-0.137405
-0.00821696
-0.186765
-0.0269602
0.143807
0.213494
-0.125584
-0.238092
0.0692943
0.0180063
0.0695567
0.10753
0.150312
-0.0752912
0.138805
-0.0288855
0.0831047
-0.197051
0.259423
-0.110644
-0.0780061
-0.135342
0.106706
-0.15837
0.114196
-0.0453441
-0.0593332
-0.194466
0.0820551
0.154108
-0.00323346
-0.097579
-0.149772
0.0790833
-0.107054
0.207731
-0.0367443
0.0760889
-0.136686
-0.0461742
0.395245
0.233342
0.262685
0.143966
0.0126664
0.392035
-0.00320545
0.0715414
-0.133041
0.0690152
-0.0445117
0.182015
0.0945029
-0.302589
0.0209304
0.00951166
-0.0654083
-0.212021
-0.0793562
-0.185836
-0.0465327
0.164968
0.163815
0.0512049
0.174646
0.0997526
0.00104019
0.0668376
-0.0533058
-0.130121
-0.201386
0.00457442
-0.194091
0.014249
-0.233121
0.0115329
-0.16752
0.0803749
0.0106469
-0.234949
0.0120763
0.0135482
-0.1401
0.0391695
0.0553036
0.130846
0.0616072
0.0231041
-0.0646334
-0.306177
0.175365
-0.000102425
-0.137584
0.149193
0.066427
-0.0754254
-0.0114031
-0.049417
-0.300581
0.128013
-0.0495477
0.108768
-0.0102924
-0.00318444
0.0375207
0.205873
0.169119
-0.153941
0.118735
0.0811684
-0.0648644
0.0267326
-0.134098
-0.189761
0.127267
-0.285961
0.208318
-0.0429088
-0.153751
-0.010582
-0.116627
0.206073
-0.057506
-0.242401
0.150054
-0.309825
0.0340238
0.248278
0.0323203
-0.0666266
-0.21031
-0.164252
-0.107886
0.059735
0.011846
-0.177475
0.00190338
-0.253819
0.0594463
0.0562321
0.0350694
0.150972
0.0505193
0.145796
0.104054
-0.034485
-0.100518
0.397735
0.303211
0.0751359
0.259146
0.0890753
-0.0299192
0.201645
0.0153118
-0.118865
0.0155887
0.258624
0.0635302
0.00544977
0.11264
0.169504
0.140087
0.0186605
-0.200207
-0.127753
0.01494
-0.038058
-0.112875
0.108102
0.150163
0.0231668
-0.25242
0.00105713
0.0824806
0.0473784
-0.0413393
-0.224601
-0.196553
-0.0511014
0.0216726
0.0832223
-0.169741
0.268743
0.0662103
-0.0196723
-0.279915
0.0620025
-0.0277517
0.247804
-0.0416794
-0.176068
-0.179098
0.220099
-0.24754
0.0191494
0.162276
0.145911
-0.281308
-0.136919
0.0091998
0.0569097
-0.0775736
-0.094216
-0.0315993
-0.00109467
-0.0607996
0.0487278
-0.258688
0.0757782
-0.148959
0.130851
-0.286637
-0.251656
0.150901
0.0722391
0.253478
-0.174517
-0.256124
-0.123589
-0.0642145
0.12104
0.0645173
0.194789
-0.0831637
-0.0483326
-0.00192893
-0.0442341
-0.118389
-0.082246
0.108135
-0.044148
-0.180954
-0.247164
-0.0515879
-0.201964
0.160233
0.142767
0.0649022
-0.0158623
0.109132
-0.0766329
0.0920464
-0.31257
0.0945885
-0.1845
-0.040643
0.0283342
0.293548
0.129923
0.161378
0.315891
-0.120711
-0.0598289
-0.164811
0.0156888
-0.143939
-0.0408894
-0.15153
0.021269
-0.179043
0.0825455
-0.239835
0.062788
-0.124228
-0.033851
-0.0534977
-0.149487
0.0771398
-0.0674649
-0.190334
-0.093618
0.111929
888888
0.0478393
0.0450951
0.0544683
0.0534288
0.0690872
0.0624098
0.0507987
0.0457371
0.0528626
0.0502523
0.0705218
0.0407733
0.0477262
0.0602032
0.0372826
0.0399907
0.0450972
0.0482342
0.062642
0.0452415
0.06073
0.040021
0.0524833
0.0421726
0.0393249
0.0625266
0.0583797
0.0758678
0.0374426
0.0471413
0.0650314
0.044077
0.039105
0.0596676
0.0450316
0.0399157
0.0353587
0.0650059
0.0595464
0.0573032
0.044254
0.0566141
0.0504511
0.0308969
0.0402773
0.0515037
0.0449891
0.0476459
0.0453893
0.0477455
0.0639432
0.038687
0.0367447
0.0447048
0.0443559
0.0409248
0.0492486
0.057311
0.043216
0.0558963
0.0664209
0.064652
0.0504127
0.0573902
0.0481238
0.0434723
0.0437047
0.0600966
0.0635438
0.0449221
0.0629423
0.0670743
0.05253
0.0444012
0.0444249
0.0459496
0.0529586
0.0423742
0.0421516
0.0547715
0.0444177
0.0532513
0.0571354
0.056245
0.0608076
0.0314507
0.0651597
0.049092
0.035549
0.038556
0.0442279
0.053823
0.0396142
0.0604531
0.0656313
0.0546714
0.0533427
0.0492489
0.0422082
0.0430444
0.0489447
0.044036
0.0606557
0.0480819
0.0423496
0.0486427
0.0446323
0.0448675
0.0420959
0.0540148
0.0644358
0.0410586
0.0547937
0.0308526
0.0750506
0.049909
0.0419592
0.0722915
0.0446695
0.059882
0.0519909
0.0644085
0.0509753
0.0543603
0.0469208
0.0596215
0.0346988
0.0549545
0.0431122
0.0526547
0.0429817
0.0576029
0.0703952
0.0530283
0.058882
0.0544785
0.0479759
0.036763
0.0461947
0.046344
0.0539646
0.046446
0.0586859
0.0489687
0.0429866
0.0490072
0.0433787
0.0869255
0.0947721
0.059929
0.0544425
0.0585673
0.0468107
0.034233
0.0477236
0.0511274
0.0642466
0.0454075
0.0374494
0.0410725
0.0398999
0.0469439
0.0529503
0.0679424
0.0552657
0.0505194
0.0587597
0.037624
0.0560631
0.0465685
0.0491012
0.0429536
0.0408755
0.0422388
0.0439328
0.0451812
0.0535558
0.0576792
0.0690394
0.031946
0.0450692
0.0772262
0.0591758
0.0724165
0.0490415
0.0457001
0.0442323
0.0486218
0.0433861
0.0495523
0.0377102
0.0495528
0.0429076
0.0412212
0.0320136
0.0441488
0.063698
0.0504847
0.0517665
0.0569582
0.0482174
0.0414997
0.0644269
0.0862735
0.0567458
0.0555648
0.0632967
0.0475099
0.0559679
0.060249
0.0504382
0.052916
0.0547817
0.0624123
0.0599282
0.0519852
0.0417215
0.0408318
0.0416246
0.048359
0.0459459
0.0395658
0.0403127
0.0459683
0.060302
0.075294
0.0428375
0.0396505
0.036528
0.0448585
0.0584473
0.0441425
0.0451513
0.0458661
0.0611516
0.0445187
0.0459554
0.0576531
0.051349
0.042558
0.0620662
0.0595289
0.0540829
0.049354
0.043928
0.0486748
0.0579935
0.0790544
0.0393224
0.0655481
0.0516267
0.0455414
0.0634073
0.0513633
0.0566054
0.0628275
0.0447088
0.0581619
0.047915
0.0525413
0.0492376
0.0443069
0.0487052
0.042234
0.0474079
0.0412365
0.0441914
0.0626153
0.0445353
0.0503963
0.0519068
0.0526298
0.0434768
0.0348808
0.053384
0.0542814
0.0337981
0.0592318
0.0426421
0.0530937
0.0410621
0.0448271
0.0471076
0.0604758
0.0556585
0.0789167
0.0417936
0.0500363
0.046565
0.042028
0.0413556
0.0553401
0.0359383
0.0553257
0.0443993
0.0610585
0.0499861
0.0415184
0.0553364
0.0474626
0.0507347
0.0461454
0.0475717
0.0580446
0.065011
0.0631084
0.044882
0.0622219
0.0553155
0.0394626
0.0659826
0.03219
0.0364606
0.0523765
0.0472647
0.0630092
0.0515514
0.0505219
0.0475269
0.0416429
0.0535549
0.0469618
0.0607357
0.060815
0.0595075
0.056483
0.048927
0.039524
0.0501567
0.0384714
0.0436926
0.048144
0.0480594
0.0546531
0.0457203
0.056868
0.0699136
0.0604756
0.0587424
0.0299006
0.0486411
0.0562547
0.0626806
0.0622672
0.043319
0.0512586
0.0597128
0.0452427
0.0347316
0.0398611
0.0492229
0.038968
0.0456953
0.0507016
0.0380105
0.0442657
0.0409398
0.0450362
0.0509495
0.0589924
0.0537217
0.0625479
0.0646518
0.0397413
0.0569608
0.0517072
0.0430387
0.0643359
0.0372675
0.0500376
0.0477475
0.0550023
0.0592081
0.0500716
0.0454398
0.0463973
0.0486707
0.0599643
0.0529279
0.0432041
0.0461077
0.0389351
0.0524015
0.069609
0.0578442
0.0558632
0.0581064
0.0464817
0.0481429
0.0508341
0.068588
0.0462224
0.0506363
0.0522091
0.0517027
0.0574864
0.043396
0.0615649
0.0517109
0.0499181
0.0700308
0.0509344
0.0397151
0.0696107
0.0386009
0.058821
0.0591093
0.0570393
0.0588869
0.0441375
0.0531269
0.0559287
0.0586739
0.0549749
0.0551615
0.0491876
0.0590659
0.0496351
0.0505788
0.0544487
0.0524358
0.0391118
0.0461998
0.0611721
0.0607824
0.0516821
0.0415565
0.0567114
0.0516948
0.0578727
0.0753953
0.0462429
0.0560067
0.0534623
0.0468523
0.047454
0.0535934
0.0447243
0.0480538
0.0363292
0.0727975
0.0708905
0.0632679
0.0385721
0.0555714
0.0513273
0.0561063
0.0678019
0.0493273
0.043992
0.0569078
0.0470595
0.0584896
0.0576159
0.04259
0.0443244
0.0421432
0.050414
0.0503699
0.0387681
0.0418025
0.0490545
0.0448684
0.0543577
0.0554312
0.0376571
0.0494934
0.0447698
0.0483032
0.0544355
0.038772
0.0526035
0.0519582
0.0422263
0.0455151
0.0448268
0.0476614
0.0488424
0.0390891
0.0614597
0.0400829
0.0399839
0.0390901
0.0544086
0.0548291
0.0440295
0.0502896
0.0619934
0.0447368
0.0390275
0.0440572
0.0519166
0.0404588
0.0575766
0.03187
0.0485057
0.0387026
0.0401007
0.0456656
0.0436233
0.0550463
0.0547743
0.059744
0.0492171
0.0549551
0.0470677
0.0385954
0.0463888
0.050215
0.0765448
0.0640759
0.0588177
0.04076
0.0536269
0.0458454
0.0557933
0.0396459
0.0372991
0.0480497
0.0484923
0.0421285
0.0549671
0.0342387
0.0548415
0.0542849
0.0493276
0.0528363
0.041331
0.0400679
0.0542103
0.0373418
0.0444348
0.0414646
0.0388677
0.0578918
0.0354214
0.0561688
0.0498135
0.0593832
0.0473527
0.0632623
0.0523029
0.0336084
0.0437808
0.0423619
0.0641275
0.0515874
0.0523022
0.0439847
0.0428948
0.0507956
0.049946
0.0434002
0.0483974
0.0704825
0.0634591
0.0595538
0.0563996
0.0609304
0.0395489
0.065481
0.0493028
0.0720147
0.0538202
0.0540022
0.0465597
0.0539899
0.0550308
0.0679749
0.0552775
0.0687413
0.0474424
0.0583167
0.060166
0.0628726
0.059023
0.038453
0.0563056
0.0483265
0.0489938
0.0451619
0.0536465
0.0548354
0.0459079
0.0401724
0.0558105
0.0473014
0.0504509
0.0562132
0.0514934
0.0648156
0.0609156
0.0475128
0.0480429
0.0495116
0.0555304
0.0392888
0.0509869
0.0563867
0.051241
0.0460693
0.0443786
0.0496735
0.0596493
0.0658817
0.0390019
0.0546019
0.0703541
0.0548923
0.0419387
0.0461783
0.0453752
0.0491061
0.0563455
0.0535235
0.0298555
0.052049
0.0531513
0.0452976
0.0585466
0.0488377
0.0505514
0.0451611
0.0571625
0.0556506
0.0527238
0.0471349
0.0436964
0.053121
0.0511246
0.0456852
0.036008
0.048005
0.0586487
0.0523283
0.0521711
0.0412788
0.0508729
0.0353234
0.0657309
0.0422537
0.0661948
0.0511427
0.0574835
0.0380402
0.0478317
0.0480729
0.0507499
0.0497318
0.0390445
0.0604314
0.0524781
0.0653358
0.0386782
0.0660535
0.0558943
0.0501884
0.0630469
0.0529949
0.062311
0.0610464
0.0632084
0.0518487
0.0374525
0.0408406
0.0572551
0.0663417
0.0782709
0.0500267
0.0673076
0.0513305
0.0455845
0.0409332
0.0496895
0.0407861
0.0601831
0.0505899
0.0379135
0.0488886
0.0395397
0.0584035
0.045415
0.0605944
0.04459
0.0509487
0.0783008
0.0583004
0.0551538
0.0464253
0.0555506
0.0677917
0.0428868
0.0564775
0.0572007
0.0522316
0.0433607
0.0404291
0.0448708
0.0495222
0.0458452
0.0373795
0.0487236
0.0600604
0.0628536
0.0342507
0.0549277
0.0429165
0.0419348
0.052967
0.0529033
0.0665291
0.0690483
0.0356602
0.0471279
0.0460174
0.0431516
0.0427684
0.0517137
0.0670812
0.0435649
0.0353016
0.0613041
0.0397122
0.0416899
0.0628959
0.054028
0.0503184
0.0463247
0.0495432
0.0640658
0.0421983
0.0509678
0.0371577
0.0548036
0.0507087
0.0660352
0.0396039
0.043439
0.0581466
0.0428361
0.0501869
0.0576003
0.0408335
0.0498453
0.0532518
0.0395292
0.0589162
0.0566257
0.045987
0.0447281
0.0438261
0.0541794
0.0520632
0.0536165
0.0400919
0.0569174
0.0541426
0.0564078
0.0516482
0.0654359
0.0529619
0.0505669
0.047503
0.0477983
0.0629503
0.050258
0.0537827
0.0552185
0.0404461
0.0589815
0.0528716
0.0506097
0.0695585
0.0378505
0.043088
0.0416142
0.0514172
0.0416402
0.0504168
0.0562118
0.0594056
0.0510283
0.0475145
0.05306
0.043508
0.0581461
0.0427551
0.0421383
0.0370056
0.0501831
0.0366373
0.0310145
0.0404728
0.0530509
0.0590174
0.0445416
0.0643642
0.0812823
0.0399021
0.0500628
0.0473804
0.039994
0.0491504
0.05888
0.0542217
0.0626242
0.0398759
0.060232
0.0469942
0.0432206
0.0531253
0.0626531
0.0644304
0.0391942
0.056163
0.0408694
0.0514205
0.0401913
0.0432937
0.0701687
0.0505048
0.0436671
0.0689986
0.055242
0.0328391
0.0641365
0.0396199
0.0614599
0.0678163
0.0458264
0.037566
0.0467426
0.0441147
0.0461529
0.0413449
0.0486
0.0341219
0.0521613
0.0610293
0.0460649
0.0432625
0.050027
0.0456
0.0530517
0.0621915
0.0546362
0.0449238
0.063498
0.0576725
0.0586742
0.0400851
0.0529491
0.0564218
0.0511435
0.0552383
0.0574722
0.05449
0.0518972
0.0488689
0.0677834
0.0606723
0.0502068
0.0546235
0.0633801
0.0559675
0.0441706
0.0688672
0.0497387
0.071342
0.0436169
0.0510754
0.0405175
0.0439
0.0410984
0.0456722
0.048821
0.0410198
0.0562206
0.0656731
0.0420775
0.0576832
0.0364213
0.034465
0.0490505
0.0491148
0.0418074
0.0427663
0.0372363
0.0799312
0.0385582
0.0458266
0.0364829
0.0425994
0.0442995
0.0493979
0.059571
0.0546107
0.0319451
0.058093
0.0475346
0.0394071
0.0443284
0.0560513
0.0516654
0.0460038
0.0454654
0.050966
0.0419312
0.0460013
0.0539131
0.0453222
0.0369541
0.0424246
0.0502199
0.0447143
0.0480307
0.0553839
0.0548143
0.0399612
0.0552506
0.054779
0.0524586
0.0728586
0.0381203
0.0638535
0.0451393
0.0595739
0.0475837
0.0510594
0.0532648
0.0585475
0.0692448
0.0416856
0.0460108
0.047418
0.0444261
0.0603179
0.0613157
0.0678012
0.0712529
0.0632392
0.0560664
0.0671998
0.0567733
0.0488603
0.0467603
0.0893715
0.044985
0.0457239
0.0374941
0.0338834
0.0455204
0.060195
0.0685356
0.0453667
0.0426124
0.0507472
0.0513594
0.0372359
0.0547529
0.0426211
0.0442189
0.0477867
0.0706884
0.0425265
0.0402961
0.0488617
0.0526483
0.0379528
0.050137
0.0556039
0.038079
0.0417179
0.0491092
0.0409964
0.0426376
0.0618375
0.0412723
0.0444325
0.0451602
0.064731
0.0398697
0.0587887
0.0552582
0.0654595
0.041707
0.035922
0.066737
0.0525594
0.0507303
0.0563176
0.0661865
0.0558416
0.0625126
0.0523042
0.0404576
0.0519909
0.0478677
0.0574762
0.0434714
0.0546272
0.048045
0.0615234
0.0440753
0.0453176
0.0495595
0.0448925
0.0617277
0.059477
0.0488092
0.0411266
0.0797972
0.0385879
0.048063
0.0396643
0.0392602
0.0339411
0.0544236
0.039847
0.0743439
0.0490627
0.045112
0.0667649
0.0412114
0.0704366
0.044956
0.0564513
0.0543582
0.0560946
0.0616019
0.0502072
0.0368465
0.046944
0.0569655
0.0585913
0.039843
0.0496696
0.0432556
0.054115
0.0555544
0.0506321
0.0574061
0.0473785
0.0448471
0.047331
0.0526084
0.0588112
0.0644602
0.0489158
0.0415462
0.0579143
0.0396239
0.051053
0.0556084
0.0475169
0.0511532
0.0640352
0.0476765
0.0505174
0.0429435
0.048187
0.0657878
0.051741
0.0418335
0.0470682
0.0549316
0.0462175
0.0864201
0.0580681
0.0455988
0.0468105
0.077059
0.0467111
0.0509402
0.0496592
0.0475979
0.0569422
0.0443624
0.0450293
0.0435518
0.037719
0.051657
0.0597543
0.0627932
0.0554915
0.0442351
0.046712
0.0699033
0.0581845
0.0526356
0.0707865
0.0488441
0.045844
0.0391566
0.0570906
0.0641694
0.0575892
0.0443335
0.0486551
0.0411412
0.0493702
0.0606992
0.0558476
0.0494603
0.0453441
0.0442358
0.0340319
0.0515748
0.0477763
0.0380833
0.0612782
0.0628285
0.0413483
0.0601567
0.0451721
0.0461892
0.0475364
0.0460481
0.049312
0.0640684
0.0522004
0.0494821
0.055843
0.0589963
0.0655491
0.0379719
0.0339588
0.0489361
0.0533851
0.0637609
0.0743111
0.0479201
0.0655245
0.0418384
0.0451218
0.0388978
0.0439694
0.0448769
0.052602
0.0424304
0.049416
0.0525704
0.0334358
0.0471403
0.0360788
0.0470611
0.0446512
0.0541923
0.0497309
0.0465448
0.0587152
0.053784
0.0546754
0.0460584
0.055352
0.0546404
0.0574768
0.0441268
0.0550128
0.0638233
0.0525375
0.0557851
0.0546857
0.0700133
0.0533103
0.0442677
0.0605411
0.0452822
0.0521699
0.0513663
0.0523555
0.0465034
0.0622502
0.0627384
0.054226
0.0355929
0.0481342
0.0522444
0.0484687
0.0572934
0.0412343
0.0571576
0.0664368
0.0791922
0.0606386
0.0581994
0.0423438
0.0456296
0.0507166
0.0691114
0.0501348
0.0588152
0.050762
0.0578735
0.0463297
0.0682666
0.0505979
0.0519776
0.0604429
0.0501075
0.047345
0.0534243
0.057123
0.0578774
0.0512591
0.0477268
0.0563036
0.0532115
0.0316708
0.0626736
0.0556885
0.0555125
0.058547
0.0448282
0.039136
0.0577102
0.0770031
0.0619983
0.0410705
0.0456482
0.0517226
0.0606456
0.0526851
0.047523
0.0360442
0.0608608
0.0556276
0.043591
0.0558021
0.0609736
0.0467686
0.0652279
0.0558368
0.065554
0.0346266
0.0463079
0.0388457
0.0431326
0.0491925
0.0518031
0.072448
0.0472189
0.0414002
0.0878824
0.0736314
0.0608466
0.0454106
0.0632078
0.0430585
0.043276
0.0633666
0.0514551
0.0428316
0.0333998
0.0443702
0.0399905
0.0452912
0.0488796
0.0454075
0.0613175
0.049775
0.0445903
0.0540526
0.0361695
0.0723922
0.0699388
0.05838
0.077948
0.0369551
0.0448802
0.0420649
0.0496103
0.0452138
0.0566004
0.0459949
0.0407633
0.0615695
0.0599673
0.0316883
0.0629037
0.0394669
0.0484936
0.0745599
0.0589742
0.0690039
0.0506109
0.0425181
0.0416274
0.0543404
0.0735976
0.0611741
0.0482145
0.0470871
0.038126
0.0556017
0.0592847
0.0445677
0.0527394
0.0765308
0.0356968
0.0673238
0.0560985
0.0421398
0.04334
0.0502112
0.0436243
0.0394609
0.0484671
0.0693798
0.0504438
0.0464979
0.0589016
0.0403061
0.0470999
0.0546574
0.0640107
0.0544848
0.0378789
0.063299
0.0532819
0.0310012
0.0562473
0.0544156
0.0560068
0.0452627
0.052712
0.0442606
0.05255
0.0476966
0.0516343
0.0509361
0.0417464
0.0427617
0.0615936
0.0505248
0.0714937
0.050402
0.0659335
0.0466842
0.0594867
0.0444729
0.0515276
0.0404675
0.0464922
0.0382097
0.053677
0.0581894
0.0403849
0.0438121
0.0466763
0.0482131
0.0508718
0.0658767
0.0382327
0.0603175
0.0497501
0.0630033
0.0494275
0.0533613
0.0463993
0.0507031
0.0476575
0.0467488
0.0456046
0.0386611
0.0480664
0.0522568
0.0463686
0.0670821
0.0528691
0.0685501
0.0562596
0.0364265
0.0759153
0.0428675
0.0530222
0.0439274
0.0579733
0.0502654
0.0546504
0.0382948
0.0430942
0.0588121
0.0453452
0.0537947
0.0441272
0.0462702
0.0498084
0.0395254
0.0436114
0.0510642
0.0407943
0.0466551
0.057992
0.0707753
0.0521234
0.0471986
0.0454922
0.0341861
0.043264
0.0495379
0.0428454
0.0589889
0.0421516
0.0497827
0.039974
0.0366158
0.0611373
0.0633478
0.0515805
0.046212
0.0444417
0.0622143
0.0765753
0.0634796
0.0552404
0.0624568
0.0491384
0.0383794
0.0445345
0.0640311
0.054686
0.0615734
0.0477588
0.0534691
0.0503952
0.061762
0.0328542
0.0568845
0.0470579
0.0696388
0.0380736
0.0796139
0.0413408
0.0408755
0.056829
0.0475748
0.0463068
0.0549818
0.0515965
0.0462758
0.048199
0.0562761
0.0429581
0.0432672
0.0482489
0.0423605
0.0338907
0.0379739
0.0520322
0.0520637
0.0356513
0.0465717
0.0506821
0.0508223
0.0534663
0.0430229
0.0558548
0.0435379
0.0572545
0.0483125
0.0392552
0.0597696
0.0485113
0.0431971
0.0573338
0.0494737
0.0441852
0.0612685
0.0389247
0.0519949
0.0615917
0.0646126
0.0405764
0.0570174
0.0594933
0.0710533
0.0417372
0.0564176
0.0581844
0.0574061
0.0545322
0.045569
0.0411127
0.0519902
0.0393586
0.0654405
0.0667698
0.0689126
0.0507234
0.055376
0.0482706
0.0753209
0.0373461
0.0439921
0.0548013
0.051569
0.0517586
0.0562894
0.0580105
0.0715349
0.0533172
0.0607845
0.0476574
0.0331613
0.0512364
0.0645432
0.0603791
0.0400284
0.0414214
0.0508148
0.0608939
0.0606451
0.0698742
0.0392526
0.0688661
0.0506202
0.0485684
0.0322223
0.0590749
0.0443091
0.0631025
0.0343545
0.0592192
0.0531641
0.0619046
0.0482287
0.0416126
0.06504
0.0589954
0.0488755
0.0380596
0.0513196
0.0460625
0.0567296
0.0453654
0.0412098
0.0398225
0.0440047
0.0403474
0.051458
0.0353254
0.053699
0.04612
0.0537001
0.0497064
0.0475698
0.0466943
0.0401106
0.0664849
0.0816508
0.0544073
0.0685741
0.0641107
0.0525025
0.050473
0.0665741
0.0679741
0.0685147
0.0553589
0.0568549
0.0522135
0.0399783
0.0565233
0.0669533
0.0554421
0.0425765
0.0495022
0.0451097
0.0389819
0.0492432
0.0448317
0.051943
0.0517816
0.0508847
0.068772
0.0552382
0.0557954
0.0427305
0.0450606
0.0629763
0.0473845
0.0571678
0.0484169
0.0388386
0.0368233
0.0468483
0.0498126
0.0411357
0.0573691
0.0670675
0.0294761
0.0419204
0.0557639
0.0491634
0.0490954
0.0384563
0.0503941
0.0502868
0.0503578
0.0604023
0.0547462
0.0613832
0.049258
0.0483536
0.0543862
0.0733112
0.0528918
0.0702699
0.055162
0.0541863
0.0454826
0.0458353
0.0512179
0.0324592
0.0706075
0.0475563
0.0715287
0.0481839
0.0488488
0.0407054
0.0650553
0.0401241
0.0465876
0.0447602
0.0534083
0.0337287
0.0504752
0.0673864
0.0583916
0.0533812
0.0576487
0.0477597
0.0441868
0.0503727
0.0445995
0.0477002
0.0700627
0.0602303
0.0523387
0.0472568
0.042134
0.0630214
0.0382225
0.050669
0.0646438
0.0540896
0.0439755
0.0639212
0.0407051
0.0478159
0.0512123
0.0378071
0.0435213
0.0317138
0.0466372
0.0434568
0.0620003
0.042969
0.0753692
0.0457033
0.0440931
0.0436407
0.0526086
0.0507193
0.0577824
0.0412638
0.0401374
0.0484935
0.0557969
0.0439504
0.0509603
0.0478004
0.0541332
0.0372234
0.0433007
0.0564794
0.0434801
0.0548469
0.0543081
0.0474451
0.0601728
0.0437967
0.0577594
0.0612373
0.0403727
0.0492642
0.0470238
0.0541305
0.0416041
777777