3.0745
999999
0.330486
0.0781351
0.00766936
-0.0277533
0.0696454
-0.0269646
0.0958481
-0.173795
-0.141707
-0.0440915
0.0951398
0.308483
0.139897
0.0584426
-0.0537562
0.0902486
-0.0984814
0.101673
0.0728203
-0.0225686
0.285289
-0.0173734
-0.065534
-0.208242
-0.172914
-0.139315
-0.0256185
-0.13591
-0.177699
-0.169322
-0.04252
-0.119867
0.050969
0.241495
-0.187696
-0.0736384
0.153553
-0.0548908
-0.171479
-0.209189
-0.116541
0.191267
-0.160324
-0.0211259
-0.239352
0.0819063
0.214
0.236625
0.152904
-0.159352
0.140605
0.289188
-0.198777
-0.031767
0.0337325
-0.078493
-0.0793685
-0.109859
0.162775
-0.183516
0.319845
-0.402558
-0.251447
-0.108956
-0.0600485
0.0934703
0.226612
0.0161464
0.013593
0.0762174
-0.210344
-0.0118868
-0.0537836
0.0786684
0.127212
-0.138354
0.181212
-0.109345
-0.385623
0.276553
-0.210629
-0.00672474
-0.186615
0.304159
-0.251296
-0.07581
-0.218717
-0.212408
0.116239
0.150423
0.0891084
0.239347
-0.175779
-0.0316264
-0.0858142
-0.135186
0.231386
-0.293842
0.139082
-0.00218372
0.0107826
0.0658392
-0.0983203
-0.067095
0.250783
0.0501576
0.106324
0.102436
0.0189567
-0.165173
0.316397
0.0684315
0.191348
0.0611566
-0.0380899
0.0123226
0.071554
0.0919608
0.0118825
0.0273219
-0.308855
-0.108324
-0.270019
0.0777197
0.13604
0.113264
0.0173396
-0.0528728
-0.209995
-0.198571
-0.235373
0.123877
0.114207
0.0834405
-0.186676
0.0214754
0.122817
-0.136995
-0.00675036
0.0541795
-0.0396892
-0.206056
0.0589034
-0.104154
0.360239
-0.00574934
0.19653
0.467112
0.413799
-0.0867404
-0.213991
-0.164187
0.12912
0.013071
0.189071
0.252508
0.157495
-0.0416144
0.0772042
-0.13141
0.15716
0.00330831
0.204401
0.165346
-0.215398
-0.170442
-0.282262
0.119742
0.103245
-0.0274386
0.0369131
-0.00736246
-0.173776
-0.0893178
-0.33067
-0.017199
-0.0875191
-0.154456
-0.0362349
0.131219
0.111921
-0.282173
0.24117
0.0869261
0.235596
0.113907
-0.0139666
0.00899426
-0.0652376
-0.0158301
-0.0515241
-0.128393
0.0207024
0.0742883
0.0368859
0.437894
0.0244728
-0.0544097
-0.194533
-0.27833
-0.135575
0.045924
0.0235613
0.0587448
0.175002
-0.0155705
-0.133214
-0.178517
-0.0205338
0.194682
0.00715681
0.0898258
0.26224
0.00743606
-0.180499
0.0127223
0.0701047
0.0169454
0.232038
0.0211048
0.0619194
0.234964
-0.295502
0.190592
-0.0435434
-0.00735166
-0.236761
0.0102715
0.0257427
0.00772678
-0.0748846
-0.227039
0.130742
0.0802642
-0.0665383
-0.144607
-0.0653236
0.173257
0.0710214
-0.134297
0.0643804
-0.147977
0.36881
0.0130287
-0.0527499
-0.147131
0.00139262
0.132159
0.0802956
0.12481
-0.0773881
-0.0941552
-0.102186
-0.0282639
-0.0168731
-0.286209
0.105281
0.0220395
-0.0722581
0.00741866
-0.0706039
-0.110967
0.254609
0.129987
0.143302
0.261646
-0.112928
-0.0525395
-0.04921
0.0710313
0.034308
-0.0814157
0.0371846
0.0572143
-0.0409187
-0.188706
-0.129347
0.0506963
-0.189977
-0.0745857
-0.219823
0.244884
0.0632633
-0.133293
0.00472314
-0.0258641
-0.045755
0.0846787
-0.189712
-0.126149
0.0266257
-0.13661
-0.128676
0.0876415
0.21089
0.0892002
0.20096
0.180937
0.16768
0.14619
0.0306024
-0.0995373
0.255454
-0.204446
-0.141854
0.0398369
0.0407594
-0.0723998
0.342108
0.147774
-0.103871
-0.0388761
-0.0768438
0.106381
0.0219027
0.161656
-0.0398421
-0.136251
-0.0421266
-0.0094561
0.0209304
-0.157764
0.106251
0.146095
0.189891
-0.14033
0.171743
0.075871
-0.143404
0.111385
-0.286842
0.132793
0.118525
-0.0974039
-0.0232433
-0.0168874
0.0559864
0.00576679
0.098788
-0.0180473
-0.190099
-0.108795
0.156772
-0.0571564
-0.0681973
0.121988
-0.200888
0.16041
-0.0977458
-0.163493
-0.169142
0.0074791
0.082762
-0.0746054
0.00690557
-0.105675
0.187767
-0.104404
0.087633
0.188748
-0.207293
0.153466
0.164006
-0.0271271
0.000982757
0.0305838
-0.242039
0.152939
0.155543
-0.0747832
0.157033
-0.0132277
0.106355
0.0944307
0.0672182
-0.163307
-0.0660243
0.307442
-0.11817
0.1346
-0.149894
-0.226439
0.102458
0.334227
0.097466
0.0437112
-0.167388
-0.0391877
0.127404
-0.020513
0.16984
0.123923
-0.0743322
0.252601
-0.14477
0.0893593
-0.197432
-0.163305
0.137829
-0.115273
0.12045
-0.11532
-0.0931837
-0.124902
0.138618
0.28912
0.184118
0.0123524
-0.139645
0.0567062
-0.0964401
-0.221935
-0.158328
0.0301698
-0.0672046
-0.345272
0.0945135
0.310039
-0.0103083
0.0522267
-0.0419886
0.218245
0.317536
0.170204
0.372709
0.177681
0.0850434
-0.0916557
-0.224954
0.300902
-0.196376
-0.0490859
0.154762
0.0923447
0.143111
-0.350433
0.0240355
-0.167307
0.118158
-0.0130841
0.191253
0.137143
-0.0867605
-0.256488
0.315742
0.117695
-0.0251567
0.179507
0.0700935
0.128895
0.0701442
-0.0687522
-0.0883508
-0.0037889
-0.0128393
-0.0791952
0.262066
-0.198083
0.0017022
0.1329
-0.136398
-0.00768782
-0.142779
0.118192
0.0491311
-1.79236e-05
-0.0102909
0.373659
-0.0264229
-0.285154
0.214681
-0.227853
-0.214154
0.0356509
0.185417
-0.0955186
0.291339
0.242963
-0.120713
0.0790074
-0.0599534
-0.0369862
0.209869
-0.182991
0.102688
-0.00244344
0.028909
0.0437552
0.131825
0.127118
-0.00140234
0.0597526
0.105964
-0.252307
-0.112291
-0.200531
-0.087966
0.115936
0.176903
0.21145
-0.190274
-0.233021
-0.0962601
0.271812
-0.132126
-0.107867
0.0870746
-0.203771
-0.225761
-0.153981
0.332289
-0.156959
-0.0491321
0.341529
-0.218514
-0.0915722
0.0108132
-0.047615
0.252771
-0.142491
-0.21313
0.33767
-0.155455
0.12094
0.207047
0.0259014
0.220157
0.00436422
0.155778
-0.14399
-0.108972
-0.0384754
0.242347
-0.0602705
-0.00295192
-0.0255203
-0.106312
0.0271502
0.0407597
0.185321
-0.0781817
0.213455
0.158743
0.0957779
0.299929
-0.0860047
-0.197891
-0.268259
-0.00232485
-0.0183201
-0.0468067
-0.0836593
-0.0421083
-0.277397
0.0698317
0.0240513
0.128239
-0.11994
0.0386051
-0.284238
-0.0816708
0.127639
0.296839
-0.054282
0.24618
0.104404
0.086102
0.126958
0.0361639
0.113781
-0.223926
0.0654303
0.157411
-0.141116
0.0557911
-0.121545
-0.171273
0.136316
-0.0426801
0.0481991
0.117005
0.0984503
-0.291609
-0.142775
0.0728392
-0.0443695
-0.0324904
-0.0444351
0.10185
-0.0086857
0.246471
-0.0138441
-0.0189492
0.0817906
-0.051878
0.0924796
-0.0236191
0.186976
0.0770135
-0.0897588
0.166362
0.164478
0.0215926
-0.0947243
-0.246439
-0.310851
-0.115351
-0.0260532
-0.0294755
-0.0977244
0.0255438
0.0890041
0.0668361
0.0188859
-0.23578
-0.176244
-0.118622
-0.0958606
-0.0751345
0.186597
-0.347055
-0.0374182
-0.0863293
0.132924
-0.385086
0.0718399
0.00160648
-0.0398359
-0.125764
0.118314
-0.0611254
0.0231677
0.135035
-0.179395
0.425816
-0.0627299
-0.277902
-0.167513
-0.199458
-0.0380644
0.127843
-0.0730109
0.0817735
-0.230373
-0.147446
0.269365
0.0269232
0.00476098
-0.100828
-0.385363
-0.219502
0.103678
0.324933
0.108577
-0.175422
-0.109496
0.0389883
0.0518718
0.154625
0.0159303
-0.0680975
0.21626
-0.312137
0.0882029
0.0996075
-0.047561
0.133362
0.324908
0.355913
-0.326424
-0.127366
-0.0687523
-0.0566712
-0.18659
-0.136537
0.0867996
0.432937
-0.0457793
-0.22973
0.0232458
-0.263199
0.258231
0.174468
0.117817
-0.0364326
-0.290867
-0.175681
-0.378448
0.0939615
-0.305138
0.115294
-0.161912
-0.138279
-0.0269098
0.157075
-0.158075
0.19501
-0.0905696
0.171878
0.127173
-0.23023
-0.131472
0.0991303
-0.145705
0.0920422
-0.0268974
-0.202393
-0.0232753
-0.223184
0.0470186
0.0419046
-0.112355
0.080653
-0.00627918
-0.109799
0.0341707
0.187626
-0.165957
-0.144801
-0.0713919
-0.0101563
-0.0601598
0.0582402
0.104294
0.121299
0.0480566
-0.181071
-0.0674504
-0.216912
0.0589477
-0.226366
0.0922682
-0.0857209
-0.152556
-0.0129045
0.0449582
-0.16458
-0.165353
-0.102754
-0.175863
-0.158539
-0.0273792
0.173009
-0.0203909
0.0973355
-0.0304702
0.0394223
-0.0223442
-0.29733
-0.289449
0.112052
0.00915727
-0.182469
0.0126873
0.117854
0.0383171
-0.0820083
0.171156
-0.0388583
-0.190741
-0.14765
-0.0587183
-0.0583396
0.224283
-0.158975
0.288781
0.0697004
-0.0423631
0.0746503
-0.0141493
0.102432
-0.0426966
-0.0943716
0.31458
0.126081
0.141455
0.257079
0.0769497
0.193698
0.17769
0.0755444
-0.261948
0.0271371
0.47866
0.00892321
0.131753
-0.139729
-0.0507699
-0.109128
-0.0989523
-0.0273192
0.278915
-0.243632
-0.00680927
0.124534
-0.102012
-0.193804
-0.129424
-0.182832
0.0294916
-0.0688008
-0.142477
-0.0847811
-0.0868405
-0.254529
0.177674
-0.055073
0.000103864
-0.324936
0.187032
0.0410908
0.0832469
-0.118089
-0.0826217
-0.0843334
0.0182446
0.00196476
-0.145022
0.056525
-0.19216
-0.12745
-0.0057894
0.0801121
0.218297
0.185954
-0.10561
-0.203897
0.1296
0.0566698
-0.147704
-0.202256
-0.0482939
0.00722469
0.252733
0.232669
-0.155627
-0.0042021
0.131467
0.0632003
0.0593084
0.0720091
-0.0983653
-0.172228
0.00771822
0.251254
0.00612777
-0.170485
0.114579
0.237643
0.070366
-0.124709
-0.163556
0.00644968
0.102724
0.111216
-0.062929
-0.140188
-0.114766
-0.122345
0.0222324
0.0469778
-0.0557137
-0.293117
0.0774836
-0.165121
0.228398
-0.0394391
-0.141472
0.17277
0.0360648
-0.0645016
0.225171
-0.0371827
0.13461
-0.0391843
-0.0805528
-0.0677952
-0.174903
0.141174
-0.0870261
-0.136606
-0.0230542
-0.0520593
0.0477931
0.297357
0.108909
-0.0108114
0.0218946
-0.178484
0.241285
-0.0411995
0.199017
0.158957
0.0447771
-0.169511
0.105782
0.1039
0.113507
0.0880027
0.102273
0.0345819
0.122959
-0.135034
0.0636246
-0.175171
0.0786336
-0.141824
-0.0745219
0.250413
-0.198549
-0.223729
0.0988232
0.309302
0.0714558
0.101737
-0.0939321
0.0431346
0.048466
0.0838975
-0.0138016
0.0704344
-0.222027
0.206013
-0.00960954
-0.182706
-0.0383648
-0.234396
0.0220169
0.0280512
-0.33807
-0.121905
-0.13607
-0.0710582
-0.0365351
0.0355783
-0.383976
0.0327256
0.0776558
0.176867
-0.0539642
0.392686
0.0997468
-0.11473
0.0403305
-0.050092
0.207652
0.229956
-0.0531443
0.00354775
0.168121
0.105615
-0.0332406
0.0155185
-0.0997449
0.0442911
-0.150555
-0.0621222
-0.130307
-0.123808
-0.036236
0.0870316
0.266005
-0.0339018
0.0885658
0.0374606
0.21303
-0.0417701
0.196095
-0.145084
0.0752901
-0.014505
0.265051
-0.166149
-0.224043
-0.0920984
-0.0214358
0.10695
-0.0803714
0.195455
0.0320411
0.150992
0.0450764
0.231731
0.0791529
0.0437443
0.131721
-0.0457653
-0.203434
0.0920467
-0.173797
-0.152178
-0.0370644
-0.16255
-0.128844
-0.0816681
0.0490237
0.262597
0.0753475
0.228703
-0.124665
0.203073
0.196194
-0.301666
0.111344
-0.0760844
-0.138751
-0.262391
-0.0273825
-0.0499743
0.158703
0.0168308
0.295299
-0.0443044
-0.0552766
0.126346
-0.254696
-0.0848608
0.153367
-0.192519
0.0376699
-0.00283597
-0.161008
-0.23353
-0.0612282
-0.247136
-0.0270144
-0.0192653
-0.0591015
0.24224
-0.177546
0.291382
-0.0130531
0.0299079
0.164132
0.130362
0.0221855
0.091341
-0.226026
0.0792866
-0.131672
-0.164521
-0.163595
-0.184462
-0.10407
0.0172129
0.110108
0.20792
0.190459
-0.0772565
-0.024167
0.0834022
-0.0110855
-0.282408
-0.0695891
0.0241889
0.0516452
0.27583
-0.100777
-0.090256
0.0324762
0.204946
-0.00870171
-0.159381
-0.203157
-0.061542
0.0809051
-0.233675
0.186205
-0.0634998
0.0560876
0.0809549
0.165574
-0.0193222
0.139173
-0.0590381
0.0902467
-0.0575186
-0.0287181
0.00731566
-0.0717428
0.199441
0.377481
0.317702
-0.200255
-0.159735
0.15406
-0.00736005
0.00752243
-0.0383362
-0.0527668
-0.112317
0.367031
-0.0642892
-0.320994
-0.0682288
0.02161
-0.0868958
-0.206202
0.253775
-0.205439
-0.0382752
0.0290378
0.126276
-0.0629872
-0.102856
-0.144325
-0.0161974
-0.274175
0.208501
0.115272
0.140237
-0.0330535
-0.148358
-0.166101
0.135416
-0.154246
-0.313097
-0.102759
0.0829201
-0.0417011
0.174001
-0.0307627
-0.141017
0.0639704
-0.152906
0.101949
-0.0244301
-0.0440194
0.367947
-0.252378
-0.163417
-0.142021
0.0917654
0.00676022
-0.0073447
0.0123166
0.318297
0.111259
0.0859017
0.144249
0.101871
-0.0470523
0.0236595
-0.062271
0.0493563
-0.105037
-0.0979856
-0.00493564
-0.169661
-0.114611
0.0115448
-0.0816961
0.00652592
-0.0343733
-0.0149925
-0.00053615
-0.306805
-0.146067
0.015882
0.0615385
-0.0434199
0.256391
0.118286
0.0393371
0.0698056
-0.0596845
-0.215446
0.174186
0.104284
0.133415
0.0278028
0.279964
0.104996
0.137074
0.101312
0.256146
-0.33063
0.275222
-0.0903443
0.0815722
0.0586191
-0.0278281
0.187223
0.069382
-0.0365244
0.0849558
-0.202806
0.072547
0.0923247
-0.0374273
-0.197589
0.314801
0.107176
-0.21952
-0.181252
0.00301307
0.0995972
0.160666
0.0572947
0.307918
0.189863
-0.174923
-0.206203
0.0969504
0.312503
-0.14742
0.0228663
-0.146158
0.21345
0.0158218
-0.00302977
0.275529
0.188321
-0.102609
0.0342476
-0.146501
0.0264046
0.436974
0.0404273
-0.0932754
0.291087
0.0866587
0.226566
0.359985
-0.118486
-0.0188155
-0.124797
0.159871
-0.0349229
-0.175429
-0.0589567
0.0211281
0.0794096
-0.203102
-0.120453
-0.0119032
0.0210685
0.048466
0.13704
0.00863104
0.0567072
0.0262113
-0.289742
0.0488738
0.0301733
0.00634897
-0.0574978
0.0301451
-0.0632364
0.114886
0.142654
0.0621404
0.0377855
0.232788
-0.0804036
-0.24671
0.151751
0.00578645
-0.066402
0.0119684
0.190966
0.0733663
-0.0474243
-0.137001
-0.170702
-0.0980242
0.246186
0.116631
0.21941
-0.000709293
-0.084663
-0.180256
0.00811053
-0.235121
-0.140527
0.022009
0.23678
0.0324655
-0.0510553
-0.108444
-0.126231
-0.030142
-0.178936
0.546068
0.0302896
0.0366509
-0.234041
0.00846754
-0.00227697
-0.289961
0.000999625
0.191202
0.0277156
-0.125707
0.105111
0.010454
-0.0478332
0.141698
-0.128759
-0.0720175
0.198121
0.134383
0.011981
0.140972
-0.080227
-0.114563
0.100761
-0.16907
-0.342384
-0.149415
-0.333181
0.1534
0.0651115
-0.0413212
-0.0570777
-0.0121479
-0.222094
0.0829761
-0.119338
0.000973611
-0.146354
0.0440808
-0.130375
0.0677321
0.150837
-0.0627555
0.137873
-0.175769
-0.169896
-0.0408234
0.109194
0.0250148
0.137367
-0.0782977
0.107041
0.0210447
-0.198269
-0.0817452
-0.0284626
0.234266
-0.0355348
-0.0291651
-0.00378833
-0.134609
-0.0153526
-0.135566
0.0281793
-0.111709
0.277513
-0.14992
-0.167294
0.102908
-0.0999219
-0.175624
-0.0983468
0.290312
-0.274593
-0.0728791
0.10855
-0.107209
-0.0426607
0.138549
-0.155562
0.182758
-0.242815
0.1255
0.199662
0.0961207
-0.456078
-0.0356137
0.0733104
0.0837427
0.451175
-0.0643037
0.182682
-0.110927
0.0650151
0.0972273
-0.206546
0.0298865
0.187344
0.151518
0.0381245
0.082507
-0.00574186
-0.0949646
0.161308
-0.0618658
-0.052216
-0.0590301
0.0733928
0.239307
-0.00627817
-0.0540468
0.151573
0.0924987
-0.00461634
0.0555138
0.13309
-0.218511
-0.159086
-0.155792
0.323146
-0.000655267
0.040411
0.0783732
-0.150764
0.0952726
0.19704
-0.0553826
0.0687093
0.18371
-0.0022686
0.101511
-0.0742316
-0.264973
-0.00725884
-0.141254
-0.059201
-0.232798
-0.0105845
0.0771133
0.17774
-0.135517
-0.235979
0.0694149
-0.0420545
0.0262357
0.162722
0.0857408
-0.126561
0.170883
-0.0554966
-0.0286035
-0.122136
0.183444
-0.108808
-0.0371092
-0.131095
0.0971996
-0.194144
0.119612
-0.0739945
-0.066536
-0.271553
0.119893
0.12543
0.034724
-0.0151549
-0.22283
0.0285118
-0.0910418
0.207263
0.0443722
0.127748
-0.152405
-0.0348799
0.414208
0.357097
0.246029
0.106831
-0.0137646
0.370971
0.011924
0.114925
-0.0694293
0.058312
-0.0311408
0.249655
0.120617
-0.281138
0.0619143
0.032395
-0.0642137
-0.133412
-0.0831589
0.00447412
-0.0596848
0.156596
0.0569443
0.0603948
0.207074
0.106633
-0.000810466
0.100113
-0.0442742
-0.112827
-0.137283
-0.0976826
-0.211823
0.0729663
-0.220157
-0.0271189
-0.166316
0.139218
0.0424697
-0.297696
0.0546837
0.0885368
-0.111419
-0.0715494
0.0603924
0.167531
0.044866
0.0603093
0.0589433
-0.301854
0.0872
0.0354865
-0.0532087
0.136375
0.0126042
-0.000791648
-0.00195688
-0.097789
-0.333244
0.220011
-0.146531
0.114287
-0.0816449
0.0126159
0.0628981
0.200601
0.069563
-0.135133
0.0961323
-0.0252919
-0.0852699
0.00803767
-0.0466234
-0.297001
0.157868
-0.274508
0.228923
-0.176948
-0.143321
0.12202
-0.133564
0.278856
-0.0781452
-0.210725
0.159567
-0.323525
0.115208
0.331639
0.0594672
-0.0382452
-0.27868
-0.223345
-0.171563
0.0720649
0.0839189
-0.159658
0.0324953
-0.222617
0.037952
0.0897942
0.103401
0.212844
0.122266
0.196206
0.108528
0.000364582
-0.0531901
0.350465
0.312539
0.0476669
0.205325
0.0538998
-0.0976773
0.208326
-0.063066
-0.14607
0.0250508
0.291014
-0.00511125
-0.0900074
0.132778
0.174604
0.156038
0.0932898
-0.201158
-0.102938
0.0514122
-0.0129176
-0.0677262
0.103929
0.142298
-0.0911188
-0.241414
-0.00349871
0.071981
0.0878093
-0.077949
-0.288914
-0.164178
-0.0875197
0.0644952
-0.0193636
-0.159487
0.386304
0.11131
-0.0560721
-0.279448
0.0584372
-0.0418144
0.340204
0.00830464
-0.226206
-0.229889
0.292804
-0.297514
0.00298487
0.267891
0.155366
-0.266073
-0.142422
-0.0210999
0.121188
-0.0657474
-0.105514
-0.0564991
-0.0464319
0.0539358
0.0537482
-0.294202
0.0467791
-0.236812
0.122335
-0.374354
-0.284838
0.177972
0.0707215
0.24132
-0.0751169
-0.313521
-0.21423
0.00740448
0.143992
0.152839
0.185837
-0.137426
0.000821444
0.0484624
-0.0380982
0.0180406
0.0686423
0.129667
-0.0142766
-0.0965263
-0.269444
-0.0224887
-0.172609
0.155385
0.135881
0.116449
-0.0255904
0.105612
-0.0338004
0.114704
-0.293228
0.158291
-0.182963
-0.0193179
0.0677103
0.260586
0.117093
0.159842
0.317525
-0.133385
-0.000587122
-0.173944
-0.134808
-0.162504
0.0254461
-0.087032
-0.0512063
-0.184771
0.126608
-0.296794
-0.0108157
-0.133052
-0.0162623
-0.0406386
-0.146104
0.134327
-0.0753918
-0.298287
-0.0888372
0.149947
888888
0.0455061
0.0537658
0.0588865
0.044645
0.067644
0.0523111
0.0491611
0.048263
0.0574166
0.0416989
0.0821531
0.0428835
0.0517221
0.0640873
0.0349388
0.0361404
0.046608
0.0440672
0.0604777
0.0430407
0.0685394
0.0450893
0.0437145
0.0421736
0.0326541
0.0631036
0.0615526
0.0836666
0.0385432
0.040166
0.0612013
0.0452481
0.031985
0.0699394
0.0457117
0.0388662
0.0380405
0.0635161
0.0570214
0.0665889
0.0503649
0.0493529
0.047082
0.0293931
0.0378588
0.0529142
0.0598618
0.0398639
0.0478539
0.0566968
0.078588
0.0339495
0.0363817
0.0491937
0.0376882
0.0412334
0.0505885
0.0649535
0.0590734
0.0525361
0.068839
0.055455
0.0542408
0.0548426
0.0488224
0.0415212
0.0394603
0.0590831
0.0757943
0.0481637
0.0623442
0.0634774
0.0496205
0.048356
0.0468224
0.0501501
0.053359
0.0471757
0.0427651
0.0475326
0.0421671
0.0629134
0.0612733
0.0538534
0.0606014
0.0293117
0.0631656
0.0382558
0.0343359
0.0350772
0.0507675
0.0398202
0.0464462
0.0615638
0.0729021
0.0466263
0.0497806
0.0546699
0.038924
0.0428248
0.0451968
0.0488865
0.0505224
0.0427115
0.0481827
0.0449273
0.04249
0.0396556
0.041336
0.0506
0.0501051
0.048891
0.0545087
0.0283419
0.0934609
0.0523955
0.0361232
0.0911143
0.0530046
0.0668892
0.0521036
0.0580955
0.0553313
0.0569154
0.0415532
0.0545818
0.0358346
0.0633518
0.0376322
0.0543085
0.047214
0.0612366
0.0796165
0.0538754
0.0590231
0.0585807
0.0435113
0.0319677
0.045963
0.0449555
0.0504925
0.0487464
0.0577071
0.0535763
0.0403909
0.0483629
0.0472594
0.0835959
0.0978353
0.0636881
0.0557541
0.0648228
0.0414427
0.0295919
0.0426083
0.044547
0.0632283
0.0452807
0.0308495
0.0398457
0.0340146
0.0502222
0.0595047
0.060456
0.0494544
0.0554657
0.0583495
0.036264
0.0711478
0.0420774
0.0439803
0.0391705
0.0367863
0.0534369
0.0351934
0.0491779
0.0631229
0.0547413
0.0664259
0.0283181
0.0444926
0.0760211
0.0632903
0.0840168
0.0490172
0.0423944
0.0389995
0.0453265
0.0412436
0.0435796
0.0411178
0.0525228
0.0355991
0.0421163
0.0339452
0.0506753
0.0652785
0.0394582
0.0404922
0.073284
0.0430855
0.0398827
0.0718974
0.066454
0.0676292
0.0647126
0.0750517
0.045396
0.0609975
0.0550459
0.0529961
0.0492703
0.0571839
0.0583055
0.0611512
0.0629273
0.0369036
0.0467938
0.0378343
0.0533537
0.0446707
0.0350633
0.0397822
0.0466064
0.0664621
0.0672026
0.0468954
0.0313209
0.0346851
0.0404547
0.0486651
0.0473268
0.0507588
0.0478145
0.0653807
0.0459382
0.0383898
0.0501051
0.0593976
0.044167
0.0609727
0.0594419
0.0573038
0.047647
0.0439991
0.047481
0.0581404
0.070446
0.0380188
0.0560315
0.0573414
0.0405931
0.0631509
0.0477133
0.0503963
0.0641002
0.0528242
0.0618206
0.044102
0.0393303
0.0545235
0.0539311
0.047825
0.0487156
0.059787
0.0429212
0.0343369
0.0648618
0.0410968
0.0495278
0.0617243
0.047055
0.0492426
0.0415092
0.0534619
0.0514674
0.0359603
0.0568829
0.0459269
0.0614513
0.0415053
0.043635
0.0514723
0.0633815
0.0596915
0.0806273
0.0386637
0.052181
0.0356112
0.0392707
0.0373251
0.0612843
0.0321968
0.056896
0.0483179
0.0543073
0.058122
0.0463907
0.0545393
0.0518521
0.0539226
0.0497399
0.0484418
0.0626314
0.0662644
0.0667855
0.0507809
0.0565007
0.0574554
0.0336017
0.075448
0.028552
0.045953
0.0488356
0.0387518
0.0669421
0.0509038
0.0437491
0.0652292
0.0387614
0.0464136
0.0506968
0.0567552
0.0539895
0.0599087
0.0622621
0.0564455
0.040337
0.0488056
0.0388845
0.0450117
0.0472109
0.0483039
0.0560309
0.0503627
0.0643299
0.0709642
0.0454193
0.0524722
0.0294687
0.046954
0.0569204
0.0633618
0.0614588
0.0430143
0.0504591
0.0494466
0.0399982
0.0273418
0.0389082
0.0634397
0.0375672
0.0401278
0.0465245
0.0451463
0.046325
0.0379614
0.0605619
0.0465539
0.0598876
0.0401729
0.0739428
0.0622071
0.0444638
0.0570605
0.0631035
0.041815
0.0688468
0.0297984
0.0423336
0.0492968
0.0514346
0.053726
0.0427496
0.0440546
0.0481082
0.0456018
0.0730181
0.049042
0.0352658
0.0476208
0.0407139
0.056097
0.0608664
0.0632352
0.0582488
0.0625554
0.0459324
0.0433017
0.0428754
0.0729094
0.0384887
0.0490332
0.0625566
0.0452369
0.0667317
0.0448929
0.0594674
0.0516235
0.0461639
0.0721662
0.0462261
0.0425901
0.0829385
0.0368162
0.0544928
0.0566859
0.0583633
0.0466738
0.0520169
0.0460641
0.0510633
0.0517117
0.0622397
0.059028
0.0543
0.0638282
0.0506857
0.0570245
0.0685109
0.049623
0.0401323
0.0490735
0.061841
0.0532383
0.0496266
0.0407431
0.0526882
0.0421593
0.0611444
0.0592565
0.0516146
0.0572391
0.0563401
0.0486934
0.0413129
0.0549109
0.0491183
0.051505
0.0394389
0.0791875
0.0696614
0.05735
0.0331796
0.0569766
0.0585914
0.0453811
0.0637075
0.0522192
0.0476389
0.0563862
0.0482651
0.0552585
0.0766033
0.0397216
0.0464155
0.0491532
0.051496
0.0491621
0.0422204
0.0474876
0.0489192
0.049913
0.0528964
0.0477297
0.0359895
0.0528365
0.0420914
0.0472695
0.0560761
0.0414617
0.0532536
0.0451845
0.0441355
0.0465643
0.0419296
0.0588239
0.0588433
0.0355705
0.0629456
0.0417882
0.0347031
0.0404274
0.0487299
0.0468911
0.0437119
0.0438706
0.0584938
0.0462856
0.0428714
0.0392564
0.0485232
0.0423897
0.0571429
0.0309231
0.0525077
0.0435888
0.0337625
0.0511722
0.0426683
0.0499359
0.0639483
0.0545126
0.0510492
0.0551882
0.043746
0.0444868
0.0521616
0.0538489
0.0768956
0.0689987
0.0642088
0.0420875
0.0465764
0.0520275
0.0720078
0.0412949
0.0353494
0.0520968
0.0512854
0.0455775
0.0617622
0.0360568
0.0416996
0.0547419
0.0497194
0.056018
0.0492244
0.0396427
0.0611277
0.0363778
0.0454818
0.0442183
0.0323633
0.0573785
0.0299694
0.0562261
0.0491616
0.0636325
0.0511339
0.062016
0.0499902
0.0295985
0.0437699
0.0410626
0.0781829
0.0485985
0.0619331
0.052844
0.0370633
0.0549388
0.0454656
0.0484487
0.0416675
0.0778262
0.0557123
0.058188
0.0606925
0.0574025
0.0401863
0.0781021
0.0483129
0.0752094
0.0549271
0.0566887
0.0477634
0.0546953
0.0521609
0.0579118
0.0444831
0.0671014
0.0444799
0.0560045
0.0630348
0.0730964
0.0521753
0.0372845
0.0610731
0.0385583
0.0487638
0.0464266
0.0551875
0.0503888
0.0547171
0.0422338
0.0539127
0.0483798
0.0596078
0.0585035
0.0379777
0.077694
0.056426
0.0473356
0.0492794
0.0498066
0.0595627
0.0394738
0.0588028
0.0546331
0.0601434
0.0412298
0.0539175
0.0496636
0.0585966
0.0716023
0.0432908
0.0570021
0.0732721
0.0500609
0.0418082
0.0383871
0.0390988
0.0541105
0.0532797
0.0448375
0.0298828
0.0533735
0.0612834
0.044969
0.0578319
0.0473532
0.0504515
0.0393465
0.0659956
0.0656293
0.0517316
0.0520807
0.046019
0.0535779
0.042741
0.0368943
0.0315715
0.0454788
0.06595
0.0476669
0.0491365
0.0355543
0.0482468
0.0328261
0.0562864
0.0404394
0.0608038
0.0525998
0.0562993
0.0392492
0.0508167
0.0411319
0.0476541
0.0474901
0.0429853
0.0553744
0.0673624
0.0492029
0.0366723
0.057228
0.0537464
0.0510427
0.0700146
0.053974
0.0647915
0.076615
0.0666244
0.0438422
0.0359861
0.0392633
0.0523529
0.0780256
0.0756359
0.0417578
0.0755753
0.0554485
0.045642
0.0466557
0.0507825
0.032295
0.0616885
0.0578798
0.0460522
0.0530024
0.0382246
0.0682611
0.0413286
0.0576452
0.0410212
0.0521868
0.0770857
0.0561874
0.0634187
0.038352
0.0620522
0.0641154
0.0508858
0.0624618
0.0606021
0.0532083
0.0443582
0.0531341
0.0404479
0.0521478
0.0408551
0.0388291
0.0486522
0.0615104
0.0685325
0.0424433
0.0695761
0.0424331
0.0384352
0.0566609
0.0545575
0.0607288
0.0864722
0.0336959
0.0483387
0.0451585
0.0460422
0.0394665
0.0545835
0.0544314
0.0445044
0.0344048
0.0582683
0.0421046
0.0427369
0.0525477
0.0598764
0.0457126
0.0537733
0.0615799
0.055545
0.0430346
0.0592744
0.0419266
0.0567468
0.0588075
0.0816993
0.0489149
0.0434161
0.055543
0.0358683
0.0564257
0.0510844
0.048752
0.0464047
0.0559763
0.0339725
0.0575908
0.0545395
0.0482762
0.0389377
0.0543531
0.051148
0.0553374
0.0551419
0.044075
0.0571773
0.049866
0.0555968
0.0649587
0.0635761
0.045762
0.0478841
0.0449749
0.0390662
0.0616774
0.051963
0.0546515
0.0459999
0.0349813
0.0661544
0.0556629
0.0455104
0.0594238
0.0368958
0.0344335
0.0319658
0.043612
0.0442326
0.0480631
0.0660754
0.0571873
0.0503243
0.0410844
0.0619002
0.0355592
0.0555915
0.0354786
0.0529556
0.0325356
0.058822
0.0410665
0.0324191
0.0459631
0.0502901
0.0684545
0.0494754
0.0560635
0.088666
0.0368458
0.0507872
0.053889
0.0393363
0.0511036
0.0517693
0.0553165
0.0510559
0.0355889
0.0613891
0.0470681
0.0421018
0.0462761
0.0661021
0.0614431
0.0353699
0.0485036
0.0441636
0.0605351
0.0451271
0.0461465
0.0747716
0.0501678
0.0455126
0.0756009
0.0597322
0.0309601
0.0572227
0.0413442
0.0655851
0.0677406
0.0476317
0.0380611
0.0540478
0.0432376
0.046906
0.0528756
0.0410574
0.0415694
0.0486358
0.0609872
0.0475607
0.0458103
0.0445393
0.0418385
0.0464428
0.0498598
0.0452523
0.0434968
0.0747333
0.0701142
0.0644493
0.0380237
0.0509862
0.049764
0.0536232
0.0508924
0.0506755
0.0542908
0.0589267
0.0480546
0.059635
0.0685708
0.0494859
0.0509501
0.0678226
0.0509972
0.035072
0.0687529
0.053923
0.0780988
0.04817
0.0496207
0.0434896
0.043157
0.0364711
0.0401727
0.0468233
0.0469235
0.058507
0.0562165
0.0435513
0.0536737
0.0388776
0.0352796
0.0685784
0.0476811
0.0314462
0.044959
0.0397434
0.0904158
0.0347149
0.0406601
0.034891
0.0505841
0.0408011
0.0521922
0.0559199
0.0640454
0.0330785
0.0511262
0.0356281
0.0365583
0.0383512
0.0527722
0.0419545
0.0406685
0.0460712
0.0446161
0.0396537
0.0492276
0.0551821
0.0498511
0.0371614
0.0457699
0.0497089
0.0422258
0.0467774
0.0485154
0.0404513
0.0344508
0.0463273
0.0608208
0.0384101
0.0770911
0.0361887
0.0533854
0.0492991
0.0708509
0.0506588
0.0499448
0.0458342
0.055728
0.0683218
0.0419383
0.0470623
0.0510605
0.052113
0.0707033
0.0641365
0.0584289
0.0722275
0.0601274
0.0523857
0.0660027
0.0490629
0.059499
0.0471207
0.0787891
0.0422858
0.0491661
0.0337368
0.0435851
0.0528625
0.0558024
0.0782557
0.039391
0.0376659
0.0470624
0.0521913
0.041716
0.0527414
0.043496
0.0483735
0.040597
0.0745122
0.0466116
0.0427996
0.0478584
0.0511822
0.0355765
0.056665
0.0494633
0.0476519
0.039457
0.0499387
0.0441644
0.0449474
0.0707541
0.0435111
0.0470222
0.0498268
0.072607
0.0389182
0.0631142
0.0572519
0.0590804
0.0462594
0.0397733
0.070153
0.0547465
0.0560237
0.0678366
0.0658033
0.0597542
0.0617805
0.0617219
0.0382413
0.0549789
0.0470492
0.0570945
0.0429803
0.0502885
0.0498669
0.0562223
0.0509591
0.0449079
0.0485661
0.0418118
0.0659466
0.0711614
0.0384877
0.0508046
0.0713326
0.0330824
0.0393215
0.0422141
0.0378655
0.0280556
0.0601321
0.0427231
0.0699713
0.0488535
0.0522635
0.0756892
0.0460415
0.0602338
0.048712
0.0592198
0.0546725
0.0591693
0.0569886
0.0462932
0.0394644
0.0395684
0.0695166
0.0649072
0.040496
0.0485286
0.0467056
0.058456
0.0493873
0.0531836
0.0606662
0.0442488
0.0444143
0.0532534
0.0570842
0.0828685
0.0665807
0.0467163
0.0417244
0.0511633
0.0461225
0.0535073
0.0465763
0.0445919
0.0612855
0.0714293
0.039194
0.0486575
0.044508
0.0437988
0.0651774
0.0461452
0.0484483
0.0549341
0.0596776
0.0433772
0.0740762
0.0568873
0.0425254
0.0451776
0.0663259
0.061481
0.0535062
0.0429263
0.049978
0.0591846
0.0578281
0.0467122
0.0411025
0.0409077
0.052003
0.0569412
0.0524684
0.0567585
0.0493134
0.0458873
0.0615428
0.0513902
0.0493927
0.0634254
0.0481701
0.049152
0.0405554
0.0626497
0.0777008
0.0553117
0.0467645
0.060113
0.0431966
0.0497761
0.0603426
0.0544118
0.0452316
0.0428117
0.0456282
0.031446
0.0461295
0.0427798
0.0376469
0.058476
0.0586556
0.0413747
0.0561757
0.0426158
0.0570363
0.0364472
0.040118
0.0420146
0.0624458
0.0529023
0.0474666
0.0551024
0.0579625
0.0561624
0.0342925
0.0259728
0.0475273
0.0597549
0.0658821
0.0651556
0.0533511
0.0581911
0.04673
0.0449301
0.0383269
0.0493466
0.0428213
0.0543075
0.042007
0.048676
0.0529328
0.0329865
0.0475318
0.0366008
0.0507804
0.0377695
0.047493
0.0475002
0.04668
0.0591641
0.053821
0.0477614
0.0485914
0.0562385
0.0670354
0.064897
0.0394089
0.0493963
0.0585392
0.0565262
0.0547705
0.0592154
0.0817875
0.0609216
0.0412666
0.0618817
0.0420885
0.05096
0.0568668
0.0442959
0.0421286
0.0550431
0.0655529
0.0517433
0.0382412
0.0449463
0.0432439
0.0503458
0.0559663
0.0373888
0.0614166
0.0789849
0.0680576
0.0709818
0.0595198
0.0569482
0.0470561
0.0458736
0.0543826
0.0512718
0.0685108
0.0372196
0.053235
0.0581905
0.0813
0.0513907
0.0490102
0.0643175
0.0502061
0.0380772
0.0556912
0.0593772
0.0642924
0.0490106
0.0521304
0.0455421
0.048954
0.0373466
0.0629289
0.0536547
0.0628694
0.0585689
0.0439905
0.0385285
0.048983
0.078176
0.0621278
0.0361947
0.0492773
0.0563518
0.058475
0.0472021
0.052706
0.0336719
0.0644504
0.0524407
0.0490179
0.0557632
0.0633874
0.041497
0.0568665
0.0620921
0.0650152
0.0351433
0.044585
0.0439124
0.039073
0.0444992
0.0501993
0.0664922
0.0626653
0.0349518
0.0876832
0.072143
0.060579
0.0413461
0.0680584
0.0470221
0.0419012
0.0704324
0.0465681
0.0492968
0.031552
0.03896
0.0408677
0.0399026
0.0524513
0.0527557
0.0640072
0.0437768
0.0432432
0.0543522
0.0335891
0.0822723
0.0697978
0.0595081
0.0821258
0.0334239
0.0439245
0.036555
0.0446137
0.0526101
0.0580775
0.0474228
0.038401
0.0493722
0.0546543
0.0238327
0.0563189
0.0393059
0.0383943
0.0638791
0.050761
0.0647851
0.0549076
0.0421848
0.0380712
0.0568036
0.0753915
0.0640838
0.0465841
0.0423547
0.040235
0.0541468
0.0588794
0.0444551
0.0554936
0.0833321
0.0401334
0.0683612
0.0532997
0.0418645
0.0437879
0.0609331
0.0467497
0.0407797
0.0490141
0.0872749
0.0449363
0.0406414
0.0593387
0.034929
0.040239
0.050272
0.0638093
0.0535582
0.0372271
0.0645007
0.0578193
0.0338769
0.0482395
0.0422461
0.058972
0.0503303
0.0492996
0.0453041
0.0632651
0.0562327
0.0521941
0.0517642
0.0434899
0.0496153
0.0667437
0.0649864
0.07189
0.0425422
0.0647982
0.047165
0.0676864
0.0439826
0.0424307
0.0400143
0.0381709
0.0403373
0.0447331
0.0574729
0.0382842
0.0457305
0.05331
0.0417905
0.0422355
0.0724905
0.0452471
0.0535527
0.0492421
0.0577558
0.0658409
0.0512227
0.0425401
0.050225
0.0550275
0.0443464
0.0524837
0.0366985
0.0510684
0.0515846
0.0405198
0.0671742
0.0513358
0.0626563
0.0536393
0.0384145
0.0670492
0.038938
0.0462571
0.0494478
0.0651226
0.0513625
0.0582413
0.0333019
0.05121
0.0550039
0.048739
0.0586427
0.0410268
0.054069
0.0560317
0.0423732
0.0439466
0.0513296
0.0435413
0.0479929
0.0515219
0.0698891
0.0456907
0.0499808
0.0446412
0.0283738
0.0470285
0.0512693
0.0442369
0.0606538
0.0421347
0.0508349
0.040545
0.0453994
0.0620722
0.064897
0.0532087
0.0537429
0.0462715
0.0667819
0.0790139
0.0673821
0.0546324
0.0619353
0.0512441
0.039538
0.0449288
0.0633566
0.0564971
0.0635228
0.0475346
0.0683802
0.0546022
0.0629393
0.0318165
0.0512805
0.0478381
0.0691875
0.0355123
0.094651
0.0394674
0.0472622
0.0594727
0.0446386
0.0390948
0.0504254
0.0543177
0.041066
0.0496429
0.055237
0.0353622
0.0315902
0.0454325
0.0442775
0.0380407
0.0401042
0.0469954
0.0564905
0.0316947
0.0512105
0.0571232
0.0539848
0.0489746
0.0560802
0.0614079
0.0514506
0.054328
0.0507677
0.0437053
0.0573268
0.0407638
0.045503
0.0549684
0.0542605
0.0411487
0.06829
0.0311779
0.0497035
0.0658662
0.0668421
0.0312372
0.0622571
0.0586685
0.0672875
0.0379185
0.0541107
0.0581206
0.0536055
0.0493681
0.0434515
0.0415527
0.0542643
0.0417523
0.0615862
0.066218
0.0682823
0.0469644
0.0474985
0.0465538
0.0701377
0.0354847
0.0400674
0.0486563
0.0468676
0.0616212
0.0536413
0.0569939
0.0761145
0.0517628
0.0590343
0.0507917
0.0416082
0.0570533
0.0684415
0.0624535
0.0388193
0.0527001
0.0449245
0.0586233
0.0634208
0.0648149
0.0385417
0.0826801
0.0557982
0.0504321
0.0369554
0.0584348
0.0407775
0.0597039
0.0291824
0.0592441
0.0561673
0.0756143
0.0516522
0.0459824
0.0555154
0.0535043
0.0555182
0.0383771
0.0437459
0.0394552
0.0590741
0.046939
0.0459865
0.0438797
0.0467048
0.0387437
0.0472622
0.0396851
0.0574919
0.0547039
0.0534603
0.0546592
0.0412504
0.0378149
0.0432266
0.0780562
0.0766396
0.0613757
0.0558829
0.0642412
0.0485257
0.0575646
0.0791131
0.0685113
0.0677851
0.0625543
0.0526049
0.0487317
0.0316629
0.0583174
0.062423
0.06639
0.0412491
0.0563179
0.0433467
0.0369122
0.0548112
0.0405482
0.0532612
0.0571421
0.0531241
0.0684639
0.0559023
0.0555737
0.0376381
0.0464764
0.0563123
0.0480831
0.0562491
0.0481277
0.0281851
0.0381652
0.0570836
0.054136
0.0493708
0.0556113
0.0609024
0.0278497
0.0408909
0.0515445
0.0455265
0.0494301
0.0328411
0.0454178
0.0476547
0.052483
0.0495766
0.0638638
0.0647188
0.0483256
0.0456532
0.0461288
0.0648844
0.0530612
0.0610953
0.0556513
0.0485408
0.0534871
0.041474
0.0485984
0.0340429
0.0752097
0.0514351
0.0806493
0.0464084
0.0440119
0.037938
0.0626253
0.0432855
0.0526542
0.0454178
0.0542354
0.0352069
0.0516856
0.0645543
0.0625442
0.0560464
0.0616488
0.0478973
0.0437158
0.0577018
0.0556721
0.048688
0.0732808
0.0607318
0.070409
0.0404595
0.0375466
0.0620571
0.0474264
0.0541007
0.0668953
0.0620965
0.0444468
0.0595706
0.038073
0.0437934
0.0644048
0.0341431
0.0492376
0.0314224
0.0380468
0.0492059
0.0589113
0.0439973
0.0821612
0.0400251
0.0427878
0.0385381
0.0533848
0.0547233
0.0499252
0.0440109
0.0425397
0.0466736
0.0509612
0.0414685
0.0591438
0.0555172
0.0522633
0.0377404
0.0500934
0.0486824
0.0477005
0.0525695
0.0571424
0.0418146
0.0536691
0.0409256
0.0592778
0.0589493
0.0427437
0.0553128
0.049019
0.0641729
0.037702
777777