2.37032
999999
0.125082
-0.0696198
-0.036655
0.109098
-0.0593907
0.10451
-0.14655
0.127944
-0.24038
0.148734
-0.118779
0.0895497
-0.238941
-0.0164475
0.1332
-0.251775
0.0944607
0.0154662
-0.100252
-0.187075
-0.0163202
0.0172749
-0.0375455
0.0620558
0.138996
-0.0696605
0.128082
-0.2878
-0.0357635
-0.187946
-0.412514
-0.0186538
-0.215281
0.0587963
-0.00896023
0.00321326
0.148061
-0.010037
0.0297257
-0.0076732
0.189156
-0.0385692
-0.0348292
0.00397016
0.0717206
0.0654792
0.0377626
0.159643
0.103477
-0.05685
-0.157028
-0.130609
0.0726004
-0.071226
0.0477965
-0.0721622
-0.27113
0.210576
-0.0708699
0.135333
-0.0447935
-0.148651
0.198058
0.11977
-0.187103
-0.362227
0.143031
-0.0559031
0.10067
0.0127654
-0.253811
-0.0507339
0.000359895
0.129058
0.0423491
0.0969809
-0.118211
-0.0900242
-0.0671786
-0.0151701
-0.147382
-0.201397
-0.224315
0.162806
-0.0943377
0.213379
-0.0539446
-0.107747
-0.152065
0.00505671
-0.12384
-0.0347886
0.205157
0.200813
0.14943
0.0613966
0.147548
-0.107373
-0.0195418
-0.125258
0.0251354
-0.155949
0.151316
0.0536391
-0.0881237
-0.138487
-0.0933551
-0.144328
-0.142429
-0.174915
0.0952347
0.239482
-0.0556042
0.151757
-0.101722
0.0170362
0.141082
0.101007
-0.106583
0.0856877
-0.185722
0.220481
-0.0631638
-0.116784
-0.0802962
-0.0178089
-0.0483284
0.00250596
-0.197055
0.0969194
0.15588
-0.000635461
-0.0899753
0.121643
0.183944
0.0793801
0.00773042
-0.183267
-0.232255
-0.028699
-0.169851
-0.0220087
-0.0414554
0.150975
-0.155746
0.0175631
-0.0705944
0.192661
-0.135479
-0.0595321
0.155298
0.0622247
0.105871
0.100642
0.205148
0.0918549
0.161544
-0.190868
0.0193089
0.189671
-0.134223
0.0633325
-0.238303
0.289264
0.0427922
-0.199227
0.0909097
-0.0301977
-0.173408
0.179669
0.0246064
0.0102939
-0.266019
-0.124893
0.0749863
0.0863407
-0.0182567
-0.0591958
-0.111161
-0.0493681
-0.0980367
-0.078926
-0.165754
-0.0903555
-0.0317746
0.155
-0.117552
0.115396
-0.200337
-0.121264
-0.0933805
0.0291594
0.227138
-0.0836542
-0.147698
0.0471199
-0.0295642
0.0725907
0.114677
-0.0703192
-0.154692
0.193452
0.139659
0.00786595
0.0570118
0.0621546
0.14138
0.00690102
-0.0575092
0.0774036
-0.191887
-0.124389
0.15028
-0.109581
0.0816377
-0.0569609
-0.161431
-0.045299
-0.116467
-0.125699
0.0978544
-0.21818
0.0103333
0.0874837
-0.0370592
-0.0441091
-0.113978
0.260663
0.020801
0.0377409
-0.167945
0.0899099
0.135675
-0.0266195
-0.18962
0.0923441
0.202201
-0.139651
0.0698214
-0.171737
0.171412
-0.0519302
0.176323
0.10018
0.237293
0.16698
-0.12621
0.0204256
-0.225541
0.0505034
0.00513831
-0.0523402
-0.0886294
0.137182
-0.0587045
-0.114107
-0.198898
0.0233615
-0.0324687
-0.202485
0.175633
0.0325427
0.10981
-0.268676
0.217958
0.174749
-0.195573
0.0908129
0.0660059
-0.0547787
0.0116567
0.0496633
-0.0159201
0.229693
-0.123038
-0.127405
-0.134885
0.0325282
-0.078071
0.159415
0.276626
-0.137875
0.19158
0.168172
-0.0154592
0.0353109
-0.0421722
-0.0270191
-0.0378026
0.0885531
0.0299924
-0.0496158
0.1131
-0.0147425
-0.0790759
-0.0913654
0.0496339
0.158303
-0.00654564
-0.111287
-0.140055
0.00621895
-0.0946858
-0.11134
-0.0938342
0.0945602
0.0179825
0.0167995
-0.038177
0.02971
-0.113829
-0.0605604
0.126474
0.205613
0.249751
0.0483671
-0.163762
-0.0484912
0.240691
-0.139508
-0.0652738
0.0355355
0.103611
-0.0778799
-0.143296
-0.146513
0.130674
0.184091
0.173331
0.14912
-0.219633
-0.209367
-0.298009
-0.123736
-0.180004
-0.100305
-0.0813311
0.0173607
0.124857
-0.262299
-0.279544
-0.152116
0.0623928
-0.0575218
0.137423
0.177838
0.0904444
0.076977
0.11691
0.00523062
0.177652
0.262703
-0.0907342
0.046542
-0.0298452
0.127343
-0.123427
0.0162197
-0.0830241
-0.140089
0.112189
0.022261
0.123972
0.140608
0.15612
0.123899
-0.217327
0.197939
-0.0565882
-0.0751612
0.222132
0.193483
-0.0385619
-0.258548
0.225552
-0.015752
0.0269699
-0.0420269
-0.0184142
0.191537
-0.152195
0.253821
0.0515858
0.136745
-0.0171501
0.0952479
-0.117365
-0.161952
-0.177482
-0.0731499
0.061711
0.066419
0.159024
-0.0793511
0.0413293
-0.196467
-0.00719189
0.040763
0.130541
-0.00704982
-0.00795203
-0.0204959
0.169787
0.0396361
0.160197
-0.0264226
0.216181
0.109133
-0.0524166
-0.00150745
-0.182417
-0.0859415
-0.266229
-0.19341
-0.225949
0.160732
0.0340978
0.102223
0.0681929
-0.153318
0.0083853
0.152073
-0.0464486
-0.111806
-0.00597737
0.0400457
-0.0516736
0.0530976
-0.073278
-0.102135
-0.0097292
-0.0488866
-0.0930017
0.21104
0.0684783
0.0722115
0.112731
0.121085
0.0152556
0.0703043
-0.039246
-0.0901731
-0.076702
0.0611651
0.0129101
-0.192767
0.0885687
0.271395
-0.0244867
0.23243
-0.0605046
-0.0331523
-0.0683442
-0.0817895
0.0689404
0.146707
-0.0241658
-0.154413
-0.221545
-0.157029
0.165585
0.0115092
0.0486658
0.0118859
0.088926
0.134061
0.15519
-0.121155
-0.0163238
0.165677
-0.080659
-0.0342724
-0.106909
0.12615
-0.136118
0.041821
-0.0842425
-0.0859473
-0.143195
-0.195434
0.202389
0.0309031
-0.236829
-0.0758611
-0.0451202
-0.208048
-0.0261418
0.0884092
0.164072
-0.0433111
0.173791
0.106831
-0.0101216
0.133482
0.0141333
0.174655
-0.184632
0.232176
0.276958
-0.143196
-0.15057
-0.109829
-0.219572
-0.159358
0.0619906
-0.104588
0.146577
0.152597
0.114214
0.100869
-0.157978
-0.031318
0.0363671
-0.204995
-0.229853
-0.0246385
0.214621
-0.197092
0.240449
-0.315941
-3.15561e-05
0.172542
0.177543
-0.0321032
-0.154336
-0.0857968
0.0969242
0.220867
0.0846109
-0.2293
-0.000497007
-0.137412
0.0594913
-0.0348624
0.0952169
-0.156525
-0.115094
0.016992
0.179514
0.0058689
0.226236
0.218736
-0.257805
-0.156752
0.0887714
-0.223589
-0.0623824
-0.0742609
0.199934
-0.164873
-0.223699
0.198693
-0.119076
0.143026
-0.000338909
-0.114866
-0.180825
-0.215986
0.286357
0.133704
0.275614
-0.0688828
-0.0157231
0.138033
0.17087
0.035064
0.127359
-0.0976508
0.196363
0.0135275
0.0429794
0.361766
0.0758542
-0.0591489
-0.181115
-0.146467
0.0329901
0.162652
0.119663
-0.118828
0.0140399
0.100263
0.00994885
0.0915077
-0.138845
-0.123856
0.140127
-0.205882
0.00197819
-0.0184465
-0.263977
0.113713
0.072214
-0.0866643
0.153481
-0.0162779
0.194722
0.167321
-0.143579
-0.357194
-0.00131089
0.0984515
0.188919
-0.257147
0.126938
0.141687
-0.126608
0.157024
-0.130318
0.0780593
-0.094613
0.205691
-0.205226
-0.0218174
-0.158054
0.0419623
0.111776
0.251762
0.0437474
-0.17949
0.0560786
0.172587
0.19666
-0.114793
-0.174893
0.070153
0.0436193
-0.0975071
-0.25133
-0.0124143
0.0625407
0.198398
0.205143
-0.116425
0.221314
0.0517019
-0.208502
0.2398
0.0298546
0.0272807
0.0225859
0.014792
-0.285591
-0.201632
-0.105374
0.0366331
-0.233971
0.0981749
0.00739684
0.0832133
-0.211003
0.241264
0.0304538
-0.238912
-0.0597975
0.0267365
0.0392582
0.130563
-0.164287
-0.216077
0.129723
0.156382
0.0287337
-0.238881
0.227761
-0.149274
0.302004
-0.141272
-0.181171
0.0777277
-0.170308
-0.0917278
0.0375941
0.0910968
-0.112152
-0.0660235
-0.0698972
0.011389
-0.0949065
-0.0178614
0.0271088
-0.0155382
0.0514556
0.0132303
0.0209854
0.1471
0.132178
-0.106861
-0.235451
-0.117322
-0.0696012
-0.12879
-0.143455
-0.0294682
-0.0946527
0.0798981
-0.21712
-0.148445
0.0602941
0.27387
-0.13118
-0.178946
-0.0864818
0.193263
-0.0502875
0.0852938
-0.0399427
0.0229895
-0.0277808
0.0833611
0.196183
0.00155604
-0.00459814
0.0351006
-0.0321956
-0.20568
0.00890424
0.155392
0.169067
-0.0786667
0.153589
-0.0985174
-0.109584
0.118397
-0.103678
0.17611
-0.0598812
-0.118459
-0.112063
0.207311
0.0448224
0.155583
-0.0796995
-0.200039
0.111662
0.0754732
0.0451051
0.0211294
-0.163067
-0.096294
0.0855946
0.134729
0.156703
-0.0185244
0.0598092
-0.136273
0.0419022
0.205602
0.0781817
0.0662538
-0.026338
-0.0554751
-0.142645
0.0229091
-0.128964
-0.327025
0.0397559
-0.220295
0.0796588
0.105693
0.172581
0.178387
0.183272
-0.0529324
0.00703594
0.202553
0.101855
-0.0969377
-0.151147
-0.0381958
-0.0621111
0.111741
-0.0503903
0.0902888
0.113457
-0.0276388
-0.0996054
-0.0667423
0.0730545
-0.151201
0.09586
-0.123741
0.00427479
-0.189137
0.0872307
0.042831
-0.254813
-0.315515
0.050072
0.068245
-0.153868
0.0366406
-0.0239233
-0.140724
0.0315993
0.0811448
-0.318031
-0.0292424
0.140874
-0.23784
0.0688982
-0.211622
0.0128898
-0.0436491
0.171674
0.004953
0.12048
-0.00789967
-0.0362091
0.2529
-0.130777
-0.092785
0.182141
0.201659
0.0570496
-0.0937768
0.101436
0.076375
-0.0705956
-0.0570365
0.094269
0.134427
0.00238722
-0.0080999
-0.0573638
0.0244827
0.00780962
0.134448
0.0356506
0.155097
0.0750223
-0.0829671
-0.0669028
0.206096
-0.021005
-0.000603456
-0.0132625
0.210238
-0.061989
0.0442642
-0.0879168
0.0811138
-0.0492331
-0.145499
0.0359404
0.126659
0.196844
-0.0572148
0.16359
-0.249075
-0.0600178
-0.238235
-0.252563
-0.0422551
0.180741
0.0644832
0.0234836
-0.162733
-0.108213
-0.227058
0.0443025
-0.111731
0.182398
-0.0764144
-0.0445006
0.029808
0.00752319
-0.17005
-0.0225664
0.107143
-0.0995549
0.129098
-0.18042
0.0149536
-0.227625
0.107127
-0.0817844
0.229721
0.0278847
-0.0330445
-0.178003
-0.0455141
-0.242867
-0.107027
-0.00503722
-0.358106
-0.132632
-0.0280572
-0.0417986
0.0296189
-0.0308812
0.0400555
0.118126
-0.067013
-0.337476
0.0855884
0.0766771
0.0489183
0.00578573
0.0588826
0.0609578
0.184767
-0.146379
0.0109753
-0.0351743
0.225366
-0.0787846
-0.120575
0.128519
0.22435
0.0182471
-0.166077
-0.105398
0.0617187
-0.186226
-0.250978
-0.0819877
-0.147459
-0.00828049
0.156159
0.114701
-0.190131
-0.0198453
-0.124123
0.159189
0.00966467
-0.195059
0.0188895
-0.0522142
0.121975
0.143922
-0.0707001
0.0344989
-0.118159
0.119059
-0.092051
0.148364
-0.130874
0.164256
0.0760812
0.22846
0.0858443
0.11234
-0.0115612
-0.14337
-0.0593761
-0.18144
0.0193399
-0.0158513
-0.174078
0.151708
-0.165463
-0.0759244
0.06714
-0.311571
-0.258006
-0.115198
0.187876
-0.107186
-0.0498677
-0.243635
-0.00939764
-0.0267853
0.148234
0.0677691
0.0683894
-0.192179
0.119841
-0.196749
0.174804
-0.198888
0.220174
-0.166677
-0.165297
-0.129696
-0.140006
0.0104398
-0.183838
-0.118764
0.0958968
-0.0497216
-0.32678
0.0789838
0.161497
0.16082
-0.191706
0.0871147
-0.115058
-0.139541
-0.0917087
-0.315454
-0.0233448
-0.0100049
0.145553
-0.0532887
-0.0612212
-0.0358082
0.0381493
-0.105193
0.0973779
-0.0211471
0.160316
-0.115354
-0.0331328
0.2252
0.0533872
-0.316569
0.000555154
0.0716548
-0.0231321
-0.185815
-0.0224603
-0.158146
0.153455
0.0275117
0.200979
0.0104581
-0.102845
-0.104569
-0.11639
0.226244
-0.153695
-0.23265
-0.0571713
0.119821
0.131938
-0.00775868
0.143784
-0.00317154
0.021291
0.356459
0.0272744
0.198817
0.00644833
-0.0681934
-0.0165156
-0.104103
0.132167
0.102687
-0.167468
-0.13683
-0.265392
0.000195247
0.121748
-0.0488972
0.035129
0.0479838
0.142814
0.0284183
0.224674
0.113579
0.0070177
-0.196509
0.0485829
0.0909696
-0.125608
-0.051477
0.160005
-0.0280545
0.0866208
0.0697805
0.151546
-0.173171
0.0265401
0.0178436
-0.171924
0.271696
0.0021556
-0.20012
-0.134178
-0.160922
0.230737
-0.0444589
-0.116479
-0.296742
-0.0294123
-0.0995088
0.0248649
0.0181221
-0.00196229
-0.0180857
-0.000552713
0.0224487
-0.082357
-0.159207
0.185128
0.14614
0.0961723
-0.116113
-0.26301
-0.011724
-0.0318075
0.245777
0.170508
0.0616054
-0.0445645
0.024729
0.0160988
0.0575684
0.0816731
0.159851
0.193997
-0.090674
0.091008
-0.223355
-0.00423123
-0.275745
0.326846
-0.0821305
0.00334501
-0.179447
-0.200904
0.0755958
0.0318491
0.0820826
0.153665
-0.237008
0.00852666
-0.106573
0.194846
-0.122395
0.104612
-0.00149764
-0.00392599
-0.0529193
0.105358
0.028471
-0.0367032
-0.21326
-0.161835
-0.112186
0.208308
0.180025
-0.0586868
-0.174156
0.119918
0.215781
0.27399
0.069272
-0.182575
0.0467105
0.0777405
-0.0956997
0.148263
-0.181191
-0.0694384
-0.0620803
-0.127586
0.0975697
0.107681
-0.146747
-0.140275
0.154418
0.17826
-0.021602
0.0708851
0.117541
0.201788
-0.0163599
-0.0432335
0.143816
-0.0212454
0.114969
-0.140104
-0.253853
-0.144737
0.0828419
0.0803822
-0.0718943
0.214571
0.2144
-0.208247
-0.00465278
-0.101048
0.0141399
-0.106419
0.0834859
0.0610684
0.0351261
0.164797
0.159161
-0.15825
0.0755326
-0.00862387
0.210713
0.196375
0.0642484
0.226354
-0.181584
0.0976913
0.114776
0.0524775
0.252242
-0.206427
0.143366
0.105483
-0.0749828
0.0701779
-0.232469
-0.0523054
-0.208233
-0.13519
0.0319116
-0.0778192
-0.152793
0.208458
-0.0728649
-0.0735857
-0.0269316
-0.108384
-0.199661
-0.176132
-0.131312
0.170175
-0.339636
0.117762
-0.0958383
-0.115043
-0.210768
-0.0160266
-0.13557
-0.0275984
0.0455331
-0.151061
-0.242392
0.159952
0.107851
-0.0573511
0.214954
0.0270614
-0.165132
-0.0785697
0.304167
0.174529
0.140434
0.132976
-0.13641
-0.0388041
0.123964
-0.162307
-0.0596551
0.00862376
-0.00682724
0.13691
-0.0705585
0.209048
0.208897
0.132384
0.00420816
0.105156
-0.0282808
-0.0456888
-0.26923
0.170492
-0.132903
-0.159627
-0.0105689
-0.237319
0.0272439
0.158359
0.239558
-0.0328337
0.0463119
-0.0345484
0.111692
-0.0499557
0.21138
0.0971106
-0.0560942
0.061437
-0.0730266
-0.0812542
-0.0889838
0.0353261
-0.174465
0.240135
0.0914421
-0.00113359
0.154436
0.0923923
-0.000989196
0.0092516
0.156638
-0.244512
-0.087003
0.0786541
0.148069
-0.172951
-0.233197
-0.201146
0.0786738
0.151929
0.141848
-0.0975126
-0.0828731
-0.129872
0.151212
-0.102886
-0.0529724
-0.137675
-0.15993
0.247637
-0.00891388
0.0961363
0.0812817
-0.0188886
-0.084749
-0.16707
-0.124398
0.0268186
-0.014442
0.273946
-0.13633
0.0634786
-0.069745
-0.271914
-0.0174306
-0.0790952
-0.247918
-0.0208069
0.168798
0.176297
-0.00328522
0.315041
-0.215939
-0.282781
-0.0196601
0.358041
-0.0275117
-0.176171
-0.153978
-0.0467462
-0.270244
0.12112
0.222984
-0.0892102
-0.0645401
-0.258759
0.00408086
-0.0972109
-0.0968973
-0.0324827
-0.115954
0.192329
0.00358527
-0.136177
0.163504
0.0873065
0.111808
0.118123
-0.0196547
-0.144318
-0.171136
-0.0518129
-0.0574006
-0.0250417
-0.0960252
-0.13065
-0.108249
-0.120223
0.0433844
0.131733
0.10819
0.285002
0.157343
0.00264084
-0.146311
0.00161905
-0.112317
0.0181592
-0.0328306
-0.101517
0.137894
0.196629
-0.0764631
-0.136031
-0.109329
0.145703
-0.00974873
0.194826
0.117218
-0.13775
-0.0085659
0.0955215
0.177612
0.0205847
-0.138019
0.127504
0.19468
0.0170247
0.14104
-0.0714555
0.0338447
0.133304
-0.076482
0.0610374
0.0618425
-0.173282
-0.117555
-0.255264
0.191037
0.0322214
0.0947701
0.0561733
-0.121106
0.0838548
0.147077
0.00965623
0.0476002
-0.222597
-0.311906
-0.157424
-0.165114
0.142155
-0.199709
0.0808353
0.0227794
0.218827
-0.12183
-0.0266663
0.155223
0.243295
-0.0326407
-0.106877
0.0534761
-0.229766
0.073544
0.148694
-0.193375
-0.026818
0.0637011
-0.165554
-0.152648
-0.128931
-0.136483
0.2476
0.0147426
-0.158482
0.0298422
0.0220069
-0.052951
0.265515
0.246654
0.0876159
-0.279571
-0.172091
0.097066
0.0197962
0.0267368
0.0830242
0.105953
0.132947
-0.0938492
-0.19074
-0.158743
0.11524
-0.113376
0.0422229
-0.143171
0.0463037
0.0119454
-0.0305126
0.184646
0.090702
0.0574696
0.0301043
-0.0540223
-0.0489468
-0.0580389
0.00214466
-0.0770731
0.0481001
0.0847568
-0.0780114
0.179191
-0.0595578
0.0265247
-0.351586
0.115787
0.142239
-0.121796
-0.0206078
-0.0374358
0.100342
0.000389729
-0.0110422
0.207333
-0.178056
0.0514109
-0.156627
0.0197549
-0.0593804
0.183057
-0.0219318
0.104011
-0.0978363
-0.204137
0.192966
-0.153139
0.17319
-0.0347406
-0.0886573
0.163141
-0.107343
0.0893967
0.111364
-0.00381164
-0.0860685
0.0955951
0.193473
0.0758499
0.0141234
-0.0999857
0.0426299
-0.13897
0.0289808
-0.0537537
0.0852145
0.14404
-0.0221161
0.0544315
0.12885
-0.165175
-0.087137
0.217473
-0.0651841
0.226978
-0.157829
-0.0184648
-0.155582
0.244874
-0.214433
0.247649
0.00128424
0.0771753
0.106598
0.217463
0.0843038
0.194179
-0.184403
0.127895
0.0404934
-0.147261
0.122291
0.192591
-0.0824726
-0.0192628
-0.0710578
0.0750387
0.176774
-0.0824159
0.221394
0.0946179
0.0992405
-0.191033
-0.187917
0.0409943
-0.175864
0.18035
-0.096167
-0.128313
0.155779
-0.165823
0.125632
0.0545232
-0.189688
-0.0196305
-0.29014
0.121176
0.0543372
-0.191444
0.0443586
0.00559435
0.189418
-0.00345685
0.230606
0.0189401
0.187757
-0.250529
-0.0714422
-0.0343978
0.0744536
0.248592
0.185659
0.106855
-0.0441744
0.0173792
0.124659
-0.146825
-0.125832
0.0875555
-0.00333793
0.178078
0.0502277
-0.252143
0.00323705
-0.0763413
-0.168237
-0.00604339
-0.122564
-0.176605
0.240631
-0.0817719
-0.0978185
-0.0579777
0.146106
0.0416375
-0.120905
0.243325
-0.018978
0.0173155
0.156633
-0.0595311
0.190621
-0.0548389
-0.0960146
-0.00107602
-0.225886
-0.188057
0.0174072
0.0642792
-0.0141646
0.0503211
0.0193437
-0.185156
0.189905
0.205554
-0.0925461
-0.197203
-0.17977
-0.0836747
0.0298171
0.175987
-0.114456
0.128048
-0.0090119
0.0482959
-0.0999844
-0.156046
0.130485
-0.0661922
0.334474
0.0673425
-0.141982
0.216744
0.257328
0.179575
-0.0230733
0.0851435
-0.0664816
-0.116942
-0.151344
-0.154415
-0.0104162
-0.0996675
0.136399
-0.178689
-0.0674376
-0.0875787
0.0137683
-0.125647
0.0728367
-0.0929089
-0.20799
-0.0495686
0.332414
-0.0983593
0.188176
-0.150525
0.141712
-0.19353
-0.0289309
-0.120849
-0.132932
-0.00688461
-0.128642
0.161707
-0.102895
-0.101703
-0.00612042
0.0775236
0.192506
-0.200211
0.184531
0.12075
-0.112254
0.0157889
0.112771
-0.146975
0.111375
888888
0.0464527
0.0515029
0.0488534
0.0609577
0.0565408
0.0531517
0.055849
0.0481708
0.0486526
0.0570045
0.0550973
0.0436465
0.0545063
0.0382937
0.0380985
0.0552
0.0531173
0.0580743
0.0460012
0.051642
0.0594238
0.0512394
0.0523036
0.0415595
0.0525751
0.0510796
0.0610721
0.0534898
0.0523985
0.0389031
0.0715994
0.0591108
0.0469071
0.0425585
0.0570163
0.046768
0.052455
0.0506933
0.0762065
0.0508818
0.0554363
0.0568359
0.0558464
0.0462864
0.0435862
0.0509615
0.0413853
0.0445415
0.0426784
0.0428367
0.0473852
0.0490169
0.039125
0.0656862
0.0457412
0.0555145
0.0461275
0.0607543
0.0525405
0.0413239
0.0472645
0.0555307
0.0414389
0.0502626
0.0571644
0.0529798
0.0562917
0.0460859
0.053884
0.0505765
0.0586546
0.0450335
0.0487078
0.046451
0.0368928
0.0490355
0.0551469
0.0537977
0.0683884
0.0411534
0.0546133
0.0498797
0.0375426
0.0508119
0.0460511
0.0445791
0.0399484
0.0586711
0.0447832
0.0657355
0.0664441
0.0535201
0.0431606
0.0447861
0.05114
0.0571734
0.0512449
0.0379464
0.0452813
0.0525091
0.0589766
0.0536792
0.0519433
0.04407
0.0449391
0.0524805
0.05595
0.0718036
0.0501914
0.0347982
0.0497798
0.0717728
0.049991
0.0545019
0.0662769
0.0502796
0.048814
0.0581613
0.0417407
0.0610845
0.0545797
0.0479578
0.0462995
0.0377943
0.0501769
0.0398515
0.0510766
0.0435182
0.0422832
0.0476928
0.0453353
0.063957
0.0486536
0.0535338
0.0473975
0.0446171
0.03755
0.0556312
0.0724308
0.0573656
0.0607988
0.0456031
0.0456528
0.0555497
0.0469193
0.0678304
0.045392
0.0444357
0.0455644
0.0564087
0.0378219
0.0543342
0.0388827
0.0490161
0.0499734
0.0518131
0.048384
0.052241
0.0453973
0.0475166
0.0717158
0.0591417
0.058831
0.0640861
0.0456612
0.0455221
0.0463317
0.0627955
0.0628697
0.062631
0.0639649
0.0541186
0.0589129
0.050015
0.059188
0.0571694
0.0572249
0.0494357
0.0523264
0.0646536
0.0600883
0.043358
0.0593465
0.0693058
0.0361051
0.0488376
0.0496251
0.0507117
0.0619269
0.0476561
0.0706133
0.0482665
0.0612489
0.0579199
0.0490676
0.0474868
0.0375522
0.0490877
0.0521317
0.0597057
0.0539464
0.053062
0.0531566
0.0574955
0.0472464
0.0463019
0.0652742
0.0453517
0.0473796
0.0604123
0.0584268
0.0390445
0.0462244
0.0546731
0.0366551
0.0498597
0.0522202
0.0585261
0.0539945
0.0533175
0.0400043
0.0503422
0.0628314
0.0527045
0.0462664
0.0492395
0.0491094
0.0533774
0.0457315
0.0470332
0.0439284
0.0508734
0.0557524
0.0475264
0.0462939
0.0487604
0.0414343
0.039775
0.0658574
0.0422199
0.0514804
0.0483788
0.034653
0.0531256
0.0506159
0.0412357
0.0355949
0.0628031
0.0583976
0.0377454
0.0389542
0.0468169
0.045428
0.0484083
0.0429638
0.0492416
0.0709846
0.0616031
0.0629206
0.0590672
0.0467394
0.0508098
0.0304404
0.0839968
0.0423661
0.0505545
0.049178
0.0477436
0.0467529
0.0616603
0.0457077
0.0503943
0.0383671
0.0430477
0.0563645
0.041374
0.0618441
0.030921
0.0481694
0.0416702
0.0557399
0.0446673
0.0405222
0.0529533
0.0428369
0.0603593
0.0529315
0.0548211
0.0429069
0.0414023
0.0402852
0.0454086
0.0567571
0.0510542
0.0427071
0.0384216
0.0724949
0.0397894
0.0745632
0.054443
0.0588258
0.0503011
0.0432672
0.0688108
0.0618912
0.0461932
0.0545276
0.0448952
0.0455276
0.0584984
0.0403135
0.0659022
0.0451641
0.0581885
0.0504551
0.0484919
0.0492231
0.05659
0.0318376
0.0608139
0.0468626
0.0485745
0.0440855
0.0423827
0.047677
0.0647014
0.0467907
0.0659211
0.0436919
0.0554398
0.0457746
0.0508061
0.0565452
0.0368802
0.041615
0.0484849
0.0531287
0.0499153
0.0412133
0.0512582
0.0505131
0.0682317
0.0522881
0.0525226
0.041542
0.0437976
0.0492955
0.036942
0.0407378
0.052152
0.041096
0.0526509
0.0579427
0.0510963
0.0425802
0.0586185
0.0528649
0.0551922
0.0617691
0.043537
0.066619
0.0554828
0.0552621
0.0614466
0.057621
0.0424206
0.0494572
0.0546645
0.0576815
0.0582879
0.0491671
0.05781
0.0619596
0.0456479
0.0539137
0.0496863
0.0351498
0.0371009
0.047823
0.061557
0.0542542
0.0456422
0.044505
0.0536462
0.0661589
0.0353501
0.0479937
0.0422464
0.0433077
0.069375
0.0497335
0.0545529
0.0488225
0.053346
0.050281
0.0448396
0.0487029
0.0559735
0.0531749
0.0401994
0.0501028
0.0504275
0.0484177
0.0583743
0.0404937
0.0479903
0.0427315
0.0466644
0.0365733
0.0389879
0.0541888
0.0504487
0.0533983
0.0535596
0.043449
0.0412659
0.0478404
0.0441898
0.0515691
0.0391709
0.0473233
0.0628622
0.0537451
0.0629034
0.0456746
0.0480395
0.0417961
0.0401478
0.0448051
0.0646016
0.0386836
0.0427503
0.043329
0.0447202
0.0507923
0.0576299
0.0520811
0.0565521
0.0562363
0.0516001
0.0444761
0.054002
0.0424919
0.0481234
0.0478495
0.0471589
0.0465454
0.0530707
0.0489473
0.0596227
0.0395041
0.0455134
0.0575532
0.0535394
0.0521632
0.0534554
0.0560081
0.0710442
0.0506962
0.0503925
0.045159
0.0548456
0.048056
0.0503054
0.0418646
0.0478823
0.0539568
0.0526537
0.0395807
0.0630824
0.0511668
0.0500021
0.0586728
0.0486906
0.0425794
0.0556636
0.0499027
0.0426486
0.0446744
0.0578017
0.0622986
0.0459518
0.0410754
0.0539546
0.0433117
0.0463926
0.0471389
0.056543
0.0423652
0.0569878
0.0528639
0.0517768
0.0462624
0.0470094
0.0408711
0.0454992
0.042709
0.0543742
0.0593468
0.055486
0.0434824
0.052987
0.0450983
0.0528666
0.0439075
0.0486458
0.0526866
0.0537452
0.0531985
0.0430573
0.0552335
0.060421
0.0602034
0.0469896
0.070274
0.052871
0.0367139
0.0512808
0.06594
0.0492103
0.0530343
0.0404849
0.0544262
0.0551221
0.0518671
0.0550182
0.0456222
0.0415567
0.0647359
0.043361
0.0846785
0.0487642
0.0452473
0.0501605
0.0455381
0.048929
0.0623609
0.0478372
0.060498
0.0670866
0.045342
0.0496382
0.0637366
0.0502751
0.0329478
0.0516522
0.0581345
0.042191
0.0538916
0.0577248
0.0501344
0.0636916
0.0404225
0.0603607
0.0589546
0.0543172
0.0391484
0.0510678
0.061598
0.0602002
0.0513707
0.0546616
0.0459463
0.054419
0.0389252
0.054171
0.048055
0.0462062
0.0538476
0.0420264
0.0438484
0.0642351
0.0472665
0.0381072
0.0471601
0.0436698
0.0744616
0.0626723
0.057296
0.0530325
0.0405968
0.0551135
0.0432175
0.0495261
0.0562645
0.0481255
0.0498351
0.0513125
0.0542822
0.0479246
0.0463176
0.0472961
0.0471236
0.0408526
0.0380589
0.0673711
0.0513467
0.0420718
0.0676602
0.0585947
0.0509884
0.0555073
0.0550151
0.0602943
0.0655029
0.0633856
0.0428461
0.0496566
0.0590621
0.0443065
0.0514302
0.0476582
0.0440457
0.0516149
0.0444689
0.0561799
0.0447094
0.0570154
0.0559829
0.0591539
0.0451736
0.0531409
0.0583629
0.0536317
0.0514446
0.0551157
0.0434241
0.0438329
0.0591679
0.0443159
0.0478323
0.0422368
0.0545099
0.041252
0.0510783
0.0466595
0.0552357
0.0430695
0.0700351
0.0660222
0.0515356
0.0479258
0.0544689
0.0551246
0.0524103
0.0599131
0.0561523
0.0477986
0.0401095
0.0472952
0.0504906
0.0503289
0.0405168
0.038853
0.0565535
0.0645953
0.0514929
0.0477531
0.0576307
0.0764424
0.051332
0.0403007
0.046749
0.0397827
0.049454
0.05651
0.052149
0.048287
0.0607355
0.0522809
0.052255
0.0402616
0.0464192
0.0632588
0.0566605
0.0475437
0.0452843
0.0460117
0.0534568
0.0497863
0.0491645
0.0650295
0.0569568
0.0501899
0.0534936
0.0493714
0.0396069
0.0426593
0.0714979
0.0477899
0.0606181
0.0511491
0.0482142
0.0414417
0.0506909
0.0506251
0.0473397
0.0286884
0.0493206
0.0534834
0.0486397
0.0421052
0.0432902
0.0506115
0.0530512
0.047754
0.0454192
0.0524507
0.0524631
0.0443056
0.0556929
0.0534193
0.0636684
0.0458235
0.0507818
0.0537954
0.0452535
0.0656168
0.0551038
0.0468206
0.0458791
0.0529997
0.0570097
0.0494139
0.0438814
0.0548801
0.0521733
0.0548586
0.0480108
0.0725405
0.0650618
0.0413626
0.0613637
0.0530718
0.0583517
0.0423791
0.0609621
0.0503876
0.0623683
0.0553556
0.046283
0.0442051
0.0498872
0.0518217
0.0415573
0.048889
0.0407233
0.0436926
0.048146
0.0445297
0.0417102
0.0430184
0.0460795
0.0643956
0.0502503
0.0535244
0.0621638
0.0447456
0.0518395
0.0368146
0.0663416
0.0512983
0.0531066
0.0519135
0.0464135
0.0482248
0.0656606
0.0556094
0.0553288
0.0476029
0.0430518
0.0529858
0.0426606
0.0520573
0.0604014
0.0473513
0.057242
0.0539619
0.0630785
0.06843
0.0531911
0.0506741
0.0509582
0.0506687
0.0516388
0.0453373
0.0659706
0.0465939
0.0636224
0.068025
0.0492437
0.0441629
0.0514459
0.0499764
0.0577422
0.0570244
0.0440196
0.0514612
0.0626366
0.0638325
0.0540464
0.051968
0.0520071
0.0481424
0.0540257
0.0468456
0.0417259
0.0552289
0.0518291
0.0648556
0.0594081
0.0484694
0.0484068
0.0521291
0.0454527
0.0503616
0.0462269
0.0498673
0.0371081
0.0668346
0.0534793
0.0723814
0.0383319
0.0637556
0.0333574
0.0537029
0.0478678
0.053633
0.041636
0.0540381
0.0486422
0.0573378
0.0505538
0.0367227
0.0524744
0.0623785
0.0451619
0.0544166
0.0532224
0.0493094
0.0714854
0.0503099
0.0541864
0.054617
0.0385218
0.0580878
0.0558852
0.0430285
0.0426302
0.0424197
0.0398925
0.0515305
0.0551858
0.0472107
0.0456809
0.0801231
0.0477224
0.0472934
0.0369639
0.0468278
0.0713804
0.0645051
0.0560591
0.0566614
0.0581789
0.060425
0.0573926
0.0519023
0.058316
0.0506382
0.052102
0.0551682
0.0424703
0.0631065
0.0405885
0.0640642
0.0552683
0.0397948
0.0428372
0.0513729
0.0488796
0.0427264
0.0393957
0.0560136
0.0660748
0.0542589
0.0518873
0.0451037
0.0625825
0.0498612
0.0534107
0.0436024
0.0376329
0.0392306
0.0484384
0.0518182
0.0427101
0.0506136
0.0602927
0.0647003
0.03806
0.0625572
0.0504995
0.0735924
0.0539699
0.0496931
0.0499013
0.0527016
0.0465142
0.058874
0.0507112
0.0441682
0.0507876
0.0616054
0.053868
0.0765038
0.0460811
0.0517815
0.0639814
0.0636468
0.0565715
0.0403896
0.0499855
0.0478518
0.0611129
0.0429519
0.0539665
0.0470105
0.0520392
0.0571611
0.0467542
0.0426444
0.049818
0.0584383
0.0399967
0.0605266
0.0396351
0.0547785
0.0569043
0.0400833
0.0493716
0.0600591
0.0488869
0.0482591
0.0439704
0.0381924
0.0478448
0.0522989
0.0502033
0.0516446
0.0425009
0.0596503
0.046133
0.0603935
0.0536083
0.0495862
0.0498646
0.0485949
0.0514879
0.0496559
0.0472401
0.0404375
0.0636676
0.067839
0.0683494
0.0669253
0.0497893
0.0404296
0.0555493
0.0523749
0.0638014
0.05599
0.0459361
0.0510617
0.0422743
0.0504821
0.0504138
0.0501263
0.04835
0.0461859
0.044811
0.0502009
0.0553017
0.0478355
0.0531707
0.0393923
0.0339905
0.048667
0.042297
0.0699863
0.0503874
0.0437529
0.0458023
0.0552139
0.0398903
0.0523743
0.0556871
0.0538324
0.0513867
0.05801
0.0526643
0.051231
0.0502755
0.0784847
0.0382904
0.0403309
0.0449824
0.0575778
0.0580753
0.053578
0.0542235
0.045688
0.0566253
0.0608744
0.0520666
0.0539329
0.0553495
0.0547465
0.0563753
0.0458652
0.0526483
0.0470814
0.0514733
0.0591054
0.0601699
0.0500639
0.0469577
0.0421856
0.0476086
0.0458528
0.0482382
0.0616387
0.0557861
0.0480833
0.0439008
0.0489688
0.0636535
0.059899
0.0681099
0.047659
0.0587936
0.0504422
0.0535841
0.0419005
0.0554685
0.047359
0.0718009
0.0390513
0.0484306
0.0575774
0.0442832
0.0570114
0.0588949
0.0696714
0.0587983
0.0540218
0.0470607
0.0428707
0.0618116
0.0578721
0.0531594
0.0632974
0.0503456
0.0453077
0.0513604
0.0434627
0.0444567
0.0641556
0.0464261
0.0608902
0.0488136
0.055515
0.0720814
0.0474058
0.0581656
0.0439292
0.0636536
0.0642198
0.061794
0.045296
0.0367588
0.0551095
0.0523594
0.0487809
0.0487457
0.0607787
0.0510306
0.0511282
0.0444868
0.0582789
0.038443
0.0494871
0.0400864
0.0562458
0.0543539
0.0434027
0.0488387
0.047401
0.04499
0.0525114
0.0321474
0.0525572
0.0437525
0.0415682
0.0551105
0.0476838
0.0550224
0.049131
0.0549036
0.0608212
0.0496795
0.0566841
0.0430679
0.0438804
0.0535267
0.0541227
0.0411585
0.0447309
0.0410022
0.0525124
0.0504082
0.0371453
0.0513771
0.0556379
0.0377935
0.0523993
0.0509369
0.0438598
0.0486751
0.0439264
0.0649161
0.0628906
0.0523899
0.0444404
0.046588
0.04652
0.0468628
0.0663043
0.0494581
0.0664542
0.0444702
0.0501148
0.064987
0.038069
0.0449041
0.0638496
0.0403954
0.0489225
0.0681467
0.0674331
0.0639571
0.0471308
0.0540811
0.0639874
0.0501628
0.0512674
0.0452357
0.0538637
0.0446146
0.0517909
0.0489999
0.0590251
0.045958
0.0458944
0.0538795
0.0424764
0.0462892
0.0445465
0.051651
0.0538982
0.0536539
0.0512383
0.0518113
0.0593071
0.0432922
0.0479165
0.046964
0.0494232
0.0432686
0.06997
0.0583778
0.0416717
0.0537955
0.0500696
0.0511311
0.0556016
0.0468316
0.0546164
0.0373845
0.0477121
0.0482322
0.0627797
0.0458674
0.0553602
0.048014
0.0559295
0.0516093
0.0512473
0.0427996
0.033108
0.0464726
0.058383
0.042881
0.0533733
0.0435175
0.0481266
0.0639057
0.0515117
0.0409791
0.0478539
0.0507927
0.0512324
0.0546425
0.0522314
0.0747626
0.0473301
0.0543678
0.0502272
0.051619
0.0436978
0.0485885
0.0615321
0.045571
0.0411873
0.0562432
0.0429277
0.0467138
0.0652113
0.0605142
0.0554532
0.0501427
0.0470009
0.0577828
0.050205
0.0459745
0.0449579
0.0556172
0.0496674
0.0469307
0.0530613
0.0436671
0.051289
0.0560025
0.0511918
0.0432818
0.0534527
0.0457567
0.0644278
0.0405878
0.0522787
0.0472902
0.0482407
0.0434702
0.0432755
0.0525648
0.0484972
0.0541431
0.0532579
0.0395891
0.0499633
0.0507175
0.0698529
0.0495986
0.0450669
0.0463685
0.0487767
0.0517364
0.0545764
0.0350469
0.0614553
0.0506743
0.04788
0.0434619
0.0454669
0.0532846
0.0470741
0.0378334
0.0650827
0.0413218
0.0612903
0.0480541
0.0543752
0.0600718
0.0484032
0.0633371
0.0444838
0.0360365
0.0451585
0.0452327
0.0607841
0.0587109
0.0501989
0.0424896
0.0423964
0.0686978
0.0542893
0.0434837
0.0575741
0.0462063
0.0630377
0.0524148
0.0695203
0.05646
0.0439515
0.0472828
0.0475511
0.0607332
0.0561237
0.0398391
0.0465566
0.0461329
0.0541048
0.0510659
0.0403187
0.0551397
0.0499747
0.0461078
0.0367926
0.065375
0.0438075
0.0506134
0.0545357
0.0556438
0.0473687
0.0505335
0.0565092
0.0576172
0.0510616
0.0480968
0.0549017
0.0599487
0.050122
0.0583151
0.0520557
0.0595507
0.0395471
0.0415938
0.0329753
0.0405464
0.0616802
0.0534415
0.0469902
0.0532624
0.0564901
0.0405742
0.0559979
0.0413815
0.0498803
0.0553215
0.0676381
0.0652627
0.0368961
0.0382602
0.0513339
0.0597993
0.0589506
0.0437819
0.0570439
0.0444308
0.0488438
0.0475703
0.0403663
0.0477052
0.0387802
0.0463928
0.0459528
0.0669756
0.0373125
0.0514892
0.046182
0.0569028
0.054402
0.0514627
0.0531416
0.0397472
0.0590546
0.049513
0.0689337
0.0487422
0.0537216
0.0514911
0.0419987
0.0442637
0.0463373
0.045451
0.0477383
0.0443174
0.0440009
0.0455797
0.0426704
0.0483775
0.0415196
0.0654695
0.0463909
0.0514105
0.0401026
0.0408571
0.0516633
0.060102
0.0468846
0.0444846
0.0476543
0.047741
0.0484199
0.0395822
0.0498281
0.047307
0.0502506
0.0479738
0.0433238
0.0574189
0.054434
0.069353
0.0489106
0.0390708
0.0648706
0.0495726
0.0491716
0.0503582
0.052493
0.0530103
0.0417925
0.0598229
0.0435836
0.0472015
0.0605666
0.0500258
0.0498143
0.0519358
0.0529363
0.0496296
0.0521689
0.0390604
0.0576705
0.0579067
0.0463258
0.0564148
0.0614195
0.0467059
0.0526813
0.0509412
0.0542422
0.0536549
0.0522307
0.0468094
0.0452562
0.0608025
0.057697
0.064858
0.0549506
0.0479556
0.0516506
0.0495426
0.0468804
0.0664079
0.0371987
0.0521999
0.0442542
0.0539836
0.0621861
0.0575301
0.0632509
0.0589688
0.0423617
0.0628044
0.0574084
0.0424053
0.0613394
0.0670861
0.0514949
0.0517629
0.0409678
0.0583224
0.047102
0.0456419
0.0575189
0.0441258
0.0375066
0.0492081
0.0446838
0.0553603
0.0455511
0.0403177
0.0444478
0.0499384
0.0541726
0.0450376
0.0397263
0.0461374
0.0652858
0.0545479
0.0454301
0.0567362
0.0391989
0.0483712
0.049225
0.0458311
0.0340649
0.0592961
0.0463151
0.0536823
0.0343718
0.0490197
0.0513518
0.0442683
0.0473646
0.0467811
0.0552199
0.0511328
0.0530555
0.0398525
0.0448114
0.0562379
0.0489321
0.0591045
0.0583723
0.0554627
0.0599368
0.0488127
0.0329228
0.0568109
0.046861
0.04238
0.0540615
0.0551776
0.049498
0.0527832
0.0513478
0.0551018
0.053641
0.0559486
0.0482722
0.0640059
0.0594455
0.0556378
0.0445085
0.0585832
0.0488201
0.0596128
0.0497874
0.0655481
0.0531529
0.0457707
0.0567798
0.0442598
0.0422299
0.0466995
0.0677928
0.0550085
0.0440397
0.0611092
0.0526109
0.0481457
0.0403408
0.043137
0.0586685
0.0432157
0.0328209
0.0495021
0.0508677
0.058543
0.0483478
0.0546407
0.0447077
0.0418021
0.0590281
0.0683756
0.0631506
0.0575672
0.0487025
0.0483616
0.0440208
0.0574898
0.0681809
0.0472588
0.0547854
0.045841
0.0526875
0.0593522
0.0563452
0.0441946
0.0449278
0.0434013
0.0493974
0.042596
0.053193
0.0494637
0.0474423
0.0433551
0.0452296
0.0529114
0.0524653
0.0652703
0.0374149
0.0393764
0.0534983
0.0461264
0.0515132
0.0541354
0.0506388
0.0532606
0.0577086
0.0549281
0.0450486
0.0460527
0.0625061
0.0665066
0.0598808
0.0605106
0.046582
0.0602811
0.0468177
0.0451999
0.0462729
0.04877
0.0588893
0.0541699
0.0423252
0.0494176
0.0493296
0.0442726
0.0475429
0.0442831
0.0609921
0.0481719
0.0530761
0.0468512
0.0480333
0.043387
0.0405418
0.0542496
0.062413
0.0637768
0.0421236
0.0369271
0.063841
0.064731
0.0520726
0.0530216
0.0438197
0.060606
0.0497539
0.0544741
0.0512672
0.0564801
0.0408389
0.0484112
0.0493968
0.0486772
0.0510805
0.0614982
0.0481139
0.0611533
0.0455079
0.049816
0.0403316
0.0469894
0.0562708
0.0534525
0.0648523
0.0392156
0.0449191
0.0371256
0.0455074
0.0686038
0.0581698
0.0372737
0.0587546
0.0444261
0.0443102
0.0679479
0.0554216
0.0524625
0.0424433
0.0487139
0.0456309
0.0432859
0.0423183
0.04013
0.0498748
0.071128
0.0340888
0.066239
0.0511194
0.0470257
0.058817
0.0513194
0.0429736
0.0612796
0.047994
777777