2.40007
999999
0.123723
-0.135214
-0.0529197
0.0751502
-0.100655
0.130019
-0.18882
0.096331
-0.166261
0.17509
-0.106348
0.0324131
-0.307902
-0.0970557
0.07817
-0.276997
0.0485291
0.025214
-0.0470874
-0.145596
0.0655365
0.0254074
-0.107215
0.111648
0.0704436
-0.092552
0.134576
-0.226833
-0.0774568
-0.168797
-0.322423
-0.063652
-0.240755
0.135943
-0.075365
0.0474352
0.185053
-0.0399384
0.0658925
-0.011121
0.210068
-0.0345338
-0.0673379
0.00998518
-0.0187788
0.141549
-0.0316224
0.101984
0.0332032
-0.0432637
-0.19971
-0.149529
0.109142
-0.128944
0.0578009
-0.0726653
-0.281397
0.146619
-0.0611481
0.0563226
-0.133792
-0.200548
0.184546
0.199083
-0.105993
-0.395231
0.128483
-0.0303762
0.0782627
-0.00762576
-0.21775
-0.0222968
-0.0602993
0.121414
0.0216132
0.11285
-0.113458
-0.0679976
-0.0695208
-0.0549581
-0.0882518
-0.165421
-0.243007
0.201719
-0.10051
0.161524
-0.0330374
-0.165809
-0.105657
-0.0986672
-0.129597
-0.0429618
0.242745
0.221591
0.188179
-0.0140611
0.169429
-0.159172
0.0123451
-0.143095
0.0418627
-0.245776
0.187646
0.0178597
-0.160018
-0.184235
-0.0380496
-0.0848422
-0.12858
-0.198392
0.107823
0.279984
0.00737288
0.105182
-0.0912323
-0.00683144
0.182359
0.23648
-0.0889212
0.161417
-0.142609
0.214861
-0.0909416
-0.110216
-0.0445567
-0.0169885
-0.0483623
0.0421922
-0.245682
0.100434
0.134938
-0.041476
-0.0890902
0.081041
0.220226
0.108504
0.0225753
-0.161627
-0.264657
-0.0557689
-0.161371
-0.0439879
-0.0291846
0.246756
-0.142235
0.138357
-0.150657
0.190502
-0.171556
-0.0679705
0.186125
0.0665072
0.123215
0.142469
0.200897
0.144768
0.218036
-0.18514
0.0182097
0.234362
-0.184756
0.0158131
-0.256081
0.235533
0.0467713
-0.147268
0.116918
-0.131292
-0.216095
0.227271
-0.0553838
0.0688759
-0.239078
-0.119909
0.088429
0.140167
-0.0947298
0.0648869
0.0076191
-0.0964745
-0.141572
-0.0504536
-0.115815
-0.101221
-0.0730024
0.113212
-0.0820786
0.126879
-0.192324
-0.0718351
0.0476168
-0.00434736
0.219319
-0.0341022
-0.144822
0.0837647
-0.0209785
0.113662
0.169103
-0.0460217
-0.203863
0.131128
0.0984044
-0.0680072
0.120918
0.0574606
0.203921
0.0381291
-0.0211669
-0.0366885
-0.1444
-0.0760517
0.159872
-0.0726363
0.101513
-0.0861394
-0.167131
-0.106816
-0.149059
-0.102261
0.0882708
-0.206913
0.0622885
0.0201922
-0.0759271
-0.0588131
-0.077927
0.167796
0.0336367
0.0436585
-0.175601
0.121814
0.204625
-0.0338359
-0.212766
0.0967912
0.144219
-0.130461
0.0986572
-0.206367
0.109756
-0.0740418
0.0978149
0.0266892
0.171955
0.144272
-0.120902
0.0832632
-0.192931
0.112369
0.0221582
-0.00426874
-0.0715332
0.149655
-0.0647647
-0.140874
-0.25524
0.000505785
-0.108033
-0.193686
0.14355
0.0301659
0.0835859
-0.109316
0.257285
0.112237
-0.190115
-0.00745593
0.0787739
-0.0833712
-0.0431602
0.0220852
-0.0714498
0.238835
-0.084423
-0.13044
-0.161496
0.0494576
-0.0531468
0.186154
0.237343
-0.0988608
0.0162822
0.264763
-0.00804342
-0.0112984
0.0175845
-0.137994
-0.0477786
0.0696436
0.0853668
-0.0238836
0.208918
0.0112873
-0.106406
-0.0163063
-0.0217891
0.101511
0.0214288
-0.0936057
-0.183882
-0.0209774
-0.0884193
-0.141466
-0.120984
0.145819
0.0423026
0.00704269
-0.057838
-0.0326744
-0.108159
-0.0794026
0.130145
0.152041
0.217365
0.0293336
-0.256164
0.0715344
0.247992
-0.238762
-0.0312726
0.0481942
0.0144432
-0.074718
-0.208848
-0.246286
0.177596
0.147878
0.189435
0.122328
-0.342842
-0.220582
-0.321519
-0.09315
-0.119245
-0.0649321
-0.0637553
0.0857943
0.176109
-0.240106
-0.318839
-0.299944
0.11203
0.00116067
0.239703
0.161222
0.0812957
0.0528062
0.0957431
-0.0143186
0.242205
0.277221
-0.1118
-0.0649782
-0.0631785
0.136627
-0.120986
0.0363612
-0.0571351
-0.16336
-0.0319195
0.0184903
0.127737
0.0924077
0.0961284
0.155808
-0.137094
0.217346
-0.146658
-0.077285
0.282657
0.245984
-0.173289
-0.273378
0.127901
0.0136515
0.0575008
0.00342347
0.0114869
0.193676
-0.0888618
0.285127
0.133195
0.165448
-0.00534816
0.0356111
-0.109451
-0.109954
-0.110365
-0.0934894
0.116527
0.0545303
0.129387
-0.0917995
-0.0311464
-0.220792
0.105454
0.0915589
0.146837
0.0433111
0.031043
-0.0327208
0.261225
-0.0187777
0.127922
-0.096078
0.234752
0.131805
-0.00345975
0.00134153
-0.156631
-0.0581269
-0.21039
-0.0831809
-0.202491
0.158607
0.119896
0.112757
0.0135181
-0.240799
0.0689866
0.133261
0.0314579
-0.134417
0.0379097
0.0682375
-0.00137141
0.043889
-0.150882
-0.0465838
-0.0662665
0.0261549
-0.167212
0.203727
-0.0160374
0.170101
0.147738
0.18683
0.00798054
0.0270713
-0.075847
-0.158262
-0.068248
0.0691662
0.0827202
-0.156766
0.0506492
0.286436
0.042912
0.242847
-0.0424312
-0.0364807
-0.0609723
-0.0528713
0.123138
0.15776
-0.0619955
-0.108403
-0.206133
-0.168142
0.111423
-0.0327819
0.0499355
0.00665967
0.0871067
0.211747
0.249582
-0.0991594
0.00965054
0.124831
-0.0227162
-0.0871927
-0.169802
0.120207
-0.171986
0.0829234
-0.0756671
-0.129014
-0.134231
-0.167955
0.196518
0.023266
-0.202342
-0.125216
-0.012883
-0.208186
-0.0605096
-0.0490344
0.0941433
-0.123315
0.141314
0.0855311
0.0417285
0.109286
-0.0286386
0.240113
-0.164646
0.195507
0.300519
-0.137366
-0.214262
-0.0560595
-0.278584
-0.26994
0.10432
-0.127611
0.110108
0.173515
0.105388
0.0418586
-0.236631
-0.0030479
-0.0326105
-0.253114
-0.221829
0.0658086
0.205914
-0.194735
0.285571
-0.373577
0.0217184
0.12218
0.0861365
-0.0301107
-0.167019
-0.169909
0.0801711
0.22674
0.0628026
-0.19717
0.0653303
-0.135951
0.0240314
-0.0370834
-0.0586891
-0.234115
-0.220772
0.0562635
0.203638
0.0928045
0.246178
0.179513
-0.337791
-0.0834897
0.108475
-0.285431
-0.0368694
-0.0269155
0.17293
-0.120469
-0.189676
0.197161
-0.158192
0.0626301
0.0375087
-0.12242
-0.2445
-0.259981
0.309516
0.065068
0.276687
-0.0873011
0.00228674
0.240394
0.214289
0.0840583
0.171959
-0.0914439
0.204965
-0.0220464
-0.0274698
0.258835
0.155239
-0.0077843
-0.191007
-0.097665
-0.153575
0.269497
-0.00282774
-0.163271
-0.0121415
0.0481755
-0.0472932
0.138878
-0.126185
-0.201815
0.139321
-0.235104
-0.0545179
-0.00164332
-0.317482
0.110217
0.0856239
-0.0635165
0.151521
-0.0217154
0.171812
0.193925
-0.100066
-0.220011
-0.0119657
0.0747903
0.181529
-0.274348
0.128521
0.106577
-0.141325
0.174526
-0.20086
0.106875
-0.166986
0.266243
-0.231274
-0.0317474
-0.214696
0.00299317
0.16754
0.252266
-0.0715812
-0.246699
0.0439885
0.20355
0.252715
-0.157834
-0.0283581
0.0828817
-0.0337411
-0.0582142
-0.213281
0.0274959
-0.00146445
0.170454
0.138583
-0.132397
0.245611
0.010487
-0.214621
0.257253
0.103573
-0.0309542
0.0345069
0.0258567
-0.211336
-0.201959
-0.202736
-0.0744373
-0.261964
0.1635
0.017253
0.108683
-0.279965
0.127959
0.0639757
-0.150515
-0.0630279
0.0166395
0.0560405
0.325932
-0.0874257
-0.183031
0.201241
0.161753
0.089222
-0.17106
0.215033
-0.258878
0.338859
-0.123196
-0.12742
0.115164
-0.145229
-0.0887302
0.0975688
0.0542715
-0.0977764
-0.155301
-0.116677
0.0151287
-0.0543979
0.076177
0.0589063
0.0207346
0.11452
0.0576564
0.0806325
0.128334
0.102888
0.00572885
-0.388106
-0.0825931
-0.0244766
-0.094704
-0.209818
0.0544903
-0.183914
0.161971
-0.233754
-0.131821
0.103089
0.244535
-0.215872
-0.214843
-0.0783936
0.231109
-0.0567384
0.0874429
-0.00690373
0.0586564
0.0712093
0.0948886
0.142196
0.083496
-0.00354657
0.0241305
-0.0892208
-0.214749
-0.0522663
0.132179
0.151597
-0.0734254
0.171196
-0.0927692
-0.0103537
0.0882092
-0.130416
0.124652
-0.0459788
-0.182835
-0.0890589
0.188457
0.0243757
0.207484
-0.159585
-0.191541
0.100745
0.104197
0.166222
0.0192634
-0.0726703
-0.0888357
0.119806
0.0729467
0.118973
0.0625552
0.0394996
-0.130262
0.111957
0.20837
0.0712595
0.0760431
-0.0278619
-0.00970327
-0.129274
0.0439552
-0.158329
-0.302913
0.184231
-0.22443
0.0630341
0.110576
0.212659
0.15243
0.253767
-0.101044
0.0121713
0.192099
0.112242
-0.0692719
-0.130077
-0.0797391
-0.0255927
0.0875945
0.014121
0.0725644
0.0799378
0.0532458
-0.11642
-0.133692
0.195602
-0.138771
0.113929
-0.0575171
0.0596239
-0.228547
0.102317
0.0385529
-0.180757
-0.26423
0.123917
-0.0425465
-0.212777
0.0896652
-0.0505908
-0.203225
0.0235022
0.0856689
-0.348697
-0.0773621
0.177562
-0.2705
0.0347152
-0.159556
-0.0527172
-0.0404569
0.136137
0.0182034
0.0861064
-0.109192
0.0159052
0.254698
-0.131119
-0.0326765
0.181353
0.135355
-0.0299988
-0.0516437
0.113963
-0.0281349
-0.0602795
-0.0858408
0.0613623
0.226452
-0.080873
0.00183396
-0.007558
-0.0268002
-0.00262669
0.153052
0.0145777
0.0620959
0.0793795
-0.11506
-0.0639705
0.15056
0.00723654
0.0287469
-0.0231436
0.164441
-0.0672867
0.0825806
-0.0178538
0.137219
-0.0369646
-0.180933
0.0232928
0.105892
0.297491
-0.12211
0.134373
-0.277646
-0.0579963
-0.250162
-0.218932
-0.0514008
0.249189
0.112338
0.0437933
-0.141968
-0.0870111
-0.286839
0.0522124
-0.0880448
0.181947
-0.0299522
-0.143103
0.0894881
-0.0155838
-0.211786
-0.0123941
0.159071
-0.0176745
0.0958338
-0.143893
0.0148566
-0.182726
0.0850304
-0.041517
0.183226
0.0227808
0.0404673
-0.0466568
-0.069711
-0.172181
-0.125685
-0.153224
-0.354282
-0.217505
-0.0687695
-0.213194
0.0611215
0.0387038
-0.0361856
0.142082
-0.0537816
-0.290826
0.0995035
0.120771
0.0310067
-0.0926781
-0.0452068
0.073058
0.158521
-0.155682
-0.0955677
-0.0116212
0.132547
-0.141904
-0.0184051
0.163309
0.28854
-0.0472753
-0.192145
-0.114257
0.0589505
-0.0876858
-0.3041
-0.159704
-0.210094
-0.0768965
0.184997
-0.00160819
-0.200672
-0.0378487
-0.220826
0.222739
0.0375477
-0.173827
0.00893837
-0.0814712
0.138231
0.0350118
0.0109833
0.0387643
-0.0703285
0.212025
-0.125404
0.103913
-0.22302
0.166609
0.0772508
0.177148
0.125298
0.110958
0.0188376
-0.138044
-0.0649253
-0.171087
0.0478365
0.0671627
-0.141833
0.147194
-0.207565
-0.0483137
0.153459
-0.32245
-0.179979
-0.141389
0.240249
-0.0830446
0.0270214
-0.236607
-0.00368046
-0.00490689
0.110732
0.141612
0.0469079
-0.17882
0.101783
-0.259231
0.100777
-0.166267
0.208106
-0.206475
-0.168993
-0.1124
-0.122928
0.0266515
-0.222975
-0.125775
0.121568
-0.0481163
-0.374723
0.113487
0.184415
0.230905
-0.159256
0.101039
-0.140855
-0.164488
-0.0100055
-0.268947
-0.029032
0.0173928
0.151787
-0.0648837
-0.1336
-0.00897677
-0.0277815
-0.122799
0.11042
0.0910345
0.196382
-0.0276788
0.0633064
0.190769
0.0832133
-0.297658
0.0878821
0.0689244
0.0393003
-0.176765
-0.0772462
-0.0934791
0.181078
-0.0333066
0.321446
0.0313975
-0.04321
-0.11403
-0.136199
0.385343
-0.198572
-0.196599
-0.0765472
0.0516998
0.051273
-0.0158016
0.12418
-0.00969595
-0.0114946
0.427023
0.0352114
0.110292
0.0408774
-0.0933449
-0.0451124
-0.0775071
0.255347
0.15913
-0.0794574
-0.209929
-0.281082
0.0372014
0.0260208
0.06686
0.0698917
0.0323619
0.0939503
0.127273
0.0825158
0.119408
0.0916504
-0.163409
0.0950584
0.106067
-0.0874253
-0.0916571
0.123884
-0.148717
0.00151171
-0.0146463
0.165647
-0.207731
0.0428331
0.028953
-0.163652
0.269837
-0.0149762
-0.153783
-0.156294
-0.118324
0.18266
0.0375847
0.00438932
-0.309475
-0.0780932
0.057703
0.00598472
0.0134669
0.017786
0.00655597
-0.0392424
-0.0508935
-0.039595
-0.114765
0.115336
0.0725342
0.0360119
-0.0990327
-0.182494
0.00954633
0.0344001
0.232976
0.143782
0.0869289
0.0501381
0.0593164
-0.0360334
0.0391547
0.0354368
0.182427
0.151303
-0.186736
0.22556
-0.245775
-0.024828
-0.170046
0.356527
0.0243667
0.0562054
-0.133652
-0.14865
0.052933
-0.00912723
0.00640241
0.125628
-0.182386
-0.0754098
-0.107491
0.185006
-0.113701
0.108814
-0.0291777
-0.0528
-0.0451102
0.048323
0.0442918
-0.0527117
-0.191303
-0.129892
-0.0989453
0.139961
0.248093
-0.11945
-0.192932
0.0785125
0.24684
0.189352
0.137116
-0.147872
0.0716689
0.0248242
-0.124594
0.0929062
-0.150199
-0.189932
-0.0494276
-0.064998
0.0878521
0.102929
-0.304566
-0.150641
0.0267485
0.189271
-0.0635151
0.148535
0.0910158
0.212178
0.0391958
-0.0115845
0.0521291
0.0324553
0.0861014
-0.188984
-0.335419
-0.15539
0.0667025
0.143167
-0.070666
0.270015
0.166496
-0.173183
-0.0225402
-0.134409
-0.00769843
-0.107259
-0.0416792
0.0721936
0.0471867
0.161092
0.214476
-0.196934
0.0306655
0.052467
0.148732
0.230486
0.0657167
0.251038
-0.173009
0.0832793
0.0532184
0.0762823
0.251095
-0.372678
0.127994
0.0257552
-0.0206348
0.177778
-0.202118
0.00903787
-0.250773
-0.169893
0.0492521
-0.0513233
-0.130624
0.15606
0.00598899
0.0015904
-0.00255239
-0.124858
-0.168166
-0.17706
-0.122331
0.242118
-0.408042
0.112189
-0.0595794
-0.183462
-0.26864
-0.0104993
-0.0641545
-0.0891357
-0.033535
-0.0855459
-0.259177
0.141415
0.0536921
-0.0100315
0.223878
-0.0889959
-0.0643439
-0.0420816
0.187967
0.151043
0.121101
0.0523961
-0.0536615
-0.0449302
0.117904
-0.156023
-0.0809324
0.0180137
0.0134901
0.121691
-0.0408641
0.159668
0.16718
0.10556
-0.00835119
0.0733703
0.0929548
-0.0187491
-0.216371
0.116123
-0.155471
-0.146485
0.0272979
-0.20209
0.0490822
0.173278
0.250004
0.0557129
0.0252279
0.0376926
0.0890681
-0.0584046
0.183364
0.121916
-0.062749
0.0620438
-0.132038
-0.0620257
-0.135885
0.00491245
-0.193997
0.24789
0.036913
-0.0628388
0.083855
0.317373
0.0298462
-0.0522984
0.245491
-0.279402
-0.135071
0.180715
0.138989
-0.164935
-0.19888
-0.128897
0.145149
0.2002
0.231083
-0.169354
-0.144437
-0.151733
0.131103
-0.0929955
-0.0133023
-0.25825
-0.204494
0.188454
0.00217242
0.101134
0.0340861
-0.00635204
-0.0119209
-0.125474
-0.119961
-0.0128114
-0.0941821
0.272047
-0.164915
0.103942
-0.110759
-0.329909
-0.0533352
-0.0877639
-0.310545
0.00882843
0.131641
0.203113
0.0721158
0.307005
-0.13049
-0.381888
0.0184336
0.455365
-0.00709416
-0.178258
-0.158609
-0.0777683
-0.354397
0.149709
0.171874
-0.0887401
-0.15555
-0.268248
0.0466348
-0.20175
-0.0227845
0.0292607
-0.0435252
0.239838
-0.017904
-0.0691722
0.124456
0.0681213
0.116365
0.103877
0.0147748
-0.100332
-0.176629
-0.130582
-0.0232699
-0.181006
-0.0575853
-0.155525
-0.118456
-0.0578246
0.0458364
0.0859183
0.111917
0.323083
0.119223
0.047159
-0.178892
-0.0172203
-0.0553415
-0.0169287
0.0270559
-0.110286
0.127581
0.255599
-0.049181
-0.0998133
-0.0702171
0.14801
-0.0222228
0.180691
0.154566
-0.180039
-0.0748401
0.0713229
0.193552
-0.0533669
-0.159838
0.149798
0.186668
0.0546188
0.12443
-0.0760667
0.0130275
0.140319
-0.100797
0.100736
0.161136
-0.148242
-0.0902877
-0.245097
0.229913
0.0306402
0.118777
0.016862
-0.11908
0.0578213
0.0944741
-0.0156683
0.14881
-0.242957
-0.370234
-0.105041
-0.229093
0.17054
-0.161555
0.0934268
-0.0255455
0.209376
-0.166355
-0.0110608
0.0251507
0.226124
0.0549752
-0.180631
0.100835
-0.303433
0.0859001
0.14841
-0.212546
-0.0656312
0.049707
-0.127275
-0.118101
-0.149998
-0.192681
0.248683
0.00795968
-0.227571
0.052319
0.00797657
-0.0770187
0.19118
0.216111
0.106354
-0.321004
-0.137129
0.138331
-0.0352372
0.105838
0.00744943
0.0954393
0.0953009
-0.0552128
-0.130383
-0.160381
0.114896
-0.15724
-0.00270011
-0.148518
0.0628086
-0.0870861
-0.092568
0.185027
0.207618
0.0841753
0.0813618
-0.0731413
-0.00998081
0.0141449
-0.00884038
-0.00327791
0.0630541
0.0699439
-0.115922
0.206303
-0.182401
0.00333995
-0.343362
0.0145444
0.189426
-0.200549
-0.061597
-0.082538
0.148525
-0.059357
-0.0607803
0.221877
-0.0519616
0.129683
-0.122697
-0.0862649
-0.124626
0.212059
-0.00318036
0.0947952
-0.101993
-0.171738
0.173709
-0.221518
0.164809
-0.080778
-0.0465517
0.081078
-0.116559
0.00629712
0.131333
-6.12325e-05
-0.181879
0.208549
0.165082
0.0798313
0.0397062
0.00237035
0.0738686
-0.116108
0.0529569
-0.075552
0.0636915
0.103192
0.0178864
0.0450122
0.115403
-0.174455
-0.103472
0.219642
-0.0716299
0.21755
-0.125526
-0.00616463
-0.139005
0.27566
-0.171957
0.235441
-0.00843462
0.142387
0.102243
0.247233
0.146704
0.165826
-0.186899
0.116917
0.03584
-0.0991788
0.125136
0.223998
-0.0425861
0.0413284
-0.0670653
0.14851
0.168812
-0.0511285
0.0931252
0.0927873
0.0762161
-0.221509
-0.273164
0.121283
-0.18931
0.211339
-0.0522719
-0.10446
0.104579
-0.225177
0.165982
0.0639496
-0.275307
0.157297
-0.342868
-0.00868127
0.0487971
-0.142813
0.0642297
-0.00252948
0.18057
0.00085188
0.343644
-0.0233189
0.16551
-0.331058
-0.00429894
-0.0685125
0.0204402
0.17558
0.249543
0.12303
-0.0414528
0.0454746
0.0634325
-0.118133
-0.110664
0.124818
-0.0488333
0.211029
0.0283692
-0.269199
-0.000958895
-0.0690995
-0.190935
0.0502177
-0.0771967
-0.142047
0.262364
-0.154277
-0.0852951
-0.0419532
0.116858
0.0223634
-0.106872
0.237509
-0.088163
0.0315093
0.151341
-0.0145038
0.175994
-0.0863005
-0.0774907
0.0528038
-0.196249
-0.201821
-0.00287979
0.0629455
0.0117732
0.0805361
0.00126306
-0.195255
0.204839
0.167217
-0.0574027
-0.294239
-0.168893
-0.134124
0.0432574
0.10827
-0.115503
0.0826682
0.0185899
0.154803
-0.0443861
-0.210259
0.199031
-0.0436169
0.371673
0.074974
-0.0240853
0.224347
0.296003
0.19936
-0.0141531
0.0265167
-0.0277556
-0.0872028
-0.12151
-0.124555
0.00623698
-0.047208
0.136393
-0.215031
0.0363165
-0.0372771
0.0974345
-0.0944598
0.0916797
-0.03203
-0.135222
-0.102577
0.29905
-0.124297
0.157358
-0.145335
0.158031
-0.192787
-0.0439262
-0.142291
-0.161218
-0.0770273
-0.077094
0.167143
-0.0813173
-0.0669686
0.0162703
0.105685
0.220348
-0.10734
0.208071
0.107005
-0.13511
0.0515779
0.0465689
-0.0471778
0.105333
888888
0.0399199
0.0479654
0.0461749
0.0589367
0.0609153
0.0560427
0.0456518
0.0436556
0.0540864
0.0534854
0.0530643
0.0419173
0.0518457
0.0390686
0.043275
0.045443
0.0497474
0.0559963
0.0420685
0.0561844
0.0566125
0.0599953
0.0530702
0.0443741
0.0570439
0.0478358
0.0724773
0.0616404
0.0474596
0.0369836
0.0924616
0.0559976
0.0507665
0.0372552
0.0480944
0.059016
0.0602788
0.0412785
0.0617961
0.0458278
0.0501782
0.0586817
0.0447665
0.0431963
0.0541283
0.0513244
0.042214
0.049543
0.0516583
0.0403151
0.0472941
0.0543255
0.0401747
0.064444
0.0372035
0.0491734
0.0483864
0.067541
0.0494412
0.0450622
0.0523911
0.054501
0.0441711
0.0532016
0.0611948
0.056866
0.0472517
0.0419185
0.0445362
0.0442164
0.0566848
0.0443598
0.0552309
0.0447363
0.0444047
0.0418081
0.0540547
0.0430405
0.0732658
0.0374515
0.0509009
0.0538796
0.0362565
0.0504689
0.0493737
0.0424981
0.0391325
0.0694503
0.0500455
0.0695958
0.0635009
0.0618869
0.0486171
0.040012
0.0473771
0.0463021
0.0484362
0.0376668
0.0491322
0.0470254
0.0532921
0.047691
0.0510909
0.0473664
0.0406272
0.0567687
0.0562873
0.0716263
0.0517515
0.0298086
0.0445427
0.0675108
0.0485698
0.0550656
0.0757783
0.0483852
0.0390157
0.0634145
0.0485508
0.0617569
0.0492395
0.0520955
0.0480586
0.0363527
0.0527478
0.0468623
0.0565595
0.0506201
0.0404991
0.0534023
0.0405076
0.058401
0.0605076
0.0625259
0.0535458
0.0415498
0.0430674
0.0527309
0.0637986
0.0531693
0.0698243
0.0485238
0.0501393
0.0611409
0.0433214
0.0714538
0.0478352
0.0350511
0.0416127
0.0472263
0.0385055
0.0504789
0.0352908
0.0475864
0.0521246
0.0487311
0.0550731
0.0569401
0.0429414
0.0490447
0.0729787
0.0577163
0.0532499
0.0680659
0.0421505
0.0477232
0.0462925
0.0570589
0.0704217
0.0692216
0.0646294
0.0550653
0.0635571
0.037049
0.0434963
0.056483
0.0535269
0.0526975
0.0467531
0.0625461
0.0586619
0.0371068
0.0649734
0.072109
0.0332168
0.0549194
0.0512316
0.0617875
0.064069
0.0552623
0.0754803
0.0462144
0.0538926
0.063135
0.048078
0.0434458
0.0425043
0.045532
0.0566784
0.0531512
0.0475288
0.0558794
0.0462585
0.0565947
0.0532631
0.0471616
0.0658356
0.0458256
0.0469546
0.0699266
0.0665454
0.0376
0.0428047
0.0527319
0.0368609
0.0467965
0.0542096
0.0529507
0.0514152
0.0552718
0.0406919
0.0460716
0.0612502
0.0519587
0.0422012
0.0450417
0.0555566
0.0487956
0.0402086
0.050682
0.0417814
0.0569399
0.0603378
0.0471948
0.0409378
0.0480303
0.0428673
0.0386194
0.0608903
0.0403457
0.0542794
0.0460445
0.0366424
0.0442338
0.0548403
0.0447178
0.0307215
0.0727974
0.0627903
0.0398317
0.0444737
0.0513763
0.0415376
0.0457162
0.046683
0.0470562
0.0694392
0.05462
0.0584139
0.0758333
0.0530896
0.0639265
0.0280136
0.0736502
0.0448228
0.0591383
0.0567855
0.0469
0.0478776
0.0719638
0.040373
0.04971
0.0361537
0.0377868
0.0456573
0.0396431
0.0508968
0.0315427
0.0434646
0.0363543
0.0495388
0.0413536
0.0501745
0.0580518
0.0403763
0.0551484
0.0389212
0.0559862
0.0421095
0.0488222
0.0505507
0.0465232
0.0581309
0.0560367
0.0411612
0.0347956
0.0741706
0.0398471
0.0689546
0.0622387
0.0659464
0.0481435
0.0458249
0.0771483
0.0623609
0.0439348
0.0420395
0.0439552
0.0368372
0.0569851
0.0397412
0.0628784
0.0465917
0.0502624
0.0476724
0.0463177
0.0521444
0.0552345
0.0319419
0.0664378
0.0532
0.0435951
0.0484674
0.0424271
0.0478466
0.0649515
0.0497408
0.0603231
0.0400777
0.0604615
0.049047
0.0450597
0.0600646
0.0336053
0.0433006
0.0480336
0.0535642
0.0538134
0.0461265
0.0539242
0.0527037
0.0834843
0.050154
0.0489753
0.0433556
0.0391221
0.0470704
0.0423032
0.0390508
0.0578446
0.0413232
0.0418189
0.0567514
0.0537909
0.0411499
0.0540522
0.0531329
0.0581207
0.0756101
0.0406777
0.0704638
0.0510896
0.0524921
0.0719993
0.0638396
0.039967
0.0505401
0.0656288
0.0579841
0.0540906
0.0486959
0.0684462
0.0726056
0.0422306
0.04853
0.0538601
0.0296436
0.0370317
0.0479056
0.0656632
0.0467528
0.0506647
0.0461656
0.0604963
0.0602008
0.0378388
0.0430246
0.0557725
0.0445658
0.0738363
0.051184
0.0569879
0.0428411
0.050396
0.0536676
0.0453914
0.0517239
0.0466281
0.0562437
0.0439157
0.0510998
0.0468019
0.0616223
0.0585049
0.0371412
0.0556902
0.0439286
0.0455155
0.0364626
0.0377095
0.0538134
0.0525764
0.0440237
0.0662923
0.041779
0.0368208
0.0415142
0.0567718
0.0504609
0.0441711
0.0390072
0.0627245
0.0556504
0.063983
0.0444358
0.0492201
0.0461113
0.0366609
0.0531399
0.060793
0.0394987
0.0430775
0.0448152
0.0459022
0.049222
0.0573265
0.0588925
0.0571195
0.0593391
0.0467646
0.0483172
0.047951
0.0525298
0.0437973
0.0542622
0.0439102
0.0447472
0.0659599
0.0495638
0.0653507
0.0384193
0.0439022
0.0583225
0.0631656
0.0542023
0.0563694
0.0634863
0.0824568
0.0522573
0.0467696
0.0419408
0.0593082
0.0575363
0.0460941
0.0414581
0.0414338
0.059957
0.0491511
0.0444766
0.0634613
0.0581755
0.0418343
0.0622443
0.0496036
0.0426523
0.050126
0.0540352
0.0377513
0.0384645
0.0512467
0.0696938
0.0493791
0.0318996
0.0521253
0.0443144
0.0350835
0.0486168
0.0610237
0.0374552
0.0624702
0.0595167
0.0584823
0.0484601
0.0410689
0.043995
0.052741
0.0415567
0.0565791
0.0506928
0.0527771
0.0537508
0.0485717
0.0544328
0.0517286
0.0398536
0.051533
0.0531666
0.0543014
0.0477494
0.0405651
0.0631347
0.0582592
0.0541833
0.0492872
0.0815545
0.0676489
0.0309424
0.049645
0.0649592
0.0670581
0.0529033
0.04503
0.0610871
0.0610492
0.0460578
0.067091
0.0374636
0.0412872
0.0715522
0.0399318
0.0834978
0.0450435
0.0458936
0.0491474
0.0458294
0.0564495
0.0673754
0.0462114
0.0676059
0.0641044
0.0461798
0.0481397
0.0669027
0.0479576
0.0288746
0.0564087
0.054017
0.0401229
0.0527518
0.0663106
0.0576229
0.0557557
0.0364118
0.0597038
0.0553361
0.0430864
0.0424134
0.0500173
0.0496766
0.0608107
0.0499507
0.0592808
0.0508796
0.0532871
0.0373155
0.052306
0.0512416
0.0424998
0.0503272
0.0412288
0.0444632
0.0603645
0.0553085
0.0431385
0.0654009
0.0348505
0.0736163
0.072988
0.0515703
0.046558
0.0461405
0.0587272
0.0350484
0.0495645
0.0488846
0.0524802
0.0503939
0.051045
0.0641911
0.0504922
0.0401046
0.0466808
0.0466878
0.0295018
0.044069
0.0676148
0.0541069
0.0552018
0.0632069
0.0622374
0.0522376
0.0690663
0.0487484
0.0532457
0.0686848
0.0784562
0.0451037
0.0480648
0.0657294
0.0462273
0.056299
0.0475967
0.0420272
0.049994
0.0461933
0.0493624
0.0468401
0.0580947
0.0560003
0.0622632
0.0454599
0.0449762
0.0505928
0.0615594
0.055526
0.0585533
0.051738
0.0515105
0.0500809
0.0417815
0.0429417
0.0415716
0.0577584
0.0417869
0.0458692
0.0463314
0.0554314
0.0387888
0.0756402
0.0572474
0.0523652
0.0408305
0.0616139
0.050615
0.0590613
0.0613482
0.0453802
0.0437413
0.0412918
0.0552455
0.0563255
0.0519231
0.0340559
0.0393294
0.0529934
0.0725994
0.0444046
0.0588264
0.048917
0.0764254
0.0508252
0.0360211
0.0474667
0.0395486
0.0521741
0.0459333
0.0604049
0.0438048
0.0624694
0.0574981
0.0514453
0.047086
0.0476661
0.0566162
0.0668081
0.0487323
0.0490497
0.0523854
0.0517751
0.0641982
0.0514114
0.0562586
0.0629783
0.0457114
0.0473564
0.0520425
0.0495333
0.0432599
0.0704349
0.0488379
0.0633935
0.0479555
0.0486794
0.0379924
0.0572909
0.0617856
0.0509895
0.0334488
0.0500361
0.0455615
0.0537603
0.047525
0.0476201
0.0535302
0.0587173
0.0439388
0.0416322
0.0516673
0.0484873
0.0502355
0.0548241
0.0480545
0.0611144
0.0424067
0.0499808
0.0541895
0.0449397
0.0583596
0.0599389
0.0594631
0.0460776
0.0545228
0.0626299
0.0367986
0.0440104
0.0402807
0.0484477
0.0647603
0.0522671
0.081351
0.0585087
0.0406688
0.0733794
0.0517346
0.0632403
0.0509587
0.0659728
0.0437245
0.0559566
0.0591129
0.0440968
0.0451523
0.0457242
0.0493936
0.0462013
0.0651496
0.0530528
0.0522541
0.050146
0.0401332
0.0384854
0.04777
0.0428807
0.0631073
0.0628632
0.0456421
0.0678409
0.0443297
0.0480878
0.0241454
0.0727523
0.0537018
0.0535799
0.0547051
0.0557265
0.0520683
0.0523432
0.0553142
0.0451864
0.049738
0.0334624
0.0504004
0.0424375
0.0544454
0.0684559
0.047502
0.0546696
0.0512567
0.0596669
0.0715651
0.0562364
0.0546071
0.042854
0.0505348
0.0542295
0.0456467
0.0659041
0.0423467
0.0750245
0.0778313
0.0481113
0.0441139
0.0528567
0.0496044
0.0559415
0.0679073
0.041294
0.0636965
0.0537802
0.0615286
0.0495738
0.0474314
0.0495405
0.0488494
0.0480413
0.0538163
0.0378944
0.0650346
0.0533466
0.0606967
0.0538692
0.0450532
0.0455286
0.0482425
0.0551926
0.0529148
0.0467785
0.0445562
0.0433608
0.0633041
0.0524964
0.0682082
0.0462594
0.0644801
0.0337724
0.0600992
0.0500166
0.0553101
0.0427319
0.0605796
0.0480545
0.0564845
0.0546977
0.0378524
0.0517526
0.0700781
0.0440167
0.0573709
0.0465677
0.0613963
0.0758708
0.0423022
0.0572135
0.0601565
0.0363156
0.0520828
0.0623304
0.048772
0.0471959
0.0428493
0.0389646
0.0474448
0.0504802
0.0514834
0.0481678
0.0796124
0.0474058
0.0432983
0.0289398
0.0586186
0.064676
0.0620656
0.0560119
0.0517532
0.0633948
0.0695432
0.0561338
0.050259
0.0553899
0.0586528
0.0459788
0.0533986
0.0412023
0.0711059
0.0447469
0.0687474
0.0434091
0.0482368
0.0392294
0.0484703
0.0455547
0.0390106
0.0411543
0.0550613
0.0696492
0.0493678
0.0615766
0.0395133
0.0688372
0.0551314
0.053185
0.0407344
0.0404909
0.0381393
0.0584244
0.0615811
0.0359757
0.0480987
0.0651795
0.0613466
0.0449425
0.0522754
0.0525686
0.0759102
0.0589862
0.052263
0.0506979
0.0618388
0.0459444
0.0661992
0.0508226
0.047756
0.0411747
0.0534046
0.0700833
0.073422
0.0529507
0.0530887
0.0724412
0.0524561
0.0513496
0.0357996
0.0525624
0.0560772
0.0615872
0.0457622
0.0590736
0.0524322
0.0576494
0.0443584
0.0560656
0.0421949
0.0532757
0.0706703
0.0354053
0.0689493
0.0419016
0.0440854
0.0665305
0.0345901
0.0451561
0.0552353
0.0399869
0.0407997
0.0456201
0.0442292
0.0523548
0.0558133
0.0467057
0.0548643
0.0359892
0.0571153
0.0458731
0.0609577
0.0455779
0.0496628
0.0421817
0.0613349
0.0505131
0.0483632
0.0520129
0.0390533
0.0745551
0.0571853
0.0913167
0.0612717
0.0496045
0.0398172
0.0542013
0.0535876
0.0491496
0.0614433
0.0507936
0.047535
0.0462216
0.0420304
0.0540437
0.0526978
0.0477855
0.0465935
0.0515877
0.0661003
0.0652495
0.0535178
0.05837
0.0390048
0.0317122
0.0529665
0.0464464
0.0679413
0.0537286
0.0444856
0.047622
0.0493489
0.0405204
0.0570828
0.0592575
0.0703088
0.0545032
0.0609479
0.058261
0.049141
0.0473452
0.0649727
0.0361404
0.0418421
0.0399767
0.0679071
0.0670184
0.0500336
0.0513692
0.0440936
0.0633675
0.0627278
0.0616236
0.0537562
0.0627712
0.0464897
0.0561167
0.0499719
0.0465625
0.0543582
0.0459469
0.062684
0.0802337
0.0557333
0.0445396
0.0472668
0.0475086
0.0487352
0.0584471
0.0642042
0.0551328
0.0536153
0.0417266
0.0380117
0.0613556
0.0653687
0.0696207
0.0427903
0.0600409
0.0509106
0.0555282
0.0438619
0.0668569
0.0448492
0.0593866
0.0412892
0.0575758
0.0594744
0.0375526
0.0605892
0.0640431
0.0668252
0.0599625
0.0536569
0.0428808
0.0416316
0.0573159
0.0599882
0.0494789
0.0538081
0.0458269
0.0406826
0.0540978
0.0412313
0.0459168
0.0586663
0.0405411
0.0540975
0.0562567
0.061206
0.0718513
0.0516173
0.0612438
0.0405324
0.0741448
0.0584399
0.0645302
0.0407089
0.0290821
0.0604464
0.0606315
0.0530443
0.0446602
0.0644328
0.0460513
0.0501753
0.054004
0.0607594
0.0354989
0.0524976
0.0400948
0.0546959
0.0420141
0.041978
0.0478344
0.048073
0.0376404
0.0491149
0.0354242
0.0499875
0.0487347
0.0462054
0.0546201
0.0393078
0.0533162
0.0412469
0.0611098
0.0600417
0.0439599
0.0664269
0.0377166
0.0443804
0.0510338
0.0462241
0.0394019
0.0519472
0.0400343
0.0437911
0.0491972
0.028001
0.0556185
0.055154
0.039191
0.0509817
0.0539911
0.0433075
0.0424133
0.0463606
0.0615496
0.0637413
0.05217
0.0503791
0.046609
0.0467861
0.0516798
0.0686318
0.0523589
0.0633964
0.0413023
0.0696895
0.0624274
0.0474565
0.0420037
0.0625585
0.0381635
0.0426878
0.0597013
0.0722815
0.070609
0.0443272
0.0519781
0.0600038
0.0517226
0.0554507
0.0355102
0.06162
0.0429205
0.044431
0.0519068
0.0554283
0.0412877
0.0454686
0.0604444
0.0487219
0.0542571
0.0362089
0.0588539
0.0607356
0.0503399
0.0520565
0.0535728
0.0568417
0.0476767
0.0455657
0.0500778
0.0491089
0.0496618
0.0695344
0.0558624
0.0432106
0.0591388
0.0473307
0.0491012
0.0604821
0.0477771
0.0572663
0.0356962
0.0481825
0.0543108
0.0713237
0.0419073
0.0556932
0.0527366
0.055651
0.0464116
0.0599976
0.0439542
0.0306133
0.0503154
0.059301
0.0538869
0.049318
0.0468464
0.0505602
0.0631217
0.053634
0.0369687
0.0436191
0.0478115
0.0554343
0.0467971
0.0573573
0.077628
0.0415385
0.0480333
0.050417
0.0557079
0.0447781
0.0528009
0.0658911
0.0426057
0.0370346
0.053926
0.0446384
0.0458237
0.0668489
0.0657981
0.0488004
0.0455664
0.0499504
0.0495709
0.0549765
0.037996
0.0461827
0.0576641
0.0511131
0.047276
0.0616439
0.048797
0.0472744
0.0600826
0.0624351
0.0435054
0.0426262
0.0417401
0.0740564
0.037273
0.0497309
0.0581998
0.0451624
0.0480118
0.0454309
0.0437398
0.046754
0.0567829
0.0534872
0.0404875
0.0446446
0.0487123
0.0762892
0.0589383
0.039521
0.042005
0.0602886
0.0482728
0.0552857
0.0491383
0.0757922
0.0509274
0.0396756
0.0436045
0.0453335
0.0611425
0.0474591
0.0370752
0.0637847
0.0375209
0.0744784
0.0491251
0.0471303
0.0501864
0.0449269
0.0622572
0.050516
0.0413321
0.0390641
0.0459765
0.0568611
0.0679065
0.0436371
0.0501245
0.043923
0.0649892
0.0549676
0.0454085
0.0527004
0.0457971
0.0612183
0.0541976
0.0638962
0.0568573
0.0374099
0.0488383
0.0422679
0.0560893
0.0579023
0.0351802
0.0517254
0.047714
0.0566369
0.0500056
0.0412677
0.0575239
0.0458152
0.0506335
0.0367776
0.0766246
0.0402664
0.0631758
0.0504874
0.0572204
0.052401
0.0611134
0.0626324
0.0701145
0.0583997
0.050934
0.058489
0.0663243
0.0422004
0.0638492
0.058238
0.0633793
0.0389856
0.0438044
0.0300979
0.041305
0.0766446
0.0629563
0.0462909
0.0529878
0.0663931
0.0413436
0.058921
0.0406419
0.0456276
0.0549493
0.0767159
0.0549923
0.0369485
0.0420478
0.0541352
0.0624066
0.0693597
0.0554879
0.0561632
0.0419435
0.0546185
0.0597686
0.0361849
0.0571446
0.039926
0.0452914
0.0450995
0.0799536
0.0351254
0.0435316
0.0400107
0.0653499
0.0533797
0.0551662
0.0651628
0.0346678
0.0583829
0.048165
0.0656225
0.0548213
0.0586852
0.0509592
0.0452383
0.0414445
0.040015
0.0480785
0.041441
0.0412646
0.0472512
0.048762
0.0492486
0.0494934
0.0367268
0.0468241
0.0546077
0.0553258
0.0326098
0.0428815
0.0650857
0.0563034
0.0503526
0.044753
0.050144
0.0417829
0.0449648
0.0401308
0.0666596
0.0458128
0.046125
0.0533816
0.0396107
0.0622852
0.0505458
0.0741368
0.0479165
0.0437073
0.058711
0.048494
0.0454922
0.0515189
0.0456674
0.0546766
0.0371554
0.0579535
0.0433309
0.0439494
0.0517695
0.0472803
0.0433369
0.0459308
0.0511559
0.0415744
0.0522531
0.0368215
0.0595425
0.0629136
0.0506138
0.0604365
0.0463081
0.0509038
0.0582413
0.0605005
0.0575232
0.0486408
0.0513691
0.0465674
0.0332847
0.0679276
0.0549186
0.0710395
0.0546956
0.0430284
0.0412716
0.0478384
0.0418523
0.0734123
0.0344371
0.0646055
0.0470803
0.0579591
0.0765741
0.0627933
0.0682696
0.0521472
0.0541036
0.0619027
0.0553357
0.0479781
0.0731798
0.0614729
0.0467651
0.0461687
0.0451908
0.0574527
0.0465389
0.0521501
0.0606914
0.0421942
0.0347741
0.0475255
0.0428479
0.0536137
0.039663
0.0376084
0.0427909
0.0459095
0.0534838
0.0401427
0.0433842
0.049697
0.0513382
0.0571099
0.0449723
0.0525311
0.0373641
0.0429778
0.0468103
0.0379187
0.0360957
0.0674175
0.0556724
0.0671305
0.0327594
0.047021
0.0555787
0.0427906
0.0477758
0.0533781
0.0574955
0.0502213
0.048868
0.0379603
0.0379272
0.0602023
0.0429835
0.0623664
0.0432177
0.0564798
0.0584331
0.047748
0.0305872
0.0500109
0.0472869
0.0495455
0.054852
0.0570271
0.0535576
0.0471234
0.0495329
0.0558073
0.0567085
0.0568928
0.0418025
0.0637209
0.0568051
0.0574735
0.0447048
0.0478692
0.0415624
0.0567945
0.0503847
0.0606204
0.0538695
0.0395106
0.0612959
0.0420066
0.0459758
0.0469872
0.0760814
0.0655981
0.0386839
0.0508857
0.0549684
0.0442481
0.0386233
0.0431256
0.0587206
0.0459103
0.0324919
0.0575298
0.045551
0.0565003
0.0484318
0.0738295
0.0471409
0.050929
0.055988
0.0619844
0.0544272
0.0598188
0.058147
0.0506893
0.0405067
0.050445
0.0670561
0.0500445
0.0521002
0.0547442
0.0459355
0.0632827
0.0491004
0.0433228
0.0444336
0.0422242
0.0422434
0.051727
0.0587334
0.0347802
0.0485835
0.0419063
0.0463986
0.0505756
0.0482108
0.0550023
0.035954
0.0427199
0.0552149
0.0419573
0.0512841
0.0581339
0.0612222
0.0518757
0.0611607
0.0542061
0.0446564
0.0478503
0.0691365
0.0614714
0.0508024
0.0600341
0.0426297
0.0544778
0.0497104
0.0442822
0.044146
0.0422137
0.0613835
0.0464406
0.041087
0.0552798
0.0433269
0.0400166
0.0507354
0.0419788
0.0542649
0.0490285
0.0536083
0.0453992
0.0482427
0.0523987
0.0391498
0.0506519
0.0646731
0.055396
0.034176
0.034132
0.0645723
0.0595299
0.0549974
0.0501932
0.0475397
0.063592
0.0539971
0.0507233
0.0555054
0.0487294
0.0359328
0.0518526
0.0543217
0.0515484
0.0552687
0.0596825
0.0386694
0.0609139
0.0503201
0.0486955
0.0372758
0.0509238
0.0576303
0.0503737
0.0620765
0.0451698
0.0467119
0.0331348
0.0461996
0.0589302
0.0592953
0.0424866
0.0557774
0.0405847
0.0372112
0.061709
0.0585418
0.0600463
0.0497005
0.0530505
0.0512195
0.0350404
0.0377296
0.039201
0.0435413
0.0637834
0.0371477
0.0710178
0.0538865
0.0432732
0.0531735
0.0435699
0.0496971
0.072228
0.0459276
777777