2.16015
999999
-0.00908729
-0.0276808
-0.0206452
0.0847377
0.165917
-0.113295
-0.188962
0.125185
0.134012
-0.069137
0.0245353
0.137263
0.0563298
-0.0805744
-0.0424009
-0.148302
0.0545465
0.0385266
-0.0491481
-0.0234916
-0.138332
-0.0472701
-0.16839
0.0536148
-0.1711
0.0776219
-0.00114474
0.168762
0.119656
-0.0781933
0.0165309
-0.0249856
-0.0010842
0.0906783
-0.148898
0.170704
0.129338
0.0814802
0.07919
-0.0450316
-0.00317073
-0.0636583
0.0988409
0.0751467
-0.0539181
0.115895
0.0897954
-0.0163202
-0.103295
-0.130471
0.129464
0.0317444
-0.0657985
-0.0720224
0.193761
0.073399
0.0458371
0.0229294
-0.157353
-0.133379
-0.229263
0.0864182
-0.0648346
0.045045
-0.0813617
-0.199735
-0.208201
0.0458016
-0.0202366
0.220408
-0.0083033
-0.0703448
0.17487
-0.231127
-0.0987303
-0.0766967
0.239957
-0.197158
-0.138128
-0.177917
-0.0734139
0.0460781
-0.0600735
-0.165247
-0.154296
0.0595971
-0.115332
0.0306483
0.0579318
0.134249
0.192873
0.154025
0.00632662
0.0470788
0.158754
-0.0518615
0.125037
0.0500499
0.117757
0.0115047
0.0930892
-0.100759
0.0818814
0.0843903
-0.18732
-0.158279
-0.0570949
0.100751
-0.146509
0.17051
0.0148546
-0.175719
0.149083
-0.0748079
-0.00944639
0.0264581
0.0806197
0.0565165
-0.151886
-0.0406897
-0.0307215
0.115565
-0.0537141
0.221786
-0.00729778
0.0459037
0.14802
-0.215042
0.0422371
-0.0413407
-0.178982
-0.0742573
-0.120515
-0.131135
0.0745002
-0.125829
0.0677783
-0.0400394
-0.0371505
-0.116652
0.240309
-0.248593
0.166459
-0.164604
-0.103494
-0.178996
-0.0790149
0.149382
0.147104
0.00766319
-0.0188003
0.025323
-0.118822
0.28003
-0.193322
0.104923
0.11305
0.100774
-0.178543
0.0511829
-0.11874
-0.156096
-0.121416
0.0261788
-0.162109
0.187824
-0.119848
-0.0706239
-0.0789091
-0.0896514
-0.109774
-0.0138448
-0.094874
0.128463
0.0438933
-0.0407638
-0.204221
0.192433
0.0321248
-0.0680083
-0.141174
0.291354
0.0149467
0.191948
0.0264372
0.00721252
-0.0795494
-0.0127123
0.106972
0.147808
-0.103523
0.03981
0.0473036
0.00497631
-0.0618048
-0.0700506
0.155492
-0.0942182
0.130047
-0.138442
0.225579
-0.0114474
-0.11147
0.0994437
0.119915
0.118823
0.186876
0.119351
0.193448
0.122964
0.202809
-0.0777728
0.157706
0.11955
0.0601768
0.0297463
-0.0248455
-0.0477312
0.0590176
-0.0960344
-0.217015
-0.0525718
-0.254532
0.117127
0.0928173
-0.181872
-0.175145
0.0256212
-0.0274731
0.117138
0.136487
0.0394508
0.179752
-0.0551548
0.0682477
-0.0161431
-0.119647
-0.0541582
0.0813526
-0.124305
-0.286264
-0.102853
0.0816187
-0.167036
-0.1524
-0.156392
0.199655
0.150873
-0.238157
-0.20655
-0.0372765
0.0608596
-0.0941205
0.0676222
0.170621
0.161896
0.0327002
-0.161449
0.0340983
-0.183005
-0.0579569
0.10597
0.181355
0.0320073
-0.0445871
-0.138234
-0.202126
0.0319069
0.0867244
0.19911
-0.15753
-0.101847
0.0949212
-0.134165
0.202145
0.0966361
0.0943947
-0.0895743
0.0400224
-0.0688422
-0.212437
0.0553426
0.174679
-0.162546
-0.0692833
-0.0272808
0.0534463
-0.268073
0.0752294
-0.0232128
0.107845
-0.19406
-0.123434
-0.0521955
0.154799
0.206365
-0.0438967
0.117465
-0.106988
0.0431595
0.00913262
-0.0225418
-0.136359
-0.0336055
-0.102317
0.168267
-0.0311895
0.0401641
-0.0618649
-0.0722698
0.0130003
0.101166
0.0169159
0.0815788
0.211268
0.0766894
-0.199127
-0.0170211
-0.00526696
-0.123108
0.0933364
0.0959127
0.0712731
0.00632833
-0.119614
0.257172
0.272858
0.00528699
-0.0152375
0.251057
0.00250593
0.148708
0.0627937
0.10329
-0.092801
0.108397
0.0788956
0.0805384
0.12751
-0.182309
-0.104165
0.140955
0.0537921
-0.10665
-0.109247
-0.0895106
-0.0964768
0.0348061
-0.203623
0.132839
0.0795641
0.109545
-0.191027
0.0122714
-0.0863841
0.0809914
0.100622
0.0815687
0.133159
0.210999
0.0165712
0.0378566
0.124917
0.104464
0.0447613
0.0751821
0.0713364
0.0744051
-0.178111
0.0896442
0.102608
0.0446414
-0.0371758
-0.208579
0.160349
0.00604565
-0.232991
-0.187841
0.0439082
-0.0282592
-0.074872
0.100199
0.144838
0.0823168
0.345059
-0.216267
0.0116179
0.0531825
-0.0385393
0.239459
0.192267
-0.139849
0.0146775
0.12048
0.0627347
-0.112612
0.0197631
0.0989387
-0.0572273
0.0598656
0.107712
0.0570334
-0.0513908
0.144415
0.188905
-0.218131
-0.111784
-0.29725
0.0518835
-0.177612
0.149358
-0.157911
-0.0948242
-0.125595
0.184045
-0.0777867
-0.110344
-0.170633
-0.244177
0.186554
-0.174096
-0.270317
0.105651
-0.0501596
0.137287
0.133308
-0.067383
-0.099428
0.115769
-0.198346
0.247504
-0.110995
-0.0427834
0.0912158
-0.156727
0.0818714
-0.00801843
0.175411
-0.14155
0.179551
0.200756
-0.0716143
0.185822
0.135429
-0.0863843
0.162058
-0.164299
-0.0922497
-0.0228948
0.0285718
-0.0407321
-0.057093
-0.130623
0.0169183
0.0445418
-0.129586
0.0917678
0.164309
0.0768034
-0.229028
0.0126723
-0.100836
0.0360355
-0.150016
-0.121959
0.0372688
0.105072
-0.0842044
-0.0953388
-0.0490168
-0.189731
-0.0354828
-0.132178
-0.104947
0.0975538
-0.176136
-0.126676
-0.166477
0.1955
0.112067
0.248364
-0.0622229
0.099716
0.0415815
0.0969005
-0.153035
-0.101661
-0.0129598
-0.116272
0.0876326
0.0354535
0.13328
-0.0272618
0.120369
0.161128
-0.19412
-0.0293599
0.121026
0.0559711
-0.0444594
-0.11716
-0.150092
-0.209218
0.0621136
-0.0757502
0.192936
-0.10949
-0.0108443
-0.139068
-0.125272
0.151829
0.165332
-0.0348745
-0.152371
0.140864
0.0761153
0.0127982
0.141849
-0.114164
0.101167
-0.285083
-0.0993327
0.17925
-0.187524
0.147583
-0.0467434
-0.109501
-0.0468496
0.16453
-0.224652
0.0775519
0.0585104
0.0360001
-0.0175098
0.192063
0.132324
0.0961145
0.0375215
-0.0221623
-0.0129052
-0.108077
-0.140463
0.0308553
0.14284
-0.144374
0.0760311
-0.155701
-0.331588
0.0220056
0.0523967
0.0683704
-0.201111
-0.0217947
0.136958
-0.147928
-0.0907014
-0.107284
0.0975377
0.0132184
0.200673
0.171383
-0.0701992
0.00224985
0.104639
-0.115075
0.0273798
0.0732447
-0.0743673
0.191401
0.0897669
-0.0799644
0.0983043
0.00689322
0.124012
-0.0158835
-0.241604
-0.142916
0.0560574
-0.155535
0.152469
-0.0604653
0.206154
0.234892
0.0052998
0.149769
0.0412427
-0.126816
0.168422
0.00964225
0.0500606
-0.0722527
-0.00983838
0.163185
-0.137254
0.104002
0.230846
-0.00745706
0.249636
0.0689292
-0.230731
-0.139556
-0.0975066
-0.0481067
0.0514491
-0.0786081
0.0104721
0.08088
0.00469215
0.143652
0.136166
-0.0531364
0.0823417
0.165376
0.0998649
0.00907215
-0.0207559
-0.152128
0.0525169
-0.0547916
0.0500153
-0.165636
0.1064
-0.101335
-0.0511893
0.23752
0.0982935
-0.0211201
0.100429
0.0951768
0.0121306
-0.133324
-0.183394
-0.0284178
0.0962258
0.183773
-0.169266
0.10308
0.222112
-0.106175
-0.0586952
0.0699645
0.0694827
0.22284
0.174315
0.0108137
0.159382
0.201203
0.176357
-0.14549
0.163124
-0.17577
-0.113519
0.0678064
-0.11742
-0.14935
-0.162743
0.0460346
-0.119395
0.127084
-0.0832894
0.175012
0.149024
-0.0654219
-0.237431
-0.0177671
0.200003
0.0766815
-0.0387042
-0.24775
-0.0497712
0.033788
-0.0773326
0.0988339
-0.0149499
-0.162592
-0.0940817
-0.100023
0.159386
0.0781686
-0.0240664
0.118139
-0.2269
-0.148619
0.147464
0.200144
-0.028903
-0.0490859
0.199822
0.132415
-0.0388945
0.195899
-0.0909278
0.0928716
0.127424
0.050344
-0.0523043
0.162264
-0.0658665
-0.00100701
-0.0261727
-0.0560676
0.0994391
0.092802
0.00105772
-0.222763
0.0887359
-0.0201891
-0.241701
-0.191174
-0.215295
0.112616
-0.164065
0.138423
-0.0550251
0.0466029
0.150414
0.232524
-0.159403
0.0988435
-0.0970708
-0.0243074
-0.00800135
-0.0722938
0.0148364
0.10025
0.107046
-0.00231056
-0.057217
0.170491
-0.0640483
-0.151107
-0.0693126
0.0106957
-0.090431
-0.219031
0.115517
0.134436
-0.11572
0.268642
-0.112516
0.0676555
0.154635
0.00370361
-0.168371
-0.10148
0.0274211
0.177617
-0.0178379
0.0859848
-0.134819
-0.0454239
-0.0981416
0.0255646
0.133298
-0.174573
-0.232786
0.133883
0.205935
0.156027
0.0546655
0.18909
-0.0546988
0.269831
0.129216
-0.142218
-0.19331
0.190059
-0.231604
-0.0641416
0.129987
0.00322458
-0.160303
0.130314
-0.0758261
0.199815
0.158584
0.0907464
0.0835245
0.142074
-0.0777997
-0.117305
-0.020513
-0.168887
0.0408374
-0.103328
0.0930415
0.060973
-0.131672
-0.149429
0.136657
-0.212444
0.0578444
0.0329115
0.0611026
-0.00618284
0.0107791
0.151136
-0.0174826
0.204464
-0.0102754
0.178411
0.195196
0.167599
-0.17661
0.141405
-0.0571673
0.157806
0.21107
-0.125566
-0.219426
-0.104814
0.0096076
0.12342
-0.0166
0.0575356
-0.095596
0.0870437
0.169939
-0.0374325
-0.142782
0.0263729
0.289286
0.0508217
-0.0869768
0.0554274
-0.110061
0.0598448
-0.212423
-0.028029
-0.109762
-0.128926
0.0647382
0.131546
-0.0965738
-0.0753315
-0.134481
0.116538
-0.177004
-0.0909817
0.0310163
0.165149
0.0228065
-0.210471
-0.0230606
-0.0601148
0.0288694
0.0614568
-0.0200753
0.139012
-0.039756
-0.0603539
-0.149201
-0.117357
-0.139126
0.180483
0.0132194
0.194292
0.155184
0.198974
-0.0196705
0.00922885
-0.0511635
-0.131357
0.16679
0.118676
-0.173161
-0.0909548
0.21922
-0.0478454
-0.187471
0.139618
-0.188406
-0.0265998
0.0237462
-0.00571796
0.18598
-0.12418
-0.165241
-0.0735173
0.125228
-0.178326
-0.21634
0.255116
-0.200514
0.0685245
-0.0647381
-0.112933
0.119623
0.00598804
-0.0700089
-0.0559677
-0.188303
0.00681445
0.115497
-0.0511287
0.0449464
0.152907
-0.207964
-0.19204
0.163624
0.209566
0.023582
-0.121998
-0.0167155
0.0866815
0.0145238
-0.181356
0.09629
-0.122592
0.0343915
0.0268642
-0.178446
0.0342845
0.0639836
0.118881
-0.119491
-0.137179
0.0634179
-0.0183399
0.0053576
-0.23021
0.0619691
-0.00344661
0.180394
0.156295
0.108831
0.179448
-0.0221989
-0.149254
-0.108056
-0.166285
-0.165418
0.202053
-0.0495969
-0.101804
-0.218483
0.113625
-0.147012
-0.0982843
0.140188
0.185344
-0.0137204
0.0302097
0.0848141
0.00499258
-0.0328308
-0.0768572
-0.0402849
-0.0822045
-0.065537
-0.14808
-0.18238
-0.21009
0.074068
0.283925
0.147997
0.206826
-0.074249
0.241707
-0.0628983
0.00799905
0.151712
-0.0516451
0.12038
0.00172345
0.106439
0.160094
0.0914752
0.133574
-0.109136
0.107708
0.189281
0.0123635
0.214313
-0.143903
0.0539657
-0.225663
0.0916574
0.0781906
0.153715
0.0873924
-0.0943266
-0.0646041
-0.0822685
-0.262489
-0.127794
0.09518
0.214094
-0.154924
-0.0618406
-0.069035
-0.137413
-0.185506
0.10424
0.0490312
0.204181
0.0496312
0.039027
-0.0482567
0.14097
-0.0710235
0.038455
0.186036
-0.0728826
-0.0565708
-0.175578
-0.121131
0.18728
0.00898462
-0.14579
0.0620668
-0.0947387
-0.0538112
0.00915499
0.131133
0.198807
0.0826087
-0.0701411
-0.187122
-0.0206803
-0.0177185
0.0971806
0.0790682
0.217778
0.0261081
0.0146234
-0.154674
-0.117235
0.151783
-0.22732
0.140552
-0.100849
0.170792
-0.106286
0.223238
-0.00797783
-0.0965872
-0.0764335
0.139179
0.180458
-0.115083
-0.054252
-0.015586
0.0258297
-0.111878
0.0571537
0.00525328
0.0127064
-0.200993
0.118946
-0.0213689
-0.264395
0.0389415
0.192644
-0.0196018
-0.0111618
-0.0297099
0.223605
0.164957
-0.163356
-0.0622822
-0.0994773
-0.165338
0.0143811
0.144244
0.126575
-0.208399
0.0289161
0.11386
-0.0905796
-0.101145
0.0812187
0.10451
-0.0720425
0.110531
-0.0625073
0.192176
-0.157799
0.243282
0.134814
0.0346218
-0.00642709
0.193459
0.121656
0.269308
-0.0597757
-0.0600953
-0.024982
-0.191814
-0.0998937
-0.0398117
0.254221
-0.052103
-0.17952
0.0774792
0.133401
-0.0363729
-0.168334
-0.216898
0.0688188
0.095652
0.0726038
-0.178416
0.152617
-0.112387
0.00642463
0.173446
0.108079
-0.124679
-0.0238
0.0167138
0.0951078
0.0746232
0.175998
0.183587
0.0687338
-0.104419
0.0326852
0.22765
-0.0279983
0.0157149
0.240201
-0.133701
-0.263065
-0.188849
-0.117551
0.0563935
0.248765
0.0580925
0.0770843
-0.0935455
0.01172
0.0289117
-0.186778
0.127034
-0.00935673
0.149808
-0.166918
0.10659
-0.0677065
0.1004
-0.12027
-0.150256
-0.181831
-0.230744
-0.146231
0.00506874
0.049029
-0.144211
-0.147754
0.0152357
-0.178737
-0.187926
-0.192954
-0.20641
-0.111844
-0.303726
-0.193336
-0.192797
0.0896565
0.0961673
-0.0144057
-0.139643
-0.231444
0.0667091
0.228729
-0.107648
-0.130418
0.115118
-0.213267
0.207131
0.0256053
0.105158
-0.145195
-0.231386
0.0908499
-0.0450598
-0.0537223
0.143039
0.106222
-0.118996
-0.138413
-0.222762
0.0383495
0.160866
0.133921
0.0852216
0.0116606
0.0790234
-0.25091
-0.120258
0.11457
-0.0367814
-0.0383602
-0.11681
0.0702921
-0.120351
-0.130533
0.145511
-0.176947
-0.190897
-0.120347
0.213942
-0.0641708
-0.169433
0.267426
0.0941108
0.0276085
-0.239147
-0.0300786
-0.0112771
-0.117219
0.130184
-0.0173552
-0.0510564
-0.223235
0.234774
-0.0883637
0.0240494
0.125242
0.012206
0.0895816
-0.110525
0.0210616
0.204862
-0.175225
0.0970134
-0.000136977
0.166901
0.183204
0.0247179
-0.0858545
-0.035577
-0.163184
-0.235573
-0.0987635
0.125843
0.133976
0.140168
0.174532
0.0747762
-0.0614718
0.0328062
0.262557
-0.0223191
-0.132753
-0.163046
-0.06964
0.16316
0.114462
0.0601387
-0.0700144
0.0923165
-0.0032807
0.0219168
-0.205747
0.0887328
-0.141503
0.191207
-0.180207
-0.206934
0.0729317
-0.114831
-0.0593349
0.0145127
-0.00849052
-0.0968347
-0.0580728
0.0125083
0.107077
-0.0363944
-0.232402
-0.118287
-0.127563
0.152257
-0.0489447
-0.0943673
0.0156548
0.192846
-0.0975611
0.165839
-0.0577691
-0.0504651
-0.107471
-0.0525531
0.0480603
-0.107355
-0.0818495
-0.128016
0.114713
0.0167328
0.114563
0.157823
-0.16305
-0.253726
0.069593
0.159079
-0.117645
-0.0394402
-0.0334047
-0.0665684
0.126401
0.00769591
0.187151
-0.179609
0.19429
-0.0926368
0.184891
-0.17936
0.0604369
-0.0136293
0.06825
0.126797
0.200479
0.103515
-0.00137198
-0.0540169
-0.025836
0.0549103
0.0207351
0.08474
0.154587
0.11742
0.0435923
-0.177861
0.0854279
0.171005
-0.138328
-0.18976
0.154842
0.114603
-0.0120102
-0.0190416
-0.103986
-0.0556898
-0.246679
-0.0323294
-0.0523925
-0.163068
-0.0255279
-0.136443
-0.0413754
0.0446675
0.0602134
0.211879
-0.0417491
-0.122475
0.0918795
-0.0464835
0.104333
-0.178249
0.145785
0.137361
0.120528
0.0145431
0.155356
0.176888
0.018841
0.0248541
0.203675
-0.00677552
-0.137186
-0.0234081
-0.0271687
-0.028438
-0.121929
0.0993363
-0.183438
-0.0143488
-0.0377677
0.208228
0.131001
-0.142495
0.191871
0.129165
-0.184924
0.0446814
0.0844507
-0.065171
-0.00214897
-0.0965693
0.175019
0.139719
0.126996
-0.0164531
0.121028
0.26731
-0.0652237
0.131373
0.14395
0.085527
0.0379724
-0.209173
-0.17545
-0.0782276
0.0321317
0.0105025
0.0220307
0.140394
0.10747
0.16604
-0.0104612
-0.139373
0.131964
0.187099
-0.133409
0.0294561
0.220969
-0.00182624
0.207986
0.0793052
-0.00945224
-0.0662965
-0.164721
0.0479938
0.146525
0.117501
0.107622
0.0701919
0.206812
0.113188
0.0327705
-0.0506931
-0.0803491
0.260085
-0.0799917
0.151305
-0.169018
-0.160998
0.0645928
-0.0662634
0.202204
0.0360257
-0.0763187
0.0827668
-0.042478
0.0997544
0.0207277
0.115846
0.056589
-0.202858
0.0409257
0.0303877
-0.137138
0.0491976
-0.00602861
-0.038604
0.026287
0.223783
-0.256623
0.0300826
0.0534085
-0.0632841
-0.126652
0.120393
0.0211237
-0.0807815
-0.035539
-0.162
0.0289924
-0.048783
-0.129167
0.12581
-0.13184
-0.115341
-0.0234853
0.0461305
0.0104214
-0.114203
0.228512
0.180358
-0.122451
0.143267
-0.0323244
0.0260745
0.116238
0.0384867
0.207
0.179829
-0.0369016
-0.0158257
-0.000721029
0.117815
0.109684
0.101254
-0.0696052
-0.0753142
0.0708197
0.0956163
0.256438
0.0675645
-0.0380893
0.105297
0.170061
0.0211548
-0.188431
0.00163952
0.0337611
-0.0341997
-0.0379867
0.222909
0.0632658
0.136728
-0.0445635
-0.173117
-0.139046
-0.135151
-0.237371
-0.14327
0.132016
-0.212337
0.0421722
0.193587
0.0934248
-0.0223417
0.190455
0.235621
0.247805
0.0770091
0.165639
0.190552
0.231571
-0.238737
0.0433995
-0.107116
0.0798345
0.20913
-0.101735
0.0922899
0.143678
-0.0814085
0.22361
-0.287937
-0.119303
0.0363942
-0.144551
-0.204632
0.0141327
-0.00325158
0.0597437
0.109992
0.0844058
-0.21939
0.0394452
0.0302151
-0.0229516
0.00459293
0.0030512
0.0550782
0.021451
0.0113849
-0.165534
-0.213034
-0.142861
-0.0273193
0.241546
-0.177818
0.0539889
0.0631123
0.0792318
-0.0855593
-0.201168
0.00691283
-0.0557369
-0.0734344
-0.101146
0.0542344
-0.0992779
-0.0553514
-0.163557
0.180173
0.211533
0.175758
-0.222811
-0.0982119
0.105898
-0.142277
-0.190483
-0.0482807
-0.142428
-0.0356205
0.160327
0.166179
0.0948376
0.0928278
-0.137441
-0.0709372
0.24346
0.068677
-0.102078
0.0772407
-0.0136732
-0.134903
-0.199701
-0.15443
-0.0643762
-0.109968
0.0734197
-0.120654
0.117678
-0.0406521
-0.0727752
0.14765
-0.139695
-0.00711648
-0.146248
-0.11768
0.0884537
-0.157316
0.024967
0.140242
0.159904
-0.0913666
-0.125251
-0.125721
-0.00550139
0.134666
-0.0937201
-0.0161783
-0.0261367
-0.163415
0.166031
0.141103
0.151628
-0.0852283
-0.10423
0.153083
0.0577349
0.0262113
0.124958
0.0782915
0.104792
-0.144254
-0.0761241
0.071903
0.302727
-0.155956
-0.0840443
0.285163
0.136345
-0.0523024
0.0705272
-0.111549
0.108798
-0.0945564
-0.138455
-0.201478
-0.084581
0.132786
0.0131407
0.16545
-0.139302
-0.085271
-0.00564298
-0.129922
-0.126179
-0.0331655
-0.198236
-0.0955514
0.18701
0.22394
-0.0961051
-0.0766806
-0.204834
-0.285401
0.095555
0.0597634
0.208167
0.243294
-0.0439813
0.0447155
-0.0999159
0.035971
0.204999
-0.222401
-0.092583
-0.229279
-0.210203
-0.0197037
-0.0933628
0.0721374
0.112306
-0.0938553
-0.110403
-0.00106451
-0.0283158
-0.0234775
0.113414
0.207847
-0.0897922
888888
0.0513168
0.0499167
0.0451985
0.0538289
0.0456104
0.0431983
0.0601906
0.0451454
0.0590802
0.0598734
0.0481591
0.0482854
0.0491772
0.0522634
0.0495201
0.0466394
0.0526054
0.0510342
0.0560967
0.0562249
0.0558418
0.0507832
0.0563952
0.0566171
0.0490982
0.042139
0.0469629
0.0522713
0.0522041
0.0493091
0.0438598
0.0509374
0.0510034
0.0599859
0.054878
0.0539827
0.0490564
0.0543452
0.0530177
0.0505592
0.0506882
0.0518958
0.0398038
0.0428928
0.0522554
0.0464155
0.0487822
0.0525476
0.05008
0.0438461
0.0422614
0.0478025
0.0504066
0.0531047
0.0486659
0.0555258
0.0427035
0.0540689
0.0424353
0.0500557
0.0435318
0.037519
0.046712
0.0474973
0.0451454
0.0480133
0.0468947
0.0488752
0.04183
0.0528642
0.0583818
0.0499732
0.0509547
0.0532192
0.0572932
0.0460498
0.0443686
0.0448248
0.0503836
0.0497687
0.0504759
0.0511251
0.0517435
0.0465751
0.0447095
0.0514034
0.0474641
0.0504752
0.0485207
0.0556224
0.0459902
0.0459404
0.045158
0.0534853
0.0469822
0.0520005
0.0439931
0.0597716
0.0490779
0.0457009
0.054445
0.0487595
0.0502458
0.0474462
0.0530574
0.0463755
0.042891
0.053529
0.0517138
0.0505638
0.0503778
0.0466996
0.0504276
0.0404109
0.0590936
0.0468771
0.0452107
0.0450966
0.0418552
0.051234
0.0479692
0.0596819
0.0503679
0.0539652
0.0478859
0.0505235
0.0502114
0.0535207
0.0506399
0.0573104
0.0606305
0.0478648
0.0486469
0.0531566
0.0502194
0.0480054
0.0466313
0.045319
0.0519382
0.0508555
0.0560616
0.0483445
0.0438816
0.0569312
0.0510342
0.0527158
0.0592472
0.0487211
0.0555888
0.0485053
0.0448704
0.0522868
0.0476682
0.0473967
0.0548626
0.041682
0.0559292
0.0457178
0.0571009
0.0453773
0.0501882
0.0429474
0.0468054
0.0467731
0.0495689
0.0603992
0.0500153
0.0398628
0.0510162
0.042648
0.0461187
0.0496677
0.0539056
0.046224
0.0508095
0.0554094
0.0410223
0.0529349
0.0562087
0.0434022
0.0397933
0.0509547
0.043882
0.0453208
0.0541348
0.0490257
0.0488252
0.0548167
0.0481232
0.0469227
0.0480982
0.0469026
0.0565909
0.0470183
0.0587835
0.0475767
0.0588721
0.0431924
0.0513421
0.048217
0.0527426
0.0536125
0.0470455
0.057815
0.0400523
0.0451291
0.0493633
0.0566974
0.0490105
0.046755
0.0473736
0.0559689
0.0535673
0.0464925
0.0517024
0.0543476
0.0531503
0.0487377
0.0469934
0.0593862
0.0514669
0.0510329
0.0434845
0.0596315
0.0418116
0.0535149
0.0479874
0.0436975
0.0605803
0.0499248
0.050582
0.050723
0.0628516
0.0369003
0.051408
0.0555181
0.0568512
0.0542994
0.0490937
0.0601329
0.0651882
0.0483004
0.0463859
0.0525199
0.0527053
0.0470686
0.0561324
0.0491697
0.0476679
0.039936
0.0440325
0.0576886
0.0520096
0.0534519
0.0510298
0.0576467
0.0443089
0.0402958
0.0446251
0.0484044
0.0494897
0.0496271
0.05207
0.0432163
0.0418042
0.0464369
0.0545167
0.049756
0.0532354
0.0405329
0.0490673
0.0435312
0.0438492
0.0411479
0.0453637
0.0500112
0.0459591
0.0532622
0.0498417
0.0522872
0.04421
0.0456951
0.0500353
0.052214
0.0516932
0.0446506
0.0474945
0.0489989
0.0540405
0.0493536
0.0436191
0.0495495
0.0417317
0.0550065
0.0599135
0.0499707
0.0475628
0.0508961
0.0504838
0.0446269
0.0503273
0.0497591
0.049736
0.0543019
0.0593854
0.0518781
0.053084
0.0416387
0.0454872
0.0526131
0.043175
0.0515846
0.0467629
0.059959
0.0524693
0.0464452
0.0535404
0.0410036
0.0419583
0.0426194
0.054216
0.0520844
0.0508951
0.0563198
0.0522859
0.0442626
0.053043
0.0486557
0.0437285
0.0526374
0.0504806
0.0545781
0.0516807
0.0478121
0.0469487
0.0489235
0.0443134
0.0549005
0.0567467
0.0590843
0.0466364
0.066473
0.0593543
0.0508023
0.0478534
0.0505694
0.0466644
0.046067
0.050989
0.0541554
0.0470342
0.0541632
0.0522265
0.0506607
0.0481744
0.058653
0.0522831
0.0467723
0.0550513
0.0519973
0.059359
0.0525045
0.0468705
0.0542555
0.042807
0.0459569
0.0461303
0.0514038
0.0455863
0.0488236
0.0500028
0.0503766
0.0514696
0.0443574
0.0559387
0.0517074
0.044211
0.0546266
0.04751
0.0572979
0.0658762
0.0477694
0.0441804
0.0437768
0.0472245
0.0431011
0.0620668
0.0595652
0.0469568
0.0482492
0.0506538
0.0429166
0.0529116
0.055141
0.0505351
0.0550089
0.0542099
0.0399528
0.0519312
0.0520959
0.0458602
0.0453941
0.0493197
0.0574084
0.051478
0.0455563
0.0520132
0.0508555
0.054798
0.0445485
0.0437106
0.0567359
0.053733
0.0391855
0.0374291
0.038013
0.0450588
0.0538874
0.0503282
0.05068
0.0548762
0.0539278
0.0498589
0.0462557
0.0479415
0.0554255
0.041946
0.0514349
0.0422807
0.048066
0.0472906
0.0566106
0.0421231
0.047276
0.0568091
0.0366525
0.0471528
0.0504476
0.0569052
0.0486664
0.0445464
0.0449568
0.0490093
0.045815
0.0471225
0.0463189
0.0538803
0.0460813
0.046177
0.0527935
0.0432284
0.0538719
0.0542137
0.0408814
0.0453912
0.0492273
0.0531425
0.0414335
0.0541218
0.0509041
0.0515319
0.0530625
0.0579007
0.0412837
0.0495223
0.051695
0.0516612
0.0512549
0.0470049
0.0431295
0.0549849
0.0535703
0.0538252
0.0539769
0.0505703
0.0584187
0.0399399
0.0524081
0.0465144
0.0431769
0.0505553
0.0504227
0.0443613
0.0453026
0.0436928
0.0563146
0.0489172
0.0508415
0.0545623
0.0434914
0.0547004
0.042455
0.040233
0.0468607
0.0430191
0.0518592
0.0478103
0.0505338
0.0444682
0.0479171
0.048641
0.0454071
0.0468967
0.047718
0.050997
0.045669
0.046186
0.0590277
0.0505279
0.0580135
0.0474414
0.0439586
0.0455666
0.0377222
0.0511876
0.0468054
0.0547632
0.0588259
0.0491029
0.0462342
0.0565999
0.0542862
0.0544927
0.0571867
0.0544736
0.0541674
0.0494882
0.0506155
0.058669
0.0463487
0.0501956
0.0555861
0.0542542
0.0449072
0.0480775
0.0549872
0.0453453
0.0570283
0.0451217
0.0495818
0.0541216
0.0521144
0.0475653
0.0530536
0.0483645
0.0519084
0.0446688
0.0546713
0.0580538
0.0454144
0.0657962
0.0474352
0.0579188
0.0512974
0.0393849
0.046578
0.0481111
0.0529143
0.0465166
0.0509612
0.0516171
0.0592216
0.0446448
0.0427314
0.0524308
0.0497616
0.049434
0.0541442
0.0393697
0.0448154
0.0556981
0.0658182
0.0618728
0.0380813
0.0593645
0.0561543
0.0532002
0.063513
0.0443621
0.0524238
0.0543533
0.0523869
0.0574265
0.0494555
0.0510823
0.0450912
0.0575929
0.0504191
0.0470534
0.0469507
0.0518986
0.0519095
0.0495999
0.0615444
0.0552734
0.0483839
0.0484873
0.0530435
0.0536413
0.0476446
0.0518806
0.0510889
0.0467886
0.0414253
0.0462107
0.0467488
0.0507064
0.0498796
0.0491427
0.0484033
0.0530511
0.0453585
0.0491669
0.0429301
0.0642244
0.0507306
0.0505326
0.0579684
0.046012
0.04145
0.0564718
0.0494271
0.0531421
0.0451207
0.0488811
0.0514451
0.052148
0.048641
0.0392414
0.0504958
0.0482809
0.0452168
0.0580054
0.0562597
0.0575325
0.0457719
0.0469277
0.0454966
0.0519752
0.0528627
0.0514105
0.0514051
0.0521552
0.0485478
0.0457614
0.0461343
0.0486102
0.0495971
0.0465595
0.0602776
0.0491117
0.0460025
0.0460808
0.0421435
0.0491489
0.0407391
0.0529287
0.0487912
0.0532676
0.0549052
0.0507329
0.0487958
0.0512716
0.0480765
0.0475548
0.0503374
0.0535277
0.0495551
0.059922
0.0541749
0.0577781
0.0547899
0.0547
0.059767
0.0448183
0.0508315
0.0494588
0.0523423
0.0488209
0.0537093
0.0608866
0.0569673
0.0585373
0.0580189
0.0490672
0.0531955
0.0465311
0.0473552
0.0448338
0.0506773
0.0513462
0.0520603
0.0563759
0.0479965
0.0506749
0.0527692
0.0542491
0.0613015
0.0474061
0.0497798
0.0672834
0.0478097
0.0441929
0.0490561
0.0547862
0.0490783
0.0496035
0.0539867
0.0531496
0.0396676
0.05633
0.0545417
0.0472279
0.0435334
0.0441524
0.0413877
0.0418783
0.0553458
0.0495013
0.0510232
0.0529976
0.0466865
0.0476071
0.0473528
0.0416939
0.0522096
0.0514996
0.04401
0.060345
0.0511364
0.051797
0.0561321
0.0533345
0.0590212
0.0554295
0.0517292
0.04533
0.0585174
0.0517754
0.0512407
0.0476119
0.0438565
0.0605611
0.0401323
0.0564095
0.0457989
0.055158
0.0559789
0.0449132
0.0389274
0.0427525
0.0491244
0.0491905
0.0527048
0.0492324
0.0551687
0.0506981
0.050464
0.0499578
0.0448855
0.0480237
0.047037
0.0458242
0.0543156
0.0383518
0.0419692
0.0446387
0.0506748
0.0541322
0.0566134
0.0505621
0.0479259
0.0427082
0.042218
0.050133
0.0422405
0.0576756
0.0540908
0.0516015
0.0512527
0.0492889
0.0406853
0.0524659
0.0418107
0.0475458
0.0406271
0.048564
0.0511822
0.0467107
0.0481135
0.0582934
0.0527232
0.0449371
0.0575452
0.047676
0.0529405
0.0453875
0.0576673
0.0370241
0.0523185
0.0405786
0.0447234
0.047169
0.0435541
0.0514703
0.0525829
0.0417016
0.0444869
0.0438217
0.0648244
0.0593434
0.0573468
0.0560329
0.0476363
0.0394582
0.0521641
0.0541788
0.0542325
0.0498644
0.0489308
0.0534441
0.053551
0.0480553
0.0610557
0.0491723
0.0421945
0.0497648
0.0479769
0.0540989
0.0526265
0.0568054
0.0446502
0.0403976
0.0526998
0.0497228
0.0458626
0.0534576
0.0454211
0.0478164
0.0484934
0.0481104
0.0519212
0.0580213
0.0520151
0.0489203
0.0449146
0.0460598
0.0476155
0.0508863
0.0475304
0.0529388
0.0516696
0.0518911
0.0475546
0.0543279
0.0466131
0.0449306
0.0532921
0.0547426
0.0469476
0.0586659
0.0405377
0.0477172
0.0484158
0.0559219
0.0527734
0.0501045
0.0487638
0.047204
0.0592353
0.0595179
0.0438257
0.0484432
0.0573945
0.0413749
0.0463018
0.053571
0.055155
0.0537774
0.0431243
0.0441373
0.0489586
0.0462373
0.0456772
0.0540706
0.0544486
0.0565811
0.0543074
0.0427571
0.0552115
0.0551061
0.0484806
0.0524376
0.0548824
0.0459782
0.049588
0.059718
0.0520464
0.0425828
0.0618703
0.048765
0.0479223
0.0547896
0.0456064
0.0553773
0.0461274
0.0481096
0.0451286
0.0417296
0.0502378
0.0480775
0.0469343
0.0503701
0.0479105
0.0606874
0.0549289
0.0534321
0.0401917
0.0435492
0.050978
0.0523025
0.0471863
0.049141
0.0542712
0.0564634
0.0533944
0.054673
0.0542282
0.0537889
0.0474146
0.0509581
0.0508476
0.0514603
0.0492372
0.0594743
0.0524883
0.0523743
0.0574542
0.0519359
0.0549802
0.0494658
0.04636
0.0404127
0.0489835
0.0475232
0.039045
0.0493467
0.0386647
0.0450699
0.0491264
0.051004
0.055253
0.0519007
0.0495352
0.0515745
0.0484189
0.0562956
0.0489877
0.0525465
0.0528996
0.0468973
0.0618032
0.0513339
0.0587724
0.056741
0.0483093
0.0508298
0.0418228
0.0498464
0.0566882
0.0534951
0.0461108
0.0566491
0.0449735
0.0467359
0.0500272
0.0530452
0.0445761
0.0420358
0.0718594
0.0530521
0.0459283
0.0587769
0.0489245
0.0455297
0.0514462
0.0508359
0.0537453
0.0517422
0.0529658
0.0548225
0.0554187
0.0654036
0.0492211
0.0504538
0.0543049
0.0499244
0.0364888
0.0504936
0.0479124
0.0538149
0.0489231
0.0387791
0.0430832
0.0522117
0.0547649
0.050224
0.0517447
0.0479195
0.0480392
0.0445159
0.0499897
0.0533041
0.0477024
0.0521284
0.0468928
0.0494466
0.0522177
0.0541721
0.0398438
0.0534664
0.0468972
0.0547609
0.0396868
0.04652
0.0596783
0.0566083
0.0527803
0.0609243
0.0484059
0.0486956
0.0440908
0.0503756
0.0422053
0.0471462
0.0468941
0.0543729
0.04929
0.042395
0.050142
0.0487941
0.0424289
0.0578361
0.0486226
0.0486023
0.0420113
0.0511369
0.0493345
0.0476303
0.0549767
0.0440338
0.0540638
0.0448044
0.050079
0.0540859
0.0541724
0.0541437
0.0483934
0.0564967
0.0531745
0.0479896
0.0402768
0.0520651
0.0497797
0.0498384
0.0512209
0.0461385
0.0490668
0.0487373
0.0506098
0.0526228
0.0512175
0.0529478
0.0584292
0.0407253
0.0556588
0.0447819
0.0451829
0.0498125
0.0484097
0.0614109
0.0499646
0.0448826
0.0459844
0.0535052
0.0514355
0.0460074
0.0489463
0.0458052
0.0481334
0.046838
0.0442988
0.0593153
0.0445355
0.0614595
0.0435264
0.0495756
0.0478979
0.058267
0.0419857
0.0584044
0.0452911
0.0542168
0.0411802
0.0562214
0.0610165
0.0466959
0.0472264
0.0426833
0.0517281
0.0467279
0.0567835
0.0533378
0.0554914
0.0470227
0.0397021
0.0623144
0.0506551
0.0415838
0.0492689
0.0513711
0.0417209
0.0473561
0.0532312
0.0528363
0.0435108
0.0473792
0.0626062
0.0496133
0.0550339
0.0520215
0.0428756
0.0485074
0.051447
0.0420182
0.0466107
0.0488442
0.0435758
0.0498346
0.046592
0.0468865
0.052997
0.049465
0.0451839
0.056202
0.0440653
0.0483871
0.0478797
0.0444384
0.0500611
0.0532973
0.043212
0.0503406
0.0563326
0.0497131
0.041717
0.0554004
0.0508896
0.0577141
0.0527768
0.0461245
0.0489193
0.0467776
0.0498459
0.0458814
0.0461689
0.0472414
0.0670098
0.0614623
0.0532614
0.0605285
0.0535266
0.0482952
0.0512378
0.0647635
0.0545714
0.0449427
0.0528728
0.0414831
0.0445963
0.0481869
0.0603645
0.0564353
0.0525939
0.0602962
0.0531845
0.0438263
0.0455409
0.0495158
0.0456429
0.060407
0.0443356
0.0534154
0.0467997
0.049572
0.0536035
0.0522464
0.0520883
0.0458214
0.0562015
0.0463765
0.0563641
0.0475497
0.0486093
0.0500773
0.0480338
0.040166
0.0498731
0.0446569
0.0545815
0.0422621
0.0612418
0.0462313
0.0555954
0.0450903
0.0629575
0.0530946
0.0629237
0.056321
0.0484346
0.0534934
0.0586111
0.0527285
0.0497023
0.0491167
0.0529418
0.0560853
0.0547961
0.0526499
0.0508537
0.0543194
0.0464796
0.0405167
0.0507934
0.0498827
0.0562967
0.0457566
0.0516385
0.0533935
0.0448237
0.0468112
0.0652319
0.0575298
0.0478677
0.0465513
0.0413302
0.0506844
0.0566997
0.0553991
0.0456703
0.0483488
0.0542399
0.0482779
0.0403639
0.0542595
0.0482618
0.0543558
0.0534915
0.0519703
0.0558324
0.060437
0.0448698
0.0485433
0.0454249
0.0447553
0.0467478
0.0535007
0.0506105
0.0545444
0.0451507
0.0576888
0.0549396
0.0508638
0.0542187
0.0456912
0.0519642
0.0595932
0.0515149
0.0481301
0.0480226
0.0520038
0.0465854
0.0449643
0.0470319
0.0671389
0.0555649
0.0551898
0.0544333
0.0515837
0.0426562
0.0529567
0.0517248
0.0561231
0.0494155
0.0487113
0.0513023
0.0383453
0.05738
0.0526493
0.0524619
0.0443526
0.0615396
0.0518596
0.048294
0.0551504
0.0433389
0.0570979
0.0581247
0.05135
0.0414275
0.0529432
0.0442363
0.0495761
0.0607541
0.0481842
0.0578373
0.0464784
0.0479423
0.044584
0.0560284
0.0486984
0.0524656
0.055269
0.0484831
0.0552593
0.0536167
0.0549605
0.0472983
0.0469764
0.044589
0.06375
0.0555977
0.0517902
0.045441
0.0415185
0.0531982
0.0465333
0.0500462
0.0541357
0.0509374
0.0439152
0.0441973
0.0488427
0.0591525
0.052427
0.0464828
0.0490703
0.0429465
0.0562861
0.0590197
0.0413513
0.047854
0.0539028
0.050366
0.0449799
0.0497081
0.0461698
0.0584922
0.0518115
0.0625036
0.0494522
0.0463144
0.0566019
0.0553557
0.0424935
0.0514086
0.046725
0.0576815
0.0491846
0.051191
0.0559402
0.0548607
0.0477896
0.0430284
0.0504748
0.0624887
0.0547752
0.049637
0.0511379
0.0434233
0.0489465
0.0519035
0.0464461
0.0564592
0.054436
0.0455156
0.0569184
0.0591
0.0410739
0.0468123
0.0424878
0.0540911
0.0460401
0.0536013
0.0431124
0.0543416
0.0479532
0.0515825
0.0552862
0.0586835
0.0556969
0.056429
0.0418617
0.0575773
0.0488675
0.0403107
0.0412364
0.0547142
0.0510439
0.0519413
0.0562361
0.0498417
0.0494003
0.0416312
0.0501198
0.0446223
0.0471428
0.0469769
0.0487789
0.041477
0.0454614
0.0492241
0.0594988
0.0538675
0.0544935
0.0411385
0.0415823
0.0567691
0.0485865
0.0563666
0.0385699
0.0622287
0.0508111
0.0367528
0.0464414
0.0456962
0.048668
0.0391042
0.052083
0.0529637
0.0490657
0.0552579
0.043702
0.0458249
0.0566929
0.0440215
0.045589
0.0433436
0.0513456
0.0594731
0.0575063
0.0488315
0.0457254
0.0609451
0.0494104
0.0640157
0.0525538
0.0523607
0.0541669
0.0553994
0.0474833
0.0512521
0.0474791
0.0514179
0.0475239
0.0462067
0.0594606
0.0464548
0.0664675
0.0440344
0.0446146
0.0421268
0.052632
0.0494682
0.0462663
0.0467072
0.0458039
0.0412788
0.0522872
0.0427398
0.0490525
0.046537
0.0527836
0.0416691
0.0471888
0.0538649
0.0554218
0.0563339
0.0445456
0.05564
0.0542763
0.0623614
0.0435887
0.0444703
0.0471926
0.0535322
0.0569115
0.0481293
0.0415742
0.0541809
0.0427439
0.0557672
0.0477118
0.0557758
0.0479229
0.041442
0.0478277
0.053896
0.0559736
0.048828
0.052818
0.0587921
0.0518705
0.0474138
0.0564
0.0491622
0.0539568
0.0502758
0.0520739
0.0538668
0.0485182
0.0482376
0.0431359
0.0470736
0.0449115
0.0529853
0.0539463
0.0509862
0.047398
0.0534409
0.0528437
0.051352
0.0473866
0.0445494
0.0496309
0.0448908
0.0463722
0.0538186
0.0499623
0.0565537
0.0597027
0.052852
0.0405418
0.0481591
0.0438261
0.0521177
0.047182
0.0557329
0.0487067
0.0477531
0.0426226
0.0410912
0.0467949
0.0475577
0.0451048
0.049761
0.0501527
0.0430088
0.0528768
0.0556859
0.0433804
0.0495023
0.0456323
0.0481299
0.0492123
0.0582616
0.0512869
0.0532083
0.0465452
0.0463236
0.0452321
0.0473932
0.0548746
0.0500958
0.0549138
0.0503393
0.059476
0.0477945
0.0465398
0.0586474
0.0499334
0.0474781
0.0537128
0.0441279
0.0574855
0.0613827
0.0646242
0.0476989
0.0527879
0.0706847
0.0400512
0.0439479
0.0486956
0.0517561
0.0463391
0.0463216
0.0561797
0.051032
0.0493729
0.039628
0.0635243
0.0464684
0.0503561
0.0427121
0.0464227
0.0513358
0.0486408
0.0500778
0.0571741
0.0599581
0.0411106
0.0470509
0.0544081
0.0514724
0.0420002
0.0457263
0.0503023
0.0413769
0.0526283
0.0600587
0.0553346
0.0550857
0.0551074
0.0452158
0.0459067
0.0450864
0.0513211
0.0555041
0.0404123
0.0446894
0.0559553
0.0521365
0.040461
0.0535896
0.0523201
0.0564375
0.0523187
0.0544875
0.0544527
0.044869
0.0410319
0.0432171
0.0438071
0.0411943
0.051795
0.0489567
0.0500926
0.0537088
0.0575196
0.0544102
0.0521695
0.0464225
0.0493826
0.0488901
0.0577154
0.0578516
0.0465964
0.0493832
0.0494805
0.0551621
0.0503765
0.0424913
0.0445328
0.0488279
0.0519124
0.0427814
0.0473388
0.0493743
0.0528181
0.0438019
0.0441468
0.0485467
0.0459912
0.04931
0.0455996
0.0662327
0.0467034
0.0481644
0.0552196
0.0479303
0.0513956
0.0519464
0.0548587
0.0478608
0.0425154
0.0480278
0.0436836
0.0526906
0.0487574
0.0425824
777777