2.24025
999999
0.0875289
0.0522284
0.0297215
0.119299
0.159121
-0.0522988
-0.247318
0.122606
0.199097
-0.0611034
0.000114513
0.202443
0.00873797
-0.14115
-0.0849336
-0.140362
0.0448109
0.161273
-0.0536875
-0.082659
-0.199278
-0.00752089
-0.145759
0.126474
-0.272478
0.0780778
-0.00260651
0.126383
0.0956998
-0.154923
0.0141875
-0.0480447
-0.0152421
0.182858
-0.0910362
0.172579
0.138612
0.115399
0.204132
-0.0838941
-0.00465029
-0.0484539
0.124964
0.0669042
0.00760864
0.0775
0.0748822
0.0525415
-0.078503
-0.106261
0.154213
-0.00801836
-0.0952358
-0.0427098
0.221031
-0.000238578
-0.0572304
0.112964
-0.177413
-0.154171
-0.263087
0.0968988
-0.148304
-0.000936041
-0.0759701
-0.234287
-0.145962
0.0949387
0.0123445
0.231427
-0.110753
-0.101972
0.169606
-0.172501
-0.131261
-0.0929211
0.208377
-0.114418
-0.123171
-0.129273
-0.15069
-0.025381
0.0321335
-0.175134
-0.116434
0.0120652
-0.173541
0.0564716
0.0451819
0.195566
0.170745
0.240828
0.00993722
0.0581956
0.262484
-0.111113
0.116519
-0.0257695
0.148013
0.0229282
0.166802
-0.157142
0.00083748
0.0213534
-0.146178
-0.145066
-0.0335606
0.086906
-0.187329
0.0375245
0.052877
-0.0937258
0.200825
0.0191981
-0.000316474
0.082514
0.0317518
0.0667933
-0.214779
-0.128469
0.0294954
0.160192
-0.0198605
0.09802
-0.0775664
0.024632
0.099871
-0.255915
0.00437701
-0.0177852
-0.219824
-0.0310873
-0.0465328
-0.167135
0.0498406
-0.222671
0.0234222
-0.0346829
-0.110688
-0.127049
0.335821
-0.282184
0.183371
-0.242368
-0.124036
-0.234862
-0.0324598
0.153435
0.178676
-0.0553994
0.00463637
0.00127638
-0.163602
0.244108
-0.240848
0.0672074
0.107589
0.118248
-0.194457
0.0464107
-0.073577
-0.0672747
-0.170192
0.0346599
-0.12917
0.123397
-0.11499
-0.112016
-0.0532124
-0.0671559
-0.120825
-0.0682942
0.0159275
0.0179381
0.0698286
-0.0972124
-0.194018
0.304449
0.0681504
-0.0532927
-0.120944
0.225698
0.0366348
0.170235
-0.0485793
0.0828298
-0.130609
-0.0945702
0.148481
0.0763956
-0.177632
0.087581
0.140662
-0.0660125
-0.0764303
-0.0237171
0.160862
-0.115886
0.157324
-0.0936997
0.248914
0.0124743
-0.105708
0.051855
0.134605
0.111414
0.150059
0.119139
0.17668
0.137254
0.155818
-0.0238961
0.133722
0.144525
-0.022002
0.0269168
-0.0395267
-0.067133
0.0647375
-0.118565
-0.275568
-0.128047
-0.298984
0.0689818
0.131184
-0.0531068
-0.218187
0.0832769
-0.0659251
0.0327618
0.196636
0.00173027
0.197855
-0.0706062
0.119777
-0.0385623
-0.0818929
-0.00402826
0.107292
-0.0430138
-0.306543
-0.125244
0.102857
-0.17595
-0.187915
-0.0753238
0.188547
0.171905
-0.209311
-0.168945
-0.0612553
0.0179052
-0.07157
0.00726065
0.151437
0.263633
0.0265032
-0.171532
0.076105
-0.13696
-0.109447
-0.0140098
0.189994
-0.00931039
0.019229
-0.0596359
-0.203382
0.00895154
0.108378
0.256778
-0.260394
-0.0821645
0.0216156
-0.164243
0.115664
0.0339697
0.200889
-0.0210221
0.0951773
-0.0375303
-0.219095
0.0196919
0.112107
-0.210588
-0.0578383
-0.0176931
0.0808394
-0.231999
0.0262456
0.00209738
0.164662
-0.292307
-0.267708
-0.0295785
0.20156
0.163221
-0.0140039
0.160715
-0.13032
-0.0140686
0.00399353
-0.0336729
-0.161992
-0.0110512
-0.110057
0.153694
-0.0934506
0.0158708
0.0108471
-0.016583
0.0620257
0.0433719
0.0734316
0.106584
0.210463
0.103896
-0.225472
-0.018362
-0.00201557
-0.161576
0.0776501
0.0664271
0.162485
-0.0674154
-0.112521
0.263635
0.308795
0.0408604
-0.0249187
0.295294
0.0568008
0.126082
0.0292301
0.0468295
-0.172913
0.0775598
0.0926675
0.175347
0.11712
-0.162711
-0.0323782
0.0528691
0.150821
-0.070385
-0.00893045
-0.125593
-0.0747637
0.0754003
-0.230821
0.162959
0.188023
0.055406
-0.14091
0.0688284
-0.113948
0.0359813
0.170734
0.0423378
0.0912157
0.202014
0.026982
0.108859
0.150542
0.0716677
0.0032382
0.0121586
0.0674481
0.115724
-0.131218
0.10197
0.207521
0.0664241
-0.0489684
-0.262203
0.129298
0.0709197
-0.302195
-0.200322
0.0403364
0.0539792
0.0483962
0.127088
0.193915
0.0360041
0.408505
-0.218028
0.00904245
-0.00380982
-0.0392218
0.26253
0.177268
-0.139084
-0.0377392
0.0666776
-0.0247745
0.0251496
0.0480935
0.108283
-0.0350162
0.000632781
0.0605138
0.145665
-0.0725724
0.185069
0.185292
-0.105711
-0.166873
-0.320046
0.0745833
-0.171062
0.170347
-0.0917614
-0.0505986
-0.114302
0.164047
-0.0165237
-0.0983216
-0.236239
-0.13485
0.145523
-0.140241
-0.295791
0.0499696
-0.0277821
0.164256
0.043928
-0.0828013
-0.136533
0.0986927
-0.23111
0.236134
-0.106994
-0.0396869
0.0789071
-0.212112
0.0726305
0.00818085
0.239277
-0.14453
0.187808
0.19233
-0.0189082
0.226703
0.124878
-0.081407
0.183326
-0.111191
-0.0809881
0.0799424
0.064864
0.0560867
-0.0398705
-0.0752094
0.054425
0.0877617
-0.110651
0.0591862
0.178395
0.0945839
-0.312221
0.0453279
-0.172765
0.042592
-0.161215
-0.0789583
0.0685738
0.0816538
-0.0490153
-0.0282574
0.000139844
-0.232792
-0.0502051
-0.160884
0.0152294
0.0596365
-0.164004
-0.1287
-0.156872
0.237368
0.0823716
0.314952
0.00488098
0.0761473
0.0246051
0.0308878
-0.126593
-0.0737758
0.0278437
-0.186658
0.0831316
0.0123331
0.081251
0.0153055
0.0825653
0.09167
-0.18303
-0.0235846
0.143386
0.0096366
-0.0712059
-0.105764
-0.138664
-0.243052
0.00593326
-0.0486627
0.152458
-0.0452539
-0.102158
-0.0415794
-0.103828
0.116569
0.167335
-0.0531354
-0.186938
0.111496
0.0615316
0.0382577
0.0873347
-0.072315
0.0646974
-0.330355
-0.11427
0.18084
-0.221214
0.278767
-0.0933829
-0.115053
0.0361655
0.186022
-0.189152
0.0497509
-0.0236797
0.0573497
-0.0303203
0.175299
0.165814
0.119711
0.00609221
0.0632048
0.0082384
-0.118426
-0.125299
0.0220542
0.056621
-0.179445
0.0282443
-0.186754
-0.304715
-0.0415049
0.0430559
0.147378
-0.170459
0.0888667
0.223548
-0.132632
-0.0913408
-0.0938687
0.0860378
0.0634403
0.140713
0.277181
-0.030567
-0.0845812
0.0574171
-0.105944
0.0757189
0.0756962
-0.0671285
0.17771
0.0672714
-0.166666
0.0495971
0.0949057
0.152723
-0.014538
-0.255951
-0.105594
0.125211
-0.190385
0.185305
-0.0763361
0.221336
0.228423
0.0194671
0.131801
0.00808425
-0.0637808
0.140274
-0.00152495
0.0561543
-0.0576146
0.0927297
0.158374
-0.167237
0.00919117
0.104066
-0.0166721
0.282328
0.0779619
-0.238912
-0.209886
-0.0677545
-0.0593018
0.0172485
-0.128257
-0.00901295
0.08424
0.0710554
0.203949
0.184402
0.0745188
0.0581606
0.0794363
0.083528
0.063495
-0.0228502
-0.109001
0.0608841
0.019175
0.0495403
-0.234119
0.14273
-0.145617
-0.113161
0.309722
0.126335
-0.0609459
0.0345094
0.0881191
-0.00636487
-0.160299
-0.185907
-0.0367393
0.0908415
0.111035
-0.128637
0.0778244
0.223891
-0.0730307
-0.0654678
0.102145
0.0447148
0.17586
0.14406
0.0261444
0.271973
0.0964215
0.249853
-0.15441
0.11472
-0.146436
-0.199333
0.0969506
-0.111387
-0.167783
-0.147028
0.0600365
-0.114436
-0.0214688
-0.0478318
0.233089
0.118279
-0.134191
-0.23412
-0.0281807
0.204855
0.223112
0.0107029
-0.323748
-0.0430925
0.09738
-0.116952
0.0268237
0.019198
-0.134167
-0.0973079
-0.0702191
0.109261
0.10229
-0.0445276
0.237211
-0.21351
-0.186209
0.136332
0.192638
-0.0937488
-0.126219
0.211396
0.0700416
-0.0426852
0.186736
-0.178139
0.18385
0.077521
-0.0809873
-0.0832565
0.176989
-0.045239
0.0334209
-0.0129461
-0.0703378
0.0223907
0.0798745
0.016158
-0.250387
0.0210002
-0.062791
-0.285007
-0.0766837
-0.175352
0.148191
-0.141522
0.155231
-0.0467868
0.0553682
0.0888833
0.216297
-0.13362
0.0205623
-0.0796932
-0.00643847
-0.0462253
-0.0746424
-0.00805426
0.0833588
0.161602
-0.0469238
-0.0598889
0.176265
-0.0249847
-0.153984
0.0772564
0.0373315
-0.0231186
-0.124328
0.166078
0.0638066
-0.108767
0.273434
-0.130298
0.140892
0.150247
0.0925109
-0.215697
-0.0801267
-0.0392222
0.277842
-0.030078
0.0470958
-0.116955
0.029085
-0.0786823
0.0109574
0.153897
-0.232973
-0.193579
0.0683945
0.304883
0.0974587
0.0857149
0.202953
-0.0609413
0.206137
0.0788944
-0.172002
-0.137388
0.193506
-0.227273
-0.0380428
0.102027
0.10033
-0.156121
0.0852835
-0.063902
0.25581
0.213487
0.0771498
0.122395
0.0455139
-0.0986304
-0.132247
-0.0736138
-0.0878515
0.074839
-0.0655509
0.127495
0.127763
-0.124762
-0.117931
0.0969715
-0.138613
0.00861021
0.0139984
0.0839825
0.0457327
0.0434228
0.199332
0.0631811
0.178725
0.0229245
0.110873
0.151265
0.226739
-0.248178
0.187249
-0.0262295
0.169972
0.246706
-0.0770976
-0.209268
-0.166463
-0.0574563
0.145425
-0.048633
0.0577291
-0.063994
0.0559232
0.00106172
-0.0825154
-0.1899
0.0277681
0.303311
0.0611109
-0.0986471
0.0582526
-0.107125
0.000699802
-0.194371
-0.062936
-0.0617391
-0.185749
0.0987257
0.0642136
-0.112077
-0.0753488
-0.159534
0.134995
-0.146023
-0.0934995
-0.0136225
0.137009
-0.047374
-0.212681
-0.0973699
-0.0206064
0.0876657
0.0580601
0.00566311
0.146589
-0.0206218
-0.0426171
-0.208324
-0.0967263
-0.0545089
0.14347
0.0839446
0.173425
0.122327
0.236055
0.0394831
0.0392227
-0.0305861
-0.15587
0.165492
0.205916
-0.122059
-0.0551983
0.250859
-0.0191347
-0.143272
-0.00515431
-0.209924
-0.0159732
0.0116031
-0.0230884
0.0583243
-0.133079
-0.203881
-0.140827
0.149235
-0.240488
-0.194631
0.232202
-0.223765
0.158593
-0.00213555
-0.170631
0.0932161
0.0477674
-0.0416159
-0.0547312
-0.132375
0.0674639
0.0881143
-0.0977101
0.0667972
0.172941
-0.310989
-0.168818
0.0359394
0.220244
-0.00221982
-0.0579879
0.0509065
0.157773
0.0391202
-0.217033
0.103355
-0.118917
0.0550967
-0.0321891
-0.26161
0.111121
0.0462441
0.0625915
-0.0477642
-0.15602
0.0279747
-0.00767311
-0.00061776
-0.18591
0.0717779
-0.062112
0.188835
0.171001
0.162227
0.104629
-0.0598062
-0.114378
-0.059802
-0.164501
-0.226998
0.173772
0.000849696
-0.280567
-0.139196
0.165229
-0.114832
-0.0941737
0.100122
0.180895
-0.0467765
0.0382749
0.146306
-0.0395684
-0.0506267
-0.0949208
-0.0495052
-0.0610284
-0.0735595
-0.121184
-0.224604
-0.221221
0.0530031
0.311742
0.17803
0.233542
-0.040505
0.260081
-0.038519
0.0255557
0.265537
0.0259644
-0.0213352
0.00160434
0.142118
0.16304
0.135126
0.113824
-0.100642
0.135828
0.176318
-0.0222149
0.177643
-0.128913
0.0325068
-0.189909
0.11395
0.055123
0.221528
0.0842246
-0.0817554
-0.0706919
-0.0974953
-0.280849
-0.225537
0.0278775
0.131665
-0.272886
-0.111364
-0.11545
-0.151179
-0.279517
0.115303
0.0361884
0.241474
0.0462016
0.0020364
-0.13752
0.178616
-0.183894
0.0494624
0.168314
-0.0803599
-0.0411159
-0.212281
-0.10379
0.24815
0.0309226
-0.0459505
0.0884043
-0.107021
-0.0261533
-0.00385389
0.0530351
0.129417
0.135991
-0.0416844
-0.152013
-0.0749585
-0.0631191
0.166499
0.0609186
0.291402
0.102239
0.0455862
-0.178421
-0.054523
0.223758
-0.251423
0.121504
-0.0945364
0.104213
-0.0856422
0.153567
-0.035034
-0.0315872
-0.0263136
0.12362
0.178169
-0.127027
-0.0866698
0.0595715
0.0645324
-0.115331
0.060065
-0.0790913
0.0199116
-0.20495
0.103148
-0.081365
-0.294437
0.0422724
0.214806
-0.121391
-0.118781
-0.0181118
0.22893
0.138647
-0.255161
-0.00382303
-0.116005
-0.193831
0.0897638
0.136293
0.146615
-0.15276
0.0912208
0.137973
0.0211487
-0.207315
0.0869759
0.133582
-0.0790713
0.12881
-0.076466
0.18554
-0.190983
0.25473
0.0896929
0.0341765
-0.0200314
0.107138
0.098308
0.265552
-0.0918501
-0.0112281
-0.0672286
-0.18589
-0.087816
-0.0221219
0.247083
-0.0611616
-0.0619561
0.100947
0.0121462
-0.0751654
-0.141703
-0.200629
0.0375979
0.044503
0.138392
-0.155588
0.152297
-0.139582
0.0246753
0.269347
0.0733587
-0.176527
-0.0233987
0.0620284
0.0951735
0.0741386
0.079559
0.22849
0.0549467
-0.144984
0.0608667
0.188897
-0.0139344
0.0353229
0.296235
-0.028636
-0.220774
-0.158401
-0.0329796
0.0419471
0.172296
-0.0263721
0.0741045
-0.0765435
0.0267243
0.0503352
-0.283094
0.134538
-0.000533059
0.166673
-0.105989
0.0716567
0.0342178
0.10701
-0.102677
-0.168416
-0.157451
-0.197194
-0.130037
0.0152976
0.00246315
-0.088923
-0.158028
0.118979
-0.190318
-0.134646
-0.204728
-0.265151
-0.10305
-0.330913
-0.144048
-0.103035
0.156669
0.0800248
0.00871091
-0.125153
-0.212474
0.00900732
0.266311
-0.183886
-0.0922427
0.0673038
-0.2128
0.240428
0.0536732
0.195575
-0.238378
-0.267477
0.016028
-0.0765404
-0.0439129
0.171433
0.0354824
-0.112358
-0.156726
-0.250447
0.0556978
0.0894869
0.221661
0.0813501
0.0446634
0.0401662
-0.285795
-0.161608
0.0802801
-0.101941
-0.0867739
-0.0183833
0.0383605
-0.0844087
-0.161695
0.0918
-0.178612
-0.260087
-0.0481739
0.264195
-0.125545
-0.180498
0.318217
0.0866715
0.0473726
-0.252365
-0.0566219
-0.0656318
-0.215724
0.143099
-0.00640018
-0.0888961
-0.128611
0.196523
-0.0995192
0.00665541
0.168096
0.034326
0.0468912
-0.0512869
0.0442783
0.173981
-0.103575
0.0516582
-0.0511783
0.0753086
0.181646
0.0167979
-0.143381
-0.0355157
-0.124936
-0.237689
-0.0957008
0.195234
0.151892
0.0950477
0.181371
0.0758447
0.175657
0.0683607
0.260035
-0.0378173
-0.117456
-0.23984
0.0190612
0.226624
0.132193
0.049796
0.00763432
0.120475
-0.0375241
0.0160942
-0.173138
0.0627768
-0.202133
0.22716
-0.10744
-0.252757
0.0624145
-0.141249
-0.0310939
-0.00468098
-0.0156076
-0.0866615
-0.0717557
0.0354693
0.159012
-0.00389331
-0.259948
-0.0948778
-0.130456
0.240673
-0.0141953
-0.128216
0.0196578
0.200447
-0.0649937
0.205171
-0.0763972
-0.0954669
-0.12606
-0.125555
0.0402507
-0.0607951
-0.100253
-0.167214
0.157593
-0.0326305
0.182165
0.116863
-0.207317
-0.269012
0.0906568
0.135393
-0.150421
-0.0719948
0.0594974
-0.0560848
0.166936
0.122577
0.212311
-0.252924
0.212505
-0.0518666
0.185969
-0.186376
0.0168648
-0.0602418
0.103138
0.180713
0.216155
0.0916332
0.00418476
-0.115706
0.0504103
0.119843
0.0653126
0.0632217
0.155172
0.150462
0.139451
-0.196375
0.0619662
0.252184
-0.200968
-0.13277
0.182143
0.0896646
-0.0402225
-0.0484289
-0.135484
-0.0519411
-0.243718
0.0573848
-0.0918345
-0.211132
-0.072962
-0.167154
-0.0719327
0.0290755
-0.0175843
0.148194
-0.0136486
-0.00360887
0.137975
0.0142717
0.110876
-0.0952552
0.140219
0.10202
0.0993852
0.0675728
0.132947
0.208313
-0.0948031
0.027346
0.168523
0.0140889
-0.120106
-0.0132957
-0.0200028
-0.0306274
-0.0740025
0.0555372
-0.19943
0.0525106
0.0336925
0.308035
0.0332189
-0.209626
0.198473
0.131692
-0.0764286
0.0913232
0.07816
-0.0772218
0.067083
-0.0555641
0.164098
0.13849
0.170675
-0.00562937
0.210611
0.404071
-0.126159
0.135637
0.0739278
0.0733041
0.120777
-0.283659
-0.187619
-0.0755634
0.136973
-0.0843801
0.135004
0.155813
0.111661
0.115856
-0.0141583
-0.139547
0.108059
0.0943623
-0.109965
0.0208687
0.298231
-0.081897
0.182741
0.12319
-0.0380069
-0.103752
-0.200293
0.0541436
0.141345
0.018678
0.0314877
0.0888326
0.247171
0.136779
-0.0482367
-0.0465569
-0.0611645
0.277493
-0.0859861
0.118884
-0.231797
-0.212768
0.0565343
-0.173491
0.0641603
0.0739064
-0.0510556
0.0635515
-0.0175904
0.109776
0.0654103
0.0660782
0.0523078
-0.219755
0.10113
0.0281044
-0.162228
0.112694
-0.0615185
-0.0150035
0.0856196
0.221788
-0.258471
0.0453559
0.0280937
-0.0506192
-0.225228
0.171334
0.0365137
-0.133885
-0.100666
-0.115719
-0.00648777
-0.00727654
-0.0777495
0.064514
-0.136729
-0.15725
-0.110161
-0.0232801
0.0470894
-0.108101
0.206538
0.155687
-0.14768
0.177854
-0.075666
0.0169591
0.18689
0.0107389
0.238058
0.156432
0.0142749
-0.062494
-0.00453429
0.174395
0.109885
0.160866
-0.0779289
0.0249911
0.10218
0.115382
0.185562
-0.0104563
0.0196479
0.189458
0.115482
-0.0187618
-0.136466
0.0330236
0.00655635
-0.132162
-0.0821421
0.243074
0.136058
0.0611519
-0.0173941
-0.120187
-0.137808
-0.0826258
-0.289266
-0.161296
0.0853797
-0.200913
0.0811169
0.127398
0.0675269
-0.121456
0.117829
0.249911
0.329714
0.0980253
0.177534
0.205865
0.161862
-0.157987
0.0379054
-0.070598
0.0484987
0.108838
-0.0756754
0.133196
0.227175
-0.14526
0.249952
-0.276011
-0.132814
0.0597623
-0.187521
-0.218754
-0.00787792
0.101305
0.0656138
0.124355
0.151676
-0.211117
0.0520698
0.00791607
0.00211627
-0.0516202
0.0782272
0.111847
-0.0921593
-0.0200969
-0.13388
-0.253577
-0.114941
-0.0111056
0.268651
-0.1416
0.0236478
0.0474461
0.130462
-0.096966
-0.189642
-0.00971768
-0.0416274
-0.032767
-0.189563
0.0191562
-0.0407843
-0.0679795
-0.115517
0.162097
0.247361
0.21004
-0.280106
-0.00531594
0.0612418
-0.124146
-0.219542
-0.0271128
-0.209459
0.0665773
0.250473
0.0375974
0.165443
0.086303
-0.173577
-0.219569
0.28016
0.170669
-0.0970697
0.11407
0.00865112
-0.0761445
-0.193441
-0.152279
-0.0557442
-0.158293
0.116973
-0.0774496
0.0674141
-0.120058
-0.0545923
0.169676
-0.0864376
0.0200023
-0.183145
-0.13535
0.0814764
-0.109244
0.0701686
0.155469
0.118651
-0.0946982
-0.0601345
-0.0940699
-0.0191066
0.202937
-0.147761
-0.0302247
-0.0126129
-0.107213
0.110747
0.183733
0.117714
-0.107821
-0.109653
0.14776
-0.0580342
-0.0408807
0.101568
0.070628
0.0833846
-0.1933
-0.0692414
0.122228
0.241797
-0.228089
-0.0222272
0.370774
0.0994354
-0.0645005
-0.064074
-0.140457
0.0607523
-0.0943549
-0.0669082
-0.175901
0.00745241
0.0664136
0.0318945
0.149925
-0.210116
-0.0242777
-0.0702407
-0.168634
-0.0657646
-0.000658176
-0.209562
-0.0924145
0.226912
0.194318
-0.0836262
-0.0687177
-0.228505
-0.281621
0.168011
0.0659077
0.252476
0.203698
-0.0986405
0.00163138
-0.138367
0.0816321
0.173615
-0.292776
-0.197838
-0.268349
-0.178338
0.0489421
-0.142942
0.0364937
0.209223
-0.10549
-0.0991661
0.165498
-0.0740025
0.0446535
0.220612
0.174727
-0.142567
888888
0.0462945
0.0546882
0.0465306
0.0472069
0.0507716
0.0458778
0.0740222
0.0405635
0.0604986
0.0629925
0.0486364
0.0387754
0.0577878
0.0542552
0.052166
0.0437425
0.0451114
0.0594828
0.0552564
0.0549469
0.0565387
0.0515097
0.0676878
0.0575129
0.0454976
0.0403978
0.0551154
0.0509702
0.0549428
0.0518246
0.0428972
0.0411211
0.0519035
0.0512884
0.0527993
0.0579981
0.0472357
0.0553938
0.0595664
0.0488904
0.0500403
0.0564501
0.0404355
0.0382953
0.0524147
0.0537872
0.0492156
0.0584674
0.0485811
0.0546535
0.042618
0.054457
0.0511508
0.0545763
0.0420433
0.0609755
0.0413678
0.0588731
0.0386624
0.0391339
0.0461451
0.034767
0.0544683
0.055607
0.0419177
0.0466357
0.0406187
0.0468655
0.0384001
0.0539444
0.0635109
0.0554949
0.0513009
0.0558861
0.0550621
0.0484252
0.0366109
0.0487448
0.0512961
0.0518563
0.0514454
0.0490921
0.057097
0.0516461
0.0452676
0.049453
0.055461
0.0485207
0.0502447
0.0714857
0.0434572
0.0487357
0.0495119
0.0509904
0.0512455
0.0423457
0.0429638
0.0528817
0.0542412
0.0433835
0.0593486
0.0531487
0.0445333
0.0466141
0.0449956
0.0457846
0.0375276
0.0533845
0.0616432
0.0502313
0.046392
0.0494071
0.050146
0.0364413
0.0611115
0.0414463
0.0463817
0.0352425
0.0436042
0.0533552
0.0513901
0.0573158
0.0563649
0.0530704
0.0561584
0.0397117
0.0467045
0.0526996
0.045823
0.0535887
0.0600818
0.0485506
0.0507767
0.0559803
0.0536694
0.0555526
0.0384436
0.0548425
0.0513662
0.0411434
0.0491115
0.0432746
0.03731
0.0526768
0.0502742
0.0670606
0.0661255
0.0396478
0.0575893
0.0398565
0.04
0.0495151
0.0511615
0.0461837
0.0624859
0.0367053
0.0584222
0.0413504
0.0531896
0.0459074
0.0501799
0.0457609
0.0533367
0.0480008
0.0466598
0.0566088
0.0437766
0.0374665
0.0493424
0.0353762
0.0484458
0.0492015
0.0606323
0.0460757
0.0480164
0.0577436
0.038663
0.053545
0.0601545
0.0455894
0.0432854
0.0616927
0.0412084
0.0425493
0.0466866
0.0492527
0.051836
0.0697824
0.0403866
0.0525855
0.0468303
0.0445397
0.0595107
0.046264
0.0559705
0.0474313
0.071506
0.0408756
0.0475646
0.0529991
0.0620469
0.0593647
0.0531615
0.0578585
0.0401382
0.0421532
0.0457247
0.0547463
0.0472259
0.0442583
0.0472993
0.0742669
0.0606189
0.0394409
0.0509773
0.0604396
0.0547169
0.0516524
0.0522543
0.0534505
0.0489483
0.0535888
0.0400014
0.0515284
0.0396881
0.0615015
0.0492787
0.0473238
0.0712888
0.0475837
0.0513934
0.0522991
0.053642
0.0396702
0.0530676
0.0529503
0.0556222
0.0585361
0.0583209
0.0598133
0.0635095
0.0499014
0.0443926
0.0673354
0.058632
0.0473174
0.0472627
0.0420087
0.0624267
0.0424161
0.0395366
0.0559096
0.0521804
0.0577066
0.0455435
0.0515888
0.0480121
0.0341697
0.040993
0.0508938
0.0476176
0.0483468
0.0444619
0.0410287
0.0436581
0.053216
0.0506833
0.0419116
0.0487662
0.0399545
0.0481265
0.0393672
0.0503552
0.043594
0.048795
0.053198
0.0439367
0.0611041
0.0474536
0.0632454
0.0435458
0.0423733
0.0473944
0.0532121
0.0563299
0.0369912
0.0391783
0.0480572
0.0480539
0.0507046
0.0454898
0.0509347
0.0414186
0.0583054
0.0578671
0.0537449
0.0560028
0.0552104
0.0535023
0.0418112
0.0489106
0.0508368
0.0450889
0.0510967
0.0467515
0.0481399
0.0483105
0.0417974
0.0476319
0.0521512
0.0457691
0.0431205
0.053454
0.070455
0.0486012
0.0467978
0.0562239
0.0472288
0.0444814
0.0367141
0.0583927
0.0524145
0.0548144
0.0531258
0.0561728
0.0494948
0.0522221
0.0529936
0.039688
0.0570808
0.0578827
0.0493005
0.0599234
0.0403294
0.0526921
0.0492291
0.0480605
0.0506678
0.0591196
0.0633638
0.0398508
0.061142
0.0587504
0.0500286
0.0461897
0.0413622
0.0503714
0.0532927
0.0430051
0.0524909
0.0562869
0.0554808
0.0587086
0.0548546
0.0472415
0.0655079
0.0536859
0.0406595
0.0622818
0.0641009
0.0549977
0.0514138
0.0469666
0.0474802
0.0462732
0.0398459
0.0402319
0.0493005
0.0483979
0.0445623
0.0491851
0.0468336
0.0488834
0.0473097
0.046141
0.057357
0.0441937
0.0596182
0.0385852
0.0760252
0.0734621
0.0469618
0.0405012
0.0394172
0.0487268
0.04801
0.0640835
0.0614998
0.040328
0.0482714
0.0522889
0.0412377
0.0459097
0.0508447
0.0536851
0.0720491
0.0558436
0.03554
0.0574278
0.0472432
0.0563733
0.050132
0.0530197
0.0469638
0.0535138
0.0548099
0.0559599
0.0386826
0.0447139
0.044963
0.0480581
0.0591388
0.0561549
0.0412431
0.0332003
0.0340769
0.0376259
0.0525858
0.0620656
0.0464069
0.0518717
0.0530707
0.0472865
0.0390594
0.0531882
0.0607926
0.0417379
0.0489382
0.0434564
0.0439308
0.0515274
0.0488313
0.0416094
0.0461132
0.0676888
0.0388602
0.0435375
0.0481299
0.0526954
0.0480876
0.0448287
0.0508165
0.0550806
0.0402165
0.046969
0.0518117
0.0515081
0.038978
0.0440077
0.0371123
0.0386106
0.0580378
0.0529043
0.0400936
0.0475158
0.0393116
0.0467376
0.0405063
0.057661
0.0499411
0.0491864
0.0518054
0.0521679
0.03764
0.0473269
0.0552664
0.0503162
0.046
0.0459299
0.0464243
0.069832
0.0473127
0.0547189
0.048072
0.0437988
0.0505043
0.0388131
0.0447434
0.0405745
0.0457195
0.0740306
0.0498462
0.0455384
0.0397882
0.0476493
0.0520912
0.0472791
0.0562619
0.0478551
0.0419653
0.056103
0.0522464
0.0514169
0.0563674
0.0432424
0.0536766
0.041479
0.0646434
0.0498428
0.0566634
0.0587854
0.046364
0.0509563
0.045671
0.049918
0.0573821
0.045422
0.0674452
0.0469591
0.053758
0.0400255
0.0434219
0.0442878
0.0390202
0.0510272
0.0349906
0.0500691
0.0553585
0.0566293
0.0414882
0.0567776
0.0530058
0.05358
0.0536218
0.0617367
0.0507371
0.050174
0.0549846
0.0583217
0.0479379
0.0512491
0.0658904
0.0510002
0.0423789
0.0460375
0.0557094
0.0430485
0.0496675
0.0472994
0.0488226
0.0571021
0.0497023
0.0424315
0.0628896
0.0509822
0.0553056
0.0382411
0.0539476
0.0552038
0.0443654
0.0648736
0.0442198
0.0623244
0.0561472
0.0397476
0.0497537
0.0503645
0.0484584
0.0464954
0.0476886
0.0468763
0.059466
0.0450782
0.0472552
0.0522165
0.0475961
0.0497572
0.0495266
0.0399899
0.0573183
0.054181
0.0661658
0.0638601
0.0344403
0.0685515
0.0532542
0.0495553
0.0603782
0.0500054
0.0483106
0.0524166
0.0534493
0.0581788
0.0413437
0.0661551
0.0450539
0.0623767
0.0469823
0.0587389
0.0362541
0.0521989
0.057913
0.0488784
0.0551688
0.0577627
0.046381
0.0480189
0.052912
0.0701029
0.0404521
0.0543233
0.0472
0.0492309
0.0387231
0.0487846
0.0340995
0.0573669
0.0522432
0.0447951
0.0400126
0.0626234
0.0430073
0.049416
0.0394038
0.0604717
0.0485593
0.05107
0.0516617
0.048873
0.038925
0.0603161
0.0378233
0.0503987
0.043659
0.0456443
0.0583745
0.0485699
0.0462457
0.047486
0.0532028
0.0526152
0.0454431
0.0569353
0.0454865
0.0607199
0.0394923
0.0517
0.0460877
0.0527001
0.0565254
0.051476
0.0538773
0.0470528
0.0435225
0.0492291
0.0539937
0.0419069
0.0519205
0.0493781
0.0680111
0.0495622
0.0514505
0.0622255
0.0366029
0.0447186
0.0354673
0.0542022
0.0447807
0.058983
0.0495572
0.0492645
0.0474432
0.0487586
0.0476257
0.0475517
0.0474865
0.0492033
0.048981
0.0636397
0.0513241
0.0725309
0.0563441
0.0564538
0.0596367
0.0427778
0.0568018
0.0393439
0.0492747
0.0526202
0.0446102
0.0619528
0.050487
0.0563883
0.05519
0.0464279
0.0588274
0.0535385
0.051683
0.0426792
0.0427809
0.0484503
0.0611811
0.0512137
0.0534693
0.0548768
0.0482589
0.0600001
0.0582825
0.0456815
0.0486016
0.0747776
0.0436256
0.0420915
0.0458242
0.0584089
0.049928
0.0398458
0.0531363
0.0499163
0.0393917
0.0574986
0.0569792
0.0542415
0.0476846
0.0443633
0.0428689
0.0397459
0.0671539
0.0632502
0.0499331
0.0622001
0.0409214
0.0446639
0.0526908
0.0393892
0.0563171
0.0560097
0.0426227
0.0598916
0.0600871
0.0515851
0.0572033
0.0536957
0.0583615
0.0671544
0.0477393
0.047708
0.0442624
0.0519386
0.0545173
0.0471651
0.0432448
0.0615305
0.0400441
0.0514536
0.0509217
0.054699
0.0402708
0.0388999
0.037984
0.0440107
0.0486752
0.0546792
0.0520105
0.0448009
0.044822
0.0456711
0.0523767
0.0504635
0.0412809
0.0414973
0.0500372
0.0458586
0.0485384
0.038272
0.0376678
0.0463897
0.0553228
0.0528755
0.0522971
0.0594645
0.0471535
0.0408471
0.0451348
0.0508161
0.0429321
0.0647296
0.0560107
0.0566655
0.0529282
0.0589535
0.0371377
0.0464899
0.0347056
0.0506473
0.0323998
0.0469949
0.0498081
0.0399081
0.0521235
0.0569269
0.0379722
0.0490066
0.053434
0.0536
0.0510754
0.0464809
0.064394
0.0352815
0.0492399
0.038894
0.0412636
0.0481151
0.0499297
0.0493065
0.0548073
0.0396555
0.0423395
0.0499528
0.0606023
0.0581538
0.0542022
0.0500451
0.0538641
0.0386401
0.0549453
0.0540378
0.0607365
0.0459352
0.0452595
0.0429924
0.0597015
0.0535512
0.0600904
0.05044
0.044109
0.0493038
0.0514419
0.0571789
0.0500513
0.0542482
0.0442677
0.0426872
0.0515846
0.0386477
0.0413774
0.058234
0.0443744
0.0445395
0.0503818
0.0473985
0.0441873
0.0703509
0.0502753
0.0515698
0.0480253
0.0428648
0.0507994
0.0436345
0.0486946
0.0544446
0.0585665
0.053565
0.0473222
0.052681
0.0466399
0.0434184
0.0510575
0.0504493
0.0459242
0.0664013
0.0348876
0.0442969
0.0465183
0.054488
0.0522685
0.0603101
0.0415223
0.0446224
0.0515658
0.0698662
0.0467696
0.0504748
0.0547582
0.0389486
0.0550035
0.0502988
0.0490744
0.0564521
0.0430618
0.0385509
0.0465417
0.0479382
0.0450976
0.0627943
0.0470041
0.0535583
0.0643862
0.0392744
0.0534464
0.0443872
0.0459905
0.0495639
0.0578098
0.0609791
0.0508096
0.0649169
0.059309
0.0459657
0.0674225
0.038784
0.0447064
0.0529282
0.0473124
0.058553
0.0450347
0.046036
0.043226
0.0446686
0.0571141
0.0401402
0.0506886
0.0459258
0.0494143
0.0665541
0.0549942
0.0540244
0.0435328
0.0447783
0.0534386
0.0560834
0.0504633
0.0486913
0.0514839
0.0571037
0.0590305
0.0501966
0.0474794
0.0493962
0.0479192
0.0508266
0.052801
0.0484121
0.0570243
0.0788055
0.0500921
0.0584044
0.0620495
0.0584469
0.0581657
0.0477547
0.0415294
0.03761
0.0461318
0.0612714
0.0430254
0.0558429
0.0340155
0.043692
0.0511894
0.0469607
0.0464441
0.0539709
0.0578885
0.0566373
0.0426432
0.0725676
0.0509158
0.0506199
0.052259
0.0395833
0.0631956
0.0590775
0.0671854
0.0543386
0.0478418
0.0539169
0.0361182
0.0506048
0.0525397
0.0563854
0.0541635
0.0497163
0.0382842
0.0467251
0.0475596
0.0561787
0.0425304
0.0544357
0.0857323
0.0471322
0.0536922
0.0519562
0.0505009
0.0391678
0.0529432
0.0498734
0.0614877
0.0557501
0.0508578
0.0665555
0.055554
0.0820488
0.0539985
0.044642
0.0540406
0.0490278
0.0336538
0.0481826
0.0382736
0.0540269
0.0554972
0.0351012
0.0337261
0.0553204
0.0489165
0.0557977
0.0624782
0.0573171
0.0483273
0.0560233
0.0418673
0.0474705
0.0451573
0.0578585
0.0494481
0.0588641
0.0563456
0.0599081
0.0356481
0.0602861
0.047212
0.0569585
0.0401996
0.0494413
0.0760095
0.0494599
0.0428159
0.0588689
0.0486039
0.0523933
0.0461254
0.056452
0.0363145
0.0444453
0.0486128
0.055902
0.0503296
0.0351374
0.0501395
0.0531934
0.0449075
0.0551684
0.043496
0.0470447
0.0425763
0.0523996
0.0496427
0.0426279
0.0694045
0.0420327
0.0511226
0.043993
0.0476836
0.0476569
0.0634967
0.0636705
0.0563376
0.0527091
0.0630935
0.0413117
0.045057
0.0565143
0.0515688
0.0626944
0.047611
0.0380534
0.0530802
0.0472581
0.0509129
0.0510805
0.0605391
0.0461465
0.0531782
0.0336388
0.0504313
0.0507526
0.0520927
0.0475354
0.0515029
0.0678278
0.0596748
0.0439378
0.0526081
0.0494404
0.0523131
0.0437252
0.0449262
0.0373545
0.0512077
0.052231
0.0420129
0.0619659
0.0537498
0.0496002
0.0409308
0.0422946
0.0459943
0.060992
0.0442442
0.0535665
0.0484939
0.0543736
0.0465007
0.0476603
0.068626
0.0396957
0.0455866
0.04301
0.0471516
0.0459231
0.0583402
0.0635184
0.0504327
0.0522721
0.0363573
0.0645678
0.0454279
0.0363528
0.0547123
0.0540521
0.040307
0.0623968
0.0490026
0.048598
0.0421715
0.039556
0.0647766
0.0442548
0.0623395
0.048519
0.0409846
0.0485264
0.0520062
0.0448873
0.047572
0.0573637
0.0399405
0.0441325
0.0504294
0.0545937
0.0526171
0.0594071
0.0489556
0.0417679
0.0436904
0.0504933
0.0519082
0.0406064
0.0474053
0.052385
0.0455534
0.0490068
0.0493718
0.0567245
0.0454627
0.0562758
0.0532148
0.0605756
0.0487436
0.0443664
0.0423948
0.0378802
0.0507074
0.0488107
0.0454717
0.0464308
0.0743295
0.0660891
0.0491448
0.0602403
0.0591103
0.047227
0.0551257
0.0538641
0.0538953
0.0525399
0.0506234
0.0439088
0.0521812
0.0378425
0.0638211
0.0527454
0.0489663
0.0645867
0.0562251
0.0335253
0.0437491
0.0524254
0.0527183
0.0665334
0.0466613
0.0528281
0.0415551
0.0531923
0.0581917
0.0525962
0.0488274
0.044455
0.0564071
0.0498562
0.0592174
0.0551379
0.0541033
0.0439077
0.0516272
0.0397761
0.0634266
0.045248
0.0509872
0.046233
0.0645033
0.0393891
0.0676948
0.0476063
0.0633068
0.0630191
0.0584192
0.0538307
0.0442244
0.049502
0.0545748
0.0582666
0.0556708
0.0551401
0.0561395
0.0533927
0.0455661
0.0679797
0.059587
0.0374328
0.0499754
0.0442188
0.0475899
0.0439891
0.0443182
0.045628
0.0551713
0.0569589
0.0356321
0.0418272
0.0727016
0.0623149
0.0322825
0.0494372
0.0398588
0.0523984
0.0530011
0.0470655
0.0432031
0.0529066
0.0585903
0.0445026
0.0344098
0.0465266
0.0507088
0.0643093
0.0531921
0.0609291
0.0661329
0.0550989
0.0485904
0.0447186
0.0417762
0.0449037
0.0420642
0.057314
0.0439097
0.0524778
0.0532282
0.0677
0.0526451
0.0458811
0.0514822
0.0460493
0.05732
0.0664294
0.0549607
0.0455267
0.0456391
0.0556155
0.0440013
0.0471792
0.0503553
0.057411
0.051678
0.0534194
0.0545347
0.0522137
0.0430953
0.0541389
0.0648874
0.0518262
0.0551135
0.0423537
0.0464391
0.040935
0.063462
0.0531446
0.0497685
0.0389481
0.0524791
0.0500243
0.0478102
0.0524368
0.0465168
0.0564598
0.0472906
0.0543555
0.0371071
0.0561135
0.0502349
0.0542312
0.0593513
0.0430862
0.0514396
0.0485424
0.0533037
0.0521642
0.0564854
0.0481607
0.0552335
0.0561973
0.0506735
0.0578212
0.051137
0.0492888
0.0478312
0.0441992
0.0424882
0.0767008
0.0495069
0.0462815
0.0499651
0.0449576
0.062929
0.0476714
0.0438384
0.0499215
0.0531312
0.0436145
0.0367716
0.0463045
0.0560521
0.0494488
0.0380233
0.0543652
0.0403564
0.052684
0.0507408
0.0409905
0.0454066
0.0631896
0.0425501
0.0459575
0.0488624
0.0381017
0.0642535
0.0401276
0.0617334
0.0533819
0.0413728
0.05863
0.0575998
0.0450599
0.0483484
0.0488008
0.0591462
0.0474833
0.0579404
0.0625035
0.0603318
0.062463
0.0434825
0.0485996
0.0664919
0.0492379
0.0436489
0.0552811
0.0480498
0.0456883
0.0575638
0.0468072
0.0501144
0.0595585
0.0549273
0.0526069
0.0605818
0.0503838
0.0674094
0.0433251
0.0579336
0.0434424
0.0575523
0.0377992
0.0516088
0.0454039
0.0507854
0.0486124
0.0676558
0.0555998
0.0619863
0.0394805
0.0544784
0.0500506
0.0388357
0.0487023
0.0605467
0.0431792
0.0452678
0.06653
0.0429197
0.0525075
0.0454542
0.0415668
0.0509384
0.0414741
0.0487511
0.0528314
0.0429234
0.0488263
0.050539
0.0651293
0.0476041
0.0537298
0.031784
0.0430978
0.0608913
0.0500693
0.0639813
0.0422873
0.0731729
0.0542481
0.0466919
0.0419574
0.0514035
0.0462175
0.041455
0.050575
0.0556507
0.0476866
0.0615045
0.0405382
0.0540043
0.0669535
0.0376375
0.0409261
0.0463264
0.0557134
0.047511
0.0605304
0.0449079
0.0457157
0.0633961
0.0550972
0.0571181
0.0492646
0.0614563
0.0557799
0.0486298
0.049469
0.045389
0.0491381
0.0430443
0.0416932
0.0386807
0.0600931
0.0401691
0.071297
0.0468331
0.0333013
0.0435978
0.0490051
0.0432993
0.03741
0.0601803
0.0347737
0.0369724
0.0554017
0.0412883
0.0579216
0.0558678
0.0477709
0.037249
0.0452738
0.056082
0.0601266
0.0612745
0.0455391
0.0619085
0.0500296
0.0681706
0.0404481
0.05104
0.0425218
0.0504996
0.0513745
0.0519272
0.0406462
0.0440401
0.0524501
0.0562933
0.045612
0.0619146
0.0568857
0.0376898
0.0396297
0.0465366
0.0506345
0.0507314
0.0569694
0.0608313
0.0488271
0.0377336
0.0570069
0.0488913
0.0565911
0.0444896
0.0505406
0.0590309
0.0387665
0.0481268
0.0451994
0.0431748
0.0496748
0.0546148
0.0555359
0.0556461
0.0508523
0.0560295
0.0530887
0.061768
0.0349432
0.0455069
0.055035
0.0474922
0.0401296
0.0577194
0.0522738
0.0547823
0.0633394
0.0521995
0.0359382
0.0458397
0.0435368
0.0461934
0.0453099
0.0504282
0.0482319
0.0527934
0.0332876
0.0494463
0.0492178
0.0366191
0.0456796
0.048427
0.0492804
0.0360708
0.056845
0.0489941
0.0479439
0.0534816
0.0425258
0.0427498
0.0486011
0.0454016
0.0529192
0.0632172
0.0454281
0.0446506
0.0407729
0.0550232
0.0517613
0.0444249
0.0553963
0.055078
0.0604197
0.0479527
0.0519213
0.0483849
0.0499826
0.0515551
0.0570012
0.0496279
0.0639775
0.0676464
0.0649501
0.0453346
0.0520368
0.0759762
0.0444703
0.0416641
0.051347
0.0462807
0.0395555
0.0429725
0.0559498
0.0535474
0.0483193
0.038652
0.0585259
0.0473054
0.0528017
0.0367573
0.0419228
0.0551276
0.0451824
0.0619942
0.0596579
0.0465526
0.0439299
0.0449312
0.049424
0.0538948
0.0461013
0.0438751
0.0560545
0.0424081
0.0411229
0.0719572
0.0633196
0.0649054
0.0631623
0.0471134
0.0458848
0.0441726
0.0505558
0.0552633
0.04062
0.0385195
0.0459515
0.0610625
0.048015
0.0666427
0.0509039
0.0595398
0.0566569
0.0516793
0.0568067
0.0473406
0.0420059
0.0378461
0.0496986
0.0380089
0.0519226
0.0535155
0.051902
0.0509858
0.0536002
0.0644505
0.0441517
0.0619112
0.0487067
0.0456194
0.056185
0.0653531
0.0509707
0.0385416
0.0523626
0.0678232
0.0547188
0.0412686
0.0391139
0.0469631
0.0470953
0.0444845
0.0384537
0.0601182
0.056375
0.0517584
0.0456532
0.0444174
0.0522188
0.0391653
0.0537931
0.0770451
0.0433136
0.042759
0.0657509
0.0446819
0.0603872
0.0524826
0.0578483
0.0560666
0.0444112
0.0477411
0.0461012
0.0523739
0.0488945
0.0428524
777777