2.77277
999999
0.129694
-0.132447
-0.232869
-0.146898
0.0849082
0.0286059
-0.0190815
-0.244776
0.253468
0.144993
0.0242061
-0.242701
-0.215796
-0.108525
0.0804614
-0.00223501
-0.0223457
-0.00694707
0.255431
0.0507021
0.176335
0.308193
0.216051
0.104873
-0.198826
0.0949403
0.0950248
-0.0713567
0.0923388
0.179046
-0.171823
-0.0464429
-0.237992
0.153882
-0.0601298
0.0141454
0.216967
-0.114996
-0.0757111
0.14765
-0.00769465
-0.234612
0.173125
-0.105257
0.0633196
-0.0453822
-0.153588
0.0740415
0.0769948
-0.381618
0.140888
0.228689
-0.100373
-0.274148
-0.134846
-0.11723
0.0057084
0.217145
-0.251129
0.105061
0.0121611
0.173863
-0.0834751
0.150311
-0.00981335
0.206757
0.224996
0.33528
0.0102229
-0.0827617
-0.0772518
0.162686
-0.155568
0.0300059
-0.291279
0.134543
-0.0605669
-0.0863748
0.129791
-0.117105
0.0416739
0.10717
-0.0541742
0.0827531
-0.29699
-0.140534
0.0122428
0.0915272
-0.0239963
-0.322386
-0.214699
0.00443191
0.0866289
-0.150352
-0.068685
-0.0906504
-0.00935599
-0.190943
-0.132267
0.0378612
-0.103006
0.213446
-0.00918212
0.145836
0.21895
0.239654
0.261672
-0.126852
0.0135265
-0.130669
-0.152549
0.222171
-0.213883
-0.102572
-0.107941
0.121644
-0.027631
0.0405266
0.0838338
-0.164369
0.0282017
0.115032
-0.110924
0.190614
-0.234335
-0.146819
0.0556474
0.0988271
-0.227259
0.152057
-0.205515
0.143789
-0.132287
0.128937
0.0100548
0.0313287
0.0236621
-0.0297637
-0.113216
-0.18041
-0.21171
0.0872598
-0.244949
0.15755
0.136894
0.109383
0.0700227
0.0224244
0.0345292
-0.252281
-0.0618891
0.195109
-0.0967404
0.262879
0.226508
-0.191681
0.0648154
0.0118023
0.0857925
-0.140125
0.15252
0.131697
0.0887819
0.135819
-0.0508087
-0.203546
0.0177967
-0.187295
0.116628
0.11977
0.0134167
0.0161693
0.16226
-0.197167
0.0388909
-0.308467
-0.290441
-0.0785966
0.210548
0.184202
-0.0366391
-0.0438111
0.15103
-0.0822978
-0.240906
-0.126086
0.135449
-0.0663942
0.0402755
0.0197833
-0.0806765
0.0345325
-0.0915485
-0.0470172
0.349246
0.220563
0.296109
-0.274673
-0.0475739
0.148312
0.0807209
-0.107276
0.0398782
-0.143803
-0.193765
0.094983
-0.16863
0.156483
-0.16083
0.130134
-0.217609
0.180758
0.144769
-0.00703606
0.208477
-0.111194
0.248496
0.227276
0.0478347
0.0132379
-0.345603
0.0213107
0.0374615
0.0642945
-0.279869
-0.148399
-0.0963205
0.0574294
0.0232891
-0.0764605
0.150658
0.275541
0.191203
-0.48208
0.0695946
0.230775
-0.135796
0.114182
0.193771
-0.142968
0.118371
-0.0694486
-0.0889881
0.00644438
0.018139
-0.134813
0.111376
-0.165461
-0.174852
-0.280194
-0.1416
0.157453
0.126581
0.0621837
-0.176446
0.125707
0.19955
-0.0799397
-0.287203
0.100659
0.283302
0.103331
0.0868079
0.0662191
-0.00033059
-0.0827055
0.0812183
0.309456
0.15897
0.0167334
0.226733
-0.252337
0.237708
-0.15128
-0.292051
0.134516
0.0132371
-0.0905211
0.0384452
0.171412
-0.108751
-0.186545
-0.206905
0.131298
0.258115
0.195973
-0.0589549
0.0249115
0.0428577
-0.16661
0.132004
-0.0507675
0.0234032
-0.164439
0.0399331
-0.217848
0.182515
0.0486828
0.15876
-0.221431
0.00810288
0.0513471
0.00417033
0.113616
-0.0547766
-0.156947
0.302494
0.0506623
-0.0611484
0.318161
-0.0607968
0.0986516
0.122285
-0.278184
-0.0280379
-0.0520437
-0.0235243
0.314209
-0.0141848
0.110029
-0.149435
-0.065253
0.032761
-0.000907464
-0.189527
-0.0459063
0.0482399
-0.00948086
0.132377
0.100004
-0.0241953
-0.132266
-0.00279564
0.253445
0.175458
0.23239
-0.0998251
0.0120338
-0.0538758
-0.197042
0.320311
0.260482
0.0212594
-0.0111943
0.0985251
-0.0501808
0.122998
-0.163111
0.106061
0.154158
0.0900994
-0.0755814
0.160474
-0.298538
-0.142193
-0.256528
-0.184066
0.153621
0.203643
0.123479
-0.129991
0.0898408
-0.0344032
0.190203
-0.0501745
0.102093
0.0325123
-0.0612238
-0.296078
-0.336792
-0.0343055
-0.25708
-0.0529641
0.0937003
0.131837
0.0325763
0.110344
0.0887634
0.0070725
-0.168542
0.014848
0.112959
-0.198839
-0.134183
-0.0442528
0.0227653
0.0780749
0.171854
0.0242077
-0.00398165
0.133403
0.167353
-0.048549
-0.226036
-0.229096
-0.233831
-0.0911672
0.137116
-0.0647037
0.220463
0.133807
-0.0618616
0.0150774
0.0482436
0.122185
0.0686651
0.0165951
-0.150122
0.123663
0.0434074
0.0268862
-0.211712
-0.0637093
-0.0506508
0.0182342
-0.165256
-0.134647
0.104928
-0.0284888
0.246432
0.0309338
0.180967
-0.0563074
-0.2136
-0.0334925
0.154328
-0.0277523
0.294093
0.20537
0.304499
0.147506
0.23513
-0.102336
0.074721
0.093772
-0.0237784
-0.217586
0.0137871
0.0903243
0.153141
-0.0145786
0.370212
0.100405
-0.00608972
0.120994
0.0531765
-0.143503
-0.204307
-0.0419218
-0.168738
-0.0465861
0.186716
-0.134168
0.137215
0.296813
-0.0417716
-0.151032
-0.0378811
-0.0285756
0.0808197
0.0337254
-0.0476685
-0.0355225
0.0420457
-0.351351
-0.278768
0.09994
-0.0651901
0.0223853
-0.0555025
-0.121451
0.222562
0.0390084
0.128049
-0.0311761
0.17322
-0.199782
0.271408
0.0430753
0.208846
-0.0957405
0.0110596
-0.0249253
-0.0633162
0.246815
0.427216
-0.152341
0.0340991
0.2196
0.25871
0.0189359
0.211245
0.178749
0.0479992
-0.129736
-0.142478
-0.0970777
0.0984733
0.131653
0.102146
0.245665
-0.0505243
0.0709231
0.128207
-0.159904
0.165391
0.121421
-0.0744019
0.19771
-0.134703
-0.0580597
-0.0434702
-0.121655
-0.0420237
-0.0199292
0.0910378
0.0613245
-0.261588
-0.475533
0.123234
-0.190844
0.265325
-0.24918
0.0468872
-0.161856
0.133311
0.104449
-0.0898671
0.239711
0.0304924
0.182691
-0.123724
0.252021
0.168962
0.175926
0.0911563
0.0498358
-0.0390647
-0.0757374
0.13171
-0.0482525
-0.00991313
-0.237258
-0.0479853
-0.0150218
0.0147383
-0.291024
0.00490141
0.0715143
-0.257817
0.153124
-0.246714
0.0316196
0.160084
0.147606
-0.0725467
-0.32135
-0.086321
0.096357
-0.108568
-0.0106755
-0.0916184
0.250128
-0.330169
0.130464
-0.137788
0.139291
-0.164029
-0.294118
0.0171248
-0.10114
-0.0408154
-0.0420681
0.0528307
-0.0950439
-0.00256546
0.0749574
0.0806819
-0.153289
-0.429535
-0.0252868
0.0864625
-0.0663333
0.130491
-0.00309176
0.00849309
0.0530451
0.0588519
-0.148488
0.130564
0.172701
-0.0422875
0.0151107
-0.0704515
-0.0436784
-0.046666
0.232086
-0.215411
-0.25176
0.0390167
-0.158817
-0.0421685
-0.20873
0.306121
0.144217
-0.114781
0.0191264
0.0366463
0.0889584
0.0999846
-0.289791
-0.232457
0.0351874
0.286072
-0.156686
0.156284
0.150903
0.244568
-0.18622
-0.206593
0.162274
-0.304268
0.185367
-0.0886034
-0.133376
-0.147969
-0.0885861
0.0462343
-0.169874
0.146622
-0.0489672
-0.148974
0.117557
-0.252975
-0.0971519
0.00802274
-0.119368
0.0807795
-0.114978
-0.037043
-0.0544965
0.214634
-0.170797
-0.0806801
0.155737
0.387566
0.176613
0.159889
0.22285
-0.0975785
0.0531396
0.329972
-0.037101
-0.0161165
0.15925
0.00813994
-0.0154875
0.14013
-0.0482101
0.0702476
0.0607517
-0.0476555
-0.135417
0.235823
-0.0875059
0.134859
0.103699
-0.0904638
0.0331308
-0.258709
-0.198036
0.141534
0.146972
-0.0668872
-0.17022
-0.0895189
0.0116497
-0.173371
0.21473
0.203289
0.0725927
-0.16652
-0.125805
-0.113072
-0.0531076
-0.0852196
0.0677413
0.125061
-0.107576
-0.182775
-0.0316135
0.177333
0.0741928
0.198624
-0.136362
0.133609
-0.0829796
-0.286485
-0.045204
-0.121304
-0.0917147
0.222357
-0.0968109
0.200294
0.217811
0.227181
0.0366115
-0.0128988
-0.252642
-0.143133
0.0154464
0.0413357
0.0949697
-0.00638009
-0.119008
0.0486595
-0.0438554
0.171106
-0.0624447
0.106247
-0.1289
-0.0362851
-0.118496
0.17203
-0.145649
-0.112408
-0.0499315
0.186246
0.0695661
-0.104855
-0.143438
-0.217216
-0.133836
0.1532
0.201071
0.11555
-0.137762
-0.114306
-0.12103
0.148762
0.062519
0.357034
-0.0855331
-0.0137752
0.0945754
0.0632075
-0.0279279
0.0363488
-0.00270786
-0.297019
0.021977
-0.129216
0.0618707
-0.20205
0.00315721
-0.0663014
-0.103993
-0.0196997
-0.0884731
-0.0425096
-0.197679
-0.0440886
-0.211277
0.0561023
-0.0967769
0.194439
0.339934
-0.137244
0.143684
-0.106051
0.0754885
-0.0503879
0.0346305
0.215599
-0.099535
-0.0621039
-0.101821
-0.24578
-0.0607244
0.215451
0.169689
-0.361927
-0.119084
-0.203197
0.0993546
-0.0433272
0.0853887
0.113125
-0.0187577
-0.0900429
-0.00886726
-0.129866
0.168854
0.0993952
0.0840765
-0.182302
0.1709
-0.162194
0.296488
-0.0722449
-0.266173
0.109677
-0.000690524
-0.00346916
0.0784308
-0.0439728
0.141162
0.287086
0.0688455
0.228474
0.100042
-0.18407
0.0419053
0.0618085
0.0366781
-0.0806179
-0.144122
0.0156084
-0.0536125
0.0769122
0.301332
0.301446
-0.0107663
-0.161385
0.131261
0.0759992
0.0640384
0.07313
-0.0142749
-0.17493
0.0738637
0.122897
0.211874
-0.00499499
-0.0370995
0.181218
0.0499376
-0.131313
0.217722
0.00676528
-0.0899692
0.107112
0.139751
-0.134724
0.177063
-0.150203
0.0842367
0.00425824
-0.000987924
0.322292
0.0639692
0.0230388
0.366933
0.115589
-0.0351494
0.188264
0.0224403
-0.100174
-0.0312143
0.281254
-0.00890974
-0.103509
-0.0197342
-0.126139
-0.0615992
0.38032
0.326392
0.134796
0.123445
-0.0304515
-0.0252517
0.0292771
-0.272041
0.146427
-0.00505915
0.00792059
0.181315
-0.0115085
-0.116549
0.188309
0.0265062
0.161481
0.225034
0.00314011
-0.103882
-0.264095
0.181169
0.188276
-0.0389147
0.143064
0.189221
0.258902
-0.168334
0.259597
0.181149
0.0414787
-0.0881807
0.302227
-0.220031
0.061493
0.140824
-0.115172
0.0261097
0.163465
-0.0851741
0.168379
-0.0599321
-0.0542949
0.031043
-0.27115
0.377494
-0.266462
0.0846428
-0.296031
-0.0197811
0.155325
-0.116917
-0.11364
-0.173035
0.148823
-0.130481
-0.225915
0.0705905
-0.0134009
0.135384
-0.10496
-0.0329182
0.243312
-0.195638
0.00805349
-0.00835237
-0.114038
0.00976623
-0.0726265
-0.154623
0.215325
0.0311527
-0.103714
-0.0813274
0.0996383
0.0043688
-0.0895282
0.177654
0.0118115
-0.285919
0.0225443
-0.179324
0.397531
0.172477
0.0486662
0.0904216
-0.103855
-0.160771
0.207153
-0.184579
0.134975
-0.165415
-0.0942728
0.0373713
-0.164408
-0.124676
0.130703
0.102582
0.00650391
0.144156
-0.0892355
0.093183
-0.00424487
0.00574728
0.0802113
-0.0375584
0.127399
0.0231054
-0.168096
0.0262509
-0.0888769
0.188545
0.0656705
0.118549
-0.195027
-0.0155472
-0.263493
0.0356801
-0.042137
0.0557394
0.110619
-0.0612045
-0.244777
-0.126852
-0.00629936
0.0665179
0.0851791
0.0615474
0.15123
0.0672887
-0.0896813
-0.0422709
0.0707624
0.0377846
-0.128351
-0.0404253
-0.0922653
0.052539
-0.154815
0.33383
-0.360275
-0.0709827
0.0697665
0.122145
-0.120241
0.213044
0.205856
-0.0400332
-0.065262
0.171245
0.0407577
-0.0618918
-0.0803102
0.314104
-0.117765
0.104315
-0.114431
-0.195514
0.0274286
-0.0819974
-0.136029
0.302545
0.0682385
-0.0900233
-0.0750006
0.19063
0.000852008
-0.189688
0.419697
0.0623968
0.153925
0.0636298
1.69488e-05
0.00489705
0.269171
0.28039
-0.17055
0.0300294
-0.0822191
-0.211214
-0.29842
-0.185269
-0.122592
-0.0106426
-0.0136336
0.0612257
0.0604703
-0.27221
0.196406
-0.113999
0.0251005
0.00665928
-0.119917
0.192887
-0.142722
-0.223095
-0.118156
-0.131085
-0.247538
-0.105281
0.110141
0.124328
0.414268
0.17281
0.303403
0.0346128
-0.0426184
0.0591046
0.299736
-0.124869
-0.0405708
0.055389
0.380977
0.0924425
-0.00378257
0.0363636
-0.00163104
0.118803
-0.289305
0.0368433
0.0650682
0.103182
-0.179834
-0.140382
0.0471391
0.0781608
0.165704
0.256322
-0.220435
0.0254262
0.288285
0.122789
0.154282
0.1782
0.00623698
0.23579
-0.188786
-0.187669
-0.0655499
0.406643
-0.0482021
-0.100321
0.0812278
0.153722
0.157487
-0.252675
0.066732
-0.0524378
0.0573463
-0.0250038
-0.349737
-0.212999
-0.06201
-0.00657107
-0.215937
-0.0805916
0.168145
0.0354377
0.0977178
0.197802
-0.0621311
0.176943
-0.212365
0.163927
0.134856
-0.125596
-0.275726
0.463066
-0.144084
-0.0654299
-0.0440079
0.272979
0.0277314
0.0582465
0.142111
0.0366264
0.0601635
-0.283595
-0.140358
-0.0592254
-0.135047
0.10957
-0.176058
0.080848
-0.0407392
-0.269819
0.0911259
0.0712823
0.241519
0.0420909
0.175528
0.207448
0.25461
0.0248515
-0.256479
-0.0886341
0.0844106
-0.0906327
-0.00393684
0.144261
0.0925549
0.145768
0.0921327
-0.0852459
0.243732
0.0601293
0.027301
-0.196092
0.223578
-0.0176283
-0.233329
-0.15175
-0.0122768
0.0417562
-0.0671252
-0.0293761
0.210744
-0.117576
0.0658155
-0.0471763
-0.00327619
-0.158515
-0.0898259
0.227158
-0.00943366
0.451511
0.192909
0.211091
-0.123184
-0.121492
-0.134224
-0.182943
0.0471645
0.0907753
0.0342363
0.0381987
-0.119568
-0.00385617
-0.0471941
-0.208489
-0.147867
-0.0967745
-0.242823
0.192912
0.0675456
0.0121474
-0.00583903
0.0212658
-0.367611
-0.17038
-0.145678
-0.0421458
-0.155264
-0.0262993
0.163727
0.312542
0.00786395
0.208936
0.137586
0.0808171
-0.00783922
0.071231
-0.0989562
0.278471
0.153327
0.122426
0.346069
-0.247369
0.0348086
0.13709
-0.146003
-0.0100266
0.175068
0.255203
-0.0101477
-0.0649862
-0.0100532
0.309294
0.143235
0.0137496
0.138447
0.0728447
-0.213661
-0.119663
-0.00976899
0.0465319
-0.0143754
-0.215647
-0.223641
0.299699
-0.160584
-0.0976431
0.103819
0.221817
-0.199563
0.255593
-0.0322086
-0.217043
0.119513
0.0439711
-0.173314
-0.0443398
-0.271141
0.122598
-0.166431
0.0631598
0.134744
-0.0847604
-0.331611
0.0556482
0.122929
0.0457547
-0.00127505
-0.185513
-0.0589589
-0.192002
0.0417857
0.00783028
-0.0820683
-0.170184
0.16138
-0.0445767
-0.124705
-0.0426446
0.0953312
0.219645
-0.229875
-0.0417117
0.271307
-0.142471
-0.108082
0.0713098
-0.0492598
-0.114408
-0.163062
-0.144228
0.0105511
-0.0871519
-0.0241491
-0.196988
0.111523
-0.0901813
-0.103069
-0.0781004
0.242392
0.0357028
0.162701
-0.10199
0.216653
0.119302
-0.25401
-0.128275
0.147015
-0.216835
-0.125525
0.0568796
-0.0163206
0.0210793
0.146017
0.390395
0.0524673
0.0511403
-0.0226173
-0.126752
-0.26998
0.0527747
0.0167764
0.0136868
0.162218
0.118907
-0.176756
0.103761
-0.0362826
-0.109747
-0.106442
0.00414367
-0.0849964
-0.00996453
0.0665277
-0.178412
0.0896407
0.0471912
-0.350534
-0.109976
0.120941
-0.20968
-0.0614477
0.15036
0.0290012
-0.0747703
0.0392981
-0.0808578
-0.00927527
-0.233767
-0.120949
-0.116309
-0.185969
0.0122259
-0.0186542
0.177013
0.123297
-0.0178653
-0.1014
0.0607747
-0.0703326
0.163498
0.324997
-0.24387
-0.155044
0.0606913
0.220021
0.174398
-0.0725281
0.0981036
0.0198367
0.180089
0.314358
-0.0579451
0.166424
-0.039326
-0.286338
-0.0443959
-0.199829
0.237699
-0.0990998
-0.0240472
-0.0474395
-0.145704
-0.275118
-0.142211
-0.178606
0.0526587
0.030986
-0.189871
-0.0516764
-0.132181
0.200171
-0.103084
0.184175
0.0206954
0.298319
-0.113681
-0.0680325
-0.0691514
0.234986
-0.0300994
-0.0206444
0.0595226
0.125016
0.289621
0.095861
-0.108558
-0.00277664
-0.063106
0.0393342
0.144355
0.149284
-0.249078
0.0710108
0.164869
-0.270702
-0.132074
-0.0429365
-0.374171
-0.0833478
-0.0828196
0.0392887
0.202373
0.132484
-0.0217708
-0.00950371
0.20286
0.186619
-0.229734
-0.0592807
-0.199058
-0.170213
0.311065
0.0609145
-0.144033
0.0516417
0.283434
0.0429873
-0.147932
0.329171
0.409841
-0.127108
-0.0207786
-0.209573
-0.182106
0.143545
-0.25649
-0.190153
0.0447616
-0.19629
-0.0610913
0.0578
-0.0239194
-0.0563933
-0.0578799
-0.262029
0.0682618
0.0882633
-0.039981
-0.0809787
0.053602
-0.108544
-0.252316
-0.034655
-0.18015
0.00784353
-0.28759
-0.0401551
-0.0971154
0.136536
0.0198396
-0.0643979
-0.0568246
0.0913404
0.0493593
-0.163604
-0.256366
-0.136797
0.109415
-0.104021
0.048568
0.215082
-0.196966
-0.193015
-0.166647
0.0697662
0.267947
-0.0555144
-0.2352
-0.0566566
-0.0610411
0.0591825
-0.0585596
0.410942
0.0956554
-0.223289
0.208096
-0.221339
-0.185786
-0.000865937
-0.0916012
-0.00935036
0.168647
-0.100932
-0.129939
-0.0796218
0.225426
0.239172
0.0498402
-0.218383
0.314232
0.0148104
0.0912369
0.147246
0.377519
-0.0250654
-0.293607
-0.111442
-0.172251
0.109383
0.185659
0.0973354
0.0584562
-0.164518
0.122978
0.0165115
-0.161452
-0.062371
0.26582
-0.0467286
-0.05852
0.000655882
-0.0707673
0.16137
-0.141056
0.0945437
-0.0333279
0.239949
-0.188232
-0.0749091
0.230607
-0.024198
0.0208342
0.279773
0.0305785
-0.0734925
-0.227204
-0.0128785
-0.0837444
0.0385733
-0.0813495
-0.241406
0.178597
-0.13937
-0.14148
-0.130872
0.016066
-0.0286467
-0.112528
0.232962
0.130999
0.0941759
-0.0987364
-0.231653
0.16721
-0.0836484
-0.318046
-0.00398582
0.0540896
-0.200492
-0.215882
-0.17
0.386666
-0.198383
-0.0545044
-0.0526452
-0.0644131
-0.00240734
0.136927
-0.0895174
-0.0587776
-0.0677027
0.0802301
-0.0307544
0.099201
0.0449759
0.138601
0.0261264
-0.379258
-0.0382257
-0.084328
-0.0678973
-0.241812
-0.146681
-0.00250356
-0.0504251
-0.0620484
-0.0337683
-0.111016
0.125728
0.169227
0.171673
-0.0733031
-0.179794
0.0421994
0.108441
0.178398
0.139767
0.214073
-0.171332
0.257101
0.0884478
0.0553764
0.0542343
0.031468
0.422179
0.0741126
0.0023755
-0.121067
-0.0676789
0.087528
0.00120775
-0.0775864
0.144391
-0.323572
0.103727
0.132376
0.00361457
0.0835894
-0.0565915
0.0768185
-0.0194771
-0.0501566
0.0525019
0.0132955
0.0398289
0.0800325
0.288423
0.214393
0.0327999
0.148347
-0.131815
0.182727
0.224163
0.114522
0.314957
0.110514
-0.130465
-0.203391
0.159849
-0.183876
-0.324535
-0.136673
-0.107157
-0.0303493
-0.0933586
-0.0289631
-0.0871346
-0.0834652
0.0538154
-0.0760378
-0.0426655
-0.116351
-0.191947
-0.0240154
0.0335724
-0.0797407
-0.203164
0.00995259
-0.0168904
-0.084339
-0.00872898
0.253594
-0.0608015
0.165899
-0.141688
0.103796
0.140482
0.332511
-0.048584
888888
0.0678075
0.0512876
0.0406064
0.0386743
0.0533534
0.0688343
0.0349245
0.0379714
0.0603407
0.0441238
0.0380135
0.0474081
0.0478652
0.0581596
0.042442
0.0767152
0.065317
0.0458863
0.0489697
0.049948
0.0588491
0.041524
0.0616635
0.0626852
0.040964
0.0334861
0.0333799
0.0424444
0.0569518
0.0484523
0.0331717
0.0386104
0.0626433
0.052479
0.0381101
0.0469214
0.0386443
0.0347413
0.0759653
0.0354099
0.0591722
0.0332493
0.0326985
0.0455208
0.0365083
0.0515135
0.0507663
0.0455709
0.0529444
0.0613866
0.0458071
0.0657024
0.0508364
0.0683934
0.0412385
0.0432622
0.0626304
0.0662073
0.0430931
0.0527341
0.0569819
0.0562835
0.0453777
0.0566528
0.0365588
0.048692
0.0567289
0.0526576
0.0424986
0.0551155
0.0497365
0.0561938
0.0670583
0.0317139
0.0527934
0.0496877
0.0485851
0.0555498
0.0593236
0.0524742
0.0396951
0.0607717
0.0453236
0.0390935
0.044473
0.0631047
0.0418745
0.0522065
0.0483046
0.057912
0.0412516
0.0387826
0.0473554
0.0777144
0.0459195
0.0603782
0.0471889
0.0532887
0.0632874
0.0555935
0.0473847
0.0567765
0.0660825
0.0463338
0.0518676
0.0519956
0.0330851
0.0506788
0.0541974
0.0511912
0.0477839
0.0632228
0.0368622
0.0352239
0.053983
0.066942
0.0361957
0.0456899
0.03825
0.0463663
0.0512821
0.0355298
0.036562
0.0555315
0.0505602
0.0469103
0.0607828
0.0384577
0.0548225
0.0695037
0.048069
0.0557837
0.0343206
0.0456379
0.0425535
0.0565251
0.052328
0.071828
0.0758261
0.0489557
0.0323676
0.0530176
0.0414588
0.0585901
0.0565878
0.0637744
0.0352454
0.0612018
0.0517842
0.0559153
0.0633465
0.0390398
0.0531225
0.0626318
0.0372345
0.0483869
0.0394406
0.0402325
0.0476307
0.0520667
0.037678
0.0506163
0.0334468
0.0748359
0.0540088
0.0568844
0.0456017
0.0504183
0.0422562
0.0373352
0.054338
0.0524897
0.0706478
0.0712606
0.045233
0.0406786
0.0722372
0.0718904
0.045136
0.0431829
0.032621
0.0493166
0.0476105
0.0501853
0.070718
0.0333787
0.0539987
0.0395068
0.0441924
0.0908651
0.0448047
0.0455257
0.0513262
0.0369898
0.0307605
0.0328093
0.0769616
0.0614858
0.0590922
0.0420657
0.0839309
0.0594546
0.070331
0.0447346
0.0355533
0.0663135
0.0438767
0.0378241
0.0510695
0.0695635
0.061814
0.0395825
0.0883979
0.0487496
0.063093
0.0755225
0.0544407
0.0432324
0.0677166
0.05151
0.0898131
0.0641443
0.0518557
0.0479627
0.0662581
0.0305294
0.0447757
0.0416666
0.0395795
0.0265035
0.0469558
0.0441606
0.0687303
0.0479531
0.0487039
0.0453277
0.0493116
0.0548655
0.0465762
0.0388795
0.0592859
0.0561829
0.0551022
0.0500732
0.0564815
0.032337
0.0534499
0.0514218
0.0625444
0.0405235
0.0799063
0.0518788
0.0650165
0.0498929
0.0405447
0.0619011
0.0434834
0.0498112
0.0478085
0.0602481
0.0449255
0.0580452
0.0472535
0.0469774
0.0557919
0.0465323
0.0421485
0.0541706
0.0452445
0.045947
0.046627
0.039237
0.0526668
0.0575283
0.0497326
0.0588414
0.0430493
0.04666
0.0534257
0.0454177
0.0486058
0.0453747
0.0391418
0.0673873
0.0435069
0.0317274
0.0672583
0.0466548
0.0537379
0.0481218
0.0410566
0.0514096
0.0439515
0.0574519
0.0439134
0.0531609
0.0560739
0.0480739
0.0489327
0.0698672
0.0588962
0.0492986
0.0426965
0.0572213
0.0552189
0.0451575
0.0659488
0.0558173
0.0576375
0.0465574
0.045222
0.0398681
0.0429872
0.0557961
0.0674279
0.0524389
0.0469479
0.0576706
0.0693951
0.0425952
0.0373179
0.0399907
0.0446323
0.0492818
0.0789087
0.0435045
0.033682
0.0658328
0.0649782
0.0552248
0.0512869
0.0428511
0.0613363
0.0534175
0.0397753
0.0676973
0.0397139
0.0526911
0.051907
0.0574087
0.0393353
0.0389388
0.0463879
0.0392111
0.0397398
0.0678508
0.0431275
0.0454386
0.0526639
0.064762
0.031959
0.0635653
0.0358761
0.0455449
0.0367607
0.0665408
0.0316573
0.0606911
0.0301015
0.0636607
0.0565018
0.0658974
0.070974
0.0500207
0.0662017
0.0517826
0.0559017
0.0522457
0.0597589
0.0723257
0.0469885
0.0502375
0.0408533
0.0489659
0.0503368
0.0694816
0.0307335
0.0359541
0.0684253
0.0475174
0.0549776
0.051743
0.0687432
0.0622193
0.0597752
0.0636264
0.0506009
0.0344154
0.0336606
0.0472174
0.0491055
0.0363976
0.0526045
0.0366404
0.0443532
0.0660131
0.0451157
0.0517989
0.0496969
0.0669088
0.0464238
0.038996
0.0478367
0.0463481
0.0678199
0.0556159
0.0646
0.0654183
0.073217
0.0619443
0.0691009
0.0382688
0.053572
0.0559399
0.0494984
0.044856
0.0389443
0.0524341
0.0475606
0.06726
0.0487811
0.0386823
0.0579171
0.0519603
0.0521833
0.0498412
0.0467686
0.0677135
0.0590267
0.0737978
0.0470573
0.080726
0.0494758
0.0349477
0.0651498
0.0641302
0.0449623
0.0554915
0.057064
0.0374608
0.0555344
0.0728169
0.0512534
0.0786131
0.0459519
0.0510338
0.0482882
0.0451442
0.0554293
0.0528437
0.0426095
0.0241813
0.0420391
0.0477299
0.0436401
0.0446414
0.0449265
0.0664051
0.0559109
0.0431933
0.0543997
0.0338593
0.046802
0.0426708
0.0475032
0.0441487
0.0463794
0.0458849
0.0581119
0.0509511
0.0710408
0.0565592
0.0572031
0.0504609
0.039562
0.0438704
0.0460272
0.0598249
0.0424138
0.0359708
0.0536093
0.0268145
0.062262
0.0554369
0.0486633
0.0452401
0.0537651
0.0493038
0.045826
0.0434205
0.0436194
0.0966
0.0429247
0.0419671
0.0295498
0.0634911
0.0542725
0.0333104
0.0629056
0.0444994
0.0501783
0.0416995
0.0500019
0.0567221
0.0354865
0.0388152
0.0519386
0.0468692
0.0614918
0.0435129
0.0511463
0.070731
0.0513666
0.061543
0.0576989
0.0532362
0.0472478
0.0501256
0.0446118
0.0577486
0.0588466
0.0382368
0.0711445
0.0503647
0.0455706
0.0557193
0.047936
0.0377959
0.0604537
0.0449636
0.054961
0.0355716
0.0406603
0.0381498
0.0398697
0.0415646
0.0708576
0.0695963
0.0504852
0.056987
0.0412756
0.0349284
0.0307486
0.0392631
0.0477208
0.0344831
0.0453434
0.0350312
0.0434144
0.0438792
0.0397354
0.0558286
0.0522357
0.0428247
0.0383742
0.0673432
0.0384496
0.0489668
0.0572232
0.0662078
0.0539772
0.0744763
0.0562369
0.051507
0.0741458
0.0496501
0.0779856
0.0752009
0.0758567
0.0662903
0.0451996
0.0766032
0.0523571
0.0455766
0.0702332
0.049002
0.0484667
0.047077
0.0426098
0.0741839
0.0537495
0.0630858
0.052412
0.0527124
0.0500345
0.044144
0.0462754
0.0529181
0.0309895
0.0671174
0.0533634
0.0611735
0.0429794
0.0553892
0.0701872
0.0773583
0.0532663
0.0637636
0.0549596
0.0391967
0.0486816
0.0745892
0.0462437
0.0720144
0.0452764
0.0446918
0.0472457
0.0558587
0.0751516
0.0596734
0.0508704
0.0569087
0.060055
0.0486883
0.0519316
0.063213
0.0486898
0.0364517
0.0359485
0.0421744
0.0546728
0.0456919
0.055237
0.0504748
0.0429593
0.0395383
0.0439148
0.0685693
0.0473142
0.0633462
0.051018
0.0523355
0.045821
0.0542189
0.028864
0.0624236
0.0562199
0.0553315
0.0512377
0.0595956
0.0486208
0.0459868
0.0427502
0.0386818
0.0640662
0.052085
0.0430991
0.063694
0.0596962
0.0519432
0.0529804
0.0580256
0.0552203
0.0515508
0.0431603
0.0498163
0.0393979
0.0294896
0.0375909
0.0525789
0.0585645
0.0468951
0.0430917
0.0432388
0.0371735
0.0606408
0.0480659
0.0532696
0.0552131
0.0467969
0.0667165
0.0483099
0.0505281
0.0786759
0.0298227
0.045554
0.0629734
0.0477461
0.0451898
0.0465214
0.0540718
0.082385
0.077689
0.0504733
0.0563566
0.0724785
0.037802
0.0647383
0.0323762
0.0446403
0.0776216
0.0378381
0.0401135
0.0449667
0.0392501
0.0399642
0.0517602
0.0517181
0.0346833
0.0432613
0.041204
0.0542361
0.0590697
0.0631635
0.051858
0.0423448
0.0718913
0.0482874
0.0399196
0.0474921
0.0790464
0.0441371
0.0641771
0.0636469
0.043068
0.0558967
0.0445105
0.0597167
0.0581665
0.0465087
0.0527847
0.0510262
0.0342959
0.0753956
0.0635745
0.0664651
0.0371159
0.045053
0.0338856
0.0476268
0.0450753
0.0584229
0.0815602
0.041908
0.0506937
0.0467617
0.0462745
0.0741444
0.0424709
0.0568942
0.0538535
0.0572257
0.0715933
0.0467884
0.0430834
0.0320931
0.0666848
0.038815
0.0518625
0.0461885
0.0416861
0.0345299
0.0388454
0.0605326
0.0378431
0.043943
0.0415992
0.041357
0.0433851
0.0750231
0.0539732
0.0404624
0.0395075
0.0606596
0.0495329
0.0409568
0.062793
0.0524522
0.0450374
0.0468638
0.0417844
0.0434831
0.0396161
0.0376764
0.0679728
0.0525586
0.0614183
0.0532047
0.0467151
0.0486131
0.0602677
0.0386051
0.0401143
0.0669004
0.0645921
0.0478758
0.072889
0.0491356
0.0456555
0.0337559
0.0379489
0.0576888
0.0387342
0.033213
0.0594114
0.0734857
0.0461891
0.052021
0.04486
0.0575773
0.049754
0.0482748
0.0522238
0.0577443
0.0433275
0.0409269
0.0484599
0.0554251
0.0323056
0.0597699
0.0613319
0.041387
0.0616413
0.0539578
0.0434865
0.0445507
0.0621132
0.0352929
0.0593475
0.0414927
0.0469627
0.0522081
0.0356532
0.0445996
0.0382638
0.0469254
0.0513
0.0605243
0.0556471
0.0398369
0.0716398
0.044177
0.0506778
0.0379597
0.0487958
0.0518972
0.0501631
0.0490975
0.0538302
0.0666142
0.0497205
0.0351892
0.0566611
0.0430976
0.0430959
0.0707459
0.0732
0.0343242
0.0370582
0.038696
0.0611468
0.0513229
0.0544291
0.0516418
0.046702
0.0436102
0.051813
0.0308068
0.0475264
0.0524726
0.0651668
0.0596144
0.0411075
0.0584243
0.042757
0.0458893
0.0707554
0.0504421
0.0528256
0.048875
0.0562006
0.0458849
0.039988
0.0496711
0.0340914
0.0538275
0.0491215
0.0561688
0.0433008
0.0575458
0.0485717
0.0685713
0.0407148
0.0317369
0.0745326
0.0638932
0.0510426
0.0657353
0.0477542
0.0405335
0.0385457
0.0357411
0.0585136
0.0446967
0.0267534
0.059383
0.0570698
0.047252
0.0379765
0.0557151
0.0580286
0.0340553
0.0520694
0.0747087
0.0500731
0.0377065
0.0702742
0.048749
0.0507946
0.0574951
0.0576022
0.0488915
0.0634856
0.0474138
0.059392
0.042239
0.066648
0.0427107
0.0598742
0.0612506
0.0396127
0.0687961
0.0533854
0.0437647
0.0697387
0.0361931
0.0676451
0.0364321
0.0479272
0.0594477
0.035835
0.0568486
0.0561479
0.0471308
0.045491
0.047875
0.0294633
0.0413732
0.0429647
0.0398579
0.0510524
0.0575189
0.0605511
0.0442976
0.0573303
0.0507727
0.0439258
0.0459006
0.0437355
0.0414972
0.0478727
0.040695
0.032379
0.096388
0.0451304
0.0352835
0.0694446
0.0610059
0.0566606
0.0567608
0.0350993
0.0435445
0.0491901
0.0399768
0.0527453
0.0562766
0.0394944
0.0490555
0.0462444
0.0342606
0.0490742
0.0317072
0.0401928
0.0539136
0.0511877
0.0407047
0.0403689
0.0618238
0.0529818
0.0733645
0.0478917
0.0406876
0.067791
0.0515897
0.0325555
0.0636022
0.0545301
0.0393982
0.0454324
0.0446428
0.0513789
0.0493619
0.0718539
0.0546608
0.0429324
0.0660289
0.0571947
0.0625991
0.0528561
0.0428302
0.0352911
0.0588973
0.0542353
0.0411596
0.0564447
0.061616
0.0496176
0.0281212
0.0585284
0.0471457
0.0384966
0.0376266
0.0621513
0.043234
0.0533829
0.0593086
0.0364714
0.034702
0.0385592
0.0637094
0.0627663
0.051682
0.0459802
0.0391575
0.0498187
0.0687653
0.0471694
0.0546503
0.033696
0.0621595
0.0244954
0.0516074
0.0488421
0.0631537
0.0506393
0.0365839
0.0587247
0.0614371
0.048763
0.0551163
0.0668731
0.0411759
0.0541222
0.0344864
0.080055
0.0456523
0.0574598
0.0487629
0.0489059
0.0513185
0.0473743
0.0748894
0.052134
0.0359419
0.0314571
0.0487344
0.0522734
0.0415819
0.043812
0.0670716
0.0598841
0.0605593
0.0459192
0.044019
0.0442402
0.039959
0.0380848
0.0653739
0.0378436
0.0561955
0.0663384
0.047412
0.0492886
0.0508067
0.0475502
0.0488193
0.0411515
0.0820868
0.0692551
0.0535959
0.0528876
0.0394556
0.0645408
0.0600598
0.059013
0.0542208
0.0608304
0.0369924
0.0532893
0.048328
0.0516649
0.0537526
0.061443
0.0470386
0.0663445
0.0325072
0.042755
0.0272025
0.0403383
0.0751875
0.0462567
0.059717
0.0546024
0.045411
0.0508871
0.0459017
0.0846102
0.0500399
0.0557492
0.0555662
0.0556154
0.0678968
0.0375144
0.0650783
0.0769614
0.0622075
0.0488873
0.0596902
0.0383099
0.04676
0.0428975
0.0548015
0.0358865
0.0543148
0.0526754
0.0515939
0.0363883
0.0461404
0.0580265
0.0608007
0.0447402
0.0482686
0.0631037
0.0459638
0.0412648
0.0774085
0.066379
0.0388718
0.0574412
0.0400995
0.0568075
0.0431845
0.0429736
0.04746
0.0405499
0.0444577
0.0510189
0.066531
0.0595938
0.0666784
0.0439313
0.049936
0.0550806
0.0587868
0.041318
0.0456647
0.0481515
0.0474939
0.0464337
0.0549807
0.0465665
0.0359578
0.0441709
0.0541667
0.0423388
0.0366858
0.0439592
0.050497
0.0402839
0.0538956
0.0665064
0.0588662
0.0675152
0.0426866
0.0787425
0.0498771
0.0565781
0.0369578
0.0518211
0.0417161
0.0490376
0.0525064
0.0461754
0.0473886
0.0509798
0.0548508
0.0545327
0.0590275
0.0694802
0.0517318
0.0635362
0.0520969
0.0511659
0.0482832
0.0638314
0.0925697
0.0728807
0.0439462
0.0436622
0.0578687
0.0545162
0.0502812
0.0629872
0.0385872
0.0402848
0.0714689
0.0445889
0.0516344
0.0582111
0.0529769
0.0429798
0.0568144
0.0560902
0.0462311
0.0634863
0.0485748
0.0473173
0.0521652
0.0529968
0.0582208
0.0332493
0.0494394
0.0343333
0.0620671
0.03956
0.0489021
0.0465656
0.052559
0.0545996
0.0500613
0.0682835
0.0450306
0.0326196
0.059365
0.0510114
0.035604
0.0411548
0.0381045
0.0483625
0.0767866
0.0511834
0.0457134
0.0669704
0.0383753
0.0333472
0.0492147
0.036831
0.0600783
0.0548262
0.0385863
0.0391918
0.0272356
0.0504045
0.0607381
0.0528214
0.0577007
0.0378899
0.030226
0.050039
0.0668679
0.0464299
0.0614648
0.0448585
0.0677079
0.0583807
0.0544776
0.0452287
0.0395123
0.0518162
0.0593858
0.0416165
0.0541736
0.0619398
0.0560948
0.0419257
0.0465275
0.0499614
0.0336706
0.070329
0.0553762
0.0573881
0.0454593
0.0515391
0.0602246
0.0661355
0.0620259
0.0506347
0.0433562
0.0526206
0.0618852
0.0585452
0.0562239
0.0563649
0.047196
0.0434757
0.0635233
0.0568619
0.0350147
0.0662817
0.0368966
0.0627877
0.0766424
0.0542439
0.0593937
0.0445864
0.0579944
0.0314138
0.0411594
0.0519671
0.0484277
0.0569818
0.0584357
0.0571758
0.0407384
0.0674248
0.079062
0.0682023
0.0599202
0.0405781
0.0386027
0.065726
0.0456855
0.0633377
0.0534764
0.0285783
0.0603084
0.0708833
0.0578991
0.0474061
0.0515899
0.0622006
0.0467657
0.0561634
0.0594661
0.0582244
0.0369012
0.0496375
0.0525956
0.0410985
0.0433807
0.0387466
0.0545825
0.0613382
0.048746
0.0602415
0.0423764
0.0461928
0.0440671
0.0410994
0.0540777
0.0543602
0.0542456
0.043506
0.0478484
0.0481727
0.045524
0.0438095
0.0446075
0.0561098
0.0343567
0.0570298
0.0456352
0.0420847
0.0445172
0.0813882
0.0577039
0.0312804
0.0341367
0.0472774
0.0504918
0.0398611
0.0679727
0.06667
0.0618693
0.0630191
0.0526801
0.0855257
0.0565623
0.0792977
0.0601706
0.0520664
0.0469543
0.0555498
0.035391
0.0375388
0.0493584
0.0554134
0.0601125
0.0453053
0.0551885
0.0625971
0.0595493
0.0476593
0.0662971
0.0552266
0.058442
0.0433191
0.0565979
0.0425246
0.0602486
0.0370018
0.0587865
0.0365944
0.032638
0.0446143
0.0551369
0.0583041
0.0465242
0.050427
0.035609
0.0690063
0.0505141
0.0610928
0.0451094
0.0419511
0.0343131
0.0523594
0.0804462
0.0536309
0.0524095
0.0428186
0.054596
0.0575863
0.0513958
0.0433645
0.0481649
0.0488042
0.0890727
0.050275
0.0567752
0.0487921
0.0634741
0.0553354
0.0337009
0.058701
0.0607935
0.0525439
0.0488404
0.0629664
0.0648692
0.0677553
0.0284247
0.0551988
0.0434965
0.086429
0.0421029
0.0577118
0.0373188
0.0262558
0.0652749
0.0613407
0.0354924
0.0552811
0.0585058
0.0399646
0.0491009
0.0404154
0.0936287
0.0571753
0.0349095
0.0457283
0.0415447
0.0445292
0.0793327
0.0521472
0.0352053
0.0462939
0.0839153
0.0505508
0.0560519
0.047103
0.0414843
0.0447324
0.0507741
0.0486084
0.0515162
0.0639671
0.0733063
0.0563632
0.0457567
0.0404151
0.0471048
0.0504091
0.0318826
0.0429478
0.041919
0.0414253
0.0314323
0.0347092
0.0315747
0.0390607
0.0430584
0.0438565
0.0566681
0.0294101
0.0505088
0.0436185
0.0531822
0.0638445
0.0659826
0.0391158
0.0478263
0.0615236
0.0545758
0.0341948
0.0473769
0.048365
0.0538262
0.0391323
0.05299
0.0497113
0.0439347
0.0420176
0.058309
0.0394495
0.0507324
0.0377648
0.0568424
0.0597499
0.0616223
0.0591248
0.0446164
0.0606511
0.0540278
0.0716398
0.0483972
0.0528225
0.0484707
0.0401623
0.0467984
0.0520316
0.0426124
0.0434245
0.0502463
0.0484642
0.0881889
0.0544016
0.0530219
0.0478231
0.0527489
0.0642889
0.0654159
0.0416223
0.0548602
0.0485473
0.0597422
0.0359114
0.0598129
0.0488181
0.05819
0.0577531
0.0431171
0.0550808
0.0521984
0.0401509
0.0657939
0.0623131
0.0397647
0.0501553
0.0497642
0.0514636
0.0341984
0.0604324
0.0667966
0.0363785
0.0482706
0.0384932
0.0475099
0.0611184
0.0537973
0.045662
0.0577883
0.0474826
0.0651581
0.0476351
0.0472439
0.0573876
0.0485602
0.0632777
0.0511286
0.0519131
0.060168
0.074406
0.0501779
0.0382085
0.046385
0.0451157
0.0604363
0.0400092
0.0401687
0.0526322
0.0554408
0.0472259
0.0377787
0.0546777
0.0702743
0.0596114
0.0446206
0.0887245
0.0584106
0.0491652
0.0288101
0.0364624
0.0529667
0.0496049
0.0354397
0.0456295
0.0597811
0.0481726
0.0598954
0.0481391
0.0414455
0.0433715
0.0450961
0.0408284
0.0485133
0.0499395
0.0653179
0.0403994
0.0486614
0.0343507
0.0694576
0.0556171
0.0419359
0.050661
0.0809195
0.0780439
0.0521066
0.0324959
0.072284
0.0281663
0.0555134
0.0592029
0.0386395
0.051473
0.0477457
0.0415683
0.0553347
0.0491613
0.0468319
0.0310459
0.0497101
0.0427664
0.0465184
0.0464576
0.0770451
0.0619109
0.0630525
0.0730128
0.0477429
0.0428872
0.0798639
0.0494477
0.056654
0.0543918
0.0466167
0.0885977
0.0541244
0.0355703
0.0502033
0.058855
0.0525009
0.0606708
0.0651096
0.0312658
0.0831604
0.0496522
0.0551375
0.051975
0.0617321
0.0434862
0.032862
0.0408313
0.0618592
0.0703791
0.0460191
0.0553879
0.0483449
0.0449877
0.0552524
0.0501115
0.0430528
0.0520791
0.0390816
0.0605044
0.0373493
0.0663113
0.0594676
0.0689436
0.0546353
777777