2.83812
999999
-0.144592
0.135333
0.0671731
0.0150478
-0.0486486
-0.10456
0.0774284
-0.041244
0.179284
-0.0372424
-0.201601
0.235627
-0.14135
-0.0666297
0.0322494
0.0855629
0.00285432
0.0637649
-0.115464
0.0197159
-0.133705
-0.108664
0.0754379
0.0310983
-0.0401245
0.247198
-0.0584495
-0.00720223
0.113479
-0.00644753
-0.268474
-0.00965358
0.16903
0.145413
-0.0237447
0.0895888
0.145245
-0.244585
-0.175738
-0.0341529
-0.154734
0.028411
0.241791
-0.140866
-0.0617838
-0.0408353
-0.109296
0.207147
0.0174747
-0.00900688
0.111049
-0.113164
0.0727655
0.0205816
-0.0232466
-0.163615
0.0803473
0.21343
0.190964
-0.0839727
0.155033
-0.0510663
0.188476
-0.0486301
-0.0146205
0.0414101
0.166151
0.230238
0.151515
0.149767
0.178966
0.08291
-0.038649
0.18194
-0.0466548
-0.0759684
0.0998874
-0.109808
-0.0497446
0.121317
-0.070687
-0.0177421
-0.0276983
-0.145609
0.0288389
-0.131694
0.156008
-0.103446
0.114351
-0.00685912
-0.029847
0.148587
-0.0439803
-0.113402
-0.14346
-0.150682
0.164297
0.0166428
0.033641
-0.0651179
-0.102673
0.0360374
-0.0931408
-0.193089
-0.104758
-0.0588316
-0.166867
-0.195902
-0.152996
0.0283275
0.0774667
0.169769
0.107912
-0.202958
0.0735812
0.0414826
-0.143953
-0.0738353
-0.180117
0.0687291
-0.0604501
0.110076
0.0932714
0.144021
-0.255181
0.0955762
0.103389
0.0803892
-0.0349947
0.0605897
0.143654
-0.0541801
0.1395
-0.0995382
-0.0286562
0.079091
-0.137931
-0.136086
-0.0171026
-0.186538
0.0683434
0.233863
6.4509e-05
-0.00578996
-0.0825407
0.0442887
0.130119
-0.112451
-0.0148912
0.104737
0.0640672
-0.0192659
0.222565
0.0916259
-0.103096
-0.201776
0.0863789
-0.119779
0.131393
0.208608
-0.010613
-0.132522
-0.169616
0.0655656
0.171477
-0.074208
-0.0384348
0.0687189
-0.246694
0.0271978
0.158031
-0.0620407
-0.10429
-0.00702021
-0.0167874
0.0476069
0.0799288
-0.114396
0.0203768
-0.0206082
0.153258
-0.125829
-0.0983085
0.0773538
0.108647
-0.164523
-0.156798
-0.0907067
-0.263073
-0.109995
-0.155131
0.0633803
0.049643
-0.0919581
-0.0551489
0.0165062
0.051566
0.0169216
0.0726967
-0.0814615
0.107729
0.15264
-0.136661
0.0214983
0.150504
-0.0331566
-0.180579
-0.123353
-0.180326
-0.0840007
0.2016
-0.090352
0.14597
0.108527
-0.166582
0.116543
0.206149
-0.179352
0.0463337
0.177094
0.10575
-0.0617371
-0.0130815
-0.0384184
-0.160141
0.146181
-0.0395456
-0.00644898
-0.0178083
0.230777
0.142674
0.140931
-0.0320259
-0.111266
-0.105411
-0.191386
-0.0469483
0.129782
-0.111985
0.133535
-0.0643699
0.0296102
0.00151998
0.0234577
0.152486
-0.0698408
-0.0742861
0.182959
-0.0762103
-0.0719564
-0.0415551
0.000645133
-0.140323
0.142701
-0.0191255
0.175083
-0.0770248
-0.0739806
-0.0858727
0.163493
0.0222965
-0.010171
0.127941
-0.094783
0.0586834
0.0125356
0.100344
0.0529417
-0.1368
0.0197999
-0.126178
-0.173207
-0.132862
-0.16524
0.210236
-0.031014
-0.0654372
0.182264
-0.0620544
-0.0231401
-0.0914717
-0.141095
0.0429481
0.0756412
0.0994406
0.113618
-0.0248102
-0.181376
-0.0778977
0.166683
0.107391
0.0033593
-0.204583
-0.144196
0.0920938
-0.0202799
-0.0672834
0.0732967
-0.157802
0.121057
-0.0804899
-0.0110167
-0.092552
-0.149493
-0.164682
0.175418
0.193422
0.067552
0.0768084
0.216157
0.160042
0.198687
-0.0150828
-0.135848
0.15253
0.10593
-0.100838
0.069741
0.168322
0.283736
-0.00830785
0.143967
-0.169264
0.20589
-0.0469514
-0.12305
0.221068
0.117035
-0.214351
0.110051
0.0143692
0.0346901
-0.108861
-0.0288691
-0.181605
0.0968347
0.0463136
0.0276979
0.0284453
-0.0383604
-0.0426239
-0.070106
-0.176273
0.101242
0.0808921
-0.231504
-0.0600751
0.0502389
-0.140911
0.0766379
0.0493813
0.0668065
0.199787
-0.0367098
-0.133947
-0.107781
0.197496
0.16098
-0.125565
0.00956565
0.0816585
0.0931475
0.0582591
0.0814158
0.131979
-0.0552494
0.173824
-0.220432
-0.168347
0.143898
-0.0853967
-0.17132
-0.19046
-0.177476
-0.114435
-0.138023
-0.093806
-0.0371702
0.110264
-0.207085
-0.134158
0.0342588
-0.174154
-0.0418358
0.161936
0.091145
-0.0326696
-0.186797
0.204741
0.138242
-0.0753493
-0.0411245
0.164388
0.139426
-0.164391
-0.24324
0.0239163
-0.007805
0.118242
0.0775887
-0.0808614
-0.172128
0.148151
-0.161165
-0.00256451
-0.197943
0.186816
-0.074363
0.124278
0.0991387
-0.0203302
-0.146453
-0.0790388
0.0575379
0.130032
-0.170357
-0.143737
0.00476275
0.0712761
0.133861
0.0160334
0.143484
-0.249596
-0.191734
-0.067389
-0.235103
-0.0755597
0.104014
0.0668479
-0.0736396
0.128182
0.090305
-0.171245
-0.16884
-0.11325
-0.0584103
-0.222454
0.0352522
-0.0766531
0.188612
-0.123407
0.146702
0.113956
-0.163168
0.0932197
-0.0234116
-0.134042
0.125818
0.176296
0.0634502
-0.138532
-0.0504245
0.152783
-0.0110632
0.0562163
-0.161858
-0.111852
0.11944
0.0527513
0.113391
-0.117071
-0.113756
0.174064
-0.0679541
-0.0146916
0.0902154
0.0339033
-0.0331313
0.180399
-0.112916
0.0615216
-0.116254
-0.0344254
-0.0791099
-0.0947939
0.169076
0.0166155
0.00705088
0.103072
0.106072
0.00280635
-0.206565
-0.069442
0.0773857
0.129501
-0.0308649
0.00503385
-0.0329464
-0.0205244
0.0691279
-0.0983871
-0.134069
-0.121506
-0.107022
-0.0597661
-0.186338
-0.133125
0.0183323
-0.0470597
0.00307482
-0.155497
0.0970707
0.21447
0.027147
-0.147844
-0.160593
0.0722522
-0.243047
0.0108325
0.081513
-0.049341
-0.0835311
-0.0731598
-0.0296792
0.206674
0.0438127
-0.0244409
-0.00291597
-0.126741
0.251992
-0.136218
-0.0995558
-0.126308
0.0687621
0.0164367
0.182006
0.184268
-0.166881
-0.107036
-0.160943
-0.110796
0.0645497
0.0668423
0.0212691
0.0288291
-0.0375229
0.11364
0.205594
-0.176215
-0.0305899
0.00609453
0.105393
-0.225126
0.0545418
0.069219
-0.0892464
0.148723
-0.12036
-0.00476085
0.034095
0.106794
0.00610933
-0.0409183
0.163429
-0.0959446
-0.00722209
-0.0714337
-0.148172
-0.143204
0.131049
0.0194115
0.117346
-0.0165466
-0.00272089
0.168731
-0.0826157
0.13918
0.170754
0.00750891
0.043081
-0.0430135
0.0309548
-0.00681397
0.0654496
0.0732313
-0.0258501
-0.1206
0.123199
0.015018
0.128896
0.0132284
0.00157921
-0.139302
0.181595
0.029051
0.13387
-0.113238
-0.0858843
-0.0132053
0.0993847
-0.144321
0.205517
0.0428185
0.233871
0.00512206
-0.0451115
-0.0697031
-0.0553254
-0.125898
0.0753624
0.0906079
0.019608
-0.208915
0.113586
-0.1644
-0.133708
-0.198023
-0.121112
-0.0542113
0.0333797
-0.153607
0.0359206
0.138538
0.116871
0.0646984
0.196127
0.00432434
0.0646701
0.0325953
0.114972
0.205638
0.204492
-0.0536232
0.103016
-0.147489
0.127069
0.0371763
-0.173882
0.203487
-0.146748
0.117725
-0.128793
0.0489443
0.144436
0.0520619
0.158685
0.101196
-0.0280445
0.0701615
-0.188881
-0.131904
0.121892
-0.0743256
0.142614
0.147329
-0.096848
0.130291
0.0365435
-0.128709
0.0104974
-0.112285
-0.13838
0.0550661
-0.283536
0.110835
-0.230965
-0.127612
-0.14769
-0.00623285
-0.0341995
0.198168
-0.11326
0.158115
-0.0768648
0.140463
0.0691502
0.0226558
0.134969
-0.179375
-0.0484181
-0.0844978
-0.17678
-0.120792
0.142929
-0.0113935
0.0689369
0.113241
0.159553
-0.156798
-0.205259
0.23963
-0.00397984
-0.157149
0.167391
0.0904824
0.0705761
0.00769607
0.197333
-0.0607412
0.0998328
0.0306273
0.0507463
-0.195358
0.004564
-0.260417
-0.0130708
0.0189963
0.0451439
0.124398
-0.101754
-0.161942
-0.0563095
0.0767526
-0.187652
0.0418992
0.0300536
-0.15362
-0.0837298
-0.129828
-0.0368707
0.0529947
-0.130349
0.061581
-0.303781
-0.057589
0.0671685
0.109059
0.0123915
0.200467
0.0917874
0.128514
-0.0579977
-0.0966947
-0.251455
-0.0964208
-0.0490406
0.044825
0.0551738
0.140701
-0.00663839
0.0238783
0.132969
-0.176411
0.055189
0.15128
-0.101519
0.119637
0.0335369
-0.188865
-0.130897
-0.0523309
-0.100131
0.0651116
-0.179957
0.0100051
0.0743741
0.187812
0.123478
0.0147472
-0.119077
0.136253
0.039746
0.209779
-0.0776237
0.0819685
0.0850042
0.194181
0.0236975
0.093988
-0.0684098
-0.0206057
0.0572419
0.177981
-0.125687
-0.0564881
0.253489
0.07847
-0.124199
-0.152855
0.147907
-0.139683
0.252225
0.0672859
-0.112589
-0.172477
-0.0672207
-0.0922948
0.0728352
-0.127529
0.0801234
0.068636
0.134474
-0.227962
0.112207
-0.0562382
-0.145803
-0.103354
-0.165028
-0.131136
0.129808
-0.0698641
-0.123812
0.0632326
0.108733
0.103329
0.0907883
-0.0357083
-0.0448062
0.0457811
-0.0822314
-0.156014
0.170105
0.160396
0.20833
0.0796335
-0.0116567
-0.0294433
-0.134366
-0.124559
0.0830133
-0.25678
-0.077351
-0.0808983
-0.030153
-0.105181
-0.00831106
-0.116995
0.098116
0.168917
0.122453
0.103475
0.0728068
-0.106678
-0.151099
0.140229
0.0628199
-0.218424
-0.126284
-0.158168
-0.0852005
0.124657
0.179041
0.0434825
0.0620056
-0.0470744
0.164624
-0.165233
0.156729
-0.0866827
0.177784
-0.139897
-0.0207031
-0.0411873
-0.0429138
0.166655
0.0513463
-0.127347
0.0601312
0.00923511
0.159935
-0.146356
0.0629642
-0.0317751
-0.165855
0.0878258
0.0814938
0.132337
-0.0942846
-0.0774736
0.034358
-0.0928635
0.0780513
0.155226
-0.175534
0.065994
0.00667739
-0.284783
0.0696375
0.116518
-0.102307
-0.207777
0.12236
-0.169017
-0.170647
-0.180346
-0.00387011
-0.0493576
-0.0881152
0.0322369
-0.0341951
-0.185969
-0.202719
-0.217447
-0.033355
-0.103824
0.165961
-0.124883
0.152733
-0.0380254
-0.109721
0.148086
0.188198
-0.00914918
0.120759
-0.186165
0.00656647
-0.0662879
-0.065377
0.0219345
0.0797998
-0.140407
-0.19984
-0.164332
-0.138651
-0.0465072
0.224793
-0.0858548
-0.203625
0.0497596
-0.171163
-0.115601
-0.177957
0.0535141
-0.0835676
-0.0636317
-0.0139237
0.0844091
-0.087126
0.268898
0.0212397
-0.153956
-0.0881729
0.130233
-0.158378
-0.111294
-0.119928
-0.0362863
0.207064
0.204428
0.113355
-0.000325952
0.148268
-0.0480829
0.126443
-0.0470017
-0.029316
0.00626218
-0.185618
0.173987
0.0771562
0.149641
0.0972417
0.00151058
-0.113164
0.131939
0.0474404
0.17387
-0.0291308
-0.0667587
0.165943
0.0288901
0.039843
-0.172291
-0.0387036
-0.112258
-0.191777
-0.0166614
-0.0812083
0.220658
-0.137225
-0.178806
0.131109
0.0844088
0.255711
-0.0629536
-0.0267808
-0.00542296
-0.125226
0.0335401
-0.0223461
0.232009
-0.1812
0.0519012
0.00686148
0.0622198
0.078652
0.0845648
0.235191
0.162873
0.0191356
-0.200258
-0.237294
-0.0196033
0.155022
-0.148063
-0.105038
-0.0468899
-0.17384
-0.180515
-0.0902251
0.179489
-0.211135
-0.124914
-0.0265784
-0.209583
-0.213972
0.21336
0.106785
-0.0589835
-0.0918216
-0.0705719
0.119013
0.0472116
-0.116574
0.0811097
0.199445
-0.0653984
0.109815
-0.178928
-0.165071
-0.0164958
-0.103298
-0.0102642
0.144917
-0.0656403
-0.16545
0.0721115
-0.184369
0.153426
-0.0403247
0.0580788
-0.0370805
0.0271489
-0.00590278
0.0620384
-0.127698
-0.164327
0.000732727
0.156121
-0.182979
0.149594
0.192831
0.112039
-0.109271
-0.143755
0.192646
0.0994652
-0.144749
0.197506
-0.187898
0.0362575
0.222753
0.128054
0.15937
-0.0923195
-0.102225
0.0658273
-0.024815
-0.141964
0.076954
-0.0555263
0.00637408
0.193352
-0.0592272
-0.142697
-0.145086
-0.0572564
-0.319748
-0.0428917
0.125589
-0.138209
0.00507015
-0.00791039
-0.0544345
0.0419093
-0.166478
0.241656
-0.0557254
0.0930328
-0.165166
0.13103
-0.0637809
0.0442856
-0.176505
-0.0501311
0.0935573
0.045233
0.0439517
-0.166644
-0.0822406
-0.0490838
0.0186488
-0.293122
0.0689132
0.0460503
0.0534246
0.00729284
-0.133461
0.17291
0.132949
0.156565
0.159817
-0.170509
-0.0939829
0.0992011
0.0641121
-0.0769486
0.0139851
0.0629234
0.0111058
-0.18451
0.126476
-0.0739572
0.0775943
0.185853
-0.0110434
-0.169898
0.0333971
-0.15958
0.162695
0.106213
-0.0444312
-0.186047
-0.12263
-0.113638
-0.166756
0.215949
-0.0946288
0.0228196
-0.0564823
-0.0502567
0.0644304
-0.0649475
-0.0779105
-0.151515
0.159764
0.0607718
0.00949204
0.111293
0.0327794
0.0698382
0.0311582
0.154178
0.111774
-0.145007
0.0496606
-0.101455
0.112747
0.160709
-0.125971
-0.166357
-0.0692741
-0.0693079
-0.2245
0.26762
0.108687
0.236024
0.0713793
-0.0389447
0.182801
-0.175446
0.105311
-0.107878
0.223391
-0.146694
0.0514901
0.166992
-0.0469395
-0.0482279
-0.00222319
0.0988959
0.0139885
0.104061
0.0780393
0.123952
-0.177024
0.0633458
-0.0350924
0.222683
0.025083
0.118251
-0.0866202
0.00887165
0.0441935
0.00104175
0.0632775
0.0786206
0.0423817
-0.217281
-0.203856
0.0866457
0.187994
0.0630108
-0.0878148
0.0772696
0.180602
0.0443937
0.0881799
0.0488217
-0.0716502
-0.13486
-0.0978035
-0.0779613
0.110323
0.228045
0.194667
-0.13
-0.0487585
0.0934396
-0.077839
-0.109477
-0.128779
-0.0794918
-0.061425
-0.162417
-0.0456787
0.128884
-0.173164
0.100337
-0.0523687
0.110719
0.103566
-0.00781966
-0.115867
-0.0254357
0.0165284
-0.00776417
-0.136322
0.111544
0.0622054
0.191929
-0.189942
0.0686227
-0.0007497
-0.0533017
-0.0216989
0.0165859
0.0219941
-0.0763682
0.0246121
-0.104861
-0.117105
0.0200975
-0.117129
0.129354
0.0496714
0.0657873
-0.0118767
-0.0104625
0.0106579
-0.157309
0.0262407
0.18099
0.172093
0.0275782
-0.135872
-0.0429348
0.00619865
0.110842
0.147059
0.0522987
0.196384
0.113287
0.101953
0.101857
0.0540371
-0.0550076
-0.15022
-0.170064
0.0950989
0.0573569
-0.193439
0.229396
0.120259
-0.146542
0.251175
-0.0542824
0.210592
0.135492
0.0785394
-0.0977519
-0.0489076
-0.0217022
-0.0137477
0.0860887
-0.105475
-0.0352127
-0.157445
-0.134679
0.0118122
0.0338469
-0.132358
0.260988
0.105978
-0.152717
-0.198743
-0.245544
0.028756
0.0833274
0.187012
-0.0652268
0.156334
-0.0671533
-0.00155092
-0.149775
0.0474658
-0.0673562
-0.154595
0.00779239
0.0645253
0.0292693
0.105103
-0.122417
0.231544
0.118484
0.00245497
0.00413856
0.0688882
0.0519634
0.180359
-0.114335
-0.0151821
-0.0433269
0.143148
-0.0449906
0.253696
-0.114379
0.00969728
-0.0318802
0.0407239
-0.0154522
0.223916
0.160195
0.107292
-0.03827
0.127944
-0.0605596
-0.133398
0.275652
-0.0629209
-0.0856276
-0.0624663
-0.194487
0.236517
0.145181
0.133316
-0.00437907
0.0762014
-0.0853967
0.0109065
-0.0576872
0.167977
-0.190664
0.0654349
-0.0187691
0.00488954
0.036753
0.0816933
0.152894
-0.0107409
-0.0116166
-0.106242
-0.00638009
-0.174574
-0.0797168
0.0522443
-0.0431272
0.171828
-0.208074
0.145541
-0.17941
0.14334
0.124277
-0.0443768
-0.160344
0.170903
0.0663813
-0.000216111
-0.109668
-0.0311378
0.131617
-0.00967101
0.178358
-0.108261
0.20932
-0.164601
0.0556312
0.102184
0.056974
0.0493292
-0.335044
0.0278143
0.0543898
0.139772
-0.0546309
-0.0266976
0.110055
-0.171873
-0.193555
-0.0786317
-0.088242
0.0284032
-0.0782108
-0.0256197
0.173779
0.0285079
0.104869
-0.072016
-0.0808046
0.0592198
-0.134549
-0.0126604
0.169519
0.0185223
-0.129133
-0.225777
-0.211948
-0.0731693
-0.145187
0.0361205
-0.124677
0.0577022
-0.150971
0.213158
0.139402
0.0190875
0.0357144
-0.187617
-0.0499016
-0.0395544
0.00857411
-0.0508521
0.1403
-0.0457052
-0.0306123
-0.170395
-0.0462662
0.0036258
-0.115122
0.0858339
0.225889
0.135817
0.0405233
-0.141521
-0.00112402
-0.10341
-0.0060572
0.125165
0.109132
0.0100405
-0.037829
-0.18543
-0.139905
0.135963
0.171951
-0.222384
-0.0488899
0.142075
-0.12726
-0.129865
-0.129883
-0.0120978
-0.00592396
-0.147758
-0.00446677
-0.0867199
0.155883
0.0150742
0.137214
-0.104411
0.0799125
-0.0778627
0.0156728
0.0855083
0.156624
-0.00162531
-0.0537205
0.0486392
0.0934022
-0.0158986
-0.0115594
0.211365
-0.198519
-0.0395332
-0.0287365
-0.00233033
0.0806325
-0.228549
0.039944
-0.187229
0.0135104
0.172099
-0.0230788
-0.0300162
0.173134
-0.085679
-0.0355361
0.0488045
-0.0692312
0.00277146
-0.10824
0.143521
-0.00152852
-0.00108878
0.0332469
-0.131545
0.135634
0.099122
-0.0413716
-0.0887065
-0.0219228
-0.209918
0.20193
0.102237
-0.29998
0.0939732
0.0503409
0.219677
0.146858
0.0474639
0.0923978
-0.0324495
-0.0955393
0.0413232
-0.108524
-0.0230408
-0.134177
-0.186251
0.200859
0.00995377
0.0849231
-0.138083
-0.119043
0.146634
0.0771115
0.0121161
-0.119523
-0.0671749
0.206616
-0.140363
0.119804
0.0114967
0.173186
0.0118045
0.0231689
-0.0933312
-0.112996
0.13251
-0.131662
0.103534
0.0320834
0.162267
-0.0209219
-0.112563
-0.153062
0.235829
-0.187214
0.00928755
0.0668943
0.0132693
0.127228
0.129932
-0.0535655
0.0866447
-0.122652
0.118488
-0.102524
0.113745
0.131382
-0.142273
0.259516
0.259697
-0.0441422
-0.038539
-0.11618
0.136508
0.234575
-0.0991948
0.039203
0.0596625
-0.129403
-0.0935488
0.199773
-0.206131
-0.146087
-0.181841
-0.175053
0.0215278
0.00362425
-0.00729205
0.217955
0.192033
0.0827781
0.144518
0.155916
-0.123481
0.0794774
-0.0773532
-0.167437
-0.194952
0.00715266
-0.055148
-0.0517512
-0.213454
0.0895451
0.0376892
0.0153857
-0.0562058
-0.100636
-0.0773717
-0.0172381
0.051871
-0.236427
-0.0368901
0.192572
-0.105811
-0.0835677
-0.191415
0.0644836
0.0602444
0.124263
-0.185727
-0.172397
0.181426
0.221658
0.0172259
0.17495
0.133779
-0.1484
0.0128565
0.0614071
0.166339
0.154661
0.151983
-0.157131
0.00890831
-0.0504717
0.0402839
-0.0430293
-0.159929
-0.0457065
0.0946633
0.00164338
0.101315
-0.113967
0.0278048
0.0847499
-0.15537
0.266128
-0.299446
0.121097
0.124233
0.0398978
0.206038
0.0289812
0.0639464
-0.179952
0.0408549
-0.0213865
-0.173633
-0.185081
0.119762
0.0165715
0.0109295
0.105515
-0.0183085
0.160872
0.141393
-0.0606946
0.18473
-0.0132449
0.00236797
-0.0199442
-0.208042
0.0319634
0.00023066
-0.118448
-0.148773
0.0425966
0.240056
0.0276955
-0.0534429
0.137867
-0.191834
-0.0738191
0.0826
0.0524877
-0.118167
-0.108786
0.107983
-0.180433
-0.0555535
-0.0937863
-0.151479
-0.0559582
0.031663
0.0841197
0.182776
-0.194494
0.163467
888888
0.0498412
0.0534189
0.0559738
0.051957
0.0440332
0.0463892
0.0489252
0.0457098
0.05488
0.0493988
0.0428845
0.0506351
0.0436112
0.055466
0.0495349
0.0391072
0.0461437
0.046648
0.0498701
0.0457208
0.0550461
0.0526309
0.0451858
0.0462904
0.0526204
0.0521861
0.056448
0.0455042
0.051179
0.0489688
0.0454102
0.0556231
0.0470711
0.0484445
0.0563616
0.0544289
0.0462149
0.0533891
0.0598563
0.0611161
0.0615051
0.0458933
0.0493332
0.0437819
0.0488443
0.0514962
0.0486087
0.0510167
0.054276
0.0511336
0.0437873
0.0480018
0.0498625
0.041799
0.0480245
0.0424582
0.0444071
0.0517754
0.0469281
0.048231
0.0459106
0.0503793
0.0496655
0.0466942
0.0509385
0.0426663
0.0476398
0.0493804
0.048895
0.043002
0.0571323
0.0528156
0.0395345
0.0409553
0.0523961
0.0414319
0.0533639
0.0514619
0.0468802
0.0502041
0.0444752
0.0448075
0.0531354
0.0506523
0.0420473
0.0553115
0.0511161
0.051283
0.0471666
0.0494424
0.0486241
0.0494592
0.061517
0.0454975
0.0457628
0.0604904
0.0650259
0.050744
0.0505638
0.0491816
0.0365734
0.0504465
0.0546303
0.0417371
0.0471077
0.0494373
0.0490491
0.0502706
0.0481418
0.0477792
0.0541339
0.0564513
0.0435212
0.062819
0.0402041
0.0469829
0.0507276
0.0484108
0.0527666
0.0436322
0.0465055
0.0419076
0.0465152
0.0514282
0.0540149
0.0506516
0.0504281
0.0521631
0.0599089
0.0437615
0.0451627
0.0452553
0.0466557
0.0480458
0.0463807
0.0479471
0.0471543
0.0466762
0.0545517
0.0475699
0.0577295
0.0456213
0.0505967
0.0496944
0.0400414
0.0442646
0.0488531
0.048773
0.0444465
0.0488678
0.0498561
0.0483294
0.0606661
0.0487829
0.0461642
0.0463926
0.0461446
0.0465107
0.051369
0.0652002
0.0465055
0.0437998
0.0473224
0.0473386
0.0514996
0.0489465
0.0534664
0.0504101
0.0626746
0.0535256
0.0472007
0.0606755
0.0554188
0.0453822
0.0526882
0.0506961
0.0641496
0.0481429
0.045185
0.041346
0.0432532
0.0522824
0.0553665
0.0462502
0.0596462
0.0424768
0.047035
0.0555633
0.0511768
0.0453271
0.0458457
0.0535966
0.0529702
0.0571598
0.0394125
0.0581548
0.0495798
0.0466476
0.0489005
0.0533944
0.0504742
0.0593761
0.0438389
0.0446944
0.0459402
0.0630336
0.0413716
0.0523694
0.0450402
0.0480765
0.045727
0.0491488
0.0567032
0.0439135
0.0571885
0.0535448
0.0487269
0.0495048
0.0491182
0.0557294
0.0564857
0.0531935
0.0607528
0.0438706
0.0478763
0.058307
0.0471057
0.0477844
0.053413
0.0466876
0.0491306
0.0446779
0.0473117
0.0455099
0.0486841
0.0518972
0.0452017
0.0419937
0.0499394
0.0464549
0.0615465
0.0457922
0.0525524
0.0527173
0.0499925
0.046948
0.0548408
0.0514678
0.0441961
0.0592491
0.0449771
0.0445491
0.0505252
0.0522689
0.0451304
0.0442823
0.0516007
0.0441686
0.0478546
0.0391914
0.0485025
0.0698322
0.0497931
0.0478577
0.0480127
0.0497042
0.0548086
0.0479978
0.0422406
0.0466541
0.0487109
0.0526373
0.0404425
0.0553894
0.0482318
0.0428257
0.0529998
0.043703
0.0409283
0.0525735
0.0486806
0.0486002
0.0443305
0.0631121
0.0518345
0.0507755
0.0483026
0.0452875
0.0468807
0.0573181
0.0431031
0.0472316
0.0524865
0.0475168
0.0582893
0.052988
0.04944
0.0453646
0.050848
0.0580147
0.0556327
0.0518106
0.053907
0.055081
0.0471801
0.0378144
0.0578828
0.0531916
0.0494766
0.0514151
0.0596438
0.0442136
0.0588192
0.0514778
0.0436751
0.0447923
0.0475571
0.0525609
0.04164
0.0495317
0.0444049
0.0475031
0.05326
0.05813
0.0523826
0.0593266
0.0556096
0.0500429
0.0572482
0.0442899
0.0412238
0.0498074
0.044872
0.0454593
0.0516515
0.0514034
0.0522716
0.0510144
0.0482445
0.0390558
0.0501622
0.0398112
0.0488951
0.0456942
0.0446625
0.0605968
0.0465267
0.0551755
0.0573353
0.0493698
0.0495901
0.0552792
0.0503341
0.0549031
0.04651
0.0532595
0.0466789
0.0470889
0.0543786
0.0503795
0.0555465
0.0525204
0.0460358
0.0465343
0.0546985
0.0526825
0.0514499
0.0451364
0.0545171
0.0503721
0.050078
0.0525522
0.051659
0.0477033
0.0517898
0.0520869
0.0535885
0.0580593
0.0438456
0.0604805
0.0494018
0.0616108
0.0456682
0.0565901
0.0578431
0.0479789
0.0516392
0.0428921
0.0433551
0.0431747
0.0512625
0.0541698
0.0456811
0.0574479
0.0537109
0.0456485
0.0455636
0.0494827
0.0625616
0.0502365
0.0476315
0.04486
0.0502082
0.0443585
0.0486716
0.0461222
0.0531277
0.0471116
0.0583669
0.0378858
0.0560156
0.051788
0.0508788
0.0510592
0.0429286
0.0417983
0.0436775
0.0420758
0.0556388
0.0443627
0.0466152
0.060926
0.0460735
0.050802
0.05424
0.0466018
0.0544511
0.0424995
0.0471827
0.0494112
0.0401012
0.0467416
0.0418555
0.0578011
0.0517789
0.0577732
0.048268
0.0717969
0.051268
0.0480833
0.0462069
0.0519402
0.0471883
0.0516801
0.051395
0.0538441
0.0513842
0.0503449
0.0448122
0.0657979
0.0476375
0.0544845
0.0584761
0.0487714
0.0655062
0.0535277
0.0477648
0.053084
0.0502164
0.0434069
0.0510736
0.0510891
0.0507882
0.0503918
0.0597621
0.0426482
0.0582014
0.0434041
0.0583517
0.0564198
0.0472573
0.0444864
0.047809
0.0432483
0.0610486
0.0519067
0.0534511
0.0422735
0.0526657
0.0474022
0.0490141
0.0593192
0.0499919
0.052088
0.0441884
0.0456936
0.0567844
0.0466397
0.0437262
0.0487299
0.056093
0.0394881
0.0517131
0.0587553
0.0502391
0.0399462
0.0650559
0.0531631
0.0519815
0.0492082
0.0562002
0.0508094
0.051568
0.0465118
0.0517788
0.0491093
0.0496261
0.0545281
0.0523096
0.0449751
0.0486522
0.0518035
0.0458192
0.0562501
0.051679
0.0539993
0.0518013
0.0424878
0.0454146
0.0447333
0.0443581
0.0429524
0.0438013
0.0594763
0.0597963
0.0448938
0.0575983
0.0506981
0.0437441
0.0537932
0.0467148
0.0436533
0.0436126
0.0504922
0.0553662
0.0365752
0.0571429
0.0398267
0.0493712
0.0575499
0.0460398
0.0581841
0.0449734
0.0551185
0.0531602
0.0465197
0.0544772
0.0490437
0.0508589
0.0406095
0.051399
0.0535301
0.0525752
0.0513221
0.0505334
0.0568575
0.0514155
0.0468999
0.0499071
0.0596193
0.0464739
0.0569823
0.0422412
0.0587151
0.0591171
0.0485146
0.0469953
0.0571573
0.0477794
0.0557743
0.0495705
0.0424787
0.0523239
0.05621
0.0535351
0.0523668
0.0491443
0.0553818
0.0551448
0.0470053
0.0533475
0.0485915
0.0450018
0.0527102
0.0401882
0.0429074
0.0525398
0.0441036
0.0478771
0.0505586
0.0457584
0.0433406
0.0455787
0.0484571
0.0606231
0.0584442
0.0688484
0.0617004
0.0429086
0.0492025
0.041847
0.0481033
0.0559882
0.0499139
0.0463966
0.0436109
0.0441735
0.0487391
0.0481924
0.04078
0.0474114
0.0471538
0.0488489
0.0471699
0.0594052
0.0532889
0.0534649
0.050949
0.0472786
0.0595522
0.0540942
0.0436806
0.0443032
0.0565704
0.0439646
0.0428797
0.0507835
0.050047
0.0511027
0.0563216
0.0486069
0.0509602
0.0528855
0.0438942
0.0669112
0.0427436
0.0458399
0.0518036
0.0435111
0.0480491
0.0539739
0.0533629
0.060893
0.0498518
0.0565488
0.0493586
0.05018
0.0574194
0.0446382
0.0521639
0.0551309
0.0483919
0.0473539
0.0535878
0.053019
0.0517445
0.0508528
0.0509588
0.0555535
0.0453835
0.05214
0.0487598
0.048862
0.050631
0.0504583
0.0516727
0.0547598
0.0545219
0.045646
0.0516847
0.0511568
0.0479495
0.0445189
0.0538736
0.050981
0.0473748
0.0415034
0.0473872
0.0486952
0.0391355
0.0497316
0.0464134
0.0435458
0.0373471
0.0468789
0.0730722
0.049917
0.0501843
0.0573183
0.054988
0.0508195
0.0507503
0.0485201
0.0453083
0.0614409
0.0450153
0.051051
0.0546951
0.0627655
0.0568986
0.0451704
0.0537677
0.0536436
0.0445131
0.0485539
0.0533442
0.0538873
0.0403896
0.0548412
0.0641334
0.0553659
0.0504729
0.0568227
0.0508365
0.0536941
0.0516475
0.0530486
0.0523084
0.0443036
0.0434931
0.0484239
0.0538553
0.0490864
0.0612245
0.0512525
0.0447727
0.0410125
0.0528568
0.0508641
0.0477195
0.0493767
0.0537636
0.0455553
0.0533275
0.0487025
0.0563385
0.0555699
0.0398956
0.0480099
0.0421442
0.0442258
0.0522181
0.0466192
0.05648
0.0599636
0.0557603
0.0519568
0.0498924
0.0453322
0.0530535
0.0606383
0.051199
0.0493474
0.0576002
0.047718
0.0540609
0.0481592
0.0472246
0.0519691
0.0504744
0.0461899
0.047348
0.0569229
0.0471666
0.0611474
0.0496011
0.0554141
0.0498227
0.0418679
0.0554114
0.0535624
0.0478452
0.0520935
0.0544792
0.0430397
0.0502222
0.0519361
0.0504634
0.052601
0.0526773
0.0500495
0.0513017
0.0443097
0.0534646
0.0537054
0.046461
0.0526341
0.0545668
0.0597701
0.0474265
0.0576197
0.0407905
0.0451148
0.0557109
0.0513729
0.0509759
0.0458547
0.0441414
0.0423824
0.0490804
0.0561599
0.0472372
0.0562839
0.0467346
0.042611
0.0492194
0.0455941
0.0508115
0.0563504
0.0406939
0.0502899
0.0476353
0.0447061
0.0494519
0.0550231
0.0561716
0.0534035
0.0443485
0.0446256
0.0472828
0.0505116
0.0454239
0.0539398
0.0603441
0.0508398
0.0413837
0.0471898
0.0517684
0.0458836
0.0452434
0.0497473
0.0438865
0.0502338
0.0490664
0.0542376
0.0543996
0.0509698
0.0580475
0.0511421
0.0411883
0.0459035
0.0460754
0.0399079
0.0531517
0.0601793
0.0548288
0.0505951
0.0541915
0.0538715
0.056203
0.0459073
0.0424867
0.0453202
0.0470627
0.0495345
0.0524206
0.0511127
0.0484508
0.0557232
0.0524008
0.060695
0.0515285
0.0456673
0.0498624
0.0469408
0.0489116
0.0519117
0.0501642
0.0580669
0.0506853
0.061304
0.0586227
0.0496368
0.0587082
0.0504003
0.0453008
0.0615066
0.0615866
0.0434438
0.0448319
0.0512179
0.0616542
0.0545456
0.0484356
0.0602463
0.0504391
0.0482706
0.0546877
0.0607101
0.0421788
0.0490744
0.0526354
0.0535875
0.046628
0.0641467
0.0482305
0.0553319
0.0454709
0.0526494
0.0532719
0.0457342
0.0455078
0.0591134
0.0523303
0.0518069
0.0481813
0.0470509
0.0493907
0.044807
0.0533676
0.0445479
0.0439507
0.0449994
0.0603949
0.0468528
0.0485122
0.0495774
0.0511567
0.0594887
0.046793
0.0590757
0.04892
0.0482438
0.0516632
0.0463429
0.0510582
0.0462125
0.0502874
0.0610772
0.0400277
0.0492571
0.0455958
0.0488658
0.0441379
0.057521
0.0465343
0.0585742
0.0421758
0.0505881
0.0534696
0.0487646
0.0508451
0.062949
0.0486339
0.0520281
0.0556628
0.0522225
0.0444273
0.0488
0.0375039
0.0450947
0.0495449
0.0432502
0.0484799
0.0559597
0.0549382
0.0526447
0.0411358
0.0529091
0.043768
0.0511236
0.0533504
0.0592372
0.059458
0.0406971
0.0435575
0.0561189
0.0532997
0.0498191
0.045485
0.0417888
0.046802
0.0525912
0.043866
0.0520948
0.0590571
0.0471486
0.0535687
0.0578769
0.0525648
0.0439337
0.0483563
0.059485
0.0446917
0.0426318
0.0455753
0.0511356
0.05519
0.0503863
0.0522824
0.0673835
0.0443843
0.0572482
0.0520418
0.0511949
0.0482139
0.052115
0.0535099
0.0517886
0.0479689
0.045404
0.047859
0.0465435
0.0507667
0.0451968
0.0422006
0.0604243
0.0416062
0.0506695
0.0551428
0.0551283
0.0530769
0.0479811
0.0437905
0.0533769
0.0493859
0.0504256
0.053908
0.0588355
0.0399945
0.0502574
0.0457943
0.0473908
0.0460299
0.0570084
0.0479815
0.0498125
0.0463187
0.0454024
0.0483135
0.0542201
0.0497624
0.0400367
0.0429813
0.0424311
0.0467721
0.049915
0.0529637
0.0472703
0.0508994
0.0579299
0.0564505
0.0559472
0.0567382
0.0532693
0.0497378
0.0544987
0.0505048
0.0450603
0.04514
0.0575561
0.042933
0.0647124
0.0530012
0.0613189
0.051823
0.0525969
0.051389
0.0545796
0.0540602
0.0531154
0.0546534
0.0490831
0.0571554
0.0479383
0.058667
0.042559
0.0533629
0.0394134
0.0486836
0.0565427
0.0521446
0.053919
0.0553386
0.0564095
0.0416923
0.0512548
0.0568004
0.0430333
0.0480857
0.0591922
0.045418
0.0587247
0.0551298
0.0482693
0.0479699
0.0521253
0.0453693
0.0509899
0.0447722
0.0552982
0.0563047
0.0596119
0.0512803
0.0538431
0.0542232
0.0533636
0.0446646
0.0533971
0.0499555
0.0520863
0.0461559
0.0458473
0.0476028
0.0417087
0.0472474
0.0490408
0.047354
0.0554055
0.0393753
0.0530638
0.0395126
0.0571062
0.0426424
0.0495388
0.0468671
0.0439245
0.050355
0.0591554
0.0487974
0.0572758
0.0501972
0.0484082
0.0507186
0.0374733
0.0401428
0.0566415
0.0408694
0.045507
0.0480015
0.0488022
0.0461656
0.0486792
0.051432
0.0541879
0.047166
0.0418956
0.0459845
0.0580861
0.0596113
0.0490566
0.0498346
0.0513082
0.0473362
0.0525011
0.0475368
0.0578521
0.0564868
0.0488182
0.0454235
0.0478105
0.0538623
0.0561384
0.0471822
0.0495364
0.0492164
0.0469805
0.0508783
0.0476706
0.0391703
0.0472658
0.0496927
0.0547413
0.0528405
0.0444529
0.0556552
0.0432016
0.0403168
0.0457606
0.045924
0.0510078
0.0588013
0.0477407
0.0478663
0.051596
0.0635993
0.0525522
0.0418501
0.0497429
0.0523661
0.0544765
0.0537287
0.0570001
0.0489916
0.0620262
0.048586
0.0406046
0.0457421
0.0554887
0.046305
0.0561066
0.05406
0.0508159
0.0578159
0.0472153
0.0541842
0.0410189
0.0533939
0.0445256
0.0527597
0.0543712
0.055099
0.0548092
0.0461789
0.052104
0.0637826
0.0471109
0.0456587
0.0608815
0.0512267
0.0500157
0.0499114
0.0608704
0.049865
0.0452944
0.063528
0.048306
0.0432306
0.0458345
0.0446869
0.0457842
0.0477996
0.0489785
0.0662442
0.0471659
0.0518086
0.0425681
0.0555458
0.0522528
0.0574216
0.0522184
0.0478361
0.0517075
0.05376
0.0475729
0.0608781
0.0474397
0.0483014
0.0501761
0.0484645
0.0462151
0.0577416
0.0459893
0.0505152
0.054329
0.0509567
0.0533262
0.0494111
0.0452358
0.0542501
0.0553739
0.0452441
0.0504202
0.0499655
0.0498222
0.0574359
0.0472514
0.0456244
0.0489315
0.0494001
0.056537
0.0415086
0.0419551
0.0508928
0.0433454
0.048816
0.0514679
0.0488984
0.0530961
0.0480247
0.0534503
0.0474333
0.0511946
0.0493625
0.0578278
0.0516806
0.0521177
0.043707
0.0579694
0.0357665
0.0552216
0.0486744
0.0501154
0.0564162
0.0529309
0.0459999
0.0482667
0.0490308
0.0492542
0.046144
0.0502976
0.0496485
0.0470438
0.0481673
0.0512959
0.0557656
0.052424
0.0486013
0.0510841
0.0414012
0.0541093
0.0636007
0.0567933
0.0469124
0.048954
0.0445601
0.0464362
0.0539106
0.0458551
0.0473115
0.0427616
0.0537283
0.0565853
0.0611363
0.0447295
0.0549225
0.0514902
0.0430087
0.0511254
0.0521028
0.0547169
0.0512792
0.0638498
0.0513764
0.0492929
0.0542015
0.0449126
0.0559229
0.0598271
0.0476052
0.0499318
0.0432697
0.0534832
0.0481302
0.0541773
0.0488282
0.0540019
0.0574146
0.0450731
0.0471356
0.0545513
0.0488243
0.0445517
0.0484026
0.0510833
0.0596572
0.0505321
0.0503018
0.0475535
0.0398112
0.0442346
0.049218
0.0438486
0.0469882
0.0374467
0.0491579
0.0452144
0.0471978
0.0459085
0.0567966
0.0497817
0.0447728
0.0593922
0.0497515
0.0493038
0.0440489
0.0466666
0.0393308
0.0489674
0.0582418
0.0462083
0.0381671
0.0462687
0.049501
0.0419364
0.0462235
0.0513425
0.0578314
0.0426498
0.0506576
0.050574
0.0524956
0.0474091
0.0442554
0.0550611
0.0478861
0.05876
0.0471391
0.0432699
0.0510403
0.0458802
0.0499698
0.0521648
0.0432823
0.0437692
0.0591136
0.044261
0.0595683
0.0567709
0.048328
0.0514997
0.0371694
0.0442199
0.0548094
0.0463877
0.0470489
0.04541
0.0570054
0.0418646
0.0483138
0.0436344
0.0520389
0.054998
0.0432457
0.049516
0.0513842
0.0443246
0.0518623
0.0460932
0.0457187
0.0496724
0.0540259
0.0523054
0.0545496
0.0520529
0.0437882
0.0546277
0.0558233
0.0492659
0.0439836
0.0512803
0.0550809
0.0546987
0.0534641
0.0448092
0.0502459
0.042374
0.0692698
0.0580029
0.048842
0.0492354
0.0509162
0.0637054
0.0499146
0.0386331
0.0407817
0.0479805
0.0519128
0.0536598
0.0461407
0.0500499
0.0532122
0.0526373
0.0450726
0.0593441
0.0536283
0.0507192
0.0548752
0.0541674
0.0523695
0.0518527
0.0382908
0.0531862
0.0468622
0.048631
0.0594116
0.0528113
0.047021
0.0631733
0.0517679
0.0463124
0.0428879
0.0489187
0.0612623
0.0514618
0.0563575
0.0411721
0.0662674
0.0503891
0.0506344
0.0482535
0.0526045
0.0410774
0.0531877
0.0448986
0.043018
0.0470398
0.0550745
0.0441252
0.0520225
0.0542113
0.0497722
0.0475384
0.0437071
0.0534217
0.0531156
0.0467564
0.0506697
0.0564046
0.0462821
0.0601388
0.0493653
0.0500297
0.0527229
0.0459691
0.0451425
0.0608607
0.0552477
0.0481829
0.04556
0.0480889
0.0519446
0.0553625
0.0484969
0.0427795
0.045603
0.0563406
0.0454811
0.0530503
0.0583021
0.0489732
0.0452861
0.0491004
0.045765
0.0478638
0.0434388
0.0526314
0.0417058
0.0542061
0.0521302
0.0481843
0.0510864
0.0493144
0.0527017
0.0497664
0.060254
0.044126
0.0485686
0.0459945
0.0590354
0.0470348
0.046544
0.0511223
0.049978
0.0442525
0.0493505
0.0560354
0.053649
0.0424421
0.047609
0.0540877
0.0533918
0.0473728
0.0488594
0.057514
0.0418592
0.0395662
0.0574959
0.050876
0.0525794
0.061138
0.050483
0.0607569
0.0454942
0.0431075
0.0485494
0.0555084
0.0574392
0.0462984
0.0535302
0.0456428
0.0480923
0.0472898
0.0532916
0.0529911
0.0483527
0.0527526
0.061484
0.0453256
0.053225
0.0424362
0.0450361
0.0511189
0.0474323
0.0471257
0.0558423
0.0541914
0.0459285
0.0505421
0.0549067
0.0587762
0.0485258
0.0502134
0.0551064
0.0513556
0.0552227
0.0558955
0.0557573
0.0517078
0.0445647
0.0412044
0.0497033
0.0522425
0.054538
0.0394728
0.0500219
0.0441991
0.0463042
0.0455523
0.0521737
0.0535697
0.0539667
0.0602277
0.046796
0.051287
0.0527818
0.0402187
0.0564672
0.0538104
0.0487147
0.0493407
0.0528106
0.0464222
0.0495254
0.0538588
0.0455744
0.0545685
0.0552121
0.0552888
0.0577434
0.0480684
0.0470975
0.0567646
0.0490816
0.0459133
0.0525471
0.0594212
0.0431534
0.0497754
0.0558439
0.0409066
0.0502535
0.042696
0.0530514
0.0507896
0.050496
0.0589573
0.0507896
0.0546756
0.0400784
0.0472234
0.0534717
0.0547806
0.0488904
0.0489217
0.0376124
0.0519414
0.0490281
0.043683
0.0480862
0.0465831
0.0477712
0.0491976
0.0517541
0.0483589
0.0486282
0.0429166
0.0537448
0.0393528
0.047113
0.0497282
0.0555023
0.0454683
0.0535377
0.0599757
0.0483381
0.0457556
0.0473914
0.0515226
0.0483657
0.054255
0.0479282
0.043585
0.0488086
0.0439647
0.0549935
0.0544465
0.0532488
0.0452145
0.0607756
777777