2.77421
999999
-0.169739
0.0925419
-0.0349293
0.0957284
-0.0206077
-0.0562326
0.110864
-0.0737025
0.143828
-0.00191925
-0.207909
0.224031
-0.104036
-0.137043
0.000137084
0.124876
0.0089314
0.0690031
-0.216561
-0.0230505
-0.172341
-0.126312
0.0329927
0.0183506
-0.0875214
0.281477
-0.0701309
-0.0553281
0.135553
-0.0896152
-0.214022
-0.061929
0.140076
0.0667612
-0.00883721
0.0324159
0.208312
-0.327996
-0.115584
-0.0635285
-0.162444
-0.01965
0.258338
-0.129418
-0.026878
-0.0158669
-0.106069
0.228411
0.0337112
-0.0830156
0.0346387
-0.159793
0.0812004
0.0596566
-0.0318046
-0.172181
-0.0292052
0.246684
0.20685
-0.109232
0.0469922
-0.0829561
0.153024
-0.0414381
-0.0744435
0.0133643
0.0791989
0.227951
0.162899
0.183476
0.2926
-0.0596905
-0.049581
0.219773
-0.0625195
-0.0707493
0.0881469
-0.0951981
-0.0712531
0.110322
-0.0518033
0.0879305
-0.171065
-0.11687
-0.0109893
-0.101515
0.10999
-0.0809011
0.0458772
0.00656869
-0.00183471
0.148232
0.0118171
-0.165275
-0.143844
-0.150951
0.221681
-0.0679734
0.0413562
-0.109183
-0.103084
-0.111629
-0.13585
-0.222597
-0.0737555
-0.0118182
-0.14579
-0.157911
-0.14905
0.0194516
-0.0489692
0.265902
0.0796221
-0.20769
0.106368
0.0819884
-0.154765
0.000669334
-0.218269
0.154104
-0.0623972
0.102176
0.0985772
0.18397
-0.300202
0.112283
0.0949424
0.0767855
-0.0667659
0.0144571
0.0176912
-0.120986
0.174392
-0.0856788
-0.112044
0.0597656
-0.207009
-0.136735
-0.0095666
-0.172369
-0.00118044
0.248966
-0.0972241
0.00925947
-0.0599648
0.0779076
0.136788
-0.159072
0.0489679
0.127862
0.00821802
-0.0457953
0.218456
0.156205
-0.134126
-0.197817
0.0429737
-0.179038
0.185059
0.220745
0.0566684
-0.122442
-0.140826
0.0706828
0.203109
-0.00797765
-0.0331407
0.0935088
-0.247015
0.12708
0.164199
-0.0477891
-0.0829666
0.00161369
-0.0256912
0.0538243
0.125267
-0.129224
-0.0413536
-0.00513321
0.182516
-0.184859
-0.071498
0.060546
0.00174298
-0.156151
-0.21769
-0.0872832
-0.320137
-0.121807
-0.0672639
0.11927
0.103129
-0.0876721
-0.100232
-0.0327923
0.0987037
0.0153112
0.0854067
-0.178827
0.108783
0.20289
-0.0918815
0.0015007
0.101721
-0.0566875
-0.193456
-0.100745
-0.234187
0.0469942
0.16081
-0.141052
0.0835111
0.0695135
-0.205794
0.00833055
0.233776
-0.186347
0.121286
0.156459
0.00160053
-0.0968484
-0.0149026
0.00675966
-0.211056
0.121961
-0.0404311
0.0850804
-0.106845
0.203802
0.0797829
0.152381
-0.0561648
-0.161851
0.0128676
-0.162769
-0.0918575
0.0436435
-0.0906244
0.171958
-0.107342
0.109446
0.0423179
0.0507889
0.15325
-0.00993765
-0.0751301
0.248277
-0.125128
-0.0683762
-0.0858615
0.0434597
-0.105879
0.179007
-0.0946462
0.147166
-0.0577394
-0.0688882
0.0330753
0.131253
0.00147977
0.0439566
0.194141
-0.164706
0.151927
0.00261506
0.0542917
0.146614
-0.139688
-0.00350854
-0.141015
-0.0717552
-0.0848261
-0.20263
0.195538
-0.0395912
-0.120373
0.282077
-0.0914182
0.00820101
-0.159515
-0.179789
0.0401232
0.029908
0.199917
0.201198
0.00117706
-0.153384
-0.0569895
0.141476
0.162966
-0.000231527
-0.274458
-0.0775002
0.0868895
0.036813
-0.0848179
0.0424106
-0.153454
0.256691
-0.0687001
-0.038203
-0.0590019
-0.139041
-0.212676
0.127078
0.286121
0.0898827
0.0574967
0.235055
0.132902
0.291314
-0.0283412
-0.0447376
0.205533
0.0855706
-0.134264
0.143487
0.219065
0.34283
0.0409962
0.0186917
-0.176227
0.188789
-0.117408
-0.112288
0.206795
0.0876563
-0.183535
0.0529541
-0.0148464
0.0865729
-0.101039
-0.0334439
-0.153602
0.0685834
0.0547064
-0.00741286
-0.0173634
-0.055919
-0.0605838
-0.0543009
-0.149653
0.0777178
0.0685315
-0.274836
-0.0854473
0.0410101
-0.0498898
0.139066
0.0599786
0.0311777
0.245344
-0.102253
-0.179936
-0.0218083
0.219397
0.185341
-0.2341
-0.026882
0.150542
0.101533
0.0793161
0.0296596
0.0779707
-0.0824198
0.210152
-0.293058
-0.149086
0.216467
-0.0613607
-0.269467
-0.186135
-0.162784
-0.0527353
-0.061377
-0.0725987
0.0927097
0.0856531
-0.217213
-0.0830549
-0.0303372
-0.178395
-0.131834
0.172472
0.130787
-0.117255
-0.197053
0.22171
0.130223
-0.0556441
-0.0508252
0.211488
0.109953
-0.140867
-0.287809
-0.0249194
0.0224438
0.0662501
0.0295462
0.0473516
-0.176697
0.132559
-0.168409
-0.0260078
-0.134981
0.158275
-0.145138
0.101149
0.0994148
0.0167196
-0.131547
-0.167598
-0.000671981
0.0416792
-0.232007
-0.116141
-0.0428763
-0.00233564
0.154286
0.0356894
0.125072
-0.25229
-0.193272
-0.114682
-0.278624
-0.0473557
0.189652
0.12706
-0.110623
0.0523828
0.111468
-0.213487
-0.22922
-0.131276
-0.0509806
-0.263857
0.0751778
-0.0927415
0.18737
-0.148968
0.178154
0.107407
-0.138172
0.020199
-0.0438049
-0.116823
0.136715
0.174019
0.073318
-0.143569
-0.0584744
0.246088
0.0342885
0.175011
-0.253699
-0.053058
0.0668227
-0.0222948
0.0457506
-0.103378
-0.139635
0.204422
-0.128776
0.0706596
0.0547498
0.0506551
-0.00482554
0.221477
-0.0459825
0.158328
-0.147124
-0.0106247
-0.0387533
-0.0187161
0.167101
0.0906567
-0.0259025
0.099719
0.142164
-0.00161361
-0.236808
-0.0977203
0.0653263
0.0960366
-0.050375
-0.041262
0.0492131
-0.0333069
0.0823777
-0.133171
-0.139098
-0.0985647
-0.0432233
-0.0904836
-0.0824539
-0.0859602
-0.0544763
0.0360963
0.00748053
-0.174561
0.0876184
0.17595
0.026241
-0.154043
-0.172678
0.109347
-0.223334
0.0107553
0.0796302
-0.00468882
-0.0995172
-0.0826871
0.00300535
0.174043
0.0527718
-0.0515462
-0.0658796
-0.163982
0.279257
-0.143707
-0.139211
-0.133384
0.0653231
0.0530044
0.155356
0.255152
-0.164465
-0.0833854
-0.167075
-0.0322911
0.0454393
0.0905138
0.00801226
-0.011243
0.0188013
0.0925804
0.234427
-0.107815
-0.119477
-0.00106858
0.110987
-0.345478
0.0634267
0.0679173
-0.0652756
0.135415
-0.107901
0.0652022
0.0996773
0.00331842
-0.000598639
-0.0605981
0.133166
-0.0745511
0.0044314
-0.10136
-0.148866
-0.165242
0.136595
-0.0212021
0.118168
-0.117818
-0.0145832
0.272927
0.00551747
0.125042
0.233786
-0.0540316
0.0370213
-0.149377
0.0984324
0.0212638
0.0875681
0.0190793
-0.0222461
-0.19767
0.00661451
-0.0243165
0.119671
0.046855
-0.0134255
-0.101881
0.185365
0.0551781
0.221492
-0.0683342
-0.0470497
-0.00867978
0.084698
-0.141924
0.198924
0.0754301
0.249373
-0.00376676
-0.0830341
0.0568449
-0.0503675
-0.13862
0.0791604
0.134148
-0.0426099
-0.147034
0.0426458
-0.149225
-0.110416
-0.123835
-0.194168
-0.0701965
0.0932752
-0.152516
0.0926283
0.0502538
0.0689212
0.12583
0.219941
-1.11664e-05
0.00650151
0.0931557
0.142208
0.254032
0.174799
-0.0186857
-0.0237064
-0.140239
0.174592
0.0991942
-0.144171
0.284889
-0.185137
0.139757
-0.151904
0.0537991
0.194149
0.0481492
0.20896
-0.0111516
-0.0327812
0.107269
-0.154228
-0.202006
0.102685
-0.0961393
0.141664
0.0926376
-0.158005
0.152968
0.0598256
-0.134612
0.0196711
-0.153357
-0.194376
0.108712
-0.179672
0.151787
-0.187338
-0.15417
-0.223455
-0.0871476
0.00165724
0.13676
-0.0684046
0.124991
-0.0699236
0.201391
-0.0341718
0.00788183
0.167629
-0.098074
-0.00847873
-0.185351
-0.149473
-0.13855
0.17637
0.0200509
0.032161
0.024773
0.0881919
-0.116941
-0.215551
0.283581
-0.00605847
-0.197609
0.200528
-0.004187
0.0765422
-0.0389859
0.233773
-0.0939917
0.145084
0.0237307
0.0682316
-0.219531
0.0673742
-0.32854
-0.0165026
-0.0189501
0.103853
0.138764
-0.119373
-0.220855
-0.0712738
0.0751621
-0.15653
0.0676811
0.0607303
-0.196251
-0.0562385
-0.172571
0.0347885
0.133933
-0.103265
0.0188984
-0.344721
0.0242394
0.143507
0.187341
0.0319213
0.191583
0.0825299
0.195573
-0.0801235
-0.137168
-0.280325
-0.0882588
0.0719247
0.0505581
0.132249
0.140177
-0.00443672
0.0469142
0.179951
-0.214293
-0.0268521
0.227819
-0.140248
0.172193
0.0310569
-0.245258
-0.0448828
-0.042212
-0.156709
0.0876418
-0.216422
0.0257741
0.0202886
0.148269
0.130932
-0.0570602
-0.120679
0.0435589
0.0357853
0.198584
-0.0839185
0.0602076
0.0780321
0.259654
0.0107537
0.113887
0.0566368
-0.0543961
0.0194937
0.105963
-0.14428
-0.043398
0.377935
0.108471
-0.115153
-0.121551
0.152904
-0.111464
0.315418
-0.0089824
-0.148953
-0.165396
-0.0585942
-0.0982026
0.0415706
-0.117675
0.103669
0.0640236
0.0811975
-0.292697
0.0704109
-0.0771126
-0.208023
-0.128692
-0.205653
-0.0508974
0.146416
-0.0774533
-0.169543
0.137417
0.12557
0.116187
0.135563
-0.0248859
-0.0537066
0.0416781
-0.0199291
-0.109452
0.168301
0.149184
0.169287
0.0794808
-0.0537674
-0.0468192
-0.0854291
-0.121735
0.13794
-0.310679
-0.00309751
-0.15669
-0.00321254
-0.0823655
0.0443574
-0.0892078
0.13067
0.172652
0.119278
0.0547048
0.099761
-0.142788
-0.0574802
0.137325
0.0935432
-0.15954
-0.0360247
-0.168084
-0.123863
0.0801447
0.266269
0.0203523
0.0899827
-0.0858211
0.211046
-0.0768397
0.0510568
-0.119894
0.217137
-0.106481
0.0616561
-0.0434812
-0.0751385
0.175664
0.147695
-0.126724
0.0700025
-0.0842744
0.257429
-0.121327
0.0571995
-0.033673
-0.217698
0.105929
0.0967547
0.104491
-0.0307767
0.0208814
0.0902398
-0.142246
-0.0453514
0.0775107
-0.229921
0.118208
0.0406145
-0.287102
0.0790712
0.111081
-0.15952
-0.162176
0.155726
-0.190542
-0.279568
-0.184621
-0.00959539
-0.0330295
-0.172131
-0.0156828
-0.0310382
-0.221906
-0.233493
-0.309991
-0.0917688
-0.0991615
0.199006
-0.157842
0.0267216
-0.0317953
-0.103009
0.162907
0.264602
-0.0153443
0.0676568
-0.0361659
-0.0559583
0.0200444
0.0109181
0.0818416
0.0540309
-0.17652
-0.235023
-0.181756
-0.177668
-0.00478681
0.260011
-0.0693084
-0.254046
0.0760951
-0.192796
-0.0995943
-0.209551
0.0889658
-0.108103
-0.116828
-0.00725006
0.0980131
-0.0767688
0.231356
0.0470764
-0.176213
-0.0404229
0.112721
-0.136774
-0.163126
-0.0533952
-0.00739918
0.132737
0.216162
0.0857202
0.0339982
0.164982
-0.0105864
0.119029
-0.055758
-0.0798835
-0.0377255
-0.233124
0.111067
0.110777
0.244331
0.119499
-0.021702
-0.115609
0.054098
0.0436873
0.128828
-0.0584201
-0.0369921
0.183752
0.0250903
0.0866329
-0.189224
-0.00622885
-0.174958
-0.19664
0.0691959
-0.074038
0.102305
-0.185369
-0.186384
0.111385
0.0339927
0.232881
-0.0866585
-0.0261065
-0.0141891
-0.193038
0.120973
-0.0352454
0.19341
-0.200185
0.0689854
-0.00790805
0.0525733
0.056712
0.0103835
0.216003
0.254357
0.0843884
-0.15387
-0.161855
0.0276005
0.197283
-0.121079
-0.157031
-0.138417
-0.160814
-0.176284
-0.159127
0.279947
-0.267952
-0.105329
0.0266101
-0.198895
-0.159615
0.199138
0.13483
-0.0823758
-0.121245
-0.0718868
0.15505
0.038699
-0.167504
0.0751161
0.199039
-0.0655737
0.0641958
-0.117357
-0.195068
-0.0381459
-0.062019
0.00761642
0.168928
-0.166078
-0.0668019
0.140061
-0.054938
0.146509
0.0305967
-0.0272388
-0.105648
-0.0327962
0.048175
0.0085007
-0.12614
-0.122869
0.0340104
0.201812
-0.16209
0.135568
0.155289
0.120966
-0.112027
-0.195977
0.160065
0.0941488
-0.0935282
0.178439
-0.273114
0.0496592
0.234182
0.136032
0.155387
-0.0714079
-0.110864
-0.0313023
0.0115643
-0.160304
0.0272667
-0.111445
-0.0336091
0.224747
-0.0309537
-0.0628705
-0.162282
-0.0242868
-0.301393
0.0554713
0.232754
-0.155987
-0.00184524
-0.0633966
-0.00240758
-0.00801022
-0.229474
0.202791
-0.0626746
0.0806127
-0.277082
0.102256
-0.132637
0.0986387
-0.129374
0.0923769
0.0961324
0.0380071
-0.0482743
-0.135748
-0.1078
-0.059275
0.00251074
-0.331087
0.149269
0.0375714
0.0788465
-0.0267404
-0.239
0.167427
0.150354
0.158616
0.132806
-0.228677
-0.0687815
0.0747657
-0.0231329
-0.138708
-0.0235755
0.141822
0.0502364
-0.247115
0.0337298
-0.0738106
0.0346448
0.237096
-0.0501525
-0.142946
0.0956155
-0.217893
0.136271
0.11283
-0.0712813
-0.252722
-0.0690408
-0.112085
-0.219518
0.145444
-0.119957
-0.000325688
-0.0800168
-0.0173987
0.0157049
-0.0921649
-0.0427649
-0.0982733
0.184748
0.0729114
0.0539957
0.109721
0.0154558
0.0424472
0.04268
0.204884
0.0937282
-0.0526662
0.0423049
-0.21062
0.0969934
0.104898
-0.128877
-0.207018
-0.0629744
-0.0237421
-0.146395
0.298437
0.146393
0.194405
0.106117
-0.038345
0.215903
-0.185041
0.130285
-0.18102
0.230912
-0.159725
0.0138648
0.134014
-0.064709
-0.0786983
0.00742994
0.0910351
0.0790982
0.0717651
0.164589
0.220464
-0.191872
0.0937209
-0.0287376
0.233907
0.0482671
0.162228
0.0170096
0.0336273
0.0930978
-0.0170317
0.0276656
0.041684
0.0657293
-0.23144
-0.180507
-0.0667791
0.233005
0.101877
-0.0616599
0.142419
0.175585
0.0279849
0.098206
0.0374601
-0.0357647
-0.196382
-0.134683
-0.0776424
0.132048
0.289777
0.282327
-0.150236
-0.040806
0.107089
-0.0745716
-0.136267
-0.132291
-0.105181
-0.0591832
-0.168784
-0.0193074
0.0908755
-0.0853849
-0.0620156
-0.0677716
0.0549552
0.222248
-0.0363688
-0.110601
-0.128233
-0.0627328
-0.0436702
-0.129871
0.145602
0.00718846
0.254138
-0.227986
0.00857539
0.0656665
-0.0498065
-0.0209784
-0.0210358
-0.0180965
-0.0945262
0.049107
-0.0400905
-0.165044
-0.0546546
-0.104938
0.0513709
0.0903897
0.0884107
-0.0209276
-0.0617706
0.0217662
-0.215294
0.0785141
0.121078
0.173298
0.0328497
-0.0526795
-0.019938
0.000336933
0.199896
0.113531
0.126161
0.153717
0.0224919
0.128423
0.0611241
0.0586017
-0.0427197
-0.200812
-0.158449
0.0822155
0.0522553
-0.239801
0.289115
0.113868
-0.17614
0.23263
-0.118664
0.231868
0.0864719
0.104918
-0.18821
-0.0267092
-0.144125
-0.0380108
0.0520407
-0.154518
-0.0402083
-0.222067
-0.107986
0.00690134
0.146566
-0.155537
0.237024
0.0667608
-0.172236
-0.13959
-0.237048
-0.00543424
0.11656
0.185866
-0.0616196
0.150885
-0.0284501
0.0383402
-0.19198
0.0184777
-0.131343
-0.159296
0.0163555
0.0564263
-0.0253425
0.105531
-0.102196
0.218796
0.213163
-0.021815
-0.0412143
-0.0102932
0.0271421
0.190952
-0.0275055
-0.0697507
-0.114033
0.252036
-0.0790396
0.273594
-0.0546582
-0.0543814
-0.0131169
0.102369
-0.124078
0.26597
0.0584095
0.0337494
0.000815871
0.139434
-0.111351
-0.0700771
0.295965
-0.0500354
-0.0229573
-0.0511356
-0.278311
0.276961
0.210019
0.122548
0.0434356
0.172097
0.0219692
-0.045772
-0.0272849
0.192945
-0.192737
0.0404349
0.0225741
0.0553354
-0.0364434
0.0164471
0.137383
-0.0381528
-0.0123924
-0.0960556
-0.0533672
-0.158943
-0.0996566
-0.0253264
-0.0286869
0.11501
-0.184803
0.143135
-0.166639
0.11685
0.180573
-0.0943108
-0.227088
0.165362
0.0468932
0.0580303
-0.160524
-0.0966836
0.0898895
0.023267
0.262538
-0.11098
0.211328
-0.128032
-0.0114163
0.0904294
0.052816
0.141498
-0.351898
0.0107706
0.0307113
0.215104
0.0624992
-0.0771028
0.0295698
-0.198797
-0.281054
-0.167605
-0.0984802
0.0779402
-0.058112
-0.0261571
0.163357
0.086537
0.0734178
-0.136493
-0.0862004
0.0724984
-0.0845741
-0.0535631
0.139107
0.00520823
-0.0754848
-0.235624
-0.179392
-0.10737
-0.18741
0.0372551
-0.110285
0.0159343
-0.184642
0.168765
0.128196
0.0116893
0.0337401
-0.130695
-0.0248652
-0.0678169
0.0715628
-0.15397
0.126203
-0.0131919
0.116646
-0.229449
0.0468121
0.0160356
-0.149778
0.00970364
0.326491
0.0802533
0.0387781
-0.171895
0.0246752
-0.128829
-0.0111398
0.153125
0.0242795
0.0667967
0.0126368
-0.191747
0.00901014
0.0777365
0.18021
-0.299759
-0.0552865
0.176398
-0.151823
-0.0187519
-0.186754
-0.0287536
0.00859221
-0.0406682
-0.056016
-0.0151246
0.0769402
-0.0435173
0.136742
-0.176573
0.0931771
-0.0431124
0.00325936
0.0579833
0.219687
0.010374
-0.013191
0.0937729
0.0797212
0.00683484
0.0140523
0.130465
-0.200724
-0.066884
-0.0814944
0.0091169
0.0254161
-0.241108
0.0521163
-0.176165
0.0995302
0.173372
-0.0539991
0.00145453
0.184072
-0.10676
-0.0881347
0.0436546
-0.0852138
0.0146031
-0.0647894
0.170107
0.0660162
0.0197113
-0.00375541
-0.154904
0.175321
0.0342809
0.00580785
-0.0333946
-0.0404141
-0.212786
0.195196
0.106892
-0.284632
0.0693077
0.0835194
0.11502
0.119956
0.106978
0.133241
-0.0441278
-0.126422
-0.0206324
-0.124123
0.0214316
-0.109873
-0.198604
0.125256
0.0124103
0.150832
-0.13756
-0.0989708
0.170256
0.0973769
-0.00254521
-0.102625
-0.058947
0.215171
-0.137619
0.152136
0.0169451
0.188121
0.0397174
0.0913786
-0.0441248
-0.0689319
0.117348
-0.116797
0.122166
0.135398
0.135832
-0.0454365
-0.0683361
-0.142708
0.314558
-0.279402
-0.0517351
0.0959148
0.0444697
0.14231
0.185748
-0.0292779
0.151555
-0.115194
0.0755703
-0.0215474
0.101749
0.105795
-0.164024
0.232184
0.179213
0.00964413
-0.0443354
-0.164399
0.0356173
0.237872
0.056807
0.074518
-0.00324046
-0.162083
-0.0748683
0.186004
-0.219147
-0.21749
-0.219483
-0.212448
-0.0849031
-0.000769927
-0.131504
0.241677
0.243961
0.0304941
0.134082
0.0925954
-0.176075
0.136693
-0.0789347
-0.180102
-0.143414
0.0321606
0.054197
-0.0454987
-0.164078
0.0865238
0.121276
-0.00802921
-0.00148535
-0.0571696
-0.0869381
-0.0733028
0.120556
-0.280006
0.0667164
0.170128
-0.0807708
-0.060117
-0.185864
0.0576582
0.0979953
0.0882919
-0.265097
-0.161377
0.179839
0.269127
-0.0313435
0.14289
0.176748
-0.101397
-0.0467282
0.0390744
0.0587717
0.180164
0.167647
-0.218988
-0.00356208
-0.0657873
0.154555
0.0113133
-0.101365
-0.0649119
0.139018
0.00355911
0.145317
-0.0247632
0.0564881
0.108594
-0.181672
0.284237
-0.247001
0.173197
0.125481
-0.0178137
0.274849
0.0461129
0.0734205
-0.219528
0.0524208
0.0396022
-0.156758
-0.180416
0.140814
0.0506276
0.0432184
0.143965
-0.0500622
0.243337
0.15845
-0.0545444
0.160674
0.0151857
0.0778372
-0.0580023
-0.335465
0.0572125
-0.0573427
-0.12181
-0.170925
0.0691672
0.266952
0.0704378
0.0674353
0.0512044
-0.246463
-0.0514741
0.0936196
0.0101534
-0.180096
-0.124377
0.202446
-0.10828
-0.141186
-0.0905609
-0.210767
-0.0789016
0.0319939
0.0591326
0.17945
-0.158801
0.0773677
888888
0.0595008
0.0498025
0.0476091
0.0513426
0.048942
0.0465944
0.0450447
0.0471367
0.0530871
0.0452221
0.0471989
0.0386153
0.0464593
0.0511217
0.0492712
0.0374494
0.04694
0.0501264
0.0515233
0.0428748
0.05637
0.0497579
0.0504626
0.0527064
0.0464208
0.0517078
0.0549426
0.0434518
0.0526691
0.0699045
0.0530126
0.0535786
0.0426315
0.0473439
0.050687
0.0473209
0.0473462
0.0631928
0.0728446
0.069378
0.0628044
0.0485719
0.0482844
0.0377616
0.0392112
0.0474359
0.0425873
0.0527636
0.0623878
0.0570807
0.0335044
0.0476118
0.0545229
0.0425927
0.0407091
0.0409306
0.0466271
0.043002
0.0448884
0.0522302
0.0464521
0.049188
0.0517832
0.0444088
0.0535469
0.0402669
0.0470975
0.0398168
0.0459817
0.0431837
0.0688903
0.0599593
0.039869
0.0353226
0.0554438
0.0484343
0.0629586
0.0492946
0.0354574
0.0518339
0.0395978
0.0429874
0.0547105
0.059887
0.044923
0.0517037
0.0521803
0.0610147
0.0441509
0.0491198
0.0515591
0.0522192
0.0643164
0.0397334
0.0467531
0.0521178
0.0733042
0.0484103
0.051838
0.0500591
0.0366573
0.0508605
0.0561242
0.0350903
0.0511895
0.0578451
0.0515078
0.0510229
0.0477099
0.0438735
0.058166
0.0626151
0.0423835
0.0739198
0.046136
0.0469344
0.0519611
0.0493724
0.0611665
0.0409791
0.0548635
0.0426854
0.0433323
0.0500577
0.0541537
0.0490391
0.0453785
0.0518947
0.0639168
0.0394442
0.0524747
0.0459854
0.0448399
0.0496976
0.0521745
0.0448053
0.0549882
0.0511843
0.0511023
0.0377547
0.0644515
0.0469604
0.04693
0.046182
0.0337127
0.0402325
0.0394952
0.045305
0.0450288
0.0458141
0.0600253
0.0529675
0.0643428
0.0512835
0.0477609
0.0452528
0.0463775
0.0439837
0.0534608
0.0628087
0.0454692
0.0396814
0.0457996
0.0513648
0.0563175
0.0585408
0.0580907
0.0514548
0.0626824
0.0503724
0.0488421
0.0585016
0.0632901
0.0470389
0.0665498
0.0500121
0.0739427
0.0442707
0.0460317
0.0411978
0.0410501
0.0529353
0.0551167
0.0488064
0.0613765
0.0393707
0.0587014
0.0501675
0.0520517
0.0513773
0.0525047
0.0508907
0.0485282
0.0597874
0.0447192
0.0571832
0.0520962
0.048562
0.0508853
0.0543577
0.045585
0.0483157
0.0398753
0.0492187
0.0583269
0.0732382
0.0405521
0.0554798
0.0386243
0.051707
0.0548946
0.0403267
0.049965
0.047491
0.0565432
0.0525278
0.0425013
0.0541763
0.0483643
0.0574092
0.0658202
0.0525137
0.0646223
0.0512489
0.0409067
0.0532423
0.0474575
0.0445357
0.050194
0.0516596
0.0581371
0.0449934
0.0472827
0.0443885
0.0426585
0.0425569
0.0419338
0.0342352
0.0449794
0.0427336
0.0507194
0.039739
0.0497006
0.0556862
0.0541185
0.0429102
0.0432474
0.0489114
0.0409482
0.0589881
0.0481969
0.0451834
0.0505524
0.0467074
0.0445387
0.0395574
0.0535827
0.0534335
0.0525569
0.0346659
0.0472882
0.0655806
0.0452935
0.044405
0.0447235
0.0432274
0.0557348
0.0605361
0.0439655
0.0488363
0.0520794
0.0553187
0.0366896
0.0541662
0.0482131
0.0390295
0.0488639
0.0439836
0.0386958
0.0533186
0.0513104
0.047263
0.0457416
0.0645481
0.0536533
0.0640909
0.04705
0.0446001
0.0451105
0.0506338
0.0320838
0.0495386
0.0515767
0.0428706
0.0548508
0.0482645
0.049627
0.041494
0.0422708
0.0542767
0.0538672
0.0465643
0.0500913
0.0579456
0.0560149
0.0316782
0.0585389
0.0592723
0.0470209
0.0503709
0.0511542
0.0581388
0.069385
0.0510037
0.0418385
0.0394594
0.0394646
0.0567362
0.0366252
0.0463031
0.0392774
0.0462619
0.0542599
0.0552827
0.0524895
0.066762
0.0586596
0.0470278
0.058787
0.0364586
0.0390062
0.0481699
0.0415823
0.0397135
0.0544357
0.0531698
0.0533197
0.0470791
0.043067
0.0329677
0.0556511
0.0424746
0.0409888
0.0431582
0.044555
0.0732518
0.0478578
0.05031
0.0531017
0.0479251
0.0487489
0.054842
0.0519556
0.0538766
0.043429
0.0573297
0.0423478
0.0496129
0.0691249
0.04387
0.0719805
0.0454654
0.0489211
0.0501317
0.0637508
0.0518373
0.0497503
0.0502749
0.0618378
0.0474881
0.054602
0.0537504
0.0571106
0.0645556
0.0580672
0.0581748
0.054178
0.0734138
0.0467518
0.0535097
0.0371634
0.0544164
0.0515189
0.0523198
0.0477069
0.0529295
0.0410291
0.0443072
0.0343525
0.0482566
0.0434679
0.0594623
0.0468938
0.0541669
0.0749365
0.0385777
0.0492205
0.0500448
0.0706876
0.0466485
0.0527495
0.0443705
0.0480596
0.0349286
0.053008
0.0475498
0.0581673
0.045737
0.0547739
0.0352485
0.0582165
0.0608413
0.0483903
0.0586308
0.0489053
0.0517177
0.0395842
0.0403746
0.0507998
0.0445213
0.0436639
0.0528
0.0510241
0.0527022
0.0488142
0.0446243
0.0669894
0.0477605
0.0402042
0.054652
0.0363357
0.0419333
0.0418986
0.0661792
0.0578228
0.0508587
0.0514239
0.0722985
0.060911
0.0529343
0.0398594
0.0402331
0.0503063
0.0453109
0.0577103
0.0584134
0.0698296
0.0479175
0.0400927
0.0618097
0.0484796
0.0595877
0.0733772
0.05333
0.0638122
0.0600135
0.0462652
0.0502413
0.0455325
0.0374253
0.049497
0.0430561
0.0476221
0.0424726
0.067136
0.0381243
0.058578
0.0349415
0.0594723
0.0478624
0.050665
0.0433845
0.0456383
0.047484
0.061757
0.0427637
0.0503567
0.0342831
0.0533131
0.0464665
0.0482933
0.0621297
0.0425769
0.0517978
0.0503637
0.0471843
0.0740966
0.0476691
0.0515845
0.0359849
0.0571377
0.0384221
0.0501536
0.0587184
0.0483706
0.0430428
0.0530682
0.0571701
0.0540005
0.0441172
0.0462089
0.0552727
0.0478156
0.0627993
0.0498441
0.0520347
0.0601602
0.0543672
0.0528415
0.0454881
0.0497231
0.0577299
0.0410728
0.0600424
0.0468106
0.0554477
0.057419
0.0490287
0.0467033
0.0420861
0.0476886
0.0496999
0.0440072
0.0478404
0.0660584
0.0434696
0.0567275
0.0501498
0.0415319
0.0593338
0.0484684
0.0383574
0.0353741
0.049808
0.0616141
0.0347713
0.0531808
0.0414644
0.0508164
0.0680757
0.0518366
0.0494985
0.052205
0.0514239
0.0598925
0.0458874
0.0637826
0.0415275
0.0461537
0.0427973
0.0537145
0.0555466
0.050103
0.0512143
0.0485768
0.0628531
0.054045
0.0485464
0.0435238
0.0665983
0.0447431
0.0528024
0.044353
0.0547867
0.0569119
0.0542034
0.0344427
0.0555948
0.0443805
0.052311
0.0418693
0.0445453
0.0508336
0.0568639
0.0551862
0.0519815
0.0499577
0.0613789
0.0525881
0.0381624
0.0480602
0.0444476
0.0470945
0.0555227
0.0412504
0.0503931
0.0582725
0.0498548
0.0529774
0.050438
0.0472029
0.0460426
0.05467
0.0423266
0.0671169
0.0664544
0.0722528
0.0563033
0.0297113
0.0485236
0.0393518
0.0684724
0.0471252
0.0658207
0.0453058
0.0425075
0.0485372
0.0571373
0.0502718
0.0374401
0.048486
0.0383776
0.0528325
0.0458294
0.0585595
0.0630286
0.0600522
0.052316
0.0373483
0.0527362
0.0494824
0.0402435
0.0490966
0.0571238
0.0505233
0.0500591
0.0583924
0.0445846
0.0511133
0.070669
0.0470424
0.0499992
0.0551498
0.03979
0.0700407
0.0406533
0.0465678
0.0497073
0.0420139
0.0510702
0.0550859
0.0550982
0.0550073
0.0518711
0.0461398
0.0455832
0.0543484
0.0564966
0.0446326
0.0491617
0.0550013
0.0457562
0.0498519
0.0562167
0.0642084
0.0540006
0.0558389
0.0411455
0.0676774
0.0564406
0.0653133
0.0557289
0.052796
0.046396
0.0422938
0.0448573
0.0542584
0.0517012
0.0406549
0.0447106
0.054062
0.0483423
0.0466156
0.0512719
0.0530232
0.0440726
0.0463013
0.0459571
0.0604572
0.0348977
0.0420711
0.0492752
0.0446352
0.0356961
0.0412587
0.0704028
0.0555658
0.0482055
0.0527447
0.0529368
0.0497823
0.0415722
0.0492994
0.0510313
0.0695935
0.0407298
0.0473946
0.0471076
0.0518618
0.0624805
0.048826
0.0508344
0.0458076
0.0436889
0.0495681
0.0502182
0.0540124
0.0485704
0.0538626
0.0567101
0.0605781
0.0572215
0.0635453
0.0484584
0.0555746
0.055837
0.0580171
0.050943
0.0397831
0.0412676
0.0504336
0.0565907
0.0466989
0.0583168
0.0521882
0.0523195
0.0422051
0.0552147
0.0441763
0.0511312
0.0464082
0.0605448
0.0497972
0.0618354
0.056362
0.0548626
0.055135
0.0360218
0.0504061
0.0429726
0.0515325
0.0633498
0.0395765
0.0612161
0.0556338
0.0562699
0.0485668
0.0461187
0.0466995
0.0477124
0.0603062
0.0570281
0.0564178
0.0651906
0.0408249
0.0510265
0.0472963
0.0479879
0.0469816
0.054865
0.0467158
0.0447901
0.061364
0.0413532
0.0673069
0.0600809
0.0570195
0.0588197
0.0446235
0.0575522
0.0621169
0.0557209
0.053096
0.0614634
0.050006
0.0542203
0.0532918
0.0520723
0.0475483
0.0467375
0.0492957
0.0452903
0.0434843
0.0462723
0.0598335
0.0452831
0.0510343
0.0725106
0.0625004
0.0575113
0.0690739
0.0350982
0.0442534
0.0575724
0.0517277
0.0518922
0.0469569
0.041801
0.0511129
0.0499909
0.0466768
0.0471567
0.0415878
0.0429003
0.0476069
0.0436385
0.0466016
0.0418587
0.0518815
0.0344683
0.0560191
0.0560133
0.0463756
0.0419167
0.0582694
0.0481359
0.0505467
0.0430747
0.0436587
0.0496055
0.0598093
0.0549373
0.0548026
0.0590534
0.0410831
0.0392619
0.0422198
0.0532297
0.0423145
0.0455008
0.0463235
0.0469531
0.0476186
0.055919
0.0480631
0.0481854
0.0551798
0.0614912
0.0452437
0.0426828
0.0411383
0.0417758
0.042329
0.0520303
0.0635389
0.0482174
0.0521403
0.0519875
0.0523798
0.0645664
0.041757
0.0475014
0.045821
0.0491437
0.0478794
0.0586975
0.0425755
0.0472857
0.0504738
0.0663597
0.0502548
0.0489792
0.0457852
0.053492
0.0498057
0.049078
0.043806
0.0548712
0.0620547
0.0539062
0.0562292
0.074587
0.0448456
0.0759532
0.0422939
0.041724
0.0518509
0.0672812
0.0546255
0.0463276
0.045134
0.0563489
0.0576847
0.0467016
0.0571168
0.0594709
0.0469711
0.0522717
0.0611331
0.0350857
0.0580024
0.0606635
0.0537813
0.0525249
0.0652683
0.0454624
0.0476533
0.0447718
0.0608654
0.0505087
0.0522092
0.047297
0.0660636
0.0573197
0.0463966
0.0461411
0.0483515
0.0541571
0.0379572
0.057938
0.0452568
0.0379869
0.044039
0.0545856
0.044788
0.0517086
0.0463339
0.0549618
0.0613114
0.0523679
0.0538215
0.0443984
0.0530712
0.0534013
0.0523268
0.0549904
0.0430825
0.0504118
0.062862
0.0365501
0.0596223
0.03272
0.0524237
0.0443081
0.0582285
0.0443931
0.0576978
0.04122
0.0490223
0.0518528
0.0463535
0.0493019
0.0563799
0.038744
0.0456465
0.0518923
0.0538219
0.0466897
0.0368272
0.031059
0.0418461
0.0492543
0.0409801
0.0402747
0.0648901
0.064623
0.0505345
0.0382449
0.0470369
0.0487652
0.0518544
0.0509414
0.0552992
0.0601472
0.0440455
0.0431363
0.0583607
0.0552533
0.0455657
0.0450106
0.0391287
0.0442819
0.0548838
0.036866
0.0470343
0.0657065
0.0464759
0.0603822
0.0553543
0.0590767
0.0407634
0.0503643
0.0553241
0.0384481
0.0420116
0.0432637
0.0505197
0.0557131
0.0507531
0.048371
0.0697293
0.0387271
0.0652156
0.043912
0.059487
0.0563845
0.0471218
0.050368
0.0466966
0.0479208
0.0469755
0.0527687
0.0372679
0.0627571
0.0521785
0.0393608
0.0529012
0.0386236
0.052141
0.0568724
0.0603785
0.0541911
0.0401166
0.0526562
0.0613833
0.0544957
0.0528079
0.0564564
0.063478
0.0413032
0.0521837
0.0542458
0.0525742
0.0503464
0.0599194
0.0471789
0.0427096
0.0435986
0.0432228
0.0450838
0.0567304
0.038313
0.0375882
0.0356574
0.0416877
0.0474765
0.0485128
0.0503802
0.0393816
0.0543266
0.0507134
0.044867
0.0496993
0.0509398
0.0542215
0.0470841
0.052925
0.0557372
0.0460187
0.0431786
0.0550502
0.0347782
0.0649815
0.0590825
0.064184
0.0606651
0.0421856
0.0602275
0.0510742
0.0527642
0.0501377
0.0503863
0.0435095
0.0566784
0.0591091
0.0576747
0.0485507
0.0531468
0.0422546
0.0468271
0.0545068
0.0612552
0.0581369
0.0574533
0.056496
0.0469722
0.049552
0.064199
0.0414076
0.0514612
0.0569436
0.0411147
0.0580653
0.0526813
0.0477262
0.0486466
0.0545901
0.0453273
0.0559648
0.0418263
0.0669957
0.0518625
0.0563646
0.0531671
0.0651855
0.0496629
0.0577733
0.0507678
0.0564004
0.0444665
0.0567686
0.0589793
0.0439736
0.0549766
0.0418187
0.0448581
0.0437541
0.0481184
0.053385
0.0400778
0.0654652
0.0380807
0.0539462
0.0421102
0.0441103
0.0457924
0.0391481
0.0503096
0.0666084
0.0459447
0.0471779
0.0463437
0.0551106
0.0408081
0.041187
0.0346443
0.0503723
0.0402474
0.0431864
0.0487753
0.0466359
0.0489414
0.04295
0.0560108
0.0568402
0.0371416
0.0426333
0.0405077
0.055932
0.0581645
0.052007
0.0529686
0.0691724
0.0373874
0.0539928
0.0571995
0.058056
0.0531397
0.0482067
0.0376194
0.0428633
0.0581633
0.0565125
0.0481655
0.0499942
0.0447254
0.0514282
0.0548373
0.0517156
0.0333329
0.0440437
0.05774
0.0558872
0.0631884
0.0459774
0.0506427
0.0489443
0.0325287
0.0414486
0.0498629
0.0506781
0.0576144
0.0405448
0.0572792
0.0532748
0.0557864
0.0545537
0.0395652
0.0502113
0.0421697
0.0636391
0.0540411
0.0575715
0.0492598
0.0584468
0.0427197
0.044897
0.0514195
0.0666528
0.0498112
0.0575719
0.0494143
0.0532013
0.0657891
0.0497114
0.0557733
0.0393059
0.0550872
0.045915
0.0498964
0.0595738
0.0681927
0.0572851
0.038909
0.046325
0.0724808
0.0406212
0.045823
0.0708263
0.0538468
0.0513642
0.051882
0.0497939
0.0427711
0.0458783
0.068777
0.059091
0.0386321
0.0419099
0.0412194
0.0452351
0.0467711
0.0474137
0.0638534
0.0497462
0.0546303
0.041373
0.0588899
0.0644675
0.048821
0.0635659
0.0429953
0.0491919
0.0484887
0.0616614
0.0621039
0.0377616
0.0493795
0.0506168
0.0482596
0.0487126
0.0675289
0.047323
0.040548
0.0546249
0.0486424
0.0458496
0.044036
0.0477614
0.0538504
0.064269
0.0489997
0.052647
0.0581647
0.0542507
0.0617585
0.0488211
0.0430829
0.0484405
0.0620095
0.0443199
0.040579
0.0522345
0.0488237
0.0435446
0.0446029
0.0613259
0.0583501
0.060638
0.0453733
0.0507357
0.0401819
0.0578968
0.0457234
0.066899
0.0456389
0.0591299
0.0456602
0.0496396
0.0345389
0.059364
0.0494473
0.0586247
0.0636388
0.0456867
0.0420087
0.051176
0.0335422
0.0464901
0.0413831
0.0480308
0.0509728
0.0432695
0.0519642
0.0504611
0.0637718
0.0552293
0.0443652
0.0472843
0.0441271
0.057214
0.0599443
0.0605636
0.0445916
0.0447414
0.052875
0.0463233
0.0503827
0.0436612
0.0510884
0.0487149
0.0540321
0.0562042
0.0703327
0.0447312
0.0556473
0.0677859
0.0491685
0.053703
0.059891
0.0494116
0.0436436
0.0520705
0.0419666
0.0448061
0.0527236
0.0493591
0.0506583
0.0672259
0.0498495
0.0474001
0.0390349
0.0466444
0.0472702
0.0494189
0.0487214
0.0545931
0.0601574
0.0526797
0.0472194
0.0547604
0.044531
0.0430012
0.0560769
0.0597577
0.0612137
0.043162
0.0602758
0.0428779
0.0372337
0.0372743
0.0434366
0.0357578
0.0427632
0.0377809
0.0449813
0.040596
0.054377
0.0430445
0.0646894
0.0499853
0.0435714
0.0580233
0.0434466
0.0416359
0.0468345
0.0466425
0.0393775
0.0397233
0.061072
0.0492586
0.0361658
0.0442304
0.0500548
0.0415664
0.0512856
0.0424022
0.0576353
0.0380236
0.0524427
0.0384888
0.0580182
0.0506808
0.0534126
0.051663
0.0474244
0.0639628
0.0534834
0.0357867
0.0482836
0.0383142
0.051957
0.0496584
0.0391107
0.046871
0.0629171
0.0479422
0.0554231
0.067936
0.0448923
0.0506656
0.0420448
0.0450919
0.0613092
0.0533542
0.0496856
0.0378329
0.0505373
0.0536163
0.0517545
0.0478131
0.0491193
0.0559706
0.0399972
0.0457475
0.0603959
0.0428202
0.0503082
0.0463483
0.0493778
0.053083
0.0574761
0.0462941
0.0655662
0.0518209
0.0433068
0.0506288
0.0471019
0.0473301
0.0478598
0.0600119
0.0675584
0.0556144
0.0546824
0.0406894
0.0511659
0.0361564
0.0735415
0.0646362
0.0464124
0.0520036
0.0375184
0.0870039
0.0539307
0.0369511
0.0343658
0.0472327
0.0507124
0.0666723
0.0598999
0.0431982
0.0538659
0.0488259
0.0513769
0.0520918
0.060141
0.0495844
0.052888
0.0562165
0.0588973
0.0404778
0.037752
0.0539855
0.0400818
0.0595223
0.0663788
0.0525203
0.0494752
0.0668889
0.0375375
0.0472239
0.040899
0.0642031
0.0640765
0.0534551
0.0448683
0.034955
0.0743439
0.0471152
0.050605
0.0514332
0.0468521
0.0467641
0.0455986
0.042774
0.0413092
0.046003
0.0737454
0.0467575
0.0555638
0.0582469
0.0532859
0.0403044
0.0422101
0.0569504
0.0502511
0.0478247
0.0407948
0.0513567
0.0392379
0.0508858
0.0354851
0.0489402
0.0447899
0.0406352
0.0501401
0.0695638
0.0702865
0.0435762
0.0440824
0.0490979
0.0545578
0.0468177
0.0506654
0.0350418
0.0462049
0.0485123
0.0459366
0.0428319
0.0653657
0.0454006
0.0363915
0.0537257
0.0403181
0.0487147
0.0405531
0.0597459
0.0379091
0.0554962
0.05478
0.0496009
0.0475517
0.0490859
0.0528167
0.0539313
0.0584684
0.0446038
0.0448148
0.038224
0.0598957
0.0507942
0.0401256
0.0497816
0.0495157
0.0397301
0.0514697
0.0575148
0.0522144
0.0459103
0.050237
0.0598395
0.0477328
0.0505956
0.0510164
0.0549767
0.0382933
0.0447407
0.0534972
0.0449599
0.0585039
0.0593254
0.051399
0.0701985
0.0431965
0.0363855
0.0565889
0.0461731
0.0604184
0.0544462
0.0506054
0.0463959
0.0525719
0.0499834
0.0555612
0.0523749
0.0444181
0.0476118
0.0615745
0.0354672
0.0496239
0.0421485
0.0470194
0.0465577
0.0477127
0.0439188
0.0517477
0.0517183
0.0516496
0.0544134
0.0479539
0.0610573
0.0521286
0.0471804
0.0528173
0.056938
0.0720443
0.0432084
0.0473715
0.0535467
0.0430216
0.0394895
0.0490346
0.0434579
0.0550314
0.0484881
0.0416131
0.0488166
0.0455786
0.0482511
0.0519428
0.047781
0.0574568
0.0616846
0.0454339
0.0643814
0.0691508
0.0383529
0.0582935
0.0596158
0.0436836
0.0446926
0.0486764
0.0510961
0.0552424
0.0567465
0.0466561
0.0490081
0.0556498
0.0565444
0.0665417
0.050304
0.0622535
0.050947
0.0426924
0.0451854
0.0547015
0.0605062
0.0417423
0.0555424
0.0739995
0.0507772
0.0452113
0.0537233
0.0513064
0.0405591
0.0442474
0.0509322
0.0503232
0.0517178
0.0423195
0.0493102
0.0538986
0.0588314
0.0597272
0.0475367
0.0307359
0.0558946
0.0365795
0.0379868
0.0511187
0.0486442
0.0567055
0.045008
0.0556688
0.0519208
0.0485179
0.0426243
0.0506861
0.0384505
0.0453432
0.0525165
0.0514485
0.0479378
0.0514066
0.065391
0.0531105
0.0444568
0.0552697
0.048696
0.0535366
0.0604468
0.0416586
0.0424179
0.0451513
0.0388904
0.053695
0.0547264
0.0561565
0.0454631
0.0549948
777777