2.285
999999
0.135
-0.0334053
-0.0400811
0.196383
-0.124373
0.0866965
-0.0902135
0.166798
-0.197505
0.0293255
-0.0816601
0.0347348
-0.166778
0.0225328
0.12806
-0.138972
0.173179
-0.0336317
-0.0783647
-0.0496129
-0.00604891
0.0220017
0.0068602
0.0544024
0.183143
-0.0673273
0.204253
-0.240753
0.0233185
-0.189115
-0.22296
0.0727315
-0.187564
0.0811521
0.0072727
-0.091139
0.233072
-0.0209616
0.0740714
-0.0337532
0.130007
-0.0680762
0.00820807
-0.016737
0.120683
0.063915
0.0756588
0.193776
0.118455
-0.0151659
-0.142107
-0.0668898
0.0122503
-0.0753545
0.0803603
-0.0858771
-0.209425
0.222342
-0.0475165
0.072776
0.0773321
-0.0332997
0.15495
0.103408
-0.153741
-0.348201
0.15659
-0.0354118
0.010931
0.119369
-0.232704
-0.120325
-0.0207475
0.152239
0.0391882
0.108488
-0.0910399
-0.129089
-0.0536459
-0.0624108
-0.133235
-0.0893727
-0.285225
0.156065
-0.0284185
0.176104
-0.130057
-0.115924
-0.186447
0.0378782
-0.15814
-0.0331181
0.204174
0.160375
0.11455
0.101804
0.134278
-0.155443
0.0251396
-0.148538
0.018839
-0.0844348
0.127303
0.0432062
-0.0277828
-0.143618
-0.109348
-0.0983136
-0.146511
-0.195199
0.0382895
0.189539
-0.0393413
0.123288
-0.131827
0.0669651
0.185071
0.152556
-0.102577
0.071547
-0.255532
0.207876
-0.0695241
-0.177161
-0.0538304
-0.0211667
-0.0130168
0.0510094
-0.162456
0.0436785
0.114009
-0.0529914
-0.0347154
0.116941
0.14859
-0.000965375
0.0108074
-0.211803
-0.232745
-0.0814464
-0.134983
-0.0428844
-0.0914593
0.134186
-0.165202
-0.0174667
-0.0460808
0.181449
-0.101473
-0.192289
0.234331
0.0367423
0.0836364
0.127204
0.183479
0.00825152
0.146478
-0.163139
0.0436981
0.181175
-0.122564
0.0651293
-0.144835
0.286433
0.0769001
-0.166888
0.0491814
-0.117681
-0.110925
0.19172
0.0446425
-0.0114488
-0.224645
-0.131458
0.072096
0.00391917
-0.0488443
-0.0461132
-0.0927151
-0.15032
-0.0997946
-0.0350855
-0.160051
-0.10431
-0.0122026
0.11227
-0.0939626
0.158147
-0.151839
-0.135601
0.0371987
0.00404268
0.150384
-0.125233
-0.143422
0.0424672
-0.0185087
0.119887
0.113037
-0.137458
-0.0873019
0.0857327
0.107538
0.0418242
0.0248295
0.0819649
0.121641
0.0931815
-0.0869991
0.10679
-0.120125
-0.0688265
0.163553
-0.146328
0.0390876
-0.0548629
-0.143742
-0.124191
-0.0980185
0.0103274
0.12181
-0.147465
-0.0636619
-0.0209595
-0.032919
-0.0117338
-0.124827
0.249248
-0.0168336
0.0133585
-0.149333
0.169688
0.140471
-0.0856405
-0.154954
0.0873917
0.169632
-0.102161
0.114666
-0.124884
0.106597
-0.0485858
0.185647
0.115396
0.239615
0.142054
-0.14825
0.0495286
-0.271051
0.0983134
-0.0134995
-0.0698915
-0.0836294
0.145269
-0.00786024
-0.17129
-0.0684902
0.0172375
-0.0699437
-0.16238
0.134211
-0.0186145
0.120019
-0.256978
0.174773
0.161861
-0.196607
0.0279707
0.0538424
-0.0680088
0.0712176
0.0488187
-0.0597526
0.234796
-0.17602
-0.073162
-0.102212
0.0115111
-0.0117771
0.159344
0.129077
-0.144584
0.272953
0.186997
-0.0457962
0.0965874
-0.125203
0.000922491
-0.128992
0.0761375
0.0820072
-0.0335603
0.146176
0.02739
-0.0929855
-0.101898
0.180531
0.0877106
-0.0197445
-0.118928
-0.111653
-0.0573719
-0.0721525
0.0212805
-0.102616
0.0838073
0.0431717
0.0352588
-0.0520913
0.0451312
-0.0783231
-0.058058
0.0523917
0.0807881
0.203054
0.0499739
-0.127122
-0.00445773
0.257507
-0.220107
-0.0769578
0.108353
0.102493
-0.0742669
-0.173061
-0.217301
0.148136
0.175926
0.159307
0.069576
-0.203003
-0.179218
-0.216603
-0.143758
-0.140784
-0.0816753
-0.0237226
-0.00543685
0.131962
-0.161772
-0.246604
-0.147425
0.000279692
-0.0300051
0.146913
0.158861
0.134255
0.0637331
0.0869663
0.0603547
0.130639
0.173269
-0.152509
0.0240798
-0.0937545
0.0997593
-0.02135
-0.00720972
-0.0197958
-0.131153
0.11939
0.0194934
0.160398
0.0468364
0.103366
0.161693
-0.164701
0.178192
0.0131796
-0.0958378
0.205582
0.194469
-0.0478747
-0.217648
0.16657
-0.161309
0.0246358
-0.0359372
-0.0554266
0.125647
-0.0212027
0.192856
0.0458156
0.100782
0.00147651
0.0601518
-0.114315
-0.130942
-0.169818
-0.0175915
0.130983
0.13216
0.119699
-0.0824694
0.022761
-0.169391
-0.0869616
0.073966
0.118608
0.0384471
0.052918
-0.0444759
0.143386
-0.0532929
0.137743
-0.0861032
0.197741
0.109138
-0.0103074
-0.03171
-0.23572
-0.0941983
-0.215436
-0.142996
-0.173976
0.196572
-0.0456082
0.0364824
0.0498293
-0.179878
0.038844
0.142402
-0.0402447
-0.0573068
-0.0792975
0.0541632
-0.0506505
-0.0164927
-0.0708586
0.0187676
0.00753808
-0.116628
-0.0345497
0.213418
0.0340492
0.0884088
-0.0259389
0.197719
0.0238611
0.0648117
-0.0509631
-0.0636469
-0.0251282
0.0123616
0.0630783
-0.202425
0.0514395
0.147262
-0.0530431
0.266783
-0.0563934
0.0118679
-0.0790716
-0.0819783
0.0440359
0.0271065
-0.119249
-0.0539459
-0.205095
-0.169307
0.127286
-0.0597599
-0.00299663
-0.0286733
0.0919897
0.135797
0.140772
-0.151791
-0.0271939
0.163579
-0.090977
-0.00473378
-0.157939
0.204635
-0.113281
0.04071
-0.0748375
-0.0948177
-0.0383632
-0.120772
0.185567
0.0990587
-0.209655
-0.0665371
-0.112348
-0.229627
-0.0038592
0.0428017
0.0899984
-0.10562
0.180555
0.107917
-0.0218163
0.160128
-0.114347
0.219873
-0.136821
0.191878
0.191021
-0.150315
-0.103527
-0.0347164
-0.203424
-0.118411
0.0710142
-0.0432136
0.176116
0.0226444
0.0918914
0.105595
-0.205364
-0.140763
-0.0660896
-0.174458
-0.208
-0.100501
0.19758
-0.119828
0.174225
-0.258386
0.0045503
0.149282
0.176167
-0.0648128
-0.139232
-0.104404
0.0866244
0.222935
0.0595248
-0.241556
-0.0324149
-0.155704
0.0191525
-0.077006
0.0671252
-0.170223
-0.103983
-0.0107754
0.195307
0.019677
0.188441
0.171942
-0.139249
-0.105162
0.103659
-0.16929
0.0163141
-0.0776554
0.0731002
-0.0957072
-0.185541
0.181774
-0.0955413
0.111732
0.00839625
-0.0992395
-0.210806
-0.258345
0.180586
0.0995979
0.245702
-0.0976385
-0.0468719
0.126973
0.16656
-0.0562285
0.108308
-0.177855
0.134348
-0.0385624
0.0230212
0.280384
0.0459613
-0.0357328
-0.20453
-0.147404
0.0312604
0.0910332
0.134818
-0.130513
0.0296783
0.0775367
-0.0304896
0.0558446
-0.101514
-0.100015
0.0781303
-0.130831
0.00321565
-0.00552838
-0.147252
0.150703
-0.0249298
-0.0980005
0.193562
-0.0295993
0.218949
0.108244
-0.0891107
-0.234184
0.0351864
0.0556112
0.154574
-0.208473
0.134663
0.212519
-0.0896557
0.0761595
-0.055327
0.0430341
-0.0414287
0.180261
-0.139817
0.0148597
-0.0329325
0.0704438
0.0899801
0.171428
-0.0127914
-0.17623
0.00729751
0.20303
0.144849
-0.0953011
-0.171032
0.0447759
0.048502
-0.1412
-0.185944
-0.0423379
0.0674958
0.172163
0.125742
-0.070879
0.169375
0.0414847
-0.184367
0.182564
0.126314
0.0640088
0.0108394
0.0503725
-0.180455
-0.159133
-0.114508
0.0335093
-0.163668
0.0829189
0.050154
0.147286
-0.122088
0.138798
0.0272157
-0.20044
-0.0978643
-0.0137069
0.0431097
0.114206
-0.189066
-0.205893
0.203909
0.17415
-0.0434193
-0.212874
0.187168
-0.103087
0.232796
-0.175102
-0.0946752
0.090438
-0.135062
-0.0801567
0.0174233
0.0562398
-0.0623219
-0.0123121
-0.0504678
-0.0387692
-0.177023
-0.0425476
0.0694946
-0.0256966
0.0366156
-0.0321026
-0.0346339
0.105219
0.103389
-0.10589
-0.146368
-0.103739
-0.11895
-0.0679908
-0.127398
-0.00827814
-0.208343
0.0739228
-0.190496
-0.141076
-0.0104504
0.241393
-0.149513
-0.165463
-0.0578961
0.245138
-0.0295239
-0.0685468
-0.0489619
0.0676466
0.0350177
0.137458
0.0721995
-0.0356911
0.0263809
0.0417619
-0.0963875
-0.21767
0.0353679
0.242278
0.123629
-0.0166339
0.128009
-0.130301
-0.145688
0.183403
-0.149216
0.12308
-0.0471364
-0.139636
-0.111181
0.18174
0.0169535
0.155916
-0.109779
-0.212169
0.15644
0.058438
0.00525417
-0.0092162
-0.133004
-0.0437103
0.0742826
0.173871
0.181928
-0.0864993
0.026955
-0.129471
-0.00825827
0.16069
0.0826219
0.0851671
-0.10209
-0.0561425
-0.103591
-0.0218973
-0.0367829
-0.310718
0.00416933
-0.157808
0.155161
0.0963615
0.108615
0.0602505
0.181171
-0.0697807
0.0408053
0.185345
0.1249
-0.0740707
-0.134689
-0.0635858
-0.0732137
0.0440744
0.00924869
0.125857
0.0903538
-0.109169
-0.0636553
-0.0372202
0.0883142
-0.213596
0.17009
-0.189588
-0.108352
-0.162256
0.0957091
0.0362897
-0.0812114
-0.300647
-0.0905927
0.0428583
-0.106018
0.0533568
-0.0220616
-0.140169
-0.0218069
0.121873
-0.250958
-0.15546
0.0813407
-0.184183
-0.00224885
-0.199132
0.0588107
0.00285386
0.180414
0.0119787
0.116333
-0.127059
0.0717215
0.129144
-0.107913
-0.0251642
0.154542
0.160122
0.0759593
-0.113825
0.145489
0.0907948
-0.106351
-0.060622
-0.0385224
0.144808
0.0107638
-0.0613692
-0.00345484
0.0759998
0.0227945
0.150315
0.0348477
0.214752
0.167476
-0.0902101
-0.0469299
0.202342
-0.0138277
-0.0919243
-0.106679
0.196601
-0.023346
0.0694217
-0.0729431
0.0960989
0.00937159
-0.117635
0.0252706
0.0705568
0.0975825
-0.0290383
0.12857
-0.209574
-0.00510621
-0.218747
-0.20085
-0.0635046
0.13863
-0.101471
0.0273168
-0.141309
-0.12906
-0.212803
0.10619
-0.124212
0.111838
-0.156456
-0.161589
0.0739363
0.0112913
-0.156972
-0.00650002
0.156595
-0.0655268
0.118383
-0.183985
0.0754156
-0.179275
0.132013
-0.0890276
0.200162
0.0472843
-0.063223
-0.163485
-0.0244092
-0.148997
-0.121858
-0.00476653
-0.294453
-0.170164
0.0419934
0.015725
0.0534013
-0.0107698
-0.0681744
0.0850557
-0.0844752
-0.277121
0.0327238
0.0726152
0.0622137
0.0572445
0.00111527
0.0419151
0.153705
-0.153632
-0.0646832
-0.0509534
0.228208
-0.0667441
-0.131633
0.130076
0.241588
-0.002268
-0.180383
-0.123978
0.0511267
-0.254305
-0.133783
-0.0825746
-0.13625
0.0130712
0.187212
0.0710276
-0.188443
0.0751713
-0.138995
0.222627
0.0422921
-0.169759
0.044489
-0.0184298
0.0609097
0.152343
-0.0843087
0.0812268
-0.0582441
0.189187
-0.139136
0.188709
-0.138426
0.091943
0.143961
0.247691
0.0607832
0.0920647
0.0162403
-0.0968025
-0.035181
-0.16765
-0.00192233
-0.0973261
-0.0933544
0.165525
-0.220253
-0.0244371
0.0417129
-0.257401
-0.181564
-0.0231911
0.220009
-0.0427382
-0.0443135
-0.175583
0.0673012
-0.0628781
0.0450111
0.0846738
0.0944151
-0.2026
0.131513
-0.239474
0.188961
-0.248393
0.259545
-0.218861
-0.0687343
-0.133114
-0.132336
-0.0448828
-0.221102
-0.0499963
0.108623
-0.0293609
-0.165945
-0.02844
0.138648
0.137395
-0.143735
0.0280746
-0.0748839
-0.102887
-0.146986
-0.301592
-0.0512894
-0.00597583
0.0949649
-0.069356
-0.125856
0.104334
0.0898941
-0.0409286
0.0878043
0.0255681
0.127189
-0.124743
0.0566881
0.184634
0.0195307
-0.284564
-0.0132962
0.127607
0.0593744
-0.111977
-0.0432902
-0.0802928
0.0614295
0.0398435
0.137798
-0.00125596
-0.0779485
-0.146656
-0.160089
0.193113
-0.125594
-0.253132
0.0247678
0.171334
0.153495
0.0157822
0.0937823
-0.0497261
0.000804783
0.310169
-0.0489119
0.126894
-0.0234614
-0.160255
0.0415431
-0.0713898
0.131888
0.100285
-0.039495
-0.0772861
-0.219567
-0.061259
0.120247
-0.0308977
0.0542878
0.0470279
0.0977947
0.02967
0.20553
0.104565
-0.0300281
-0.10258
0.165524
0.0686686
-0.116002
-0.0541897
0.128986
-0.0547881
0.0563909
0.0697751
0.0838758
-0.204601
0.0510336
-0.0469998
-0.176012
0.253043
-0.0562011
-0.144992
-0.0834977
-0.102648
0.200469
-0.10877
-0.0623676
-0.237617
-0.064562
-0.0878764
-0.143229
0.043627
-0.0325707
-0.0216136
0.148018
-0.0637481
-0.0974194
-0.143677
0.0662697
0.146113
0.00712802
-0.0959193
-0.207111
-0.0471936
-0.0562274
0.16266
0.178429
0.0257811
-0.0507016
-0.0474815
-0.05598
0.0289646
0.00693096
0.147069
0.137376
-0.112761
0.144058
-0.167915
0.0230158
-0.207266
0.194133
-0.0203723
-0.00539404
-0.0845845
-0.244985
0.00836564
0.0418072
0.0776166
0.0553857
-0.158893
0.0162025
-0.0878082
0.182303
-0.103721
0.0884273
0.00459749
0.0712184
-0.0547479
0.0904105
0.117
-0.0197181
-0.157968
-0.163732
-0.0940292
0.177969
0.184701
-0.0677397
-0.100528
0.0982709
0.178815
0.192857
0.0197017
-0.167048
0.0500015
0.118782
-0.0892653
0.104582
-0.204054
0.0297243
-0.000733673
-0.147738
0.154608
0.174888
-0.0546476
-0.129747
0.181233
0.206745
0.0843225
0.0884915
0.0438964
0.196925
0.00751522
-0.0368621
0.123165
0.0595457
0.147778
-0.138378
-0.271198
-0.0368289
0.138926
0.0518611
-0.0310363
0.18649
0.0855037
-0.0866894
0.0216807
-0.0775002
0.00492474
-0.112697
0.100711
0.0694202
0.100418
0.0943539
0.177272
-0.142688
-0.00357697
-0.0447432
0.180496
0.0778963
0.0833752
0.211004
-0.236389
0.118537
0.0890805
0.127608
0.13443
-0.155205
0.120937
0.0793657
-0.0694256
0.145466
-0.204902
-0.0503839
-0.143949
-0.201181
-0.0140376
-0.0465871
-0.0847575
0.1516
-0.0796223
0.062039
0.0217423
-0.0833348
-0.252843
-0.0455379
-0.0798928
0.179777
-0.166248
0.092845
-0.125648
-0.167657
-0.148876
0.00183449
-0.114954
-0.0554933
-0.0469593
-0.168473
-0.216179
0.179979
0.107898
0.00256939
0.193972
0.036326
-0.0839948
-0.0589289
0.240987
0.165081
0.104798
0.207463
-0.173387
-0.0529662
0.0708543
-0.113182
-0.035228
-0.0258749
0.018483
0.132568
-0.126996
0.153997
0.229393
0.19457
0.018766
0.148651
-0.0578164
-0.00621044
-0.250706
0.146458
-0.109186
-0.117721
0.0505413
-0.17626
-0.0105055
0.244765
0.218194
-0.0113137
0.0182576
-0.0707181
0.160403
-0.164661
0.151444
0.0895896
-0.0658096
0.124665
-0.0592489
-0.0353625
-0.11463
0.0569864
-0.249438
0.185997
0.111342
0.0275348
0.180284
0.0721081
0.00134469
0.0161761
0.0682147
-0.26764
-0.108715
0.07355
0.116737
-0.174212
-0.162702
-0.114342
0.0894135
0.201163
0.16642
-0.146695
0.00367538
-0.119435
0.175742
-0.148929
-0.0973827
-0.0875275
-0.10762
0.251206
-0.0409287
0.150615
0.126051
-0.130115
-0.0738669
-0.0750784
-0.112273
-0.00376457
0.0387759
0.269736
-0.18126
0.0725351
0.00287703
-0.20873
-0.00150795
-0.0804844
-0.115708
0.0152599
0.0906936
0.136904
-0.0396595
0.213729
-0.179919
-0.195754
-0.00365955
0.315425
0.013146
-0.176977
-0.206814
-0.0259049
-0.0754582
0.077684
0.182226
-0.156524
-0.0576058
-0.249625
-0.0125905
-0.0704868
0.0044114
-0.0919092
-0.150399
0.11635
-0.0406909
-0.138423
0.157866
0.129306
0.125908
0.0447537
0.016097
-0.220743
-0.16474
-0.00775057
-0.0654063
-0.0139968
-0.0740638
-0.176376
-0.0495145
-0.0778085
0.0742481
0.105242
0.134705
0.218946
0.188223
-0.0408474
-0.132144
0.0128115
-0.100752
0.0214717
-0.01729
-0.0212219
0.148537
0.154152
-0.112437
-0.0786004
-0.14995
0.0675227
-0.0369716
0.135573
0.174695
-0.145185
-0.0521114
0.115958
0.180826
-0.0405415
-0.208285
0.0936256
0.17423
0.0646203
0.112533
-0.0828913
0.107147
0.183252
-0.0177841
0.0310435
0.0837161
-0.107337
-0.103196
-0.236209
0.15985
0.0156651
0.0519481
0.0792572
-0.129888
0.0220609
0.0638445
-0.0538856
-0.0173408
-0.181529
-0.269578
-0.122604
-0.194773
0.167103
-0.203614
0.133502
0.0063985
0.17963
-0.1131
-0.142219
0.176535
0.167338
0.0554963
-0.0992559
0.0772367
-0.1796
0.0812489
0.0924301
-0.192859
0.0352701
0.0468281
-0.126428
-0.166748
-0.0773828
-0.0621208
0.17176
0.024684
-0.133164
0.0352171
0.0668241
0.0821828
0.230486
0.158848
0.10423
-0.250775
-0.154165
0.125851
-0.0129817
0.0379069
0.00635677
0.187649
0.146763
-0.067709
-0.178349
-0.0986612
0.0633136
-0.169771
0.0691726
-0.0923759
0.0391294
0.060954
-0.0438854
0.17386
0.12207
0.10025
0.0183984
-0.0354832
-0.0377288
0.00310544
0.0297028
-0.0990316
0.0986986
0.0335635
-0.0216019
0.120272
-0.110797
0.0541731
-0.292864
0.113893
0.107074
-0.134497
-0.00349042
-0.0867101
0.0329459
0.0564573
0.00273341
0.13601
-0.152192
0.109479
-0.0972849
0.0331708
-0.012803
0.082685
0.0211595
0.0973061
-0.0982779
-0.228058
0.216384
-0.137673
0.158243
-0.0417846
-0.190366
0.169421
-0.0304788
0.139758
0.0859323
-0.0165541
0.113267
0.0347609
0.18784
0.0476826
0.0143604
-0.0755591
0.0495433
-0.177702
0.0444548
0.0276854
-0.0117312
0.102424
-0.0116666
-0.0292323
0.142483
-0.132962
-0.127407
0.25891
-0.0875049
0.11289
-0.139465
0.0675128
-0.0997931
0.158281
-0.221197
0.23768
0.102647
0.150962
0.13729
0.133555
0.049869
0.0846458
-0.148226
0.124182
0.126453
-0.156752
0.130238
0.179269
-0.112408
-0.0165779
0.00604394
0.144764
0.126953
-0.110137
0.261207
0.128329
0.0332808
-0.160535
-0.11428
0.0265959
-0.146646
0.134667
-0.128141
-0.128257
0.192693
-0.166473
0.128929
0.102579
-0.192498
-0.0818402
-0.227526
0.093263
0.0198811
-0.201979
0.0323808
0.0855028
0.148317
-0.025044
0.241418
0.0297942
0.0676495
-0.214739
0.0631251
-0.029616
0.0405361
0.188515
0.119764
0.131159
0.00748051
0.0552775
0.147646
-0.217296
-0.141893
0.0827599
0.0357038
0.126979
0.0877559
-0.209241
-0.0886542
-0.109499
-0.106791
0.0124596
-0.126191
-0.16062
0.217712
-0.105762
-0.0889086
-0.00992
0.077547
0.119472
-0.0812659
0.112537
-0.0564076
0.0295354
0.165478
-0.0551711
0.181856
-0.100376
-0.122276
-0.00382817
-0.21288
-0.13438
0.0469559
0.106656
-0.0161277
0.0324257
0.0272857
-0.191265
0.14272
0.112068
-0.118783
-0.118309
-0.14076
-0.0590837
0.0488778
0.257434
-0.1266
0.168178
-0.0990756
0.0999653
-0.173023
-0.125967
0.158447
-0.0587943
0.311638
0.00124046
-0.127348
0.091705
0.265916
0.197785
0.0156633
0.156662
-0.121388
-0.219582
-0.110019
-0.0867235
-0.0269655
-0.0889167
0.184954
-0.161713
-0.115605
-0.050331
0.0520116
-0.203573
0.0456243
-0.124616
-0.128188
-0.0106246
0.218149
-0.0697311
0.21568
-0.135847
0.198648
-0.195663
-0.0149677
-0.157081
-0.0685801
0.0117504
-0.17714
0.18688
-0.179879
-0.158723
0.00369568
0.0422433
0.146504
-0.176822
0.1916
0.112718
-0.100582
0.0194373
0.069681
-0.148875
0.112716
888888
0.0487744
0.0448907
0.0462605
0.0575735
0.0479283
0.0485175
0.0514993
0.0451412
0.0559971
0.0514883
0.0487465
0.0411888
0.0544964
0.0427399
0.0490536
0.0503044
0.0530258
0.055458
0.0499346
0.0511125
0.0580692
0.0458956
0.0547826
0.0456362
0.0479321
0.0513724
0.0594832
0.0624775
0.05193
0.0433303
0.0640448
0.0509841
0.0452552
0.0495785
0.0570916
0.0439262
0.0461034
0.0485953
0.0655939
0.0470026
0.0534992
0.0519531
0.0534388
0.0518725
0.0447563
0.0640593
0.0398769
0.0402243
0.0500583
0.0463316
0.0443547
0.0441525
0.043226
0.0612484
0.0507734
0.0508859
0.0441687
0.0473988
0.0513719
0.0558164
0.0478871
0.0453916
0.0452405
0.055534
0.0473334
0.054766
0.0508935
0.0486057
0.0553289
0.0513808
0.050986
0.041012
0.053412
0.0446532
0.0474586
0.0549922
0.0469179
0.0480198
0.0585079
0.0460215
0.0552483
0.0536759
0.0404658
0.05124
0.0473652
0.0465703
0.0434368
0.0441116
0.0499703
0.0611692
0.054477
0.0492104
0.0434879
0.0473696
0.0475628
0.0492946
0.0494409
0.0418482
0.0537825
0.0542982
0.0487282
0.0523896
0.0527588
0.0521321
0.0446478
0.0519863
0.0557592
0.0606193
0.0514673
0.0419005
0.0521705
0.0668448
0.0485331
0.0470781
0.0574038
0.0552408
0.0521247
0.0558894
0.0490312
0.0605759
0.0509857
0.0524207
0.0512313
0.0421827
0.0428302
0.0466498
0.050063
0.0450699
0.0416173
0.0466015
0.0427596
0.0644479
0.0584395
0.0549051
0.0458369
0.0438691
0.0476701
0.0497291
0.055759
0.0547854
0.0639722
0.044785
0.0528395
0.0582389
0.0487398
0.0580148
0.0524514
0.0501776
0.0473037
0.0497988
0.0518187
0.0579094
0.0418588
0.0599257
0.0487701
0.0529252
0.0458611
0.0510139
0.0464711
0.0454372
0.0561675
0.0563542
0.0525093
0.0521789
0.0411077
0.0425259
0.0436033
0.0589004
0.054995
0.0521528
0.0600693
0.0544586
0.0550722
0.0441469
0.0492642
0.0522723
0.0556546
0.0470663
0.0572053
0.0598221
0.0503343
0.0535485
0.0613961
0.0619617
0.0438734
0.0451385
0.0529414
0.0398204
0.052024
0.0439895
0.0584442
0.0528263
0.0514264
0.0549102
0.0578928
0.0509663
0.0410399
0.0532741
0.0550929
0.0514926
0.0579997
0.0487043
0.0556347
0.0566054
0.045049
0.0466862
0.0542716
0.0461365
0.0473723
0.0570843
0.0647577
0.0381464
0.0465898
0.0557342
0.0469005
0.0556043
0.044978
0.0581767
0.0567163
0.0559027
0.0412815
0.0537277
0.0580031
0.0555797
0.0479047
0.0572638
0.0507928
0.0540267
0.0461031
0.0480983
0.0449256
0.0520427
0.0552396
0.048742
0.0459593
0.0493335
0.0518802
0.0484257
0.0615559
0.0486809
0.0532188
0.0460901
0.0428715
0.0547303
0.0546738
0.0393688
0.0448872
0.0615018
0.0577292
0.0475946
0.0464456
0.051923
0.0517341
0.0478976
0.0443364
0.0537954
0.0520758
0.0644584
0.055789
0.0621073
0.0446974
0.0555744
0.0379825
0.0623718
0.0460006
0.0449231
0.0492168
0.0554663
0.0501314
0.0531584
0.0534267
0.0460043
0.0425342
0.0501403
0.0493565
0.0515932
0.0528565
0.0375987
0.0495339
0.0451435
0.0520608
0.0497066
0.0449332
0.0496767
0.0487083
0.0530345
0.0487745
0.0511904
0.0527014
0.0504086
0.0408059
0.0470322
0.0529007
0.044105
0.0444769
0.0424597
0.0611379
0.0437888
0.0612237
0.0578815
0.0521985
0.0544137
0.0504425
0.0498642
0.0516939
0.0437641
0.0513259
0.0504225
0.0516154
0.0453625
0.0472496
0.0550369
0.0500285
0.0505419
0.053362
0.0446406
0.0510129
0.063546
0.0469916
0.0523845
0.0470281
0.0502276
0.0467298
0.0526566
0.0485024
0.0546128
0.0402762
0.0492163
0.0451288
0.046385
0.0491785
0.0455128
0.0558376
0.0446907
0.0431806
0.0459317
0.0490415
0.0490929
0.045689
0.0470159
0.0515554
0.0616252
0.0510852
0.055926
0.0416689
0.0471978
0.0492585
0.0415157
0.0430401
0.0446937
0.052908
0.050739
0.0469333
0.0524518
0.0443178
0.0467936
0.0560305
0.0531735
0.0568475
0.0496342
0.0574486
0.0560774
0.0560376
0.0595124
0.0475183
0.0448492
0.057538
0.0492305
0.0498681
0.0486597
0.0497476
0.0488196
0.0566162
0.0506649
0.0556511
0.0489496
0.0404736
0.041978
0.0529759
0.0612488
0.0584963
0.0459302
0.0475421
0.0602769
0.0542054
0.0434332
0.0523346
0.0451492
0.0468407
0.0566092
0.0474816
0.0529657
0.0485047
0.0491416
0.0527005
0.0508975
0.0548646
0.0562549
0.0541446
0.0451786
0.0509274
0.0511115
0.0476969
0.0499352
0.0440649
0.0480656
0.0497413
0.0449254
0.0450641
0.0415923
0.0578109
0.0475857
0.0591852
0.0485252
0.0489829
0.0464178
0.0445421
0.0519422
0.0540517
0.0442393
0.0507031
0.0523802
0.0552434
0.0578243
0.0483192
0.0554453
0.0467741
0.0385778
0.0490737
0.0524109
0.0451768
0.0439761
0.0473254
0.0476152
0.0565757
0.0508886
0.0448342
0.0545596
0.0561241
0.0576268
0.0449381
0.0527753
0.0458874
0.0486331
0.0488325
0.0470735
0.0456715
0.0477692
0.056952
0.0647724
0.046899
0.055788
0.0518376
0.0424615
0.0484028
0.0581762
0.0516721
0.0547483
0.0544499
0.0452042
0.0464072
0.0559028
0.0539706
0.053078
0.0460881
0.0526371
0.0482653
0.0432901
0.0407707
0.0519158
0.047019
0.0458029
0.0538542
0.0477495
0.0485937
0.0466519
0.0599909
0.0486908
0.046318
0.0513026
0.0577107
0.0521984
0.0468662
0.0536048
0.0458285
0.0482661
0.0454305
0.0510211
0.0432696
0.0478052
0.0487878
0.0519388
0.0489595
0.0452763
0.0406634
0.0517134
0.0412368
0.0511209
0.0529667
0.0506215
0.0424037
0.0464677
0.0466067
0.0478427
0.0504078
0.0542561
0.0493888
0.0562666
0.0479171
0.0457342
0.0531639
0.0533369
0.0522955
0.048947
0.0635964
0.056998
0.0436665
0.0509495
0.0553033
0.0510321
0.0466839
0.0472382
0.0473675
0.054263
0.0549429
0.0609342
0.0540495
0.0464357
0.0558999
0.0458166
0.0660344
0.0503176
0.0393862
0.0490411
0.0495661
0.0481079
0.0600012
0.0515917
0.0507264
0.057015
0.0464117
0.0565342
0.0524428
0.0511309
0.0451543
0.0466692
0.0532132
0.0478957
0.0592553
0.0520611
0.0487562
0.0541838
0.0434636
0.0604268
0.0516778
0.0503581
0.0425215
0.0464629
0.0566456
0.0542932
0.0514396
0.0501435
0.0444561
0.0504892
0.0483485
0.0526088
0.0476496
0.0416889
0.0500045
0.0451634
0.0442512
0.0566658
0.0503876
0.048167
0.0592651
0.0484991
0.0651256
0.0568294
0.0513107
0.0547174
0.0433659
0.0555695
0.0441911
0.0515656
0.0503649
0.0443468
0.0488698
0.0421848
0.0572488
0.0491815
0.0414537
0.0467633
0.0502682
0.0513189
0.0439238
0.0606753
0.0522325
0.0396673
0.0595546
0.0563147
0.0485605
0.0508449
0.0471225
0.0560253
0.0527266
0.053017
0.0397232
0.0497236
0.0501413
0.0516559
0.0528435
0.0502733
0.0448817
0.0523807
0.0509741
0.0503647
0.0430252
0.0617034
0.0526175
0.0545711
0.0447719
0.0517732
0.0556188
0.05499
0.0468005
0.0592077
0.0470436
0.0491387
0.053642
0.0452571
0.0545683
0.0482657
0.0489877
0.0527943
0.0495369
0.044178
0.0537477
0.0386257
0.0607716
0.0557796
0.047712
0.0473853
0.0528714
0.0607368
0.0482771
0.0635945
0.0541415
0.0523818
0.0436481
0.0528059
0.0522155
0.043847
0.0499512
0.0501846
0.0502291
0.0531171
0.0521126
0.0512505
0.0525626
0.0643808
0.0561804
0.0470188
0.0545891
0.0410103
0.0536705
0.0526859
0.0532683
0.0487708
0.0584775
0.0465269
0.0499288
0.0401025
0.050148
0.0600634
0.0596714
0.0534832
0.0463686
0.040771
0.0519832
0.0498263
0.0480275
0.0582513
0.0552226
0.052199
0.0521557
0.0476505
0.0401976
0.0457197
0.0620606
0.0553439
0.0508402
0.0481041
0.0546306
0.0406444
0.0595902
0.0549588
0.0430911
0.0405202
0.0481083
0.0523751
0.0549662
0.051369
0.0537466
0.0515062
0.0580032
0.0548248
0.0478192
0.0509126
0.0510343
0.0451465
0.0527184
0.0522335
0.0545054
0.0486963
0.0536415
0.0546908
0.0440844
0.0548378
0.0528802
0.0465929
0.0471125
0.0533953
0.0557709
0.0507384
0.046911
0.0529417
0.0525425
0.0496923
0.0475865
0.0677927
0.0551627
0.0491831
0.0537385
0.0470143
0.0558382
0.0527987
0.0556642
0.0501811
0.0572885
0.0527316
0.0499485
0.0451214
0.0439689
0.0577023
0.0467694
0.0482387
0.0467876
0.0484551
0.0544878
0.0514915
0.0433467
0.0478642
0.0468045
0.0508917
0.0532469
0.0552453
0.0580553
0.0430516
0.051343
0.042707
0.051913
0.049439
0.0562242
0.0499581
0.0469161
0.0498102
0.0541969
0.0455582
0.0465188
0.0492447
0.0492151
0.0524768
0.0467691
0.051828
0.0486443
0.0420119
0.0560398
0.055227
0.0544164
0.0654479
0.0453648
0.0451384
0.0497538
0.0561287
0.0499105
0.049436
0.0641166
0.0527456
0.0543664
0.0546844
0.0509338
0.051027
0.0502631
0.0537457
0.0467858
0.054429
0.0505869
0.0506004
0.0564143
0.0507221
0.0510037
0.0598308
0.0482986
0.0525618
0.0528143
0.0415403
0.0522991
0.0458943
0.0485681
0.0522776
0.0498221
0.0478003
0.0460581
0.0575722
0.0414863
0.0507291
0.0447573
0.047791
0.0497427
0.0500003
0.0527083
0.0618817
0.0485746
0.0616042
0.0425297
0.0479265
0.0432788
0.0588878
0.0514272
0.0547371
0.0517121
0.0511943
0.0553419
0.041292
0.0536676
0.061387
0.0495293
0.0538523
0.0560118
0.050413
0.066064
0.0459538
0.0521429
0.0471262
0.036487
0.058379
0.0469234
0.0416306
0.0414393
0.0453666
0.0397827
0.0613791
0.0539964
0.0460016
0.0447042
0.0561611
0.050423
0.0453904
0.0403352
0.0498561
0.0554107
0.0517585
0.0581991
0.0502347
0.0530268
0.0540913
0.0558832
0.0530962
0.0520748
0.0471221
0.0525507
0.0559209
0.0534238
0.0635282
0.0449528
0.064222
0.0511462
0.0460421
0.0448048
0.0523606
0.049766
0.0456411
0.0435162
0.0438503
0.0538636
0.0504255
0.0545599
0.0532777
0.0577921
0.0504578
0.0522851
0.041619
0.0457304
0.0523607
0.0552367
0.0532288
0.0439471
0.0527683
0.0437977
0.0590127
0.0481335
0.0587798
0.0482259
0.0509875
0.059925
0.0482713
0.0541738
0.0497165
0.0437737
0.0596439
0.0480218
0.0533314
0.0523382
0.0514879
0.0643558
0.0676693
0.0452385
0.0462956
0.0646067
0.0603439
0.0546074
0.043198
0.0466381
0.0543245
0.061025
0.0398312
0.0510094
0.0503808
0.0522805
0.0509962
0.0468175
0.0480338
0.0560544
0.0608819
0.0426391
0.0552463
0.0438739
0.0551444
0.0458979
0.0391604
0.053503
0.060374
0.0522252
0.0494809
0.0442353
0.0407325
0.0500557
0.0471152
0.0497319
0.0448896
0.0425981
0.0523348
0.0433741
0.0554228
0.0486652
0.0530089
0.0512845
0.0494795
0.0543407
0.0533685
0.0577238
0.0482634
0.0475176
0.0608614
0.0604405
0.0513266
0.0513069
0.0492569
0.0509997
0.044111
0.0542331
0.0528946
0.0478389
0.0581917
0.0516911
0.0496338
0.0550532
0.0518039
0.0555414
0.0499801
0.0543497
0.0490014
0.0538723
0.0540989
0.0458503
0.0410504
0.0419147
0.0497369
0.0441637
0.0639005
0.0535966
0.0484555
0.0472451
0.0514739
0.0463272
0.05482
0.0504529
0.0557418
0.0482117
0.0489039
0.0520014
0.0521862
0.0501046
0.0470957
0.0439155
0.0427705
0.0475888
0.0558254
0.0589355
0.0526411
0.0549794
0.0485346
0.0528048
0.0560018
0.0427977
0.0512662
0.0560951
0.0552026
0.052632
0.0463888
0.049458
0.0577905
0.0502546
0.0651845
0.0516119
0.0435833
0.0510789
0.0437186
0.0495959
0.0451027
0.0532885
0.0563741
0.0563581
0.0501024
0.0401045
0.0495387
0.0583875
0.0564396
0.0631006
0.0460937
0.0567089
0.0512277
0.0531498
0.0507045
0.0552494
0.0523425
0.062945
0.0457263
0.0529037
0.054879
0.0492523
0.0518503
0.0569165
0.0672025
0.0466254
0.0461923
0.0412649
0.0450434
0.063021
0.0543969
0.0595377
0.0537973
0.0511249
0.0459298
0.0451223
0.0422943
0.047545
0.0527654
0.0523904
0.0542072
0.0509122
0.0572195
0.0558263
0.0500429
0.0553277
0.0459432
0.0532923
0.0599887
0.0561503
0.0471704
0.0440679
0.0566853
0.0498243
0.0484497
0.0495104
0.0538165
0.0547554
0.0448342
0.0480816
0.049682
0.0433403
0.0515084
0.0430535
0.051964
0.0515915
0.0455081
0.049853
0.0492252
0.0459273
0.0535697
0.0378624
0.044338
0.0408739
0.0437455
0.0503196
0.0403765
0.0592715
0.0436868
0.0486518
0.0551939
0.0468586
0.0537822
0.0485947
0.0479984
0.0584035
0.0553151
0.0471308
0.0468239
0.0420094
0.0518742
0.0474076
0.0464667
0.0488065
0.0566372
0.0417483
0.0540248
0.0556934
0.0463492
0.0397224
0.0424526
0.0532353
0.0529408
0.0498517
0.0523435
0.0491615
0.0524771
0.0464645
0.0598808
0.0492896
0.0587097
0.0453462
0.0500531
0.0558027
0.0489267
0.0485264
0.057502
0.0521441
0.0560945
0.0551437
0.0567715
0.0647749
0.0549318
0.0523228
0.0561658
0.0556542
0.0441623
0.0489648
0.0540026
0.0448384
0.0543518
0.0499638
0.0591498
0.0425363
0.0483371
0.0613141
0.0404037
0.0584146
0.0481882
0.0554492
0.0573531
0.0514528
0.0574783
0.0565883
0.0653917
0.0460789
0.0472312
0.0531925
0.0448135
0.0440467
0.0594383
0.055508
0.055508
0.0514565
0.0466126
0.0546577
0.0558303
0.054022
0.05361
0.0406262
0.0497822
0.0496606
0.0559561
0.0523492
0.0520272
0.0541606
0.0460559
0.0501232
0.0533255
0.046869
0.0436878
0.0488161
0.0539494
0.0468997
0.0487147
0.0441848
0.0554195
0.0580799
0.0485482
0.042638
0.046612
0.0545905
0.0479625
0.0529433
0.0437102
0.0537494
0.0508473
0.050005
0.0499847
0.0576562
0.0456915
0.0492732
0.050209
0.0454501
0.0504824
0.0515028
0.0472796
0.049971
0.0566246
0.0588234
0.0559816
0.0603333
0.0498184
0.0492122
0.0534199
0.0590177
0.0494221
0.0548986
0.051701
0.0506164
0.0513069
0.0407285
0.0491949
0.0557606
0.0512056
0.0523239
0.0466175
0.0457469
0.06272
0.0496214
0.0501025
0.0417716
0.0494833
0.0498865
0.0443441
0.0534203
0.0530602
0.0570308
0.0441029
0.0465303
0.0536104
0.057271
0.0650175
0.0502785
0.0453364
0.0491813
0.0509551
0.0476026
0.0528482
0.0429782
0.0538116
0.0474269
0.05553
0.0503135
0.0501331
0.0516245
0.05039
0.0384943
0.0572402
0.0427112
0.0574314
0.0492029
0.0537576
0.060535
0.0481725
0.0576296
0.0449367
0.0386124
0.0551178
0.0435601
0.053866
0.0528948
0.0576563
0.0509612
0.0424672
0.0508448
0.051642
0.0580438
0.0472759
0.0457614
0.0643324
0.0518644
0.0686192
0.0541772
0.0463121
0.0470069
0.0491102
0.0625268
0.0502488
0.0445045
0.0402912
0.0435264
0.053137
0.0535314
0.0402009
0.0516536
0.0505948
0.0438525
0.0430933
0.056019
0.0483779
0.0504705
0.0525351
0.0509314
0.0494156
0.0496748
0.0549313
0.0610519
0.0560103
0.0448522
0.0516881
0.0521305
0.049887
0.0567189
0.0502845
0.0505419
0.0447183
0.0461547
0.0444868
0.0451398
0.0569043
0.0531046
0.0490572
0.0468321
0.0530426
0.0481509
0.0461517
0.0466843
0.0479391
0.0558106
0.0603065
0.0592113
0.0467728
0.0427225
0.0539718
0.0486397
0.0542548
0.0529296
0.0470343
0.0416676
0.0504365
0.0466902
0.0495763
0.045367
0.0452664
0.0657672
0.0403069
0.0598285
0.0367655
0.0515326
0.0469902
0.0614661
0.0520785
0.0534982
0.0551759
0.0446034
0.0599262
0.0434612
0.0587529
0.0513205
0.0565009
0.0539646
0.0434718
0.0478615
0.0470439
0.0428779
0.0504221
0.0454774
0.046015
0.0515717
0.0417797
0.0511641
0.0487511
0.0507643
0.0576535
0.0482775
0.046899
0.0478633
0.0487706
0.0525588
0.0478508
0.0440373
0.0508186
0.0489503
0.0476168
0.0452654
0.0407843
0.052967
0.0434451
0.045286
0.0431171
0.0535639
0.0560258
0.0525186
0.0540015
0.0453717
0.057514
0.0579056
0.0516261
0.0510283
0.0414667
0.0497581
0.0420267
0.0505978
0.0506178
0.0604789
0.0603802
0.0493005
0.0555585
0.0530867
0.0518757
0.0517906
0.0573807
0.0424377
0.0493275
0.053403
0.0415511
0.0534517
0.054932
0.047121
0.0540877
0.0489092
0.0519443
0.0471164
0.0471882
0.0478556
0.0440619
0.0535898
0.0533491
0.0563052
0.0491177
0.0467053
0.0571973
0.0519645
0.0535793
0.0626528
0.0448516
0.0523024
0.0532535
0.0544294
0.061519
0.0543401
0.0595824
0.0529384
0.0483747
0.0634257
0.0519704
0.0467691
0.0509465
0.0563905
0.0487055
0.0401571
0.04661
0.0560891
0.0549773
0.0470609
0.0604393
0.0512501
0.0441632
0.0472057
0.0482231
0.0535293
0.0471908
0.0454595
0.0474648
0.0566753
0.0543677
0.0423701
0.0529287
0.0484015
0.0572551
0.051602
0.0507192
0.0525221
0.0404951
0.0490894
0.0529391
0.0505108
0.0387021
0.0516781
0.0465432
0.0466552
0.0365975
0.0590443
0.049005
0.0492745
0.0431888
0.0467956
0.0502618
0.0524017
0.0580071
0.0432632
0.049159
0.0537742
0.0491013
0.0558794
0.0556841
0.0518199
0.0627226
0.0502326
0.037608
0.0563168
0.048114
0.04836
0.0438942
0.0505739
0.0444185
0.0451311
0.0495364
0.0545362
0.0613991
0.0558844
0.0488014
0.0566956
0.0579495
0.058297
0.0470349
0.0539523
0.048749
0.0505432
0.0495449
0.057608
0.0540808
0.0525942
0.0602723
0.0438371
0.0508321
0.0468092
0.0536448
0.0548575
0.0402532
0.053683
0.0524164
0.0545581
0.0486502
0.0484265
0.0547653
0.0472108
0.0396651
0.0544229
0.0512904
0.0526471
0.0439418
0.0512726
0.0428574
0.0427668
0.055682
0.0543061
0.0574037
0.0495187
0.0470638
0.0395812
0.0423627
0.0546143
0.0601676
0.0499136
0.0452426
0.0442184
0.0508217
0.0571119
0.0540687
0.0435434
0.0461033
0.0514758
0.0547775
0.0446397
0.0529625
0.0512149
0.0428289
0.0521115
0.0488922
0.0524288
0.052742
0.0508753
0.0487835
0.0399796
0.0409826
0.043401
0.0518572
0.0468709
0.0568253
0.0604142
0.052878
0.047805
0.0398165
0.0500438
0.059347
0.05771
0.0607768
0.0565778
0.0497676
0.0497729
0.0493793
0.0488035
0.0495116
0.0461421
0.0528721
0.0552924
0.0447506
0.0559576
0.0580069
0.0473989
0.0494802
0.0515301
0.0554342
0.0454604
0.0509361
0.0477367
0.0475025
0.0445818
0.0450575
0.0504258
0.0547718
0.0574777
0.0438576
0.0379443
0.0588464
0.0641405
0.0489072
0.0523513
0.0470247
0.0556165
0.0534823
0.0520109
0.0499359
0.0496391
0.0427792
0.0499597
0.0487933
0.0453253
0.0529016
0.053495
0.0483154
0.0592567
0.0524853
0.0476992
0.0467863
0.0497811
0.0611801
0.0523044
0.0576871
0.0415438
0.0433838
0.0445005
0.0454058
0.0593533
0.0537353
0.0442706
0.0545202
0.0408124
0.0461164
0.0594013
0.0510186
0.0578343
0.0433707
0.0555052
0.0434584
0.0509599
0.0382604
0.0528134
0.0442759
0.0598674
0.0420662
0.0564044
0.0496033
0.0433103
0.0569038
0.0538238
0.049231
0.0603064
0.0513541
777777