2.35055
999999
0.172849
-0.00852039
-0.0963473
0.0491806
-0.0726122
0.177002
-0.0568548
0.219672
-0.269207
-0.0863151
-0.0989616
0.0110732
-0.114869
0.0431443
0.143479
-0.16862
0.220988
-0.0789361
-0.0875781
-0.0228137
0.0463394
0.00164473
-0.00594474
0.0448891
0.138012
-0.117054
0.192566
-0.185683
0.0985223
-0.191457
-0.239309
0.0590257
-0.255355
0.0274627
0.0840017
-0.0838552
0.292593
-0.0784044
0.00755946
0.00137293
0.151685
-0.136509
0.0576365
0.00365419
0.110161
0.0769728
0.0635877
0.15514
0.14616
0.0124064
-0.146668
-0.0465059
-0.0750974
-0.0803264
0.0407631
-0.149387
-0.23721
0.209908
-0.129987
0.0707141
0.0762403
-0.0108535
0.240775
0.021476
-0.106382
-0.324965
0.126054
-0.0637151
-0.0675961
0.0797272
-0.222644
-0.124006
0.0198298
0.156034
0.0508679
0.248066
-0.0370604
-0.130202
-0.0701311
-0.0313146
-0.0219629
-0.0956281
-0.30424
0.0610904
-0.120523
0.150856
-0.0833144
-0.0831486
-0.18641
0.188757
-0.207633
-0.0577474
0.20335
0.123044
0.282648
0.0591783
0.109974
-0.205898
0.0412179
-0.0654508
0.0086196
-0.110696
0.0899093
-0.00621897
-0.0464257
-0.059019
-0.203342
-0.0458922
-0.184859
-0.200741
-0.038179
0.289012
-0.101149
0.129858
-0.186036
-0.00311765
0.178795
0.172901
-0.0734511
0.0270824
-0.321125
0.191526
-0.0720502
-0.114851
-0.0875427
-0.0430848
0.0143268
0.128129
-0.20521
0.00012156
0.087279
-0.139482
-0.0883157
0.114561
0.182655
0.0648714
-0.000668094
-0.186038
-0.244841
-0.172069
-0.191021
-0.0524977
-0.191783
0.175994
-0.220641
-0.0617313
0.00135326
0.197882
-0.0890297
-0.0387332
0.226337
0.0608101
0.106939
-0.0012694
0.152157
-0.0619556
0.138707
-0.239651
0.0777159
0.081162
-0.162739
0.152658
-0.27487
0.337532
0.152859
-0.210243
0.0545576
-0.0986144
-0.134927
0.173874
-0.0210628
0.0806971
-0.172094
-0.102534
0.0422588
-0.034253
-0.0134127
-0.0426277
-0.0691711
-0.129785
-0.100073
-0.0209441
-0.101751
-0.0420077
-0.0314493
0.0976277
0.0044205
0.0877305
-0.175685
-0.193089
-0.00705804
0.0429007
0.0892699
-0.156671
0.0113075
0.0185982
0.0168508
0.100289
0.101592
-0.124318
-0.089989
0.0263539
0.0655638
0.0322439
0.0283285
0.0832794
0.136938
0.121407
-0.131518
0.133692
-0.110329
-0.11828
0.134861
-0.0562725
-0.00771348
-0.0832276
-0.173014
-0.043753
-0.0829818
-0.00797904
0.115146
-0.108924
-0.0921241
-0.0762531
-0.100487
0.0328265
-0.147505
0.336158
0.003535
0.0668406
-0.118603
0.214138
0.110633
0.00314547
-0.141487
0.123624
0.153324
-0.137189
0.0950509
-0.278308
0.0590874
-0.0284116
0.226307
0.164242
0.247584
0.164122
-0.0919821
0.0526197
-0.28961
-0.0108391
0.00360179
-0.119818
-0.120724
0.152351
0.0247856
-0.157331
-0.0451137
-0.0856767
-0.0625566
-0.071733
0.134018
-0.0216848
0.178508
-0.298143
0.141012
0.157473
-0.269497
-0.0710926
-0.0206728
-0.162036
0.0283806
0.0472394
0.00366482
0.219118
-0.139848
-0.119905
-0.140254
0.0130208
-0.0725613
0.236728
0.0866476
-0.189674
0.357577
0.198666
-0.0197672
0.0667515
-0.245703
0.101985
-0.0885508
0.147822
0.125331
-0.0262684
0.0921809
0.0370205
-0.0962468
-0.120109
0.180477
0.109291
-0.0845546
-0.237544
-0.155808
-0.104082
-0.129415
-0.0345796
-0.120988
0.0768359
-0.0225293
0.0880677
0.0141181
0.0118442
-0.0117602
-0.032152
-0.00901851
0.143083
0.16213
0.0426416
-0.195719
0.0183529
0.298491
-0.190954
-0.101825
0.117286
0.135377
-0.0401507
-0.182674
-0.239178
0.230655
0.21257
0.189145
0.110073
-0.261064
-0.232032
-0.183224
-0.0705559
-0.156235
0.00430806
-0.0410761
-0.00195792
0.179269
-0.172626
-0.274882
-0.0740406
-0.0260517
-0.0505839
0.120567
0.138884
0.159829
0.0834081
0.115095
0.0230199
0.245324
0.0991848
-0.212336
0.0948234
-0.126793
0.122732
-0.0792202
-0.0686872
0.0506962
-0.0199464
0.12791
0.0103911
0.17723
-0.0199655
0.0798105
0.158772
-0.265733
0.273106
0.0456668
-0.0876537
0.26365
0.178003
-0.143816
-0.221348
0.171488
-0.0671188
-0.0184943
-0.0561158
-0.11723
0.0248163
0.0153144
0.191859
0.0483667
0.130318
-0.0106701
0.0460207
-0.145952
-0.149816
-0.0715283
0.0562304
0.124254
0.142451
0.186194
-0.0706945
0.0402447
-0.155875
-0.114027
0.112634
0.152403
-0.00436637
0.00260516
0.0157568
0.146384
0.011316
0.180663
-0.0507713
0.221794
0.0989274
-0.000186908
-0.0659876
-0.196985
-0.136124
-0.196974
-0.154159
-0.16104
0.318235
-0.0765846
-0.0261535
0.0803728
-0.183781
0.0663419
0.136315
-0.143635
-0.0577822
-0.112427
0.0409596
-0.0621623
-0.0927874
0.0482428
-0.0522842
-0.0191464
-0.112269
-0.0247079
0.2298
0.0798339
0.0321582
-0.00693036
0.242867
-0.0222672
0.0262057
-0.0618119
0.0345452
-0.0190844
0.0358833
0.023047
-0.14881
0.0841712
0.212801
-0.190998
0.33361
-0.0493512
-0.0229385
-0.097719
-0.180863
0.092915
0.12066
-0.121246
0.00647973
-0.288886
-0.208837
0.117599
-0.0525989
-0.0688554
-0.0245616
0.0281649
0.191904
0.191994
-0.206431
-0.00587983
0.152281
-0.0373572
0.126659
-0.28192
0.211262
-0.232977
0.013026
-0.075036
0.00232556
-0.0357701
-0.0657248
0.317926
0.0679323
-0.153781
-0.00876362
-0.103752
-0.187978
-0.0180178
0.0352853
0.0865901
-0.159312
0.180647
0.100066
0.064941
0.213836
-0.157391
0.314317
-0.174735
0.185068
0.226539
-0.20598
-0.148964
-0.0704346
-0.197124
-0.0582782
0.0724303
-0.00756435
0.232319
0.00514485
0.0618766
0.0923364
-0.292048
-0.146197
-0.147622
-0.14042
-0.224048
-0.103555
0.216172
-0.050498
0.127537
-0.210744
0.0772604
0.141882
0.173374
-0.0641987
-0.133589
-0.238571
0.0954458
0.234596
-0.036524
-0.166228
0.00794553
-0.100336
-0.0582894
-0.0418123
0.192085
-0.164347
-0.125141
0.00763101
0.189595
0.0539512
0.198146
0.206319
-0.0885745
-0.107233
0.123013
-0.169254
-0.0460806
-0.08742
0.0637691
-0.0972618
-0.194136
0.204288
-0.0133136
0.0189387
-0.0394229
-0.022835
-0.199547
-0.294397
0.0569289
0.139986
0.169511
-0.132155
0.0441868
0.184234
0.17599
0.0303041
0.0915654
-0.186181
0.15024
-0.0304703
0.0528265
0.257176
0.00820948
-0.0585234
-0.387422
-0.217956
0.0634177
0.134039
0.137516
-0.189962
0.0165444
0.100814
-0.00530445
0.163138
-0.180278
-0.0311281
0.139644
-0.189145
0.0704175
0.000154488
-0.0834411
0.215457
-0.00131439
-0.0331021
0.144026
-0.0432493
0.261725
0.165953
-0.0891497
-0.175533
-0.0156042
-0.0377325
0.157543
-0.00263288
0.0876359
0.202602
-0.162465
0.0525253
0.00652884
0.0314324
-0.113777
-0.00592749
-0.182213
0.0199556
-0.0618573
0.0737966
0.111892
0.219689
0.033035
-0.110639
-0.0422743
0.159714
0.130304
-0.0733419
-0.18163
-0.0401917
0.0153961
-0.114048
-0.251289
0.029987
0.140163
0.186854
0.0603501
0.00964522
0.199154
-0.0235032
-0.217951
0.169527
0.145927
0.0453947
-0.0487571
0.118692
-0.109517
-0.144683
-0.157563
-0.00601366
-0.298119
0.0658625
0.061147
0.208302
-0.0911227
0.144416
0.0147127
-0.188856
-0.166547
-0.0700205
0.0439185
0.169041
-0.186682
-0.214567
0.212348
0.122354
-0.0510298
-0.14572
0.173552
-0.147237
0.247321
-0.23239
-0.117358
0.182524
-0.144357
-0.131708
0.0863354
0.011684
-0.0250276
-0.0586524
-0.0556387
-0.0452139
-0.193674
0.0111203
-0.00319441
-0.00689938
0.0729128
0.0636063
-0.0326697
0.128847
0.136148
-0.111276
-0.0506729
-0.174414
-0.167494
-0.0593123
-0.158849
-0.050018
-0.158582
0.0495786
-0.149509
-0.126915
0.0192304
0.305447
-0.201042
-0.142908
-0.0657141
0.224092
-0.068416
-0.167352
-0.049426
0.057868
0.0131931
0.152728
0.072667
-0.0416926
0.00978236
0.0436612
0.040413
-0.321529
0.0061355
0.248839
0.168309
-0.0675666
0.146985
-0.182924
-0.107328
0.123186
-0.253293
0.130435
-0.0608869
-0.0258027
-0.213134
0.0945244
-0.0279598
0.177493
-0.119941
-0.224645
0.214854
0.123126
0.075269
-0.0080539
-0.12147
-0.108889
0.147211
0.0803305
0.101625
-0.162074
0.0651973
-0.123026
-0.0205299
0.125078
0.0916606
0.0796803
-0.0937132
-0.0938284
-0.0556924
-0.00143649
0.00464265
-0.331871
-0.122932
-0.183331
0.174967
0.0925876
0.0560169
0.0722599
0.264958
-0.110163
-0.0500424
0.224387
0.148398
-0.0915238
-0.116424
0.0468945
-0.0450446
0.0363469
0.0251824
0.0685736
0.0593995
-0.0798907
-0.0144445
-0.0918668
0.000788835
-0.261237
0.214237
-0.230117
-0.116411
-0.15273
0.091539
-0.00328076
-0.0848993
-0.166077
-0.0635875
0.0914586
-0.151583
-0.00306229
-0.0417554
-0.135969
0.0101505
0.150565
-0.153162
-0.1617
0.121323
-0.209885
-0.0453784
-0.23263
0.0998689
-0.0490785
0.204646
-0.0832746
0.0917137
-0.149329
0.0389903
0.163938
-0.0898466
-0.056605
0.175815
0.158098
0.0731553
-0.152097
0.109948
0.074401
-0.0698641
-0.0793235
-0.0575275
0.131114
0.0723763
-0.0175196
-0.0388919
0.0349069
0.0500137
0.11861
0.0097554
0.226452
0.157506
-0.170783
-0.0735149
0.188488
-0.0779865
-0.0399479
-0.162536
0.224383
-0.0337556
-0.0560502
0.0461454
0.0723874
0.05845
-0.121655
-0.00501629
0.155811
0.0377054
-0.0414011
0.167652
-0.205448
0.0425194
-0.186395
-0.233906
0.01628
0.253534
-0.0713739
0.0389499
-0.211422
-0.16813
-0.221115
0.159053
-0.120005
0.0312592
-0.239604
-0.183279
0.0638924
-0.0581691
-0.104942
-0.00905464
0.1514
-0.0585064
0.023534
-0.128464
0.0838517
-0.198352
0.18501
-0.122323
0.121014
-0.0283268
-0.0745851
-0.134143
-0.0364191
-0.154356
-0.150588
0.0690742
-0.26048
-0.106245
0.0384148
0.140723
0.0855123
-0.0404339
-0.049159
0.0893014
-0.0394471
-0.348861
-0.0312917
0.0531341
0.0102638
0.0392317
0.0857936
-0.00780864
0.166352
-0.202874
-0.0490823
-0.081829
0.238334
-0.0458268
-0.0987683
0.106747
0.304893
0.0109831
-0.193679
-0.0491744
-0.0173811
-0.267269
-0.157344
-0.125117
-0.198739
0.0542751
0.168847
-0.0100049
-0.0687879
0.0359885
-0.164215
0.376748
-0.0514846
-0.139216
0.0259622
-0.0167878
0.000384321
0.136912
-0.115456
0.0744352
0.0792296
0.14718
-0.0451059
0.16859
-0.135973
0.166775
0.140309
0.347215
0.111115
0.0284664
-0.0624086
-0.101897
-0.0263363
-0.189148
0.0472076
-0.0856462
-0.153889
0.189798
-0.210459
-0.0322798
0.0105657
-0.238139
-0.154627
-0.0452507
0.119209
-0.121505
-0.10323
-0.157599
0.0613678
-0.0443261
0.0201236
0.0845956
0.186571
-0.20605
0.119855
-0.232724
0.220355
-0.184237
0.284861
-0.260576
-0.236907
-0.0713683
-0.132247
-0.0319545
-0.249253
0.0618585
0.0929117
-0.0617819
-0.13609
-0.0529925
0.162227
0.0854324
-0.169123
-0.0130274
-0.131479
-0.0695041
-0.0949549
-0.183091
0.000455399
-0.0666986
0.173859
-0.101614
-0.168264
0.0945305
0.0775454
0.0315698
0.0372774
-0.0185295
0.0778
-0.165231
0.0540592
0.251407
-0.00399826
-0.169699
-0.0301667
0.154653
0.161028
-0.120058
-0.0231001
-0.00810295
0.207394
0.014877
0.18541
0.00585487
-0.147801
-0.21381
-0.124304
0.194026
-0.0939417
-0.159207
0.0130448
0.213433
0.137267
0.0535615
0.0677008
-0.0955645
-0.012411
0.264376
-0.0689945
0.076169
-0.0710415
-0.154017
0.10796
-0.109446
0.229471
0.127812
-0.0224376
-0.0471082
-0.201686
0.0372401
0.0431862
0.0218409
0.112518
0.109479
0.0794565
0.0419864
0.184867
0.18641
-0.0701906
-0.158541
0.199972
0.0988822
-0.110581
-0.0515074
0.0914373
-0.0591194
0.0547717
0.0827573
0.0368707
-0.17124
0.0799103
-0.0653768
-0.321553
0.301771
-0.0329983
-0.161369
-0.0635885
-0.0509532
0.180303
-0.126759
-0.0757474
-0.272247
-0.118705
-0.114373
-0.200998
-0.00649727
-0.0479009
-0.0176388
0.181135
-0.0655387
-0.187361
-0.129481
0.094928
0.0835331
0.0456058
-0.135742
-0.162978
-0.012505
-0.109152
0.185106
0.229259
-0.0912727
-0.110682
-0.0429993
-0.0714391
0.0535806
-0.0135537
0.124335
0.138133
-0.109368
0.0818285
-0.199569
0.0425898
-0.224107
0.146282
0.0578656
-0.0520129
-0.0990178
-0.250859
0.0406004
0.040788
0.0907561
-0.00710647
-0.0980973
0.0413651
-0.0566186
0.195801
-0.087977
0.174783
0.0423568
0.0708028
-0.0937478
-0.0139397
0.0216414
-0.0628706
-0.179977
-0.155832
-0.0819958
0.257243
0.208129
0.0156922
-0.0691961
0.081013
0.218402
0.177514
0.0169269
-0.317256
0.095602
0.117074
-0.0306712
0.108595
-0.203505
0.0451156
0.11592
-0.0644235
0.206612
0.194108
-0.00471013
-0.0930673
0.222496
0.16021
0.00426674
0.098447
0.111449
0.157502
0.0492563
-0.0678858
0.120884
-0.0506204
0.177218
-0.152834
-0.211602
-0.018908
0.167487
0.104717
-0.0883616
0.152529
0.168471
-0.0127112
0.0747071
-0.104559
0.00142044
-0.179704
0.00836492
0.133289
0.080327
0.0963539
0.162989
-0.056409
0.0364825
0.0241142
0.218627
-0.0474984
0.123615
0.214051
-0.280925
0.0518553
0.16263
0.136221
0.112688
-0.125215
0.0390038
0.0335682
-0.0299931
0.152217
-0.195032
-0.0944289
-0.0859325
-0.151249
0.024156
-0.0310801
-0.11415
0.174692
-0.137206
0.107652
0.0572796
-0.0577438
-0.272576
-0.0606182
-0.137887
0.149274
-0.174325
0.0545491
-0.0502672
-0.166545
-0.0807482
0.0053089
-0.0534027
-0.0199251
-0.0336581
-0.217353
-0.111239
0.250947
0.0893415
-0.00421847
0.294357
0.0107195
-0.107756
-0.0429195
0.297953
0.189258
0.0681978
0.133037
-0.198876
-0.0326312
0.129724
-0.0270987
-0.0457502
-0.0411909
0.0660885
0.164617
-0.084704
0.204746
0.3188
0.110246
-0.0112911
0.13919
-0.114336
-0.0368417
-0.213738
0.179543
-0.144977
-0.0918809
0.0110049
-0.220461
-0.00937484
0.22726
0.277133
-0.0753931
0.0187972
-0.0315253
0.0858514
-0.167085
0.0975983
0.0673916
-0.0634355
0.0907218
-0.0202304
-0.0753538
-0.136014
0.082094
-0.286443
0.226204
0.0934118
0.0315647
0.199466
0.0232429
0.0807967
0.0518333
-0.0111951
-0.296539
-0.222069
0.115373
0.115454
-0.255484
-0.169215
-0.14481
0.082239
0.222991
0.206942
-0.14514
0.075314
-0.11436
0.212298
-0.15592
-0.0880523
0.0304646
-0.128426
0.239035
-0.0269081
0.140102
0.131091
-0.11478
-0.0847042
-0.0499093
-0.116818
0.0492035
0.0721047
0.297963
-0.0937865
0.0642243
0.00706567
-0.146708
0.0100688
-0.00543287
-0.104346
0.00615829
0.0725788
0.188409
0.0395947
0.0784171
-0.150086
-0.290718
-0.0609059
0.317926
0.0875844
-0.0708381
-0.26033
-0.0352235
-0.166707
0.0931558
0.210922
-0.165176
-0.0767715
-0.203087
-0.0447044
-0.0131179
-0.0203545
-0.152045
-0.118193
0.152728
-0.0274572
-0.220365
0.160265
0.141408
0.178893
0.102356
0.0569137
-0.265502
-0.0897821
-0.0112347
-0.043238
0.0016017
-0.0491852
-0.122136
-0.0901828
-0.0926027
0.150154
0.0919577
0.225127
0.253144
0.200348
-0.0891721
-0.23801
-0.0232888
-0.194591
0.0453746
0.070467
-0.011202
0.106933
0.120194
-0.154651
-0.0912452
-0.178136
0.00627243
-0.027694
0.12562
0.186856
-0.185442
-0.0614227
0.129347
0.0959417
0.0154903
-0.257742
0.127674
0.17701
0.0378093
0.115929
-0.0385537
0.0921288
0.267727
-0.0853119
0.0115014
0.11285
-0.030953
-0.121827
-0.204886
0.136401
0.0445315
0.0365022
0.0547842
-0.180634
0.0162014
-0.039339
0.0277937
-0.00774943
-0.152386
-0.223462
-0.141463
-0.293942
0.14514
-0.252783
0.224004
0.0358549
0.16456
-0.13762
-0.157212
0.227955
0.18409
0.167077
-0.0310691
0.014634
-0.176977
0.0687811
0.170959
-0.256874
0.020624
0.0482452
-0.118212
-0.0930072
-0.139671
-0.10734
0.171549
0.0539447
-0.206352
0.0270461
0.0102158
0.033281
0.192572
0.167866
0.145713
-0.262967
-0.149658
0.192301
-0.0377896
-0.0449502
0.0503305
0.155931
0.149869
-0.115496
-0.155573
-0.0962711
0.13525
-0.252829
0.107999
-0.218037
0.0495087
0.00745183
-0.0377879
0.196162
0.118195
0.107955
0.0196597
-0.0520079
-0.0440926
0.0546328
0.114627
-0.0711465
0.0536274
0.0620427
-0.0921806
0.14316
-0.0976269
0.0130707
-0.224409
0.0853623
0.092933
-0.114204
-0.0124725
-0.0549244
0.0475154
0.066124
-0.0160999
0.124733
-0.17357
0.0793888
-0.116126
0.0372
0.0411914
0.0299085
0.104411
0.145325
-0.122153
-0.204245
0.243036
-0.131747
0.154098
-0.034932
-0.270933
0.165071
-0.0410474
0.194024
0.113102
-0.00718969
0.128353
0.0872655
0.136199
0.0269662
0.0519005
-0.036527
0.0347702
-0.224211
0.203519
-0.0800388
-0.0884995
0.188354
-0.0263087
-0.09494
0.156559
-0.0869434
-0.0811132
0.224871
-0.0386192
0.161533
-0.110498
0.0463351
-0.128201
0.16802
-0.143154
0.255249
0.112589
0.140397
0.0953816
0.143478
0.152708
0.031661
-0.117509
0.0936937
0.180866
-0.211949
0.0726529
0.227235
-0.049388
0.00136251
0.0562602
0.154705
0.167381
-0.144147
0.173102
0.11409
-0.0160884
-0.167654
-0.147888
-0.0253752
-0.103414
0.0182994
-0.142074
-0.140852
0.17441
-0.12567
0.167186
0.0874344
-0.225537
-0.0250486
-0.213366
0.112717
-0.0320321
-0.225534
0.0194179
0.0554854
0.150427
0.0277655
0.293125
0.0326892
-0.00205853
-0.212336
0.0868314
-0.138179
0.0465721
0.1684
0.120435
0.0975832
-0.0121618
0.0597668
0.134398
-0.184307
-0.155865
0.0575744
0.0123199
0.141794
-0.000283396
-0.239306
-0.0716871
-0.0825124
-0.101324
0.0558678
-0.147853
-0.18196
0.289633
-0.103662
-0.155814
0.0768917
0.0106354
0.178875
-0.02987
0.108543
-0.0922309
0.00332684
0.139192
-0.0423903
0.202872
-0.0904037
-0.182039
0.0242929
-0.215228
-0.160584
0.157965
0.120297
-0.0334691
0.00190202
0.00633899
-0.272504
0.0645069
0.106643
-0.100673
-0.130627
-0.0856565
-0.0839898
0.104934
0.233041
-0.0756957
0.170913
-0.16782
0.0778513
-0.189513
-0.0566965
0.151594
-0.106316
0.372029
0.0469655
-0.140694
0.093883
0.286992
0.124557
0.0086714
0.122241
-0.160859
-0.30007
-0.0904104
-0.105363
0.0286625
-0.0753098
0.193506
-0.188311
-0.0705292
-0.0103998
0.0862874
-0.210027
0.0456333
-0.161032
-0.130485
0.0272218
0.143904
0.000959619
0.158441
-0.0946922
0.246614
-0.129481
-0.0144487
-0.194393
-0.0892131
-0.0202818
-0.108999
0.245876
-0.174538
-0.17726
-0.0114122
0.0459912
0.149213
-0.170397
0.15464
0.127676
-0.0351558
0.0119338
0.0604095
-0.246115
0.166653
888888
0.0417812
0.0477017
0.0427483
0.0641244
0.0431736
0.0452902
0.0549526
0.0447651
0.0700508
0.0554897
0.0416757
0.039631
0.0485882
0.0452102
0.055448
0.0519335
0.0455937
0.0464416
0.0462366
0.0578805
0.0670238
0.0488401
0.0630822
0.0446906
0.0461682
0.0432919
0.0565837
0.0560247
0.0450069
0.0429205
0.0685644
0.0502883
0.0477173
0.0507235
0.0609338
0.0419228
0.0578745
0.0597061
0.0654677
0.0497593
0.053721
0.0414169
0.0500706
0.0480282
0.0469274
0.0584628
0.0437668
0.0394911
0.0557779
0.044943
0.0435081
0.0416721
0.0433216
0.0611491
0.0484906
0.0487549
0.05271
0.0471007
0.043012
0.0536559
0.0495373
0.05976
0.0436558
0.0570314
0.0513647
0.0485148
0.049994
0.048932
0.0566673
0.0645481
0.052112
0.0405594
0.0443583
0.0437246
0.0490299
0.056059
0.0516252
0.0431152
0.0584754
0.0416087
0.0594756
0.0663172
0.0450322
0.0484163
0.0468097
0.0573481
0.0514098
0.0464537
0.0420838
0.0657185
0.0529128
0.0394674
0.0355287
0.0515717
0.0421094
0.0523976
0.0506621
0.0352863
0.0522659
0.0543674
0.0555726
0.0473828
0.0514092
0.0558798
0.0404515
0.0589816
0.0493333
0.059643
0.0604563
0.0403801
0.0629469
0.0710054
0.046164
0.0470162
0.0758344
0.0479487
0.0554467
0.0495688
0.0504129
0.0696221
0.0608094
0.0570477
0.0488757
0.0381385
0.051602
0.0463391
0.0501729
0.0498583
0.0395389
0.048052
0.0406023
0.0586032
0.0660074
0.0659781
0.0409605
0.0436862
0.0546868
0.0648622
0.0586395
0.0514411
0.0563288
0.0417797
0.0531202
0.0520359
0.0499773
0.066592
0.0497296
0.0622549
0.0444098
0.0568021
0.0431647
0.0535896
0.0372543
0.0598511
0.044592
0.0607035
0.034939
0.052244
0.0444103
0.0502358
0.0553757
0.0562475
0.0573947
0.0611386
0.0421225
0.0445484
0.040458
0.0612081
0.0661582
0.0449943
0.0588203
0.0384207
0.0504349
0.0449214
0.0514374
0.0496113
0.0499713
0.0384007
0.049785
0.0653042
0.0575154
0.0476252
0.0569056
0.0575095
0.0494663
0.0553683
0.0562878
0.0460593
0.0602077
0.0472688
0.0476882
0.0491832
0.0512269
0.0552231
0.0597727
0.0451851
0.0439374
0.0531153
0.0469528
0.0462897
0.0589191
0.0417889
0.0483221
0.0470446
0.0508621
0.041727
0.0466915
0.0399927
0.0521343
0.0479753
0.0585161
0.0411404
0.0533464
0.0566316
0.0439276
0.0517215
0.0472089
0.0501012
0.0585461
0.0611433
0.0382431
0.0505506
0.0538174
0.0698805
0.0430112
0.0547328
0.0480437
0.0622486
0.0430887
0.0458236
0.0480359
0.0570143
0.0621497
0.0496004
0.0455486
0.0504945
0.0541991
0.0421429
0.0524671
0.0541867
0.0589162
0.046009
0.0376475
0.0515913
0.0535676
0.0382546
0.0527931
0.0673263
0.0545713
0.0462781
0.0427576
0.053326
0.0502486
0.0423582
0.0501146
0.0662624
0.0544326
0.0662308
0.0550872
0.0599575
0.0421574
0.0527953
0.0431539
0.0661689
0.0473168
0.0548118
0.0553736
0.0646653
0.0517741
0.0624224
0.0554035
0.0433841
0.0424057
0.0442735
0.050134
0.0484878
0.0543025
0.0334078
0.0593831
0.0564762
0.0519535
0.0508023
0.0465101
0.0429235
0.0579002
0.0462445
0.0539328
0.0532854
0.048965
0.0539658
0.0320646
0.042448
0.0570803
0.0519973
0.0419035
0.048764
0.0719328
0.044814
0.0637989
0.0509727
0.0560164
0.0598572
0.0524263
0.0469053
0.0457534
0.0431295
0.0598057
0.0542685
0.0467194
0.0429357
0.0462385
0.0686055
0.0540559
0.0485607
0.0463304
0.0460938
0.0451593
0.0554713
0.0476204
0.0513301
0.0363054
0.0511133
0.0568082
0.0498207
0.0540472
0.0513064
0.0362172
0.0432435
0.0485465
0.0468971
0.0473441
0.0523991
0.0494215
0.0419819
0.0367871
0.0483148
0.0468399
0.0483437
0.0427314
0.0521078
0.0491476
0.0586997
0.0485905
0.0530376
0.048287
0.0451252
0.0515461
0.0402326
0.0410621
0.0440173
0.0581057
0.0533233
0.0426944
0.0593383
0.0424302
0.055055
0.0598746
0.0563578
0.0560731
0.0588924
0.0527256
0.0665991
0.0501167
0.0576468
0.0425779
0.0495749
0.0570177
0.0460991
0.0451153
0.0473159
0.0446446
0.0545577
0.0547858
0.0557174
0.0543835
0.0536109
0.037537
0.040666
0.0610722
0.0712456
0.0594424
0.0407319
0.0551211
0.0574442
0.0516648
0.0342404
0.0524047
0.0378966
0.0545927
0.0699065
0.054413
0.0605715
0.0391331
0.0496933
0.0497705
0.057727
0.0610553
0.0561723
0.0486897
0.0485282
0.0485682
0.053681
0.0495868
0.045419
0.0422222
0.0469216
0.039217
0.0391391
0.0437234
0.0342178
0.0629914
0.0474145
0.0487086
0.0447972
0.0491311
0.0398143
0.0363169
0.0592115
0.051115
0.0469528
0.050778
0.0485242
0.0544347
0.0497755
0.0457319
0.0617552
0.0528726
0.0385301
0.0562303
0.0527356
0.0464979
0.0371113
0.0473243
0.0482403
0.0563073
0.0587119
0.0342884
0.0638839
0.0655879
0.0487968
0.0455793
0.0566721
0.0481054
0.0506108
0.0408472
0.0512455
0.0428336
0.0441431
0.050166
0.0715266
0.0518703
0.0557577
0.0555072
0.0496587
0.0508672
0.0661104
0.0398506
0.0636398
0.0508069
0.0387016
0.044979
0.0489398
0.0474734
0.0440075
0.03979
0.0452612
0.0568898
0.047525
0.037024
0.0518637
0.0448538
0.0477513
0.0466368
0.048419
0.0423924
0.0445373
0.0606518
0.0540012
0.0488879
0.0485385
0.0633492
0.0506959
0.0629696
0.0522712
0.0475859
0.0552093
0.0463652
0.0521661
0.0339333
0.0466794
0.0413417
0.0537645
0.0561405
0.0463272
0.046181
0.0527838
0.0360579
0.0519761
0.0518662
0.0607888
0.0404988
0.0556555
0.0442479
0.0465709
0.0617654
0.0619926
0.0480162
0.0529307
0.0401904
0.0428066
0.0511402
0.0566986
0.0516846
0.0513489
0.0501545
0.0601557
0.042026
0.060891
0.0548105
0.0475214
0.0451747
0.0516121
0.0485904
0.0571975
0.0591161
0.0582683
0.0574767
0.054954
0.0629893
0.0495291
0.0757564
0.0599232
0.0417843
0.0388626
0.0411195
0.0511165
0.0705025
0.0481648
0.0492605
0.0586969
0.0421132
0.0577989
0.0587567
0.0530305
0.0383496
0.041177
0.0600463
0.0579449
0.0602649
0.0499143
0.0447814
0.0524662
0.0463255
0.0554167
0.0496979
0.0456294
0.0413002
0.0489952
0.0562377
0.0595927
0.0595755
0.043255
0.0445219
0.0534703
0.0428248
0.0577815
0.0427607
0.0452823
0.059441
0.0566597
0.0414859
0.05092
0.0536373
0.0468153
0.056846
0.0506677
0.0720551
0.0630706
0.0485538
0.0523027
0.0433049
0.051753
0.0478967
0.0510235
0.0531871
0.0549514
0.0370907
0.0393161
0.0661654
0.0514474
0.0497161
0.0535083
0.0479271
0.0483674
0.0418706
0.0622195
0.0512895
0.0431014
0.0565241
0.0670309
0.0505242
0.0443297
0.0381097
0.0743885
0.0550661
0.0517537
0.042476
0.046505
0.0491819
0.0479232
0.0578219
0.0648512
0.0449698
0.0574311
0.0571785
0.0481379
0.0490915
0.0693955
0.0521406
0.0531169
0.0485918
0.0520043
0.0567401
0.066785
0.050782
0.0582218
0.049166
0.0516659
0.0493214
0.0537618
0.0496047
0.0471061
0.0374353
0.0493609
0.0530265
0.0407744
0.0558452
0.0365537
0.0674598
0.0603256
0.0510454
0.0556686
0.0543834
0.0503634
0.042759
0.0613869
0.062528
0.0559946
0.0530618
0.0500733
0.052178
0.0493423
0.0506105
0.0489551
0.0449943
0.0521999
0.0489042
0.0529148
0.0438358
0.0647271
0.0594718
0.0448025
0.0536483
0.0374954
0.0470357
0.0468778
0.0660609
0.0489722
0.06059
0.0498582
0.0408892
0.036852
0.0640502
0.0571544
0.0699391
0.0491015
0.0446101
0.038563
0.0513759
0.0573682
0.0462823
0.0585614
0.0570065
0.0430708
0.0520808
0.0489322
0.0382889
0.0482647
0.0611736
0.0622114
0.0448751
0.0503036
0.0550925
0.0412491
0.0598466
0.061249
0.0405119
0.0452454
0.05905
0.0602819
0.0526574
0.0507277
0.0425123
0.0530465
0.0567666
0.0664612
0.0440266
0.0617738
0.0513278
0.0420803
0.0529222
0.0562332
0.0472152
0.0469371
0.0599692
0.0542264
0.0465467
0.0663278
0.0517199
0.0506411
0.0512017
0.053949
0.0703686
0.058312
0.0553276
0.0513864
0.0442385
0.0640948
0.0506973
0.0679866
0.0492775
0.0490234
0.0505239
0.0397887
0.0615189
0.0450884
0.0543382
0.0519342
0.0566956
0.0510593
0.0523609
0.0454755
0.0463104
0.0618678
0.0458815
0.0451716
0.0408491
0.047213
0.0501966
0.0501041
0.0399745
0.0606579
0.0405704
0.0465743
0.0455382
0.0593489
0.0626245
0.04819
0.0499098
0.0386481
0.051193
0.0425998
0.058776
0.0594375
0.0524875
0.0469887
0.0525797
0.0505379
0.0502376
0.0452171
0.054087
0.0670161
0.0535654
0.0634404
0.0521959
0.0467147
0.0710845
0.0588864
0.0483867
0.0647974
0.0571633
0.0470739
0.0495319
0.0547493
0.0544805
0.0474682
0.0664399
0.0493583
0.0489081
0.0479385
0.0479409
0.0390528
0.0454424
0.0461612
0.047428
0.0624158
0.045788
0.0494193
0.0501489
0.0469961
0.050365
0.0643422
0.0419684
0.0454976
0.0558008
0.0418179
0.0458215
0.0422043
0.0496595
0.0490468
0.0543871
0.0514653
0.0392205
0.0580259
0.0418073
0.0445786
0.0440327
0.0442126
0.0439733
0.0498533
0.057783
0.0605216
0.0411146
0.0758919
0.0402074
0.0540854
0.0403949
0.0617661
0.0510972
0.0460947
0.0565141
0.054424
0.0652593
0.0480891
0.0493316
0.0594598
0.0549483
0.0558944
0.0546203
0.0528103
0.0745593
0.0447937
0.0603663
0.0408699
0.0306805
0.0502542
0.0416109
0.0396839
0.0435535
0.0462024
0.0346959
0.0543731
0.0605557
0.0482797
0.0450858
0.0540505
0.0549479
0.0408536
0.0386377
0.0555356
0.054491
0.0647672
0.0492573
0.0488895
0.0437508
0.0477331
0.0488214
0.0631113
0.0545199
0.0508
0.0566794
0.0561238
0.0494108
0.0576588
0.0473426
0.0726292
0.0513209
0.0433046
0.0448052
0.052705
0.0461859
0.0518632
0.0409609
0.0405757
0.0606537
0.0471929
0.0503878
0.0443327
0.0650602
0.0538798
0.069944
0.0510812
0.0415102
0.0549169
0.0523354
0.0521786
0.0423841
0.0494371
0.0492231
0.0726164
0.0499173
0.0701892
0.0547473
0.0575953
0.0449009
0.0495904
0.0628788
0.0561529
0.0408023
0.0510126
0.0503547
0.0642739
0.0520341
0.052543
0.064975
0.0691025
0.0559312
0.0400977
0.0657729
0.0603524
0.0603887
0.0531006
0.0496662
0.0544166
0.0590836
0.0400111
0.0494806
0.0454599
0.0498555
0.0514362
0.0422625
0.0584608
0.0504032
0.0560795
0.049804
0.0609884
0.0410378
0.0571575
0.043234
0.0381167
0.0511724
0.0757971
0.0458338
0.0526348
0.0477892
0.0451959
0.0519818
0.0402515
0.0523601
0.0386726
0.0396114
0.0574211
0.0410475
0.0635355
0.0461415
0.0556551
0.0504154
0.0483134
0.0526661
0.0597784
0.0533665
0.0370624
0.0583121
0.0757874
0.061504
0.0568199
0.0512425
0.0452756
0.0522727
0.0398026
0.0644032
0.0505839
0.0532736
0.0608277
0.0500925
0.0452504
0.0567646
0.0454862
0.061502
0.0474359
0.0602619
0.0455408
0.0486373
0.0556158
0.0442837
0.0416464
0.043118
0.0381907
0.045529
0.0564749
0.0588047
0.0505028
0.0493946
0.0495796
0.0342536
0.0576563
0.0507921
0.0585341
0.0569826
0.0510187
0.0575184
0.0592713
0.0458082
0.0507381
0.0407187
0.0599611
0.0445481
0.0470218
0.0493119
0.0599551
0.0507132
0.0464454
0.045447
0.0549279
0.0461512
0.0547335
0.060651
0.0476219
0.0475042
0.0399996
0.0524529
0.0514589
0.0500104
0.0623885
0.0432057
0.0448758
0.0563672
0.0392252
0.0457343
0.0407655
0.0501426
0.0474314
0.0585126
0.0427637
0.0399813
0.056633
0.0551057
0.05619
0.0588266
0.0490702
0.0575584
0.0567969
0.051169
0.043352
0.0600416
0.059824
0.0707562
0.0462002
0.0492373
0.058839
0.0503813
0.0447427
0.0624464
0.0763466
0.0374331
0.045868
0.0400659
0.0526512
0.0609451
0.0484921
0.0703176
0.0419088
0.0505112
0.0378328
0.0531445
0.0484205
0.0483093
0.0522839
0.0502538
0.0561055
0.0449555
0.0463473
0.0535422
0.043407
0.0547395
0.0475367
0.0551375
0.0620361
0.0622341
0.0553695
0.0451963
0.0501672
0.0523836
0.0457871
0.046048
0.049251
0.0699819
0.0523222
0.0502424
0.0544795
0.0431996
0.0471545
0.042457
0.0518021
0.048842
0.038864
0.0456655
0.0485961
0.0494438
0.0429965
0.0410825
0.0401285
0.0434333
0.0396018
0.059961
0.034494
0.0614954
0.0421877
0.0480399
0.0635482
0.0535175
0.0627326
0.0490283
0.0519158
0.054096
0.0598079
0.0453559
0.0469577
0.0454485
0.0433172
0.045781
0.0522036
0.0476935
0.0515409
0.0416369
0.056566
0.0573962
0.0435625
0.0467762
0.0463856
0.0498478
0.0489317
0.0538882
0.0540059
0.0452259
0.0482115
0.0507614
0.0560409
0.0575619
0.0611074
0.0412431
0.0450401
0.0451969
0.0482971
0.0498502
0.0594563
0.0593467
0.0516422
0.0567038
0.0556769
0.0575684
0.0652095
0.0427663
0.0487303
0.0643907
0.0487743
0.0477388
0.0656491
0.0458541
0.0685714
0.0465846
0.0555135
0.0385975
0.0426459
0.0657441
0.0371655
0.0595718
0.0556878
0.06074
0.0574159
0.048862
0.065662
0.0632942
0.052099
0.0531161
0.0424893
0.0564967
0.0471224
0.0461355
0.0589689
0.0637217
0.0629851
0.0456158
0.0599132
0.0541773
0.0631811
0.0553285
0.0453448
0.0479605
0.0467731
0.048509
0.0680931
0.0472747
0.0588396
0.0567761
0.0516808
0.0398483
0.054407
0.0502372
0.0356698
0.0481624
0.0551565
0.0518457
0.0413213
0.0470988
0.0588326
0.0519072
0.0525122
0.0408695
0.0497351
0.0509704
0.0508294
0.0452812
0.0379287
0.0574619
0.0516944
0.0416098
0.0469212
0.0558649
0.0545033
0.0524294
0.0517138
0.0424899
0.0445191
0.0484517
0.045548
0.0400962
0.0515459
0.0574116
0.0549382
0.0607819
0.0561043
0.0521389
0.0476183
0.0604008
0.0483224
0.0499324
0.0506323
0.0386953
0.0476441
0.0379971
0.0514172
0.0438338
0.0605017
0.0482236
0.0494642
0.0493573
0.0769938
0.0445309
0.0466219
0.0397672
0.0478281
0.0558285
0.0473064
0.0477796
0.055423
0.0503314
0.0462991
0.0529303
0.0526628
0.0545359
0.0624007
0.0577949
0.0415049
0.0407935
0.0543862
0.0473611
0.0557535
0.0488164
0.0480865
0.0487982
0.0712676
0.0509026
0.0419119
0.0431832
0.046434
0.0425017
0.0521313
0.0394476
0.0587458
0.0477772
0.0692453
0.0614364
0.0460991
0.0609071
0.0475124
0.0408022
0.0605653
0.0466026
0.054379
0.0473113
0.0508627
0.0443063
0.0481737
0.0489952
0.0446688
0.0525414
0.045499
0.0381896
0.0615899
0.0537947
0.0669311
0.0493646
0.042378
0.0590591
0.046908
0.0572888
0.0483289
0.0464686
0.0487592
0.0403047
0.0505063
0.0507378
0.0365381
0.0529459
0.0563375
0.0396464
0.0424046
0.0627581
0.0604277
0.056603
0.0513681
0.0487409
0.0519545
0.0533318
0.0563855
0.0677202
0.0553147
0.0452574
0.0512698
0.0493624
0.056594
0.0517542
0.0490708
0.0590989
0.0438081
0.0435827
0.0404151
0.0426104
0.0520969
0.0523014
0.0531168
0.0423748
0.0465079
0.0468247
0.041097
0.0412308
0.052311
0.0492949
0.0585769
0.0571271
0.0448921
0.0410894
0.0508253
0.0527589
0.0487399
0.0471218
0.044477
0.0432336
0.0489092
0.0429123
0.0397758
0.042603
0.0359811
0.0682671
0.044293
0.0582284
0.0538709
0.0494903
0.0568504
0.0607567
0.0488307
0.0443878
0.0427667
0.0498084
0.0576495
0.0403871
0.0665675
0.0477584
0.0515425
0.0565829
0.0405868
0.0444859
0.047288
0.0452634
0.0567173
0.0427093
0.0430243
0.0534177
0.0447255
0.0550547
0.0443675
0.0551064
0.058244
0.0497394
0.0472745
0.0642735
0.0561049
0.0446402
0.0452383
0.0449868
0.0574992
0.0647071
0.0462874
0.0479388
0.052851
0.0646946
0.041792
0.0345995
0.0470004
0.0524338
0.0528566
0.0532721
0.0612186
0.0395391
0.0575452
0.068014
0.0514968
0.046063
0.0367742
0.0463802
0.0379966
0.0579447
0.0431231
0.0721134
0.0529404
0.0527162
0.0659274
0.0548743
0.0511103
0.0458146
0.0703284
0.0390935
0.0520551
0.0472388
0.0411307
0.0613981
0.0679398
0.0508227
0.0427584
0.0580283
0.0544145
0.0421643
0.0458125
0.0459353
0.0381723
0.0560768
0.0505637
0.0544904
0.0495477
0.0518751
0.0707994
0.0550633
0.0532124
0.0498696
0.0385793
0.0509469
0.0475096
0.0671438
0.0563056
0.0587959
0.0562106
0.0517906
0.0532852
0.0599729
0.0461423
0.0480886
0.04608
0.0571215
0.0565116
0.0365784
0.0478329
0.0512986
0.0490332
0.0429258
0.066424
0.0478384
0.0427739
0.0465418
0.0504874
0.0562747
0.0507153
0.0488267
0.0514472
0.0603301
0.0567288
0.0528853
0.0515394
0.0513223
0.0631468
0.0517215
0.0429475
0.044076
0.0344053
0.0505612
0.0573233
0.0587447
0.0341645
0.0474325
0.0422622
0.0472647
0.031654
0.0654002
0.0508142
0.0451386
0.0436129
0.0402531
0.0476874
0.0484852
0.0621829
0.0427356
0.0536655
0.055772
0.0516795
0.0568474
0.0569554
0.0438803
0.0728465
0.0429971
0.0370011
0.0416359
0.0622738
0.0455339
0.0465233
0.048289
0.0407809
0.0446118
0.0600808
0.0516419
0.0562216
0.0790485
0.0442104
0.0532841
0.064362
0.0563196
0.0427495
0.0465084
0.0497263
0.0652837
0.0500687
0.0635336
0.0556457
0.0466816
0.0702934
0.049667
0.0649324
0.0486011
0.0467439
0.0516878
0.0354076
0.050891
0.0582863
0.0657395
0.0425745
0.0565996
0.0769586
0.0557472
0.0349533
0.0609352
0.0447964
0.0486418
0.0456399
0.0468854
0.0478146
0.0402981
0.0535546
0.0617045
0.049615
0.0503204
0.0473013
0.0319715
0.0402052
0.0499757
0.0626532
0.0461995
0.0578306
0.0413854
0.0466174
0.0610619
0.0563032
0.0494927
0.0484622
0.0447228
0.051358
0.0427481
0.0527592
0.0584848
0.035385
0.0549061
0.0529496
0.0462725
0.0621039
0.0468687
0.0575284
0.0462406
0.0476297
0.043541
0.046317
0.0530119
0.0538509
0.0531211
0.0505424
0.0559309
0.038415
0.0493407
0.058125
0.0543253
0.0574685
0.0576138
0.056312
0.061965
0.0469898
0.0412586
0.0434077
0.0367527
0.0480128
0.0451137
0.041398
0.0482658
0.0612637
0.042098
0.0534777
0.0614217
0.0482408
0.0412259
0.051925
0.0419289
0.0409854
0.0481968
0.0421268
0.0451932
0.0535624
0.0711729
0.0446738
0.0411618
0.0502199
0.0731883
0.0408139
0.0470571
0.0531334
0.048802
0.0618805
0.0459141
0.0583501
0.0458277
0.0436415
0.0560096
0.0462621
0.0530754
0.0543678
0.053163
0.0459736
0.0682141
0.053331
0.0443684
0.0440364
0.0493489
0.0565641
0.0527676
0.0536092
0.0402335
0.0448019
0.040492
0.0475
0.063724
0.0601435
0.0406861
0.0509301
0.0427736
0.0408205
0.0605054
0.0518095
0.0563231
0.0512699
0.0584663
0.0465902
0.0411064
0.037499
0.0481296
0.0404484
0.0592475
0.0424293
0.052942
0.0408208
0.043224
0.0609935
0.0434593
0.0489827
0.0572118
0.0459518
777777