2.55535
999999
0.251985
-0.032093
-0.124218
-0.0477595
-0.0839154
0.0557711
0.00133671
-0.164091
0.217072
0.0198926
0.0205888
-0.232244
-0.191635
0.0661381
-0.0120603
0.0809547
0.113982
0.219722
0.274189
0.0396685
0.113548
0.255269
0.107267
0.116794
-0.213275
-0.0402511
0.100448
-0.182167
0.220433
0.125255
-0.0604066
-0.00645123
-0.219434
0.0845057
-0.115247
-0.0209371
0.303843
-0.0126088
-0.0340748
0.100052
-0.0522241
-0.179565
0.0968158
-0.088452
0.0292538
-0.00337863
-0.162663
0.0355061
0.238529
-0.214332
0.0839532
0.151032
-0.196375
0.0884292
-0.141749
-0.0286235
-0.0582068
0.198094
-0.303042
0.0906192
0.109501
0.244211
-0.095388
0.0838265
0.000145476
0.00701272
0.182561
0.123011
0.149476
0.0206866
-0.164888
-0.046866
-0.0937425
-0.0125949
-0.174681
0.220048
0.0377192
-0.326027
0.052857
-0.243601
-0.0125468
0.00587508
-0.119864
0.202471
-0.16672
0.177441
-0.00813769
-0.0199877
-0.0709583
-0.0865875
-0.101904
-0.0301816
0.0169278
0.0643969
-0.0570491
-0.0768621
-0.196889
-0.167871
-0.110777
-0.0907669
-0.0271014
0.125502
0.0430517
-0.0939552
0.123599
0.0993229
0.108721
-0.146903
0.0326036
-0.130323
0.13453
0.157848
-0.10952
-0.0798498
0.00997916
0.162837
-0.219969
0.152213
0.204545
-0.149958
0.0503578
0.232501
-0.133181
0.0532048
-0.206988
-0.174512
0.215464
0.0350662
-0.0582611
-0.0242566
-0.15075
0.147135
-0.110393
0.140666
0.0963742
-0.00809044
-0.0135117
0.0247352
-0.0737033
-0.00720748
-0.226416
0.114849
-0.258728
0.104736
0.165736
0.201771
0.147365
-0.0490236
-0.194742
-0.187481
-0.00836805
0.118478
-0.0906178
0.231073
0.321124
0.0826649
0.094368
0.0909053
0.0460807
-0.310848
0.154117
-0.0678673
-0.0791223
-0.123636
-0.111825
-0.161518
-0.0532729
0.0828937
0.249987
0.139029
-0.0784254
0.0154548
-0.00583523
-0.0945684
-0.0274771
-0.172818
-0.212446
-0.111389
0.213859
-0.0147641
-0.0891716
-0.187487
0.0136064
0.064055
-0.379597
-0.113929
0.378458
-0.141404
-0.102844
0.120344
-0.105552
0.00363957
-0.0651297
0.0275258
0.308444
0.125594
0.229318
-0.247789
0.137715
0.0826842
-0.14298
-0.0292112
-0.140376
0.160242
-0.0369856
-0.0502269
-0.054895
0.0841337
-0.223632
-0.0507466
-0.0595219
0.0809311
0.100395
-0.0729478
0.278714
-0.17989
0.266323
0.0100845
-0.0632869
0.0879603
-0.122902
0.00374197
0.172633
0.0946683
-0.202939
-0.0237534
-0.152373
0.0596035
0.129017
0.0221411
0.0713407
0.389307
0.208998
-0.298564
0.136352
0.157813
-0.0813309
0.00811906
0.150931
-0.179008
0.183238
-0.121337
0.0299845
-0.109671
0.194585
-0.12362
0.0119231
-0.02364
-0.105089
-0.231426
-0.159929
0.242506
0.15725
0.152568
0.0102533
0.0590146
0.153915
-0.262755
-0.312967
-0.00281236
0.17179
0.255765
0.0931821
0.0340736
0.115599
-0.0323144
0.0876053
0.152314
0.177054
0.0120726
0.295092
-0.255847
0.117493
-0.228669
-0.160504
0.0972118
0.0757377
-0.232598
0.00659411
0.0727945
-0.269297
-0.163035
-0.287616
0.106214
0.245964
0.0669151
0.120587
0.0556269
0.0623983
-0.305849
0.0287909
-0.0865138
-0.0529167
-0.172795
-0.0121279
-0.219219
0.178468
0.00448745
0.128018
-0.160831
0.105962
0.204328
-0.154179
0.0963333
-0.138123
-0.0366258
0.112447
-0.0453067
0.0171721
0.201847
-0.161048
0.122264
0.100058
-0.114604
-0.277465
-0.030695
0.056517
0.354724
0.0462409
0.15249
-0.219822
-0.0525316
0.000146589
0.0265829
-0.101726
-0.0789375
0.114357
-0.0392808
0.219657
0.249844
0.00239986
-0.275698
-0.150096
0.132905
0.151416
0.160906
-0.0449056
-0.0196195
0.0251654
-0.0807022
0.307711
0.224487
0.00499533
0.00852481
0.145527
0.097677
0.166041
-0.156319
-0.0470742
0.067866
0.0541454
-0.0806337
0.150481
-0.20199
-0.150735
-0.124719
-0.207948
0.16202
0.207672
0.234496
-0.225722
0.37899
0.0499492
0.139893
-0.264188
0.0663426
0.0295875
-0.157668
-0.143149
-0.127135
0.0416007
-0.0958518
-0.053824
0.0754649
0.289097
-0.0641786
-0.0306096
0.0536482
-0.0954018
-0.157954
0.0786479
0.209501
-0.353586
-0.121142
0.0680155
-0.204813
0.179831
0.239143
-0.0948601
-0.1435
0.120288
0.107944
-0.148263
-0.203303
-0.244215
-0.0851265
-0.0491971
0.17601
-0.0505255
0.0346526
0.105781
-0.0296147
-0.0985977
0.13185
0.212249
0.10995
-0.0278466
0.0674157
0.0185103
0.105135
0.13446
-0.126446
-0.0703632
-0.0683276
0.0596648
-0.200311
-0.232663
0.00168796
0.00280522
0.159979
0.132557
0.16471
-0.201626
-0.288314
0.0261212
0.0205403
-0.19742
0.256031
0.166689
0.376787
0.0671285
0.285946
-0.0247608
0.10072
-0.00611363
-0.192648
-0.171538
-0.043717
-0.0835637
0.175914
0.0786319
0.201479
0.0319571
0.0480321
0.248547
0.11341
-0.185048
-0.0592141
0.0141635
-0.25323
0.0269677
0.0799957
-0.0477165
0.130911
0.185277
0.0512596
-0.146014
-0.181457
-0.116121
0.0608901
-0.0164232
0.133286
-0.0194606
0.0350474
-0.301957
-0.233543
-0.0102539
-0.158619
0.0527043
-0.0403562
-0.0888399
0.0729035
0.0437376
0.0824461
-0.0572686
0.198475
-0.168136
0.243815
0.121126
0.109896
-0.181866
0.0551634
0.167795
-0.0883408
0.0953149
0.370509
-0.130964
0.182133
0.239626
0.228443
0.0527922
0.0746904
0.139067
0.0266893
-0.124269
-0.293214
0.00717044
-0.0885659
0.0170933
0.148762
0.348089
-0.0747872
0.113409
0.136182
-0.138962
0.147466
0.243267
-0.104396
0.268615
-0.152439
-0.147293
0.0552335
-0.063912
-0.000139941
0.0883694
0.121798
0.055582
-0.141677
-0.401228
0.0797128
-0.10316
0.142922
-0.165049
0.0452642
-0.252199
0.103386
0.056127
-0.108477
0.286688
-0.0422251
-0.003439
-0.0928392
0.220858
0.173122
0.168049
0.0784535
0.142181
-0.138223
-0.119298
-0.0550978
0.179989
0.00156341
-0.262838
0.00862398
-0.00824882
0.190709
-0.20058
0.0259418
0.245616
-0.304248
0.118172
-0.152543
-0.0610012
0.0287798
0.0900114
0.0217162
-0.348123
0.0843231
0.170457
-0.146954
0.11956
0.0482773
0.211393
-0.196026
-0.00287508
-0.0825283
0.246614
-0.124502
-0.038781
-0.0165676
-0.170714
-0.00450285
-0.12372
0.273499
-0.275935
0.0563285
0.207176
-0.0798544
-0.116981
-0.54415
-0.243116
-0.175958
-0.198856
-0.0480849
-0.0402468
-0.0986871
0.0576853
0.0936546
-0.228254
-0.0526219
-0.0447892
-0.136649
-0.155175
-0.108216
-0.0371526
0.0123724
0.177367
-0.0358966
-0.151654
-0.0404373
0.038965
-0.0615863
-0.121406
0.238667
0.11786
-0.125417
0.103173
0.0664917
0.0607172
-0.0415867
-0.134772
-0.0891935
0.0145206
0.330458
-0.22941
0.0859643
0.329398
0.191402
-0.0240008
-0.00535381
0.201994
-0.17229
0.236242
0.145809
-0.0890905
-0.0754786
-0.111007
-0.131761
-0.107453
0.150237
-0.134804
-0.1497
0.0874702
-0.166108
0.0520772
-0.0836292
-0.122009
0.258365
0.166811
-0.142132
-0.0941727
0.0852542
-0.21893
-0.0583279
0.0218531
0.388631
0.185584
0.191708
-0.0140947
-0.151195
-0.0754232
0.122096
-0.202882
-0.00909832
0.115656
-0.0147606
-0.0418129
0.0905665
-0.0968126
-0.0786295
-0.00256852
-0.130466
0.13721
0.138579
0.0356408
0.11627
-0.0628555
-0.132432
0.157604
-0.211004
-0.0333713
0.057543
0.04595
-0.126
-0.181706
-0.00233697
-0.187394
-0.119391
0.0815534
0.123997
0.109888
-0.0686376
-0.0222177
-0.241507
-0.0207767
0.0173223
0.0436487
0.213805
-0.0302655
-0.0592876
0.087988
0.158154
0.0665417
0.173303
-0.148667
0.0287173
0.0288288
-0.283605
-0.0815968
-0.148138
-0.0615531
0.175904
0.046275
-0.0937644
0.331944
0.29285
0.0995845
-0.0667029
-0.230965
-0.0218506
-0.171678
0.0906035
0.196686
0.238281
-0.13485
0.00293213
0.005535
0.117453
-0.00421804
0.161091
-0.254181
0.0206748
-0.078788
0.133496
-0.0882845
0.0198673
0.0127274
0.182413
-0.0347775
-0.0938059
-0.24038
-0.194092
-0.159309
0.235258
0.233257
0.177499
-0.198714
-0.267987
-0.146592
0.15832
0.145504
0.162795
0.0555186
0.0542833
0.124118
0.0142981
-0.111177
0.194221
0.085946
-0.433254
0.041668
-0.2506
-0.0104004
-0.0797299
-0.0844699
-0.108892
-0.166463
0.0344119
-0.154523
0.126378
-0.152
-0.053333
-0.116345
0.307195
-0.286815
0.0978354
0.212433
-0.0706168
0.196024
-0.194108
0.062038
0.032288
0.169771
0.18779
-0.302636
0.196777
-0.14306
-0.136531
0.00962896
0.229695
0.137722
-0.336179
-0.187087
-0.0741554
0.0822969
0.07539
-0.041212
0.376334
-0.115915
-0.0883249
0.00177268
0.0277255
0.128748
0.143944
0.249776
-0.0833202
0.101021
-0.017863
0.332463
-0.146687
-0.288197
0.151037
0.180288
0.0469578
0.0804392
-0.212164
0.146941
0.24569
0.0959611
0.0961593
0.118329
-0.277483
0.12209
0.141525
0.0276367
-0.0319158
-0.236298
0.102848
0.00539317
0.00913747
0.254072
0.322358
-0.0173825
-0.0441259
0.209706
0.149235
0.176714
0.206853
0.0891614
-0.260818
0.104148
0.270049
0.179463
-0.00644046
-0.0814274
0.251801
0.0410586
-0.0564055
0.195305
0.11963
-0.013554
0.10877
0.0241198
-0.131735
0.274205
0.0415035
-0.165088
0.0506695
0.0914868
0.198776
-0.0207527
-0.129954
0.253896
0.257499
-0.0147347
0.254534
-0.135532
-0.00680526
0.161881
0.200841
-0.012128
-0.050606
-0.0629438
-0.154462
-0.0955179
0.200413
0.164302
0.132202
0.175768
-0.170173
-0.182573
-0.205375
-0.207922
0.127859
0.00409154
0.193105
0.072934
0.115587
-0.0528264
0.269616
0.0293199
-0.0890459
0.16972
-0.0811868
0.024784
-0.0227086
0.112403
0.102012
-0.0110644
0.109002
0.14402
0.154868
-0.0566602
0.222638
0.244987
0.0370072
0.0327732
0.152122
0.0120182
-0.0993355
0.238968
-0.219835
-0.0546423
-0.0292324
0.0572925
0.0796619
-0.0578392
-0.0696495
-0.123063
-0.0394638
0.249831
-0.145708
0.0824515
-0.124381
0.0393008
0.314499
0.174551
-0.159374
-0.214114
0.123121
-0.0923307
-0.28489
0.0981379
-0.00854363
0.165068
0.0273371
-0.0175989
0.0764065
-0.0995786
0.00619984
0.0739614
0.047245
0.104212
-0.123962
-0.11772
0.317628
-0.0112727
-0.0951722
-0.154119
0.206934
0.217718
-0.0570924
0.0030327
-0.141552
-0.199289
-0.0287536
-0.0977067
0.381813
0.0649602
0.0273888
-0.0847448
0.056405
-0.0420098
0.11131
-0.0818912
0.0200162
-0.0788475
-0.11064
0.0621641
-0.0146003
-0.0240866
0.0385939
0.0607001
0.0967365
0.0571259
-0.168209
-0.0313035
-0.202911
0.130599
0.0110873
0.117301
0.110055
-0.0495313
-0.111986
0.0515189
-0.132234
0.253933
0.0301489
-0.110424
-0.08586
-0.0673338
-0.202628
0.0781895
-0.0568373
0.175106
0.15201
0.114693
-0.329553
0.0141826
-0.21298
0.0713392
0.00206547
-0.0282939
0.200635
0.0941362
-0.189729
0.104355
0.141489
0.0509789
-0.110918
-0.0534753
-0.102102
0.0113783
-0.0423306
0.114231
-0.342579
-0.254404
0.0772363
-0.0389663
-0.0821221
0.0674112
0.142337
-0.062853
-0.0185449
0.131523
0.25688
-0.26422
-0.199103
0.213404
-0.209846
0.0684351
0.0571407
-0.306015
-0.184816
-0.029809
0.0232014
0.206487
0.208827
-0.245892
0.0286137
0.155185
-0.0749244
-0.144431
0.474558
0.193308
0.108319
0.263902
-0.0411795
-0.129828
0.291107
0.129222
-0.193078
0.217487
-0.148111
-0.226222
-0.117885
-0.0589107
-0.277958
-0.00820828
-0.0668508
-0.0653964
0.173619
-0.34161
0.254579
-0.0969508
-0.020107
0.0813075
-0.120039
0.215048
-0.288162
-0.206719
-0.163709
-0.162872
-0.223656
-0.0742516
-0.0168227
0.0695927
0.208124
0.156663
0.198184
-0.110687
-0.0570226
0.102183
0.158043
-0.0476778
0.0395149
-0.0307563
0.0699213
0.125756
0.0538107
-0.0201377
-0.084256
0.175309
-0.290432
-0.0519684
0.0241922
0.10963
-0.0147084
-0.146159
0.0191334
0.0897491
0.224794
0.39605
-0.260857
-0.0463401
0.319627
0.184179
0.0994125
0.201692
0.0317111
0.340711
-0.0368016
-0.0823553
0.00381094
0.278771
-0.149519
-0.203771
0.271561
0.0795452
0.165521
-0.147166
-0.094404
0.0858624
0.160076
0.0874301
-0.197551
-0.0774781
0.0125481
0.109295
-0.188741
-0.158618
0.150723
0.0486651
0.0490188
0.0779962
0.00478419
0.184908
-0.164055
-0.060596
0.169946
0.0151463
-0.287937
0.176418
-0.2172
-0.097892
-0.0246147
0.178215
0.030679
0.203721
0.0218071
-0.119932
-0.177679
-0.222713
-0.0983401
-0.141292
-0.0997166
0.129732
0.0762006
0.0473365
0.0180892
-0.187434
0.000111689
0.116383
0.166807
-0.0792752
0.0355007
0.146179
0.292546
0.0896977
0.0881454
-0.0346353
0.0819471
-0.180291
-0.0405167
0.0904867
0.0877931
0.173695
0.0339745
-0.10233
0.19893
0.108618
-0.0573581
-0.114645
0.183863
0.174573
-0.146985
-0.285146
0.0879609
0.0298333
-0.000666529
-0.0499301
0.0384691
-0.0397473
0.0500702
0.0224975
-0.0385525
-0.129186
-0.135397
0.270309
0.133472
0.159699
0.0862498
0.273318
-0.25526
-0.0277191
-0.0339274
-0.163156
0.0985447
0.11695
0.0850715
0.172229
-0.0390221
0.0229553
0.00850071
-0.150072
-0.202469
-0.259806
-0.244009
0.0258183
0.167935
-0.0483824
-0.137072
-0.0214117
-0.302697
-0.0281299
-0.215889
-0.064236
-0.148465
-0.15539
0.269682
0.323034
0.143856
0.098296
-0.00541455
0.0315344
0.0254739
0.0794102
-0.0452085
0.319396
0.0418691
0.0468009
0.233483
-0.198992
0.0943287
0.0886938
-0.254624
0.0498732
0.349009
0.202877
-0.0793709
-0.083814
-0.0298111
-0.0694037
0.356754
-0.0773293
0.174608
0.0412746
-0.0323632
-0.0351404
0.162666
-0.0806269
-0.0555548
-0.178603
-0.203445
0.237168
-0.0898923
-0.118872
0.087477
0.146312
-0.214498
0.207683
-0.0936019
-0.332001
0.12681
-0.0640175
-0.0739026
-0.0653335
-0.191977
0.205242
-0.0151719
0.0023381
0.134111
-0.100755
-0.0808085
-0.0222993
-0.0696047
-0.134671
0.0869384
-0.139968
-0.04658
-0.145039
0.0883575
0.0271221
-0.241689
0.00828558
0.104868
0.21375
-0.0924782
0.0187004
0.145888
0.332546
-0.105384
0.152802
0.184192
-0.296293
0.110357
0.0735283
0.00172386
-0.0128416
-0.124827
-0.0503315
-0.0786708
-0.108026
0.114406
-0.32831
0.23185
-0.0425478
-0.108409
-0.192269
0.163841
-0.0902576
0.029735
-0.174355
0.309764
0.283757
-0.123396
-0.18069
0.175478
-0.0828382
-0.208884
0.188302
-0.0370828
-0.0627915
-0.131954
0.353345
-0.0130976
0.0095883
0.0366174
-0.135081
-0.194734
0.0304672
-0.017982
0.0625002
0.27547
-0.204884
-0.347447
0.112322
-0.0640869
-0.131521
-0.0921036
0.0364684
0.0741762
-0.192247
-0.0756136
0.00868194
0.0748678
-0.0430134
-0.355626
-0.199395
0.145553
-0.157217
-0.182058
0.0999475
0.0449659
-0.243572
0.00279445
-0.0278566
0.037597
-0.190111
-0.218012
-0.197244
-0.0718226
0.110264
0.00682571
0.0902475
0.12664
0.0647208
-0.159562
0.103259
-0.141008
0.0236421
0.17087
-0.140961
-0.000559098
0.0832199
0.0902161
0.253423
-0.0983743
0.134769
-0.058939
0.239771
0.182325
0.0297424
0.111067
-0.0932245
-0.186848
-0.19532
-0.0331494
0.215129
0.194205
-0.0789888
-0.0716445
-0.199763
-0.165027
-0.122714
0.0637224
0.193702
0.0845081
-0.156471
-0.0601099
-0.0912687
-0.0143071
-0.0610297
0.158006
0.171325
0.320531
-0.170161
-0.0816759
-0.0176379
0.130654
-0.0299779
0.093592
0.181105
-0.0316805
0.203601
0.0857641
0.00183246
0.0640384
-0.0179794
-0.0115999
0.0566652
0.123293
-0.0829879
0.148185
0.281429
-0.219613
-0.103953
-0.057376
-0.174616
0.0287081
-0.0271487
-0.149273
0.220117
0.202431
0.0697436
-0.139751
0.175217
0.276462
-0.321399
0.0449078
-0.250357
-0.189342
0.412873
0.054898
-0.0696924
0.115222
0.193518
-0.0880119
-0.0610817
0.190586
0.18523
-0.044864
0.15154
-0.212812
-0.226442
0.0595717
-0.176324
-0.0664401
0.0554473
-0.156125
-0.0506772
-0.0213571
0.0487891
0.0308937
0.0682893
-0.216014
0.0084687
0.0071631
-0.151853
0.0138058
0.101231
-0.174408
-0.186002
-0.0949413
-0.0632429
-0.00112445
-0.145437
-0.188465
-0.390505
0.10427
-0.0352606
-0.121315
-0.149729
0.193152
-0.0992299
-0.0668292
-0.328751
-0.0376335
0.00806023
-0.0708449
-0.054324
0.103651
-0.179196
-0.12143
-0.11706
0.193263
0.113607
0.0280467
-0.155419
-0.0684046
-0.235767
0.078997
0.0329459
0.181514
0.0516672
-0.119902
0.199998
-0.133363
-0.145431
-0.245658
-0.0952861
-0.0178498
0.26946
-0.23235
-0.0667346
-0.0934832
0.187508
0.200095
-0.132732
-0.163998
0.18162
0.211119
0.251605
0.0366606
0.131105
0.220422
-0.247362
0.0289117
-0.105993
0.17226
0.166156
0.0455932
0.156791
0.169162
0.158298
-0.00682662
-0.158202
-0.115941
0.271212
-0.0813687
-0.0914398
0.0683547
-0.165172
-0.0130511
-0.244432
-0.0926172
-0.0448645
0.078539
-0.134372
-0.0758442
0.292038
-0.0582136
-0.177158
0.0655413
-0.0400931
0.169158
-0.0896066
-0.0859621
-0.163299
0.0188372
-0.0620766
-0.108952
-0.0137599
-0.10842
-0.191268
-0.232363
0.00184721
0.0302806
-0.255848
0.180532
0.213961
-0.00857924
0.0146388
-0.20224
0.115957
-0.21602
-0.235867
0.0936868
0.0945721
-0.146204
-0.22283
-0.239913
0.198623
-0.154054
-0.113652
-0.0782661
0.00175525
-0.117811
0.218121
-0.031788
-0.129632
0.0640079
0.117512
-0.128028
0.0374638
-0.047155
0.166739
-0.0767898
-0.0884897
-0.0268652
0.0263008
0.077654
-0.284556
-0.0642664
-0.107195
-0.127036
-0.138463
-0.0761522
-0.140174
0.133975
0.179952
0.168345
-0.0587853
-0.0714736
0.0569427
0.00222209
0.22644
0.0506911
0.122544
-0.0671673
0.281409
0.0132104
-0.168642
0.0796044
0.020774
0.104443
0.285441
0.010426
-0.202151
-0.0536915
0.12525
-0.0223371
-0.140271
0.206303
-0.226427
0.0861801
0.104409
0.0252463
0.0361567
0.00630522
0.229961
-0.0810705
-0.172508
-0.169716
0.100579
-0.157977
0.0135968
0.305778
0.0920826
0.0779794
0.182036
-0.166293
0.183055
-0.057091
0.0796265
0.105482
0.24467
-0.111446
-0.155345
0.235748
-0.0374178
-0.143447
-0.092952
-0.00496577
-0.0478378
0.0721949
0.102315
-0.155419
-0.0960847
0.0985822
-0.0104181
-0.0494667
-0.151263
-0.13081
0.180296
0.0494687
-0.065739
-0.146102
-0.141298
-0.201714
0.234902
-0.148401
0.30554
0.0160951
0.299874
-0.0885664
0.125217
0.0414589
0.138504
0.00628324
888888
0.0667999
0.0438308
0.0454055
0.0541801
0.0678013
0.0505895
0.0392233
0.0436681
0.0614189
0.0555865
0.0425743
0.049444
0.0519085
0.057225
0.0391455
0.0838162
0.0688674
0.0490745
0.0560279
0.0412995
0.0527175
0.0514679
0.0678607
0.0475297
0.0324309
0.034101
0.0424032
0.0333608
0.0630384
0.0527251
0.038605
0.0435944
0.076588
0.0527928
0.0448916
0.0482998
0.0551613
0.0377757
0.0446904
0.0318078
0.0587518
0.0326102
0.0447103
0.0467242
0.0394976
0.0583121
0.0386182
0.0469235
0.0561428
0.0732054
0.0483849
0.0540203
0.0677122
0.0476799
0.0497423
0.0479696
0.0555648
0.0709166
0.0513189
0.0650182
0.0592003
0.0630871
0.0451895
0.058065
0.0534216
0.0456082
0.0575256
0.0581601
0.0421511
0.0556527
0.0532241
0.0748625
0.0503709
0.0357257
0.0412847
0.0446222
0.0577049
0.0590119
0.0672947
0.0476281
0.044533
0.0555141
0.0639088
0.0386494
0.0546244
0.0614425
0.0413777
0.0523491
0.0339119
0.0501444
0.0485438
0.0401864
0.0472883
0.0578727
0.074049
0.0540873
0.0773457
0.0490862
0.0374793
0.0350744
0.0614729
0.053145
0.0534476
0.0459048
0.0558934
0.0518667
0.0693531
0.0551
0.0565723
0.0436476
0.0660248
0.0612963
0.0477191
0.0412298
0.0624281
0.0479538
0.0428444
0.0583544
0.0488306
0.0570382
0.0558651
0.0469442
0.0310301
0.0490077
0.0646432
0.0383792
0.0580651
0.040915
0.0457608
0.0587332
0.0494107
0.0520696
0.0542172
0.0352181
0.0458608
0.0597132
0.044091
0.0512063
0.0706485
0.0457948
0.0356372
0.0510101
0.0494556
0.0538689
0.0479976
0.0769343
0.0490759
0.0624585
0.0483793
0.037448
0.054421
0.0378679
0.0780191
0.0549371
0.036315
0.0545943
0.0541194
0.0368815
0.0580388
0.0387387
0.0417144
0.0649148
0.0526807
0.0572912
0.0679353
0.046336
0.0399968
0.0467879
0.0597386
0.051382
0.0576789
0.0584305
0.0899852
0.0610847
0.0475382
0.0342126
0.0442293
0.0920852
0.066094
0.047576
0.036648
0.0544212
0.0412394
0.0466962
0.0632465
0.0387807
0.0476001
0.044078
0.0530536
0.0444867
0.0422371
0.0427567
0.0497221
0.0491936
0.0364532
0.0284844
0.0587483
0.0515244
0.0538003
0.0513272
0.0682253
0.0515621
0.063005
0.0702008
0.0418264
0.0474062
0.0503649
0.0359737
0.0480702
0.0549158
0.0665434
0.0444083
0.0539503
0.0543447
0.0368845
0.0554132
0.064597
0.0474554
0.0664162
0.0605771
0.0467288
0.052963
0.0536075
0.0451791
0.0472237
0.0341977
0.0471295
0.0563498
0.0400272
0.0302294
0.0416353
0.0506247
0.0738425
0.0360315
0.0301161
0.0405764
0.0529611
0.0458961
0.0427437
0.0329307
0.0663979
0.0397284
0.0424421
0.0518853
0.0605249
0.0376673
0.0418033
0.049727
0.0595793
0.0294945
0.0852384
0.0444061
0.0667086
0.0599877
0.0473477
0.0482749
0.0480621
0.0543351
0.041928
0.0528735
0.0590047
0.061619
0.0416668
0.0599891
0.0389734
0.0485375
0.0631391
0.0319369
0.064277
0.0487201
0.0535875
0.0337857
0.0279423
0.0501632
0.0610574
0.0398408
0.0606107
0.0476794
0.0422138
0.0565012
0.0626215
0.0346208
0.0452941
0.0567282
0.0366158
0.0465108
0.0527962
0.0347855
0.064649
0.0605076
0.059874
0.0567617
0.0561048
0.0629274
0.0425577
0.0556031
0.0608481
0.0668918
0.058551
0.0520151
0.0505449
0.0765819
0.0463407
0.0511234
0.067186
0.049308
0.05807
0.0885239
0.0412759
0.0430379
0.0406936
0.0358343
0.0457306
0.0541412
0.0785712
0.0470021
0.0528395
0.0413095
0.0411523
0.0350131
0.0321456
0.0536629
0.0336989
0.0388171
0.0665289
0.0509341
0.0575425
0.0731034
0.0515343
0.0664204
0.0505668
0.0372411
0.0588507
0.0654782
0.0419221
0.0619417
0.0452205
0.0558787
0.0452686
0.0343974
0.0607422
0.0358249
0.0353551
0.0461559
0.0381501
0.0746038
0.0739884
0.0354654
0.0436248
0.0702805
0.0274744
0.06584
0.0403823
0.0369494
0.0482856
0.0644229
0.0289852
0.042087
0.0377891
0.0513528
0.0510791
0.0815521
0.0416109
0.0531813
0.0647992
0.0421896
0.0610342
0.0450077
0.0450048
0.0713009
0.0348849
0.0341511
0.0383592
0.0484026
0.0395889
0.0542296
0.0544546
0.0566444
0.0607135
0.0648129
0.0581692
0.0560497
0.0521994
0.0439303
0.0526679
0.0681164
0.0830397
0.049164
0.0387611
0.0477716
0.0434322
0.0353735
0.0523603
0.0397813
0.0582388
0.0634759
0.0468429
0.0442114
0.0421264
0.0383191
0.0388525
0.0597417
0.046854
0.0574047
0.0655032
0.0563544
0.0558728
0.0650073
0.0549226
0.0527651
0.0656979
0.041646
0.071291
0.047438
0.0440334
0.0491685
0.0299081
0.0532019
0.0463735
0.0593511
0.048877
0.0354518
0.055382
0.0593106
0.051732
0.0518119
0.0747657
0.0598444
0.0435902
0.0616299
0.055154
0.0808938
0.0518699
0.0333281
0.0494081
0.0626191
0.059037
0.0483647
0.0409985
0.0354188
0.049839
0.0688402
0.0425261
0.0633831
0.0546947
0.0572707
0.0577588
0.0661443
0.0435443
0.0515455
0.0335271
0.0459479
0.0665278
0.0646363
0.0408445
0.0363269
0.0429515
0.043523
0.0512604
0.0487645
0.0492518
0.0460313
0.0600184
0.0425805
0.0489395
0.0403069
0.0465716
0.0483942
0.0477467
0.0306471
0.0685706
0.0502832
0.0587945
0.053145
0.0472017
0.0410537
0.0398353
0.0550971
0.0394365
0.0398524
0.0523192
0.0249328
0.0544932
0.0451364
0.0558928
0.0469752
0.070443
0.0593939
0.0552323
0.0508183
0.0478459
0.0688521
0.0498014
0.0379197
0.0376595
0.0470514
0.0583275
0.0581955
0.0531144
0.0427116
0.0461367
0.0470824
0.0515206
0.078446
0.0350034
0.039851
0.0436265
0.0612423
0.0516304
0.0471713
0.0530935
0.0638154
0.0575932
0.0378118
0.0455533
0.0491333
0.0685742
0.0457327
0.0540658
0.0391178
0.0510232
0.0417201
0.0515281
0.0792969
0.0513248
0.0468416
0.0407892
0.0418926
0.0452249
0.0353009
0.0525028
0.0480695
0.0542813
0.0476949
0.0369894
0.0543671
0.0693188
0.0530578
0.0474343
0.0549132
0.0443728
0.0334008
0.0340695
0.038037
0.0424911
0.0361011
0.0702404
0.0315373
0.0504047
0.0473314
0.0411331
0.0574828
0.0504678
0.0594065
0.0454554
0.0582866
0.0366806
0.0430725
0.0327162
0.0378186
0.0659572
0.0469429
0.0516367
0.0520245
0.0636629
0.0667084
0.0804209
0.0704939
0.0675403
0.0492758
0.0488039
0.0584365
0.0618192
0.0432194
0.0564488
0.063617
0.0454125
0.0523039
0.0380409
0.0767342
0.0565947
0.0462873
0.0429627
0.0561081
0.0591881
0.0514498
0.0530477
0.0613254
0.0296222
0.0432897
0.0398554
0.0499453
0.0450891
0.0558791
0.0680556
0.063541
0.0496342
0.0509899
0.0561571
0.0390584
0.0585524
0.0430436
0.0584375
0.0429257
0.0435196
0.0637159
0.0506622
0.0558717
0.0672631
0.0590021
0.0577512
0.0575415
0.0510932
0.0458476
0.0476605
0.0708101
0.0520405
0.0451006
0.0365634
0.0622184
0.0684376
0.0493085
0.0577774
0.0309112
0.0446537
0.0363462
0.0469268
0.0533054
0.0496754
0.0425141
0.0404369
0.040178
0.0279448
0.0442822
0.0343406
0.0773916
0.0490745
0.0673052
0.05274
0.0505541
0.0477727
0.0630788
0.0399187
0.0381707
0.0746021
0.037944
0.0511402
0.0731574
0.0598784
0.0434633
0.0426184
0.0518713
0.0603713
0.0363262
0.0525957
0.0485293
0.0517533
0.0363037
0.0374158
0.0574609
0.0497122
0.0481504
0.0447093
0.0441605
0.0533743
0.0472081
0.04119
0.0518328
0.0558663
0.0483206
0.047658
0.0382933
0.0454228
0.0602808
0.0469585
0.0693868
0.0665506
0.055756
0.053775
0.0509823
0.0562771
0.0591852
0.046318
0.0487641
0.0620659
0.0649973
0.0381956
0.042345
0.0461953
0.0557963
0.0704884
0.0352071
0.0383121
0.0421317
0.0434564
0.0415051
0.0382414
0.0589721
0.0555753
0.0285461
0.0558987
0.0652052
0.0738207
0.0667946
0.0446771
0.0491859
0.0570705
0.0461064
0.0666526
0.0532371
0.0575221
0.0540747
0.0526372
0.0637315
0.0436686
0.0515578
0.0466498
0.0490081
0.0493475
0.0553952
0.0491633
0.0466792
0.0544629
0.068404
0.0594006
0.0418119
0.0274521
0.038365
0.0460165
0.0426138
0.0524584
0.065838
0.0842736
0.0392298
0.0504229
0.0440422
0.0413411
0.0655875
0.0439967
0.0512236
0.0481539
0.0581541
0.0700411
0.0459032
0.0431541
0.0378983
0.0391736
0.0418431
0.0478615
0.0494565
0.067432
0.0399789
0.0529988
0.0550693
0.0589737
0.0447333
0.030789
0.0422202
0.043671
0.088133
0.0562874
0.0300391
0.0507734
0.0596316
0.0576088
0.0607961
0.0628816
0.044836
0.0655348
0.048993
0.0518257
0.0617765
0.0425953
0.0338281
0.0571424
0.0578088
0.0742804
0.0577327
0.0404669
0.0496948
0.0634557
0.037052
0.0537876
0.0466655
0.0433606
0.0350647
0.0504874
0.0649744
0.0508403
0.0473876
0.0544343
0.0533217
0.0444086
0.0430621
0.0524348
0.0667149
0.0433131
0.0549999
0.052145
0.040032
0.0528159
0.0417644
0.0523621
0.0459195
0.0437498
0.0561788
0.0397307
0.054358
0.0469307
0.0582314
0.0319008
0.0474432
0.0470078
0.0497512
0.0407151
0.0402583
0.0550353
0.0481955
0.051063
0.0520431
0.0358855
0.0543241
0.0317528
0.0397195
0.0518116
0.0576783
0.0475592
0.0468466
0.0624458
0.0605622
0.0584718
0.0570008
0.04145
0.034861
0.0409675
0.0637807
0.0619275
0.0411809
0.0796154
0.0591214
0.0459627
0.0446502
0.0515858
0.0354893
0.0417359
0.0587473
0.0662348
0.0401292
0.0268753
0.0452988
0.0507305
0.0635749
0.0567876
0.0777129
0.0496529
0.0489383
0.0703377
0.0351311
0.100919
0.0664565
0.0736624
0.0533676
0.0406595
0.0451306
0.0368929
0.0478273
0.0888018
0.0588807
0.0363663
0.0414638
0.0515172
0.0551943
0.0587385
0.0428208
0.0530978
0.0528952
0.0462444
0.0547009
0.0443255
0.0598197
0.065184
0.0611421
0.0383846
0.0523144
0.0799243
0.0625806
0.0620813
0.0426135
0.0509761
0.0320512
0.0540486
0.0478975
0.0670238
0.0540652
0.034859
0.0472714
0.0755593
0.051074
0.0419998
0.0693169
0.0785375
0.0375494
0.0462288
0.054671
0.0542222
0.0401095
0.0585909
0.0429663
0.0467359
0.0503932
0.0526489
0.0331473
0.066203
0.0503308
0.0394957
0.0352499
0.0630753
0.0604479
0.0409277
0.0659336
0.029366
0.0700976
0.0523526
0.049575
0.0444939
0.0385414
0.069704
0.0454068
0.0384363
0.0583571
0.0489767
0.0654209
0.0501978
0.0491695
0.0455842
0.0504009
0.0333572
0.0395076
0.0398026
0.044123
0.0408399
0.0397629
0.0686641
0.0646439
0.0487788
0.0553191
0.0682091
0.0434609
0.0215661
0.044484
0.0323964
0.048798
0.0388648
0.0736353
0.0438799
0.0476277
0.0691803
0.0563904
0.0600339
0.0478863
0.0388874
0.0622831
0.0511156
0.0624847
0.0559007
0.0758628
0.032619
0.0519286
0.0488844
0.0294575
0.0661889
0.0341384
0.0642904
0.0313848
0.0464326
0.0392017
0.0540254
0.0617246
0.064277
0.0668538
0.0444727
0.0509416
0.0435065
0.0445253
0.0439802
0.0512957
0.0534064
0.0481338
0.0647678
0.0408751
0.0426678
0.0500678
0.0635258
0.0468603
0.0336702
0.0543377
0.0704952
0.0534967
0.0383606
0.0453543
0.0544024
0.0661063
0.0530994
0.0412508
0.059452
0.0463365
0.0538491
0.0322122
0.0528768
0.059477
0.029024
0.0546893
0.0574326
0.0365237
0.0415047
0.0534045
0.0591341
0.0444485
0.0492348
0.090419
0.049266
0.0387349
0.0308756
0.0514771
0.0388057
0.0493957
0.0611121
0.0522239
0.0451932
0.0453381
0.0349124
0.0665145
0.056922
0.0518818
0.0419637
0.0557886
0.0643514
0.0417216
0.0452749
0.0672302
0.0558929
0.0602843
0.0395753
0.0443292
0.0700263
0.0355862
0.0439683
0.0770674
0.0441316
0.0362537
0.0548395
0.0530519
0.056107
0.0343372
0.0457668
0.0664087
0.0368187
0.0392919
0.0450127
0.0670812
0.0495116
0.0473935
0.0513005
0.0441346
0.0461556
0.0467541
0.0308868
0.0595159
0.0408176
0.0434964
0.0442415
0.0244101
0.045464
0.0621533
0.0477231
0.0435938
0.0559487
0.0689553
0.067714
0.0555482
0.0418547
0.046796
0.0418533
0.0514107
0.0450896
0.0488057
0.0774816
0.0612104
0.043035
0.0310707
0.0460651
0.079406
0.0713611
0.0488661
0.0431637
0.0382138
0.064028
0.0351048
0.0492923
0.0520951
0.0591097
0.0381248
0.0566349
0.0462634
0.0525355
0.0373021
0.0516729
0.0445203
0.0559668
0.0465342
0.0389277
0.0457838
0.0364108
0.048924
0.0757177
0.0487948
0.0454303
0.0470649
0.0336481
0.055806
0.0452204
0.0527032
0.0288607
0.0370735
0.0504427
0.061827
0.0450835
0.0617033
0.0518001
0.0633143
0.0407323
0.0453295
0.0656709
0.0347386
0.0474283
0.0667899
0.068195
0.0309551
0.0503952
0.0493051
0.0515082
0.0481051
0.0371421
0.0440637
0.0410067
0.057978
0.0623059
0.0605417
0.0521089
0.0514574
0.055963
0.0468189
0.0466976
0.0595224
0.0502052
0.0690379
0.0552656
0.054521
0.047426
0.0620904
0.050807
0.0301249
0.0605182
0.055682
0.0428619
0.0475728
0.0424793
0.0387092
0.0645498
0.0407237
0.0582796
0.0423583
0.0624514
0.050513
0.0702148
0.0452072
0.0512975
0.0468686
0.0523487
0.0535497
0.0594153
0.0573439
0.0429035
0.0375001
0.0528914
0.0596967
0.0462752
0.0584769
0.0542069
0.0762146
0.0558386
0.0437102
0.0441411
0.0521479
0.0366941
0.0844594
0.0517588
0.034994
0.0479284
0.0410662
0.0572379
0.0479818
0.0659922
0.0424924
0.0297502
0.0637523
0.0614061
0.0525273
0.0600904
0.0441803
0.0346519
0.0690757
0.0705611
0.050339
0.0502489
0.0395638
0.0439385
0.0632571
0.0441566
0.0508408
0.0475974
0.0368891
0.0496452
0.0479353
0.0315709
0.0568013
0.0467892
0.0502584
0.0603014
0.0383325
0.049167
0.0505864
0.0385766
0.0487047
0.0450487
0.0448776
0.0431696
0.0641562
0.0535389
0.0516579
0.0590372
0.0541794
0.0703819
0.0417395
0.0519468
0.0685591
0.0453146
0.0455054
0.0386444
0.0390801
0.0538799
0.0480739
0.0643472
0.0547774
0.0554006
0.0580158
0.0326384
0.0386125
0.0532048
0.0578137
0.0268319
0.0608705
0.0441444
0.0498668
0.0546207
0.0820879
0.031077
0.046304
0.0443299
0.0458776
0.0637019
0.0444234
0.0601153
0.0513534
0.0381589
0.0725728
0.041543
0.0384366
0.06102
0.0417966
0.046614
0.0435193
0.0393135
0.0752057
0.0517069
0.0520751
0.0518954
0.0434616
0.0404186
0.0506732
0.0574306
0.0396064
0.0631777
0.0372072
0.0615908
0.0671147
0.0480429
0.0523414
0.0635377
0.0423944
0.0413648
0.0634597
0.0391994
0.0496823
0.0496729
0.0473121
0.0474245
0.0457417
0.0531272
0.0547295
0.0801404
0.0564102
0.0437041
0.050719
0.0565793
0.0660285
0.0392685
0.0459082
0.0395701
0.05673
0.0579112
0.062271
0.0510881
0.0490495
0.0406936
0.0677059
0.0435113
0.0630548
0.042881
0.0498973
0.0487153
0.0371169
0.0468666
0.0552533
0.0613488
0.0395279
0.0489635
0.0415926
0.041302
0.0395022
0.0373389
0.0602033
0.0582703
0.0572454
0.0659646
0.0471448
0.0307129
0.0370432
0.0502022
0.0691587
0.041205
0.0501165
0.0540897
0.034079
0.0647312
0.0357037
0.0375259
0.0438462
0.0363385
0.0364438
0.0470973
0.0492994
0.0416055
0.0482769
0.0646546
0.0470757
0.0478489
0.028954
0.0545977
0.0462182
0.0390456
0.0732885
0.0560576
0.057096
0.0478697
0.0426321
0.0603688
0.0445859
0.0613731
0.0606298
0.0459802
0.0471584
0.0646742
0.0606913
0.0318051
0.0499448
0.0486932
0.0537734
0.0449643
0.0460463
0.0434467
0.0667644
0.0643195
0.0640458
0.052686
0.0530795
0.0477243
0.0576939
0.0453642
0.055025
0.0412129
0.0344989
0.048879
0.0486069
0.0512104
0.0476433
0.0485399
0.0464677
0.070021
0.0379969
0.0598151
0.0780511
0.0748366
0.0532956
0.0326996
0.0312049
0.0486065
0.0619144
0.0397171
0.0568179
0.0485059
0.0412341
0.0561284
0.0627941
0.0544228
0.0336843
0.0757687
0.106545
0.06145
0.0612911
0.0456977
0.0472858
0.067441
0.0356794
0.052501
0.0491507
0.0320718
0.0506993
0.0600502
0.0629241
0.0687099
0.0494764
0.0597894
0.0485581
0.108948
0.0339874
0.0403201
0.0441423
0.0353424
0.0887477
0.045958
0.038477
0.0665165
0.045973
0.053798
0.054737
0.0450493
0.0681209
0.0354524
0.0363735
0.0494153
0.0455573
0.0535361
0.0716197
0.0400559
0.0344603
0.0428716
0.0622091
0.0550048
0.0509591
0.0467199
0.049056
0.0362407
0.0772
0.0474899
0.0430767
0.0698575
0.0762592
0.0480555
0.0354571
0.0303094
0.0659245
0.0563537
0.0356537
0.0550433
0.0537978
0.0421939
0.0325339
0.0328707
0.040599
0.0385943
0.0410333
0.0552038
0.0457599
0.0304657
0.0521915
0.0363813
0.0585086
0.0544072
0.0646544
0.0454541
0.0656831
0.0520054
0.0531206
0.0307812
0.0510501
0.0359265
0.0564199
0.0437274
0.0504779
0.0562536
0.0511381
0.0492944
0.0497442
0.042754
0.057185
0.0402835
0.0606219
0.0617779
0.0453548
0.0616853
0.0380625
0.0780553
0.057392
0.0589183
0.0497831
0.0570667
0.0374463
0.0393565
0.0691466
0.0806304
0.0498876
0.0465992
0.0477388
0.056679
0.090519
0.0529199
0.0468275
0.0387896
0.0555644
0.0665357
0.0513733
0.0544865
0.0396979
0.0611343
0.0466607
0.0411488
0.0504644
0.0371336
0.0882547
0.0546917
0.0468368
0.0706058
0.0416833
0.0374882
0.0664192
0.0499037
0.0548058
0.0556291
0.0620698
0.055047
0.0348578
0.0702681
0.0542886
0.0424239
0.0346556
0.0569958
0.0548235
0.0559954
0.0601937
0.0541442
0.0760746
0.0434542
0.0482857
0.0341027
0.0414818
0.0464327
0.0322785
0.059107
0.0596104
0.0554704
0.0402897
0.0534903
0.0593738
0.0473962
0.0445341
0.0602685
0.0430419
0.0409935
0.0426213
0.0648289
0.0709025
0.0518678
0.0438814
0.0532218
0.0543966
0.07559
0.0498324
0.0758861
0.0417787
0.0522983
0.0430782
0.047341
0.056548
0.0329383
0.0384048
0.0354934
0.0458147
0.0516915
0.036405
0.0394635
0.0384901
0.0411475
0.0398491
0.059926
0.0521572
0.0548337
0.0682408
0.0351386
0.0409047
0.0353252
0.058164
0.0493348
0.0373841
0.0666027
0.0575549
0.0636771
0.0655193
0.0549051
0.073638
0.0401994
0.0489143
0.0356663
0.0411667
0.052173
0.0398721
0.0387465
0.0453132
0.0462439
0.0609846
0.0458539
0.0381138
0.0457036
0.0516461
0.0368133
0.0614766
0.0549528
0.0737189
0.0560579
0.0543165
0.0496553
0.0559611
0.0509761
0.0357961
0.0675463
0.0525453
0.0577438
0.0551814
0.049566
0.0850324
0.0737413
0.0589249
0.0597584
0.0531429
0.0304352
0.0606311
0.0517322
0.0444095
0.0591375
0.0701364
0.0496724
0.0424407
0.0864173
0.0726526
0.070372
0.0472951
0.0665412
0.0449132
0.0428165
0.0701461
0.0790615
0.0389608
0.0581408
0.0645078
0.043617
0.0434251
0.0578264
0.0642538
0.0662681
0.0474609
777777