2.57023
999999
0.213705
-0.0676264
-0.246057
-0.0366895
-0.135552
0.102405
-0.0307895
-0.114313
0.324896
0.021959
-0.0114651
-0.258647
-0.237685
0.0753822
0.0271321
0.189129
0.0533757
0.169177
0.311499
0.0859673
0.105487
0.356999
0.0297325
0.119483
-0.147941
-0.055701
0.209743
-0.263035
0.166391
0.11863
-0.0405127
0.0561806
-0.255845
0.143406
-0.150807
-0.0600466
0.332184
-0.0217507
-0.0680188
0.184551
-0.051871
-0.212924
0.115191
-0.126487
0.00114406
0.128943
-0.152411
-0.00173333
0.153542
-0.196628
0.0802082
0.147167
-0.170773
0.107934
-0.106032
0.032007
0.0123089
0.22233
-0.222108
0.0629197
0.0998131
0.17138
-0.100336
0.14313
0.0142045
-0.0368017
0.180897
0.108986
0.0828987
0.0548116
-0.211688
0.0253656
-0.083195
0.0274226
-0.13513
0.212052
0.0757825
-0.387049
0.0682
-0.161635
-0.0264798
-0.0342061
-0.166452
0.176702
-0.203232
0.103275
-0.0360409
-0.00821126
-0.0551153
-0.124534
-0.0283377
0.00351366
0.0276798
0.0179177
0.00292965
-0.0631964
-0.141413
-0.336119
-0.151115
-0.101986
-0.0311832
0.138593
0.117991
0.0202489
0.210995
0.15246
0.163602
-0.161979
-0.0170162
-0.171847
0.157023
0.219666
-0.0890146
-0.058839
0.0579549
0.111898
-0.284956
0.17152
0.166501
-0.21454
0.0448414
0.228992
-0.116155
0.0208946
-0.231062
-0.178522
0.179739
-0.0109593
-0.0935868
-0.0506075
-0.135401
0.134068
-0.0208077
0.169979
0.0695794
-0.0117382
-0.0101205
-0.0339665
-0.0416754
0.0469038
-0.219946
0.114509
-0.248631
0.080794
0.152379
0.0727425
0.134128
-0.028418
-0.144808
-0.194756
0.00522298
0.212603
-0.122158
0.223247
0.3207
0.00806252
0.0616779
0.0847762
0.0203943
-0.348783
0.182766
0.0372846
-0.0916422
-0.17594
-0.0949407
-0.230755
-0.0402043
-0.00313831
0.333358
0.091565
-0.130962
0.0337073
-0.136395
-0.063462
-0.0259985
-0.214174
-0.192194
-0.229384
0.238265
0.0658156
-0.149467
-0.223719
0.0255748
0.114315
-0.412504
-0.145587
0.401524
-0.166963
-0.148804
0.101115
-0.1181
0.0108926
-0.0920853
0.00438679
0.261835
0.16162
0.221856
-0.30873
0.148713
0.105117
-0.223876
-0.0217309
-0.09284
0.177584
-0.0320464
-0.0908121
-0.0220112
0.0858718
-0.175682
-0.0796115
0.1058
0.125594
0.168968
-0.0580348
0.278513
-0.202805
0.277322
0.0264598
-0.0664716
0.0473913
-0.135263
0.0698957
0.316812
0.0788254
-0.210244
0.0588001
-0.168561
0.0489357
0.115566
0.00881747
0.0869677
0.333226
0.230217
-0.247312
0.156374
0.134443
-0.0525179
-0.105422
0.148022
-0.18892
0.285944
-0.121171
0.00312738
-0.0837351
0.249442
-0.165554
-0.0289638
-0.103158
-0.076285
-0.236088
-0.260808
0.303038
0.0276945
0.102817
0.0220328
0.0925168
0.168376
-0.397799
-0.328233
-0.0948135
0.206827
0.253024
0.0403998
0.0360014
0.173763
-0.0772959
0.0240577
0.118617
0.297745
0.0197315
0.289926
-0.18917
0.0932957
-0.218378
-0.109179
0.175981
0.0368187
-0.241608
0.000378775
0.182382
-0.177801
-0.134906
-0.339062
0.198025
0.324234
0.102149
0.0676042
0.100417
0.0669959
-0.411735
-0.0252894
0.0343859
-0.0345124
-0.252767
-0.0544424
-0.171704
0.177401
-0.0376128
0.104338
-0.220327
0.116913
0.216061
-0.199177
0.0739941
-0.174696
-0.0792671
0.122356
0.141022
0.0285891
0.158756
-0.220003
0.113859
0.13123
-0.15808
-0.341537
-0.0395702
0.0286816
0.359745
0.0721631
0.170029
-0.222164
-0.0381924
-0.0412373
-0.0117457
-0.0996997
-0.0555575
0.129795
-0.0777139
0.217733
0.171597
0.00875149
-0.330418
-0.161082
0.0738716
0.13724
0.0887786
-0.0926944
0.0236203
0.0679933
-0.0952987
0.38787
0.203966
-0.0360529
0.0517198
0.116315
0.0526099
0.167736
-0.105518
-0.0215487
0.00988319
0.0774634
-0.0746571
0.160472
-0.20667
-0.14307
-0.18753
-0.189818
0.224319
0.213698
0.265666
-0.143891
0.297295
0.05448
0.141742
-0.388948
0.0984432
0.0618627
-0.15425
-0.165735
-0.123427
0.0638633
-0.0728221
-0.0241785
0.0457127
0.348524
-0.127801
0.0477151
0.0111907
-0.0918902
-0.126494
0.0706652
0.11871
-0.337133
-0.0851821
0.105515
-0.242829
0.352336
0.209698
-0.0529009
-0.19304
0.103493
0.103135
-0.156375
-0.166306
-0.223585
-0.0557331
-0.153983
0.178237
-0.0888416
0.0687652
0.174584
0.0402682
-0.0444992
0.131693
0.173848
0.0430552
-0.0210927
0.127933
0.0390724
0.146193
0.0982937
-0.128007
-0.0731171
-0.11299
0.100791
-0.217161
-0.212751
-0.029892
0.00286686
0.1652
0.113528
0.0701202
-0.162616
-0.336528
0.0409997
-0.00311003
-0.260566
0.206219
0.147775
0.280132
0.114847
0.29145
0.0399422
0.106563
-0.00758124
-0.136665
-0.140548
-0.0419369
-0.0754784
0.18996
0.107295
0.20896
0.0732294
0.0781938
0.251731
0.169465
-0.220854
-0.115241
-0.0025326
-0.237592
0.0428347
0.178625
-0.00129976
0.139465
0.175712
0.052967
-0.182878
-0.138577
-0.095578
0.0486204
0.0264477
0.0870372
-0.0878193
0.0399328
-0.330081
-0.232012
-0.0598541
-0.219811
0.0679156
-0.0318177
-0.13901
0.0420489
0.0151624
0.075581
-0.076356
0.211425
-0.138045
0.284363
0.126284
0.130143
-0.250812
0.0674736
0.121817
-0.100871
0.126673
0.333635
-0.209425
0.220079
0.269569
0.215632
0.0232803
0.0254843
0.220795
0.00450598
-0.124411
-0.229783
0.0121897
-0.0729811
0.0328133
0.12151
0.278972
-0.0370616
0.106013
0.142083
-0.180838
0.221037
0.238592
0.049143
0.314898
-0.186958
-0.189943
0.0400474
-0.152109
0.0631329
0.103682
0.124049
0.0552467
-0.163099
-0.543607
0.0549339
-0.0766713
0.166573
-0.0913302
0.0381904
-0.300598
0.188602
0.0149403
-0.122819
0.318114
-0.0739492
0.0104484
-0.114006
0.163744
0.178809
0.197239
0.107452
0.222113
-0.145232
-0.10022
0.0107799
0.207149
0.0155399
-0.270481
0.0358792
-0.0762395
0.177201
-0.210367
0.0877103
0.218412
-0.223235
0.107635
-0.227608
0.0230227
-0.040078
0.100166
-0.0126882
-0.38111
0.149774
0.228296
-0.164804
0.109079
0.096922
0.253699
-0.198752
0.090685
-0.118504
0.223109
-0.104029
-0.0713726
-0.0407262
-0.112753
-0.00400058
-0.10914
0.284233
-0.300937
0.093557
0.259656
-0.145406
-0.108309
-0.532604
-0.412321
-0.242122
-0.127408
-0.0758916
-0.0451128
-0.0235341
0.0582074
0.0672601
-0.164148
-0.0044218
-0.0800088
-0.12246
-0.156573
-0.0923801
-0.101388
0.0743687
0.185693
-0.0624198
-0.0849405
-0.063705
0.00339537
-0.0165952
-0.107206
0.2913
0.0951795
-0.0993911
0.0698899
0.0263709
0.142831
-0.0377646
-0.0952618
-0.0638787
-0.0204063
0.273703
-0.136431
-0.00350305
0.278263
0.109454
-0.0359024
0.000192557
0.302173
-0.160697
0.197052
0.187347
-0.0547984
-0.0882573
-0.0772795
-0.205166
-0.123742
0.138568
-0.132134
-0.136583
0.0258973
-0.150595
0.0683176
-0.0433639
-0.0787048
0.346813
0.225724
-0.122036
-0.145079
0.0543922
-0.25131
-0.090317
0.0875951
0.422008
0.193203
0.186402
-0.0156194
-0.200099
-0.0551254
0.0833101
-0.286103
-0.0391098
0.000812171
0.0900225
0.00412785
0.107972
-0.0871445
-0.00562708
-0.0375649
-0.150746
0.101419
0.133528
0.0689358
0.0786864
-0.0434184
-0.148437
0.0437513
-0.114765
-0.097802
0.0765496
0.0786328
-0.146742
-0.210349
-0.00740363
-0.250376
-0.0881269
0.0328246
0.0849092
0.13182
-0.0509841
-0.108972
-0.22035
-0.0992789
-0.0060787
-0.0537081
0.196073
-0.0104702
0.0464724
0.0885201
0.141024
0.0965394
0.193996
-0.158963
0.0920925
0.0719653
-0.314454
-0.0749245
-0.190852
-0.0699102
0.218765
0.0221611
-0.0139345
0.377322
0.287771
0.120545
-0.0127744
-0.143947
-0.0733278
-0.223971
0.171092
0.15757
0.207494
-0.0926403
-0.0216649
-0.017813
0.13407
0.0138496
0.183848
-0.24521
0.0343955
-0.00649557
-0.00234243
-0.0893432
-0.0314759
0.0394399
0.146827
-0.0903356
-0.077873
-0.234689
-0.111472
-0.175144
0.230925
0.281342
0.127726
-0.172329
-0.270465
-0.121426
0.109051
0.174107
0.177032
0.126375
-0.0143079
0.0856964
-0.00312739
-0.0878451
0.256496
0.137622
-0.45847
0.127787
-0.214004
0.0341444
0.0975979
-0.0848785
-0.0019996
-0.146557
0.0389141
-0.0932312
0.0581368
-0.152008
-0.0471525
-0.0731256
0.278204
-0.204592
0.0720543
0.225419
-0.052443
0.254429
-0.23798
0.0933098
0.133648
0.244072
0.170179
-0.379045
0.239569
-0.103345
-0.139481
0.0561546
0.19147
0.0859582
-0.362206
-0.376221
-0.0985267
0.107598
0.0580292
-0.0340628
0.366486
-0.0777567
-0.00390883
-0.0350887
0.0317549
0.0545971
0.128453
0.248839
-0.0717124
0.135276
0.00133782
0.407062
-0.136914
-0.345247
0.21642
0.176242
0.00820609
0.0506646
-0.201454
0.155159
0.231288
0.0828529
0.105121
0.156809
-0.280885
0.127022
0.0792428
0.0397489
-0.06342
-0.260804
0.0438497
0.061511
-0.0288584
0.281224
0.322688
0.000932419
-0.0258034
0.156832
0.155042
0.210821
0.163319
0.235712
-0.260967
0.0398621
0.148395
0.224886
-0.0290003
-0.0966549
0.268985
-0.0357199
-0.0519754
0.220846
0.0895501
-0.140349
0.105158
-0.0494308
-0.129841
0.320211
-0.025993
-0.111103
-0.0498967
0.0608986
0.165351
0.00421261
-0.207675
0.340628
0.170133
-0.0144849
0.329847
-0.18044
-0.0126745
0.251617
0.137477
-0.166063
-0.120482
-0.0396153
-0.0864428
-0.118594
0.195037
0.230542
0.0980304
0.154936
-0.119593
-0.142521
-0.283515
-0.188817
0.0638513
0.0845696
0.233855
0.065076
-0.0086094
-0.0147915
0.276103
0.0437867
-0.0914908
0.181411
-0.120271
-0.0690739
-0.121633
0.0805746
0.192499
-0.0434655
0.090545
0.179616
0.0906732
-0.138241
0.366224
0.220293
0.0713457
0.120088
0.255781
0.00604493
-0.129831
0.208868
-0.281071
0.0571606
-0.0377221
0.164453
-0.0105341
-0.0751596
-0.0797278
-0.147823
0.0183429
0.308339
-0.141907
0.12984
-0.119622
0.0479088
0.261193
0.227408
-0.230781
-0.197416
0.0427257
-0.157077
-0.257614
0.0620724
-0.062914
0.242523
0.0579063
-0.0524698
0.0246913
-0.178599
0.0618649
0.0283398
-0.00639716
0.163528
-0.129234
-0.103265
0.251612
-0.0392293
-0.0610943
-0.123277
0.217753
0.18058
-0.107546
-0.0212729
-0.0590877
-0.165216
0.0789313
-0.136428
0.370532
0.0632405
0.0173997
-0.0338904
0.070763
-0.106988
-0.00139866
-0.0538919
0.119303
0.0484571
-0.0852624
0.00509574
0.0658003
-0.0171692
0.0208493
0.0780944
0.10728
0.0708321
-0.171492
0.0238347
-0.233884
0.158915
0.00340714
0.152657
0.0709656
-0.0522404
-0.124036
0.0433221
-0.155526
0.257176
0.118613
-0.0428867
-0.139638
-0.099427
-0.080368
0.136993
-0.00665909
0.178661
0.104056
-0.00558654
-0.335509
0.066577
-0.163527
0.0275003
-0.130228
-0.0771825
0.0961056
0.123029
-0.200107
0.0704238
0.18415
0.00604554
-0.112515
-0.0606336
-0.114371
0.0173432
-0.0826553
0.112905
-0.363772
-0.285657
0.115005
-0.106234
-0.0515959
0.0777435
0.120252
-0.134024
-0.0225413
0.119578
0.208106
-0.310957
-0.216261
0.216114
-0.264644
0.0438929
0.131453
-0.30299
-0.226245
0.00338072
-0.014921
0.191145
0.260404
-0.328193
-0.0274721
0.1569
-0.06244
-0.272799
0.408792
0.233121
0.113632
0.355948
-0.115645
-0.114735
0.222974
0.153665
-0.0753745
0.251629
-0.191593
-0.140297
-0.130167
-0.0575808
-0.236338
-0.0189698
-0.0962606
-0.07939
0.137658
-0.438717
0.248181
-0.110861
0.0326449
0.115805
-0.109813
0.246468
-0.3272
-0.132985
-0.15456
-0.0874379
-0.180293
-0.117045
-0.0016588
0.0783942
0.20569
0.177495
0.255808
-0.125099
-0.026146
0.113765
0.021398
-0.00310171
0.0466071
-0.0474094
0.128073
0.134624
0.12916
-0.0265975
-0.0921091
0.137391
-0.311903
-0.0747364
0.0406725
0.126359
0.0296791
-0.082809
0.00405438
0.0913675
0.334659
0.365853
-0.153288
-0.0369863
0.252222
0.176949
0.0981424
0.148991
-0.00924957
0.33413
0.00765953
0.0345723
0.0165942
0.352486
-0.190568
-0.204698
0.278861
0.0456923
0.220594
-0.120052
-0.112177
0.082404
0.133279
0.140661
-0.219247
-0.0873145
0.0734791
0.161674
-0.167666
-0.179837
0.117225
0.0344125
0.0508814
0.0960859
-0.0302314
0.196376
-0.126986
-0.0978307
0.199239
0.032207
-0.284652
0.178867
-0.205406
-0.097019
0.110772
0.169515
0.0712942
0.228036
0.0275382
-0.0891275
-0.109054
-0.201736
-0.117585
-0.0812569
-0.00168724
0.153116
0.0159758
0.0146057
0.110466
-0.169234
-0.0845004
0.160817
0.119094
-0.0609672
-0.0295578
0.115039
0.217134
0.0253311
0.0773336
-0.0504674
0.0854951
-0.167633
-0.0662966
0.146499
0.0428974
0.140681
0.0207973
-0.112402
0.216035
0.116567
0.0247052
-0.121403
0.170981
0.130615
-0.0704523
-0.228236
0.0938388
0.0467549
-0.00043059
0.00476278
-0.0278862
-0.0985373
0.0495161
0.00716185
-0.0514315
-0.147121
-0.199793
0.2936
0.0906374
0.167758
0.133229
0.373176
-0.287996
-0.0342343
-0.0451861
-0.196948
0.0341921
0.076234
0.0821743
0.183362
-0.00295392
-0.0290643
-0.00174774
-0.179676
-0.339975
-0.274513
-0.228597
0.00695553
0.2001
-0.0410389
-0.109023
-0.0564186
-0.266784
0.0933007
-0.164578
-0.0633497
-0.121095
-0.098687
0.260666
0.273551
0.167193
0.0802007
-0.0333579
0.0199866
0.0967129
0.160139
0.00244575
0.307278
0.0728096
0.0648071
0.151924
-0.235023
0.073895
0.136542
-0.20688
-0.00231612
0.39211
0.221175
0.0663104
-0.00135675
0.0766981
-0.209936
0.407305
-0.107792
0.194544
0.0435816
-0.0360429
-0.0217488
0.125759
-0.0767399
-0.0479509
-0.208507
-0.199205
0.220781
-0.0954413
-0.0670122
0.121606
0.159074
-0.169305
0.216472
-0.0754796
-0.292595
0.160458
0.00146392
-0.0545467
-0.0541067
-0.175584
0.248721
0.0259361
0.0374092
0.192142
-0.109382
-0.0328036
-0.0505773
-0.0798417
-0.0605941
0.1408
-0.0485025
-0.115061
-0.179587
0.05402
0.0237489
-0.196798
0.137537
0.131074
0.23148
-0.0903729
0.0296123
0.120643
0.353625
-0.12203
0.139541
0.252843
-0.22434
0.0851453
0.0142222
-0.112786
-0.0529301
-0.107306
-0.120354
0.0322854
-0.106181
0.0721013
-0.291334
0.271104
-0.0791902
-0.114444
-0.225571
0.118513
-0.152891
-0.0459877
-0.195832
0.31046
0.247595
0.00513049
-0.153102
0.223173
-0.120019
-0.219047
0.244771
-0.0330298
0.0228373
-0.0773599
0.354904
-0.0936809
0.0273703
0.115685
-0.110298
-0.247565
0.000983436
-0.012551
0.0352785
0.231872
-0.247373
-0.35127
0.016144
-0.019346
-0.101785
-0.134542
-0.00696523
-0.028411
-0.213854
-0.0640981
0.0982433
0.138632
-0.104974
-0.306823
-0.223394
0.113894
-0.172372
-0.191863
0.0651684
0.0504143
-0.194304
0.0588593
-0.00154643
0.0329488
-0.22231
-0.227644
-0.184893
-0.116716
0.0923643
0.0385646
0.0149055
0.0565626
0.208669
-0.145062
0.0822274
-0.116183
0.0446641
0.174513
-0.0666442
0.00838728
0.0801439
0.0185142
0.308014
-0.0235737
0.104141
-0.0208812
0.27093
0.209558
-0.0478548
0.154935
-0.0540061
-0.226713
-0.180431
-0.126611
0.298722
0.23475
-0.023862
-0.0347229
-0.256196
-0.148563
-0.0193921
0.0559342
0.214597
0.0929532
-0.170667
6.05576e-05
-0.0715832
-0.0271945
-0.0146093
0.0644535
0.157515
0.297751
-0.193584
-0.107398
0.100784
0.186647
-0.0266936
0.0821932
0.00251272
-0.052772
0.179403
0.0671976
-0.00380168
0.134036
0.00798274
-0.0177341
0.0931041
0.109587
-0.176528
0.0804303
0.285009
-0.244785
-0.0660913
-0.0137062
-0.168969
0.0453521
0.0083947
-0.163776
0.200717
0.222229
0.0616869
-0.145056
0.224126
0.258282
-0.296644
0.0632895
-0.251213
-0.172956
0.477025
0.0889162
-0.21902
0.122593
0.168523
-0.114581
0.0580072
0.243703
0.161518
-0.0372232
0.105103
-0.131916
-0.263237
0.0490673
-0.171098
0.0250698
0.0540297
-0.0999431
-0.0491046
-0.0272248
-0.0542197
-0.0484091
0.0104999
-0.183738
-0.0288962
-0.0250809
-0.148723
0.073388
0.0578897
-0.0982611
-0.151958
-0.10716
-0.107284
0.00441461
-0.209842
-0.206972
-0.387576
0.0758027
-0.0217277
-0.0974259
-0.160525
0.217887
-0.172346
-0.0684778
-0.435715
-0.0842228
-0.00417502
-0.0545674
-0.0777944
0.094639
-0.0882966
-0.171578
-0.0481698
0.2213
0.0955021
0.11809
-0.163534
-0.0738279
-0.18952
0.0290016
0.0417238
0.245602
0.0214385
-0.0160698
0.156808
-0.0967439
-0.163101
-0.273543
-0.148425
0.0478157
0.137943
-0.304646
-0.055206
-0.172616
0.216149
0.20292
-0.125405
-0.26513
0.106109
0.146611
0.208836
-0.0365587
0.237075
0.232712
-0.136494
0.0634158
-0.155387
0.175366
0.2302
0.0354151
0.0898293
0.171497
0.167354
0.0275621
-0.203935
-0.15069
0.226565
-0.103342
-0.1655
0.0879668
-0.0781159
0.00607446
-0.218627
-0.0949105
-0.0190749
0.058516
-0.159646
-0.278033
0.331928
-0.035571
-0.220899
0.0953148
-0.085783
0.149034
-0.149747
-0.123184
-0.049543
0.140799
-0.0861018
-0.0381081
-0.0811199
-0.0839068
-0.251302
-0.198173
-0.0159237
-0.0458437
-0.28754
0.215616
0.264224
-0.00850576
-0.0159533
-0.225506
0.133325
-0.284568
-0.239773
0.0960086
0.148288
-0.190843
-0.258337
-0.317186
0.240581
-0.174234
-0.143101
-0.0507131
0.0735304
-0.179919
0.179539
-0.00485775
-0.16114
0.285339
0.172671
-0.0853591
-0.00857304
-0.13533
0.189677
-0.0339949
-0.155893
-0.108929
0.0471311
0.100612
-0.345237
-0.0544929
-0.0691655
-0.0654724
-0.178408
-0.106035
-0.138409
0.128071
0.0810877
0.163542
-0.0689974
-0.0911176
0.0201414
-0.0148533
0.205845
0.112701
0.102079
-0.058609
0.314622
0.0205837
-0.163542
0.0837415
0.0729636
0.0929879
0.269259
0.0731398
-0.233035
-0.0664089
0.129394
-0.0341254
-0.160351
0.193017
-0.179311
0.0755939
0.112684
0.0517455
-0.00740775
-0.00205242
0.204209
-0.0830101
-0.176684
-0.166027
0.104299
-0.121153
0.0322735
0.297578
0.194096
0.0885042
0.128734
-0.205508
0.165517
-0.0688193
0.163334
0.0777393
0.146277
-0.0265762
-0.18916
0.339499
0.0341624
-0.0937204
-0.0584737
0.00394286
-0.03033
0.0605302
0.13848
-0.0622403
-0.0502974
0.0356452
-0.0222357
-0.0303483
-0.103443
-0.0555242
0.211937
0.113337
-0.0710833
-0.107064
-0.0823534
-0.13448
0.166619
-0.0881362
0.19555
0.00882647
0.25478
-0.0875699
0.167288
-0.013293
0.172694
0.0222443
888888
0.0658587
0.0413593
0.0529887
0.0518652
0.0738759
0.0489273
0.041253
0.0444784
0.067407
0.0523153
0.0488048
0.0450938
0.0539656
0.0615563
0.0422561
0.0870347
0.0550124
0.0500653
0.0634241
0.0495945
0.0471958
0.0511798
0.0659163
0.056
0.0285602
0.0348762
0.0387972
0.0343003
0.0605721
0.0488867
0.0345781
0.0545675
0.0706545
0.0514796
0.0455267
0.0365551
0.0544086
0.04051
0.0468081
0.0376856
0.063006
0.0331218
0.0435263
0.0442829
0.0366743
0.0666654
0.0370554
0.0530206
0.0435235
0.0775319
0.0538171
0.0573742
0.0588594
0.0434539
0.0504898
0.0452486
0.0549707
0.0740491
0.0459725
0.0608373
0.0482783
0.0623805
0.0503595
0.0527774
0.0607514
0.0422912
0.0498232
0.0496192
0.0361911
0.0478992
0.0496146
0.0808011
0.0522782
0.0337496
0.0438001
0.0525742
0.0522999
0.0663101
0.052025
0.0459262
0.0370657
0.0638593
0.0687615
0.0313113
0.0495025
0.0677552
0.0385109
0.0551425
0.036383
0.0555981
0.0474518
0.0426938
0.0424225
0.063628
0.0763107
0.0608552
0.0817759
0.0522659
0.038509
0.0398553
0.0575537
0.0521808
0.0586056
0.0541159
0.0532783
0.0510359
0.0662781
0.0483542
0.057351
0.0496285
0.0686029
0.0584667
0.0498643
0.0427284
0.0632244
0.0491517
0.0426966
0.0580058
0.0532689
0.0544751
0.0542113
0.0515207
0.0303912
0.0472946
0.0695725
0.0424019
0.0506723
0.0323345
0.0425599
0.055109
0.0476453
0.0413222
0.0542649
0.0383742
0.040256
0.0509367
0.0481299
0.0490691
0.0793982
0.046295
0.0326781
0.0488009
0.0574788
0.0529109
0.044794
0.0817093
0.0528508
0.070516
0.0609499
0.0363406
0.0467668
0.0416646
0.0902154
0.0504691
0.0347511
0.0576102
0.0604909
0.0322494
0.0575627
0.0418856
0.0408135
0.0730435
0.0622221
0.0437518
0.071458
0.0429537
0.03888
0.0474025
0.0551268
0.0550652
0.0552214
0.0636607
0.0889861
0.0574981
0.0453745
0.0342152
0.0396581
0.09691
0.0636953
0.0498889
0.0385572
0.0448477
0.036688
0.0577665
0.0751762
0.033139
0.0444895
0.0421132
0.0504562
0.0360925
0.041936
0.0412508
0.0543744
0.0630962
0.0371434
0.0276169
0.0560917
0.0486792
0.0515592
0.0509004
0.062314
0.0619319
0.0667494
0.0744539
0.0407972
0.0554776
0.0578615
0.0321205
0.0543174
0.0543797
0.0705375
0.0504509
0.0638424
0.0413117
0.0359086
0.0593102
0.0592377
0.0456199
0.0650627
0.0524374
0.0489261
0.049408
0.0575434
0.0423724
0.0473932
0.0415645
0.0486967
0.0643999
0.0429407
0.0302449
0.0342664
0.0440584
0.0841545
0.0420698
0.0348206
0.036486
0.0527236
0.0415745
0.0431156
0.028465
0.0573763
0.0371053
0.0425167
0.0574148
0.0714443
0.0354201
0.0367241
0.0489114
0.0625517
0.0270935
0.0939369
0.053928
0.0779945
0.0539785
0.0419652
0.0451
0.0459448
0.0626611
0.039657
0.0528059
0.0494581
0.0614452
0.0400405
0.0588158
0.041798
0.0555264
0.0660226
0.0309289
0.0713471
0.0443645
0.0521063
0.037124
0.0289187
0.0604747
0.071663
0.0371799
0.054452
0.0479618
0.0457943
0.0642548
0.0513702
0.0373153
0.0410119
0.0701657
0.0391536
0.0413358
0.0446788
0.0345947
0.0706623
0.0764997
0.0541393
0.0569599
0.0684713
0.0759238
0.0411591
0.0605948
0.0590252
0.08597
0.0529883
0.0576266
0.0505856
0.0699501
0.0537815
0.0475141
0.058988
0.0486369
0.0587147
0.090103
0.0429981
0.0429308
0.0396014
0.0369271
0.0423961
0.0526103
0.082596
0.0488452
0.047712
0.0371882
0.0329085
0.0326843
0.0294173
0.0481318
0.035839
0.040789
0.0722649
0.0504102
0.0476531
0.0697387
0.0617021
0.0613694
0.055679
0.0336606
0.0649527
0.0534178
0.035382
0.0585842
0.0487539
0.0539305
0.0448964
0.029199
0.0609404
0.0331533
0.0382383
0.0453676
0.0399856
0.0756247
0.0854013
0.046313
0.0448548
0.0816469
0.0322216
0.0781439
0.0340982
0.0320402
0.0496023
0.0646916
0.027881
0.0417432
0.0385349
0.0540413
0.0495951
0.0832275
0.0443308
0.0443816
0.0647899
0.0484502
0.0669153
0.0425685
0.0499934
0.0597015
0.0346422
0.030688
0.0471273
0.0456361
0.0418193
0.0512238
0.0525454
0.0514275
0.0524709
0.073934
0.0625658
0.0565979
0.0494967
0.0394806
0.0563553
0.0602449
0.0818074
0.049084
0.0431962
0.06158
0.0412399
0.0338443
0.0514701
0.0373257
0.0639746
0.0660692
0.0528725
0.043232
0.0447826
0.0495893
0.0406975
0.0584556
0.0608847
0.0560611
0.0637195
0.0569456
0.0644162
0.0624086
0.0466786
0.0477677
0.0626206
0.0332868
0.0571519
0.0489981
0.0478818
0.0485567
0.0288954
0.0464651
0.0485912
0.0564915
0.0496154
0.0408332
0.0606647
0.0453819
0.044188
0.0498852
0.0746619
0.0615654
0.0419059
0.0628523
0.0519848
0.0767373
0.0578145
0.0378518
0.040529
0.0703149
0.0666672
0.0522223
0.0503883
0.0324136
0.0454599
0.0665721
0.0488648
0.0605181
0.046231
0.0570747
0.050219
0.0663659
0.0442998
0.0526142
0.0323924
0.0466005
0.070053
0.0674549
0.039999
0.029928
0.0390008
0.0384098
0.046831
0.0585727
0.0429751
0.0400529
0.0674527
0.034965
0.0504897
0.0417417
0.0435067
0.0456477
0.0537754
0.0275913
0.0642294
0.0506598
0.061104
0.0601503
0.0454757
0.0445555
0.0361861
0.0572576
0.0435414
0.0410155
0.0587125
0.0236995
0.0604115
0.0493417
0.049651
0.0555929
0.0837608
0.0571007
0.0630059
0.0564857
0.0452256
0.0601648
0.0509699
0.0406173
0.0361285
0.0515931
0.0612832
0.0481009
0.044487
0.0425802
0.0608233
0.0503112
0.048149
0.0763544
0.0402113
0.0386939
0.0402256
0.066712
0.0523428
0.0442068
0.0566563
0.073098
0.0661835
0.0359648
0.0375927
0.0521902
0.0714294
0.0482988
0.0662095
0.0379123
0.0605255
0.0447231
0.0547299
0.0859173
0.0435696
0.0498884
0.0427839
0.0406344
0.0588504
0.0403885
0.0474315
0.0502851
0.0586423
0.0442285
0.0417763
0.0518989
0.0724829
0.051529
0.060981
0.0591486
0.0440742
0.0304104
0.0388565
0.0425606
0.045693
0.0355081
0.0738294
0.0335049
0.0394106
0.043305
0.0447702
0.0620095
0.0524751
0.0631871
0.0411559
0.0658669
0.0373037
0.0502996
0.0304254
0.041697
0.0719946
0.0534224
0.0594728
0.0472041
0.0577381
0.0664149
0.07563
0.0681213
0.0699614
0.0444587
0.0464823
0.0595759
0.0647729
0.0376737
0.0521082
0.0672699
0.04255
0.0503921
0.0294704
0.0755346
0.0631685
0.0400911
0.0462627
0.0541321
0.0640149
0.056015
0.0561906
0.0698418
0.0287385
0.0422843
0.0397451
0.0450047
0.0464052
0.061221
0.0650121
0.057829
0.0504026
0.0487113
0.0547203
0.0347432
0.0700364
0.0466891
0.0602395
0.049213
0.0427636
0.065401
0.0523452
0.0467813
0.0705606
0.0666844
0.0563291
0.0638273
0.0447603
0.0349257
0.0471754
0.0666744
0.0528673
0.0635055
0.0418507
0.0602292
0.0643399
0.0387739
0.0659085
0.0322172
0.0405906
0.0314067
0.0541648
0.0448112
0.0420264
0.0432975
0.0443795
0.0355552
0.0290593
0.0377883
0.0375393
0.0793079
0.0611952
0.0695438
0.0585956
0.0489896
0.0533232
0.0599052
0.0364047
0.0372265
0.0811278
0.0423232
0.0483928
0.0723455
0.0849553
0.0420085
0.0333579
0.0528177
0.0689147
0.0363205
0.0477476
0.0474885
0.049136
0.0358052
0.0358185
0.0586061
0.0513372
0.045256
0.0466228
0.0379097
0.0580585
0.04769
0.0413507
0.0709476
0.0590729
0.0464873
0.0451292
0.0325809
0.0430708
0.0669042
0.048901
0.0681557
0.060533
0.0472155
0.051098
0.0458587
0.0700082
0.0563012
0.0505099
0.0444847
0.0588449
0.05607
0.0427737
0.0398752
0.041013
0.0620341
0.0815369
0.0374232
0.0412704
0.044613
0.040123
0.0455654
0.0431521
0.056756
0.0515919
0.0333328
0.0537856
0.0621369
0.0693801
0.0567504
0.0568403
0.056229
0.0663812
0.050362
0.0691551
0.0608882
0.0495567
0.047822
0.0463561
0.054228
0.0417317
0.0517121
0.0520606
0.0570795
0.0500075
0.058218
0.038189
0.0469092
0.0525945
0.060384
0.0478028
0.0402933
0.0343581
0.0353932
0.0438102
0.041474
0.0425695
0.0662524
0.0860391
0.0327117
0.0450293
0.0352142
0.047701
0.0588836
0.0440419
0.0538727
0.0504417
0.0478827
0.0705023
0.0444644
0.0500814
0.0357546
0.0424163
0.0408093
0.0603278
0.0499374
0.0706358
0.0428476
0.0531786
0.0756455
0.0562134
0.0437806
0.0299836
0.0336515
0.0407717
0.0696006
0.0537843
0.0320855
0.0523624
0.0582789
0.0497198
0.0557609
0.0553565
0.0490334
0.0628887
0.0391768
0.0485883
0.0640692
0.0486942
0.0386876
0.0593467
0.0616247
0.0673259
0.0630559
0.048127
0.0478601
0.0689198
0.0357647
0.0551519
0.0475135
0.046589
0.0341259
0.0552384
0.0560852
0.0435209
0.0559434
0.049624
0.0577929
0.0440525
0.0449845
0.0545355
0.0602115
0.0473591
0.0645617
0.0576934
0.0424291
0.0514807
0.0451716
0.0487383
0.0433634
0.0365346
0.0576977
0.0365589
0.0404561
0.0632928
0.0704059
0.0396196
0.0464028
0.0344136
0.0502064
0.034428
0.0374774
0.0526937
0.0493501
0.0509407
0.0501107
0.0306192
0.0523898
0.0282225
0.046864
0.0519964
0.0597017
0.0475249
0.0579812
0.0667987
0.0678509
0.0549421
0.0667186
0.0426341
0.0316326
0.0379577
0.0775614
0.060501
0.0411359
0.0858857
0.0615764
0.0428131
0.0432772
0.049934
0.0280332
0.0465749
0.0548446
0.0665716
0.0401943
0.0264437
0.0433451
0.0566895
0.0640782
0.0542262
0.0676221
0.0441763
0.0398748
0.0736466
0.0354608
0.107084
0.0636989
0.0735659
0.0541273
0.0331853
0.0324553
0.0364047
0.0475226
0.0864705
0.0472994
0.0320744
0.0428415
0.0550666
0.058381
0.0584211
0.0342804
0.0600476
0.0533386
0.0464132
0.0597413
0.0413308
0.0623279
0.0597345
0.0677382
0.0430218
0.0528496
0.0769463
0.0599196
0.0502762
0.0488043
0.0403802
0.031194
0.0569567
0.0605184
0.0679054
0.0618736
0.0360845
0.0473879
0.0809133
0.0601139
0.0388782
0.061284
0.0839861
0.0449686
0.0409524
0.0543048
0.0620768
0.0441995
0.0567698
0.0390981
0.0439292
0.0396537
0.055248
0.0316546
0.0713594
0.0583627
0.0448298
0.0406543
0.0579512
0.0555124
0.0442313
0.0672334
0.0327362
0.0712468
0.0575883
0.0422478
0.0493718
0.0358617
0.0809544
0.0522689
0.0359621
0.0550272
0.0477766
0.066318
0.0446206
0.0459924
0.041346
0.0508027
0.0324108
0.0355476
0.0476031
0.0442794
0.038555
0.0439207
0.0812235
0.0581157
0.0507876
0.0638732
0.0733663
0.0412188
0.01985
0.0424484
0.0334587
0.0410768
0.038816
0.0890625
0.0513245
0.0549122
0.0691467
0.0676612
0.066645
0.063223
0.0372398
0.0628306
0.0492611
0.0479229
0.0434053
0.0773509
0.0272396
0.0562597
0.0563928
0.0302564
0.0644059
0.0317187
0.049856
0.0297454
0.0497986
0.0419168
0.0602645
0.0621237
0.0566952
0.0690065
0.0485964
0.0539605
0.0551659
0.0500597
0.032929
0.0401898
0.0531162
0.0454882
0.061933
0.043251
0.0416182
0.0622391
0.080564
0.0385154
0.0311693
0.0480681
0.0696975
0.0595756
0.0378652
0.0412459
0.0560049
0.0694903
0.0569554
0.0458716
0.0581493
0.045998
0.0579603
0.031408
0.062523
0.0537101
0.0282502
0.0547838
0.0556998
0.0324028
0.0410916
0.0603529
0.0602116
0.044739
0.0543656
0.0859048
0.0463487
0.0406114
0.0300528
0.0441056
0.0438598
0.0494871
0.0679897
0.0561154
0.0436017
0.0506447
0.031804
0.0711271
0.058273
0.0420312
0.0551094
0.0551548
0.0695224
0.0429559
0.0411142
0.0614515
0.0592126
0.057585
0.0390554
0.0382618
0.071623
0.0310142
0.0432875
0.0713408
0.0400426
0.0382598
0.0491088
0.0517303
0.0439165
0.0316841
0.0511206
0.0544123
0.0381011
0.0432301
0.045104
0.0672792
0.0430453
0.0422348
0.0487122
0.0433415
0.044434
0.0473322
0.0288807
0.0565813
0.0376103
0.0439713
0.0420334
0.0236241
0.0432331
0.0675078
0.0434651
0.0478725
0.0679529
0.069793
0.052611
0.0590967
0.0349167
0.0484309
0.0369035
0.0519249
0.0410982
0.0468771
0.0849145
0.0531793
0.0462123
0.0304147
0.0407124
0.0673484
0.0632222
0.0448467
0.0409473
0.0386336
0.0633789
0.0339213
0.0405928
0.066535
0.0559578
0.0393792
0.0599322
0.0496535
0.0641399
0.0413688
0.0414627
0.0548387
0.0519311
0.0466474
0.037777
0.048236
0.0407451
0.0562943
0.0758153
0.0550824
0.0429606
0.0436274
0.033577
0.0647321
0.0459335
0.0437426
0.0295897
0.0367937
0.0462702
0.0725842
0.0481435
0.0534595
0.0514843
0.0617313
0.0384784
0.0471317
0.062397
0.0349109
0.0529118
0.0742085
0.0736487
0.0350761
0.0466727
0.0440453
0.0495009
0.0418678
0.0445757
0.0422363
0.044424
0.0569557
0.0655094
0.0666663
0.0606211
0.0564415
0.0648245
0.0400163
0.0432683
0.0491942
0.0463069
0.0705127
0.0627322
0.0587521
0.0385922
0.0660689
0.0454473
0.0381517
0.0667828
0.0680167
0.054318
0.0451087
0.0525084
0.0346393
0.0614849
0.0399675
0.0513344
0.0437466
0.0616406
0.0638931
0.0686187
0.0423087
0.0496652
0.043388
0.0509844
0.0652326
0.0568039
0.0603427
0.0383092
0.0414649
0.0480689
0.0679171
0.0386774
0.0584206
0.053224
0.074921
0.0574728
0.0473719
0.0423931
0.0583105
0.0382727
0.0752063
0.0432949
0.0413074
0.0498537
0.0432954
0.0538143
0.0406336
0.0634517
0.0405558
0.0307661
0.0634022
0.0605307
0.0690578
0.0628591
0.0451098
0.0304425
0.0664166
0.0785474
0.0511641
0.061059
0.0403217
0.0410663
0.0553033
0.0404769
0.040363
0.0463006
0.0341567
0.0433386
0.047921
0.0335779
0.0568712
0.0393801
0.0534814
0.0633497
0.0353849
0.0562233
0.0648261
0.0464163
0.0578295
0.0524588
0.0382573
0.0506704
0.0710128
0.0473379
0.067608
0.0635265
0.052076
0.0745343
0.038492
0.0498935
0.0653426
0.0375778
0.0413796
0.0349047
0.0335428
0.060126
0.0467229
0.0734824
0.0565315
0.0555839
0.0585857
0.0340388
0.03917
0.0470697
0.0563313
0.0272152
0.0608563
0.0433387
0.0488483
0.0552154
0.0729143
0.0304161
0.0571247
0.0420411
0.0478118
0.0628393
0.0389106
0.0504032
0.0498804
0.0431379
0.0676995
0.0376438
0.0362117
0.0550865
0.0522976
0.0508324
0.0378056
0.0388333
0.0694418
0.0537748
0.0564877
0.0565058
0.0401586
0.0404606
0.0477222
0.0527797
0.0416537
0.0667085
0.0426492
0.0563741
0.0669409
0.0507353
0.0562777
0.061386
0.0432636
0.0489594
0.065162
0.0348955
0.0436792
0.0528749
0.043536
0.0572163
0.0452307
0.053177
0.0523681
0.0905486
0.0608568
0.0415102
0.0529926
0.0469579
0.0669087
0.0374256
0.0553007
0.039568
0.0607599
0.0596996
0.0582169
0.0532779
0.0504381
0.0356416
0.0812244
0.04416
0.0703845
0.0391902
0.0554384
0.0587795
0.0301707
0.0423775
0.0561775
0.0618228
0.0444568
0.0427763
0.0474582
0.0403865
0.0375244
0.0375682
0.0526182
0.0545805
0.0608498
0.0698519
0.0467634
0.027715
0.0339232
0.0572764
0.0661653
0.0360621
0.0488802
0.0421806
0.0380518
0.0539537
0.0384457
0.0354001
0.0350813
0.0387556
0.0330634
0.0467924
0.0476987
0.0378459
0.0478154
0.0640929
0.0432305
0.0453588
0.0256787
0.0495319
0.0473277
0.0422398
0.0750945
0.0506741
0.0513342
0.0410726
0.0431737
0.0643877
0.0435144
0.0596294
0.0599404
0.0438979
0.042267
0.0594854
0.0683884
0.0295169
0.055328
0.0505179
0.0574219
0.0497407
0.0422966
0.0420972
0.0579398
0.0650098
0.0669452
0.0576602
0.0487563
0.0443153
0.0595884
0.0391852
0.0547628
0.0392292
0.0375122
0.0534672
0.049064
0.0570352
0.0497402
0.0443667
0.0408034
0.077025
0.0351478
0.0690326
0.0725967
0.0910904
0.0485986
0.0275888
0.0282629
0.0518915
0.0600155
0.0393089
0.0518373
0.050253
0.0428754
0.0591687
0.0564952
0.0579797
0.0369351
0.0735643
0.0909902
0.0591168
0.0607551
0.0424457
0.0399478
0.0653191
0.0359107
0.0521285
0.0480762
0.0296341
0.0544878
0.0737047
0.0665391
0.0651951
0.0534085
0.0587554
0.0528078
0.111153
0.0355176
0.0375313
0.0441556
0.0377543
0.10119
0.0442003
0.0317918
0.0734766
0.0424923
0.0659375
0.0588398
0.0415473
0.0729095
0.0354774
0.0353041
0.0411232
0.0467215
0.049732
0.0767815
0.0462675
0.0321896
0.0417064
0.053625
0.0567985
0.0425918
0.0477936
0.0423457
0.0477936
0.0762658
0.0436043
0.038232
0.0671436
0.0676716
0.0384875
0.0302654
0.02353
0.0663372
0.0735508
0.0354324
0.0665582
0.058576
0.0506407
0.0332912
0.0425717
0.0404579
0.0383166
0.0373018
0.0504883
0.0428934
0.0307253
0.0409082
0.0302502
0.0554304
0.0590725
0.0667752
0.0470532
0.0597473
0.0514463
0.070447
0.0364606
0.0609979
0.0432402
0.0445545
0.037954
0.0491742
0.0586714
0.052384
0.0491638
0.0436833
0.0374411
0.0721953
0.0355355
0.0529701
0.0704053
0.0525123
0.0651709
0.0347156
0.0772662
0.0618746
0.0671439
0.0467388
0.0478272
0.0329977
0.0353724
0.0724841
0.0863274
0.0467117
0.0535243
0.0548544
0.0579609
0.0953606
0.0635183
0.0462673
0.0348402
0.0521672
0.0576415
0.0647542
0.0567701
0.040774
0.0556939
0.0517889
0.0446066
0.0523038
0.0341398
0.101975
0.0621675
0.0444392
0.0576249
0.0399558
0.0423588
0.0731584
0.0561557
0.0474092
0.0531774
0.0677637
0.0547869
0.0411753
0.0616093
0.042538
0.0487726
0.0344913
0.0475574
0.0603718
0.058801
0.0682374
0.0514754
0.0858873
0.0469979
0.0471879
0.0324877
0.039314
0.0479204
0.0292021
0.0559753
0.0558158
0.0528551
0.0404553
0.0552716
0.0508228
0.0479606
0.042338
0.0646506
0.0421016
0.035397
0.0415466
0.0745201
0.0747289
0.0568117
0.0480289
0.050415
0.0507559
0.0744176
0.0525382
0.0684054
0.035349
0.0478948
0.0452573
0.0554558
0.0598457
0.0340843
0.0369936
0.0311018
0.0422787
0.0630807
0.0374214
0.0416648
0.0445939
0.0456427
0.0431639
0.0599584
0.0542062
0.0524085
0.0594917
0.0371275
0.0453819
0.0348786
0.0538568
0.0445624
0.0352483
0.0723489
0.061745
0.0663443
0.0757761
0.0627489
0.0741251
0.0350522
0.0539241
0.0313659
0.0407241
0.046757
0.0368526
0.0385644
0.0448718
0.044165
0.0561807
0.0394421
0.0416176
0.0363307
0.0531487
0.0288621
0.0609391
0.0551625
0.0799889
0.0450191
0.0632742
0.0451405
0.0550777
0.0507354
0.0431592
0.0653614
0.0482565
0.0546457
0.0608244
0.0526103
0.103612
0.0663781
0.0564361
0.0542967
0.0562321
0.0354759
0.0535093
0.0445064
0.0483605
0.0548406
0.0674154
0.0521949
0.0419273
0.0782259
0.071892
0.0568952
0.0498405
0.0586833
0.0447081
0.0437246
0.063293
0.0840792
0.0429038
0.0585958
0.0644758
0.0451955
0.0481894
0.0705375
0.0605608
0.0603724
0.0504212
777777