2.64453
999999
0.113751
-0.0525656
-0.192504
-0.0676439
0.0059777
0.0798624
-0.0886988
-0.218219
0.104417
0.0586192
0.102157
-0.139603
-0.201806
0.00281213
0.049805
0.00273644
0.0747436
0.134083
0.229708
0.0973211
0.000146138
0.245842
0.130516
0.0326518
-0.173812
0.0441808
0.138398
-0.0940668
0.127556
0.176515
-0.139377
0.0279494
-0.0871531
0.0912967
-0.138037
-0.0427481
0.243782
-0.0798202
0.0540694
0.0788722
-0.0743208
-0.199418
0.196613
-0.156126
0.011547
-0.014258
-0.143603
0.0715593
0.140792
-0.308327
0.021851
0.170259
-0.0196239
-0.0427225
-0.0782744
-0.0201694
-0.0726065
0.181166
-0.223783
0.0189606
-0.124134
0.10192
-0.105496
0.00097682
0.0473934
0.207511
0.100664
0.14475
0.102586
-0.084789
-0.0897771
0.0590101
-0.112403
0.0347501
-0.201704
0.195178
0.0871438
-0.164726
0.113377
-0.160134
0.0846447
0.0945797
0.0144519
0.138453
-0.1586
-0.0406439
0.101896
-0.000802148
-0.11943
0.113385
-0.124849
-0.00478418
0.155368
-0.0719252
0.0386918
-0.00273615
0.0301823
-0.117556
-0.0711837
-0.0611986
-0.0229383
0.109921
-0.129372
0.0490283
0.140345
0.181634
0.215574
-0.068887
0.0429713
-0.204252
-0.0508172
0.143242
-0.158846
-0.146974
-0.0962774
-0.0454278
-0.0953676
0.126922
0.192568
0.00193664
-0.0813418
0.144598
-0.138666
0.0425241
-0.108856
-0.229055
0.131915
0.115318
-0.125547
0.0807832
-0.12578
0.113004
-0.100148
0.177369
0.095748
0.0246329
-0.0555275
-0.0899695
-0.152839
-0.139042
-0.213988
0.162256
-0.217016
-0.0019504
0.124588
0.121483
-0.00753995
0.0399237
-0.106698
-0.177134
-0.0426758
0.0756978
-0.104638
0.224029
0.205634
0.0163017
0.0358432
0.0462778
0.0666037
-0.210869
0.162492
0.0263103
0.077188
0.146307
0.00112421
-0.24542
-0.104036
0.0923034
0.0606923
0.135587
-0.000648691
0.0660216
0.17018
-0.168394
-0.075293
-0.183171
-0.121131
-0.0427902
0.122233
0.126433
-0.0841678
-0.105193
0.0939537
0.0377422
-0.137505
-0.0969227
0.216206
-0.10124
-0.0676787
0.0866076
-0.143356
-0.0111784
-0.137868
-0.0389653
0.248818
0.156317
0.337906
-0.194697
0.116126
0.0661977
0.10635
-0.0126314
0.105787
-0.0100693
-0.0788468
0.0992728
-0.223635
0.0605946
-0.266903
0.00909702
-0.174366
0.1463
0.0729602
-0.134591
0.233952
-0.0486965
0.13854
0.134671
-0.0927627
0.209047
-0.20698
-0.130441
-0.00276908
0.115135
-0.20102
-0.0461312
-0.0879918
-0.0391758
0.00532239
-0.0561608
0.16489
0.212066
0.112716
-0.246267
0.183292
0.170891
-0.0673407
-0.0178457
0.173145
-0.19503
0.13165
0.0206815
0.0157391
-0.0889081
0.0833978
-0.0597004
0.0345973
-0.104331
-0.0307141
-0.206977
-0.162295
0.109867
0.0957044
0.0616392
-0.0330363
-0.00059013
0.163304
-0.0979352
-0.155709
0.0153242
0.198106
-0.0162038
-0.033254
0.114699
0.0803568
-0.0187345
0.139425
0.168447
0.194352
0.0989163
0.174579
-0.218576
0.0966456
-0.109091
-0.195911
0.127047
0.0931682
-0.0497576
-0.00368526
0.113117
-0.131261
-0.188707
-0.156669
0.130811
0.191774
0.192365
-0.0324017
0.102272
0.13078
-0.100056
0.148378
-0.192252
-0.0536051
-0.210702
0.0776603
-0.174459
0.155886
0.0269023
0.0905297
-0.183052
0.0610595
0.118946
-0.0260246
0.0762026
-0.0979378
-0.104775
0.18507
-0.0144034
-0.0322367
0.235823
-0.0061001
0.171343
0.182294
-0.144565
-0.127856
-0.0914927
0.0731502
0.259367
0.0863011
0.152991
-0.157254
-0.158139
-0.0584684
0.0400023
-0.0180698
-0.0368721
-0.0226422
0.0354788
0.123975
0.111874
0.0337166
-0.164243
-0.04228
0.141194
0.12776
0.192788
-0.0423341
-0.0452069
0.0885061
-0.0394887
0.210857
0.187409
0.0809113
-0.0108051
0.0215587
0.00512992
0.236634
-0.157217
0.010527
0.163557
0.0716868
0.01908
0.230022
-0.214359
-0.106749
-0.118667
-0.193956
0.166318
0.206549
0.0917676
-0.0472828
0.182174
0.0532059
0.172905
0.0344282
0.142492
0.0107753
-0.107868
-0.195982
-0.257622
0.0665722
-0.0776889
0.00260422
0.0329194
0.239237
-0.0167096
0.0790891
0.0413734
-0.0236261
0.0172481
0.138593
0.128801
-0.204977
-0.183686
-0.0126571
0.0434738
-0.00939671
0.154114
-0.121788
-0.112337
0.127728
0.0526757
-0.161527
-0.184731
-0.157912
-0.113247
-0.0254134
0.109924
0.034909
0.0196948
0.0576544
-0.0344505
-0.177396
-0.0063685
0.0880785
0.176939
-0.00683228
-0.0984909
0.153955
0.0929352
0.0184685
-0.163841
0.0127074
-0.0470523
-0.0501143
-0.142896
-0.201604
0.0537561
-0.0723675
0.219823
0.110564
0.185006
-0.235178
-0.187768
-0.0689768
0.0890041
-0.11464
0.186268
0.193842
0.270274
0.1229
0.193298
-0.0309975
0.0975278
-0.0350436
-0.0517552
-0.241178
0.0264422
0.0547823
0.0984823
0.155335
0.0433015
0.0836858
-0.023252
0.0464438
0.123186
-0.078641
-0.117563
-0.0110385
-0.104829
-0.0376676
0.16377
-0.0267914
0.0988543
0.120618
0.00616231
-0.150814
-0.044012
-0.147399
0.071758
-0.0270017
0.0895268
0.101869
0.0355373
-0.270544
-0.11483
-0.0187609
-0.0783676
-0.019695
-0.00302524
-0.153271
0.00249291
0.0421546
0.104043
-0.144315
0.213128
-0.161054
0.114438
0.0803141
0.136219
-0.168694
0.0253751
0.0921809
-0.102885
0.0976491
0.239844
0.0741634
0.0741276
0.17789
0.252986
0.0345679
-0.0940922
0.108637
-0.0107637
-0.107087
-0.142349
-0.0040498
0.0471088
-0.0788223
0.133279
0.252082
-0.09893
0.113643
0.0825212
-0.0985632
0.240231
0.0802563
-0.108808
0.110379
-0.140511
-0.0384907
0.0710433
-0.0619835
-0.0413258
0.0795541
0.0584939
0.106844
-0.229539
-0.25639
-0.0250867
-0.121625
0.147331
-0.187627
0.0829195
-0.0956754
0.0433353
0.140218
0.0144565
0.263629
-0.0290591
0.175356
-0.051055
0.138233
0.0153182
0.0567398
0.0721
0.0605647
-0.105935
-0.154119
0.102817
-0.0257056
0.000750876
-0.207616
0.0662081
0.00368412
0.0768675
-0.0215463
0.0915116
-0.0158293
-0.224155
0.0226935
-0.133574
-0.100831
0.123077
0.0801643
0.0381205
-0.240195
0.026191
0.123243
-0.0546472
0.0393449
-0.0708823
0.0796729
-0.269257
0.0984648
-0.0631016
0.162778
-0.193185
-0.0604536
-0.056361
-0.0955212
-0.0827402
0.00728381
0.102444
-0.202295
-0.0283451
0.166644
0.0648825
-0.0183864
-0.173335
-0.0652862
-0.065774
-0.1085
-0.199811
0.00978752
-0.0181509
-0.0348367
0.153875
-0.155374
-0.0299382
-0.00112354
-0.111485
0.0157367
-0.230332
-0.0824105
-0.10659
0.137622
-0.194036
-0.0673062
-0.0133949
-0.0713107
-0.0742188
-0.111738
0.235333
0.119498
-0.0211662
0.101422
0.0866894
0.0723719
-0.0309158
-0.181026
0.102165
0.0993835
0.19184
0.0396645
0.132067
0.172253
0.200834
-0.0762801
-0.0809729
0.173322
-0.181936
0.0983372
0.0643947
-0.0873379
-0.0894931
-0.0643498
-0.03342
-0.169381
0.104587
-0.100791
-0.0990739
0.0656786
-0.113363
6.24612e-05
2.12798e-05
-0.139233
0.155635
-0.0383746
-0.161511
-0.143035
0.121263
-0.178006
-0.0083657
-0.0596784
0.360196
0.0671988
0.109447
0.0960786
-0.067103
0.02661
0.117037
-0.141292
0.140051
0.175194
0.119503
-0.11749
0.0766114
-0.110705
-0.0979565
0.0702083
0.0124373
0.0498369
0.151663
-0.0183073
0.115715
0.0126013
-0.0277385
0.00907577
-0.164302
-0.110918
0.11456
0.17616
-0.108943
-0.105726
-0.0408298
0.0699808
-0.0816345
0.163825
0.194684
-0.106918
-0.110118
-0.14076
-0.0976382
-0.109496
0.107481
0.0826824
0.0792128
-0.0945693
-0.108663
-0.0730371
0.118869
0.0494973
0.179776
-0.149755
0.0376967
-0.0370499
-0.205879
-0.0307105
-0.173508
-0.0754542
0.0463065
0.0244614
0.0309193
0.201052
0.103283
0.0363736
-0.0472517
-0.200786
-0.079453
-0.171337
0.0979669
0.15687
0.211075
-0.0848808
-0.00824554
0.0801048
0.166861
0.018204
0.0602959
-0.199918
-0.0143514
-0.0904394
0.0776782
-0.0265443
0.0755589
0.0124074
0.218634
0.110111
-0.177162
-0.115046
-0.311407
-0.230343
0.1912
0.232369
0.202782
-0.191285
-0.110847
-0.108452
0.105276
0.0444701
0.0801943
0.0693901
0.1429
0.108201
0.10482
-0.0197766
0.0419924
0.0275983
-0.196631
0.00321775
-0.183078
-0.0133798
-0.146438
0.010271
-0.126791
-0.0641412
0.0308965
-0.14338
0.0182261
-0.11352
-0.0634315
-0.164448
0.244645
-0.192695
0.103982
0.139161
-0.122729
0.192856
-0.0681953
0.0561012
-0.0162965
0.074528
0.222587
-0.0622616
-0.0146122
-0.121935
-0.243678
0.00963342
0.142783
0.0766722
-0.215197
-0.214585
-0.165872
0.126711
0.0911327
-0.0719687
0.0772313
-0.0182367
-0.0663203
0.0221502
-0.0353801
0.0979454
0.106045
0.203619
-0.0668376
0.131851
-0.0302195
0.278561
-0.117799
-0.235921
0.174279
0.0908603
0.0071928
0.0591316
-0.0391164
0.196385
0.191496
0.0849995
0.213781
0.0419102
-0.105921
0.0274929
0.104057
0.0508449
0.077155
-0.167377
0.0530619
-0.0850703
0.130509
0.128486
0.229103
0.0153169
-0.0916714
0.165042
0.00595635
0.00211552
-0.0241405
-0.0127972
-0.257653
0.0709949
0.0871409
0.0402757
0.0122643
-0.164902
0.227132
0.0416443
-0.0735267
0.263604
0.0637428
-0.11279
-0.00440096
-0.0517035
-0.136727
0.199868
0.158883
-0.112888
0.0414676
0.130054
0.194419
0.0109836
-0.0826765
0.174968
0.00590963
-0.0174615
0.160307
-0.035401
-0.0292057
0.0271206
0.168553
-0.0221063
0.0212869
-0.0363157
-0.0159467
0.0141188
0.236708
0.138218
0.16508
0.0695119
-0.0768017
-0.0610143
-0.088653
-0.165028
0.0987977
0.0253832
0.15124
0.0750214
0.176843
-0.0275327
0.243604
0.0250659
0.116933
0.109238
-0.0645549
-0.0610808
-0.0991131
0.0707896
0.146647
-0.0116504
0.0259917
0.103135
0.261048
-0.124825
0.228664
0.0680236
0.00442466
-0.0583545
0.13871
-0.0292671
-0.0300896
0.0894475
-0.200065
0.122181
0.12129
0.0111917
0.274051
-0.021057
-0.124775
-0.0211524
-0.140915
0.27056
-0.196832
-0.0895721
-0.24196
-0.0582699
0.160494
0.0899899
-0.121855
-0.0970963
0.0569129
0.00415824
-0.153212
0.084723
-0.118756
0.159889
-0.0682686
0.0366026
0.170909
-0.173784
-0.059842
-0.0131069
-0.117878
0.0879484
-0.0464944
-0.0843417
0.0294212
-0.0860415
-0.0747493
-0.0564896
0.190629
0.147321
-0.0894353
0.0266129
-0.0987722
-0.155075
0.0224888
-0.140583
0.205629
0.104029
-0.0759625
-0.0246297
0.0541107
-0.118794
0.0750831
-0.174537
0.0707108
-0.120161
-0.00499865
-0.0119698
-0.0088972
-0.0352034
0.0540474
0.112286
0.0787344
0.0271257
-0.0574849
0.0386599
-0.0187491
-0.0593271
0.0641479
0.0616717
0.0772377
-0.156056
-0.133647
0.0640669
-0.126343
0.139379
-0.0412355
0.167898
-0.174214
-0.0326383
-0.225631
0.160569
0.019169
0.179069
-0.0322503
0.0493882
-0.264813
-0.150047
-0.169272
0.0510553
0.0602258
0.037948
0.229541
0.207632
-0.0234323
0.127916
0.0477057
-0.00130766
-0.000464382
-0.00962814
-0.154893
0.0347448
-0.110491
0.209793
-0.253186
-0.217048
0.0699147
0.0220993
-0.243492
0.154432
0.185965
-0.0761406
-0.135552
0.1193
0.131587
-0.152726
-0.112113
0.117206
-0.0218746
0.0921433
-0.0103668
-0.256658
0.0248262
-0.0160225
-0.103308
0.272814
0.0797936
-0.121983
-0.07186
0.137215
-0.0114204
-0.0503224
0.207183
0.0388929
0.111309
0.105539
-0.15289
0.00729389
0.101654
0.0669173
-0.101996
0.0179975
-0.152214
-0.0341343
-0.167097
-0.0849478
-0.242253
0.0194704
0.0582654
-0.0540803
0.0597878
-0.282288
0.129803
-0.153304
-0.0913358
0.103436
-0.087318
0.196579
-0.151381
-0.16696
-0.0746354
-0.174418
-0.118258
-0.0748771
0.0784868
0.068414
0.167876
0.0879793
0.162639
-0.109522
-0.00614459
0.0587058
0.264799
-0.106409
0.0545988
-0.0239918
0.0695354
0.187058
0.0640726
-0.116356
-0.1056
0.177637
-0.196647
0.0591685
0.0469783
-0.00238241
-0.0981941
-0.00662213
0.0968614
0.0689731
0.17532
0.162832
-0.134612
-0.011627
0.247724
0.21713
0.162179
0.174913
-0.00979812
0.122786
-0.144333
-0.121047
-0.0705989
0.259137
-0.0779429
-0.142501
0.164534
0.0661497
0.175467
-0.199288
0.107331
-0.0487281
0.0289406
0.0643325
-0.140325
-0.0809899
-0.0220305
0.0705805
-0.116992
-0.0956105
0.0901128
0.0394539
-0.0403515
0.111509
-0.0593146
0.135056
-0.155336
0.0904012
0.172014
0.00262957
-0.22011
0.226776
-0.189658
-0.0197851
0.105969
0.124427
-0.00968602
0.0925369
0.0622875
-0.0468176
-0.0198346
-0.228116
-0.0780543
-0.103296
-0.133393
0.0730809
-0.00522658
0.232715
-0.0542237
-0.244569
0.0118879
0.106568
0.222616
0.0594657
0.0893951
0.145823
0.201492
0.0841513
-0.134128
-0.0566308
-0.0027637
-0.166957
-0.0843427
0.0258494
0.102275
0.148059
0.026535
0.0659593
0.120735
-0.0555879
-0.109506
-0.267231
0.130467
0.0387123
-0.0985569
-0.131906
0.0711759
0.0320095
-0.0813609
-0.103572
0.178037
-0.0652721
0.0772134
-0.000985944
0.0506337
-0.0156345
-0.0785068
0.237047
0.0350326
0.178311
0.186318
0.114458
-0.0499202
-0.0819134
-0.0257476
-0.178275
0.0324581
0.0902845
-0.0428618
0.0645591
-0.093334
0.0365016
0.064285
-0.148938
-0.219641
-0.201178
-0.170278
-0.00387449
0.0629647
-0.0906924
-0.143433
0.0194985
-0.204814
0.0256957
-0.178333
-0.152012
0.0137018
-0.117851
0.0333192
0.248286
0.0146652
0.165055
0.0999654
0.0241169
0.0598652
0.0603688
-0.0227427
0.115553
0.0592093
0.101401
0.221997
-0.174753
0.0407949
0.0298111
-0.280702
0.131602
0.119679
0.174298
-0.161654
0.0204489
-0.0714994
0.0728085
0.197462
-0.0822152
0.124337
0.0697836
-0.186823
-0.00949179
0.0919454
0.0128163
0.0403794
-0.0754753
-0.0273208
0.195076
-0.122463
-0.0993006
0.174291
0.139718
-0.119969
0.185485
-0.0364103
-0.166232
0.140883
-0.164573
-0.11221
-0.070946
-0.136107
0.0977961
-0.0595604
0.12777
0.124815
-0.118833
-0.0310695
0.108553
-0.0113863
-0.0778386
0.018579
-0.13185
-0.0813736
-0.168194
0.0678898
-0.0014721
-0.11362
-0.0723272
0.0515712
0.067054
-0.12898
-0.0688193
0.181725
0.158428
-0.119432
0.0590285
0.182717
-0.115738
0.0466134
0.084819
-0.0627977
0.015809
-0.0142195
-0.107957
-0.122307
-0.129203
0.133199
-0.143166
0.158787
-0.0773981
-0.129034
-0.123481
0.178967
-0.0540557
0.187029
-0.0562677
0.110984
0.0943917
-0.0152463
-0.136024
0.0719378
-0.111132
-0.0993963
0.0760866
-0.124527
-0.0792368
0.0880064
0.3437
-0.037714
0.0259555
0.0072998
-0.132746
-0.223172
-0.102284
0.018978
0.0442966
0.192393
-0.0721352
-0.160689
0.133918
-0.166269
-0.153582
-0.126799
0.00934949
-0.0153174
-0.129421
-0.07871
-0.0464266
0.093454
-0.0264578
-0.239716
-0.0904841
0.223131
-0.111622
-0.0880297
0.148468
-0.000467761
-0.0429876
0.0434697
-0.00404085
-0.0150438
-0.195613
-0.128814
-0.144389
-0.0422318
0.126446
0.110512
0.0814686
0.0711981
0.069336
-0.117209
0.0143834
-0.0327845
0.0615556
0.187956
-0.188876
-0.154858
0.0164814
0.172571
0.181353
-0.0245314
0.129456
-0.046367
0.150013
0.283543
-0.000509191
0.135482
-0.11012
-0.0704219
-0.047624
-0.168434
0.171339
0.0906109
-0.0962749
-0.0558241
-0.0773101
-0.158123
-0.0613329
-0.0246368
0.172587
-0.0391699
-0.0514064
0.027298
0.00368875
0.0891637
-0.105674
0.144881
0.116826
0.113787
-0.0380386
-0.101267
-0.0742456
0.123626
-0.126549
-0.165345
0.0271467
0.0610394
0.2004
0.0876551
0.0156495
0.0417205
-0.0780708
0.0495212
0.0744354
0.0775966
-0.198055
0.184238
0.199917
-0.167573
-0.0750191
0.0894332
-0.196921
-0.167423
0.0229838
-0.0483198
0.125377
0.18889
0.0507496
-0.122903
0.191115
0.200094
-0.244607
0.0819944
-0.183673
-0.190201
0.1764
0.0555435
-0.0989175
0.0806743
0.182295
-0.014839
-0.0584123
0.170978
0.16653
-0.15262
0.134796
-0.180246
-0.248712
0.159309
-0.166021
-0.063791
0.0740285
-0.213283
-0.0368614
0.0576343
-0.0564596
0.0760257
0.0597671
-0.204209
0.0991238
0.030358
-0.163708
-0.0657858
0.0348095
-0.0849461
-0.177591
0.00417221
-0.0941608
0.0684761
-0.1139
-0.00358378
-0.233808
0.110674
-0.0456593
0.0656794
-0.0469519
0.173565
0.0637654
-0.134034
-0.217929
-0.127093
0.0292484
-0.101812
0.0279733
0.109061
-0.246905
-0.22027
-0.116915
0.0777193
0.134905
0.122092
-0.182548
0.0245065
-0.173988
0.0951537
-0.0876933
0.245573
0.123333
-0.230923
0.118104
-0.112736
-0.144022
-0.212006
0.154199
0.102237
0.205648
-0.0998798
-0.116341
-0.125442
0.231164
0.222067
0.0422218
-0.138223
0.0977793
0.163293
0.111552
0.0784766
0.0459287
0.134057
-0.289621
-0.0623185
-0.0727326
0.149227
0.122735
0.117681
0.057824
0.0103264
0.0866677
-0.018406
-0.123676
0.0358715
0.151476
-0.052994
-0.0376335
0.0756356
-0.159822
0.0583998
-0.0284493
-0.0663243
0.0840419
0.152369
-0.123195
-0.0392811
0.104476
-0.0288074
0.0633701
0.13103
-0.0437225
-0.101094
-0.0973075
-0.0314512
-0.135712
-0.0318326
-0.0439584
-0.0964709
0.0518406
-0.215445
-0.164739
-0.179553
0.0332859
0.118203
-0.153107
0.137869
0.00663605
-0.058851
-0.102264
-0.216487
0.0985753
-0.147651
-0.0916249
0.0300281
0.0488178
-0.140736
-0.0955582
-0.195536
0.179511
-0.205725
-0.146125
-0.0676909
0.0241434
-0.117388
0.127882
-0.0660084
-0.0883655
0.0510643
-0.0299392
-0.115435
0.158222
-0.0196111
0.191029
0.0788115
-0.0351692
-0.00585717
0.10574
-0.00637188
-0.22569
-0.183953
-0.0466036
-0.00637078
-0.137316
-0.119323
-0.0546255
0.174315
0.0743221
0.195979
-0.040347
-0.144728
0.0236363
0.114925
0.167418
0.0520719
0.133543
-0.160016
0.244871
0.00144464
-0.0959881
0.01787
0.031046
0.221098
0.165948
0.0985545
-0.179443
0.0303157
0.121889
-1.44075e-05
-0.128677
0.214043
-0.293177
0.0742071
0.0450923
0.0117095
0.0493224
-0.0407066
0.207919
-0.0775278
0.0019202
-0.123483
0.0973458
-0.169087
0.0212185
0.0763819
0.0734471
-0.0236368
0.06258
-0.151506
0.19017
-0.0147815
0.084541
0.112968
0.0770543
-0.130382
-0.237654
0.232329
-0.186311
-0.210797
-0.0448017
-0.00853262
0.000118671
-0.0540174
0.0703691
-0.222215
-0.0820932
0.0888693
-0.151922
-0.153722
-0.119318
-0.122763
0.0100391
-0.0127647
-0.0397228
-0.169065
-0.096048
-0.082021
0.0644394
-0.115448
0.165694
-0.0843448
0.211029
-0.0163773
0.165522
0.0376683
0.12352
0.0772441
888888
0.0550912
0.0469882
0.0413224
0.0477749
0.0468697
0.0460071
0.0443002
0.0402783
0.0612131
0.0442912
0.0445071
0.0564727
0.0521385
0.0487452
0.0383746
0.0545025
0.0635712
0.0544273
0.0511197
0.046793
0.0497826
0.04387
0.0499686
0.0471097
0.0462183
0.0432129
0.0468495
0.0464541
0.0544235
0.0483979
0.0462007
0.0486029
0.06343
0.0463548
0.0412338
0.0417677
0.0517375
0.0442355
0.053796
0.0464634
0.0631366
0.0403754
0.0501796
0.0476515
0.0469914
0.0512178
0.0549618
0.0528494
0.059522
0.0548011
0.042703
0.0611467
0.049714
0.0531441
0.047022
0.0580698
0.0462189
0.0610125
0.0495809
0.0614893
0.0501498
0.0616182
0.0449876
0.0546434
0.0521597
0.0495092
0.0498627
0.0512524
0.0558624
0.0490641
0.0426553
0.0600024
0.05889
0.0458719
0.0462409
0.048402
0.0449261
0.0521235
0.0590659
0.0549539
0.0443058
0.0508473
0.0449489
0.0394302
0.0477514
0.0577054
0.0478671
0.0479568
0.0430532
0.0491398
0.0455665
0.0406586
0.0455211
0.0595881
0.0519612
0.0491248
0.0502667
0.0519364
0.0561914
0.0477699
0.0498325
0.0502193
0.0554595
0.0459562
0.0457007
0.0488
0.0470598
0.0530688
0.0531563
0.0518158
0.0559385
0.0507503
0.0458411
0.0545438
0.055464
0.0506621
0.044802
0.0467296
0.05332
0.0409475
0.0521281
0.0483646
0.043192
0.0552764
0.0558436
0.0475428
0.0505022
0.0442367
0.0474218
0.0461835
0.0515537
0.0504994
0.0428961
0.0473698
0.0480327
0.0489095
0.0513529
0.0557157
0.0594851
0.0477817
0.0477186
0.0434199
0.0480617
0.0549662
0.052312
0.0567646
0.0489853
0.0457905
0.0515502
0.0502733
0.0493482
0.0402268
0.0509045
0.0628926
0.0437269
0.0490657
0.054911
0.0459576
0.0471737
0.041556
0.0371064
0.054247
0.0515806
0.0572974
0.0560652
0.0469031
0.0433576
0.0489823
0.0495384
0.0444388
0.0486077
0.0584743
0.0632566
0.0600528
0.0469292
0.0399013
0.0512992
0.0536254
0.0579237
0.0479536
0.0448318
0.0539319
0.0420538
0.04126
0.0533659
0.0452228
0.0515275
0.0441756
0.0536733
0.0568343
0.0396989
0.0480186
0.0551467
0.0464334
0.0400756
0.0388864
0.0698327
0.057863
0.0532295
0.0503629
0.0596942
0.0461448
0.0608177
0.0503592
0.0478973
0.0518305
0.0556036
0.0471745
0.0535148
0.0531146
0.0525104
0.0538179
0.0545446
0.0507247
0.0502684
0.0566565
0.0529043
0.0446558
0.0544559
0.0495299
0.0494959
0.0529922
0.0546497
0.0478773
0.0491311
0.0411261
0.0537997
0.0542839
0.050207
0.0516346
0.0509299
0.0499323
0.0514364
0.0540789
0.0459594
0.0468022
0.0540122
0.0480664
0.0458421
0.0367479
0.0498897
0.0493742
0.0405643
0.0523685
0.0486146
0.0488221
0.0505509
0.0525999
0.0533042
0.0461001
0.0566449
0.0408805
0.0610431
0.0463817
0.052915
0.0513949
0.0432412
0.0510497
0.0494331
0.0504131
0.041585
0.0619449
0.0482984
0.0543927
0.0486389
0.0456537
0.0605321
0.0455447
0.0541933
0.0460033
0.053642
0.0447585
0.0468165
0.052862
0.049566
0.0507805
0.0492455
0.0488371
0.0472979
0.064489
0.042688
0.0423892
0.046744
0.0513558
0.0467466
0.0546789
0.0550081
0.0430561
0.0595764
0.0506685
0.0444322
0.0522095
0.0443604
0.0525023
0.0471827
0.0470421
0.0520688
0.054255
0.0488994
0.0514136
0.0525036
0.0584983
0.0510156
0.0592575
0.0494492
0.0448328
0.0559833
0.0615484
0.0495274
0.0488776
0.0544241
0.0412548
0.0473719
0.0580753
0.0558439
0.0624585
0.0505156
0.0484709
0.0574465
0.0537647
0.0451524
0.0468012
0.0433409
0.0519073
0.0517761
0.0528261
0.0448085
0.0603358
0.0534394
0.0527687
0.0447625
0.0478717
0.0471491
0.057309
0.0383353
0.0508038
0.0501234
0.0493896
0.0533344
0.0487536
0.0518295
0.0455102
0.0432868
0.0491885
0.0521674
0.0667669
0.0581006
0.0421798
0.044216
0.055324
0.0427872
0.0680949
0.0467821
0.0521254
0.0550354
0.0526083
0.0465129
0.0452853
0.052122
0.0572246
0.0494489
0.0591379
0.0499948
0.0489945
0.052208
0.0513496
0.0602149
0.0562473
0.0490814
0.0506237
0.0467262
0.0521437
0.0437919
0.0613347
0.0424522
0.0659195
0.0617861
0.0506952
0.0541025
0.0586334
0.0443052
0.0496391
0.053187
0.0445571
0.0537555
0.0561201
0.0498548
0.0423567
0.0374988
0.0535872
0.0624273
0.0447136
0.0454781
0.0450413
0.0554022
0.0544492
0.0510512
0.0444491
0.0496303
0.045184
0.0410539
0.0419756
0.0527661
0.0482351
0.0643579
0.0605391
0.0531616
0.0608331
0.0466832
0.0484323
0.0531622
0.0454199
0.0527022
0.0511643
0.0506903
0.0443067
0.0441316
0.0457809
0.0488465
0.0570704
0.0547535
0.0420632
0.0508797
0.047865
0.0510297
0.0471236
0.0404526
0.0533361
0.0471192
0.0634902
0.0555098
0.0559113
0.0466318
0.0397622
0.0553861
0.0459469
0.0453768
0.0559825
0.0476815
0.043996
0.0490037
0.0572415
0.0516435
0.0672051
0.0451398
0.0505852
0.0454275
0.0459142
0.0496256
0.0517315
0.0422855
0.0365805
0.0453909
0.0595603
0.045011
0.0487803
0.0421356
0.0439932
0.0678761
0.0484362
0.0474281
0.0475613
0.0446307
0.05207
0.0429275
0.0470425
0.0545137
0.040407
0.04929
0.0490499
0.0572139
0.0497393
0.0544819
0.0472273
0.0440065
0.0511158
0.0472568
0.0485647
0.0470253
0.0507412
0.0527475
0.0398329
0.053728
0.0589205
0.0526531
0.0537434
0.056599
0.0516852
0.0443603
0.0519228
0.0452554
0.0669175
0.0500875
0.0444994
0.0404855
0.060055
0.0489925
0.0457834
0.0547589
0.0551856
0.0494762
0.0500234
0.0458873
0.0542685
0.0470534
0.0589122
0.0618005
0.049271
0.0508315
0.0449363
0.0541971
0.0499068
0.0588925
0.0452881
0.0495452
0.0544842
0.0552345
0.0529884
0.0625423
0.0636378
0.0512919
0.051895
0.051393
0.0565147
0.0418483
0.054345
0.0471432
0.037575
0.0533453
0.0468111
0.0509248
0.041485
0.0517687
0.0468552
0.0382816
0.0486936
0.0571136
0.0569837
0.0510608
0.0496662
0.0481829
0.0447291
0.0413113
0.0441793
0.0432663
0.0492584
0.0432208
0.0474909
0.0540493
0.0429941
0.0428221
0.0489543
0.0472654
0.0499364
0.0550425
0.0461559
0.0459223
0.0565715
0.0511856
0.0536373
0.0527877
0.0610032
0.0514003
0.0557931
0.0494985
0.0557092
0.0560064
0.0514808
0.0557064
0.047517
0.0474823
0.0598838
0.058849
0.0499882
0.0647944
0.0490396
0.0396917
0.0463633
0.0390695
0.0570163
0.0589845
0.0549388
0.0467877
0.0468801
0.0525532
0.0489185
0.0531089
0.0611743
0.0466158
0.0547524
0.0493015
0.0588134
0.052087
0.0501351
0.0555889
0.0518556
0.0453612
0.0521994
0.0502725
0.0523455
0.0529599
0.0446205
0.0491066
0.0488243
0.0434555
0.0459542
0.045604
0.0506846
0.0488671
0.0515555
0.0512306
0.0511113
0.0533289
0.0465057
0.0525231
0.051699
0.0521217
0.0435804
0.0478115
0.0564434
0.0477717
0.0476619
0.0459583
0.0473751
0.0427473
0.0459599
0.0554232
0.0441606
0.0493254
0.0539746
0.0499004
0.0447001
0.0482449
0.0520365
0.0381316
0.0538206
0.0603965
0.0537763
0.0544699
0.0536879
0.0488787
0.0524074
0.0449764
0.0438648
0.052014
0.0505501
0.0546511
0.0659317
0.0427672
0.0515416
0.0522891
0.0490953
0.0571026
0.0411625
0.0478141
0.0515989
0.0534661
0.04091
0.0382378
0.0499527
0.0562331
0.0433741
0.0498494
0.051327
0.0491928
0.051919
0.045684
0.0409871
0.0554719
0.0488599
0.0489364
0.0485609
0.0507335
0.0598051
0.049811
0.061355
0.0686255
0.045923
0.060916
0.0434516
0.0524598
0.0663673
0.0481936
0.0591629
0.0476726
0.0514111
0.0455942
0.0493275
0.0447449
0.0503625
0.0532153
0.0437649
0.0409587
0.0407454
0.0523003
0.049902
0.0440384
0.0509936
0.0437447
0.0487216
0.0498854
0.0570712
0.0482733
0.0513752
0.0520026
0.043381
0.0504995
0.050529
0.049773
0.0493352
0.0558768
0.0556287
0.0572381
0.0482453
0.0535064
0.0463162
0.0426694
0.0494717
0.0532102
0.04641
0.0527811
0.0482008
0.0487912
0.0597372
0.0494202
0.0466759
0.0406932
0.0481697
0.0434062
0.0487453
0.062527
0.0621805
0.059684
0.0444526
0.0582262
0.0534156
0.0502801
0.0525235
0.0510762
0.0476578
0.0506217
0.0529026
0.0701985
0.0490087
0.0445804
0.0376758
0.047745
0.0421257
0.0496848
0.0433895
0.0537316
0.0442224
0.0539863
0.047713
0.0471385
0.048669
0.0477232
0.0512545
0.0488163
0.0484546
0.0493031
0.0430853
0.0468987
0.051164
0.0583269
0.0496523
0.0549676
0.0488656
0.0590777
0.0516324
0.0434563
0.0503812
0.0442174
0.0564502
0.0516423
0.0524263
0.0579875
0.0538606
0.0480121
0.0554677
0.059814
0.0489428
0.049663
0.0499495
0.04799
0.0428952
0.0517613
0.0527785
0.0480289
0.042598
0.0513692
0.0601422
0.0522131
0.0520616
0.0593871
0.0571594
0.0526464
0.0446081
0.0493656
0.0549822
0.0472855
0.0494991
0.0449549
0.0495803
0.0481664
0.0521141
0.055507
0.0639224
0.047084
0.0525274
0.0450248
0.0487452
0.04222
0.0510492
0.0521292
0.0490518
0.0490275
0.0475607
0.0530654
0.0505338
0.0505779
0.0513718
0.053433
0.0486698
0.0358379
0.049159
0.0435399
0.0501054
0.0537375
0.0451361
0.0503841
0.053892
0.0495488
0.0469948
0.0457805
0.0540193
0.0517896
0.0441647
0.0593871
0.0596435
0.0440992
0.0499823
0.0432542
0.0507679
0.0467668
0.0596572
0.060253
0.0392815
0.0411455
0.0477785
0.0575476
0.0634229
0.0580208
0.0615939
0.0438924
0.0539037
0.0541582
0.0446145
0.0578506
0.0544405
0.0527882
0.0500792
0.0515664
0.0539567
0.0457455
0.0502517
0.0507444
0.051591
0.0538363
0.0411163
0.0506404
0.0580598
0.0449505
0.051151
0.0473102
0.0527194
0.0440253
0.0527429
0.0571145
0.0499199
0.0489002
0.0577246
0.0461794
0.0533449
0.0583482
0.0483441
0.0441585
0.0522954
0.041583
0.0389233
0.0501876
0.0454876
0.0572309
0.0550337
0.0414125
0.0540281
0.0514499
0.0455165
0.0551817
0.0560604
0.045302
0.0466391
0.0591334
0.0582637
0.0443109
0.0445756
0.0557572
0.0467123
0.0484893
0.050846
0.0520523
0.0559343
0.0573027
0.0500676
0.0430536
0.0403071
0.0627926
0.0475609
0.0469496
0.0493378
0.0378594
0.0617981
0.0444571
0.0428174
0.0465646
0.0501177
0.0501608
0.0464435
0.0513241
0.0525257
0.0418776
0.0535587
0.0476984
0.0496877
0.0469775
0.0539049
0.0478323
0.0523202
0.0430813
0.0459958
0.0476047
0.0583348
0.0630452
0.0508377
0.0546675
0.0515726
0.0524809
0.0475701
0.0424457
0.049215
0.0498446
0.041888
0.0454415
0.0604702
0.0463745
0.0440028
0.0585974
0.0579981
0.0507273
0.0617919
0.0418554
0.050398
0.056294
0.0498389
0.0461071
0.059167
0.0407579
0.048546
0.0432976
0.0494104
0.0553267
0.0493459
0.0539424
0.0420935
0.0562024
0.0523974
0.0487894
0.0557172
0.0586557
0.0493941
0.0518504
0.048252
0.0393348
0.0480645
0.0500362
0.062539
0.0589433
0.04636
0.0471504
0.049555
0.0429968
0.04916
0.0528229
0.0523743
0.0484358
0.0559291
0.052051
0.0608647
0.0517394
0.0417948
0.0475058
0.0577711
0.0547535
0.0479906
0.0564882
0.0529747
0.0496895
0.0373879
0.0578245
0.053676
0.0468535
0.0469408
0.0479004
0.0434825
0.0518054
0.057558
0.0484197
0.0517893
0.0576197
0.0618063
0.0557977
0.0446554
0.0417612
0.0530503
0.0466673
0.0476473
0.0543595
0.0552483
0.0458315
0.0589821
0.0522896
0.044343
0.0482713
0.0567966
0.0428531
0.0510273
0.052121
0.0577179
0.0453077
0.0542284
0.0465071
0.0499253
0.0417242
0.0441659
0.0573162
0.0443516
0.0548455
0.0447036
0.0452282
0.0488736
0.0456086
0.0574266
0.0562054
0.0458455
0.0473816
0.0526308
0.0559092
0.0437117
0.042687
0.0589147
0.0518578
0.0529709
0.0541156
0.047238
0.0510634
0.0528198
0.0449285
0.0583781
0.0417912
0.0517723
0.0524673
0.0427326
0.0523909
0.057768
0.055112
0.0450695
0.0512331
0.0576545
0.0615473
0.0500101
0.0482334
0.049091
0.0507128
0.0545492
0.0466081
0.0499212
0.0521522
0.0524025
0.0529363
0.0500617
0.0597583
0.0481595
0.0615738
0.0424929
0.0574575
0.0462015
0.0554393
0.0465368
0.045671
0.0518281
0.0509059
0.0477271
0.0484207
0.0412394
0.0529719
0.048827
0.056732
0.0522416
0.0432765
0.0418209
0.0506822
0.0553322
0.0510667
0.0469626
0.048903
0.0532426
0.0446496
0.0538601
0.0440059
0.0498872
0.039756
0.0496657
0.0467967
0.0502097
0.0486881
0.0479612
0.0455041
0.0532747
0.0509638
0.0523778
0.0515111
0.0459534
0.0496486
0.0441809
0.048957
0.0645327
0.0520299
0.0446284
0.0544856
0.0510616
0.0528031
0.0528882
0.0399771
0.0476746
0.0498872
0.0364229
0.044198
0.0560851
0.0558093
0.0569874
0.0381874
0.0480912
0.0535607
0.0537301
0.0412544
0.0507445
0.050043
0.0525074
0.0527055
0.0516754
0.0499502
0.0431765
0.0556732
0.048746
0.0520645
0.0511153
0.040073
0.059483
0.050588
0.0432696
0.056904
0.0420247
0.0581239
0.0472751
0.0683827
0.0580713
0.0443306
0.0475841
0.053132
0.0559004
0.0492812
0.0495185
0.0489377
0.0498339
0.0486821
0.0484606
0.0510319
0.0502804
0.0587902
0.0670424
0.0504347
0.0506854
0.0463618
0.059761
0.048806
0.0648509
0.0460584
0.0437381
0.0538173
0.0546964
0.0455548
0.0471278
0.0497853
0.0458707
0.036595
0.049573
0.0594174
0.0514026
0.0528235
0.0463102
0.0479704
0.0539774
0.0493391
0.050886
0.0568309
0.0513519
0.0504779
0.0524073
0.0550522
0.0496053
0.0431425
0.0597821
0.0457841
0.0543131
0.0394213
0.0486744
0.0541467
0.0501183
0.0599145
0.0473289
0.0449397
0.0465768
0.0434489
0.0456972
0.0547075
0.0498917
0.0493138
0.049475
0.0501383
0.0584583
0.0593747
0.051975
0.0637987
0.038439
0.0488846
0.0530066
0.0467911
0.0496284
0.0441487
0.0529423
0.0508554
0.0452387
0.0561368
0.057273
0.0555334
0.0585765
0.041921
0.0491808
0.0489974
0.0537431
0.0480531
0.0511511
0.0472926
0.0526417
0.0568045
0.0567012
0.0452846
0.0397827
0.0452391
0.0496169
0.0519941
0.046053
0.0565191
0.0542281
0.0484013
0.0504295
0.0465441
0.0421523
0.0496834
0.0523109
0.0515485
0.0443664
0.0509271
0.0552383
0.0562793
0.0515822
0.0604972
0.0428452
0.051639
0.0623024
0.0526535
0.0431538
0.0531989
0.0433577
0.0533943
0.055765
0.0496543
0.0383833
0.0567707
0.0450422
0.0446814
0.0648212
0.0434084
0.046968
0.0475213
0.0541545
0.0438001
0.0482422
0.0532766
0.0480629
0.0518038
0.0525742
0.0605976
0.0516237
0.0506915
0.0538588
0.0460068
0.0509005
0.0466985
0.0440447
0.046539
0.0566452
0.0632327
0.0519072
0.0451428
0.0538139
0.0466562
0.0584803
0.0474795
0.0471493
0.0509354
0.0489999
0.0516393
0.0522887
0.0504489
0.0398351
0.0491566
0.049407
0.0461092
0.0416256
0.0444164
0.0552412
0.0499601
0.0504633
0.0424734
0.0491731
0.0518932
0.0426241
0.0519769
0.0515443
0.0497697
0.0596512
0.046785
0.0469997
0.052713
0.0507146
0.0504859
0.0560243
0.0459873
0.0385945
0.0545732
0.0485747
0.0431502
0.0444266
0.0522875
0.0571679
0.0504353
0.0389788
0.0507843
0.0473544
0.0502593
0.0533641
0.045829
0.0442355
0.0497578
0.0435765
0.0561549
0.0500267
0.0542236
0.0521186
0.0467232
0.054547
0.0466264
0.0443279
0.042395
0.0537755
0.0503952
0.0554752
0.0514273
0.0427672
0.0451748
0.0542719
0.0580644
0.0515195
0.0525007
0.0569757
0.0479918
0.0491686
0.0587962
0.0529033
0.0511178
0.0459571
0.0469708
0.047543
0.0542265
0.0538079
0.0496517
0.0487079
0.0485402
0.0492364
0.0504176
0.0493312
0.057286
0.0494387
0.0394389
0.0492752
0.0451467
0.0653734
0.0521679
0.0470405
0.0538194
0.0434402
0.0543734
0.0443965
0.0441255
0.0510938
0.0576723
0.0543494
0.0556582
0.0578889
0.0444411
0.048781
0.047173
0.0474628
0.0524382
0.0544135
0.0464761
0.0489498
0.0576636
0.0439789
0.0459093
0.046475
0.0461795
0.049128
0.0669333
0.0480837
0.0499951
0.0420029
0.044918
0.0625059
0.0547012
0.0492243
0.0555374
0.0517178
0.0530282
0.044682
0.0404109
0.0565982
0.0407719
0.0476794
0.0454211
0.0528025
0.0559945
0.0595954
0.0527237
0.049731
0.0429108
0.0543751
0.0511932
0.0529612
0.0466875
0.052502
0.0410526
0.050654
0.0515849
0.0596538
0.0531366
0.0652169
0.0562023
0.0570011
0.0497967
0.0405057
0.0538691
0.0398228
0.0549949
0.0477119
0.0432613
0.0479851
0.0442448
0.045296
0.0518037
0.0500024
0.0504991
0.0391269
0.0384724
0.0446958
0.0492635
0.057454
0.0596757
0.0584159
0.0404466
0.0514719
0.0441506
0.0583635
0.0406788
0.0481169
0.0465009
0.047794
0.0458179
0.0485665
0.0606259
0.0477119
0.0537674
0.0466815
0.0423213
0.0447681
0.0439833
0.0570164
0.0628001
0.0504067
0.0587018
0.0447462
0.0585302
0.050764
0.0555755
0.0507318
0.0486288
0.046524
0.0428194
0.0539661
0.047853
0.0455526
0.0469168
0.0437598
0.0522568
0.0678562
0.0465928
0.0444488
0.0416651
0.0557739
0.0533006
0.058367
0.0470194
0.0535682
0.0553228
0.0521994
0.0494523
0.0479967
0.0435468
0.045913
0.0495134
0.0493155
0.0633326
0.0450999
0.0432369
0.0614202
0.0530938
0.0391868
0.0496655
0.0472591
0.0431488
0.0493599
0.0610115
0.053755
0.0441723
0.0453343
0.0506256
0.0494904
0.0554195
0.0538706
0.0564654
0.0556332
0.0451769
0.0488819
0.042664
0.0545592
0.0559886
0.0471563
0.045349
0.0430494
0.0520553
0.0465241
0.053764
0.0487044
0.0498751
0.0399364
0.0494636
0.0518822
0.0532621
0.0434981
0.0430767
0.055081
0.0484783
0.043775
0.0462356
0.0524168
0.0505879
0.0449907
0.0697182
0.0485444
0.0542173
0.0401976
0.0455511
0.0489738
0.0411582
0.0468327
0.0493827
0.0536257
0.0470601
0.055591
0.0497531
0.0405454
0.0467005
0.0489734
0.0431854
0.0518326
0.0460451
0.0627539
0.0404072
0.0462808
0.046013
0.0495176
0.0480158
0.0468343
0.0510208
0.0595905
0.0507881
0.052035
0.0531819
0.0596113
0.0397093
0.0587236
0.0451239
0.0473185
0.055147
0.050121
0.0497672
0.0499538
0.0466553
0.0489934
0.0434032
0.0480974
0.0577541
0.0477217
0.0494946
0.0493959
0.0496361
0.0559938
0.0570514
0.0545118
0.0497962
0.0588034
0.0540478
0.0530244
0.0562328
0.0548198
0.0583614
0.0564531
0.0454107
0.0537146
0.060129
0.0570035
0.0554727
0.0573764
0.039822
0.0610966
0.0452576
0.0428859
0.0489113
0.0469004
0.0406834
0.0452276
0.0581986
0.0577915
0.0666543
0.0504403
0.0553332
0.0463954
0.050475
0.0539792
0.0566048
0.0456328
0.0518774
0.0504601
0.0487825
0.0533036
0.0542172
0.0478523
0.0598626
0.0487757
777777