2.62266
999999
0.11211
-0.0495422
-0.221747
0.0233549
0.02993
0.140168
-0.154289
-0.295266
0.0637924
0.0178907
0.163994
-0.0949435
-0.225707
0.0150874
0.0427905
0.00217854
0.224282
0.047396
0.309188
0.179518
-0.0796006
0.2758
0.251563
0.0124299
-0.17431
0.00260373
0.142113
-0.0853171
0.256528
0.155673
-0.122873
0.070936
-0.101136
0.144172
-0.131469
-0.0486852
0.276428
-0.0769576
0.17427
0.0632018
-0.00849736
-0.165166
0.190427
-0.194168
0.00208996
0.0607028
-0.132896
0.0146015
0.20652
-0.35263
0.0511679
0.143096
-0.0724097
0.0169027
-0.0164087
-0.0819409
-0.0406923
0.20804
-0.252237
0.141086
-0.0856764
0.0800151
-0.123435
-0.037995
0.0905033
0.0714918
0.110729
0.127881
0.056389
-0.116909
-0.190761
0.133895
-0.074004
0.0210034
-0.229406
0.248808
0.0734295
-0.186597
0.242219
-0.0890888
0.113595
0.0617597
-0.00177461
0.146039
-0.14716
-0.051807
0.126746
0.0768961
-0.0725808
0.104583
-0.0832187
0.00548753
0.228299
-0.113669
0.0343215
0.0651731
0.0432673
-0.119156
-0.0239969
-0.116492
0.00446311
0.109075
-0.216742
0.109954
0.0489171
0.186358
0.312253
-0.0803085
0.0708904
-0.244214
-0.101044
0.0659332
-0.188301
-0.151085
-0.103387
-0.0263983
-0.130729
0.0950822
0.254611
-0.0155972
-0.0870095
0.219418
-0.192039
-0.0111518
-0.167929
-0.259883
0.110813
0.130345
-0.171833
0.202104
-0.0905921
0.0710443
-0.111056
0.258719
0.190559
0.0676607
-0.0466185
-0.0635693
-0.174598
-0.124508
-0.211699
0.100242
-0.300868
0.0175913
0.152821
0.162266
0.0109291
0.0772296
-0.0909084
-0.248964
0.0338141
0.0301088
-0.168855
0.197527
0.170113
-0.106937
0.103164
0.0309403
0.0799619
-0.210517
0.105096
0.089075
0.0735022
0.127005
-0.079573
-0.132451
-0.106329
0.0400981
0.123394
0.133098
-0.0248378
-0.0113855
0.137668
-0.185485
-0.0729969
-0.159606
-0.149175
-0.0213886
0.280218
0.089285
-0.088402
-0.223848
0.0678294
0.0992276
-0.152289
-0.114184
0.204124
-0.173338
-0.0767418
0.157527
-0.214504
0.0741268
-0.189234
-0.0243414
0.296255
0.168643
0.324609
-0.231193
0.140189
0.0378415
0.0893881
-0.0128693
0.161828
0.0538538
-0.0828603
0.175922
-0.194991
0.0350145
-0.372068
0.0245772
-0.197365
0.173238
0.0716187
-0.142961
0.227457
-0.0352903
0.143884
0.109327
-0.0804123
0.201108
-0.261422
-0.10357
-0.0401027
0.0387642
-0.272362
-0.0454197
-0.0939003
-0.0491169
0.0626161
-0.0317734
0.165149
0.207716
0.185038
-0.213994
0.217988
0.129116
-0.0527131
-0.0157451
0.107124
-0.181214
0.150489
-0.0564541
0.0498857
-0.247842
0.113231
-0.0585049
-0.0340772
-0.0551695
-0.151282
-0.186644
-0.102305
0.105044
0.0633704
0.0446246
-0.0553776
0.00554447
0.171752
-0.10237
-0.0962024
-0.0451709
0.202073
-0.0467779
-0.0119196
0.103117
0.0978005
-0.0641782
0.0896746
0.184251
0.160247
0.118326
0.188975
-0.242096
0.108676
-0.0710203
-0.259403
0.0909882
0.0768813
0.0339506
0.0507414
0.195512
-0.150268
-0.185086
-0.148127
0.104844
0.148188
0.162622
0.00050588
0.109669
0.151565
-0.0916964
0.123366
-0.170792
-0.0867862
-0.230851
0.0629033
-0.105655
0.191207
0.00588372
0.135546
-0.155409
0.0893003
0.222723
-0.0211376
0.10773
-0.1455
-0.155709
0.148434
-0.0559052
0.0458584
0.29701
-0.020987
0.168273
0.208477
-0.126621
-0.0103093
0.00450586
0.204886
0.130571
0.114843
0.0846789
-0.11103
-0.204094
-0.0489392
0.052275
-0.13235
-0.0502601
-0.0475823
0.026832
0.159353
0.100103
0.00348519
-0.0942612
0.0295842
0.206631
0.17112
0.208099
-0.028556
-0.0367348
0.0778216
-0.0372216
0.302022
0.200728
0.153551
-0.00867353
-0.000663328
-0.0801595
0.324673
-0.191542
0.0405274
0.227972
0.0230137
0.0954682
0.231496
-0.254388
-0.0218491
-0.10504
-0.271667
0.158387
0.220877
0.170449
0.00678036
0.19855
0.12939
0.197824
0.0606534
0.0973979
-0.0190393
-0.123147
-0.255357
-0.230334
0.00573577
-0.0590356
0.0611479
0.0786727
0.303315
-0.0107113
0.157123
0.183884
-0.0251232
0.0533634
0.119783
0.0558999
-0.132221
-0.126296
0.0350087
0.0589341
0.0921916
0.152125
-0.117405
-0.0908259
0.198674
0.0545321
-0.115991
-0.252953
-0.146355
-0.166312
-0.0198433
0.0750069
0.0959847
0.0873231
0.0802664
-0.0678988
-0.232159
-0.00366629
0.0872974
0.153813
0.025035
-0.227409
0.0435554
0.038482
-0.100627
-0.151231
0.0441811
-0.0423396
-0.00715215
-0.13694
-0.245811
0.0320326
-0.0431295
0.197643
0.0698316
0.209719
-0.156867
-0.183862
-0.0855495
0.0838167
-0.157322
0.304668
0.263242
0.197739
0.0855014
0.162788
-0.0332564
0.0907251
-0.0367241
-0.0525358
-0.243311
-0.0198324
-0.0197759
0.0875066
0.144147
0.00241992
0.136988
0.0740714
0.0158526
0.10256
-0.200628
-0.0736879
-0.0223107
-0.0832641
-0.040704
0.129209
-0.0141219
0.049054
0.0158402
0.00407631
-0.20113
-0.0294968
-0.194056
0.0619899
-0.0273787
0.104441
0.0376581
0.00419007
-0.231511
-0.146873
-0.0306918
-0.0576042
-0.0253707
0.0207537
-0.181441
-0.103508
0.0428656
0.186643
-0.185443
0.14126
-0.194743
-0.00917203
0.123943
0.153828
-0.193744
-0.000650913
0.112062
-0.14141
0.14014
0.264627
-0.046097
0.0734407
0.142237
0.302919
0.0716923
-0.0388606
0.147914
-9.02519e-05
-0.045465
-0.235519
0.0379944
0.0794105
-0.0118893
0.153044
0.332357
-0.0185824
0.0752578
0.0943879
-0.0216101
0.181703
-0.0391757
-0.189219
0.106122
-0.204117
0.04422
0.186096
-0.00596462
-0.0361381
0.130894
0.086862
0.213942
-0.17278
-0.27305
-0.00494074
-0.15872
0.148305
-0.24971
0.0935618
-0.110697
0.0508392
0.0307119
-0.0164562
0.246403
-0.000363454
0.238314
-0.0250645
0.093333
0.0900811
0.101138
0.0483206
0.08
-0.14992
-0.121094
0.14927
-0.0508453
0.0236792
-0.294463
0.122572
0.023249
0.0464732
-0.00588673
0.109037
-0.0676652
-0.14739
0.0168426
-0.105592
-0.0471598
-0.00677938
-0.0101663
0.0674205
-0.181319
0.000447576
0.0846157
-0.155881
-0.00426271
-0.107727
0.0643872
-0.244086
0.0810647
-0.0440401
0.120087
-0.265313
-0.073436
-0.045698
-0.083511
-0.0177344
0.0354772
0.076696
-0.196316
-0.0710114
0.153598
0.0532242
-0.00398175
-0.125304
-0.0126808
0.00510535
-0.101816
-0.220521
-0.0477751
0.00668721
-0.0500437
0.239215
-0.250809
-0.0326531
-0.0225842
-0.248785
0.010821
-0.232915
-0.000161437
-0.0856098
0.189687
-0.225337
-0.0857067
0.0600925
-0.0351361
-0.0663142
-0.160644
0.209715
0.13205
0.0303025
0.102678
0.102631
0.0415109
-0.0757272
-0.183374
0.179828
0.130177
0.184035
0.0583156
0.119491
0.225178
0.185397
-0.0191359
-0.0564426
0.105528
-0.209751
0.0638536
0.0559884
-0.0779251
-0.0834439
-0.0137098
0.0177395
-0.177482
0.139742
-0.072381
-0.0663359
0.117582
-0.14377
0.0542754
-0.050017
-0.189357
0.162009
-0.0952854
-0.147317
-0.168956
0.150238
-0.171019
-0.00917284
-0.02137
0.362223
0.0556976
0.0337597
0.134996
-0.0172845
-0.0115648
0.0816785
-0.106968
0.158624
0.199453
0.132524
-0.205699
0.146801
-0.151965
-0.119626
0.0726957
0.0434406
0.0320933
0.181647
-0.0309134
0.0546029
0.0176329
-0.0514567
-0.0424634
-0.187766
-0.0434703
0.129717
0.0923947
-0.19468
-0.107187
0.0480443
0.120937
0.00590278
0.111881
0.109852
-0.173754
-0.140779
-0.106856
-0.161326
-0.158532
0.16937
0.0732909
0.217456
-0.107682
-0.132608
-0.0746234
0.0602914
0.0504775
0.15946
-0.218481
0.150491
0.000785607
-0.263148
-0.0209644
-0.21848
-0.170457
0.0599623
-0.0846508
0.0696996
0.234073
0.0935641
0.136865
0.0287614
-0.310624
-0.000613834
-0.314944
0.013913
0.110967
0.203026
0.0200155
-0.125998
0.173564
0.125591
0.0850674
0.138149
-0.1329
0.0220728
-0.0574208
0.0649326
-0.0359893
0.0890988
0.0274913
0.18756
0.1423
-0.148885
-0.057445
-0.365123
-0.298208
0.182615
0.391019
0.233669
-0.186618
-0.212902
-0.131254
0.105151
0.132406
-0.0123581
0.0204295
0.108149
0.125312
0.082465
-0.0545072
0.0870641
0.0377732
-0.199538
-0.0131659
-0.176619
-0.00191565
-0.090886
0.0338854
-0.0882439
-0.0305832
-0.00989086
-0.140864
0.0165557
-0.0906705
0.0160933
-0.137107
0.185871
-0.224135
0.141147
0.119008
-0.14207
0.192503
-0.126878
0.0107767
-0.0185078
0.119479
0.269388
-0.088191
-0.046295
-0.0989666
-0.233484
-0.071573
0.155482
0.0853863
-0.218434
-0.147868
-0.177045
0.0657553
0.08487
-0.114853
0.150987
-0.0962908
-0.0999935
0.0497621
0.00399729
0.0738537
0.0877558
0.227156
-0.0665967
0.238477
-0.0524304
0.279506
-0.0705872
-0.252072
0.0830662
0.102198
0.0368048
0.0686801
-0.0459978
0.294196
0.16891
0.162838
0.237746
-0.0187479
-0.178244
0.0379901
0.100658
-0.00280096
0.0772865
-0.251341
0.129435
-0.0414086
0.14607
0.16843
0.197982
-0.0153271
-0.0179398
0.166044
0.0325531
-0.068246
0.0134138
-0.115552
-0.290218
0.0187816
0.00453893
-0.00332304
-0.04957
-0.195031
0.223355
-0.0349788
-0.0127929
0.331561
0.153637
-0.0616765
-0.00473971
-0.0463321
-0.0507356
0.14686
0.130584
-0.0452717
-0.0102465
0.122163
0.211399
0.0622111
-0.224761
0.187533
0.0863062
-0.0186463
0.227212
-0.0679985
0.0224546
-0.00441189
0.11707
0.0210266
-0.0125884
0.07341
0.010362
0.0734897
0.295301
0.214541
0.212654
-0.0402116
-0.068045
-0.151
-0.0423991
-0.169386
0.108073
0.0268085
0.117964
0.0919501
0.148072
0.0685842
0.221284
0.0759852
0.181355
0.0782792
-0.0109228
-0.00301684
-0.0606915
0.120694
0.0934509
0.0298828
0.0675722
0.11329
0.247904
-0.0348646
0.347341
0.0944127
0.0908872
-0.105557
0.144735
0.11079
-0.138043
0.00277367
-0.169907
0.1344
0.128091
0.0155343
0.357656
-0.0115953
-0.150248
-0.0248795
-0.192021
0.359265
-0.289495
-0.0819079
-0.293927
-0.00569367
0.106046
0.136221
-0.0898296
-0.0719451
0.0868676
0.0340343
-0.109997
0.114983
-0.0981247
0.252298
-0.0760091
-0.0250179
0.289404
-0.114838
-0.0214682
-0.0932157
-0.191061
0.0597146
0.0418644
-0.0824527
0.0841756
-0.0566898
-0.142593
-0.0217561
0.15295
0.210464
-0.095222
0.00563407
-0.0249295
-0.199776
0.0409398
-0.206011
0.220364
0.104054
-0.0374515
-0.183392
0.0144275
-0.126387
0.117273
-0.118695
0.145509
-0.104145
-0.0245051
-0.102135
-0.0998189
-0.100279
0.0745505
0.090559
0.104439
-0.0105569
-0.0117715
0.125983
-0.0463952
-0.0700289
0.00743671
0.0944897
0.0337229
-0.150326
-0.074237
0.0399266
-0.108169
0.228347
0.0773175
0.0761282
-0.128653
-0.0121812
-0.208048
0.140323
0.0520237
0.0994424
-0.0191369
-0.0204883
-0.25166
-0.187899
-0.192469
0.0858039
0.0593685
0.102797
0.293939
0.143502
0.0789147
0.113344
0.0952778
0.0306643
-0.0222178
-0.123831
-0.136809
-0.0299441
-0.10733
0.173531
-0.164282
-0.320856
0.0866913
0.0531199
-0.110253
0.187685
0.108291
-0.00533914
-0.185241
0.224363
0.154693
-0.144002
-0.137782
0.149151
-0.0462065
0.0673755
0.0508039
-0.253299
0.0166051
-0.00353942
-0.00803845
0.396067
0.125484
-0.126925
-0.0299128
0.151898
-0.00697561
-0.121157
0.157589
-0.0163677
0.080426
0.178007
-0.178198
0.0306212
0.0402939
0.032977
-0.117279
0.0308832
-0.093041
0.0285613
-0.155645
-0.20131
-0.291999
0.0847993
0.0326546
-0.0841519
0.152073
-0.275154
0.157269
-0.154753
-0.117678
0.158998
-0.0477523
0.229039
-0.126533
-0.205872
-0.0675718
-0.124014
-0.0978692
-0.0150648
-0.0508675
0.0677511
0.155642
0.10937
0.29908
-0.170061
0.0348022
-0.00335887
0.259964
-0.0261625
0.0661895
-0.0606394
0.0917034
0.117029
0.0847067
-0.0760517
-0.0376553
0.118295
-0.28798
0.0722154
0.0922929
0.0185759
-0.154112
0.0208443
0.210876
0.0872876
0.235499
0.123787
-0.149723
0.0626339
0.264547
0.329116
0.140185
0.115422
-0.0796574
0.086027
-0.146401
-0.133661
-0.0842455
0.226246
-0.0101883
-0.117938
0.239509
0.0669393
0.156575
-0.163352
0.137681
0.0426792
0.0489162
0.0192887
-0.0530064
-0.0335621
0.0331246
0.0551809
-0.164672
-0.0604539
0.0896777
-0.00211662
-0.00576453
0.152462
-0.0113673
0.0983427
-0.0897473
0.0886793
0.199255
-0.0648197
-0.318814
0.25522
-0.18388
-0.0934456
0.108672
0.0840556
0.0550993
-0.0488765
0.135049
-0.0441371
-0.0156384
-0.15779
-0.0823913
-0.088748
-0.138693
0.104054
-0.0212302
0.217398
0.0167944
-0.268545
0.00581978
0.0617683
0.237116
0.0663327
0.1128
0.105132
0.0775403
-0.00649675
-0.19835
-0.0836603
0.0123439
-0.227252
-0.125426
0.115905
0.16036
0.103223
0.0161834
-0.0160195
0.0756885
-0.103984
-0.0597039
-0.273013
0.132126
-0.0445218
-0.117648
-0.107002
0.0766665
-0.0463429
-0.124645
-0.119933
0.0688806
-0.0661803
0.0703049
0.0424022
0.0844924
0.0442945
-0.0492725
0.357903
0.0973478
0.102971
0.183643
0.0965637
-0.00580308
-0.107331
-0.0397185
-0.286145
0.0031593
0.0668297
-0.020986
0.0681771
-0.0396093
0.0612376
0.0537288
-0.155795
-0.235666
-0.138098
-0.15352
0.0196272
0.124455
-0.0836773
-0.273807
0.0184944
-0.289783
-0.00142763
-0.184129
-0.158998
0.0537002
-0.119797
-0.0688744
0.250952
-0.0614771
0.171861
0.094889
0.0417084
0.00796003
0.12028
0.00212074
0.0592389
0.0521917
0.0126713
0.206523
-0.187543
0.0421302
0.0576207
-0.317181
0.0681579
0.143407
0.230666
-0.159616
0.0779592
-0.155157
0.0892756
0.268826
-0.0876538
0.14355
0.0273152
-0.212697
-0.0530359
0.0506054
0.0416937
0.0379228
-0.0634302
-0.0271182
0.194163
-0.135899
-0.101394
0.319007
0.153673
-0.0445115
0.178146
-0.11731
-0.151808
0.142962
-0.0877027
-0.111305
-0.0898147
-0.156008
0.133831
-0.027147
0.185482
0.1588
-0.150258
-0.0371094
0.121043
-0.0130779
-0.0531536
0.0149812
-0.115234
-0.0288163
-0.162926
0.0617779
0.017911
-0.0524705
-0.0723296
0.0507284
-0.00308782
-0.159811
-0.139558
0.172934
0.1527
-0.109884
0.0133328
0.160135
-0.072984
0.09525
0.0874813
-0.0508156
-0.00434885
0.0129741
-0.111169
-0.129715
-0.178747
0.1265
-0.0903837
0.130592
-0.106924
-0.126169
-0.19309
0.145762
-0.0415004
0.202868
-0.00957552
0.0960814
0.0309153
0.0353841
-0.125177
0.0355117
-0.150885
-0.225348
0.144499
-0.133617
-0.156103
0.0619998
0.29613
-0.139739
-0.0413138
-0.0842596
-0.127452
-0.260639
-0.152871
-0.0435985
0.0850375
0.207527
-0.0794471
-0.200506
0.146866
-0.186315
-0.0717401
-0.123003
0.0642014
-0.0908849
-0.112887
-0.097407
-0.000632526
0.114292
-0.0227737
-0.18397
-0.111885
0.245755
-0.199444
-0.0502717
0.125535
0.00653195
0.00473273
0.0951821
-0.0660914
-0.0589307
-0.227936
-0.10181
-0.19552
-0.0812268
0.19754
0.103406
0.103742
0.012933
0.0695604
-0.118119
-0.0143795
-0.00108071
0.027548
0.19633
-0.133703
-0.168912
-0.0478557
0.180697
0.162933
0.055075
0.164177
-0.0221503
0.171911
0.36209
-0.0818561
0.117876
-0.133265
-0.124904
-0.0437707
-0.233495
0.168823
0.00805384
-0.152512
0.00264851
0.0397665
-0.114715
-0.073225
0.0498208
0.217603
-0.0153232
-0.199846
-0.0492502
0.0450433
0.0464507
-0.0752841
0.113178
0.0473355
0.244916
-0.0301845
-0.0348383
-0.156298
0.0890109
-0.106829
-0.144125
-0.00356259
0.131346
0.207883
0.0414395
0.0415278
-0.0464165
-0.0664091
0.0770262
0.105382
0.141894
-0.283141
0.15923
0.245737
-0.1351
-0.0252297
0.126487
-0.246711
-0.161108
-0.0490301
-0.0807379
0.0877296
0.23184
0.0773129
-0.171528
0.271215
0.133706
-0.259601
0.138974
-0.151674
-0.214434
0.180909
-0.100869
-0.0341311
0.0260704
0.10843
-0.0234516
-0.176169
0.257978
0.258832
-0.105731
0.201524
-0.178597
-0.287714
0.0809577
-0.164979
-0.00462221
0.127761
-0.220689
-0.0528462
0.0155864
-0.0296776
0.125881
0.0432501
-0.154211
0.150109
0.010341
-0.133235
-0.00369638
0.00228204
-0.0306094
-0.172457
-0.0946258
-0.0573053
0.0643573
-0.129066
0.0900312
-0.244717
0.0877352
0.00294387
0.0780552
-0.0111089
0.220083
0.0775294
-0.102293
-0.268102
-0.112917
0.0891761
-0.107026
0.0441053
0.105412
-0.199431
-0.293465
-0.10302
0.0612139
0.161993
0.158072
-0.19275
0.0387625
-0.185479
0.0202393
-0.155732
0.190513
0.107209
-0.246117
0.159422
-0.207177
-0.220745
-0.187999
0.140097
0.103494
0.184551
-0.099912
-0.12524
-0.117492
0.267215
0.235587
0.02996
-0.141557
0.234369
0.239925
0.140961
0.149821
0.104795
0.0876555
-0.258877
0.00928747
-0.0597092
0.0668424
0.0733999
0.115669
0.12734
0.0263424
0.0781905
0.0474267
-0.161347
0.0573375
0.165412
-0.0389367
-0.0202023
0.0927243
-0.226493
0.0981607
0.0469906
-0.116916
0.116888
0.11727
-0.106031
-0.0120188
0.100502
0.0364844
0.0922921
0.120892
-0.0179641
-0.09782
-0.022816
-0.0730407
-0.227531
-0.0406083
0.0237676
-0.161808
0.0177325
-0.202925
-0.117958
-0.206242
0.132083
0.163649
-0.102491
0.0282128
0.0425691
-0.0834136
-0.0455685
-0.270285
0.065498
-0.0947858
-0.0354979
0.093142
-0.0361054
-0.195966
-0.0571337
-0.265265
0.234364
-0.143002
-0.175735
-0.0465819
-0.00734927
-0.0409132
0.122238
-0.0526603
-0.111953
0.00827219
-0.0930035
-0.0938552
0.148716
0.0724119
0.100122
0.0724957
-0.131523
-0.0341115
0.0783444
0.0941119
-0.204404
-0.246874
-0.0519702
-0.0107063
-0.195007
-0.18798
-0.0579727
0.171249
0.0682703
0.21977
-0.0369785
-0.0793913
0.00548827
0.0886684
0.201866
0.0346289
0.0188904
-0.137203
0.249094
-0.0514918
-0.127765
0.0483239
0.0308704
0.240619
0.20378
0.112695
-0.257955
-0.024337
0.0753182
-0.037113
-0.129477
0.11617
-0.316697
0.0380489
0.0612737
-0.0268972
-0.00767649
-0.0610193
0.238234
-0.0814013
0.0120328
-0.141803
0.0808396
-0.231157
-0.0178978
0.11075
0.0729868
0.100551
0.094071
-0.132316
0.173214
0.00303185
0.0997093
0.0853489
0.078229
-0.167585
-0.219783
0.366778
-0.224558
-0.100757
-0.00819716
0.0384904
-0.0194485
-0.0954403
0.0473561
-0.231347
-0.0963795
0.0704536
-0.204472
-0.144929
-0.178251
-0.097963
-0.00643971
-0.00446928
-0.0186473
-0.149059
-0.123939
-0.167596
0.0346754
-0.0756088
0.138255
-0.167095
0.209041
0.0595349
0.207945
0.0523274
0.0637383
0.0914313
888888
0.0563299
0.043352
0.0392441
0.0479878
0.0488809
0.0552226
0.0525079
0.0329728
0.056965
0.0444384
0.0608199
0.0559688
0.0489042
0.0437854
0.038318
0.0509268
0.0636253
0.0547029
0.0542768
0.0425614
0.0465933
0.0433311
0.0558563
0.0473142
0.0450167
0.0483163
0.0407991
0.0498179
0.0583061
0.052776
0.0499038
0.0388375
0.0744888
0.040309
0.0459868
0.0417904
0.0454088
0.0433677
0.0544747
0.048457
0.072704
0.0369798
0.0565817
0.0540736
0.0408494
0.0548939
0.047492
0.050172
0.0641393
0.0525028
0.0461753
0.0528921
0.0486315
0.0663998
0.0446159
0.0686042
0.0406756
0.0667901
0.0555278
0.0616081
0.0507608
0.0630725
0.0447897
0.0681719
0.0456599
0.0518907
0.0407593
0.0491269
0.0591886
0.0475582
0.0449009
0.0622153
0.0547642
0.0397894
0.0482963
0.0467713
0.0480064
0.0536234
0.06866
0.0637539
0.0468256
0.0563988
0.044487
0.0405956
0.0407741
0.0492983
0.0458626
0.0500667
0.0401394
0.0550256
0.0392484
0.0336807
0.0462096
0.063337
0.0455978
0.0584499
0.0572962
0.0426276
0.0475651
0.0475825
0.0557304
0.047798
0.0584236
0.0496427
0.0468184
0.0500512
0.0538926
0.0531833
0.0486942
0.0474878
0.0577645
0.0479959
0.0538844
0.0546397
0.0588677
0.0567572
0.0472766
0.052879
0.0545068
0.049167
0.0525006
0.0562241
0.0431903
0.0467045
0.0675471
0.049696
0.0484687
0.0402928
0.0456977
0.0482421
0.0494647
0.0521342
0.0446084
0.0489829
0.0562547
0.0527572
0.0435085
0.0553146
0.0570879
0.0541186
0.0437721
0.0421142
0.0452477
0.0621668
0.0467923
0.0502808
0.0476837
0.0479911
0.0533634
0.048221
0.050059
0.0453775
0.0526056
0.0773391
0.040679
0.0616492
0.0544675
0.0460061
0.0452957
0.0387045
0.0407668
0.050702
0.05671
0.0530923
0.0568729
0.0470777
0.0479868
0.0444111
0.0487416
0.0484115
0.0428727
0.0517895
0.046565
0.0574146
0.046057
0.0335008
0.046964
0.0514911
0.0613702
0.0339648
0.042207
0.0475956
0.0495087
0.0436265
0.0567973
0.0457425
0.0442742
0.0471915
0.0559176
0.0532796
0.0433175
0.0408407
0.0558952
0.0480877
0.0448159
0.0442888
0.073231
0.0602881
0.0577687
0.0484164
0.0592311
0.0402607
0.0598216
0.0484689
0.0448151
0.0545799
0.065904
0.05048
0.0537259
0.0506808
0.0495994
0.0552912
0.0489058
0.047918
0.0473075
0.063385
0.0457038
0.0548151
0.057106
0.0569515
0.0390851
0.0473797
0.0525035
0.0475595
0.0535381
0.0447467
0.057678
0.0512046
0.0574745
0.0633605
0.0605179
0.0543143
0.0568336
0.0511949
0.049712
0.0499511
0.0682558
0.0446681
0.050257
0.0355415
0.03881
0.0496429
0.0410981
0.0535664
0.0580201
0.0438196
0.0506098
0.0594025
0.054463
0.0493724
0.0584193
0.0364009
0.056048
0.044202
0.0543087
0.0457045
0.0486549
0.0483682
0.0471692
0.0541763
0.0383333
0.0669125
0.0494726
0.0430119
0.0536012
0.0477094
0.0562748
0.0434341
0.0449971
0.0526903
0.0469891
0.0492589
0.0459786
0.04477
0.0482923
0.0467548
0.0402182
0.0527362
0.0427702
0.060551
0.0354369
0.0461859
0.0453712
0.043988
0.0506883
0.0457166
0.0652876
0.0384391
0.0601986
0.0518034
0.0429316
0.0526706
0.035991
0.045172
0.0413563
0.0510967
0.0447726
0.0551968
0.0542623
0.0542252
0.0541677
0.0656202
0.0544253
0.0687534
0.05621
0.0462742
0.0587028
0.0572702
0.0484417
0.0534678
0.0530653
0.0395478
0.0386889
0.0510115
0.0579701
0.0518777
0.0630167
0.051647
0.0551485
0.0593517
0.05
0.0422883
0.0422598
0.0523435
0.0534844
0.0639325
0.0455194
0.0472957
0.0485388
0.0585828
0.0338576
0.0371308
0.0409806
0.0659311
0.0439807
0.0512418
0.0446482
0.049762
0.0487058
0.0437404
0.0501121
0.0429706
0.0428603
0.0447723
0.0447495
0.0581349
0.0523056
0.03981
0.0436789
0.0571745
0.0447483
0.065718
0.0404259
0.0537419
0.064428
0.0432735
0.0517737
0.0531225
0.0642456
0.0534434
0.0473884
0.0616324
0.0487192
0.0428411
0.0578512
0.0499813
0.0657307
0.0641733
0.0488633
0.0528251
0.0473955
0.0506144
0.0481509
0.0627608
0.0388913
0.0509676
0.0547704
0.0532989
0.0506222
0.0528611
0.0436126
0.059902
0.054193
0.0461028
0.0557746
0.0564588
0.0566245
0.0381935
0.0387844
0.0701988
0.0683777
0.0331448
0.0532849
0.0415328
0.0529843
0.0489387
0.0522428
0.0484656
0.0526189
0.0443309
0.0491478
0.0421363
0.0546426
0.0454059
0.0647605
0.0546852
0.0569612
0.0628508
0.0441662
0.0490466
0.0599483
0.0475376
0.0497719
0.0579179
0.0521569
0.0508271
0.0497664
0.0494527
0.0415144
0.0646304
0.0478263
0.0423398
0.0527016
0.0549843
0.0423698
0.052897
0.0448438
0.0598702
0.0507568
0.0504523
0.0598028
0.0571484
0.0475416
0.03278
0.052789
0.0340213
0.0472487
0.0612188
0.0573157
0.0473936
0.0521011
0.0535792
0.0608592
0.0665352
0.0387754
0.060978
0.0512676
0.0455318
0.0591607
0.0493521
0.0390248
0.0412845
0.0485462
0.0511255
0.0450102
0.0496026
0.0514684
0.041746
0.0610971
0.0445082
0.0419487
0.0429276
0.0446313
0.0503861
0.0489049
0.0583706
0.0581937
0.037498
0.0556441
0.0426384
0.0576751
0.0488684
0.0496157
0.0476542
0.0346959
0.0493254
0.042654
0.0452701
0.0348634
0.041323
0.0582619
0.0365026
0.057362
0.0487462
0.0497713
0.0652455
0.0558892
0.0521656
0.0397159
0.0570735
0.0443838
0.0726565
0.0522847
0.055198
0.0433775
0.0622421
0.0509542
0.0468174
0.0476107
0.0566152
0.0398429
0.0537753
0.0420491
0.0457036
0.0500845
0.058736
0.0605832
0.0534311
0.0526776
0.0476044
0.0568159
0.0575202
0.065545
0.0366328
0.0486129
0.0522722
0.0497293
0.0569227
0.0637811
0.0674861
0.0532005
0.0525372
0.0534434
0.0595766
0.0315434
0.0528872
0.052172
0.0394839
0.0474838
0.049016
0.0438533
0.0473788
0.0607504
0.0440577
0.0363547
0.0513689
0.0570952
0.061174
0.0446641
0.0501571
0.0464552
0.04521
0.0391786
0.0420967
0.0540168
0.0383683
0.0403338
0.0398245
0.0605302
0.0491163
0.0487103
0.0532954
0.0524723
0.0485992
0.0448528
0.0512766
0.0521088
0.0555136
0.0568136
0.0622634
0.0444103
0.0716652
0.0552138
0.0581638
0.0513282
0.0532492
0.0626274
0.0442201
0.0506034
0.0437167
0.0405954
0.0573197
0.0638983
0.0566292
0.0705722
0.05518
0.0392286
0.0470088
0.047777
0.0633179
0.0686926
0.0618226
0.0603861
0.0473069
0.0486795
0.0543098
0.0408929
0.0618101
0.0579185
0.0470899
0.0528336
0.0597501
0.0534736
0.0462784
0.0617203
0.0547654
0.0517744
0.0460337
0.0439644
0.0451485
0.0557535
0.0415669
0.0503861
0.0424909
0.0415573
0.0468568
0.0396069
0.0503649
0.0434417
0.0464368
0.0481458
0.0513019
0.0564632
0.0430016
0.0555989
0.0479386
0.0484205
0.0544878
0.0524346
0.0578027
0.0399801
0.0387437
0.0485194
0.0419928
0.0390316
0.0336688
0.0574023
0.0378963
0.0491497
0.0559136
0.0633511
0.0405917
0.0491489
0.0531141
0.0370203
0.049339
0.0631007
0.0518451
0.0553264
0.0594925
0.0530796
0.0535248
0.0471517
0.0366773
0.0715338
0.0487757
0.0534893
0.0624277
0.0483099
0.0491098
0.0547217
0.0425173
0.0668894
0.0467686
0.0454041
0.0485011
0.0462963
0.0450191
0.0313371
0.0494659
0.0519317
0.0377999
0.0427489
0.0595647
0.0522715
0.053632
0.0461768
0.0389507
0.0516829
0.0506564
0.0536284
0.0487313
0.0571857
0.0617603
0.0480335
0.0730734
0.06472
0.0426394
0.0629159
0.0449871
0.0568238
0.061468
0.0430411
0.0730794
0.0502195
0.0522055
0.0510055
0.0524903
0.0387971
0.0479752
0.0435453
0.0462352
0.0473041
0.045182
0.0547387
0.0563704
0.0435928
0.0508144
0.0424736
0.051424
0.0593839
0.0519147
0.0533372
0.0594822
0.0457376
0.042485
0.0447146
0.0463634
0.0484264
0.0484792
0.0559127
0.0561302
0.0609376
0.0478334
0.0633135
0.0452204
0.0483974
0.0520071
0.0505455
0.0420476
0.0493681
0.0403916
0.0480973
0.0595252
0.0566036
0.0448757
0.0480516
0.0570331
0.0416145
0.043962
0.0621549
0.0611918
0.0633436
0.0471012
0.0545699
0.0596516
0.0608177
0.056941
0.0581537
0.048026
0.053641
0.0524994
0.0702816
0.0588468
0.0397625
0.0325195
0.0438534
0.0437766
0.0559272
0.0510063
0.058679
0.0418629
0.0552801
0.0435655
0.0451829
0.0423638
0.0581689
0.0398961
0.0480623
0.0416657
0.0546252
0.0458307
0.0412929
0.0412577
0.0574257
0.0475123
0.04891
0.0489342
0.0516386
0.0423224
0.0484498
0.0429666
0.0432569
0.0556334
0.0430833
0.0605481
0.0672688
0.0547216
0.0459405
0.0487933
0.0543815
0.0464205
0.0546268
0.0407322
0.0504145
0.0392537
0.0468591
0.0479917
0.0465923
0.0391342
0.053951
0.0632106
0.0526288
0.0523455
0.0548467
0.06234
0.0630519
0.0413375
0.0435524
0.0480896
0.0526045
0.0424475
0.0512749
0.0550987
0.0484944
0.0506304
0.0567463
0.0626808
0.0467251
0.0467441
0.0527819
0.041905
0.0397264
0.0424447
0.0522482
0.0484624
0.047676
0.0475775
0.040847
0.0477933
0.0553281
0.0502885
0.0515408
0.0528341
0.0334001
0.0401816
0.0431221
0.0440866
0.0467838
0.0520836
0.0510806
0.0565393
0.0588931
0.0429192
0.0446609
0.0623044
0.0566536
0.0458529
0.0510933
0.0708261
0.0420192
0.0525195
0.0487486
0.0463846
0.0490968
0.0440762
0.0650494
0.0381882
0.0494304
0.0337
0.0575413
0.0720486
0.067156
0.0714626
0.0453446
0.0660021
0.0579215
0.0532127
0.0565364
0.0532299
0.0463416
0.0583413
0.0508725
0.0548768
0.0355463
0.0532656
0.0510163
0.0446032
0.0539924
0.0468789
0.0572701
0.0594798
0.0441874
0.0676326
0.0473839
0.0553054
0.0468615
0.0399374
0.0595669
0.0562198
0.0494804
0.0672265
0.0448713
0.0465125
0.0475507
0.0472307
0.0399871
0.055972
0.0347944
0.0394116
0.0461609
0.0467767
0.0542645
0.0567758
0.0346921
0.0573644
0.0501582
0.0452773
0.0455621
0.0605635
0.0474788
0.0510831
0.060989
0.0733363
0.0385164
0.0407963
0.0593802
0.0588719
0.0517999
0.046115
0.0506343
0.0498664
0.0503723
0.0566021
0.0402339
0.0454356
0.0551294
0.0489432
0.0386582
0.0510061
0.047074
0.0684019
0.0480528
0.0412023
0.0429262
0.0502396
0.0545607
0.0469452
0.0519837
0.0553943
0.0407968
0.0589934
0.0535232
0.0450583
0.0414636
0.0478208
0.0534997
0.044903
0.0426363
0.0501059
0.043725
0.047165
0.05714
0.0471164
0.0486217
0.0507975
0.0511972
0.0447742
0.0383914
0.0482232
0.0586656
0.0421574
0.0462341
0.0589208
0.0402431
0.0502084
0.0613681
0.0465102
0.0508402
0.061576
0.0461623
0.0450109
0.0556998
0.0465949
0.043437
0.0530138
0.0423106
0.044551
0.0456995
0.0417477
0.0573927
0.0571086
0.0363482
0.0466358
0.0637112
0.054021
0.0430122
0.0726545
0.0589786
0.0482362
0.0527284
0.0457589
0.0460202
0.0517079
0.0476118
0.0601836
0.0599366
0.0453768
0.0496793
0.0397977
0.0386978
0.0490283
0.0429475
0.0531402
0.0476738
0.0660997
0.0506593
0.061399
0.0512256
0.0393196
0.0475077
0.0534492
0.0580929
0.0351291
0.0476785
0.0457555
0.0493242
0.0328514
0.06275
0.0594638
0.0485695
0.0517848
0.0515201
0.0358326
0.0510879
0.0540198
0.0481341
0.0479798
0.0592955
0.0613519
0.0525828
0.0467282
0.0454661
0.0505419
0.0514711
0.0514654
0.0483601
0.0558886
0.0481184
0.0639656
0.0504157
0.0415975
0.0490166
0.0550082
0.0433128
0.0458876
0.0518308
0.0646613
0.0431725
0.0567361
0.0508793
0.0472213
0.0382463
0.0539816
0.0591114
0.0393367
0.0527792
0.0368231
0.0514528
0.0500898
0.0406414
0.0507702
0.0598484
0.0409084
0.0481937
0.0578322
0.0541603
0.0441293
0.0432667
0.0669792
0.0552044
0.0609415
0.0489785
0.0493091
0.0425133
0.0475871
0.0423103
0.0618353
0.0380092
0.0580643
0.0461017
0.0357991
0.0524734
0.0634435
0.0632814
0.0566932
0.0510116
0.0528393
0.0745205
0.0469637
0.0546377
0.0443766
0.0451342
0.0462518
0.0565562
0.0532756
0.0502133
0.0486666
0.052832
0.0386766
0.0570821
0.0511215
0.0691116
0.0443395
0.0631525
0.0442245
0.0583875
0.0481361
0.0412168
0.0551608
0.0508669
0.0406591
0.055568
0.0398859
0.0550743
0.0480709
0.0451196
0.0592662
0.0506361
0.0376609
0.0404052
0.0479811
0.0437206
0.045332
0.055987
0.0478552
0.0448086
0.0736181
0.0413264
0.0485013
0.0412496
0.047954
0.0603483
0.0479058
0.0525286
0.0419172
0.0397801
0.0700567
0.0553042
0.0492668
0.0500376
0.0516162
0.0502713
0.0439397
0.0505828
0.0571486
0.0496528
0.0407925
0.070181
0.0530632
0.0422599
0.0547259
0.0388414
0.0523333
0.0560619
0.0309834
0.0396183
0.0523016
0.0508853
0.0482003
0.0334237
0.0452214
0.05781
0.0591987
0.0425564
0.0457106
0.0426537
0.053527
0.0620886
0.0472321
0.0562738
0.0451799
0.0627086
0.0403376
0.04818
0.0532108
0.0370545
0.0661334
0.0466401
0.0400762
0.0670248
0.0430268
0.0592822
0.0514167
0.0734471
0.0586517
0.0492209
0.0500915
0.0628904
0.048387
0.0462733
0.0566617
0.0546278
0.0459255
0.0382541
0.05247
0.0522792
0.0589061
0.0631765
0.0613882
0.0504915
0.0488168
0.0432511
0.0690354
0.0532224
0.0612201
0.0449302
0.0445172
0.0569273
0.0464546
0.0500403
0.0572172
0.0499443
0.041017
0.0371251
0.0511277
0.0624155
0.0482451
0.0526579
0.0405812
0.0522532
0.0590828
0.0365832
0.0543921
0.0474142
0.0612683
0.0572799
0.0549389
0.0552604
0.0492407
0.0501059
0.0616172
0.0420084
0.0528398
0.0372305
0.0544433
0.0554512
0.0617922
0.059357
0.0496326
0.0513559
0.0449425
0.0403988
0.0447416
0.0596079
0.0477968
0.0389859
0.0583859
0.0543362
0.0597736
0.0637808
0.055027
0.0610868
0.0438698
0.0457654
0.0474025
0.0516081
0.0476693
0.0401947
0.0463315
0.0593953
0.0418097
0.0512373
0.0428287
0.0574809
0.064066
0.040156
0.0514332
0.0490794
0.0547501
0.0655323
0.0553683
0.0453539
0.0559792
0.0650365
0.0592348
0.0435077
0.0435697
0.0471367
0.0490429
0.0569376
0.0499604
0.0490832
0.0644812
0.0450603
0.0536494
0.0453112
0.0507364
0.0447576
0.056435
0.042763
0.047118
0.0451523
0.0586086
0.0546254
0.0430279
0.0671465
0.0420812
0.045101
0.0562278
0.0548651
0.0417524
0.0528554
0.0404778
0.0537217
0.0641346
0.0477669
0.0321326
0.0517632
0.0411528
0.0435511
0.0645664
0.0388924
0.0499385
0.0441373
0.0576022
0.0451477
0.0541864
0.049693
0.0506702
0.0471488
0.0530878
0.0563483
0.0560005
0.0550209
0.0474016
0.0403345
0.0602391
0.0534345
0.0434928
0.0498053
0.0520146
0.0602403
0.054559
0.045499
0.0573615
0.0427865
0.058696
0.0405166
0.0541826
0.0513865
0.0508922
0.0476059
0.0515683
0.060599
0.0375613
0.0531632
0.0488462
0.0511334
0.0331995
0.0427965
0.0628725
0.0512398
0.0500033
0.0447157
0.0483611
0.0555708
0.052556
0.050641
0.0545394
0.0466482
0.0659502
0.0545124
0.0444603
0.0586534
0.0438475
0.0489654
0.0565691
0.0388724
0.038763
0.0574032
0.0442493
0.0401804
0.0402214
0.0502974
0.0650272
0.045898
0.0326005
0.0522244
0.0623613
0.0598696
0.0483822
0.0559783
0.0412108
0.0610013
0.0499384
0.0653582
0.0507104
0.0586478
0.0489349
0.0449391
0.0640467
0.0527522
0.0428848
0.0547583
0.0575447
0.0481546
0.0515929
0.0580595
0.0382957
0.0431508
0.0690934
0.0584315
0.0471598
0.0518244
0.0560013
0.0506008
0.0532519
0.062528
0.0567881
0.0553224
0.043331
0.0522603
0.0510691
0.0675715
0.0540902
0.0433123
0.0496505
0.0453243
0.0521209
0.0572015
0.0438982
0.052612
0.0408936
0.0430884
0.0502144
0.0433501
0.0628784
0.0536166
0.045206
0.0541001
0.0428382
0.061041
0.0399258
0.0449377
0.0441701
0.0515295
0.0457657
0.057686
0.052591
0.0480468
0.043016
0.0483149
0.0449546
0.0471933
0.049065
0.0425081
0.0513734
0.0585542
0.0405537
0.0386541
0.0485425
0.0492368
0.0536078
0.0631297
0.0408146
0.0584943
0.0441674
0.0434632
0.0622235
0.0424265
0.0518088
0.0488844
0.040052
0.0533328
0.0451022
0.0358499
0.0450958
0.0410697
0.0542226
0.0444947
0.0574218
0.0517407
0.0584364
0.0537209
0.0559218
0.041821
0.051041
0.0550593
0.0569075
0.0436178
0.0563047
0.0514227
0.0489274
0.046806
0.0480643
0.0550865
0.0763695
0.0540053
0.0539921
0.0482699
0.039696
0.0477249
0.0372937
0.0486242
0.0399079
0.04561
0.0476735
0.049729
0.0492154
0.0576572
0.0497321
0.0544305
0.0390872
0.0435418
0.0504784
0.0510443
0.0512656
0.0562192
0.0641968
0.0412801
0.0556191
0.045933
0.0629666
0.0385726
0.0429331
0.0500325
0.0578906
0.0525328
0.0546858
0.0539346
0.0494671
0.0472023
0.0599277
0.0395271
0.0493934
0.0457891
0.0564109
0.0698236
0.0508016
0.0617401
0.0548824
0.0588079
0.0502351
0.0533876
0.053105
0.0469544
0.0484921
0.0428204
0.062482
0.039332
0.0419771
0.0382766
0.0436432
0.05736
0.0654313
0.0490946
0.0381242
0.034529
0.057867
0.0500175
0.0487925
0.0471251
0.050682
0.0713307
0.0564135
0.041618
0.0452194
0.0500969
0.0460416
0.0525821
0.050377
0.0519235
0.0430381
0.0467612
0.0653408
0.0564688
0.0353767
0.0509887
0.0422207
0.0372053
0.0596203
0.0753204
0.0508511
0.0495102
0.0404242
0.0470191
0.0501335
0.0522283
0.0466378
0.0645739
0.056883
0.0388996
0.0542961
0.0390749
0.0521773
0.0627778
0.0377717
0.043188
0.0445968
0.0469042
0.0428818
0.0587456
0.0429789
0.0539257
0.040854
0.0558936
0.0439455
0.0580886
0.0472804
0.0407751
0.0577962
0.0491395
0.0340573
0.0434146
0.0592952
0.0553114
0.0461942
0.07014
0.0483119
0.0468893
0.0457923
0.0527805
0.0524013
0.0383468
0.0520972
0.043458
0.0569877
0.0444997
0.0628626
0.0448174
0.0484227
0.0515603
0.0545488
0.0462387
0.0595333
0.0488585
0.0511106
0.0597547
0.0453308
0.0492724
0.0420407
0.0456239
0.0451519
0.0597908
0.0538288
0.0587369
0.0609854
0.0551561
0.0478552
0.0403722
0.0517425
0.0333914
0.0479176
0.0616471
0.0577755
0.0464979
0.0511665
0.04594
0.0484513
0.0440741
0.037854
0.0687205
0.0410424
0.0470619
0.0560568
0.0396711
0.0619592
0.053224
0.063462
0.0487093
0.0536947
0.0483703
0.0409747
0.0657698
0.0440547
0.0598729
0.0517155
0.0423044
0.0700532
0.0578089
0.0524873
0.054952
0.0574575
0.0405497
0.0508226
0.0466218
0.0530643
0.0502654
0.044817
0.0447821
0.0445771
0.0576261
0.0535062
0.0669868
0.0490112
0.047874
0.0400314
0.0430845
0.0638735
0.0585852
0.0420757
0.039645
0.0530171
0.0430683
0.054082
0.0565353
0.0491767
0.0551648
0.0477936
777777