2.80612
999999
0.314373
0.14375
0.107902
-0.0483539
-0.146723
-0.114362
-0.00548592
-0.239673
-0.0371009
-0.120792
0.065399
0.175116
-0.182626
0.119317
0.00455409
0.107211
0.0244288
-0.0260151
0.128002
-0.123029
-0.0550524
-0.189991
-0.109516
-0.107468
-0.182872
-0.145323
-0.217506
-0.273653
-0.209419
0.136943
0.0525592
-0.251665
0.0446166
0.137632
-0.126114
-0.127106
-0.10723
0.0748537
0.0204727
-0.139983
-0.0304684
0.179343
-0.227473
-0.104322
-0.141155
-0.0373763
0.015142
0.337098
0.175814
-0.191967
0.236649
0.0824186
-0.0463812
-0.235207
0.0121202
-0.0101222
-0.127063
-0.0782287
0.117723
-0.171921
0.125719
-0.341032
-0.246362
0.0824023
-0.175605
0.0488749
0.217884
-0.0232199
-0.157832
0.0545295
-0.137282
-0.14065
-0.067151
0.0503071
0.241806
0.0176613
0.159417
-0.135025
-0.220701
0.189022
-0.081728
0.0344681
-0.185324
0.282632
-0.350398
-0.111073
-0.123946
-0.18967
-0.0189504
0.148422
0.128483
0.109405
-0.108574
0.0771533
-0.229601
0.0537299
0.356703
-0.0917275
0.132999
-0.045104
-0.13963
0.0182259
-0.132843
-0.135297
0.0357227
0.070877
0.26129
0.210798
0.199263
-0.30076
0.149748
0.0773699
-0.0126656
-0.0124738
0.0140291
0.105173
0.0612962
-0.0453943
0.0080026
0.0947346
-0.300455
0.0599554
-0.195152
-0.00955622
0.157697
-0.0522885
0.0531828
0.0778664
-0.178772
-0.173946
-0.154194
0.19457
0.265598
0.179059
-0.157775
-0.0894434
0.0610084
-0.0875782
0.0788148
0.0540743
-0.0444862
-0.243497
-0.0505148
-0.0708692
0.25886
-0.00292261
0.281506
0.0392288
-0.139502
-0.0578248
-0.420643
0.146456
0.129623
-0.0392199
0.226982
0.189315
-0.201202
0.00749629
0.0164068
-0.0258028
0.298896
0.0653852
0.117109
0.0248832
-0.17918
-0.247512
-0.125693
0.107713
-0.100516
-0.0546342
-0.0134033
0.10129
-0.193355
-0.121586
-0.254474
0.173172
-0.068254
-0.120388
-0.0848557
0.179955
0.163416
-0.261558
0.251796
0.163626
0.251987
-0.00418185
-0.0121896
0.0195653
0.051053
-0.129433
-0.0774059
-0.153508
0.179096
-0.00378142
0.0660565
0.351153
0.142918
-0.0138719
-0.0870128
-0.157202
0.0294959
-0.0106219
0.167533
-0.0131794
0.172748
-0.0103345
-0.179783
-0.192666
-0.140865
-0.186661
0.0759622
-0.135017
0.272463
0.0367425
-0.108884
-0.0556621
0.0272342
0.0227083
0.310311
-0.111469
0.19366
0.235538
-0.0885541
0.101533
-0.144234
0.308417
-0.108146
-0.223858
0.0220183
0.148994
0.0766793
0.0849216
-0.105497
0.0625075
-0.238991
0.0622472
-0.0121501
0.241672
-0.0930667
-0.0903338
-0.20068
-0.276575
0.230113
-0.168575
-0.00347838
-0.0711045
0.0853909
-0.0142672
0.108608
0.096892
-0.348909
-0.171346
-0.301455
0.342742
-0.191225
0.0696864
-0.0368116
0.0335648
0.0838594
-0.174073
-0.0516311
-0.11487
0.227881
0.122028
0.13071
0.176925
-0.0448529
0.194632
-0.10987
0.124146
0.137857
0.0754685
0.10557
-0.0620963
-0.209059
0.0287839
-0.108106
-0.0456975
0.00361359
-0.177521
-0.237077
-0.0248336
0.0618617
-0.00283254
0.126442
-0.0286268
-0.150263
-0.0052858
-0.202306
-0.073096
-0.0426149
0.000647679
-0.064995
-0.0385635
-0.0176598
-0.0815588
0.0863685
0.153803
-0.00606021
0.0695346
0.0699309
-0.240162
0.0755273
-0.0962903
-0.0764641
-0.0258043
0.0564514
0.0530394
0.300442
0.0209968
0.0412816
0.153533
-0.254082
0.0992008
0.0030882
0.00483791
0.145246
-0.166477
-0.204198
-0.00878245
0.0316045
-0.38718
0.0853852
0.0984372
0.20793
0.039817
0.108728
0.0345742
-0.0302428
0.162321
-0.342844
0.28943
0.126947
-0.138937
-0.296849
-0.19135
-0.118376
0.00890088
0.0404601
0.139107
-0.287192
-0.0755446
-0.0523685
-0.0404631
-0.0233658
0.0639025
-0.0545712
0.162203
0.0462519
-0.226756
-0.141542
0.0585379
0.262742
-0.211798
0.0801768
-0.0418577
0.0506183
-0.0272553
0.0457655
-0.0422867
-0.0293333
0.150969
0.143829
-0.128645
0.0737921
0.0721133
-0.110667
0.106706
0.153487
-0.070406
-0.0662633
-0.103955
0.0698408
0.125775
0.123776
-0.107553
-0.0063371
0.225293
0.0985188
0.0651213
-0.343827
-0.265095
0.0365048
0.0880576
0.186422
0.12273
0.0396632
-0.162097
0.207928
0.0773963
-0.0815545
0.110805
-0.0942578
0.0303084
-0.0212673
0.14646
-0.175061
-0.102968
0.118964
0.0422839
0.107708
0.0613387
0.0345227
-0.0445513
0.14341
0.241451
0.119612
-0.0541449
-0.235434
0.0233431
-0.386097
-0.049727
-0.146972
-0.0174837
-0.0160547
-0.114604
0.220979
0.0812617
0.0536466
0.0195499
-0.211074
0.25137
0.232323
0.0410705
0.155475
0.0329636
0.187338
0.0264778
-0.264242
0.370407
0.16121
-0.120743
-0.00239769
0.284164
0.181844
-0.180712
-0.129908
-0.0384145
-0.0831234
0.0888548
0.188372
0.278827
-0.220377
-0.250353
0.152702
0.117121
-0.280664
0.10897
0.0909307
0.00389425
0.0810989
-0.0718019
-0.0970498
0.0323288
-0.033522
0.0763988
0.255033
0.0411825
0.00230479
0.0786245
-0.146302
-0.148004
-0.222301
0.00437999
0.0250841
-0.0233546
-0.02768
0.212598
-0.493101
-0.398662
0.209544
0.129413
-0.1525
0.12961
0.253893
-0.0793085
0.139956
0.00309831
-0.110401
0.252988
0.0364673
-0.146866
0.0335022
-0.136371
-0.0862138
0.312521
-0.152892
0.153513
0.0342327
0.248823
0.11633
0.0172147
0.15334
0.0025171
-0.15347
-0.334836
-0.202112
0.0842269
0.117498
0.139747
0.0858647
-0.286898
-0.184146
0.21719
-0.074519
-0.187165
0.0215667
-0.313588
-0.433557
0.03008
0.150184
-0.0440113
-0.106482
0.296371
0.000398801
-0.0964455
-0.0106504
0.00450118
0.258267
0.00633461
-0.191689
0.412758
-0.101935
0.127547
0.018353
-0.164236
-0.0670546
-0.0410156
0.179943
-0.0999046
-0.220362
-0.160633
0.144662
0.180648
0.080285
0.0262752
-0.222291
-0.00592454
-0.0485431
0.291483
0.0344467
0.141012
-0.0759667
0.0800794
0.118168
-0.0956331
-0.200845
-0.0262928
0.00717877
-0.0612876
0.199996
0.27779
0.00401896
-0.287021
0.12186
-0.0657264
-0.0753161
-0.108092
-0.193258
-0.274709
0.0156967
-0.00737837
-0.114099
-0.0619928
-0.00995203
0.172583
0.0421108
0.235497
-0.120577
0.220195
-0.0101733
0.131135
0.109794
0.089364
0.112193
-0.16622
-0.0465124
0.242122
-0.109924
-0.0818667
0.231988
0.00534902
-0.108337
-0.253996
0.044819
-0.0624128
-0.0774645
-0.00787731
0.273446
0.118661
0.139159
0.0885577
0.0601382
0.0333389
-0.0682038
-0.0335063
-0.120121
0.00895467
-0.00451236
-0.179072
0.109325
-0.140433
0.0109877
-0.169591
-0.049474
-0.353743
-0.0234634
0.10243
-0.0481547
0.012527
0.0969453
0.0991987
0.0873304
0.0257345
-0.190244
-0.125995
-0.22065
-0.0509263
-0.0911797
-0.0418512
-0.306362
-0.0958587
0.0937599
0.278212
-0.198294
0.00876345
0.144726
-0.0774706
-0.110238
0.106819
0.0702424
-0.0322523
0.0477661
-0.0687947
0.294718
0.230565
-0.264938
-0.28793
-0.00167478
0.0967296
0.130915
-0.248412
-0.0623952
-0.300842
0.0157324
0.134271
-0.163628
-0.213027
0.0203431
-0.20992
-0.286268
0.00682651
0.0673214
0.0697955
0.0404243
-0.0911598
-0.201533
0.149651
0.423323
0.158025
-0.206003
0.115982
-0.320094
0.307722
0.225769
-0.10682
0.276186
0.380164
0.292588
-0.240543
-0.118062
-0.0693958
-0.0750182
-0.125685
-0.262485
0.0994522
0.15114
-0.168455
-0.369441
0.00851793
-0.248792
0.273997
0.0453894
0.146386
-0.025464
-0.136141
-0.135151
-0.34932
0.0962689
-0.127249
-0.0685918
-0.151775
-0.146337
-0.14573
0.273322
-0.227278
0.0210891
-0.147063
0.168103
0.179214
-0.21356
-0.219645
-0.00326483
-0.142496
0.0572052
-0.147233
-0.251767
0.00386178
-0.132621
0.226294
0.0163529
0.21813
-0.0102137
-0.133853
-0.188755
-0.217596
0.134465
-0.179382
-0.107197
-0.173028
0.0903955
-0.120937
0.128365
0.117681
-0.0762961
0.128539
-0.0151569
0.18457
-0.132722
0.0911752
-0.217583
0.0591689
-0.193014
-0.0494264
-0.0833682
-0.0981156
-0.23097
-0.135856
-0.194355
-0.197408
0.00894481
-0.264643
0.127304
-0.154871
0.156159
0.0827377
0.257041
0.00254049
-0.107854
0.124409
0.316714
-0.140691
-0.180124
0.183019
0.094162
-0.138649
-0.0678864
0.15708
0.0514541
-0.0430395
-0.360534
-0.215646
-0.0465364
0.12065
0.120897
0.166071
0.228649
-0.00399215
-0.107168
-0.134472
-0.0830689
0.097095
0.00635353
0.384023
0.0144796
0.062027
0.048975
0.0322476
0.0156894
0.2205
0.231423
-0.0769981
-0.0282388
0.229585
-0.0188597
0.142959
0.00755495
0.136356
0.0549659
-0.0444185
-0.0225703
0.253162
-0.114359
-0.0713911
0.0229135
-0.0453717
0.0507111
-0.0409222
-0.0753472
-0.162357
-0.19637
-0.235477
0.0803923
-0.04829
0.30352
0.201105
0.0235954
-0.0178485
-0.0475794
0.24289
-0.0449102
-0.0428606
-0.27433
0.0948527
0.114739
-0.0118889
-0.0112729
0.0836032
0.229003
-0.142767
-0.167171
0.122479
0.215245
0.227499
0.178974
0.0338947
-0.0253215
0.0702032
0.227878
-0.226633
-0.138603
0.150008
-0.0879628
0.27066
-0.0195926
-0.162034
-0.110976
0.00983909
0.0807988
0.0296013
0.0885574
-0.184546
-0.163602
0.109616
0.112555
-0.149039
-0.272887
-0.032603
0.14139
-0.0792299
-0.141001
-0.257445
-0.0471873
0.0173747
0.211847
0.079326
0.0109493
-0.0772897
-0.0390553
0.100183
0.0201785
0.0126031
-0.0322891
-0.102621
-0.0346586
0.208135
0.008817
-0.063417
0.186846
0.0935824
-0.152658
0.14522
0.285309
0.0713288
-0.271627
-0.0775451
-0.0278134
-0.184442
-0.157988
-0.0264398
0.111332
-0.0371915
-0.110647
-0.0381366
0.351319
-0.00623575
-0.15431
0.115478
-0.0461087
0.208752
-0.104413
0.128747
0.175497
0.0954822
-0.206762
-0.215134
0.0666043
0.164768
0.153268
-0.114648
0.0118357
0.0660566
-0.307799
-0.13176
-0.200418
-0.0216456
0.0311076
-0.0857543
0.168901
-0.227509
-0.0532632
0.0197688
0.315064
0.0494167
0.168204
-0.30269
-0.0192663
-0.161273
-0.00932074
-0.18903
0.156152
-0.293282
0.0386564
-0.0585909
-0.0426726
-0.136286
0.115273
-0.0369916
0.122136
-0.0699891
0.0382034
-0.127677
0.0749798
0.110406
-0.132852
-0.220471
0.0154209
0.111781
0.202844
-0.112119
0.284777
0.292525
-0.194281
0.193971
0.0671411
0.300665
-0.00496622
0.0590063
0.0770461
0.101538
0.0686973
-0.11904
-0.218386
-0.0141973
-0.175759
-0.213903
-0.0663954
-0.0964309
-0.143327
-0.109577
0.0213812
0.250617
-0.242791
0.129484
0.176823
-0.000845231
-0.126863
0.249567
-0.14834
0.139083
-0.112159
0.295012
-0.105337
0.0651062
-0.0825362
-0.0789947
0.0893514
-0.0220607
0.0377078
-0.162098
0.134915
0.111771
0.0400983
-0.272698
0.0320923
0.00638529
0.0220058
-0.0537954
0.336859
0.0247453
-0.00472972
-0.111949
-0.194607
-0.0944035
-0.148402
0.0704616
0.0916691
0.20743
0.168997
-0.0791067
0.0776894
0.0531074
-0.0649197
0.0508756
-0.154116
-0.166114
-0.195383
0.0444475
-0.0704671
0.215364
-0.0819867
0.0955085
0.140601
-0.0477078
0.141717
-0.286347
0.0232428
0.0293234
-0.151854
0.0728202
0.0963321
0.0164958
0.0982083
0.102215
-0.180129
-0.0676788
0.147853
-0.225186
0.0983201
-0.109935
0.162481
0.0392869
0.0272003
-0.0243349
0.182672
0.0479266
-0.14435
-0.0344795
0.230104
-0.201665
-0.105849
-0.183637
-0.13603
-0.149703
-0.196053
0.0497777
0.215458
0.0783676
-0.207295
0.0880053
-0.112426
0.0973182
-0.177714
0.00168772
0.187687
-0.00289242
-0.0598878
-0.0344399
-0.270034
0.0268232
0.132936
-0.0192102
-0.188134
0.0170477
0.0223186
-0.0324841
-0.0334664
0.185421
-0.144504
0.147667
0.0443554
0.169616
-0.209735
0.157377
-0.126878
-0.0049883
-0.17882
-0.0614406
-0.129857
-0.126168
0.0854377
0.261248
0.183648
-0.230091
-0.0269896
0.107505
0.0402708
0.149704
0.065437
-0.0564656
-0.205447
0.0918852
-0.16817
-0.195932
-0.303215
0.0108814
-0.0229197
-0.100598
-0.018549
-0.124373
-0.269411
0.263125
0.161906
0.0299737
0.0161575
-0.107828
0.0515086
-0.403822
0.196671
0.11322
0.0284285
-0.0657603
0.0459178
-0.159432
-0.0174203
-0.322782
-0.252648
-0.343744
0.00202292
-0.183901
0.225813
-0.132493
-0.0678109
0.0231188
-0.276081
0.262513
-0.150687
-0.0973101
0.122428
-0.202023
0.0704309
-0.0117591
0.0615819
0.00782839
0.166643
0.115399
0.244695
0.0654936
0.177675
0.26803
-0.0519217
-0.219144
0.131081
-0.152725
0.00589662
0.00492033
-0.194509
-0.082375
-0.00286521
-0.194301
-0.0467017
-0.0500769
0.155586
0.0871608
0.0129479
0.219982
-0.300331
-0.158365
0.00509262
0.0727292
-0.0882588
0.106393
0.165795
0.27276
0.0823916
-0.193269
-0.221315
0.127611
-0.00939425
0.0195135
-0.0901171
0.0943268
-0.151702
0.0169997
0.0824547
0.122565
-0.0307782
0.0998542
-0.0646144
-0.048919
0.00585605
-0.167866
0.232372
-0.125805
-0.0433736
0.0753995
-0.112255
0.206283
0.0369587
0.0886827
-0.106752
-0.0613302
0.227891
-0.094096
-0.313844
0.00375312
0.109769
-0.170279
0.0554267
0.043901
0.161254
-0.352218
0.0444306
-0.130997
0.0845422
0.189559
-0.0540293
-0.220896
0.0607438
0.0447367
-0.140925
0.316944
0.189837
-0.0533138
0.0146593
-0.418465
-0.108112
0.271644
0.0358461
0.00238193
0.123255
0.286482
0.222625
0.40377
-0.0834589
0.0392425
0.060588
0.14587
-0.158132
-0.197643
0.186493
-0.0685949
0.0722564
-0.246804
-0.258189
0.0413486
0.265729
-0.059147
0.241191
-0.0542104
0.0774426
0.123105
-0.165169
0.0376126
0.169299
0.085838
-0.140461
-0.111428
-0.00957673
0.0690159
0.0302078
-0.103313
0.109593
0.331636
-0.0815203
-0.161431
-0.0121214
-0.0297505
0.0733076
-0.141874
0.209856
0.0643107
-0.0454309
-0.0850959
-0.193993
0.175336
0.215226
-0.012797
0.174181
0.0533307
0.0688809
-0.113529
-0.181876
-0.141775
-0.16575
0.0107283
0.0451739
0.000539267
-0.251321
-0.154575
-0.215107
-0.0725091
-0.0517361
0.0817412
-0.0652485
0.0550975
-0.1444
0.10843
0.0907947
-0.355748
0.0872556
-0.0976804
0.142584
-0.0704107
-0.128461
0.0488013
-0.224034
0.134962
-0.16561
0.151776
0.408089
-0.0435239
-0.0215052
0.0761065
0.0661177
0.000197246
0.141539
-0.0428446
-0.243464
-0.252551
-0.243629
0.24566
0.138153
-0.174578
-0.239228
-0.0262642
-0.140484
0.227944
-0.20143
-0.0600774
-0.142276
0.114568
-0.0766445
0.104596
0.244191
-0.110791
0.0817885
-0.0804285
-0.165198
0.0196817
0.295116
0.162576
0.143284
-0.0515015
0.054493
-0.0990534
-0.0350833
0.0816018
-0.0319023
0.0891985
0.163701
-0.0168534
-0.0318269
-0.0292256
0.00233152
-0.0398773
0.0694
-0.28765
0.0992914
-0.14963
-0.00350451
0.231967
0.000440834
-0.184363
-0.164769
-0.0440516
0.0669297
-0.0235978
0.121817
-0.15281
-0.288865
-0.0116614
-0.196167
0.100782
-0.198024
0.203774
0.578708
0.105054
-0.489017
0.0362243
-0.057132
0.0798564
0.292795
0.0132871
0.256698
0.00356947
0.139123
-0.136686
-0.133772
0.0302198
0.176475
0.208682
0.00520298
0.129887
-0.240194
-0.0300125
0.287734
-0.0415746
0.029025
-0.0959004
0.199192
0.108903
0.0952297
0.157636
0.0815999
0.0505338
-0.0360853
-0.056198
0.265208
-0.26324
-0.0792019
-0.21772
-0.0303353
0.0222094
0.12366
0.246793
-0.187607
-0.0766866
0.192965
0.139598
0.227374
0.0932567
-0.142569
0.203368
0.0402645
-0.238357
0.0123591
0.0365983
-0.12591
-0.242455
-0.0156901
-0.0264196
0.0939375
0.00897471
-0.0785003
0.240893
0.155608
-0.0283746
0.10865
0.0747857
0.0787772
0.141289
-0.0419113
0.197399
-0.180634
0.342585
-0.105998
-0.114499
-0.162979
0.193884
-0.125095
-0.0726505
0.0132167
-0.200815
-0.121785
0.114433
0.0759054
0.108924
-0.0542076
-0.0379948
0.150195
-0.168797
0.0939091
-0.115332
0.122605
-0.0337918
0.027008
0.281351
0.178857
0.285617
0.0943532
-0.151914
0.128446
0.166706
0.14921
0.0577372
0.0209772
0.109294
0.136777
0.123934
-0.265938
-0.0154435
-0.05621
-0.0559502
-0.216536
-0.130098
-0.195936
0.069205
0.167566
0.103795
-0.143803
0.0507435
0.151257
0.041064
0.0493041
-0.0886988
-0.164616
-0.090606
-0.223332
0.042911
0.00275003
-0.0793305
0.0524921
-0.168796
0.0171106
-0.0773206
-0.247536
-0.0819084
-0.0322876
-0.288318
-0.0451065
0.0892278
0.0312801
0.127265
0.177907
-0.166519
-0.318323
0.147551
0.0534039
-0.239421
0.00269122
0.0523324
-0.0740063
0.106949
0.0069609
-0.304369
0.0819833
-0.0661602
0.228642
-0.0943789
-0.0794385
0.0373195
0.149416
0.189629
-0.258891
0.231677
0.123008
-0.144954
0.0382835
-0.179635
-0.0344886
0.112419
-0.0170879
0.291987
0.210543
0.0014555
-0.0319279
-0.136537
0.164845
-0.0845208
0.019931
0.0608134
-0.0762075
0.127272
0.175028
0.014915
0.152573
-0.13393
-0.0027929
-0.0980151
-0.307032
0.0992048
-0.221891
-0.148232
-0.234546
0.000538118
-0.132846
0.126497
0.0122209
0.0354469
-0.000911016
0.261392
-0.0505217
0.0585784
0.391644
0.0649761
-0.0981759
0.240755
0.16974
0.14997
-0.0801769
0.110988
-0.237889
0.0837126
0.121155
-0.0271701
0.0465345
0.43334
0.243009
0.0613621
-0.209926
-0.201649
-0.0422267
0.102951
0.106711
-0.105979
0.244206
0.176237
0.00480696
-0.18064
0.11551
0.0125339
0.167467
-0.11171
0.0195708
-0.0731197
-0.129649
0.0196553
0.0116326
-0.303544
0.223534
-0.02632
-0.0462074
-0.129714
0.111788
0.0513693
0.329395
-0.0768105
-0.085747
-0.0957647
0.118051
-0.174738
-0.035499
0.152079
0.138582
-0.237809
-0.0294424
0.0427889
0.149497
-0.0853517
-0.105619
0.132458
-0.0562667
-0.308156
0.20379
-0.197053
0.113987
-0.239992
0.0982588
-0.212054
-0.0600293
0.0782257
0.287501
0.286215
-0.343358
-0.22915
-0.0856808
-0.150086
0.0404002
0.0536498
0.0188107
-0.265809
0.047292
-0.0159449
-0.198547
-0.118366
-0.238413
0.0971948
-0.0838045
-0.153438
-0.333682
0.0849796
-0.246793
-0.0509859
0.0881679
0.053527
-0.0803737
-0.0435523
-0.0862521
0.138108
-0.324456
0.223693
-0.0542971
0.135966
0.0489966
-0.0394194
0.194118
0.262809
0.0568975
-0.344554
0.0992446
-0.205669
0.0482981
0.134388
-0.117366
-0.233436
-0.0338975
-0.279421
0.173318
-0.124158
-0.0562036
-0.162476
0.0477267
0.0392711
-0.226816
-0.0680271
-0.0957056
-0.410014
-0.218805
0.158858
888888
0.0515509
0.0496423
0.0498744
0.0439917
0.05074
0.0615865
0.0566586
0.0553608
0.0568904
0.0433316
0.0714918
0.0482903
0.101588
0.0663801
0.0506678
0.0450536
0.0533193
0.0334528
0.080537
0.043891
0.0467486
0.0443099
0.0498854
0.0606996
0.0243139
0.0468445
0.0650484
0.0439681
0.0356262
0.0552225
0.0425305
0.0346346
0.0397353
0.0495749
0.0429944
0.0408528
0.0540444
0.046567
0.0407154
0.0511226
0.0419854
0.0420266
0.0649997
0.0348833
0.0386311
0.0679656
0.0385297
0.0486758
0.0504643
0.0448547
0.078034
0.0306404
0.0478699
0.0651025
0.0597592
0.0477349
0.0375434
0.0719734
0.0545692
0.107301
0.0353743
0.0683508
0.0480739
0.0529844
0.0633308
0.0656077
0.0459584
0.0488494
0.0511834
0.0447463
0.0582134
0.0619422
0.0354724
0.0497697
0.0437625
0.0585735
0.0462923
0.0358007
0.0676767
0.0458296
0.0411065
0.0563762
0.0726658
0.0479553
0.046255
0.0350712
0.0369865
0.0384421
0.036224
0.0434083
0.0567716
0.0513386
0.0521758
0.0830725
0.0629913
0.0640967
0.0466792
0.0400605
0.0652999
0.052405
0.0394267
0.0428099
0.0428875
0.0446318
0.0472229
0.0426709
0.0480949
0.0584762
0.0693331
0.0484635
0.0784143
0.0453161
0.0373978
0.0486716
0.0571205
0.0519082
0.0469955
0.0747123
0.0822338
0.053235
0.0454886
0.0596193
0.0525637
0.0447488
0.0662216
0.0498565
0.0442435
0.0628706
0.0321496
0.0462218
0.0520867
0.0450921
0.0621289
0.0477969
0.0602558
0.0269611
0.0514497
0.0587798
0.0430141
0.0382435
0.0619604
0.0622485
0.0937515
0.0466213
0.0615386
0.0376777
0.0718358
0.0517066
0.0773399
0.061452
0.0505006
0.0639299
0.0488157
0.0396134
0.0645901
0.0581893
0.0356654
0.051969
0.0391539
0.0550772
0.0468505
0.0427895
0.0498566
0.0814784
0.0579749
0.0561746
0.0373153
0.0475065
0.0657722
0.0421873
0.0305636
0.034859
0.0430153
0.0499592
0.0460531
0.0614698
0.0523131
0.0462744
0.0468114
0.0439093
0.0483183
0.0450245
0.0548379
0.0419773
0.0489914
0.0507052
0.0458176
0.038835
0.0473145
0.0544918
0.0648491
0.0461421
0.0433993
0.0599913
0.0291279
0.0449639
0.0389662
0.0285931
0.0416582
0.057537
0.0577011
0.0600358
0.0665873
0.0688466
0.0590116
0.0448781
0.0601116
0.0499892
0.0418877
0.0453661
0.0633428
0.0438284
0.0750896
0.0359011
0.0553792
0.0669111
0.0430362
0.0500071
0.0628864
0.0674007
0.077205
0.0502153
0.0366067
0.0342778
0.0472963
0.0478687
0.0472652
0.0551383
0.0362933
0.0359836
0.0329814
0.0572101
0.0414427
0.049865
0.0466194
0.0408863
0.0694488
0.0534408
0.0491887
0.0499702
0.0689823
0.0446618
0.0518433
0.0531115
0.0516407
0.0596104
0.0623524
0.049691
0.0385703
0.0537532
0.0575651
0.0510086
0.0559264
0.0652353
0.0695659
0.10404
0.0488646
0.0847761
0.0428488
0.0559939
0.0572965
0.042304
0.0399241
0.0483726
0.0609776
0.043514
0.0402176
0.0541042
0.0513909
0.0388068
0.0556624
0.0548462
0.036658
0.0342133
0.0435686
0.0446622
0.0404939
0.0478268
0.0515363
0.0398533
0.0402173
0.0399364
0.0447
0.0420029
0.0478807
0.0589579
0.0351034
0.039093
0.0361623
0.0402381
0.0457984
0.0316943
0.0322603
0.0449882
0.0571991
0.0428575
0.0552436
0.0446344
0.039467
0.0505253
0.040824
0.0373394
0.0479044
0.0599366
0.0365934
0.0535541
0.0521288
0.073821
0.05455
0.0584863
0.0453778
0.039998
0.046257
0.0562383
0.0410119
0.0364252
0.0581415
0.0595183
0.0504003
0.042816
0.043963
0.0459553
0.0650678
0.0367109
0.0407772
0.0420577
0.0487731
0.0405922
0.05361
0.0413333
0.0623085
0.0546787
0.0447931
0.0479056
0.0429533
0.0366639
0.0741286
0.059975
0.0685359
0.041371
0.0671559
0.0576025
0.0512473
0.0440307
0.0433722
0.0562743
0.0414606
0.0540257
0.0382633
0.0506937
0.0624875
0.0333978
0.0479248
0.056068
0.0337274
0.0535468
0.0425518
0.0352536
0.061099
0.0918251
0.070663
0.0631955
0.0536565
0.0368397
0.0546036
0.0449203
0.0488132
0.0513159
0.0576088
0.0628372
0.0526771
0.0324538
0.057216
0.0427147
0.0554
0.0616952
0.0613648
0.0486839
0.0479275
0.0519639
0.0419273
0.0540698
0.0588691
0.0785592
0.0647269
0.0524393
0.060496
0.0278183
0.0371116
0.0435023
0.0750024
0.0523705
0.0539198
0.0479282
0.0453058
0.0668197
0.0562665
0.0391367
0.0569402
0.0687231
0.0467451
0.0607205
0.0506817
0.0592966
0.037619
0.0333242
0.0583324
0.0407648
0.0596751
0.0466089
0.0570709
0.0592985
0.0663793
0.0539588
0.0438564
0.0497439
0.0514314
0.02706
0.0466195
0.0643362
0.0606282
0.0554492
0.0365246
0.0328339
0.0756798
0.0620045
0.0428408
0.0533766
0.0401884
0.0655448
0.0537183
0.0487826
0.0429351
0.0504556
0.0403951
0.0450038
0.0374792
0.0398372
0.0646056
0.0464504
0.0492108
0.0526498
0.0583623
0.0405156
0.0496207
0.0478878
0.0567657
0.0406839
0.0603259
0.0565794
0.0485187
0.0599539
0.053166
0.0558575
0.0596229
0.0470449
0.0507838
0.0493247
0.0449046
0.0375477
0.0354143
0.0603926
0.0434653
0.0502979
0.041235
0.0371532
0.0567444
0.0510709
0.06619
0.0537982
0.0703867
0.0525894
0.0461977
0.0464165
0.0493146
0.0414155
0.0466799
0.0595458
0.0472074
0.045047
0.0472715
0.0288976
0.0470513
0.0600215
0.0445562
0.0404852
0.0628743
0.0456021
0.0493577
0.0687655
0.0438828
0.0444637
0.0395849
0.0516421
0.0356915
0.0836857
0.0402793
0.0482809
0.0610758
0.0548475
0.0447144
0.0384099
0.0484048
0.0483292
0.0580601
0.0338866
0.037595
0.0485618
0.0371118
0.0594839
0.06236
0.0486375
0.0371663
0.0574386
0.0561116
0.0463318
0.0421314
0.0246612
0.0433135
0.0520706
0.0623032
0.0489745
0.0408595
0.062032
0.0876601
0.0551412
0.0445677
0.0493181
0.0459196
0.0416957
0.0399313
0.0582495
0.0612235
0.0646393
0.0683309
0.0462778
0.0608937
0.0585328
0.0589005
0.0582355
0.0457039
0.0541138
0.0584282
0.0450819
0.0639858
0.0324643
0.0393151
0.0531828
0.0288902
0.0525632
0.0636756
0.071994
0.0687042
0.0382361
0.0449774
0.0609272
0.0454551
0.0382218
0.0634621
0.0330455
0.0562854
0.0509535
0.0658146
0.04557
0.0438964
0.0333229
0.0536473
0.0420115
0.052969
0.0584056
0.0794755
0.0383317
0.0401869
0.0627399
0.053874
0.0597407
0.0585719
0.0731277
0.0542978
0.0797376
0.0702194
0.0539201
0.0355364
0.0629523
0.0480447
0.0471691
0.0551443
0.061898
0.0567741
0.0378774
0.0442089
0.0603453
0.0786219
0.0515994
0.0429214
0.0577878
0.0630391
0.0835907
0.0633607
0.0354091
0.0367297
0.060856
0.0516612
0.0668071
0.0658449
0.0420498
0.0566784
0.0480285
0.0415473
0.0499995
0.0568974
0.0347991
0.0508907
0.0595258
0.0671671
0.0368125
0.0419757
0.0471583
0.0762242
0.0512267
0.0406774
0.0662316
0.0495159
0.054139
0.0400501
0.0433118
0.0611542
0.0396745
0.0444656
0.0601899
0.0347596
0.0391167
0.0453648
0.0432331
0.0473791
0.0575252
0.0448037
0.0572101
0.0398468
0.0702196
0.0355591
0.0952722
0.0544795
0.0540982
0.04949
0.0565901
0.0580102
0.0432349
0.0478193
0.0513154
0.0606716
0.049809
0.05291
0.0369428
0.0749764
0.060844
0.0624012
0.0502561
0.0545951
0.0437813
0.0567182
0.0478172
0.0613885
0.0582743
0.0473659
0.0583187
0.0618567
0.0698932
0.059011
0.0623037
0.0471688
0.0675752
0.0390693
0.0330172
0.0338618
0.041463
0.0396023
0.0550497
0.0610739
0.0489409
0.0495685
0.037878
0.0714476
0.0578089
0.0344082
0.0808413
0.0443703
0.0382386
0.0412976
0.0662247
0.0525342
0.0552032
0.0630973
0.0427733
0.0568636
0.0358547
0.0578962
0.0499851
0.0343155
0.0476143
0.0421472
0.0649757
0.0573744
0.0638722
0.0364271
0.0665478
0.0576995
0.0412564
0.0605022
0.0438935
0.049588
0.0435821
0.0350451
0.0384352
0.048728
0.0834584
0.044337
0.0476523
0.0366492
0.0525929
0.0267621
0.0553112
0.0362273
0.0318194
0.0870572
0.0685436
0.0439047
0.0496116
0.0563584
0.0639549
0.0368597
0.0386888
0.0688223
0.0360582
0.0370264
0.0544072
0.0331882
0.06882
0.0528582
0.0468941
0.0483898
0.0573537
0.0496001
0.0618509
0.0432498
0.0674539
0.0356456
0.0675221
0.0622712
0.0550538
0.0692205
0.0677799
0.0369144
0.0530956
0.0365035
0.0571399
0.0685627
0.0557419
0.0330943
0.0543476
0.0377459
0.0700179
0.049725
0.052194
0.0625637
0.049721
0.0559458
0.0591596
0.0518508
0.0442971
0.0380447
0.0508187
0.0559384
0.0604009
0.0395845
0.060503
0.0555505
0.0755472
0.053859
0.0418257
0.0657786
0.0545618
0.0374546
0.0333288
0.0482302
0.0363759
0.0554187
0.0427845
0.03281
0.0475129
0.0521766
0.0446385
0.0420406
0.0355235
0.0459679
0.0350639
0.0484674
0.034468
0.0422506
0.0451924
0.0625519
0.0601438
0.044926
0.0462276
0.057145
0.0429478
0.0492285
0.0441827
0.0345442
0.0502546
0.0586068
0.0456294
0.0611103
0.0644191
0.0431005
0.0457636
0.0647394
0.0391874
0.039215
0.0521109
0.0426452
0.0628528
0.0503765
0.0569912
0.0378418
0.0531322
0.0615344
0.0640848
0.050946
0.0520974
0.068403
0.0414384
0.0487221
0.0727803
0.0430145
0.058778
0.0648249
0.0437708
0.0652032
0.0371869
0.0401045
0.0524818
0.0333201
0.0313259
0.0345368
0.0637769
0.0485775
0.0493079
0.036354
0.0404909
0.0509697
0.0455371
0.0566273
0.0462079
0.0490964
0.0933344
0.0587559
0.04684
0.0683073
0.033965
0.0640371
0.048859
0.0461457
0.0590464
0.0606179
0.0440913
0.0596383
0.0526155
0.0553875
0.0454508
0.0564301
0.0561657
0.0413456
0.0580036
0.0478047
0.0439991
0.0608321
0.0627749
0.0732863
0.0651786
0.0393971
0.0328997
0.0367505
0.0405121
0.0438959
0.0329129
0.0519567
0.0653416
0.0501906
0.0491597
0.0497771
0.0475534
0.0449313
0.045628
0.0696053
0.0396941
0.0530969
0.041707
0.0530719
0.0461658
0.0388335
0.0623171
0.0842858
0.0586361
0.0455997
0.0594845
0.0347341
0.03645
0.0563047
0.0465826
0.0472674
0.0511141
0.0438377
0.0430405
0.0629223
0.0504229
0.0569035
0.0420854
0.0483852
0.0568877
0.0691032
0.0669059
0.0558863
0.0415427
0.033346
0.0496007
0.0574032
0.0455874
0.0556613
0.0472002
0.0581979
0.0485139
0.0470313
0.0353923
0.0468058
0.0587275
0.0569388
0.0493558
0.0595209
0.0624331
0.0474411
0.0690657
0.0524224
0.0582233
0.0526937
0.0474226
0.0867617
0.0568429
0.0587513
0.0503644
0.0446753
0.0346193
0.0621004
0.0660644
0.04756
0.0733558
0.0452511
0.054833
0.0391053
0.0283716
0.0721376
0.0460285
0.0394374
0.0542486
0.0468633
0.0375683
0.0408767
0.0346744
0.0459654
0.0400767
0.0557392
0.0427615
0.0439839
0.0469408
0.0403421
0.0407378
0.0491628
0.0497686
0.048395
0.0421014
0.0437202
0.044438
0.0453817
0.057772
0.0344939
0.0526226
0.0469847
0.0413507
0.0830255
0.0639919
0.0578675
0.0562632
0.0527876
0.0458218
0.0453089
0.0520035
0.0493278
0.0405013
0.0370832
0.0535002
0.0561642
0.057955
0.0614466
0.0281999
0.0507171
0.0411664
0.045693
0.0525726
0.0500641
0.0604024
0.0474633
0.0521446
0.0412459
0.0391915
0.0544911
0.0567423
0.0420778
0.0531716
0.0510613
0.0491598
0.064175
0.0560202
0.0374102
0.0554972
0.0778725
0.0416207
0.0686312
0.0701445
0.0537441
0.0645366
0.0423694
0.0705431
0.0528255
0.0583206
0.0446717
0.0417244
0.0492185
0.0579395
0.042508
0.0462205
0.040661
0.0650464
0.0361513
0.0470119
0.048129
0.0494274
0.0580442
0.0494597
0.0381087
0.0630157
0.0682986
0.0609447
0.0442634
0.0418978
0.0504837
0.0523769
0.0482987
0.0516827
0.0483577
0.0467418
0.0366122
0.0546273
0.0304835
0.035368
0.0405732
0.068815
0.0563605
0.0656779
0.0447477
0.0586188
0.057368
0.0706342
0.0417491
0.0398985
0.043722
0.0431607
0.0614026
0.0619554
0.0565722
0.0498222
0.0433344
0.054206
0.0694731
0.0500932
0.0330305
0.0526712
0.0469015
0.0494892
0.0682994
0.0516667
0.051866
0.0492397
0.0740789
0.0373172
0.0471727
0.0410443
0.05502
0.0381158
0.0467287
0.0543121
0.053046
0.0725071
0.0548945
0.0564818
0.075753
0.0479386
0.0320579
0.0546599
0.0689963
0.0391716
0.0682555
0.0733905
0.0525679
0.0496516
0.0372982
0.0458375
0.0504722
0.0748854
0.0392802
0.0570379
0.0590898
0.0457427
0.0445001
0.054494
0.0644067
0.0653749
0.0500628
0.0737359
0.042138
0.0428192
0.0715207
0.0585592
0.051918
0.0584678
0.044921
0.0489097
0.057543
0.0576412
0.0685814
0.0411248
0.0610759
0.0531791
0.0709814
0.0641164
0.0458501
0.0693733
0.0502878
0.0599632
0.0396337
0.0452399
0.0575809
0.0517897
0.0446673
0.0396579
0.0593621
0.0511852
0.0524926
0.0451033
0.0561919
0.0689278
0.0699549
0.0563002
0.068417
0.0672744
0.047374
0.0515932
0.0415759
0.0510326
0.0571283
0.0605077
0.0443781
0.0479695
0.065163
0.0547478
0.0583282
0.0582991
0.0477879
0.0564394
0.0469518
0.0540033
0.0434451
0.0347906
0.0572795
0.0752514
0.0608916
0.0389292
0.0340246
0.0538651
0.046011
0.059474
0.0263265
0.0815845
0.0500289
0.0615881
0.0578525
0.0544805
0.0648912
0.0511761
0.0522893
0.088783
0.047739
0.0565326
0.0515811
0.0506336
0.0622557
0.0472208
0.0520177
0.0629296
0.0421551
0.0602324
0.05027
0.0376893
0.0395322
0.0550997
0.04199
0.054994
0.0659459
0.0473676
0.0728414
0.0540522
0.0479409
0.0487563
0.0593352
0.0572635
0.0523453
0.0524634
0.0402777
0.0533774
0.0645273
0.0489287
0.0495567
0.0434153
0.0604278
0.0920784
0.0393146
0.0469351
0.0474593
0.0693459
0.0405276
0.0600598
0.0629112
0.0544185
0.0369939
0.0607245
0.0582071
0.0403464
0.0504342
0.0441736
0.0577059
0.0627313
0.0521737
0.0477826
0.0365618
0.0416776
0.0556565
0.029621
0.0371993
0.0465019
0.0478081
0.0621252
0.0604867
0.052076
0.0553863
0.0427768
0.0950171
0.043646
0.0620813
0.04491
0.0378505
0.0474243
0.0537438
0.0768283
0.0740671
0.0395514
0.052128
0.0514283
0.0472058
0.0525882
0.0451023
0.0558445
0.0544167
0.0477622
0.0551655
0.0728767
0.0469095
0.0402155
0.0515277
0.0428633
0.0432998
0.0507877
0.045781
0.0633409
0.0419971
0.0698299
0.0503411
0.0418953
0.0380557
0.0501756
0.0656622
0.0503591
0.0710831
0.0467965
0.0694555
0.0395632
0.0542545
0.0400499
0.0482486
0.0619741
0.0499638
0.0379473
0.0478547
0.0627318
0.0381647
0.0682013
0.0434705
0.0828963
0.0479799
0.0500334
0.0533879
0.061711
0.0297371
0.0623913
0.0559564
0.0620169
0.0630806
0.0546089
0.0436752
0.0605727
0.0637032
0.0499841
0.0415247
0.055399
0.070448
0.0444287
0.0384997
0.0532344
0.0564092
0.0516261
0.0488933
0.0650694
0.0495714
0.0378683
0.0550937
0.0356689
0.0376638
0.0495274
0.0632292
0.0526506
0.0523329
0.0536707
0.050348
0.0501879
0.0565964
0.0581301
0.0431511
0.0662922
0.0570604
0.0646253
0.0570304
0.0379728
0.0721963
0.0547398
0.038849
0.0440724
0.0400199
0.0494734
0.0978344
0.0508507
0.0679292
0.0391408
0.0511726
0.0557335
0.035021
0.0426844
0.0462849
0.0561408
0.0496399
0.0499118
0.0439986
0.0567508
0.0394093
0.0412343
0.0610113
0.0561235
0.0602256
0.0410047
0.03297
0.0336093
0.0449721
0.0474839
0.0640459
0.0407002
0.0733355
0.0718691
0.0401576
0.0592049
0.0527502
0.0435408
0.0491136
0.0488251
0.0389088
0.0449513
0.0525208
0.0405832
0.0995396
0.0499206
0.0403087
0.0664284
0.0731098
0.0301946
0.0649975
0.0340928
0.0629274
0.0614957
0.0489344
0.0551902
0.0768598
0.0492184
0.0346674
0.0392095
0.0521244
0.0614602
0.0465559
0.0518273
0.0430936
0.0632679
0.0461571
0.0628315
0.0459676
0.0435051
0.0487796
0.0405957
0.0802968
0.0529981
0.0354686
0.0429719
0.0443841
0.0593608
0.0360596
0.0511382
0.0642897
0.0560566
0.0494292
0.0487005
0.0635699
0.0616228
0.0501311
0.0395699
0.0414136
0.0331318
0.0530999
0.0368598
0.0554785
0.0506086
0.0560823
0.0760689
0.0309354
0.0583452
0.0605912
0.0427265
0.0457989
0.0524004
0.0693237
0.0467095
0.0658038
0.0725885
0.0515109
0.0450146
0.0438328
0.0408253
0.0666884
0.0445624
0.042464
0.0430819
0.0482356
0.0543342
0.0517925
0.0355001
0.0561095
0.0404454
0.0403932
0.0668441
0.0394575
0.0421442
0.0506145
0.0428367
0.0532448
0.058757
0.0547537
0.0535301
0.0636754
0.041632
0.0418403
0.0479107
0.0617205
0.047309
0.0619336
0.0439335
0.0702052
0.0764215
0.0403336
0.0585142
0.060474
0.0582511
0.0399139
0.0625588
0.0713289
0.0477647
0.0433379
0.0466665
0.055888
0.0555237
0.0444891
0.0569532
0.041421
0.0616212
0.0464131
0.0368181
0.0379371
0.060474
0.0476414
0.0623005
0.0386344
0.0335422
0.0618181
0.0887322
0.0704839
0.0429978
0.0514023
0.0535128
0.0588663
0.0339592
0.0565857
0.0954519
0.0789426
0.047335
0.0425268
0.0303308
0.0617227
0.0473097
0.0473522
0.0438525
0.0287457
0.0443226
0.0450619
0.0583903
0.0534558
0.0502399
0.0488191
0.0506702
0.0658587
0.0442949
0.0625112
0.0420125
0.0573281
0.046467
0.0400111
0.0502272
0.0903107
0.0777493
0.0524205
0.0654391
0.0419722
0.0570098
0.0653231
0.0551817
0.0503385
0.070194
0.0539603
0.0346858
0.037625
0.0507573
0.05986
0.0384036
0.0408688
0.0628699
0.0456217
0.0534867
0.0487602
0.0533373
0.0544261
0.0379793
0.041463
0.057312
0.0585788
0.0449504
0.0463689
0.0603717
0.0652574
0.0376479
0.0726105
0.0570954
0.0329052
0.056201
0.0393069
0.0339076
0.0790582
0.0477617
0.0425806
0.0443052
0.0521202
0.0534943
0.0711601
0.0395422
0.0509606
0.0613891
0.0487505
0.0464112
0.0420674
0.0632974
0.0541801
0.0498676
0.0350783
0.0672575
0.0381856
0.0389036
0.0636072
0.0504322
0.0509284
0.0425626
0.0406393
0.064211
0.041225
0.0531853
0.0414883
0.0539114
0.0439632
0.0495644
0.0617278
0.0374644
0.0575515
0.0407199
0.0450695
0.0542796
0.0475985
0.0580912
0.0385047
0.0473246
0.0419375
0.049449
0.0643161
0.0469849
0.0587112
0.0473697
0.0469486
0.0650031
0.0564211
0.0485214
0.0594215
0.0421637
0.0464272
0.0477722
0.0363331
0.0344803
0.0448197
0.0527988
0.0408659
0.049854
0.0373788
0.0853733
0.0484467
0.0383467
0.0472513
0.055487
0.0584067
0.0458065
0.0482651
0.0583037
0.0434132
0.0459758
0.0538531
0.0445574
0.0488136
0.0596246
0.045041
0.0425141
0.0438211
0.0459239
0.0392219
0.0645736
0.0565864
0.074572
0.0452831
0.0575032
0.0493162
0.0401489
0.0419812
0.0496463
0.0470083
0.0474988
777777