2.85974
999999
0.287389
0.0795674
0.102742
0.000928888
-0.0868669
-0.132101
0.024235
-0.234865
0.0266831
-0.0475198
0.215674
0.165785
-0.275321
0.133145
0.100114
0.0965847
0.0463024
0.00345788
0.15079
-0.110838
-0.0316365
-0.248822
-0.0643301
-0.143053
-0.201508
-0.0836291
-0.178551
-0.252823
-0.135942
0.127984
0.0245954
-0.271568
0.0422133
0.202783
-0.158693
-0.18934
-0.0752741
0.0722712
0.0600569
-0.0411315
-0.0147854
0.182651
-0.13392
-0.178795
-0.0945051
-0.115925
-0.0145723
0.324238
0.128521
-0.242772
0.248006
0.0704381
-0.113023
-0.271692
0.069682
0.0545128
-0.0921675
-0.0874635
0.113738
-0.134697
0.133366
-0.383258
-0.340356
0.154183
-0.268003
0.0397515
0.224412
0.0544282
-0.106286
-0.00865363
-0.0431677
-0.102942
-0.0472136
0.142081
0.259246
0.0316635
0.180247
-0.124964
-0.234412
0.203329
-0.0932357
0.0394565
-0.284672
0.406546
-0.355188
-0.131311
-0.0943218
-0.154978
0.0140232
0.0222917
0.0693727
0.112735
-0.0604177
0.17195
-0.207335
0.0297022
0.360714
-0.0964396
0.23581
-0.0974336
-0.124087
-0.0818124
-0.202096
-0.107324
0.0916718
0.12074
0.156664
0.1389
0.118126
-0.337602
0.122248
0.0986986
-0.0325332
-0.000251106
0.0285566
0.08649
0.106701
-0.080428
0.147402
0.0318335
-0.329412
0.0172171
-0.208633
0.00242006
0.0818927
0.00704582
0.0277328
0.187775
-0.176276
-0.204364
-0.0972203
0.187722
0.335298
0.18881
-0.174495
-0.0889291
0.111449
-0.0119193
0.113665
-0.000480466
0.0202704
-0.132084
-0.0180563
-0.138803
0.286979
0.00475357
0.290516
7.83771e-05
-0.251624
-0.033053
-0.436654
0.0264705
0.164921
-0.0184115
0.359836
0.0955371
-0.206349
-0.00282518
-0.000144411
-0.0521802
0.321143
0.0933755
0.152608
0.115593
-0.132676
-0.156647
-0.0866633
0.0659427
-0.0685172
-0.0747333
-0.0119238
0.0561449
-0.263248
-0.115128
-0.238802
0.10917
-0.0353035
-0.135704
-0.0872679
0.126702
0.129253
-0.274243
0.266831
0.209562
0.269161
-0.0116411
-0.056875
0.0385187
0.0574359
-0.151893
-0.0992385
-0.258277
0.214266
0.0713262
0.124898
0.38912
0.146719
-0.0206266
-0.137292
-0.147094
-0.0214894
-0.0169333
0.175859
-0.0388777
0.150598
0.0895113
-0.146744
-0.201474
-0.174341
-0.151366
0.0403496
-0.162294
0.189137
0.0695832
-0.0774978
-0.20326
-0.0149416
-0.082468
0.420099
-0.150231
0.224385
0.275456
-0.0581168
0.113034
-0.160006
0.361544
-0.189849
-0.271113
0.0806027
0.132912
0.105497
-0.0148293
-0.0660888
0.0156584
-0.30684
0.0508519
0.0854871
0.275305
-0.0999459
-0.160943
-0.217219
-0.232545
0.145502
-0.114634
0.0488755
-0.167031
0.0730701
0.0367707
0.106262
0.0176849
-0.29968
-0.116523
-0.288898
0.268224
-0.0212425
0.0189456
0.0484061
0.131573
0.103641
-0.182353
-0.0826388
-0.131607
0.261949
0.0898045
0.109652
0.267863
-0.0164785
0.14824
-0.17376
0.17425
0.0330912
0.043833
0.0629335
-0.0506417
-0.171891
0.0270528
-0.128645
0.00827812
-0.0281106
-0.229691
-0.194375
-0.0543775
0.0838033
0.0147489
0.0780562
0.0275227
-0.201639
-0.0128761
-0.1848
-0.0452599
-0.0457292
-0.00840356
0.0119476
-0.121571
-0.036733
-0.105891
0.0964566
0.145968
-0.0234302
0.101721
0.0713939
-0.227776
0.0510956
-0.226012
-0.124965
0.0537074
0.0892586
0.225392
0.206237
0.083099
-0.012877
0.145449
-0.323368
0.101741
-0.0139717
0.0226674
0.107717
-0.25148
-0.186469
-0.0170001
-0.0341054
-0.392116
0.0242533
0.0790144
0.240917
0.0627206
0.0989372
0.0362649
0.0685785
0.170487
-0.306162
0.225429
0.132246
-0.0956572
-0.316667
-0.22972
-0.208343
-0.0947287
0.0745427
0.109629
-0.335831
0.0362525
-0.0443978
-0.0521807
-0.118226
0.0397702
-0.0180905
0.238194
0.0163395
-0.231093
-0.0849706
0.0305766
0.265149
-0.208469
0.129112
-0.068086
0.0881405
-0.0156179
-0.022611
-0.0277556
-0.0502623
0.0876714
0.0383206
-0.13371
0.0929234
-0.0176476
-0.0714685
0.102277
0.0997049
-0.131729
-0.041517
-0.0646711
0.097736
0.0772418
0.178746
-0.0968352
0.0627113
0.275798
0.0602566
0.0284538
-0.399308
-0.186971
0.00735109
0.10953
0.175161
0.0459123
0.162851
-0.193945
0.242886
0.150018
0.0113169
0.0327064
-0.0551138
-0.00273035
0.0481343
0.18152
-0.197216
-0.0790605
0.143026
0.0883583
0.101906
0.153109
0.0796826
0.0282042
0.242001
0.286153
0.103335
-0.108076
-0.254421
-0.0057702
-0.38974
-0.0790893
-0.193798
-0.0222041
-0.0538214
-0.150198
0.416292
0.0711024
0.0796683
0.00405994
-0.25438
0.284957
0.21031
0.0551823
0.141033
0.0494868
0.181403
0.0190566
-0.237152
0.244532
0.160906
-0.201048
0.050866
0.274248
0.191832
-0.212396
-0.0980517
0.0303662
-0.0724303
0.140421
0.250173
0.30262
-0.162975
-0.273963
0.160879
0.0699944
-0.283364
0.0880377
0.157211
0.00316036
0.0978253
0.0313567
-0.119181
0.0781116
-0.0694352
0.0172574
0.336262
-0.0110602
0.0282822
0.0638292
-0.163924
-0.143193
-0.24579
-0.00522378
0.0402078
-0.0138564
0.00481652
0.310271
-0.469785
-0.332534
0.242887
0.171237
-0.208039
0.153207
0.27767
-0.0652979
0.127074
0.0972463
-0.0926469
0.153242
0.0574303
-0.13725
0.0159209
-0.186061
-0.0675718
0.339239
-0.143704
0.166406
0.0160456
0.252895
0.055515
-0.00148541
0.137526
-0.0170272
-0.127198
-0.330231
-0.0960736
0.0843536
0.0844851
0.200003
0.163081
-0.251861
-0.193431
0.177811
-0.107005
-0.157877
-3.82325e-05
-0.340797
-0.502186
-0.0216865
0.222424
-0.06371
-0.108331
0.371585
0.0155158
-0.0657257
0.0320641
-0.0321575
0.0910207
-0.0232644
-0.185845
0.341044
-0.0963426
0.015281
0.0601779
-0.20148
-0.150762
-0.0179409
0.224548
-0.188129
-0.212941
-0.141203
0.187365
0.124446
0.113784
-0.0391584
-0.203214
0.0163636
-0.110885
0.307569
0.0209518
0.127989
-0.0236625
0.141574
0.163719
-0.0235691
-0.189868
-0.0154889
0.000280976
-0.110125
0.108764
0.263429
0.026806
-0.287994
0.0758683
-0.0044335
-0.0351738
-0.0520477
-0.209842
-0.266519
0.0757984
0.00183985
-0.113254
-0.0596381
-0.0393422
0.18728
0.0120032
0.188426
-0.059962
0.133665
0.0448757
0.136096
0.166491
-0.0260646
0.167901
-0.121577
-0.104104
0.229869
-0.15101
-0.0524673
0.186465
0.0478944
-0.0748465
-0.267118
0.138424
-0.0762075
-5.38206e-05
-0.0112389
0.186786
0.123537
0.13717
-0.0716017
0.0819793
-0.0321684
-0.0522663
-0.0659089
-0.242013
0.0788522
-0.0833199
-0.220705
0.0841475
-0.0552262
-0.00912731
-0.158966
-0.0201069
-0.422127
-0.0210202
0.140761
-0.0432358
0.00424206
0.13561
0.0975542
0.0460289
-0.0338365
-0.162393
-0.128183
-0.173984
-0.0552839
0.00395801
-0.0571259
-0.36079
-0.0868052
0.0993485
0.187246
-0.158333
-0.0110945
0.0512562
-0.100916
-0.177275
0.0849255
0.0679483
0.0351804
0.0666883
-0.0276043
0.341624
0.205837
-0.268493
-0.270049
0.0114475
0.15166
0.112313
-0.376119
-0.0786238
-0.270292
0.0220476
0.250154
-0.256382
-0.271231
0.0027354
-0.215561
-0.280152
-0.0107309
0.0790894
0.0344898
-0.0547627
-0.111571
-0.23948
0.127288
0.396564
0.2011
-0.247169
0.157041
-0.320483
0.254811
0.22977
-0.199868
0.329903
0.433173
0.32829
-0.26426
-0.122424
-0.0789904
-0.0961796
-0.11865
-0.313771
0.169199
0.210777
-0.211752
-0.413381
0.0146703
-0.222591
0.277611
0.0974199
0.112272
-0.0150292
-0.0735285
-0.106061
-0.333366
0.133647
-0.238111
-0.0224177
-0.11666
-0.228308
-0.143171
0.284381
-0.235405
0.0593096
-0.168539
0.210447
0.215151
-0.180179
-0.277658
0.042712
-0.150264
0.0773934
-0.285118
-0.244896
-0.0814904
-0.105857
0.175082
0.0229098
0.166748
0.056193
-0.157928
-0.17009
-0.435335
0.0870015
-0.266919
-0.084082
-0.179525
0.0685138
-0.123925
0.128046
0.112675
0.0796874
0.181883
0.00811305
0.175261
-0.229128
0.0663331
-0.247266
0.0250725
-0.188374
-0.00927302
-0.0614014
-0.141353
-0.215304
-0.0499073
-0.206221
-0.291713
-0.0417476
-0.290216
0.174471
-0.0864737
0.224554
0.207002
0.232065
-0.0833918
-0.0768568
0.120078
0.331211
-0.158748
-0.23068
0.222427
0.0858146
-0.217819
-0.154851
0.25321
0.0553902
-0.0504629
-0.356448
-0.292103
0.013014
0.131283
0.10041
0.222451
0.213038
-0.0745082
-0.138368
-0.156706
-0.0617737
0.0848755
-0.0529889
0.365559
0.00401842
-0.0158641
0.0691459
0.0521353
0.0497187
0.172586
0.280219
-0.0828314
-0.0400404
0.21488
0.0164732
0.218857
0.0599981
0.105976
-0.000377864
-0.0226936
-0.100255
0.263974
-0.0973619
-0.0324815
0.0384514
-0.0579454
0.00332567
-0.0483774
-0.0756116
-0.168112
-0.244218
-0.292383
0.104027
-0.0885791
0.32846
0.303903
0.039982
-0.0353444
-0.0341015
0.228713
0.0527233
-0.0144688
-0.268917
0.0156118
0.0816933
-0.0929949
-0.0364094
0.127554
0.184847
-0.126632
-0.253238
0.0807149
0.135457
0.304292
0.193945
-0.0857427
-0.0411143
0.183943
0.215392
-0.17891
-0.151892
0.165084
-0.152433
0.345581
-0.0374842
-0.212609
-0.0462433
0.121729
0.107681
0.0297583
0.133538
-0.220535
-0.229539
0.111214
0.121389
-0.196336
-0.237841
0.0298951
0.100233
-0.0730335
-0.268334
-0.276267
-0.0383091
0.00273852
0.210712
0.00684549
0.0600241
-0.146134
-0.135144
0.106206
0.0350832
-0.036403
-0.118168
-0.104992
0.0432354
0.232696
-0.0590152
-0.175846
0.164252
0.0776934
-0.0712342
0.21352
0.347354
0.160011
-0.22299
-0.107182
-0.128295
-0.181161
-0.16141
-0.0797851
0.0992814
-0.0475725
-0.154148
-0.0507466
0.322377
-0.0376892
-0.112068
0.059527
0.0139394
0.272524
-0.0966375
0.10943
0.118654
0.0111518
-0.227941
-0.210376
0.0985387
0.111303
0.091084
-0.0961062
-0.0182789
-0.00636038
-0.413297
-0.157456
-0.115076
0.0144141
0.0696372
-0.13664
0.138956
-0.160061
-0.00344997
0.0218862
0.323363
0.0670116
0.221952
-0.350706
0.0033793
-0.169978
-0.033705
-0.23479
0.0657662
-0.224652
0.157475
-0.111434
-0.0160636
-0.162127
0.126471
-0.00798087
0.283319
-0.0689367
0.0953905
-0.121072
-0.0290111
0.102004
-0.183343
-0.255233
-0.037412
0.104037
0.234708
-0.105646
0.29895
0.308116
-0.256147
0.22633
0.149655
0.246122
-0.010828
0.11788
0.0388783
0.138472
-0.0174862
-0.0911446
-0.152595
-0.0268012
-0.130659
-0.33015
-0.0918764
-0.0716713
-0.158881
-0.0960685
0.0953417
0.217527
-0.250803
0.118314
0.244282
-0.025881
-0.0289533
0.214292
-0.0992403
0.175521
-0.179075
0.309838
-0.0814675
0.108072
-0.0967719
-0.0412849
0.0804458
-0.0707293
0.101514
-0.133617
0.120727
0.16627
0.069785
-0.307294
0.000717694
-0.0115531
0.059224
-0.105528
0.397312
-0.00309151
0.0513953
-0.122457
-0.215181
-0.0842688
-0.178687
-0.0400714
0.176161
0.246484
0.144484
-0.0920802
0.0611511
0.0636026
0.00968061
0.0326812
-0.185179
-0.151156
-0.207035
0.0701032
-0.0582066
0.231366
-0.0733101
0.108123
0.0743967
-0.0730869
0.101959
-0.272223
-0.0339958
0.0357845
-0.131109
0.112857
0.0459432
0.0807918
0.080629
0.126031
-0.273093
-0.114838
0.120268
-0.306268
0.106396
-0.153842
0.188949
0.0371623
-0.042598
0.0389266
0.163962
-0.0107312
-0.171839
-0.0146071
0.271218
-0.257681
-0.124651
-0.242103
-0.0676024
-0.154976
-0.15717
-0.0637831
0.171314
0.04852
-0.140935
0.0560718
-0.157598
0.14515
-0.15844
0.0466923
0.14762
-0.0742113
-0.0578973
-0.0795095
-0.2046
0.0609007
0.133352
-0.0380011
-0.200608
0.0246817
-0.0160936
-0.21151
-0.114695
0.231648
-0.178181
0.135968
0.00861958
0.123085
-0.165603
0.20109
-0.108694
-0.0486419
-0.162911
-0.124112
-0.0684469
-0.133787
0.028334
0.238417
0.265065
-0.119177
-0.0377883
0.165213
0.131563
0.201592
0.00655675
-0.0657918
-0.239294
0.0971508
-0.143177
-0.170253
-0.31319
0.0425947
0.0121917
-0.205464
-0.0607165
-0.0238288
-0.312016
0.258338
0.20938
0.0837828
0.0116436
-0.0782321
0.0775167
-0.362653
0.169349
0.128345
-0.0046248
-0.127868
0.1348
-0.254566
0.0399284
-0.403572
-0.257763
-0.354468
0.0128797
-0.205419
0.395263
-0.0914109
-0.0273541
0.0641829
-0.135443
0.19603
-0.152209
-0.11818
0.0968963
-0.224425
0.192702
-0.0257867
0.040784
-0.00645543
0.152822
0.043613
0.220646
0.10414
0.174022
0.231439
-0.0653555
-0.181928
0.0636507
-0.0712439
0.0378024
-0.0324352
-0.287582
-0.111219
-0.0520456
-0.128476
-0.116691
-0.00239142
0.141368
0.0777013
0.0407416
0.227529
-0.322422
-0.21135
0.0457996
0.0174251
-0.0235835
0.0850356
0.259205
0.240556
0.037751
-0.179474
-0.27346
0.114421
-0.0512993
0.0177217
-0.0295567
0.0235111
-0.207092
-0.0225326
0.104462
0.0796439
-0.0104629
0.1088
-0.0753763
-0.0793326
-0.00756945
-0.164008
0.190954
-0.229433
0.0419519
0.0676968
-0.111656
0.22471
0.0650191
0.120067
-0.0817234
-0.192171
0.225421
-0.146281
-0.30704
-0.0338145
0.118115
-0.205851
0.232593
0.0850359
0.240942
-0.415255
0.0793437
-0.140429
0.13621
0.181037
-0.0341203
-0.213532
0.00740433
0.019007
-0.119311
0.31093
0.226932
-0.0454414
0.0454201
-0.509857
-0.21908
0.224388
-0.0158259
0.00267595
0.150156
0.280089
0.233558
0.383933
-0.0941141
0.0133482
0.112786
0.0898113
-0.116979
-0.230598
0.137982
-0.0346708
0.163216
-0.153166
-0.252233
-0.0599648
0.252827
-0.0482076
0.195963
-0.0710941
0.146124
0.201412
-0.103257
0.0475223
0.060703
0.0985248
-0.178483
-0.102485
0.00536984
0.132598
0.0189902
-0.0459167
0.121046
0.247062
-0.0544451
-0.224154
0.00717362
-0.0103767
0.111893
-0.225879
0.20777
0.115766
-0.0194323
-0.0521746
-0.110766
0.158703
0.0963642
0.0345114
0.108556
-0.00510845
-0.00938487
-0.0254095
-0.191628
-0.120001
-0.251996
0.0413851
0.11457
0.0520361
-0.28535
-0.101933
-0.168774
-0.130324
-0.00390337
0.0584828
-0.033548
0.0645918
-0.0959832
0.115219
0.065898
-0.355011
0.0822285
-0.145358
0.112887
-0.10877
-0.104315
0.0540385
-0.216988
0.011025
-0.177222
0.175478
0.397664
-0.0585853
0.0318516
0.106916
0.0751015
0.0245201
0.135566
-0.0374406
-0.222033
-0.287427
-0.228383
0.181166
0.164999
-0.270053
-0.185087
0.162544
-0.0973477
0.223286
-0.214263
-0.01645
-0.107834
0.139853
-0.0562384
0.166815
0.215669
-0.0310541
0.0585049
0.0649698
-0.193918
-0.0542208
0.30861
0.21923
0.0611265
-0.0257496
0.0114325
-0.0590101
-0.0161138
0.104434
-0.0860464
0.0958655
0.134296
0.041097
0.0772971
0.0347948
-0.0457866
-0.0264241
0.0801032
-0.251065
0.0989635
-0.105139
-0.0375928
0.231822
-0.0162651
-0.195514
-0.136758
-0.02804
0.231261
-0.0444685
-0.010178
-0.183278
-0.13757
-0.07123
-0.222486
0.161788
-0.161868
0.164195
0.649044
0.126839
-0.484731
0.0222385
-0.0339144
-0.0468378
0.35074
-0.0136043
0.268344
-0.0674508
0.140656
-0.104446
-0.124466
-0.0312388
0.169413
0.236796
0.0368267
0.1854
-0.236645
0.0358284
0.301944
-0.0701783
0.00307895
-0.122696
0.12816
0.100688
0.116819
0.0805327
0.0742343
0.0102779
0.0313673
0.0124159
0.257716
-0.300745
-0.0728252
-0.186805
-0.000961892
0.0156122
-0.0228395
0.124186
-0.174043
-0.0357903
0.239553
0.15705
0.284251
0.10301
-0.067566
0.158298
0.0687343
-0.224969
-0.0931885
0.0201094
-0.123251
-0.155776
0.0171975
-0.0729047
0.0251919
-0.023579
-0.0671169
0.291081
0.149227
-0.00289515
0.0782489
0.103384
0.0801845
0.127523
-0.237079
0.307135
-0.182494
0.398186
-0.192263
-0.110122
-0.13493
0.163463
-0.0860587
-0.026748
0.0346486
-0.190669
-0.0712782
0.0479628
0.0670773
0.159685
-0.0302481
-0.0274295
0.115557
-0.168415
0.107835
-0.15967
0.0665149
-0.0138252
-0.00360673
0.308994
0.180137
0.273002
0.039928
-0.00636039
0.0994995
0.165695
0.23583
0.0550617
0.0292539
0.148014
0.064454
0.140986
-0.258083
-0.0603325
-0.14619
-0.119332
-0.190685
-0.139538
-0.14002
0.0121985
0.166824
0.172049
-0.118419
-0.0185217
0.137525
0.11523
0.0111003
-0.0645738
-0.144157
-0.0452982
-0.253191
0.0802835
0.0441881
0.00218985
0.0906887
-0.165305
0.0486127
-0.0512535
-0.12106
-0.118169
-0.103816
-0.135901
0.0112462
0.0662384
-0.0022833
0.100972
0.195377
-0.204071
-0.367662
0.206054
-0.00192652
-0.276563
0.089086
0.00417385
-0.0313697
0.0826657
-0.0461913
-0.294788
0.063017
-0.0527227
0.20381
-0.0976462
-0.0933784
0.0999762
0.191039
0.170349
-0.210135
0.250786
0.263377
-0.133481
0.0941486
-0.14148
0.0265668
0.12112
0.0553454
0.256431
0.22816
0.00190091
-0.0624946
-0.132234
0.158552
-0.11263
-0.00510713
0.0424527
-0.0451711
0.11509
0.223829
0.0662171
0.0776107
-0.14425
0.0176627
-0.139648
-0.2536
0.098179
-0.344298
-0.0798014
-0.214384
-0.0505496
-0.136632
0.0367233
-0.0623193
0.102983
-0.022889
0.196578
-0.0737498
0.114055
0.437468
0.0661404
-0.0655909
0.16921
0.140041
0.12385
-0.0714035
0.130174
-0.308841
0.131412
0.126902
-0.0826549
0.0237966
0.450657
0.242008
0.0380834
-0.192107
-0.202491
-0.0419145
0.0173492
0.0882667
-0.0744029
0.286672
0.151359
0.139612
-0.236982
0.148359
0.087526
0.173828
-0.00318136
0.0391705
-0.082839
-0.0410736
0.0889789
-0.0150114
-0.317484
0.230726
-0.0320459
0.0803121
-0.132609
0.0928089
0.0158458
0.306849
-0.0775154
-0.156176
-0.166925
0.113435
-0.191758
-0.0256869
0.247601
0.129161
-0.199223
-0.000772978
0.110088
0.107582
-0.0344339
-0.0288289
0.249618
-0.0750579
-0.266142
0.218381
-0.154154
0.132703
-0.334905
0.116412
-0.230336
-0.0669089
0.0873626
0.314486
0.288459
-0.363175
-0.251793
-0.0176443
-0.189391
0.0306641
0.0411445
0.0339953
-0.308628
0.0453361
0.0296435
-0.220243
-0.123527
-0.211709
0.0505545
-0.111349
-0.0910032
-0.353733
0.162131
-0.241575
-0.0514622
0.0789169
0.017144
-0.136237
-0.0121868
-0.0318436
0.0824785
-0.408743
0.205808
-0.10743
0.0585981
-0.0224167
-0.0150987
0.151705
0.292314
0.0227693
-0.402685
0.0422656
-0.271631
0.0504472
0.191249
-0.16538
-0.272245
-0.00834589
-0.288939
0.111935
-0.132359
-0.0240417
-0.222077
-0.0235738
0.0326673
-0.17171
-0.0939311
-0.0646847
-0.317426
-0.145677
0.205953
888888
0.058316
0.0453091
0.0581195
0.0312682
0.0392409
0.0553518
0.0539267
0.0619582
0.0689921
0.0415016
0.0739432
0.0528714
0.100152
0.0671414
0.0487224
0.0478536
0.0517655
0.0280062
0.0873176
0.0512752
0.0520138
0.0486136
0.0420767
0.0619039
0.0216152
0.0459484
0.0634544
0.0470745
0.0395249
0.0582252
0.0425664
0.034017
0.0357206
0.0489493
0.041585
0.0370693
0.0542799
0.038667
0.0387428
0.0579393
0.0557371
0.0478221
0.0654979
0.0375567
0.0407925
0.0667841
0.0474837
0.0415311
0.0593484
0.046163
0.0705223
0.0275051
0.06161
0.0650332
0.0509887
0.0419237
0.0442256
0.0713935
0.0489648
0.126021
0.0339414
0.0821346
0.0477731
0.0596459
0.0583757
0.0722882
0.0451449
0.0478429
0.0475823
0.0417833
0.0611798
0.0740232
0.0434836
0.0425729
0.0441604
0.0599154
0.049463
0.0289948
0.0670952
0.0540301
0.038311
0.0495671
0.0712629
0.0488372
0.0421958
0.027995
0.0455622
0.0361157
0.0286323
0.040282
0.0608927
0.0456293
0.050822
0.0974724
0.0589058
0.0660262
0.0466341
0.0365659
0.0635636
0.0511946
0.0426225
0.0450555
0.0523125
0.0490574
0.0431893
0.0480992
0.0472201
0.0546029
0.0688432
0.0368451
0.0806225
0.0515792
0.0461352
0.0427015
0.0570438
0.0508505
0.0445116
0.0825793
0.0811358
0.0536142
0.0489843
0.0553112
0.0532744
0.0455947
0.064029
0.0436915
0.0414251
0.0574258
0.034572
0.0468012
0.0565896
0.0522053
0.0524045
0.0472371
0.0657043
0.0276347
0.0529835
0.0562122
0.0448348
0.0396392
0.0749844
0.0640882
0.0883688
0.0490547
0.0673665
0.0386114
0.0733008
0.0586214
0.085242
0.0639791
0.0578931
0.0780525
0.0473218
0.0443752
0.0717703
0.0621422
0.0303199
0.0569201
0.0362923
0.0554596
0.0376762
0.0436986
0.0487018
0.084852
0.0585958
0.0624244
0.0397656
0.0397173
0.0653598
0.038665
0.0326425
0.0320381
0.0433927
0.0478226
0.0516418
0.0663888
0.0506269
0.0475004
0.0497513
0.0407943
0.042899
0.0493389
0.0588679
0.0374085
0.0455371
0.0542305
0.0458248
0.038578
0.04199
0.0560488
0.0823967
0.0513442
0.0491821
0.055513
0.0296432
0.0419884
0.0362047
0.0291666
0.0432365
0.0527701
0.0583069
0.0661613
0.0653057
0.0630686
0.0745597
0.0409389
0.063543
0.0459956
0.0405361
0.0417031
0.0614585
0.0384905
0.0833507
0.0399853
0.0559084
0.0726482
0.0401928
0.0548389
0.065588
0.0680018
0.0755409
0.0546235
0.0352247
0.0432228
0.0443519
0.0454992
0.057462
0.068585
0.0357244
0.0402462
0.0309571
0.0549295
0.0333665
0.0553448
0.0460714
0.04479
0.063765
0.0551712
0.0562069
0.0529092
0.0720741
0.0421891
0.0537114
0.052232
0.0544601
0.0530181
0.083211
0.059111
0.0309504
0.0523141
0.069886
0.055726
0.049561
0.0640732
0.0844256
0.0926561
0.0535303
0.0933086
0.04628
0.0555345
0.074675
0.0342145
0.0495532
0.0625898
0.0625457
0.04664
0.0384648
0.0572616
0.0550636
0.0347753
0.0629922
0.0591132
0.0351362
0.0330955
0.0371417
0.0462959
0.0444072
0.0425434
0.0510922
0.0434393
0.0434746
0.0377859
0.0407167
0.0486125
0.0499623
0.0619516
0.0356232
0.0379741
0.0390174
0.04433
0.0451373
0.0290011
0.0347339
0.0410656
0.0568398
0.0412512
0.0642992
0.0434414
0.0428529
0.0462001
0.0349224
0.0310157
0.0514654
0.0581599
0.0381264
0.0537586
0.052787
0.0697226
0.0540871
0.0632795
0.046048
0.0360913
0.0503133
0.0402268
0.0464989
0.0355351
0.0595844
0.0808738
0.0520039
0.0491205
0.0546214
0.04332
0.0543477
0.0341924
0.0352166
0.0356174
0.041136
0.030345
0.0538749
0.0406602
0.0668928
0.0552866
0.0452204
0.0500356
0.0391901
0.0318183
0.0812634
0.0545062
0.0817815
0.0425981
0.0755144
0.0483798
0.0513679
0.0417686
0.048255
0.0513967
0.0399192
0.0552904
0.0403292
0.0533855
0.0592763
0.0314404
0.0401869
0.0626779
0.0336731
0.0486358
0.0430913
0.0338503
0.0555695
0.0901016
0.0668244
0.0664057
0.0566265
0.0417508
0.0498346
0.0419927
0.0393792
0.0449139
0.0509795
0.0566649
0.0400543
0.034102
0.0645539
0.0362018
0.0633645
0.0657718
0.0634621
0.0573197
0.0476271
0.0513594
0.0480861
0.0645327
0.0566738
0.0810963
0.0588394
0.0493581
0.060796
0.0288138
0.0394127
0.0413811
0.0683305
0.0600734
0.0577994
0.0561465
0.0422681
0.069875
0.0616444
0.0317062
0.0580124
0.0704267
0.0416305
0.0633318
0.0457459
0.0751341
0.0445271
0.0365461
0.0571945
0.0390517
0.0531113
0.0387614
0.0761736
0.064198
0.0669185
0.0456395
0.0429118
0.0443255
0.0560203
0.0250907
0.0463198
0.0691523
0.0676891
0.0510864
0.0414453
0.0316958
0.073112
0.0491152
0.0396379
0.0500105
0.0495474
0.0640937
0.0462471
0.0600127
0.0426486
0.0518973
0.0371098
0.0494501
0.0315844
0.0336727
0.0665806
0.0539096
0.0528268
0.0515992
0.059991
0.0284298
0.049718
0.0462256
0.0477694
0.0405383
0.0682294
0.057936
0.0453313
0.0675525
0.0454035
0.0502677
0.0582142
0.0471069
0.0528408
0.0500608
0.0436114
0.0421053
0.0327518
0.0493634
0.0394635
0.0483802
0.0405694
0.0353712
0.0521017
0.0483645
0.0535602
0.0565572
0.0759117
0.0554658
0.0489765
0.0402183
0.042434
0.0380377
0.0542621
0.0559739
0.0454917
0.0474401
0.0503099
0.0300712
0.0497535
0.0596568
0.0424996
0.0559143
0.0628898
0.0569247
0.0425027
0.067696
0.0410975
0.04352
0.0419496
0.055278
0.0353332
0.0874818
0.0397593
0.0468108
0.0717283
0.0634231
0.0438291
0.0339605
0.048011
0.0492869
0.0603442
0.0299031
0.0361717
0.0563081
0.0343974
0.0623584
0.05777
0.0501544
0.0375404
0.0650504
0.0672445
0.0523245
0.0386582
0.0297516
0.0416259
0.0546549
0.0671947
0.0522419
0.0393314
0.0683537
0.0736916
0.0587126
0.0432059
0.0511027
0.0385933
0.0447338
0.0389535
0.0626912
0.0588395
0.0695154
0.0632654
0.0481944
0.0642358
0.0533024
0.0605739
0.0687613
0.0446124
0.0544419
0.0580848
0.0481229
0.0608597
0.0345606
0.0373864
0.0509885
0.0251645
0.0519374
0.0652038
0.079401
0.0685325
0.0395437
0.0420439
0.0563632
0.0490234
0.0365634
0.0556305
0.0326388
0.0528498
0.0545473
0.0662215
0.0416958
0.0384854
0.028556
0.0460477
0.0394949
0.0466421
0.0643433
0.0728211
0.0301368
0.0349771
0.0554791
0.0503171
0.0646502
0.0657402
0.09753
0.0441979
0.0778182
0.0813407
0.0501385
0.0341259
0.0575288
0.0640923
0.0494781
0.0568274
0.0758619
0.064712
0.0385284
0.0466164
0.0625897
0.0670567
0.0493737
0.0457814
0.0528774
0.0605053
0.0828326
0.0611964
0.0319291
0.0402146
0.0578426
0.0503281
0.0716248
0.0629271
0.0429938
0.0575363
0.0414603
0.0340396
0.0480293
0.0608946
0.0431586
0.049574
0.0574182
0.0619172
0.0343537
0.0428673
0.0528727
0.0721483
0.046592
0.0441467
0.0702299
0.0500759
0.0495964
0.0412455
0.0384782
0.0640788
0.036051
0.0504385
0.0664992
0.0358662
0.0408148
0.0449993
0.0458287
0.0483826
0.0545124
0.045002
0.0593735
0.036896
0.0722995
0.0321171
0.0880256
0.0518131
0.0522284
0.0396268
0.0618392
0.0603349
0.0434639
0.0420374
0.0513833
0.0603071
0.0516264
0.0493975
0.0363595
0.0743376
0.0715871
0.0608771
0.0420148
0.0660269
0.0450822
0.0480077
0.0436165
0.0560261
0.0532388
0.0460535
0.0633003
0.0646447
0.0710314
0.0596744
0.0564472
0.0415888
0.0625609
0.0371039
0.0360505
0.0405166
0.0386417
0.040836
0.0485014
0.0701614
0.0555356
0.0445629
0.0372846
0.0675674
0.0597981
0.0370758
0.0774544
0.0510607
0.0343299
0.0369841
0.0677596
0.0469832
0.0616162
0.0570763
0.0422007
0.0573207
0.0350173
0.0571759
0.0537786
0.0361171
0.0448372
0.0453501
0.0574541
0.0631941
0.0550763
0.034825
0.0717675
0.0749873
0.0468288
0.059129
0.0349654
0.0442385
0.052854
0.0368382
0.0355912
0.0592896
0.0910396
0.0423454
0.0514712
0.0310049
0.0517475
0.0239179
0.0620257
0.0360535
0.0272934
0.0996483
0.0708891
0.0392145
0.050895
0.0664617
0.0628248
0.0367024
0.0402418
0.0527782
0.032874
0.0360646
0.0577713
0.0336399
0.0613061
0.0576527
0.0526364
0.0497669
0.0570693
0.0480416
0.0527974
0.0374672
0.0836953
0.0393211
0.0709449
0.0657965
0.0585951
0.0762317
0.0734339
0.0345297
0.052409
0.033067
0.0571962
0.0681444
0.0516744
0.0353661
0.0586076
0.0245504
0.0551702
0.0454453
0.0490654
0.066464
0.0501147
0.0492448
0.0511438
0.0454586
0.0441912
0.0408798
0.0476048
0.0567933
0.0540056
0.039241
0.0695514
0.0519595
0.0745473
0.048046
0.036809
0.0728396
0.0483316
0.040719
0.0344903
0.0423496
0.0378411
0.0508565
0.0389866
0.0357934
0.0472974
0.0489555
0.0423765
0.0506413
0.0282837
0.0605592
0.0326259
0.053713
0.0317191
0.0386156
0.044824
0.0511828
0.0606922
0.0504014
0.0469256
0.0612871
0.0470346
0.0527879
0.0420112
0.0348411
0.0510509
0.0580824
0.0608885
0.0636766
0.0640239
0.0489172
0.0453659
0.0738234
0.0482067
0.0394633
0.0618826
0.0447513
0.0553592
0.0504603
0.0812915
0.0458693
0.048206
0.0550817
0.0588709
0.0456309
0.0496625
0.0703286
0.0480659
0.0525566
0.0665726
0.0450632
0.0631674
0.063269
0.0464871
0.0696235
0.0417625
0.047987
0.0505552
0.0319557
0.02993
0.0339815
0.0665759
0.0433081
0.049817
0.038346
0.0397493
0.0477599
0.0626497
0.0602316
0.0420601
0.0528578
0.0823976
0.0590445
0.0388163
0.0623907
0.0292517
0.0624097
0.0438477
0.0434638
0.0631344
0.0555947
0.043509
0.0601978
0.0503946
0.0534887
0.0506668
0.0483594
0.0593063
0.0474164
0.0624954
0.0517805
0.0485918
0.0545756
0.0501719
0.083275
0.060583
0.0358125
0.0272559
0.0389485
0.0375989
0.0373377
0.0280892
0.0528858
0.069089
0.0529058
0.0499227
0.0479329
0.0473581
0.0431476
0.0460441
0.0652753
0.040105
0.0564494
0.0431122
0.0530856
0.0417176
0.0456304
0.0614762
0.0785103
0.0581398
0.0537632
0.0687491
0.0361785
0.0439883
0.0423332
0.051524
0.0415883
0.0580051
0.0496356
0.0428603
0.0524567
0.0533282
0.0443806
0.0493538
0.0410038
0.0530681
0.0810919
0.06636
0.0562122
0.0475385
0.029895
0.0521582
0.0576257
0.0453771
0.057994
0.0408231
0.0595429
0.0498238
0.0417219
0.0329364
0.0424378
0.053478
0.0682983
0.0550546
0.0587181
0.0715704
0.0438101
0.074437
0.0498255
0.0725255
0.053082
0.0412765
0.0939659
0.0511904
0.0545084
0.0387178
0.0455225
0.0375196
0.0517546
0.0652274
0.0506391
0.0933324
0.0405322
0.0587847
0.0419747
0.0329808
0.0704247
0.0362214
0.0361232
0.0473802
0.040832
0.0392621
0.0451566
0.0403805
0.0538075
0.0361471
0.0600882
0.0439266
0.0365172
0.0397524
0.0429344
0.0421251
0.0487293
0.0382347
0.0451567
0.0435927
0.0436814
0.0502022
0.0378245
0.0775261
0.0385122
0.0623753
0.0440762
0.0407792
0.0766402
0.0532714
0.0574355
0.0520343
0.0513583
0.0463154
0.0483747
0.0527811
0.0479782
0.044883
0.0289459
0.0492953
0.0593095
0.0674685
0.0622086
0.0288962
0.0423448
0.0339364
0.0418452
0.0510042
0.0555495
0.0566322
0.049766
0.0531963
0.043356
0.0446139
0.064054
0.0599615
0.0386092
0.0457097
0.0449693
0.041953
0.0667879
0.0491966
0.0266354
0.0551127
0.0794187
0.0350509
0.0581806
0.0791928
0.0556745
0.0706486
0.0439502
0.0842379
0.0472745
0.0579267
0.0449726
0.0407165
0.0571703
0.057311
0.0441317
0.0536869
0.0395468
0.0648774
0.036314
0.0467749
0.0517233
0.0612933
0.0578191
0.0497847
0.0411076
0.0503327
0.0727209
0.0529003
0.0342659
0.0401997
0.0490857
0.0409761
0.0479634
0.0602474
0.0451144
0.0496599
0.0298855
0.0536254
0.0328954
0.0352514
0.0460324
0.0765664
0.0548611
0.0687476
0.0400185
0.0555637
0.0452908
0.0778997
0.0489178
0.0409029
0.0405608
0.0405314
0.0544279
0.060932
0.0663528
0.0605062
0.0433033
0.0533336
0.0854427
0.0521046
0.0304214
0.0548972
0.0401104
0.0466706
0.0768781
0.0433187
0.0576232
0.0534573
0.0681695
0.0368014
0.0623142
0.04061
0.0572732
0.0425877
0.0533559
0.0622549
0.0429083
0.0716211
0.0516931
0.0613178
0.0767058
0.0445421
0.040573
0.0415526
0.0641508
0.042128
0.0635017
0.0534367
0.0537351
0.056327
0.0398953
0.0551302
0.0519942
0.0728737
0.0387303
0.0560935
0.0641058
0.0404597
0.0442197
0.0540912
0.0728836
0.0731879
0.0517372
0.0769772
0.0392586
0.0399135
0.094641
0.056362
0.0564111
0.0545288
0.0382106
0.0425797
0.0565076
0.0616358
0.065348
0.0416951
0.050168
0.054544
0.0706608
0.0564095
0.0447866
0.0732501
0.0579089
0.0471672
0.0340299
0.0448019
0.0665615
0.0468764
0.0482724
0.0429644
0.0611459
0.045161
0.0556495
0.044044
0.0549556
0.0678578
0.0831045
0.0552561
0.0856298
0.0774825
0.0428067
0.0449174
0.0484099
0.0536259
0.0571175
0.0588428
0.0485072
0.0480414
0.0544191
0.0556848
0.0528958
0.0614564
0.0516675
0.0485694
0.0426742
0.0416897
0.0485308
0.0312779
0.0577673
0.0755757
0.0660283
0.0349659
0.0382155
0.0636478
0.0376729
0.0580062
0.0261561
0.0893637
0.0445484
0.0665788
0.067906
0.0480795
0.0642785
0.0511327
0.0550362
0.0851919
0.0456084
0.0656723
0.0516749
0.0498645
0.0595808
0.050548
0.0398326
0.0636971
0.0405612
0.059921
0.0483522
0.0338238
0.044821
0.0501781
0.0412066
0.0521461
0.0635377
0.0433118
0.0668304
0.0431114
0.0462666
0.0477035
0.0536348
0.0701742
0.0457559
0.0608726
0.0417722
0.0572627
0.0690347
0.0473678
0.0487253
0.0393121
0.060396
0.0966549
0.0431361
0.0499186
0.0392069
0.0594184
0.0415569
0.0560344
0.0609652
0.0559645
0.0372828
0.054971
0.0692098
0.0352107
0.0464068
0.0506101
0.0527474
0.0663183
0.0437427
0.052439
0.0303275
0.039329
0.0449263
0.0329167
0.0294087
0.0395964
0.0467668
0.0707084
0.0616395
0.0523504
0.0526234
0.0470852
0.0931857
0.0493581
0.0734553
0.0444989
0.0355547
0.0464786
0.0585092
0.0757308
0.0902974
0.0306802
0.04703
0.0484954
0.05381
0.049154
0.0493009
0.049727
0.0515709
0.0554394
0.0519346
0.0871158
0.0415809
0.0373227
0.0367099
0.0402588
0.0439076
0.0477277
0.0478001
0.0567861
0.0434919
0.0614167
0.0453749
0.0469667
0.0363974
0.0613461
0.0540655
0.0466358
0.0691715
0.0525388
0.0683695
0.038142
0.0499021
0.042861
0.0507987
0.0627618
0.0514523
0.0394966
0.0409833
0.0727055
0.0334325
0.0758336
0.0461174
0.090616
0.0446948
0.0402001
0.0448436
0.0675077
0.0230737
0.0564589
0.060438
0.0571565
0.0605597
0.0669088
0.0424441
0.0620351
0.068704
0.0499651
0.0375616
0.0581274
0.0798877
0.0502804
0.0371472
0.0565587
0.0548807
0.0403959
0.0534179
0.0661256
0.052258
0.0502072
0.054365
0.0357612
0.0493538
0.0457487
0.069629
0.0435535
0.0573355
0.052185
0.0525001
0.0500269
0.047368
0.0710254
0.0384738
0.0572532
0.0575936
0.0678921
0.062968
0.0354142
0.080432
0.0490358
0.0346663
0.0562906
0.036653
0.0462132
0.0983784
0.0536678
0.0731055
0.0380849
0.0541736
0.0611157
0.0334479
0.0433988
0.0380966
0.066795
0.050868
0.0463243
0.0422995
0.0540165
0.0395933
0.0402668
0.049077
0.054968
0.063676
0.0457643
0.0325387
0.029933
0.0506487
0.0423865
0.0846832
0.0417062
0.0780315
0.0895204
0.03915
0.0528347
0.0469152
0.0475928
0.0457961
0.0427987
0.0306497
0.045405
0.0549533
0.0350811
0.0844146
0.0592233
0.0389425
0.0836953
0.0729514
0.0309525
0.0654826
0.0390221
0.0644864
0.0650959
0.0527027
0.0472347
0.0754373
0.0480424
0.0363104
0.0397573
0.050634
0.0708408
0.0434106
0.064885
0.0460934
0.0677089
0.0591224
0.0558947
0.0501473
0.0416969
0.0475305
0.0541304
0.0793803
0.0475544
0.044775
0.0503252
0.0396447
0.0711343
0.0395342
0.0499493
0.0578508
0.0555896
0.0455105
0.036923
0.0682681
0.0622266
0.0431758
0.0458749
0.0374106
0.035282
0.0563965
0.0370176
0.0542815
0.0541874
0.0663496
0.0686694
0.0288711
0.0494225
0.0509341
0.0382323
0.0615754
0.0513343
0.0763759
0.0430961
0.0552151
0.0713246
0.0492175
0.0407192
0.0506875
0.0394029
0.0644156
0.0433447
0.0466334
0.0401999
0.0457378
0.0612587
0.0593927
0.0335712
0.0710486
0.0528697
0.0451894
0.0642346
0.0424162
0.0435543
0.04741
0.0472186
0.0500217
0.0669191
0.0643059
0.0559371
0.0610676
0.0510432
0.0397469
0.0419033
0.0610823
0.0522267
0.057125
0.0581732
0.0630872
0.0876988
0.0433313
0.0488162
0.061783
0.0464428
0.0338762
0.0578267
0.070659
0.0449321
0.0466477
0.0406275
0.0568076
0.0581674
0.0436104
0.0483892
0.0340284
0.0575279
0.0492061
0.0322446
0.0359387
0.0664429
0.0449579
0.0612398
0.0410389
0.0280435
0.0606167
0.0779938
0.074543
0.0458134
0.0460812
0.0588932
0.0538641
0.0292771
0.0495058
0.1105
0.0923546
0.0434267
0.0482212
0.0307191
0.0577343
0.0480313
0.0462249
0.0376649
0.0343021
0.0434221
0.0430272
0.0613411
0.0596358
0.0470782
0.042483
0.0619427
0.0696332
0.0512209
0.063158
0.0396318
0.0495696
0.0496611
0.0506259
0.0473252
0.0857789
0.0743257
0.0570795
0.067827
0.0535903
0.0585183
0.0794363
0.0585559
0.0493919
0.0848145
0.0480928
0.0399047
0.0299962
0.0525477
0.0583607
0.04298
0.0381913
0.0646777
0.0479521
0.0653559
0.0395365
0.0477216
0.0490673
0.0388674
0.037304
0.0519425
0.0654327
0.0466837
0.0410317
0.0637422
0.0658671
0.0386246
0.0595375
0.0473895
0.0409435
0.0525998
0.0333097
0.0277537
0.0970503
0.0441087
0.0405874
0.0366463
0.0582643
0.0500319
0.065574
0.0402144
0.0626571
0.0670616
0.0439847
0.0430997
0.0457036
0.0677726
0.0599706
0.039941
0.0345279
0.0777525
0.0387339
0.0433118
0.0605035
0.0574156
0.0582436
0.0458143
0.0444324
0.0794222
0.0371995
0.0489323
0.0423695
0.0589815
0.0419832
0.0444671
0.0631113
0.0367253
0.0625855
0.0336868
0.0480382
0.051122
0.0420712
0.0571633
0.037655
0.0466094
0.0444155
0.0518341
0.065327
0.0493364
0.0719984
0.0525194
0.0476427
0.0700256
0.0592562
0.0534356
0.0614464
0.0366472
0.042762
0.0570182
0.0336732
0.0347179
0.0428412
0.0552259
0.0532497
0.0491137
0.0440259
0.0661334
0.0498911
0.0400147
0.0468832
0.0498647
0.0731535
0.0488008
0.0470411
0.0664131
0.0347214
0.045948
0.0567783
0.0387022
0.0477407
0.0556322
0.0485978
0.0448004
0.0429558
0.050184
0.0437652
0.0512901
0.0512842
0.0791945
0.0465409
0.058401
0.0491321
0.0439357
0.0391533
0.0493745
0.0377835
0.0495562
777777