2.19199
999999
-0.0368021
-0.00691694
-0.0518376
0.184742
0.089254
-0.108644
-0.161222
0.188991
0.186505
-0.106011
-0.0363658
0.195769
0.0291716
-0.157174
-0.110477
-0.0933332
0.0493162
0.0832794
0.0509629
-0.0948238
-0.155191
0.0336805
-0.147238
0.0806173
-0.144676
0.0517462
0.0285215
0.28186
0.0820661
-0.133724
-0.0441287
-0.0274373
0.101485
0.0416066
-0.230219
0.102809
0.125844
0.00671177
0.0243708
0.0154143
0.0339303
-0.0287403
0.0416719
0.0709521
-0.010952
0.150113
0.115445
0.0286185
-0.0190254
-0.1472
0.126875
0.0367935
-0.0947328
-0.0913486
0.291045
0.104856
0.0148208
0.0628729
-0.199716
-0.134619
-0.273015
0.0434156
-0.047159
0.03253
-0.121955
-0.136299
-0.128652
0.158755
-0.0102884
0.196028
-0.0491901
-0.134991
0.201975
-0.293309
-0.210454
-0.103111
0.263549
-0.150697
-0.0855019
-0.164502
-0.0551615
0.0449489
-0.148387
-0.147966
-0.160507
0.0222849
-0.119933
-0.0423767
0.0335502
0.193652
0.131721
0.142971
0.0628413
0.0303791
0.289889
-0.0944356
0.113876
-0.0491717
0.0182994
-0.0531393
0.0254204
-0.151833
0.0905035
0.0662712
-0.119195
-0.251847
-0.0412472
0.113129
-0.0976294
0.0892022
0.0526621
-0.279658
0.109018
-0.0113389
0.0521786
0.001395
0.0129683
0.0562931
-0.106358
-0.0746648
-0.0389117
0.091537
-0.0615023
0.204729
-0.014774
0.091041
0.0602037
-0.204617
0.148488
-0.0135085
-0.169316
-0.0183918
-0.100932
-0.151171
0.0555821
-0.0974893
0.0470623
0.00374228
-0.060291
-0.180542
0.212203
-0.24686
0.182276
-0.0979184
-0.159582
-0.197813
-0.144511
0.185287
0.22483
-0.0716065
0.0311779
0.0154153
-0.0689029
0.29935
-0.179408
0.0363834
0.0890602
0.0882973
-0.276597
0.0909605
-0.0724756
-0.231823
-0.112145
0.0716448
-0.158578
0.289345
-0.147383
-0.00799474
-0.113949
-0.0387476
-0.128137
0.0111058
-0.143651
0.174988
0.118528
-0.0159021
-0.242524
0.169959
0.00230877
-0.131415
-0.178081
0.281789
0.0629223
0.154152
0.0425137
-0.0555831
0.0508457
-0.140771
0.0996523
0.173829
-0.105117
-0.00281423
-0.0230579
-0.0490516
0.0172914
-0.0818392
0.144734
-0.0476676
0.154347
-0.11038
0.211156
-0.0693223
-0.166645
0.0878687
0.0879079
0.0767277
0.0931862
0.165679
0.212607
0.22164
0.243317
-0.0330834
0.142441
0.15058
0.118295
0.0449489
0.0205946
-0.109793
0.100615
-0.11344
-0.234304
-0.0107787
-0.149215
0.115175
0.0510231
-0.160876
-0.155285
0.0307148
-0.0022835
0.121104
0.155616
0.0730676
0.212407
0.00399916
0.10001
0.00870851
-0.103892
-0.0514135
-0.00656592
-0.179623
-0.401085
-0.00393423
0.0770259
-0.119739
-0.27968
-0.208945
0.223296
0.184067
-0.240114
-0.288678
-0.103255
0.10765
-0.00657623
0.110079
0.230359
0.15653
0.0434371
-0.154521
-0.00126126
-0.118973
-0.0552747
0.0879404
0.0462086
0.0324311
-0.0978907
-0.141089
-0.205485
-0.00928947
0.090965
0.171287
-0.155887
-0.135246
0.0685768
-0.196007
0.1969
0.0717879
0.0346058
-0.0250398
0.0325381
-0.0652362
-0.234321
-0.0254133
0.190018
-0.0530485
-0.123777
-0.0192207
0.0607345
-0.328005
0.172795
-0.101462
0.0828154
-0.141924
-0.108803
0.0195963
0.158242
0.210731
-0.0757972
0.105057
-0.1013
0.0758006
0.0196211
-0.0472345
-0.226981
-0.115104
-0.265008
0.248095
-0.0283203
0.0221317
-0.0442044
-0.103384
0.0141117
0.0994553
-0.100879
0.159351
0.218141
0.030687
-0.163907
-0.0905945
0.0156402
-0.218347
-0.022758
0.04982
0.0259236
0.0637661
0.0180862
0.239297
0.286432
0.111821
0.0320308
0.242224
-0.0775909
0.0835608
0.153863
0.17152
-0.138155
0.0846325
0.00382382
0.132335
0.193553
-0.0806823
-0.104369
0.2425
0.0879072
-0.0919092
-0.138622
-0.118032
-0.0437332
0.059768
-0.205363
0.165488
0.0602598
0.0406538
-0.220916
-0.0131995
-0.0303782
0.188319
0.170029
0.1037
0.096981
0.24915
0.0567171
0.0395821
0.139332
0.128938
0.0751496
0.0375299
0.0285427
0.0782406
-0.127431
0.0195888
0.0998259
-0.107325
-0.0523419
-0.240815
0.136353
0.0446144
-0.19164
-0.150722
-0.0181284
-0.0791323
-0.0169185
0.0873604
0.137856
0.0569518
0.387079
-0.268374
-0.0211698
0.0125917
-0.117962
0.192561
0.159494
-0.141277
-0.0573874
0.119904
0.0487628
-0.0761692
-0.0640607
0.0738175
-0.0479732
0.0685888
0.13557
0.0308887
-0.107885
0.125484
0.254016
-0.188052
-0.088635
-0.226418
0.112187
-0.150378
0.175503
-0.190845
-0.119072
-0.103129
0.237101
-0.0601106
-0.104816
-0.139466
-0.248564
0.121964
-0.157544
-0.235665
0.0337426
-0.0210975
0.197687
0.135618
0.0337492
-0.0537719
0.182866
-0.189899
0.175556
0.0278887
-0.105601
0.0913709
-0.0867201
0.0942573
0.0453454
0.2185
-0.204815
0.12333
0.261513
-0.0380733
0.115349
0.193906
-0.0525257
0.132773
-0.21389
-0.0160783
-0.0626555
-0.000746044
0.0100052
-0.0675
-0.0804549
-0.00683914
0.00556861
-0.113446
0.10352
0.152941
0.209042
-0.299048
0.0388103
-0.117524
0.0763822
-0.147883
-0.165304
-0.00829979
0.0466157
-0.0612401
-0.0603389
-0.08577
-0.154609
-0.0555117
-0.144516
-0.130116
0.0975623
-0.0951191
-0.163125
-0.133001
0.193111
0.17768
0.305231
-0.0428828
0.148217
-0.0193253
0.0641809
-0.0765401
-0.120964
-0.0576793
-0.110318
0.124114
0.0188324
0.173576
-0.0119073
0.148349
0.137201
-0.269541
-0.0213263
0.157708
0.0718996
0.016868
-0.0800515
-0.19928
-0.208189
0.0989251
-0.0564211
0.174869
-0.178725
-0.0105824
-0.153083
-0.104963
0.212442
0.143982
0.0440526
-0.121897
0.152229
0.0913533
0.0327665
0.0549141
0.00992876
0.122242
-0.248118
-0.155576
0.0870948
-0.206881
0.0971841
0.0229917
-0.100847
0.0262534
0.0829995
-0.243026
-0.00553705
0.0440029
0.0296831
-0.0498195
0.218793
0.145823
0.0304812
0.087794
0.00346123
-0.0775103
-0.242272
-0.241203
0.0783541
0.109757
-0.218053
0.122601
-0.231589
-0.338077
-0.0121887
0.0504476
0.0821341
-0.188952
-0.00392084
0.212341
-0.0681822
-0.0716818
-0.0851346
0.166864
-0.00612764
0.164545
0.149338
-0.00588128
-0.0475412
0.0993487
-0.15125
0.106898
0.0764051
-0.0956725
0.218412
0.162365
-0.217272
0.0505411
0.0190173
0.0846022
0.0456427
-0.192161
-0.0170877
0.0461351
-0.130174
0.105094
0.000702362
0.168469
0.224881
0.04216
0.092003
-0.0323145
-0.118494
0.136325
-0.0147275
0.13188
-0.00259551
0.00798637
0.16059
-0.205751
0.131017
0.234736
-0.0178209
0.306354
0.032304
-0.220065
-0.179694
-0.126939
-0.0841044
0.0465005
-0.0920129
-0.0642351
0.0302596
-0.00521535
0.187742
0.136617
-0.0540893
0.0723148
0.211615
0.147854
0.0412634
-0.0192091
-0.223041
0.00770587
0.0465608
0.0178349
-0.165137
0.0640163
-0.129102
-0.170949
0.243873
0.160478
-0.00759772
0.128786
0.130955
-0.0913648
-0.165002
-0.236058
-0.0972192
0.0105854
0.228022
-0.200573
0.0458716
0.173898
-0.0515119
-0.0908286
-0.0043562
0.0647587
0.257572
0.155601
0.0690653
0.110654
0.240594
0.155397
-0.116274
0.182892
-0.170207
-0.143163
0.0307904
-0.180583
-0.0704218
-0.0870765
0.00113856
-0.16624
0.214721
-0.129576
0.120577
0.115232
0.0283433
-0.248145
0.00637139
0.242811
0.048913
-0.0580109
-0.260451
-0.00253519
0.0866152
-0.133059
0.143402
-0.096754
-0.181939
-0.0336682
-0.00710276
0.0472966
0.0859234
-0.000647038
0.144089
-0.286813
-0.16255
0.167751
0.19406
-0.0228173
0.0857244
0.179755
0.116395
-0.0675234
0.228843
-0.1599
0.169304
0.0480787
0.0731573
-0.107775
0.155363
-0.0854714
0.011008
-0.05116
-0.070018
0.0736365
0.0269225
-0.0218529
-0.168103
0.102892
-0.100312
-0.239372
-0.190897
-0.256669
0.114197
-0.170854
0.133942
-0.0092753
0.067546
0.191809
0.261062
-0.0997886
0.0938865
-0.129029
0.0334867
-0.00474962
-0.0969245
0.0802849
0.0752338
0.00672302
-0.0180889
-0.00254534
0.111405
-0.075716
-0.142677
-0.0933785
0.0358514
-0.125029
-0.277547
0.12599
0.171083
-0.10914
0.264101
-0.0937682
0.00162891
0.169095
0.0204776
-0.17414
-0.0554814
-0.0031875
0.157235
0.0266039
0.0174516
-0.126824
-0.00655243
-0.129959
-0.0106891
0.0960074
-0.186326
-0.252153
0.148388
0.165792
0.17388
0.0480344
0.233754
-0.0528275
0.273979
0.139161
-0.104817
-0.208276
0.183101
-0.30362
-0.0177617
0.125136
-0.0236011
-0.13167
0.16945
-0.0643827
0.115651
0.208025
0.0975806
0.080096
0.169008
-0.138587
-0.174555
-0.0497902
-0.154407
0.0310356
-0.174862
0.118204
0.129305
-0.143436
-0.114488
0.135806
-0.25847
-0.00506472
0.062665
-0.00693689
-0.0259647
5.04975e-05
0.139331
-0.0631041
0.222662
0.0736829
0.131047
0.22292
0.179026
-0.163012
0.219191
-0.0763693
0.162094
0.193681
-0.194453
-0.175143
-0.0765158
0.0313892
0.113225
0.0374635
0.0683686
-0.0770137
0.0157218
0.116095
-0.0549522
-0.167081
-0.0459173
0.244247
-0.0474998
-0.213144
0.0900036
-0.121779
0.0588763
-0.23265
-0.00722598
-0.215516
-0.211978
0.110281
0.14438
-0.0510744
-0.0847805
-0.194561
0.125701
-0.164673
-0.0918148
0.0347414
0.0532738
0.00493139
-0.340819
-0.0527136
-0.0652406
0.126232
0.0264622
-0.00700139
0.148938
-0.0438274
0.0319383
-0.102889
-0.12784
-0.114837
0.200733
-0.0803882
0.185155
0.22161
0.194916
0.134613
-0.0194092
0.00704036
-0.130754
0.18831
0.158892
-0.266473
-0.0911441
0.179043
-0.0808022
-0.168563
0.154894
-0.167515
-0.048322
0.0203956
-0.0185092
0.176433
-0.0768876
-0.185929
0.00971764
0.0959352
-0.2104
-0.146451
0.309746
-0.316705
0.107095
0.027539
0.000869066
-0.0118608
0.0258357
-0.0911415
-0.0365504
-0.250867
-0.0515579
0.0578998
-0.0237992
-0.011946
0.110723
-0.200014
-0.170732
0.152549
0.193351
-0.0444092
-0.168236
-0.0580527
0.0537444
-0.0274262
-0.176569
0.0369353
-0.152191
-0.00399785
0.0727353
-0.167108
0.046019
0.00422515
0.175347
-0.10211
-0.109111
0.0574401
0.0789052
-0.0535421
-0.221416
0.0269009
-0.031353
0.215445
0.184743
0.1013
0.165245
-0.0559079
-0.168105
-0.148155
-0.126527
-0.120804
0.212042
-0.0819936
-0.0679599
-0.178752
0.0838879
-0.216319
-0.125481
0.100778
0.176586
0.0474978
0.0283536
0.0835722
0.0176223
-0.0165491
-0.0374031
0.0454466
-0.163023
-0.110828
-0.0699835
-0.252763
-0.200601
0.10278
0.343787
0.162778
0.170274
0.0106499
0.118679
0.0368378
0.00575786
0.2169
-0.11785
0.147648
0.0660333
0.0576984
0.207994
0.143115
0.0941307
-0.185732
0.152485
0.114343
0.108124
0.239058
-0.163304
-0.055288
-0.115523
0.109205
0.0237305
0.127773
0.138995
-0.109411
-0.0149601
-0.140719
-0.320212
-0.18606
0.132719
0.177531
-0.190378
-0.102
-0.125385
-0.117757
-0.136374
0.0831528
0.0325045
0.238918
0.0559755
0.0191204
0.0238508
0.22937
-0.0735017
0.0350127
0.175605
-0.0432548
-0.0173904
-0.209192
-0.104392
0.242847
0.0167957
-0.0810359
-0.00989912
-0.111272
-0.0396572
-0.0346174
0.20661
0.180458
0.158899
-0.113603
-0.158367
-0.0313702
0.0310166
0.10837
0.162458
0.194657
0.0841624
0.0168135
-0.105928
-0.111489
0.0842834
-0.286038
0.155993
-0.100801
0.180307
-0.0847391
0.295427
0.0819268
-0.164829
-0.0445411
0.248441
0.272173
-0.0655192
0.0139758
-0.0857333
0.0602907
-0.133741
0.132135
-0.00310959
0.0130673
-0.15788
0.137479
-0.0462751
-0.288772
0.0418241
0.199447
0.0952305
0.0421374
-0.0297026
0.18106
0.244027
-0.222719
0.0571824
-0.124824
-0.157726
0.0291322
0.215811
0.0547271
-0.208217
0.0686746
0.116541
-0.0618424
-0.105136
0.0653286
0.0246509
0.00028699
0.071312
-0.0145718
0.2304
-0.186777
0.23102
0.158984
0.126685
0.0445323
0.134536
0.0986271
0.302102
-0.0530674
-0.0318919
-0.0491779
-0.202862
-0.0936548
-0.0693161
0.255011
-0.114074
-0.102861
0.190491
0.149287
-0.0798046
-0.110914
-0.206973
-0.0220954
0.0262126
0.0369669
-0.218156
0.148573
-0.0823048
-0.0100584
0.205007
0.0325721
-0.138304
-0.01175
-0.0191971
0.120429
0.077042
0.219055
0.252484
0.115871
-0.0803856
0.0880702
0.201814
-0.0158831
0.0232512
0.260432
-0.104959
-0.319247
-0.207089
-0.110404
0.0862294
0.254946
0.109397
0.114809
-0.148341
0.0751065
-0.000347655
-0.226703
0.138417
-0.0186121
0.150779
-0.0956432
0.0856343
-0.0680588
0.156978
-0.149169
-0.136258
-0.225993
-0.205687
-0.180802
0.0591191
-0.0351161
-0.20562
-0.218268
0.0526547
-0.176458
-0.219908
-0.239839
-0.198894
-0.114381
-0.312305
-0.189604
-0.253414
0.139221
0.155921
-0.0577781
-0.154685
-0.223142
0.0769843
0.280723
-0.0937148
-0.157589
0.0955722
-0.0898826
0.257638
0.0375141
0.0561397
-0.14722
-0.205605
0.0976932
-0.121246
-0.0306271
0.1581
0.0907936
-0.159278
-0.228461
-0.217035
-0.0145255
0.115231
0.0972764
0.0599325
0.0442302
0.0801884
-0.375652
-0.148753
0.131455
0.00271061
-0.0707319
-0.0531603
0.0750218
-0.0588379
-0.125021
0.203835
-0.169992
-0.152988
-0.271798
0.200035
-0.0599329
-0.0801886
0.251332
0.0901421
-0.0025143
-0.217536
-0.0665675
0.0505985
-0.148239
0.226666
0.0136962
-0.0845097
-0.138245
0.266943
-0.0879769
0.115322
0.160992
-0.0275397
-0.0136415
-0.157119
-0.0328903
0.257784
-0.137624
0.163188
-0.0148016
0.232693
0.150629
0.0996927
-0.0756744
-0.0823008
-0.195651
-0.267646
-0.169359
0.175429
0.157619
0.0502784
0.112489
0.0983296
-0.132672
-0.0659517
0.215093
-0.0525174
-0.132
-0.26234
-0.0656633
0.210709
0.0612982
0.0490045
-0.09881
0.0655976
0.0435573
0.0223668
-0.261559
0.0108004
-0.166838
0.139458
-0.197463
-0.228188
0.0739744
-0.115942
-0.0620375
0.0660366
-0.0305729
-0.075063
-0.117066
0.0265063
0.0906315
-0.013115
-0.140535
0.00207943
-0.151346
0.157109
-0.0312221
-0.0673107
-0.0298699
0.132288
-0.196669
0.269
0.0285426
-0.0940267
-0.12257
-0.104901
-0.016664
-0.105658
-0.112389
-0.158968
0.106922
0.0806983
0.059584
0.190374
-0.148314
-0.189439
0.132355
0.085975
-0.0996576
-0.0473739
-0.0870152
-0.0464943
0.105345
-0.0703355
0.170743
-0.222533
0.203505
-0.0816217
0.192247
-0.22985
0.118579
-0.102053
0.0607144
0.261661
0.126279
0.1244
0.0738794
0.017051
-0.0282465
0.0368201
0.0524737
0.0487741
0.203063
0.123402
0.0708087
-0.23233
0.0592677
0.224336
-0.160037
-0.145956
0.0859644
0.165711
0.0500624
-0.0296228
-0.0501105
-0.0231325
-0.211301
-0.113564
-0.110285
-0.128167
-0.018512
-0.133882
0.00152811
0.0246969
0.138147
0.141795
-0.062507
-0.146549
0.100809
-0.140569
-0.0174699
-0.196474
0.158137
0.116394
0.148648
0.032856
0.201323
0.180101
-0.00516299
0.101765
0.247702
0.0830517
-0.203768
-0.0561141
0.0289586
-0.100362
-0.068865
0.0879874
-0.184052
-0.0555944
-0.114507
0.17854
0.165551
-0.0965857
0.17997
0.178771
-0.177507
0.0285189
0.119443
-0.10543
0.0118317
-0.124023
0.218637
0.115906
0.227114
0.0376752
0.0830831
0.150353
-0.0621642
0.0472488
0.187323
0.0482617
0.120362
-0.212757
-0.138183
-0.0712042
0.0477287
0.0428724
0.0617094
0.183707
0.0915392
0.255058
-0.0906106
-0.172675
0.150176
0.183568
-0.12371
0.0778958
0.228632
-0.00669358
0.221743
0.0889971
-0.00477639
-0.0747682
-0.222947
0.0362207
0.214448
0.195747
0.0821899
0.124773
0.228045
0.0380121
0.0221927
0.090989
-0.0850306
0.116379
-0.0283248
0.145774
-0.0077998
-0.21287
0.0952304
-0.0816843
0.269984
0.0203474
-0.100473
0.107067
-0.0479122
0.0762921
0.0209465
0.158269
0.0216306
-0.223784
0.07505
0.133247
-0.0412419
0.0617069
0.00588017
-0.0614913
-0.0171051
0.197838
-0.236421
0.0523485
0.024994
-0.02
-0.277662
0.23921
-0.0632084
0.0453266
0.0170296
-0.12656
0.0426528
-0.0548466
-0.0557975
0.15289
-0.124133
-0.0827713
-0.0172246
0.106094
0.080508
-0.177531
0.2462
0.213101
-0.139407
0.159046
-0.0112935
0.048248
0.0557285
0.0528699
0.214109
0.11938
0.0205929
-0.00544251
0.0235622
0.00806979
0.117285
0.0193412
-0.0680899
-0.10004
0.0234872
0.0812171
0.251877
0.0888828
-0.0566064
0.137768
0.18812
0.0410562
-0.218389
0.128219
0.0794915
-0.11221
-0.04667
0.243133
0.0684323
0.108669
-0.142178
-0.221412
-0.129057
-0.203281
-0.191923
-0.17739
0.161733
-0.285706
-0.0296538
0.234119
0.0801862
-0.0979009
0.308746
0.181443
0.206317
0.122147
0.151722
0.181049
0.15282
-0.20466
0.0136952
-0.118639
0.155506
0.248635
-0.130799
0.015834
0.182346
0.00502047
0.107067
-0.344203
-0.178887
0.0339377
-0.150425
-0.282254
-0.053231
-0.000801228
0.104207
0.0947535
0.108656
-0.181824
-0.0323112
-0.0391975
0.0262616
-0.0540217
0.0392841
0.0768741
0.0102968
0.0134731
-0.130121
-0.189614
-0.144999
-0.0891044
0.21924
-0.193853
0.0133797
0.0722735
0.158243
-0.145122
-0.234105
0.0534837
-0.0266992
-0.0864511
-0.203054
0.0386497
-0.0999614
-0.0401757
-0.174871
0.231859
0.19391
0.138878
-0.345474
-0.0874818
0.116187
-0.0827384
-0.193255
-0.0463528
-0.13667
-0.0392056
0.0610263
0.202744
0.114979
0.117607
-0.169404
-0.104383
0.182606
0.0617294
-0.0425687
0.092203
-0.0536428
-0.0467058
-0.266417
-0.147432
-0.0788474
-0.140887
0.11041
-0.113157
0.0589596
0.187726
-0.0237123
0.100715
-0.124047
-0.0472545
-0.14537
-0.123794
0.0499732
-0.120326
-0.00485807
0.184772
0.144361
-0.108587
-0.209249
-0.239791
-0.0140186
0.0788593
-0.148864
-0.0106155
0.13111
-0.174034
0.208806
0.140411
0.188093
-0.10355
-0.106624
0.231661
0.004216
0.014438
0.110742
0.0498773
0.102242
-0.185119
-0.0827072
0.0190961
0.287095
-0.0988401
-0.179188
0.27152
0.0973007
0.0148582
0.0776704
-0.189265
0.102065
-0.00505634
-0.180722
-0.1155
-0.078332
0.196771
-0.00901742
0.188005
-0.0861618
-0.0179531
0.134878
-0.0843803
-0.14464
-0.0793029
-0.138676
-0.183903
0.1995
0.213447
-0.137978
-0.120218
-0.193676
-0.398328
0.109705
0.0561348
0.184153
0.345254
0.00153755
0.0685761
-0.112099
0.167239
0.203876
-0.181027
-0.047436
-0.307368
-0.183875
0.0604056
-0.13544
0.0688987
0.106554
-0.055051
-0.142824
0.00924877
-0.0500178
-0.0465952
0.0780091
0.164689
-0.161986
888888
0.0552914
0.0414641
0.0400263
0.0552971
0.0538456
0.041607
0.058205
0.0411097
0.0710454
0.0626278
0.0514636
0.0513523
0.0484456
0.0583877
0.0435259
0.0451863
0.0508082
0.0471346
0.0561107
0.0582607
0.0517675
0.0504675
0.0719921
0.0627071
0.0513026
0.056655
0.0412776
0.0621543
0.0484614
0.0433283
0.0426847
0.0549895
0.052931
0.0666392
0.0525564
0.0563969
0.0438706
0.0489544
0.0510522
0.0502105
0.0396226
0.0519614
0.0384089
0.0347764
0.0560253
0.0449521
0.0503786
0.0421915
0.0417954
0.0473081
0.046678
0.0447036
0.0491937
0.0506621
0.0478523
0.0563983
0.0411173
0.0601104
0.0426206
0.0516542
0.0414047
0.0345089
0.049472
0.0530041
0.0453913
0.050026
0.0483961
0.0538976
0.0451783
0.0488313
0.0566238
0.0485211
0.0559847
0.0667249
0.0506219
0.0463548
0.0403871
0.0451933
0.0544518
0.045439
0.0497503
0.0503613
0.0484992
0.0446101
0.0351274
0.0526168
0.0443251
0.053327
0.037515
0.0543824
0.0556896
0.0467537
0.0504008
0.0515688
0.0508571
0.0477367
0.0439669
0.0528648
0.0489467
0.0384775
0.0485244
0.0447246
0.0450204
0.0546827
0.0544482
0.0435143
0.0380948
0.0519588
0.0413321
0.0507045
0.0458534
0.0447982
0.046572
0.0368252
0.0638435
0.0332371
0.0390381
0.0538628
0.0352443
0.0458531
0.0363687
0.0550528
0.0456229
0.0483399
0.0518872
0.045241
0.052907
0.0566328
0.0470424
0.0665783
0.0566003
0.0525004
0.0571942
0.045313
0.0572292
0.039414
0.0421673
0.053486
0.051758
0.0513176
0.0536895
0.0397966
0.0611197
0.050265
0.0452719
0.0589497
0.061941
0.0445246
0.0626389
0.0401554
0.0421491
0.0513143
0.0459163
0.0379267
0.0507966
0.0431758
0.0566483
0.0426737
0.0588098
0.0461554
0.0519452
0.045555
0.0419042
0.0429765
0.0506335
0.060907
0.0531156
0.0388458
0.0497046
0.0484593
0.0407043
0.0536117
0.0428731
0.0493253
0.0483366
0.0594416
0.0354582
0.0618955
0.06742
0.0487222
0.0423603
0.0529626
0.0459682
0.0379452
0.0529312
0.0433607
0.0498399
0.0629377
0.0473633
0.049111
0.0480891
0.0541194
0.0569865
0.0405552
0.0625613
0.0454763
0.0537379
0.0358716
0.0421166
0.0457297
0.0471798
0.0528435
0.0372729
0.0596892
0.0446598
0.0538026
0.0491965
0.0535333
0.0540422
0.0551166
0.0479274
0.0691536
0.0551332
0.0446385
0.0555132
0.0468888
0.0501525
0.0487178
0.0441235
0.0605595
0.0479358
0.0613524
0.0503324
0.0528841
0.0455418
0.0582705
0.0469819
0.0501858
0.0542335
0.0442896
0.0480008
0.0477833
0.0567797
0.0306098
0.0565925
0.0598445
0.0496933
0.045638
0.0564576
0.0606953
0.056065
0.0542342
0.0401873
0.0558434
0.0489851
0.0515257
0.0501612
0.0540312
0.0441754
0.045476
0.0447061
0.0577288
0.0600677
0.0547772
0.0434474
0.0560579
0.0480673
0.0410543
0.0350729
0.0517782
0.0381067
0.0502185
0.0468977
0.0379219
0.0414646
0.0519039
0.0532295
0.0439776
0.0510371
0.0376172
0.0484859
0.0469348
0.040221
0.0320492
0.0444426
0.0544325
0.0358502
0.0558906
0.045005
0.0537442
0.0463362
0.0458533
0.0492037
0.0549275
0.0539876
0.0435084
0.0508354
0.0517847
0.0486929
0.0551949
0.0563634
0.0472191
0.0381312
0.0562563
0.0574913
0.0470975
0.0527843
0.0585199
0.0482207
0.0454587
0.0501588
0.0387617
0.0478018
0.063317
0.0731739
0.0477104
0.0495078
0.0491627
0.0442403
0.0589579
0.0420607
0.0528885
0.0569679
0.0682545
0.0502347
0.0539472
0.0586438
0.0411534
0.0397697
0.0529465
0.0572879
0.0483185
0.0653128
0.0515278
0.0559178
0.0420566
0.0480406
0.0487427
0.0452125
0.0501636
0.0479473
0.055501
0.055313
0.0527717
0.0415638
0.0453563
0.0472517
0.0578823
0.0584094
0.053651
0.0453779
0.0604579
0.0605798
0.0568341
0.0457734
0.0503408
0.0495172
0.0417959
0.0492997
0.05638
0.0573911
0.053891
0.0489098
0.0600291
0.0480158
0.054516
0.0509592
0.049259
0.0631363
0.0483851
0.0598924
0.0476442
0.0452965
0.055947
0.0427607
0.0470508
0.046131
0.0462911
0.0504539
0.0470374
0.0603036
0.0619534
0.0502917
0.0482973
0.057538
0.052232
0.0442888
0.051904
0.0503775
0.068371
0.0684209
0.0447708
0.0465021
0.0413205
0.046083
0.0518644
0.058944
0.0674802
0.0487088
0.0539021
0.0477335
0.0468625
0.0561165
0.0513306
0.0527669
0.0412228
0.0528151
0.0428855
0.0410855
0.0593999
0.0545262
0.037824
0.0550973
0.053053
0.0430287
0.0512958
0.056165
0.0436063
0.0616551
0.0476643
0.0531421
0.0504342
0.0565661
0.0410748
0.0402843
0.0346741
0.0397534
0.0475486
0.0540008
0.0468635
0.053471
0.0514034
0.0624436
0.0478996
0.0494365
0.0534951
0.0473563
0.0517758
0.0394389
0.0502217
0.0520274
0.0651792
0.0443482
0.056233
0.050195
0.033119
0.0453261
0.041802
0.0693565
0.049348
0.0494706
0.0411135
0.0569438
0.0458216
0.0591599
0.0434546
0.062798
0.0471036
0.0412549
0.0450814
0.0461992
0.050424
0.0636667
0.0421455
0.0454313
0.0555876
0.0444507
0.0450565
0.0559518
0.0537826
0.0478305
0.0581565
0.061937
0.0445082
0.0554056
0.0538515
0.0544542
0.0427312
0.0445662
0.0417152
0.0578102
0.0524275
0.0557758
0.057242
0.0546943
0.0554911
0.0463557
0.0499896
0.0405049
0.0552691
0.0470297
0.0463163
0.0505341
0.0398124
0.0485394
0.0691365
0.0406217
0.0439747
0.0608704
0.0437974
0.0543995
0.0446292
0.0354194
0.0570001
0.0433531
0.0561421
0.03967
0.0490053
0.0465091
0.063995
0.0488532
0.0432202
0.0405542
0.0474071
0.0542011
0.0419129
0.0531941
0.06345
0.0536431
0.0555648
0.0478753
0.0369733
0.0412506
0.041047
0.045753
0.049255
0.0578791
0.0630358
0.048207
0.0473568
0.0561424
0.05263
0.0568304
0.0532435
0.0465133
0.0649713
0.0476845
0.0496928
0.0623566
0.0432985
0.0464416
0.0499224
0.0564503
0.0400781
0.0547574
0.0521311
0.0417845
0.0733232
0.0421124
0.049633
0.0604416
0.0519514
0.0524018
0.0479852
0.0483407
0.0511909
0.0509035
0.051856
0.0640632
0.0460331
0.070918
0.044262
0.058025
0.0470123
0.0442922
0.0490761
0.0463284
0.0501148
0.047414
0.0564448
0.0454067
0.0650893
0.0508869
0.0400155
0.0449918
0.0390304
0.0581237
0.04739
0.0430968
0.0434344
0.0545406
0.0619563
0.0540129
0.0298074
0.066759
0.0660988
0.055614
0.0592724
0.0457431
0.0538151
0.0545645
0.0583505
0.069463
0.0449822
0.0504202
0.035641
0.0542177
0.0474218
0.0470769
0.0460583
0.0464089
0.0570477
0.044535
0.0741943
0.0520514
0.0431048
0.0534366
0.0605815
0.0477224
0.0394509
0.0509315
0.0578038
0.0509409
0.0418875
0.051071
0.0432251
0.0429781
0.0468905
0.0534201
0.0526954
0.0574601
0.0486234
0.0542851
0.0452375
0.0709973
0.0499878
0.0510268
0.051923
0.0444596
0.0435557
0.0433167
0.0456658
0.0490701
0.0491497
0.0474604
0.042113
0.0452401
0.0439283
0.0435945
0.0507783
0.0452716
0.0388345
0.052677
0.0571747
0.05424
0.0539402
0.0398019
0.0432705
0.0576787
0.0563766
0.0455835
0.0517711
0.057888
0.0539049
0.053902
0.0428478
0.0554304
0.0515793
0.0484005
0.0561925
0.0429907
0.0481394
0.0478109
0.0418742
0.0456238
0.0373485
0.0484362
0.0459568
0.0536082
0.0536123
0.0498604
0.0484011
0.0459568
0.045338
0.0526205
0.0561382
0.051509
0.0460761
0.0560517
0.0542518
0.0753535
0.0509975
0.0682675
0.0560964
0.0559692
0.0565692
0.0460806
0.0639705
0.0486087
0.0624507
0.065244
0.0482402
0.0566378
0.0643742
0.0508059
0.0532851
0.0529645
0.0532179
0.0410706
0.0511769
0.0429817
0.0516722
0.0510254
0.0504152
0.0486139
0.0519571
0.0579975
0.0651063
0.0445557
0.0529088
0.0738497
0.0415724
0.0474249
0.0496
0.0566879
0.0408189
0.0499137
0.0501733
0.0579367
0.0377818
0.050671
0.0535848
0.0485134
0.0461145
0.0451665
0.0395849
0.0506052
0.0506827
0.0468142
0.0573484
0.0522422
0.0478221
0.0484726
0.0451244
0.0479448
0.0518906
0.0567371
0.049828
0.0580115
0.0505949
0.0608121
0.0505996
0.0496038
0.0645963
0.0538096
0.0504275
0.0433233
0.0598778
0.0542289
0.0501425
0.0435424
0.0450326
0.072237
0.0341488
0.0480361
0.0497896
0.0520556
0.0549111
0.0458605
0.0363051
0.0405236
0.0543388
0.0532453
0.0537641
0.0476482
0.0612999
0.0523427
0.0613522
0.0488325
0.0375393
0.0505007
0.0504178
0.0399068
0.0598261
0.0425062
0.0477867
0.0378871
0.043288
0.0507541
0.0525966
0.0497325
0.0493215
0.0349549
0.042107
0.0613833
0.0398962
0.0559157
0.0697549
0.0540521
0.052601
0.0459641
0.0334209
0.0539487
0.0416306
0.049052
0.0343443
0.0525767
0.0588258
0.0512005
0.0418254
0.0641586
0.0553678
0.0526913
0.0562838
0.0542573
0.0572837
0.0470153
0.0491413
0.0436754
0.0475233
0.0461228
0.039424
0.0450325
0.041623
0.0468271
0.0543571
0.0383929
0.0362051
0.0422364
0.060581
0.072119
0.0590634
0.0506758
0.0445283
0.0390714
0.0537496
0.055893
0.0535623
0.0451231
0.0511602
0.052338
0.0535365
0.0579441
0.0637752
0.0527237
0.03494
0.0551308
0.0447246
0.0493865
0.052916
0.0578187
0.048725
0.0379153
0.0376934
0.0462922
0.0496355
0.0533685
0.0436472
0.0457572
0.0590968
0.0503216
0.0503385
0.056797
0.054662
0.041389
0.0614857
0.0455172
0.0377317
0.0537457
0.0567229
0.0492158
0.0427175
0.0436603
0.0534042
0.0474307
0.049872
0.041737
0.0616654
0.0539238
0.0538681
0.0580947
0.0392826
0.0545631
0.0473932
0.0633139
0.0495449
0.0445589
0.036938
0.0400247
0.0528111
0.0459468
0.0426437
0.0607419
0.0554426
0.0421305
0.0470417
0.0494824
0.0544859
0.0560757
0.0468802
0.0468289
0.0384323
0.0457443
0.0417205
0.0594411
0.0492094
0.0560739
0.0618971
0.0453434
0.0615322
0.0573022
0.0590786
0.056947
0.0634383
0.0539983
0.0477353
0.0563874
0.0475636
0.0479799
0.0604554
0.042647
0.0424921
0.0517287
0.0429294
0.064275
0.0486291
0.0421085
0.0510446
0.0408223
0.0475491
0.0398486
0.0400599
0.0463409
0.041512
0.0551589
0.0507867
0.0623854
0.0434305
0.0432395
0.0442605
0.0458688
0.0501756
0.0528882
0.0453868
0.0594331
0.0429488
0.0498569
0.0626044
0.0510115
0.0512211
0.0472017
0.0449106
0.0531117
0.0472672
0.0681235
0.0507993
0.0528267
0.0548488
0.0508261
0.0558739
0.0477328
0.0430119
0.0389864
0.0488241
0.0475393
0.0339307
0.0459865
0.0387326
0.0499799
0.0450549
0.0428294
0.0593738
0.0527772
0.0441992
0.0616852
0.0515867
0.0677255
0.0498317
0.0547014
0.0564815
0.0476343
0.0649489
0.056736
0.0508916
0.0631789
0.041131
0.0512107
0.0382602
0.0536494
0.0588307
0.0432771
0.0449391
0.0530002
0.0411036
0.0410957
0.0463724
0.0492302
0.0560125
0.0419251
0.0670763
0.0513788
0.0430031
0.0554506
0.0417604
0.0384435
0.0519638
0.0599399
0.0520559
0.0585376
0.04425
0.051103
0.0471382
0.0865554
0.0515153
0.0596361
0.0625386
0.0640531
0.0361255
0.057466
0.0484767
0.0483997
0.046453
0.0401467
0.0379874
0.0492557
0.0632831
0.0594889
0.0564399
0.0495681
0.0489172
0.0434269
0.0502673
0.0488335
0.0508522
0.0563763
0.0505461
0.0468555
0.0483608
0.0571456
0.0409119
0.0471586
0.0450266
0.0508181
0.0387448
0.045235
0.068176
0.0664717
0.0461337
0.0528121
0.0445255
0.0568633
0.0473952
0.0526258
0.0452259
0.047963
0.0527893
0.0496006
0.0476531
0.0423323
0.0600701
0.0475359
0.0455904
0.0628064
0.052953
0.0452807
0.0404689
0.0550958
0.0503389
0.0498969
0.0616785
0.046536
0.0488541
0.0471535
0.0479823
0.0542287
0.0597265
0.0714538
0.0480402
0.0550624
0.0538031
0.0427722
0.0464053
0.0517639
0.04682
0.0495853
0.050393
0.0419131
0.0481875
0.0476155
0.0545135
0.0476292
0.0588294
0.0584328
0.0566955
0.0371667
0.0608256
0.0402022
0.0395718
0.0502181
0.0527977
0.0637518
0.0501621
0.0499998
0.0522424
0.0504329
0.0630263
0.0411745
0.0398443
0.0465157
0.0455319
0.0437826
0.0455463
0.051686
0.0395746
0.064612
0.0480751
0.0518122
0.0504109
0.0555355
0.0444901
0.0620836
0.045007
0.048368
0.0439286
0.0494744
0.0610215
0.0419674
0.0540222
0.0392014
0.0543819
0.0557266
0.0516263
0.0574349
0.0545336
0.0421738
0.039786
0.0615391
0.0515387
0.0315206
0.0553215
0.0539197
0.0395245
0.0500844
0.0545712
0.0570869
0.053743
0.0461078
0.0647503
0.0480214
0.0542908
0.0560314
0.0431028
0.0508743
0.0549563
0.0423163
0.0480736
0.0445027
0.0408983
0.0421513
0.0423718
0.0562708
0.0584284
0.0537995
0.0414482
0.0471974
0.0405582
0.0407201
0.0588001
0.037705
0.0483123
0.0613653
0.0373518
0.0488552
0.0648049
0.0509407
0.0324543
0.0539358
0.0498392
0.0532799
0.0592959
0.0447074
0.0625314
0.0422897
0.0540797
0.0452672
0.0509731
0.0484316
0.0749069
0.061091
0.05903
0.0585309
0.0502826
0.0452738
0.0458335
0.0543184
0.0496069
0.0431961
0.0467095
0.0417779
0.0471288
0.046861
0.063274
0.0598725
0.0426078
0.0660766
0.0555754
0.0425534
0.0431816
0.0369586
0.0513906
0.0593711
0.0404502
0.0518013
0.0450626
0.0537602
0.0547188
0.0557988
0.0392656
0.0480496
0.0527337
0.0380454
0.0588898
0.0512809
0.0553037
0.0510903
0.0478275
0.0410327
0.0470546
0.0451221
0.0587229
0.0408047
0.0572633
0.0479077
0.0535858
0.0445627
0.0577271
0.0534792
0.0588744
0.0677393
0.0440784
0.0608083
0.0595769
0.0575653
0.0520811
0.0504308
0.0565443
0.0577837
0.0572748
0.0468735
0.0465322
0.0490932
0.0478253
0.0393462
0.0487542
0.0440866
0.0553959
0.0397693
0.0559285
0.053793
0.03962
0.0436612
0.0710171
0.0589201
0.0449017
0.0497818
0.0444392
0.0516293
0.0538662
0.0508183
0.0506362
0.0463098
0.0631368
0.0501668
0.0398618
0.0570168
0.0349276
0.0611127
0.0538789
0.054014
0.0617403
0.0539332
0.0416643
0.0498841
0.0512861
0.0429756
0.0426458
0.0574753
0.046793
0.0471889
0.0367084
0.0539203
0.0548183
0.05522
0.0536908
0.0404602
0.0525424
0.0538956
0.0670857
0.0494068
0.0514818
0.0488515
0.0547987
0.0497086
0.0503832
0.0698069
0.0582172
0.0518571
0.0538898
0.0527964
0.0514589
0.055249
0.055709
0.0567664
0.052906
0.0507854
0.0493867
0.0473111
0.0534074
0.0566186
0.0530581
0.0442253
0.0676813
0.0487909
0.0538664
0.0495948
0.0438915
0.0490594
0.0600498
0.0502586
0.0404908
0.050442
0.0370451
0.0570282
0.0664426
0.0499243
0.0511901
0.0482329
0.0516376
0.0381421
0.0540528
0.0504346
0.0495573
0.0572978
0.0507797
0.0586815
0.0571399
0.0569543
0.0484416
0.0434138
0.0452704
0.0664018
0.0504326
0.0434205
0.0461574
0.0365643
0.0514357
0.04124
0.0421601
0.049174
0.0481257
0.047873
0.0453552
0.0533588
0.0658303
0.0536365
0.0476673
0.0524211
0.0317657
0.0576666
0.0655183
0.0487113
0.0548204
0.0483691
0.0447003
0.0489152
0.0482051
0.047542
0.0545574
0.0583075
0.0632108
0.0429403
0.0525046
0.0528908
0.0554316
0.0398286
0.0569931
0.0507534
0.0564681
0.0507587
0.0497692
0.0512972
0.0616607
0.0443363
0.0432433
0.0592841
0.0478891
0.0634064
0.0557294
0.0640127
0.0420399
0.0476731
0.0477779
0.0471721
0.0490525
0.0518317
0.0398933
0.0535629
0.0575231
0.040545
0.0389403
0.045004
0.0485243
0.050746
0.0516885
0.0366392
0.0588343
0.0500225
0.0523975
0.0579796
0.050887
0.0646091
0.0520004
0.0405773
0.0542074
0.0488723
0.0398733
0.0416595
0.0589492
0.0505313
0.0385786
0.0577343
0.044262
0.0556624
0.0372311
0.0535013
0.0430093
0.0505382
0.0487814
0.0460276
0.0313144
0.0398428
0.0475968
0.0705908
0.0559046
0.0560023
0.038673
0.0442912
0.0577733
0.0447805
0.0574125
0.0390068
0.06306
0.0513456
0.0459616
0.0469097
0.042631
0.0540787
0.0389644
0.05836
0.0533065
0.0502407
0.0524341
0.039289
0.0446852
0.0546731
0.0501242
0.0497906
0.0407296
0.0386001
0.0617965
0.0512668
0.0520075
0.0422091
0.0640428
0.0571104
0.0651279
0.0467614
0.0477287
0.0445416
0.0609347
0.0447271
0.0586675
0.0511589
0.0445618
0.0396259
0.0475512
0.0634965
0.0502787
0.0588941
0.0439541
0.0366529
0.0350146
0.0549089
0.0561945
0.0421974
0.0513334
0.0368471
0.0449384
0.0564693
0.0421007
0.0478519
0.046182
0.0558198
0.0431144
0.0627802
0.0593618
0.0562385
0.0626887
0.0473984
0.0442978
0.0553937
0.0619118
0.0502412
0.0416521
0.048547
0.0474775
0.0550591
0.0476538
0.0453535
0.0598529
0.0496588
0.0492733
0.0451983
0.0578148
0.051764
0.0312027
0.0435714
0.0534268
0.0631273
0.0435505
0.0575262
0.0525023
0.044562
0.047666
0.0536667
0.0569289
0.0608628
0.043331
0.0593501
0.0492279
0.0450359
0.0490588
0.0407193
0.0517504
0.0371493
0.0612757
0.0675338
0.0418294
0.0610204
0.0460958
0.0468352
0.060311
0.0406708
0.0443772
0.0470254
0.0406214
0.0492503
0.0439043
0.056856
0.0651728
0.0621336
0.0479338
0.0353087
0.0416582
0.0422241
0.0574851
0.047719
0.0505766
0.0464697
0.0511253
0.0368817
0.0400393
0.0589547
0.0539871
0.0364365
0.046567
0.0532625
0.039009
0.055425
0.0506465
0.0428065
0.0570957
0.0543241
0.0577524
0.0520633
0.0632767
0.0507134
0.0538676
0.0544132
0.0510053
0.0438424
0.0428006
0.0617409
0.0535758
0.054984
0.049844
0.0638638
0.0493666
0.0349443
0.0576184
0.0467358
0.0425219
0.0450954
0.0494423
0.0529941
0.062763
0.0611694
0.0475254
0.0586034
0.0778973
0.0377224
0.0460388
0.041757
0.0519039
0.0501929
0.0430498
0.0598739
0.0420268
0.0561054
0.0350465
0.0639882
0.0339845
0.0467504
0.0401008
0.039331
0.0597198
0.0491523
0.0423333
0.0604298
0.0575216
0.0402467
0.0461221
0.0479748
0.0569948
0.0517817
0.038502
0.0531704
0.0483638
0.052497
0.0607847
0.0618469
0.0496642
0.0557892
0.0399852
0.0391928
0.0403885
0.0612996
0.0575249
0.0438855
0.0454204
0.0596884
0.0614916
0.0374405
0.0552241
0.0500287
0.0604666
0.0595304
0.0584387
0.0550545
0.0439907
0.0466785
0.0389243
0.0490792
0.0469129
0.0598729
0.0467457
0.052564
0.0484294
0.0586333
0.0461566
0.0576304
0.0449994
0.0458767
0.0575938
0.0590734
0.0527711
0.0426208
0.0532473
0.055067
0.0549196
0.0658946
0.0403825
0.04767
0.0472145
0.0552688
0.0375782
0.045185
0.0562404
0.0481212
0.0435923
0.0434199
0.0537492
0.0508374
0.0364094
0.0473793
0.0670659
0.0504964
0.0427492
0.0518002
0.0508583
0.0511512
0.0448647
0.0437429
0.035962
0.0333468
0.0463399
0.0429821
0.0508116
0.0555748
0.0395938
777777