2.19211
999999
-0.108938
0.0596283
-0.123591
0.315174
0.0680645
-0.106939
-0.226493
0.16754
0.255922
-0.125435
0.0238894
0.178701
0.00429873
-0.149268
-0.107416
-0.0467773
0.0901241
0.0665121
0.078156
-0.155864
-0.147855
0.140018
0.110522
0.103737
-0.0975105
0.00311214
0.0505587
0.303108
0.104776
-0.108081
-0.0349736
-0.0181593
0.0890263
-0.00359697
-0.255281
0.170036
0.152716
0.0472975
-0.0713438
-0.0274066
-0.0637663
0.0134191
0.0114664
0.105713
-0.0349504
0.117404
0.189591
0.00597482
-0.0363777
-0.133088
0.190436
-0.0459527
-0.145395
-0.160911
0.2157
0.0984678
-0.0466324
0.046827
-0.282095
-0.184646
-0.329849
-0.00421464
0.0647883
0.0114057
-0.136468
-0.157326
-0.14015
0.168093
0.0377082
0.174039
-0.16432
-0.130502
0.324082
-0.272261
-0.232777
-0.144064
0.243882
-0.117823
-0.0793678
-0.209706
-0.0707336
0.0461519
-0.302728
-0.105149
-0.18274
0.0301018
-0.0841433
-0.0110038
-0.00872563
0.156523
0.0822283
0.148444
0.0809995
0.0830189
0.27703
-0.048323
0.156695
-0.025909
0.0146667
-0.0573791
0.0612544
-0.180612
0.108093
0.0509184
-0.0925118
-0.27116
-0.0444682
0.0810639
-0.0856381
0.0535419
0.0340124
-0.260386
0.0797696
0.0220773
0.0212148
-0.0219328
0.0640085
0.102242
-0.0982434
-0.04225
-0.0193915
0.0236915
-0.0975992
0.275364
-0.0393694
0.126733
0.0270208
-0.142639
0.105729
-0.0516836
-0.198803
-0.046405
-0.191609
-0.112661
-0.0266631
-0.0976957
0.0406092
-0.0271614
0.00348133
-0.1975
0.186872
-0.319414
0.084991
-0.132399
-0.192294
-0.13725
0.0136255
0.254447
0.10601
-0.0616263
0.00264018
0.0305205
-0.0332416
0.307842
-0.186058
0.0652067
0.112425
0.0818023
-0.224216
0.135494
-0.13621
-0.217969
-0.11928
0.0223574
-0.220347
0.251492
-0.305992
0.0430775
-0.0638855
-0.0202692
-0.0520998
0.157685
-0.113342
0.211205
0.165132
-0.0526983
-0.270102
0.144393
-0.0515272
-0.228433
-0.14388
0.261496
0.095147
0.208952
0.0703003
-0.0568778
0.0323132
-0.0974303
0.105995
0.301259
-0.128907
-0.117747
-0.0688925
-0.10163
-0.00959998
-0.124053
0.161561
-0.0321297
0.0447641
-0.113035
0.238662
-0.0832777
-0.136391
0.0305174
0.128939
0.0582136
0.111772
0.285715
0.216415
0.113381
0.275299
-0.110018
0.190609
0.16088
0.0780237
0.124361
0.0425394
-0.000836319
0.101445
-0.082231
-0.227882
-0.0400864
-0.145475
0.202061
0.0404328
-0.153495
-0.170807
0.0527666
-0.0590479
0.0989886
0.169472
0.0832683
0.143549
0.0137265
0.0263512
0.0972943
-0.102019
-0.0788716
-0.0184177
-0.312673
-0.410443
-0.0212683
0.11704
-0.216753
-0.217281
-0.186959
0.218474
0.248149
-0.144638
-0.229488
-0.0868037
0.107529
-0.0702641
0.0861468
0.231489
0.0698383
0.0553053
-0.204868
-0.0368805
-0.0733922
-0.00110924
0.0380657
0.0362853
0.00489482
-0.0693365
-0.130815
-0.285312
0.0712702
-0.0142311
0.254258
-0.193862
-0.184008
0.0210841
-0.224547
0.275316
0.0418192
0.0163513
-0.0152146
0.0055262
-0.11075
-0.258372
-0.115441
0.232697
0.101149
-0.0846174
-0.0454756
0.0527504
-0.3986
0.172845
-0.0486067
0.104201
-0.164753
-0.0969471
0.0800293
0.132928
0.239488
-0.0745238
0.116656
-0.155569
0.112972
0.00612802
-0.0551415
-0.200094
-0.121825
-0.295568
0.209478
-0.041277
0.0357391
-0.0498996
-0.0849098
0.0523238
0.204493
-0.0839957
0.0883951
0.158477
-0.0392085
-0.236324
-0.103077
0.00568561
-0.303404
-0.0114658
0.0652547
0.0917276
0.0588901
0.0480936
0.218011
0.255497
0.220445
-0.00708599
0.270736
-0.100384
0.132377
0.129986
0.0509799
-0.143535
0.0610056
0.040452
0.0954363
0.226587
-0.0740709
-0.103037
0.182992
-0.0113067
-0.0789452
-0.121358
-0.0897238
-0.0121115
0.05384
-0.210552
0.0978022
0.0282579
0.103297
-0.244738
0.0639981
-0.0142848
0.121352
0.118959
0.0767218
0.192665
0.247291
-0.00308131
0.0105262
0.170959
0.164198
-0.00721599
0.0205819
0.0676718
0.117416
-0.21568
-0.0394304
0.0792651
-0.203603
0.0505054
-0.308371
0.108064
0.156635
-0.157778
-0.186829
0.0396002
-0.19833
0.0150425
0.123811
0.185729
-0.00548289
0.438373
-0.21942
-0.00678887
0.0461523
-0.107784
0.192924
0.202268
-0.115055
-0.0347615
0.0784533
0.0973246
-0.0699358
-0.0286638
0.116378
0.0327662
0.0809602
0.176318
0.0219633
-0.071284
0.183507
0.216114
-0.187731
-0.0996603
-0.277027
0.185342
-0.235281
0.21617
-0.19018
-0.14431
-0.118699
0.202638
-0.0459773
-0.0632329
-0.103104
-0.202717
0.0505033
-0.182027
-0.185408
-0.0625117
-0.0582871
0.202363
0.177918
0.0293392
-0.0715223
0.221305
-0.224984
0.182435
-0.0552214
-0.210148
0.139688
-0.182073
0.15021
0.0150424
0.293066
-0.283781
0.153689
0.282504
-0.0819642
0.067478
0.214451
-0.0957759
0.148822
-0.2652
-0.00955344
-0.0933678
0.0309845
-0.00594038
-0.0551861
-0.121202
0.0462723
0.035665
-0.0375657
0.0906867
0.187745
0.151074
-0.368823
0.0843874
-0.0307055
0.11816
-0.0890632
-0.136958
-0.0379567
0.00622552
-0.118325
-0.14957
-0.0844062
-0.136026
-0.0554679
-0.0728078
-0.112415
0.107149
-0.101001
-0.205969
-0.0841995
0.219921
0.135248
0.288314
-0.0691744
0.201732
-0.0349405
0.0876043
-0.104237
-0.207518
-0.039247
-0.091808
0.151288
-0.0195501
0.238538
-0.0354624
0.177648
0.136362
-0.215787
0.00960939
0.215027
0.15924
0.0229593
0.0081187
-0.176781
-0.133207
0.105919
0.00792985
0.15096
-0.158149
0.0196152
-0.186355
-0.105399
0.257106
0.16171
0.0801639
-0.0809435
0.0709114
0.0319694
0.126333
0.091234
0.00358249
0.123013
-0.28243
-0.223535
0.165593
-0.278617
0.185875
-0.045881
-0.125362
0.0365902
0.0818134
-0.225366
0.079906
-0.0062764
0.0279908
-0.00539589
0.280168
0.184883
0.0150166
0.0811225
0.03699
-0.0772886
-0.303843
-0.283143
0.0398073
0.155687
-0.135852
0.117043
-0.241684
-0.322727
-0.0556946
0.0474711
0.0161783
-0.274314
0.0559717
0.313825
-0.0859967
0.0185785
-0.0776544
0.042449
0.0331984
0.169049
0.161809
0.111071
-0.0356827
0.146037
-0.155138
0.067599
0.133821
0.000352881
0.190455
0.154583
-0.168867
0.108147
0.0147983
0.0943476
0.031512
-0.209982
-0.064304
-0.0304844
-0.144368
0.146932
-0.013229
0.126325
0.159771
0.0995946
0.09943
-0.0347195
-0.093135
0.075102
0.0574704
0.151066
0.0613719
-0.0385938
0.247739
-0.246834
0.0386796
0.251159
-0.0585587
0.347796
0.0849849
-0.225258
-0.217856
-0.110487
-0.0630838
0.0965671
-0.143745
-0.0477894
0.0827943
-0.067441
0.221378
0.153497
-0.0864394
0.0560534
0.181179
0.159422
0.049579
-0.0408055
-0.227887
0.0315343
0.0276547
0.0132649
-0.127311
0.117275
-0.168052
-0.230724
0.234636
0.204668
-0.0184486
0.113144
0.121431
-0.156115
-0.178594
-0.239089
-0.215754
0.012063
0.179345
-0.154869
0.058149
0.177922
-0.0638996
-0.032849
0.0825435
0.193398
0.328708
0.238999
0.054941
0.155316
0.231522
0.140351
-0.142766
0.231853
-0.0717189
-0.133506
-0.0174541
-0.104518
-0.0382427
-0.0760853
-0.0395264
-0.111676
0.201616
-0.251646
0.159406
0.129013
0.0753098
-0.241838
0.0315791
0.237483
0.208957
-0.0603901
-0.213477
0.0559543
0.111452
-0.180498
0.0901132
-0.113265
-0.197334
-0.0571555
0.0110155
-0.0528394
0.0787568
0.0366175
0.217155
-0.289716
-0.201301
0.175714
0.177279
0.0302347
0.0796591
0.262227
0.141742
-0.138978
0.256016
-0.0631718
0.177164
-0.0240423
0.0771042
-0.0567522
0.00355078
-0.146174
-0.083512
-0.0360665
-0.152062
0.114301
0.0106839
-0.019387
-0.0115552
0.0952225
-0.102735
-0.199715
-0.152817
-0.280961
0.0942168
-0.115391
0.174243
-0.0846856
0.105868
0.130285
0.217409
-0.0410829
0.139525
-0.130183
0.0822445
-0.00917831
-0.176186
0.0712989
0.0973471
-0.0371788
-0.0896711
0.00685489
0.15909
-0.140017
-0.083503
-0.170276
-0.0382723
-0.0899723
-0.206679
0.130462
0.15502
-0.120836
0.177966
-0.0705539
-0.0733868
0.208345
-0.0456206
-0.197862
-0.0537513
-0.0825981
0.167039
0.0250987
0.0822919
-0.170183
-0.0614165
-0.165785
0.0370233
0.110517
-0.223303
-0.281998
0.139497
0.0429611
0.111904
0.0996022
0.196814
-0.0829282
0.21816
0.149658
-0.0718075
-0.19634
0.153085
-0.246056
-0.00146846
0.100022
-0.0053151
-0.142662
0.100958
-0.0225566
0.045145
0.10663
0.102742
0.264731
0.139143
-0.0598586
-0.199512
-0.0336007
-0.171435
0.00366708
-0.118259
0.146892
0.0954035
-0.148031
-0.149024
0.167217
-0.133697
0.00657801
0.0090169
0.084789
-0.0969669
0.0852345
0.232699
-0.0231213
0.183906
0.0844121
0.148503
0.206445
0.157247
-0.115433
0.226075
-0.0628459
0.136568
0.180206
-0.193587
-0.0629712
-0.0394755
0.0272335
0.147759
0.0872377
-0.0376296
-0.0155751
0.0220309
0.043192
-0.0738071
-0.146074
0.00142557
0.258533
-0.0947939
-0.275405
0.0786931
-0.0934536
0.146803
-0.210454
0.0128324
-0.304117
-0.23997
0.12096
0.148784
-0.10927
-0.0358277
-0.178666
0.149693
-0.154899
-0.10135
0.0346076
-0.0103393
0.0170487
-0.243493
-0.186242
-0.0109839
0.0499619
0.0557114
-0.0901536
0.230442
-0.04018
-0.00886481
-0.0543512
-0.15672
-0.127507
0.23394
-0.139686
0.185488
0.183914
0.163561
0.0565497
-0.105311
-0.026142
-0.162178
0.270465
0.163419
-0.278953
-0.166501
0.14259
-0.0466151
-0.15015
0.182292
-0.141448
-0.0876962
0.0750567
-0.0643322
0.191399
-0.0295043
-0.23514
0.025938
0.166445
-0.187412
-0.125107
0.293808
-0.260127
0.149694
0.0418085
0.0243066
0.0959644
0.0917012
-0.0913899
-0.155753
-0.354839
-0.0431662
0.0820142
0.114838
0.052452
0.0791359
-0.191785
-0.110892
0.170018
0.158217
-0.0761952
-0.180735
-0.0909093
0.00861284
-0.044066
-0.147191
0.13505
-0.189073
0.0304108
0.0896587
-0.196612
0.0118495
0.0405641
0.145365
-0.0203917
-0.0963064
0.0342839
0.108663
-0.0741829
-0.175839
-0.0100326
-0.0351044
0.251417
0.176902
0.0610285
0.121982
-0.0993925
-0.142583
-0.0620371
-0.101372
-0.163784
0.148237
-0.0543074
-0.150897
-0.215851
-0.00386136
-0.365916
-0.211842
0.0861891
0.0881181
0.0502658
-0.00127887
0.0115813
-0.0456274
0.0157178
-0.0989757
0.0442604
-0.104567
-0.0913277
-0.0819961
-0.263075
-0.174667
0.132728
0.387423
0.197622
0.154108
0.0579757
0.215274
0.0471509
-0.150078
0.224586
-0.165303
0.172784
0.00237862
0.06634
0.219163
0.19987
-0.0247246
-0.191143
0.174595
0.124832
0.0863487
0.23793
-0.143756
-0.00265734
-0.212321
0.0413238
0.00724676
0.161471
0.176773
-0.170535
0.00737832
-0.091177
-0.217643
-0.175275
0.0919545
0.108928
-0.136196
-0.0663178
-0.108147
-0.133945
-0.061815
0.0425611
0.0120091
0.143191
0.0120787
0.0112574
-0.0213161
0.157083
-0.0803953
0.00508584
0.249858
0.0313762
-0.0485286
-0.218218
-0.13315
0.214066
0.0225457
-0.101014
-0.020463
-0.0964532
0.0109052
-0.0252166
0.200246
0.192508
0.0926466
-0.14991
-0.0695735
-0.0315262
0.0203571
0.101279
0.197012
0.225867
0.0555603
-0.0878216
-0.0841445
-0.106539
0.0899058
-0.361349
0.205033
-0.120997
0.159638
-0.0529975
0.294649
0.0887476
-0.219472
-0.0158412
0.27616
0.243404
-0.0691022
-0.000252561
-0.0849985
0.00523031
-0.112076
0.171771
-0.0339073
-0.0471191
-0.200543
0.0783855
0.0053719
-0.216298
0.05322
0.210231
0.00936729
0.130494
0.0110348
0.191849
0.268729
-0.234983
0.103689
-0.0612493
-0.167543
0.172802
0.257691
0.171624
-0.225967
-0.00675591
0.145439
-0.140822
-0.049695
0.0741688
-0.0691281
0.089971
0.0743374
0.0199355
0.283368
-0.143219
0.222709
0.227647
0.168077
0.0811768
0.146021
0.186668
0.339131
-0.0300033
0.038768
-0.0210521
-0.24543
-0.0837699
-0.0989745
0.293431
-0.061214
-0.062614
0.21158
0.224933
-0.0464091
-0.162899
-0.103694
-0.0441296
0.0128641
0.00923393
-0.266231
0.182671
-0.152479
0.0277505
0.169813
0.0824423
-0.169481
0.00177735
-0.0514617
0.136792
0.0622202
0.175938
0.260924
0.139468
-0.030286
0.043952
0.211276
-0.0860785
-0.00808515
0.161764
-0.0663403
-0.192335
-0.163551
0.00856263
0.121879
0.235363
0.0579402
0.0719903
-0.197611
0.079779
0.0804728
-0.220874
0.18345
-0.0319762
0.103242
-0.105711
0.119783
-0.0242149
0.185456
-0.270312
-0.162648
-0.187807
-0.156707
-0.186294
0.111305
-0.021901
-0.188432
-0.16912
0.0609683
-0.129526
-0.301822
-0.157779
-0.223169
-0.0755548
-0.270248
-0.153364
-0.206383
0.0817854
0.13548
-0.0834101
-0.190844
-0.199079
0.134112
0.356859
-0.0753154
-0.196896
0.19238
-0.0262022
0.210641
0.134662
0.0593079
-0.145826
-0.249098
0.0411906
-0.100245
-0.0335817
0.206909
0.206646
-0.181596
-0.214824
-0.160166
-0.031244
0.101982
0.0843052
0.0436384
0.0698673
0.0296872
-0.415443
-0.189782
0.112151
0.156558
-0.118271
-0.156663
0.0513561
-0.156961
-0.107824
0.155859
-0.167475
-0.166393
-0.24337
0.17889
-0.155194
-0.0979559
0.192811
0.0636664
-0.0290585
-0.185915
-0.110281
0.0309536
-0.094962
0.101852
0.053815
-0.0418178
0.015478
0.230222
-0.0545619
0.0575926
0.21347
-0.0133286
-0.090334
-0.141281
-0.0306616
0.302016
-0.108945
0.138115
0.054626
0.271743
0.159345
0.108751
-0.110272
-0.0785665
-0.141008
-0.238949
-0.240626
0.117792
0.130902
-0.000431886
0.0442202
0.125484
-0.151666
-0.0225565
0.26856
-0.08992
-0.0953954
-0.21614
-0.139936
0.322293
0.157119
0.134602
-0.0128004
0.033106
0.0952737
0.0365104
-0.238674
-0.0351195
-0.243508
0.121344
-0.0788516
-0.219166
0.132739
-0.0697054
-0.0988773
0.0339377
0.02694
-0.0347934
-0.122969
0.0738048
0.126714
-0.00798157
-0.0764677
-0.0592715
-0.180343
0.158518
0.0836361
0.0009477
0.0691264
0.0870173
-0.249915
0.296772
0.0183249
-0.131979
-0.117247
-0.108336
0.0629794
-0.144247
-0.108465
-0.134736
0.117624
0.0949403
0.00785198
0.0958055
-0.142675
-0.125576
0.173466
0.00550658
-0.0826751
-0.0376239
-0.105287
-0.0145291
0.112949
-0.0745487
0.00452043
-0.275194
0.162304
-0.0574602
0.282726
-0.259814
0.129907
-0.202236
0.0417535
0.292022
0.0977745
0.0668163
0.101149
0.0256102
-0.095386
0.0333921
-0.0133031
0.0644928
0.236072
0.164044
0.0129841
-0.227084
0.0742003
0.268676
-0.15269
-0.144551
0.146318
0.00628017
-0.111252
-0.00715664
-0.0928966
-0.0408424
-0.152624
-0.127433
-0.00161835
-0.116409
0.00204278
-0.153498
-0.00740239
0.0306974
0.0704482
0.164898
-0.0794676
-0.0886787
0.143807
-0.137653
0.0262946
-0.319763
0.221538
0.114642
0.0982883
0.00996662
0.194254
0.20943
-0.0327084
0.0260593
0.273497
0.118388
-0.237345
-0.0795139
-0.0513529
-0.0931859
-0.125088
0.0508317
-0.132384
-0.0520085
-0.0967575
0.211921
0.0939231
-0.153514
0.24889
0.163598
-0.11593
0.00577215
0.103888
-0.198454
-0.000177966
-0.130746
0.19221
0.183501
0.309937
0.0748661
0.0518371
0.167192
-0.00856716
0.0450289
0.14736
0.0906506
0.134463
-0.215746
-0.142593
-0.0987911
0.047585
0.0787561
0.0360482
0.188672
0.135373
0.25837
-0.192429
-0.215742
0.149848
0.182373
-0.0860154
0.134277
0.265067
-0.102417
0.199496
0.106117
-0.0433998
-0.02738
-0.271052
-0.0301176
0.231187
0.206764
0.0593292
0.175231
0.242041
-0.0635595
0.101943
0.168062
-0.0572621
0.170207
-0.0901244
0.0755045
0.116237
-0.149679
0.0584186
-0.092028
0.302532
-0.016271
-0.205487
0.0819556
-0.0826407
0.0886575
-0.0368558
0.0628467
0.00372901
-0.203008
0.16991
0.164305
-0.118278
-0.00585833
0.0179886
-0.0568968
-0.000685081
0.170143
-0.274266
0.0333121
0.0281591
-0.0288515
-0.239188
0.213439
-0.0683899
0.0453378
0.0647906
-0.14469
0.119128
-0.0345259
0.00669061
0.212277
-0.076087
-0.0744889
-0.0843101
0.0770843
0.176154
-0.214159
0.232205
0.186647
-0.174716
0.105239
0.0872868
0.107439
-0.0146259
-0.0125931
0.172984
0.147782
0.0703312
0.0393218
0.0709986
-0.00231232
0.144957
0.00617616
-0.0595958
-0.160291
0.0156284
0.116191
0.232237
0.192565
-0.0217213
0.205047
0.134926
0.115124
-0.243182
0.182813
0.108335
-0.12122
0.00249329
0.316507
0.0836589
0.102627
-0.177303
-0.208307
-0.152781
-0.237853
-0.148482
-0.175317
0.0707615
-0.317195
0.0416911
0.189388
0.106173
-0.0432455
0.340322
0.181129
0.258672
0.152165
0.296282
0.181132
0.0346916
-0.205916
-0.00309365
-0.117326
0.243974
0.244006
-0.151817
0.0338187
0.187073
-0.0468262
0.153078
-0.310833
-0.226764
0.0589743
-0.11377
-0.287071
-0.0518091
0.0453135
0.132672
0.162615
0.0627956
-0.150194
-0.0643606
-0.0304753
0.0340155
-0.123804
0.0557643
0.0449125
-0.0241571
-0.0475631
-0.102275
-0.165623
-0.130051
-0.0296131
0.181177
-0.242955
0.0395283
0.0300417
0.177636
-0.084624
-0.292673
0.00536549
0.0424826
-0.113758
-0.251761
0.0757436
-0.144473
-0.00128489
-0.120999
0.149599
0.216854
0.209596
-0.31421
-0.210758
0.104227
-0.152792
-0.156295
-0.0467432
-0.133294
-0.111883
0.00215203
0.228023
0.0837099
0.0589631
-0.189674
0.0430167
0.16646
0.0242828
-0.0368636
0.159931
-0.0327566
-0.0984902
-0.262206
-0.1392
-0.0437603
-0.203428
0.109101
-0.119693
0.0587229
0.279323
-0.0194931
0.133917
-0.123021
-0.0944002
-0.0777631
-0.107655
0.0297017
-0.219495
0.105645
0.187315
0.142019
-0.139618
-0.272188
-0.298189
-0.00960031
0.0680438
-0.184259
-0.010589
0.155358
-0.186358
0.100503
0.121233
0.176818
-0.0770919
-0.0673744
0.206807
0.0687124
0.0139299
0.0757904
0.149448
0.0525703
-0.193449
-0.0959576
0.010062
0.314762
-0.125588
-0.198554
0.206707
0.131077
0.049896
0.0892825
-0.224632
0.0802357
0.0751484
-0.235358
-0.204764
-0.10415
0.254665
0.000295295
0.107565
-0.0551351
-0.0666813
0.10043
-0.0660892
-0.138532
-0.077633
-0.086916
-0.251342
0.242143
0.193601
-0.146605
-0.119476
-0.198807
-0.366501
0.122232
0.0436264
0.232425
0.338593
0.0503053
0.077796
-0.115054
0.261646
0.111531
-0.154898
-0.0149563
-0.304782
-0.183634
-0.00751714
-0.180461
0.0893785
0.136557
-0.0821018
-0.145807
-0.0346603
-0.0264549
0.00888034
0.00700511
0.189148
-0.151159
888888
0.0431764
0.0389403
0.0345623
0.0579175
0.052527
0.0410335
0.049044
0.0379059
0.0680956
0.0582655
0.0477645
0.0551708
0.0538106
0.0572297
0.0411213
0.0429125
0.0471737
0.0512164
0.0551706
0.0527278
0.0571027
0.0435842
0.0807252
0.0571811
0.0522491
0.0612307
0.0390584
0.0588088
0.0512354
0.0483637
0.0510428
0.059325
0.0512804
0.0565064
0.0518283
0.052681
0.0456045
0.0449411
0.0543836
0.0611848
0.0473165
0.0467652
0.0431728
0.0320815
0.0656886
0.045327
0.0554741
0.0393766
0.045484
0.0463674
0.050977
0.0425127
0.042726
0.0546539
0.03922
0.0518934
0.0275628
0.0537814
0.0412567
0.0582364
0.0418133
0.0355463
0.0537573
0.0433679
0.0536848
0.0423857
0.0415277
0.0512503
0.0461292
0.0471339
0.0705109
0.0492277
0.0546681
0.0652626
0.0463374
0.0474683
0.0376777
0.0496341
0.0599437
0.0457928
0.0662389
0.0500972
0.0647131
0.041513
0.0381385
0.046871
0.0456911
0.0498647
0.0384457
0.0554752
0.0547998
0.0510169
0.0464576
0.0526504
0.0489954
0.0440126
0.0405232
0.0585132
0.055109
0.0421674
0.0489848
0.0459611
0.0448007
0.0565547
0.0487113
0.0462668
0.0408336
0.0467254
0.0443918
0.0603917
0.0424113
0.0508546
0.0541
0.041482
0.0622429
0.034661
0.0402503
0.0464119
0.0359359
0.0486449
0.0398651
0.054604
0.0475143
0.0509121
0.049239
0.0465535
0.0516374
0.0536933
0.044633
0.0747485
0.0497074
0.0524944
0.0567892
0.0492224
0.0616681
0.0429968
0.0429022
0.053479
0.0558722
0.0421564
0.0521698
0.0399639
0.0616881
0.0493968
0.0433071
0.0578489
0.0759325
0.0454799
0.0689022
0.0436489
0.0371298
0.0587753
0.0492787
0.0436104
0.0517974
0.0440945
0.0526008
0.0409509
0.0540619
0.0490879
0.0569247
0.044088
0.0419676
0.0394352
0.0555504
0.0607063
0.0681775
0.0415055
0.0501313
0.0500042
0.043091
0.0576281
0.0386838
0.0501257
0.0538979
0.0585093
0.033396
0.0747296
0.0659602
0.0512316
0.0358877
0.0516327
0.0435948
0.0431356
0.0643748
0.0421024
0.0446967
0.0552604
0.0410178
0.0546367
0.0474965
0.056264
0.05973
0.0531001
0.0560975
0.0386587
0.047856
0.0332331
0.0420127
0.0381321
0.0406794
0.0531491
0.039506
0.0632633
0.0431804
0.0556393
0.0448075
0.0566883
0.0586227
0.047775
0.0438126
0.0650985
0.0479052
0.0474916
0.0546237
0.0594203
0.0541815
0.0464121
0.0476854
0.0673593
0.0487559
0.064858
0.0494132
0.0633803
0.0485005
0.0552538
0.0407467
0.0518324
0.0526456
0.0483383
0.0436539
0.0481449
0.0475034
0.0364867
0.0700045
0.0611366
0.0561674
0.0392077
0.0663914
0.0536341
0.0555654
0.0468218
0.0377789
0.0539743
0.0552455
0.0540202
0.0464667
0.0513656
0.0523764
0.0473884
0.0464605
0.0525793
0.0576081
0.0603684
0.0415207
0.0684636
0.041935
0.0393819
0.045291
0.0648272
0.0387681
0.0424052
0.0466007
0.0388836
0.0459087
0.056694
0.0514306
0.0403921
0.0595593
0.0391302
0.0643582
0.0415541
0.0429441
0.0377134
0.0347862
0.0463382
0.0368508
0.0482329
0.0444382
0.0547835
0.0446413
0.0482434
0.0458461
0.0588262
0.0500617
0.0419746
0.0431534
0.0518463
0.046923
0.0627945
0.0578778
0.0386793
0.0353209
0.058275
0.0518911
0.0470378
0.0530895
0.0504985
0.0470639
0.0498021
0.0509898
0.0346861
0.0423465
0.0680488
0.0742294
0.0463729
0.0492561
0.0483925
0.0466786
0.0701405
0.0430699
0.053618
0.0568762
0.055813
0.0450729
0.0552854
0.056087
0.0447466
0.0382814
0.0443499
0.0501073
0.0523316
0.074907
0.044184
0.0542737
0.0436296
0.0465402
0.0476518
0.0414518
0.055153
0.0524639
0.0453367
0.0551125
0.0507528
0.0402139
0.0471878
0.0459548
0.0614458
0.0591928
0.0504272
0.0608122
0.049259
0.0754404
0.0581634
0.039994
0.0492875
0.0530824
0.0383435
0.047628
0.055245
0.0635939
0.0484861
0.0451612
0.0567271
0.0532099
0.0562139
0.0542319
0.0441564
0.0737267
0.050165
0.0533165
0.0519477
0.0468541
0.0555223
0.0482925
0.0497445
0.0485484
0.0398342
0.0602037
0.0464742
0.0542596
0.0555601
0.0556399
0.0413811
0.0511928
0.0500334
0.0470172
0.0451635
0.0518826
0.0580292
0.0737122
0.0401388
0.043291
0.0403453
0.0494061
0.0554993
0.0490192
0.0605787
0.0416132
0.0465273
0.0534682
0.0431607
0.0506912
0.0552332
0.0498522
0.0373284
0.0536143
0.0411818
0.0489788
0.0657346
0.0556624
0.0366853
0.0514182
0.0489268
0.0425186
0.0527381
0.0532408
0.0430083
0.0670373
0.0599985
0.0543704
0.0575845
0.053287
0.032736
0.0396178
0.0308218
0.0348529
0.045562
0.0687984
0.0506832
0.0490609
0.0624734
0.076332
0.0474287
0.0478207
0.0568622
0.0454024
0.0471767
0.0504598
0.0473094
0.0394651
0.061323
0.0430701
0.0493687
0.050592
0.0314657
0.03661
0.0444442
0.0786137
0.0460098
0.0504309
0.0408778
0.0542319
0.0396556
0.0619414
0.0404532
0.067676
0.0462311
0.0420988
0.0446089
0.0602593
0.0482576
0.0553947
0.0481958
0.0471591
0.0583589
0.0453563
0.047867
0.0606715
0.0505839
0.046583
0.0536325
0.0622678
0.0394621
0.0572769
0.0410489
0.0437357
0.0426903
0.0494799
0.0468157
0.0459884
0.0506923
0.0575577
0.0543532
0.0500171
0.052374
0.0568676
0.04246
0.041126
0.0433894
0.0518018
0.0405452
0.0474087
0.0339041
0.0480894
0.0599587
0.0456588
0.0408171
0.0599037
0.0362148
0.0492792
0.0438403
0.0302759
0.0504542
0.0373154
0.0679645
0.0326891
0.0408306
0.0444294
0.0572498
0.0449488
0.0362719
0.0472781
0.0448236
0.0486412
0.0421285
0.0541302
0.060279
0.0545302
0.0520433
0.0421594
0.0358368
0.0347558
0.0367341
0.05053
0.0435987
0.0699652
0.0666061
0.0507507
0.0351906
0.064652
0.0607368
0.0433336
0.0584095
0.0461679
0.0632892
0.0498294
0.0536375
0.0588186
0.0452383
0.0402985
0.0545744
0.0636202
0.0480266
0.0643107
0.0513636
0.0390909
0.0680614
0.0387463
0.0518061
0.0498299
0.0474142
0.0438939
0.0456443
0.0490986
0.0540178
0.0403077
0.0477164
0.0721575
0.0495922
0.0712773
0.0579322
0.0592008
0.0518116
0.0440995
0.0499511
0.0417721
0.0618393
0.0494719
0.0573274
0.0441352
0.0533515
0.0535024
0.0391978
0.0520224
0.0380168
0.0540079
0.0482303
0.0366342
0.0480462
0.0491471
0.0604483
0.0689252
0.0288676
0.0649192
0.0641355
0.0519827
0.0549443
0.04903
0.0616966
0.0605495
0.0550471
0.0588186
0.0458755
0.0531218
0.0348212
0.0542953
0.0539661
0.0459136
0.0415138
0.0465416
0.0610018
0.0420683
0.0699768
0.0557543
0.0537899
0.0546789
0.0546081
0.0443178
0.0405285
0.0504229
0.0599279
0.0450765
0.0346516
0.0456431
0.0384324
0.0352644
0.0514466
0.0554682
0.0499935
0.0564087
0.044109
0.0545812
0.0477389
0.0713522
0.0509522
0.045129
0.052265
0.0450711
0.0444101
0.0436144
0.041181
0.0417052
0.0449047
0.0461113
0.0386582
0.0418979
0.0483457
0.0423248
0.0463902
0.0363815
0.0396764
0.0540069
0.0544508
0.0640661
0.0571532
0.0343653
0.0387708
0.0533499
0.060972
0.048412
0.0593341
0.0578698
0.0534791
0.0497711
0.0370947
0.0490629
0.0482724
0.044068
0.0533108
0.0573985
0.0420282
0.0470526
0.0461542
0.0500275
0.0388171
0.0480758
0.0426016
0.0719135
0.0585056
0.0487293
0.0558685
0.0487878
0.0463815
0.0545278
0.0491995
0.055305
0.0485715
0.0544419
0.0584438
0.0719601
0.0532421
0.0693955
0.0481728
0.0478292
0.0603603
0.0532471
0.0676506
0.0415305
0.0571718
0.0693503
0.0432351
0.0558911
0.0654379
0.0550568
0.0622961
0.0530527
0.0541588
0.0423183
0.0556571
0.0386194
0.0489533
0.0417396
0.0513617
0.0427488
0.0456202
0.063531
0.076491
0.0471223
0.0428402
0.0741469
0.0376797
0.0510709
0.052719
0.0625526
0.04979
0.0467433
0.0619584
0.0551341
0.0349882
0.052048
0.0542306
0.0479532
0.0478232
0.0462443
0.0403788
0.0492896
0.0487545
0.0506979
0.0707455
0.0506686
0.0481189
0.0513099
0.042832
0.0543896
0.0514433
0.0704072
0.0433829
0.0615745
0.0575644
0.0558971
0.0559526
0.0546204
0.0657231
0.0607966
0.0507106
0.0375627
0.055152
0.0541843
0.0420788
0.0451231
0.0349425
0.0659628
0.0403598
0.0490831
0.0571094
0.0528502
0.0528484
0.046186
0.0315664
0.0356101
0.0545186
0.0533486
0.053326
0.047725
0.0592803
0.0536919
0.0553653
0.0485631
0.0374627
0.048138
0.0586674
0.0371026
0.0579532
0.0484851
0.0573822
0.0414979
0.0430588
0.0456334
0.0534593
0.0463378
0.0545556
0.0372844
0.0404772
0.0654123
0.0498829
0.0574638
0.0685896
0.0511671
0.0510849
0.0446984
0.0303957
0.0506355
0.0398509
0.0486035
0.0323012
0.0521566
0.0534881
0.0537645
0.0416882
0.0775734
0.0624103
0.0541949
0.0569866
0.0545202
0.0638851
0.0539388
0.0467705
0.0387164
0.0463278
0.0427766
0.0346472
0.0360137
0.0460866
0.0478212
0.0548323
0.0374644
0.0378789
0.0415935
0.046722
0.0658085
0.0515585
0.0573892
0.0343552
0.0421881
0.0573227
0.0590236
0.0597808
0.0375768
0.0562618
0.0555722
0.0561571
0.0546843
0.0659469
0.0494089
0.0318651
0.0575785
0.0456057
0.0515109
0.0584216
0.0622729
0.0429103
0.033694
0.0417382
0.0459103
0.0590989
0.0505826
0.0374219
0.0482815
0.0598987
0.0555064
0.0373606
0.0564017
0.0545038
0.0422851
0.0587308
0.0420648
0.0437964
0.0502494
0.0560978
0.054614
0.0411185
0.0476927
0.0658038
0.0521876
0.050431
0.041988
0.0791327
0.0473311
0.0562954
0.0668221
0.0339974
0.0554281
0.0507127
0.0699457
0.0524984
0.0383866
0.0341803
0.0357819
0.0528734
0.0539915
0.0442302
0.0467843
0.0474262
0.0479545
0.0351847
0.0502518
0.0594705
0.0497546
0.0452078
0.047954
0.0423151
0.0430043
0.0441781
0.0693517
0.0475502
0.061614
0.0675312
0.0448594
0.0582476
0.0679842
0.0695861
0.058131
0.0792101
0.059741
0.0435673
0.0586733
0.0423333
0.0561771
0.0579389
0.0415027
0.0438991
0.0432412
0.0452607
0.0680777
0.0460264
0.0578321
0.0478023
0.0526907
0.0495471
0.0386298
0.03453
0.045877
0.0440521
0.0608329
0.0477744
0.0609137
0.0398832
0.0441217
0.0433907
0.0432743
0.044163
0.0595393
0.0395279
0.0553389
0.0375723
0.0486759
0.0559059
0.0535216
0.0475092
0.0517494
0.0394196
0.0506718
0.0518842
0.0653354
0.0533361
0.0441555
0.047806
0.0476115
0.0522846
0.0530739
0.0374723
0.0402537
0.0553944
0.0562642
0.0287161
0.0482174
0.0406539
0.0501538
0.0377817
0.0459262
0.053027
0.0542536
0.0521741
0.0597705
0.0452142
0.0601949
0.0548169
0.0603332
0.0579361
0.0524627
0.0619721
0.0565131
0.0577185
0.0662808
0.0338276
0.0448918
0.0354955
0.0606936
0.0478714
0.0411426
0.0311304
0.0500946
0.0468884
0.0519976
0.0482453
0.0485623
0.0495133
0.0401029
0.0794307
0.0674154
0.0388486
0.0659207
0.0405295
0.0431475
0.0506975
0.0460425
0.0514269
0.0525456
0.0430702
0.0497116
0.0471771
0.0815796
0.0515662
0.0631696
0.0593909
0.057902
0.0310016
0.0608502
0.0493622
0.0379356
0.0475186
0.0429421
0.0457049
0.0451649
0.0615244
0.0608169
0.0568892
0.0525845
0.0525363
0.0429241
0.0560154
0.0463743
0.0471859
0.0518452
0.0467534
0.0438571
0.0552742
0.0638668
0.0474647
0.052793
0.0405301
0.053265
0.0386933
0.0468973
0.0812022
0.0582308
0.0356878
0.0562264
0.0432201
0.0603628
0.0474028
0.0544449
0.0445826
0.0508838
0.0456633
0.0488441
0.0586781
0.042591
0.0709338
0.0470421
0.0368095
0.0619615
0.0595307
0.0477613
0.0376768
0.0492949
0.0521496
0.0456508
0.0653153
0.048538
0.0509393
0.0518664
0.0528875
0.0595174
0.0732832
0.0782606
0.0488301
0.0610376
0.0555283
0.0440607
0.0547823
0.0465909
0.0468174
0.0519462
0.0523171
0.0458103
0.0509273
0.0426921
0.0625645
0.038512
0.0572447
0.0668029
0.054208
0.0409611
0.0719665
0.0509147
0.0376005
0.0495706
0.0572285
0.0571625
0.0521767
0.0478114
0.0553467
0.0468484
0.0841635
0.0546179
0.033708
0.0437671
0.0417009
0.0398134
0.0538949
0.0600123
0.0341555
0.0670164
0.0536843
0.0489734
0.0435756
0.0496362
0.0513428
0.0747836
0.0412693
0.0416782
0.0374709
0.0621955
0.0646418
0.0551594
0.0525781
0.0439629
0.0466095
0.055632
0.0588629
0.0562603
0.04903
0.0489184
0.0451921
0.0658191
0.044743
0.0320064
0.0610969
0.0483963
0.0446455
0.0487917
0.0534639
0.0724988
0.0463693
0.0505802
0.0727229
0.0390597
0.0588379
0.041527
0.0462638
0.0551322
0.0417986
0.045917
0.0499266
0.0491824
0.0448427
0.0387363
0.040455
0.0544735
0.0599174
0.0663135
0.0393313
0.0516893
0.0340267
0.0481858
0.0543723
0.039467
0.0448462
0.051467
0.041592
0.0478849
0.071337
0.0521051
0.0370552
0.0601344
0.051671
0.0503846
0.0573146
0.0575133
0.0461964
0.0398343
0.0509593
0.042838
0.0523006
0.044084
0.0616065
0.0578429
0.0492696
0.0545973
0.0588876
0.0492106
0.0498498
0.0463014
0.0424412
0.0476008
0.0432296
0.0526882
0.0558608
0.0562085
0.0617156
0.0606182
0.0347822
0.0621553
0.0544397
0.0427426
0.0318637
0.0349314
0.0494777
0.0554717
0.0358679
0.0521481
0.0450264
0.0626228
0.0544702
0.0582254
0.0368756
0.0443613
0.0510107
0.0346801
0.0464479
0.0513573
0.0448966
0.0537131
0.0490616
0.0463118
0.0464963
0.0413502
0.0519172
0.0506285
0.055474
0.0442109
0.0586992
0.0539419
0.058268
0.0455707
0.0614633
0.0613273
0.049227
0.056212
0.0549127
0.0543775
0.0469987
0.0517372
0.0586732
0.0595075
0.050562
0.0454958
0.0522473
0.0392196
0.0547743
0.0415387
0.0498855
0.0488788
0.0606863
0.0444534
0.0519093
0.0473593
0.0305107
0.0374849
0.0624084
0.0614083
0.0497325
0.0498471
0.0415855
0.0489686
0.0577187
0.0553913
0.051904
0.0538087
0.054718
0.049482
0.0361327
0.0528627
0.0331552
0.0514152
0.0520265
0.0490793
0.0679118
0.0565184
0.0379538
0.0543558
0.0618478
0.0429659
0.0385423
0.0589861
0.057021
0.0387597
0.044417
0.0522995
0.0580496
0.0499376
0.0526087
0.0396432
0.0473658
0.0421819
0.0803098
0.0526458
0.0532762
0.054874
0.050663
0.044976
0.0431719
0.0630356
0.071527
0.0554391
0.0564488
0.0515578
0.0490444
0.0524635
0.0602332
0.0495415
0.0525598
0.0608863
0.0510471
0.0408353
0.0561183
0.0496753
0.0506872
0.0479781
0.0741451
0.0516469
0.047057
0.054833
0.0504067
0.0483244
0.0821611
0.0463473
0.0378744
0.0459105
0.0331491
0.0547729
0.0665174
0.0480277
0.0524167
0.0526046
0.0538497
0.0366034
0.0643848
0.0472826
0.0401841
0.0538148
0.0597079
0.0684864
0.0520445
0.0687621
0.0490698
0.0316848
0.048537
0.0717592
0.0469843
0.0475555
0.0511198
0.0330268
0.0574254
0.0440936
0.0526422
0.0475439
0.0423893
0.0492611
0.047343
0.0529938
0.0813589
0.0576808
0.0486187
0.0475625
0.0288276
0.0675771
0.0667963
0.0490067
0.0569412
0.0513831
0.0452953
0.0475818
0.0437633
0.055439
0.0667598
0.0620483
0.068426
0.0384736
0.0496274
0.0630177
0.0615976
0.0534539
0.0563237
0.0526435
0.0514141
0.0449501
0.0455937
0.0555894
0.0633701
0.0405055
0.0451225
0.0494647
0.0394031
0.0624138
0.0500507
0.0703913
0.0514097
0.0532372
0.0605856
0.0478904
0.0480742
0.0453875
0.0380833
0.0488974
0.0599542
0.0351944
0.0382948
0.0472918
0.0420626
0.0497939
0.0455515
0.0337006
0.0562559
0.0501785
0.0560758
0.0512033
0.0524755
0.0687674
0.0554285
0.0410112
0.0535597
0.052336
0.0347154
0.0375064
0.0650716
0.0513544
0.0341622
0.0613355
0.0437315
0.0491609
0.0305688
0.048528
0.0399452
0.0447731
0.0550056
0.04842
0.0362767
0.0409927
0.0447116
0.0698649
0.0543016
0.0636772
0.0544529
0.0497798
0.0502797
0.0363595
0.0579982
0.0358884
0.0681203
0.0468191
0.0688106
0.033168
0.046357
0.0523766
0.0435645
0.0731516
0.0517344
0.0519158
0.0562712
0.0426587
0.0491622
0.0582285
0.0557852
0.0473712
0.03733
0.0343505
0.0711934
0.0531592
0.0637146
0.0413846
0.0637706
0.071055
0.0611671
0.0429458
0.0448977
0.0462224
0.0702221
0.0449886
0.0608923
0.0558313
0.0395749
0.0357018
0.0492536
0.064132
0.0462088
0.0646541
0.0471752
0.0377939
0.0361079
0.0538822
0.0570563
0.0450473
0.047338
0.0473061
0.0428282
0.0575278
0.0464664
0.042588
0.0405682
0.0536323
0.04014
0.060054
0.0542648
0.0553422
0.0669182
0.0462159
0.0404371
0.059822
0.0614232
0.0467911
0.0408299
0.0456271
0.0474567
0.0697532
0.0492781
0.0362259
0.0673547
0.052853
0.0583848
0.0457991
0.0529695
0.0570025
0.030707
0.0449873
0.0535596
0.0522165
0.0449436
0.0524864
0.0520528
0.0410774
0.0436462
0.0502647
0.0501866
0.0572494
0.0514361
0.0630389
0.0582222
0.0324343
0.0503068
0.0377383
0.0429889
0.0402528
0.0540998
0.0637966
0.0423678
0.0693157
0.0473383
0.0388025
0.0705707
0.0426411
0.0372155
0.0351688
0.036224
0.0493247
0.0347012
0.0628373
0.0677784
0.0809955
0.0477728
0.0367179
0.0422922
0.0350999
0.0534543
0.0473885
0.0519476
0.0477337
0.0443991
0.0325069
0.0386044
0.0659787
0.0556457
0.0414513
0.0483667
0.050734
0.0382377
0.0547686
0.0514614
0.0405433
0.0581804
0.0502973
0.0500762
0.0561539
0.0747074
0.0453454
0.0455566
0.0665368
0.0482337
0.0505935
0.0379405
0.0526629
0.0448466
0.0676019
0.0514894
0.0605831
0.0459378
0.0351975
0.0644991
0.0492918
0.0476474
0.0511044
0.0602769
0.0495269
0.0570562
0.0694777
0.0559419
0.0495144
0.0687208
0.0378183
0.0396954
0.0477815
0.0469132
0.0574494
0.0472698
0.0707693
0.0428866
0.0648334
0.033275
0.0620716
0.0362718
0.046477
0.0364591
0.0377151
0.0601864
0.0475452
0.0343097
0.060417
0.0517924
0.0393265
0.0461752
0.03768
0.0503915
0.0413533
0.0393235
0.0640072
0.0452049
0.0569089
0.0601749
0.0590172
0.0549834
0.0642247
0.0453934
0.0376645
0.0429897
0.0567627
0.0553612
0.0462482
0.0397716
0.0546919
0.0538915
0.0392153
0.0552
0.0538284
0.0623987
0.0550821
0.0675162
0.0540464
0.0436207
0.0442954
0.0389857
0.0445557
0.0465356
0.06273
0.0442793
0.0538567
0.0513599
0.0476658
0.0363435
0.0511816
0.041345
0.0420204
0.0596086
0.0654766
0.049591
0.0407912
0.0581009
0.041844
0.0631446
0.0601818
0.040026
0.0484739
0.0425303
0.062692
0.0406426
0.048264
0.0585131
0.0390424
0.0509398
0.0339257
0.0566764
0.0528157
0.0435957
0.0505525
0.052509
0.0630478
0.0408139
0.048083
0.052421
0.0561877
0.0436627
0.0443156
0.0362287
0.030508
0.0564221
0.0375591
0.0527328
0.0520695
0.0493775
777777