2.48686
999999
-0.056863
-0.14189
-0.237277
0.00246955
-0.103449
0.101373
0.0967751
0.109203
-0.2171
0.0887809
-0.0834544
-0.0657254
0.0772533
0.0463304
0.122682
0.082587
-0.1526
-0.0796929
-0.1238
0.151473
-0.132629
0.085991
0.0256167
-0.113501
0.289685
-0.0887285
0.185222
-0.0571363
-0.176139
0.00190008
0.194747
-0.0800525
0.147942
-0.134018
0.0145875
0.0481923
-0.200553
-0.0413015
0.114031
-0.187815
-0.124978
0.17507
0.0405074
0.198915
-0.175807
-0.0630703
-0.189742
-0.188791
0.0982878
-0.174491
-0.0456937
0.137149
0.201398
0.0424729
-0.147227
0.07704
0.163322
0.00945985
0.277991
-0.00437999
0.00192607
0.164697
-0.110212
0.0806348
-0.0722953
-0.110996
0.195383
-0.115127
-0.0315596
0.125889
0.0480663
0.253057
-0.0940999
-0.162438
0.00437994
-0.0995633
-0.0232715
0.0795327
0.123757
0.0659657
0.0964499
0.0911719
0.0150248
0.1637
-0.0988644
-0.200443
-0.0714233
-0.0709481
-0.0505799
0.0119865
-0.0990575
-0.249895
0.13409
0.303148
0.213329
0.243416
0.195399
0.0664843
0.0119342
-0.110033
-0.132959
-0.115083
-0.144264
0.134818
0.104866
-0.0292859
-0.0663438
-0.185015
-0.282893
-0.252636
-0.115779
0.127372
0.125974
-0.106295
0.167567
-0.154259
-0.094667
0.0660561
-0.264393
0.209444
-0.327399
-0.19213
-0.188896
-0.0122529
0.140416
-0.215146
0.00947848
0.0148601
-0.16423
-0.0358457
0.149906
0.210784
-0.0648547
0.10957
-0.0929375
0.0173292
-0.00755133
-0.0965322
0.0569482
-0.158223
-0.176416
0.102975
0.0639413
-0.222753
-0.107261
-0.0421914
0.115128
0.0356203
-0.0609296
0.193302
-0.0249041
-0.0356752
0.0422731
0.0594498
0.161929
0.210882
0.143173
-0.0196598
0.0532838
-0.112144
0.0351923
0.319479
0.0482795
-0.153808
-0.181385
-0.0809899
0.137918
-0.141859
-0.188985
0.034265
0.0354695
-0.161698
0.110624
0.114668
0.0863131
0.107433
-0.0835822
-0.154497
-0.0447426
0.0371329
0.0228879
-0.0163816
0.218891
0.0961505
-0.0157873
0.117685
0.0805684
0.0182255
0.136975
0.0647108
-0.153919
0.0489592
-0.085258
0.0596328
-0.190047
-0.182481
0.00639544
-0.158851
-0.173684
-0.0827833
0.13695
0.11788
-0.168243
0.142427
-0.0349648
-0.181544
0.169287
-0.13582
0.0254925
0.0532381
-0.0343877
-0.191462
0.0516528
-0.323675
-0.213679
-0.225261
-0.233826
0.154526
-0.103179
0.0351639
-0.171811
-0.0469645
-0.0467082
-0.200925
0.207186
0.0490482
0.139983
0.218015
-0.00580552
0.0728154
-0.0600406
-0.105065
0.102279
0.0315104
0.0666043
0.203021
-0.0970339
-0.0728499
0.0961027
-0.272904
-0.000156636
-0.0616033
0.0427127
-0.249453
0.246748
-0.280814
0.23079
-0.266157
-0.194986
-0.117144
0.199842
0.0200173
0.0198997
0.2222
0.242163
0.181267
0.204445
0.0668447
0.122214
-0.0764182
-0.150667
0.0399794
0.0324788
0.0654856
0.111257
-0.171822
-0.106888
0.0529689
0.0297028
-0.0346672
0.102611
-0.0172539
-0.203802
-0.00181165
0.066812
-0.156425
0.0300874
-0.16802
-0.0691319
-0.0934967
-0.0919676
-0.094735
0.1652
0.0188619
-0.134253
0.180877
0.0670142
0.12926
-0.0473963
0.181527
0.00876956
0.139981
-0.00874936
0.0427818
-0.026577
0.17748
-0.0618045
-0.127021
0.119656
0.105392
-0.118262
0.144303
-0.04763
0.118707
0.15642
-0.0518562
0.0791224
0.0695519
0.0604163
-0.126212
-0.17491
-0.235724
0.122035
-0.0269406
0.0997266
0.0127957
0.117668
0.0731194
0.233256
0.0673303
0.0960588
0.0105561
-0.0835368
0.125162
-0.273796
0.111869
0.00542407
-0.19752
-0.10103
-0.100206
0.0807998
0.0623859
-0.251694
-0.00905393
-0.0234333
0.0519499
-0.00436334
-0.160192
0.0425377
-0.080423
-0.121566
-0.088195
-0.207871
0.158076
0.00952706
-0.16143
0.129116
0.0612937
-0.227743
0.283011
-0.260019
-0.180276
0.16832
0.10654
-0.0577912
0.304113
0.105247
-0.00439527
-0.0458332
-0.199994
-0.0855
0.0951322
-0.050798
0.304804
-0.15832
0.101467
0.188646
-0.152628
-0.00987393
0.129556
-0.0197538
-0.0546516
-0.045452
0.202807
0.0333554
0.1186
0.158146
0.0445031
0.0491083
-0.0423115
0.102671
-0.11759
-0.158622
0.07213
0.128599
-0.209353
0.0182791
-0.0480369
-0.0338242
0.140577
-0.147644
0.0729711
0.206113
-0.118551
0.0016461
-0.0335375
0.0203376
-0.0843115
-0.00565493
-0.0764042
0.0933789
-0.00692663
0.0184278
0.144085
-0.174387
0.191996
-0.0751519
-0.0306613
-0.0914798
-0.0423772
-0.176824
0.120415
0.247372
-0.0333938
0.19343
-0.103479
0.093108
0.202242
-0.142428
-0.0361089
-0.177042
-0.122405
0.0418461
-0.0622077
-0.0810553
-0.128434
0.0809884
-0.00801834
0.269454
-0.0894894
-0.0287801
0.160507
-0.132156
0.158704
-0.212407
0.011244
-0.0323069
-0.156699
-0.107625
0.140766
-0.04193
0.194968
0.18645
0.0615439
-0.0159467
0.0546112
-0.101558
-0.0865736
0.0272576
0.205848
0.179244
-0.225646
0.0828166
0.121891
0.00412711
0.0944527
-0.180871
0.0436011
0.187399
-0.0822267
-0.0899473
-0.0933532
-0.266978
0.133082
0.0450388
0.112648
-0.0980118
0.116375
-0.0711708
0.00396765
-0.0329285
0.0851764
0.044977
-0.0898316
0.0614456
0.0959304
-0.0371203
-0.135332
0.0882293
-0.00269815
0.242474
0.281887
0.012674
0.201428
-0.270873
-0.14031
0.238049
0.00804211
-0.0600613
-0.204805
0.0960494
-0.0577446
-0.252002
-0.127877
0.0747549
-0.154173
0.107852
-0.0498837
0.0416325
-0.0540215
0.0848565
0.0308653
-0.127218
0.123293
0.14529
0.0927471
-0.167147
0.136069
0.0529812
-0.0499888
-0.0183075
0.0830039
0.0689978
0.275719
-0.14885
-0.0234641
-0.0838968
0.140943
0.302163
0.186527
-0.197174
0.136495
-0.0697904
0.117227
-0.0918863
-0.0580637
0.0141509
0.00575416
0.0780501
0.236356
-0.0524662
0.0072012
-0.161379
0.0219344
0.143601
-0.289656
-0.141351
0.16518
0.0525527
0.122924
0.228392
-0.00538937
-0.203112
-0.0539289
0.0371004
-0.0637496
-0.142795
0.281845
0.224997
-0.134475
0.131478
-0.0310736
-0.0691178
0.186158
-0.107272
0.21651
0.216978
0.0407461
0.189986
-0.206904
0.0264384
0.095076
-0.140116
0.0924175
0.188445
-0.190915
-0.153756
-0.0831995
-0.117037
-0.229233
-0.103189
0.127197
-0.0168124
-0.154112
0.240418
-0.077527
-0.173096
-0.192047
0.220799
0.00838178
-0.0421238
-0.0874952
0.121272
-0.00482264
0.0285466
0.00570217
-0.184255
-0.0749105
0.139938
-0.114054
-0.176361
-0.171946
0.0597218
0.105938
-0.0377352
-0.0990398
-0.189813
0.0613566
-0.045934
0.171463
-0.0237154
-0.0179245
0.139876
-0.0286302
0.226007
-0.209194
0.00788016
-0.0990184
0.194578
0.0407304
-0.0550091
-0.111313
-0.187241
-0.0827402
-0.2084
-0.0153299
-0.19413
0.185012
0.00908711
-0.0613547
-0.0838668
-0.206776
-0.00993908
-0.250204
0.133126
0.136331
-0.148386
0.0263157
-0.171302
0.00318908
0.00975269
0.0740334
-0.080516
-0.117053
0.145786
-0.104315
0.120217
-0.152917
0.045437
-0.141593
0.0501113
-0.061629
0.159202
0.161281
-0.144281
0.0807301
-0.0538259
0.0941948
0.0458495
-0.19345
-0.042339
0.121199
0.157473
-0.0413354
-0.0812642
-0.233211
-0.0551648
0.0326506
0.209918
0.167982
0.0671523
-0.255667
-0.12473
-0.218849
-0.0738848
0.0289203
0.11258
-0.14802
0.070059
-0.096761
0.0141878
0.0346353
-0.152968
0.0557386
-0.0360075
-0.16961
-0.0651154
0.100805
-0.0539212
0.0509144
-0.140782
0.0359209
-0.0147002
0.102134
-0.102986
0.0196679
-0.0784186
0.0803072
0.182541
0.147246
-0.114735
0.00608505
0.110112
0.0899926
0.201327
-0.15662
-0.233244
0.029062
0.138583
0.251192
0.0843963
0.0145599
0.105145
0.0211922
0.195689
0.153428
-0.376361
-0.0592316
-0.259005
-0.0218687
-0.0419431
0.0617067
0.143352
0.272235
-0.0489543
0.136829
-0.0129269
-0.0893731
0.0735343
0.0964813
0.0803143
0.0861841
0.0315902
-0.0520917
0.150333
-0.0635699
-0.0837857
0.107767
-0.0599798
0.130518
-0.23719
0.179855
0.0725013
0.153378
-0.101227
-0.0177145
-0.106406
-0.0786597
0.0842239
0.0602848
-0.173354
-0.132225
0.152735
-0.103652
-0.170373
0.179152
0.0981105
0.182691
0.102569
0.0216672
0.103683
0.00737224
-0.000265672
-0.135575
0.0290469
-0.0729558
-0.272663
0.128759
-0.117619
-0.0109864
0.162012
-0.195063
0.0933344
-0.0880209
0.134822
0.149774
0.0548181
0.000524085
0.160618
-0.129213
0.026833
-0.10289
-0.185188
-0.073694
0.0137788
0.119115
-0.0842149
0.121969
0.00832165
-0.217492
0.0473497
-0.151644
0.0221701
0.288234
0.00768341
-0.12384
0.308703
-0.00572941
-0.0900171
-0.0378481
0.0663572
-0.127649
0.204514
0.0492485
-0.0104966
-0.14029
-0.174217
-0.0310812
-0.0304774
0.196069
0.121006
0.101718
-0.141241
-0.213274
-0.22425
0.152472
-0.0482957
0.0623515
0.232493
-0.225268
-0.217046
-0.0982881
-0.169672
0.18144
0.0810172
0.160623
0.148813
-0.0645698
-0.0273437
-0.0455434
-0.218835
-0.199967
0.18495
-0.255366
0.00653153
0.146286
0.138543
-0.111241
-0.0943483
0.258151
-0.131077
0.0700521
0.206778
0.147609
-0.0686732
0.0917034
0.1601
0.0196991
0.029136
-0.00765374
-0.00998442
0.0499628
-0.0346132
0.188577
0.0174598
0.0370871
-0.195626
0.0766383
0.16387
-0.0411089
0.0174233
-0.234031
0.300722
0.166265
-0.0160279
-0.0383188
0.0905918
0.216917
-0.38368
0.0197395
0.144443
-0.25384
-0.0742911
0.0978141
0.0816608
-0.0232175
0.00155582
0.132945
0.0774042
-0.0278171
0.157042
0.226131
0.0710198
0.0442189
-0.119316
0.161872
-0.0603037
-0.056386
0.118467
0.110282
-0.0837285
0.235328
0.0323727
0.0172004
-0.0508852
-0.0766308
-0.0138944
0.0585214
-0.000351613
-0.107032
0.237852
0.112041
-0.330035
0.0652614
0.295673
-0.0639692
-0.0213997
-0.124917
-0.141748
-0.0743419
0.251727
0.218146
-0.100896
-0.171983
-0.22586
-0.170235
0.25087
0.100186
0.167845
-0.0328745
-0.123382
0.0097335
0.0525034
-0.195214
0.156887
0.0395553
0.162626
0.201631
0.0269003
0.214918
0.0107993
-0.0540402
-0.015299
0.0263072
0.347094
0.316803
0.167702
-0.078679
-0.117367
0.00590049
-0.21829
0.0524088
-0.00658637
0.0251825
0.0337643
-0.0264648
-0.259928
-0.147497
-0.24162
0.192441
0.156708
0.126551
-0.155431
-0.102163
0.0380191
-0.207522
-0.203502
-0.0352308
0.18212
-0.0321711
0.237636
0.0917666
-0.004983
0.0989965
0.15269
-0.125194
0.0920664
-0.113153
0.0933939
-0.164844
0.218789
-0.211013
-0.09893
-0.0966136
0.162238
-0.10828
0.0841485
0.261332
-0.0140005
-0.248593
-0.160956
-0.109658
0.0407725
0.197398
0.158462
0.0667408
0.171783
-0.0921243
0.20589
-0.155227
-0.0187764
0.0664184
0.0780832
-0.017072
0.121437
0.311457
-0.0500393
0.0721057
0.172028
-0.115304
-0.0842572
0.24699
0.0256326
-0.203974
-0.0499637
7.1773e-06
0.194496
-0.000413752
0.0558813
-0.0198344
0.00781653
0.08436
0.183002
0.2097
-0.131329
-0.29522
0.0575597
-0.152563
-0.0617605
-0.157088
0.28186
-0.0556569
-0.00434503
0.110275
0.0107298
-0.14593
-0.00637955
0.13093
-0.130746
-0.0570517
-0.0438932
-0.0644135
-0.0864019
-0.137704
-0.0346562
-0.0719434
0.222248
-0.21374
-0.224397
-0.162603
-0.128584
0.0834158
-0.240608
-0.295548
0.0189679
-0.0491814
0.0745932
0.107589
-0.0639039
0.328022
-0.0106773
-0.156221
-0.095228
0.244979
-0.097417
0.190067
-0.193861
0.134315
0.155642
-0.080377
-0.159123
0.139195
-0.00505744
0.0530553
0.063677
0.0394756
0.0126314
0.0619396
-0.180559
-0.0948509
-0.268911
0.128066
0.0305024
0.105758
-0.19451
-0.0213404
-0.245289
-0.000928265
0.116278
0.0797382
-0.0526996
-0.160294
-0.0733155
0.0868397
0.185298
-0.241639
-0.150172
-0.034284
0.0228975
-0.0312238
-0.0357232
-0.00450188
-0.105244
0.318744
0.204058
-0.125062
0.180938
-0.0668783
0.115422
-0.00518411
-0.115829
-0.231678
0.192401
-0.156167
-0.0593063
-0.146451
0.161286
0.134287
-0.119612
-0.042855
0.1227
0.091287
0.00283192
0.13487
-0.14871
-0.235272
-0.156339
-0.0317799
-0.0519838
0.00122049
-0.0634528
-0.145833
-0.0523102
-0.0843155
0.0555536
0.0128645
-0.024846
0.132654
-0.1306
-0.157117
0.12904
-0.0618411
0.142198
-0.216319
-0.131014
-0.145383
-0.0686744
-0.0258816
0.254347
0.134677
0.0829652
0.0950944
0.175983
0.0527968
0.196663
-0.0921963
-0.0940628
0.0192969
-0.150961
0.159717
-0.0627624
0.0346694
-0.0462336
-0.0694431
0.0567045
-0.0759235
-0.149305
-0.225197
0.0173979
0.0247254
0.000903294
-0.00125563
-0.138472
0.0347364
-0.160493
-0.0456447
0.219208
-0.0194488
-0.167221
0.244696
-0.188921
-0.113223
0.202193
-0.110419
0.140458
-0.120025
-0.172889
0.148949
0.229006
-0.0281424
0.173004
-0.0496485
-0.0806643
-0.170999
-0.060493
0.206706
0.0839091
0.0825105
-0.041251
-0.063125
0.14381
-0.0310257
-0.100283
0.0564684
-0.0146095
-0.0178315
-0.00682742
-0.136874
-0.0304939
-0.215414
0.0280267
0.216575
0.250343
0.189104
0.128322
0.0544941
0.0918856
0.0693383
-0.071611
0.0530931
0.154118
-0.0533386
-0.0795522
-0.0193207
-0.137131
-0.0594782
-0.0711947
0.0707569
0.126882
-0.0521188
-0.0750304
0.00328719
0.150276
0.0639488
-0.126243
-0.0172427
0.0338981
-0.0831951
-0.0714403
0.156197
0.0645094
-0.127066
-0.025114
0.0371334
0.0627628
-0.106624
0.209065
0.0228819
-0.220655
-0.0497812
-0.0543612
-0.0914474
0.143684
0.0473382
0.0894417
-0.292027
-0.174669
-0.30147
0.170999
-0.00194949
0.131988
0.238768
0.0884016
0.0831427
0.147857
0.126607
0.248772
-0.0698129
-0.00602401
-0.00536339
0.089233
-0.0682991
0.2233
-0.195238
-0.0234921
-0.209035
0.0796476
-0.0492587
-0.122264
-0.235086
-0.100203
-0.00300394
-0.094662
-0.16101
-0.0471149
0.0403284
-0.125161
0.124653
-0.0382619
0.126116
-0.0547002
0.136634
0.108411
-0.0947493
0.274288
0.00135575
-0.289425
-0.136072
-0.0620053
-0.0768649
0.188301
0.25212
-0.184332
-0.150535
-0.164283
-0.00770969
0.0187286
0.293855
0.0427545
0.135671
0.122885
-0.0640775
-0.0961647
-0.0278215
0.0209834
0.258551
0.0801206
0.209111
-0.155252
-0.179219
0.157201
-0.114161
-0.235375
0.210625
-0.080875
0.060414
-0.15843
-0.170308
-0.165093
-0.249471
0.0681673
-0.0911533
-0.270895
0.0614409
0.408821
0.18788
-0.141518
-0.109656
-0.170494
0.128227
-0.067043
0.117456
-0.0479257
0.0225825
0.145544
0.00363373
0.22684
-0.0400722
0.260433
-0.0826142
0.00898308
0.208211
0.120952
-0.155456
-0.213076
0.00158444
0.0190106
-0.0237751
0.124462
0.239204
-0.0183143
0.238059
0.0718363
-0.129208
0.338116
0.133006
0.186376
-0.218091
-0.181555
0.0646193
-0.132855
-0.174824
0.0360767
-0.115226
0.144297
0.212352
-0.166996
0.0878744
0.118513
-0.0907025
-0.141129
-0.214195
-0.175243
0.121366
-0.0961478
-0.106299
0.120738
-0.128444
-0.142098
-0.112477
0.117169
-0.139585
0.118723
-0.114981
0.149374
0.163045
0.0406913
0.112161
-0.181713
0.0855765
0.221666
0.0979295
-0.188108
-0.143551
0.100932
0.0815332
0.255159
0.0941294
0.197589
-0.161339
-0.0712955
-0.00150987
-0.0675341
-0.0877058
0.179954
-0.0508385
-0.193346
-0.23656
0.125884
-0.194576
-0.169961
0.0392555
-0.21406
-0.12573
-0.149304
-0.0895492
0.0573791
-0.0798993
-0.0478309
-0.291672
-0.119543
-0.0790198
0.14759
0.167009
-0.0753759
-0.0589528
-0.101986
0.140982
0.214165
0.158973
0.16139
-0.155103
0.103428
0.00623303
-0.223196
0.0647987
0.263213
-0.308584
-0.178122
0.00687081
-0.138805
-0.0600142
0.0572944
0.0942068
0.0609084
0.0556279
0.29588
-0.2382
-0.129426
0.146486
-0.257989
0.203184
0.068921
-0.256681
0.0608618
-0.135764
0.00104266
0.204622
0.00307032
-0.0801515
0.0875327
-0.175106
-0.106162
0.046467
0.0579405
-0.255747
0.0243348
0.00135792
0.00594273
-0.0788309
-0.184658
-0.212679
-0.105378
0.113535
-0.154722
0.152929
-0.0488834
0.0539931
0.148338
0.0382019
-0.115406
0.0398516
-0.112561
0.250021
0.0190794
-0.105779
0.0937303
-0.111608
-0.0924795
0.120027
0.130423
0.0125148
0.033188
-0.00152187
-0.162887
0.17584
0.0598839
-0.111369
-0.238823
-0.0917747
-0.310106
0.196178
0.102298
-0.133451
0.295482
-0.292165
0.156349
-0.170708
0.180633
-0.0622392
0.0529877
-0.0816831
0.2444
0.0809758
-0.0514334
-0.136986
0.0497368
0.0727874
-0.174771
0.206409
0.0444169
-0.220135
-0.0800659
0.149464
0.0869798
0.167625
0.0777586
-0.166664
-0.139909
0.0523599
-0.112349
0.148024
-0.0697176
-0.195701
0.114483
-0.094465
0.0824608
0.0119738
-0.115774
-0.0235224
0.0753005
0.132029
-0.326693
0.137844
-0.11791
-0.132011
0.0501263
0.0668098
-0.00987159
0.171179
-0.10211
0.146378
-0.0819985
-0.071506
-0.0763237
0.115372
0.0190207
0.194955
-0.193516
0.0214553
-0.0881775
0.142297
0.000213819
0.120867
0.0565018
-0.0173057
0.211115
-0.0873587
0.155651
0.123995
0.0242467
0.136321
-0.0304128
0.330345
0.12057
0.15716
-0.0555003
0.139846
-0.123501
-0.00558218
0.0333319
-0.0224398
-0.223262
-0.081286
0.0934628
0.173934
0.112328
-0.251953
-0.183336
-0.152183
-0.0827516
0.0965923
0.250772
0.213119
-0.222258
-0.174006
0.100779
0.114821
0.0212418
-0.0937467
-0.0297596
-0.0546783
-0.227901
0.22182
0.129275
0.00805267
0.034098
-0.195732
-0.0863478
0.25154
-0.0165855
-0.051698
-0.155764
0.0383214
-0.113747
-0.127867
-0.0954648
-0.103907
0.11173
-0.132061
0.184356
0.0117162
0.0915755
0.02957
-0.111658
0.0269551
-0.13748
0.127703
-0.17476
-0.283294
0.103529
-0.172418
0.0431657
0.182672
0.198962
0.208131
-0.0816684
0.118222
-0.130646
0.091473
-0.0881813
0.0933341
0.144725
-0.0488948
-0.0837371
-0.119534
0.0270419
0.0450525
0.199201
0.109347
-0.180643
0.0522965
0.0927999
0.0178128
-0.252957
0.0185132
-0.160684
-0.0125285
0.100515
-0.209023
-0.16626
0.212719
0.188806
0.184265
-0.0474166
0.270916
-0.266366
-0.00573952
-0.019942
0.0180599
-0.0749247
-0.069143
0.253644
-0.0412625
0.0157659
0.132406
-0.0576631
0.174773
-0.193795
-0.236192
0.246713
0.178539
0.156619
0.129938
0.267872
0.163308
0.112541
0.226841
-0.0428573
0.0609061
0.0188103
-0.130899
-0.103494
0.180944
-0.0538399
0.142256
-0.0186309
0.0124322
0.24037
0.171978
888888
0.0455963
0.0513248
0.0469821
0.0443319
0.0461043
0.0488238
0.0589052
0.0532443
0.0518058
0.0717724
0.0454609
0.0549853
0.0386668
0.0488285
0.0474416
0.0689173
0.0478987
0.0471851
0.0545084
0.0651188
0.054951
0.0562575
0.0534138
0.0398675
0.0692146
0.0449702
0.0523619
0.0471616
0.0434077
0.0537907
0.0608389
0.0438182
0.0513788
0.0568176
0.0479111
0.0606454
0.0443289
0.0568353
0.0591391
0.0699305
0.0511735
0.0452871
0.0521988
0.0433251
0.0587425
0.0500429
0.0527024
0.0629442
0.0519392
0.0418714
0.0467483
0.0395155
0.0545745
0.0564255
0.0536926
0.0475167
0.0491928
0.051394
0.0611022
0.0687182
0.063409
0.0487653
0.0443866
0.0467837
0.0449933
0.0423649
0.0431484
0.0501317
0.0408652
0.0370915
0.0537629
0.0570944
0.0527086
0.0545434
0.0423541
0.0456093
0.0506089
0.051191
0.0565284
0.0573885
0.0474272
0.0548689
0.0533998
0.0479353
0.0628085
0.0472756
0.0569588
0.0686223
0.0734069
0.05526
0.0550609
0.0581937
0.0357535
0.0579594
0.0510588
0.0467662
0.0497253
0.046117
0.0624069
0.0473589
0.0439962
0.0470027
0.0421551
0.052616
0.0573582
0.0477051
0.0385289
0.0405264
0.0486395
0.0491775
0.0563128
0.0504701
0.0524274
0.0428719
0.0372577
0.0420977
0.0574275
0.0562401
0.0651931
0.0506416
0.0651181
0.047489
0.0535811
0.0515959
0.0453772
0.0518305
0.0478861
0.0488635
0.0454437
0.0531819
0.0651499
0.0530568
0.0418245
0.049915
0.0549782
0.047159
0.0397696
0.0420222
0.0588794
0.0428836
0.055765
0.0526898
0.0581296
0.0528073
0.0595675
0.0469743
0.0446241
0.0671481
0.0492927
0.0585995
0.0559401
0.0366791
0.0445373
0.0425501
0.0500289
0.046576
0.0466164
0.0618772
0.0456878
0.0824925
0.0438653
0.0455989
0.0497587
0.0627732
0.043424
0.0623524
0.0622103
0.0577721
0.0379476
0.0454303
0.0475075
0.0503023
0.0530652
0.0500951
0.053084
0.0551681
0.0575454
0.0569792
0.0599713
0.0390503
0.0372646
0.049945
0.0505476
0.047249
0.0490071
0.0614236
0.0513122
0.0475874
0.0553104
0.0514179
0.0616979
0.0429709
0.0483848
0.0530413
0.0519316
0.0452666
0.0523019
0.048404
0.0522191
0.0473855
0.0531926
0.0676494
0.0582395
0.065703
0.0470114
0.0464553
0.0441004
0.0679672
0.050317
0.0479587
0.0465878
0.0609965
0.0421081
0.0480603
0.0509731
0.0480426
0.0432491
0.0463485
0.0496229
0.046722
0.049424
0.0516386
0.0384092
0.0662257
0.0438294
0.0528246
0.0452894
0.0552291
0.0552675
0.0453907
0.0443184
0.0502337
0.0440073
0.0550009
0.0559096
0.0612808
0.0463635
0.0585284
0.0399206
0.0492715
0.0535754
0.0493287
0.0602944
0.0473679
0.0482956
0.0585319
0.0416224
0.0600464
0.0462259
0.0444698
0.0459558
0.0429789
0.0490022
0.0585854
0.0449505
0.047292
0.0647925
0.0588282
0.0460709
0.0551318
0.0649977
0.0437974
0.052198
0.0551644
0.0355021
0.0474978
0.0561463
0.0383508
0.054352
0.0561606
0.0590779
0.0488129
0.0557539
0.0402193
0.0546828
0.0609537
0.0457242
0.0535161
0.058087
0.0552538
0.0460408
0.0546291
0.0523113
0.0521598
0.0368769
0.0749366
0.0544183
0.0475523
0.0661422
0.0600346
0.0562141
0.0607221
0.0473066
0.0493109
0.0526396
0.0508578
0.0535433
0.0669903
0.0642317
0.0435504
0.0514761
0.0682294
0.0519465
0.0480557
0.0660925
0.0360938
0.0472849
0.0457929
0.0560647
0.0659708
0.050333
0.0419816
0.0455649
0.0537486
0.0566354
0.0701041
0.0510222
0.0494677
0.0467504
0.0440404
0.0526368
0.0583698
0.0453998
0.0602682
0.0560241
0.049914
0.048616
0.0414153
0.0342791
0.0419099
0.0653199
0.04356
0.0529651
0.0592963
0.0585289
0.0550145
0.0434054
0.0471633
0.0449553
0.0514116
0.0508597
0.0442826
0.0488682
0.0460562
0.0459444
0.0485276
0.0670552
0.0439744
0.0352971
0.0726778
0.0496894
0.0598992
0.0478078
0.0495723
0.0464513
0.0545478
0.0521143
0.0405224
0.047442
0.0507042
0.0416656
0.0543429
0.0468479
0.0702568
0.046354
0.0433995
0.0513847
0.0399672
0.053901
0.0465762
0.0540537
0.0511902
0.0599589
0.0508095
0.045451
0.0532218
0.0549636
0.0518412
0.051593
0.0514622
0.052961
0.0431728
0.0626521
0.0360885
0.0647838
0.0521565
0.0554213
0.0434534
0.0544498
0.0530481
0.0472002
0.0669687
0.0596294
0.059404
0.0558823
0.0475341
0.0508682
0.0486024
0.046675
0.0435991
0.0496417
0.0534929
0.0506119
0.0502522
0.0527175
0.0405461
0.0477156
0.0610129
0.0424171
0.050579
0.0567251
0.0388579
0.0405645
0.0495316
0.0543595
0.0430986
0.0466698
0.0524927
0.0484639
0.0430887
0.0511045
0.0509689
0.0740973
0.052139
0.0545076
0.0544916
0.0413944
0.0501057
0.0516032
0.0422145
0.0459814
0.0567871
0.0439982
0.0506118
0.05714
0.0389681
0.054757
0.0344221
0.0594714
0.0326835
0.046043
0.047532
0.0508057
0.0529711
0.0535164
0.0537146
0.0474412
0.0457137
0.0562927
0.0615968
0.0435548
0.0571372
0.0469918
0.0521162
0.0746949
0.0608084
0.0424386
0.0483124
0.0415576
0.050756
0.0390618
0.0454856
0.0493961
0.0632845
0.0614582
0.0523073
0.0371499
0.0399158
0.0560857
0.0460295
0.0412629
0.0555606
0.0510264
0.0522153
0.0395828
0.0665484
0.048725
0.0672452
0.0568131
0.050258
0.045926
0.0568077
0.0531091
0.044609
0.0522067
0.0462872
0.0564075
0.0408876
0.0457753
0.0616083
0.0496226
0.0574373
0.0498294
0.0463809
0.0481851
0.0624462
0.0521248
0.0635236
0.0462599
0.0601767
0.0538986
0.048252
0.0571805
0.044773
0.0489348
0.0536855
0.0477002
0.0603716
0.0459327
0.0490072
0.051125
0.0423917
0.0540629
0.053563
0.0481488
0.0604211
0.0563927
0.0426579
0.0548299
0.0473053
0.0483994
0.0383001
0.042287
0.0482934
0.0538212
0.0487915
0.0418709
0.0561253
0.0463975
0.0467705
0.0445059
0.0422503
0.0433296
0.0529699
0.0582281
0.0601869
0.0445583
0.0377579
0.0371516
0.0456429
0.0544218
0.0386305
0.0489446
0.0431802
0.0429671
0.0661529
0.047143
0.0632312
0.0447781
0.0503596
0.0421295
0.0399777
0.0543926
0.0621119
0.0490302
0.0377937
0.0574929
0.0503897
0.0482042
0.0432333
0.0579474
0.0469307
0.0414554
0.0528042
0.0578592
0.0545868
0.0547969
0.0403223
0.0561249
0.0494025
0.0451416
0.0501186
0.0362687
0.0565534
0.0504552
0.047952
0.0534723
0.0429416
0.0435231
0.0549747
0.0362922
0.0375166
0.0490987
0.0457504
0.045969
0.043386
0.0452064
0.0588517
0.0434206
0.0586389
0.0493628
0.0523383
0.0332092
0.046428
0.0406695
0.0562897
0.0472895
0.0557543
0.0484732
0.0462067
0.0593772
0.0593726
0.0504625
0.046553
0.0779298
0.0469623
0.0664789
0.0482916
0.0557842
0.050006
0.0786756
0.0451072
0.0555548
0.0522244
0.0660217
0.0433018
0.0417774
0.0631085
0.0585236
0.0451812
0.0477446
0.0660332
0.0535254
0.0483813
0.042803
0.042449
0.0399158
0.0538053
0.050083
0.055462
0.0599152
0.0500003
0.0499093
0.0548182
0.0621203
0.0625469
0.0413944
0.0667712
0.0392999
0.0379099
0.0628734
0.0605409
0.0435816
0.0540994
0.0451096
0.0498039
0.0563059
0.0535489
0.0670856
0.0448054
0.057302
0.060216
0.0395578
0.0574562
0.0495928
0.0699577
0.0556938
0.0429837
0.0506849
0.049659
0.0340856
0.0435186
0.0456292
0.04861
0.069215
0.0598126
0.0679513
0.0597322
0.0565811
0.0423734
0.0531794
0.038296
0.0472885
0.0414707
0.057312
0.0618533
0.0439145
0.0659221
0.0480744
0.0473243
0.0542496
0.0577368
0.0579485
0.0357336
0.0498681
0.0467443
0.0349741
0.0565046
0.0454746
0.0498122
0.0518358
0.0677964
0.0307368
0.0414922
0.0527749
0.0587259
0.0544161
0.0412486
0.0519308
0.045917
0.0446586
0.0580116
0.0462033
0.0589946
0.0450852
0.0408844
0.0579357
0.0423533
0.062096
0.0411092
0.0593678
0.0541488
0.0467784
0.0608854
0.0538424
0.0463256
0.0499048
0.0597272
0.0591464
0.0522948
0.0507065
0.0416993
0.075331
0.0443995
0.0520995
0.0451552
0.0476641
0.0482516
0.0446125
0.0496254
0.0459945
0.0537291
0.056288
0.0370235
0.0624476
0.0439523
0.062586
0.0428214
0.06235
0.0453966
0.0558191
0.055258
0.0435242
0.0588687
0.04706
0.0487171
0.0513614
0.0492028
0.0457377
0.0287931
0.0417448
0.0407625
0.0386001
0.0607979
0.0367911
0.0357374
0.0477822
0.0643207
0.0495363
0.0456412
0.0491013
0.0605007
0.0400974
0.0577458
0.05438
0.0629092
0.0707977
0.0534482
0.0367854
0.0409912
0.0359254
0.0437763
0.0502665
0.0626274
0.0614586
0.0598104
0.0691842
0.0394769
0.0696453
0.0501865
0.0437523
0.0549562
0.0494269
0.0542759
0.069384
0.0391428
0.0595718
0.0408936
0.0510482
0.0566658
0.0424055
0.0525014
0.0550257
0.0472874
0.0512816
0.0454288
0.0477571
0.0483152
0.031924
0.0544905
0.0639872
0.0494119
0.0535684
0.0514407
0.0496153
0.055163
0.0532678
0.0612858
0.0496818
0.0480515
0.0484666
0.0413103
0.053287
0.0379813
0.0479072
0.0493093
0.0517414
0.0361564
0.0437126
0.0530827
0.0423509
0.0486447
0.0543844
0.0588897
0.0460554
0.0387949
0.0566537
0.0444752
0.0451628
0.0475588
0.046377
0.0442329
0.0520584
0.0523333
0.039283
0.0464498
0.056472
0.0563339
0.0410605
0.0437162
0.0585344
0.0497135
0.0457336
0.0622237
0.0440324
0.0540824
0.0382806
0.0463858
0.0504191
0.0421631
0.0480008
0.0730812
0.0548528
0.0473796
0.0516733
0.0364704
0.0504823
0.0507767
0.0598896
0.0563186
0.071236
0.0661042
0.0455591
0.0478562
0.0493408
0.0455213
0.0464911
0.0582944
0.0584025
0.038145
0.0448117
0.0463738
0.0468292
0.0589838
0.0542934
0.0337472
0.0332809
0.0515131
0.0462948
0.0431418
0.0443438
0.0393003
0.0505758
0.0403248
0.0660824
0.0418448
0.0465245
0.0409987
0.0525263
0.053629
0.0523509
0.0521699
0.0538806
0.0399579
0.0548929
0.0593013
0.0787331
0.0565208
0.0426065
0.0580838
0.057196
0.0382253
0.0469144
0.046178
0.0504792
0.0524512
0.0484272
0.0540812
0.040943
0.0533318
0.0550971
0.0424858
0.0590855
0.0493171
0.0455005
0.0507194
0.0539505
0.0605379
0.0485844
0.0460217
0.0511794
0.0495518
0.0592488
0.0462845
0.0557256
0.0778644
0.0490395
0.0571845
0.0471464
0.0484692
0.0502474
0.0486043
0.0587372
0.0506247
0.0385551
0.0548612
0.047525
0.052985
0.0600436
0.04807
0.0446454
0.0400027
0.0481564
0.0416477
0.0449313
0.0499855
0.0586861
0.0476627
0.0400884
0.0649134
0.0477249
0.0448776
0.0594694
0.0444193
0.0577507
0.058722
0.047181
0.039569
0.0504807
0.0491292
0.0480645
0.0575821
0.0419674
0.0449302
0.0539306
0.060581
0.0444349
0.0494395
0.0587636
0.0535102
0.0643565
0.0509056
0.043368
0.0521355
0.0490033
0.0517585
0.0524074
0.0600975
0.0441883
0.0541737
0.0563624
0.0559853
0.0511373
0.0443218
0.0565265
0.0413937
0.0413618
0.0380393
0.052542
0.0560635
0.0420641
0.0428068
0.0333176
0.058827
0.0452379
0.0490034
0.0528039
0.0405609
0.0488408
0.0529244
0.0546887
0.0478671
0.0468482
0.0495133
0.0512595
0.0707908
0.0532572
0.0432583
0.0606863
0.0499848
0.0541114
0.0480414
0.0513382
0.0393041
0.0531538
0.0565946
0.0679284
0.0565859
0.0518989
0.0603838
0.0610336
0.0424756
0.0495029
0.0498287
0.0466324
0.0606486
0.0510755
0.0625241
0.056301
0.0678498
0.049577
0.0475369
0.047604
0.0512645
0.0513953
0.0685529
0.0522191
0.0510728
0.0450529
0.0516929
0.0405447
0.0555838
0.0410855
0.0414524
0.0474507
0.0539248
0.061536
0.0581974
0.053398
0.0571578
0.0409036
0.0447108
0.0537917
0.0616273
0.0495622
0.0551785
0.042575
0.0487369
0.0600428
0.0619382
0.0667486
0.0421203
0.0596011
0.0617979
0.0587899
0.0468224
0.0478996
0.0579889
0.0446412
0.0541983
0.0519878
0.0532323
0.0524743
0.0393427
0.0441621
0.0574355
0.0469039
0.048953
0.0438865
0.0452206
0.0512898
0.0511753
0.0507972
0.0834488
0.0467358
0.0511545
0.0478152
0.0480994
0.0372466
0.0528179
0.0463766
0.0418384
0.0517887
0.0433306
0.0533018
0.0741442
0.0499247
0.0478403
0.0352077
0.0612734
0.0513005
0.0532705
0.0541128
0.0571906
0.0564159
0.0587337
0.0528501
0.0381971
0.0715583
0.0649396
0.0605177
0.0422595
0.0564338
0.0410559
0.0580985
0.0521907
0.0453217
0.0459259
0.043869
0.0608047
0.0380849
0.0615406
0.051975
0.048568
0.054842
0.0518642
0.0433446
0.0551399
0.0458805
0.0600296
0.0672699
0.0338289
0.0443218
0.0446629
0.0619322
0.0536786
0.0473619
0.0556427
0.0387328
0.04392
0.0465243
0.0564913
0.0462296
0.0393024
0.0489365
0.0424194
0.0519523
0.0489
0.0596709
0.040753
0.0446165
0.0415983
0.0708232
0.0475652
0.0661744
0.0340349
0.0679419
0.041179
0.0491406
0.0513503
0.065505
0.0382099
0.0555826
0.0416109
0.0462593
0.0415448
0.0502193
0.0539237
0.042815
0.0494297
0.0553611
0.0715058
0.0447829
0.0447999
0.048089
0.0593503
0.0550337
0.0423678
0.0403882
0.0458553
0.0474687
0.0519449
0.0526224
0.0453167
0.0531769
0.0577723
0.0574774
0.0528955
0.0560334
0.0588644
0.0444671
0.0438225
0.0589032
0.0524394
0.0435591
0.069832
0.049361
0.0511347
0.064366
0.0664245
0.0444755
0.0465602
0.0632822
0.046758
0.0405779
0.0559229
0.0536424
0.0560527
0.0424283
0.0461342
0.0482102
0.0502455
0.0615316
0.0634665
0.0467089
0.0622999
0.0498462
0.0536539
0.0482004
0.0533275
0.047643
0.0566626
0.0673391
0.0553119
0.0493857
0.0451237
0.0598833
0.0491835
0.0482228
0.0486326
0.0515012
0.058187
0.0507042
0.0520774
0.0530581
0.0468616
0.0546763
0.0555178
0.0508676
0.0447933
0.0441493
0.0476671
0.0475206
0.0405971
0.0455048
0.0503346
0.0565412
0.0654334
0.0572725
0.053547
0.0429773
0.055937
0.0444277
0.0414732
0.0453363
0.041624
0.0583467
0.0450377
0.0361237
0.0615595
0.0599924
0.0509152
0.0503362
0.0600081
0.0525924
0.0506121
0.0436405
0.0499226
0.0578111
0.0402794
0.0475054
0.048029
0.0460832
0.0516027
0.0499796
0.0508289
0.0520326
0.0609597
0.048584
0.0535902
0.0551399
0.0478533
0.0555388
0.0566832
0.0485098
0.0475748
0.0539778
0.0422619
0.0437046
0.0473543
0.0542366
0.0577383
0.051456
0.0482558
0.0476186
0.0407665
0.0527677
0.0619072
0.0314415
0.0541231
0.0395745
0.0539058
0.0408853
0.0406365
0.0748598
0.0488921
0.0569039
0.0420084
0.0491304
0.0496465
0.0522957
0.0482657
0.0427407
0.0488686
0.0636954
0.0491869
0.057842
0.0423548
0.040245
0.0457451
0.0711455
0.0590591
0.0512896
0.0437114
0.0424176
0.0612495
0.0495194
0.0569872
0.0697304
0.0395933
0.0473746
0.0460773
0.0408971
0.0486458
0.0601164
0.0427052
0.0468853
0.0406827
0.0583174
0.0509039
0.0404872
0.0620906
0.0388075
0.0509015
0.050253
0.052727
0.0561436
0.0620868
0.0458366
0.0589458
0.0584391
0.0427002
0.0517169
0.0564684
0.0435327
0.0440295
0.0450492
0.0511611
0.0434579
0.047865
0.0490001
0.0491044
0.0443352
0.0479036
0.0421223
0.0436667
0.0488058
0.0568645
0.0612901
0.0463283
0.049905
0.0409338
0.0442478
0.0526691
0.0362742
0.058028
0.0621268
0.0619406
0.0483171
0.0474745
0.0483672
0.0527739
0.0476454
0.0679952
0.0592377
0.0566824
0.0489465
0.051247
0.048811
0.0432914
0.0476781
0.0529274
0.0400724
0.0453445
0.0519227
0.0445433
0.0498125
0.0408002
0.0520999
0.0485542
0.0465454
0.0466452
0.039335
0.0446284
0.063002
0.0434166
0.0401421
0.0436291
0.0460171
0.0466105
0.0508235
0.0604201
0.0436077
0.0531485
0.0382859
0.0566557
0.0341102
0.0567576
0.0477989
0.0593425
0.0454672
0.0529997
0.0487282
0.0464905
0.0710003
0.0622687
0.0513477
0.0430481
0.0438391
0.053407
0.0553479
0.0515716
0.069779
0.041455
0.0404213
0.0519165
0.062722
0.0502804
0.0450919
0.045543
0.0474489
0.0434718
0.0508418
0.0587912
0.0419183
0.0399479
0.0581257
0.0447623
0.0474272
0.0512258
0.056115
0.0581455
0.0572312
0.0484414
0.0370537
0.0372327
0.0508968
0.0519142
0.0483807
0.046757
0.0454114
0.0343782
0.0442384
0.0555199
0.0617005
0.0495929
0.0437858
0.0529688
0.0632278
0.0438326
0.0447415
0.0506009
0.0427826
0.0631646
0.057091
0.05476
0.0431697
0.0537098
0.0539839
0.0303019
0.0378117
0.0402507
0.0494208
0.052419
0.0466391
0.0462027
0.0437497
0.0457179
0.0513094
0.049328
0.0505229
0.0484163
0.0584675
0.054306
0.0579502
0.0572777
0.0477805
0.0591384
0.070751
0.0556786
0.0515281
0.0422922
0.0471527
0.0405897
0.0492501
0.0546096
0.0468009
0.0551516
0.0390553
0.0476481
0.0521542
0.050125
0.0575846
0.0486994
0.0363746
0.0423919
0.0524452
0.0430798
0.0499119
0.0455279
0.0465702
0.0488002
0.0484836
0.0582935
0.0338245
0.0641198
0.0558002
0.0337135
0.0512905
0.0471705
0.0593955
0.0546675
0.0465044
0.0515349
0.0490494
0.0385089
0.0513852
0.0480023
0.0405644
0.048943
0.0499601
0.0529676
0.0623526
0.0404004
0.0384695
0.0446131
0.0414214
0.0595825
0.0620264
0.0508158
0.0460767
0.0428645
0.0507317
0.0500455
0.0465014
0.0496474
0.0480387
0.0588556
0.0450855
0.0463291
0.0583482
0.051802
0.0432695
0.0500144
0.0605089
0.0500361
0.05242
0.0557747
0.0358222
0.0467135
0.0597978
0.0356683
0.0405627
0.0306251
0.0539472
0.0540035
0.0457525
0.041403
0.0595899
0.0401212
0.0454634
0.054002
0.0563982
0.0476445
0.0583014
0.0465656
0.0731544
0.05533
0.0458689
0.0669662
0.0578102
0.0524273
0.046505
0.0526417
0.0387788
0.0500418
0.0509882
0.0640814
0.0439271
0.0529399
0.0428709
0.0549112
0.0458195
0.0565088
0.0378844
0.0587086
0.0456151
0.0464258
0.0353455
0.0631297
0.049135
0.0515564
0.0546587
0.0578766
0.0486594
0.0451772
0.0553939
0.0556509
0.0516698
0.0450645
0.0337052
0.0734614
0.0578428
0.0440035
0.0474715
0.0388862
0.0491206
0.0559231
0.0427051
0.0619144
0.0556421
0.040142
0.0478796
0.0490416
0.0516228
0.0547548
0.0454781
0.0477195
0.0546192
0.0562979
0.0454201
0.0540483
0.0441423
0.055599
0.0410123
0.0684354
0.0573263
0.0422321
0.037253
0.0493319
0.055069
0.0520727
0.0510955
0.0528287
0.0427252
0.0518195
0.0500078
0.0534822
0.0498742
0.0714457
0.0560155
0.0444185
0.0436446
0.057817
0.0392288
0.04536
0.0476111
0.0517954
0.0506349
0.0546192
0.060512
0.0431693
0.0382935
0.0388935
0.0460592
0.0426513
0.0384366
0.0440763
0.042063
0.0400451
0.0491468
0.0514662
0.0658143
0.0566444
0.04113
0.051208
0.0381781
0.0582534
0.0410457
0.0564597
777777