2.436
999999
-0.0491601
-0.144481
-0.202665
0.00668475
-0.0952655
0.0817721
0.139236
0.12322
-0.170063
0.0507585
-0.12337
-0.202984
0.0659105
0.020766
0.178165
0.108923
-0.15899
-0.0552282
-0.0984621
0.149112
-0.0164561
0.0505169
0.0286851
-0.0854795
0.20608
-0.149361
0.0704149
0.00675646
-0.0961171
0.0354314
0.196869
-0.0671237
0.136129
-0.116489
0.0162204
0.0469988
-0.157049
-0.0437842
0.0527303
-0.0977632
-0.0611377
0.184028
0.0691435
0.0932783
-0.252395
0.0581793
-0.105234
-0.156499
0.0671143
-0.0959936
0.000763415
0.129731
0.234782
0.0905227
-0.0730796
0.0713064
0.155112
0.0468672
0.288202
-0.0373113
0.0182529
0.140092
-0.0776802
0.153625
-0.0794918
-0.116498
0.23211
-0.0752672
-0.0432326
0.155763
0.0217433
0.30934
0.000133946
-0.129324
-0.0710546
-0.140538
0.0392573
0.0901148
0.223588
0.0453071
0.150879
0.113584
-0.108442
0.0854206
-0.0283242
-0.180887
0.00687734
-0.104575
-0.145811
-0.0493619
-0.0545479
-0.288049
0.176237
0.39029
0.247166
0.280196
0.271802
0.102468
0.109345
-0.121637
-0.161778
-0.137302
-0.106868
0.0628723
0.033954
0.0375696
-0.0647154
-0.164964
-0.333698
-0.224492
-0.0901051
0.0861872
0.145386
-0.0725603
0.0656939
-0.136734
-0.13739
0.0749908
-0.259201
0.154224
-0.331006
-0.157588
-0.276262
0.0706686
0.0507442
-0.232422
0.0336859
0.00285924
-0.126924
-0.0617676
0.186658
0.219417
-0.0104927
0.127277
-0.0780584
-0.00990745
0.0526021
-0.117177
0.0235968
-0.178684
-0.125081
0.112754
-0.0264197
-0.147197
-0.143171
-0.0755423
0.0204868
-0.0294957
-0.0388165
0.174702
0.0108874
-0.0935546
0.0207095
0.107526
0.161626
0.245281
0.113469
-0.000982825
0.0183412
-0.0567403
-0.0173226
0.345627
0.106402
-0.199798
-0.121628
-0.112925
0.102267
-0.192213
-0.166286
0.0980123
-0.0455383
-0.122474
0.105088
0.0619758
-0.0462729
0.0661729
-0.0656793
-0.121208
-0.0513036
0.0280348
-0.0222399
-0.0581559
0.233117
0.165103
-0.0209418
0.0417387
0.0599429
0.00834225
0.2049
0.0192311
-0.247518
0.0275981
0.0150241
0.0167116
-0.210349
-0.204416
-0.0721897
-0.209584
-0.135275
-0.0506292
0.209007
0.0415189
-0.264162
0.210005
-0.0661449
-0.14878
0.167214
-0.0960626
0.0232488
0.0165392
-0.0526813
-0.169475
0.0677448
-0.281981
-0.200551
-0.274023
-0.188651
0.159587
-0.0992252
0.0530918
-0.243127
-0.0164202
-0.0573398
-0.043547
0.231103
-0.0136401
0.078052
0.159105
-0.0583945
0.0221253
-0.0188935
-0.104723
0.100258
0.0451278
0.0847629
0.17861
-0.102063
-0.151395
0.140104
-0.323973
0.0252182
-0.0358702
0.0860788
-0.248136
0.220188
-0.295862
0.25658
-0.280604
-0.231223
-0.130261
0.191658
-0.0745669
0.0334226
0.253078
0.240274
0.167007
0.242252
0.0309642
0.120889
-0.0759388
-0.135274
0.0669732
0.0664047
0.101521
0.12155
-0.0982657
-0.0915759
0.0654354
0.0891789
-0.0273441
0.0600334
-0.0522689
-0.266003
-0.0292399
0.156417
-0.172726
0.122647
-0.181945
-0.0926817
-0.0684549
-0.146598
-0.0375249
0.170045
0.0637641
-0.130356
0.182087
-0.0145428
0.0522332
-0.061386
0.141164
-7.42186e-05
0.0803696
0.0312882
0.0949455
-0.0589081
0.155445
-0.0928973
-0.167496
0.166042
0.0888322
-0.129519
0.167633
-0.00679448
0.0787121
0.137477
-0.0402899
0.09007
0.0627922
0.0251594
-0.232866
-0.148437
-0.276606
0.113115
-0.061299
0.0195256
-0.0314116
0.124526
0.00698174
0.143249
0.114238
0.132951
-0.0219034
-0.0373376
0.316983
-0.287026
0.118045
0.022125
-0.253707
-0.0803971
-0.108512
0.0440003
0.130415
-0.202787
0.0216694
0.0660423
0.0539398
-0.0236877
-0.196074
0.0187615
-0.0404599
-0.131777
-0.19683
-0.127976
0.17665
0.0203844
-0.127812
0.147273
0.11451
-0.192333
0.163154
-0.211639
-0.127242
0.193708
0.0526604
-0.0913131
0.235409
0.0314992
0.0430493
0.0208123
-0.192658
0.00183502
0.103718
-0.0516254
0.279885
-0.15399
0.171837
0.263153
-0.172511
0.0122834
0.126399
-0.0576952
-0.0193107
0.0455455
0.170039
0.0181954
0.142976
0.0658318
0.0282912
0.0418503
-0.0960599
0.108224
-0.123773
-0.153673
0.119142
0.148177
-0.101176
0.0474642
-0.0113114
-0.113212
0.249463
-0.212148
-0.00730988
0.164537
-0.0170384
-0.00486141
-0.0387428
-0.0193729
-0.0920793
-0.00781026
0.0025917
0.0454788
-0.0122423
-0.0217672
0.093147
-0.199131
0.178265
-0.186841
-0.0669912
-0.118786
-0.0983366
-0.215088
0.124081
0.314426
-0.0654388
0.157352
-0.156948
0.132589
0.0979917
-0.0288152
-0.0639852
-0.174808
-0.133757
0.0778744
-0.0843592
-0.0812719
-0.0869752
0.0550775
-0.077337
0.229219
-0.0840187
0.0109007
0.231724
-0.179539
0.222992
-0.31089
0.0117574
-0.044955
-0.102811
-0.0918905
0.185331
-0.0974872
0.140096
0.265359
0.0627433
0.0982592
-0.00242186
-0.103525
-0.0858735
0.069917
0.221655
0.201764
-0.19931
0.141815
0.0553307
-0.0604869
0.0545301
-0.192472
0.0301192
0.213258
-0.097267
-0.0476775
-0.117338
-0.302552
0.205197
-0.0271534
0.0617583
-0.143437
0.104238
-0.15115
-0.0783345
-0.0363526
0.0292902
0.0552766
-0.108321
0.018073
0.00791796
0.0201551
-0.129378
0.106148
-0.0524482
0.232546
0.290798
0.00522976
0.186986
-0.2609
-0.121005
0.325372
-0.0419246
-0.116896
-0.19742
0.0770891
0.0614644
-0.256624
-0.103435
0.115452
-0.202058
0.0485971
-0.135975
0.0251445
0.0731787
0.0236046
0.0257875
-0.13045
0.11683
0.205866
0.205267
-0.232883
0.283567
0.159377
-0.0307844
-0.0643292
0.15101
0.176841
0.251583
-0.144243
-0.0598604
-0.0231855
0.167924
0.311402
0.234288
-0.179129
0.0478751
-0.0115275
0.0742449
-0.03128
-0.00578382
-0.0361997
-0.0839088
0.0488651
0.259039
-0.104892
0.0351218
-0.170337
0.0605707
0.120966
-0.422293
-0.0937375
0.261579
-0.0192779
0.0946004
0.196793
-0.00703621
-0.198589
-0.0135414
0.0566028
-0.102826
-0.119502
0.28534
0.179589
-0.151489
0.0964367
-0.0166005
-0.0567585
0.0953351
-0.171451
0.247345
0.2195
-0.00205232
0.199609
-0.172326
0.0178062
0.105647
-0.174906
0.128918
0.140774
-0.122971
-0.16254
-0.113056
-0.132647
-0.254865
-0.146105
0.107592
-0.06515
-0.260852
0.176277
-0.0404137
-0.16163
-0.196324
0.191649
0.139978
0.0154235
-0.0537827
0.121588
-0.00616656
0.0742619
0.0586531
-0.19171
-0.0596906
0.107857
-0.149818
-0.163969
-0.192793
0.103513
0.170686
-0.0289898
-0.0518494
-0.227483
0.124973
-0.101847
0.140376
-0.127639
0.0752186
0.129298
-0.0778112
0.362628
-0.219242
-0.0619849
-0.196021
0.325017
0.0624421
-0.0489431
-0.173638
-0.170299
-0.0759772
-0.258705
0.0379696
-0.177206
0.179807
0.0174984
-0.0440783
-0.111337
-0.269059
-0.0119773
-0.249972
0.107863
0.134436
-0.200019
0.0561008
-0.0732845
-0.0371012
-0.0344205
0.124483
-0.0727799
-0.0798927
0.210917
-0.0968281
0.199827
-0.245031
0.0213171
-0.192547
0.0394704
-0.104134
0.130785
0.189384
-0.109678
0.0884983
-0.0610426
0.00841911
0.1377
-0.259506
-0.0421318
0.0445317
0.0566451
-0.140335
-0.118904
-0.404175
0.0319345
-0.0165349
0.194185
0.181443
0.109238
-0.247248
-0.21699
-0.17979
-0.124635
0.0116293
0.236087
-0.21455
0.144759
-0.101013
0.0392227
0.0507027
-0.155776
0.106436
-0.0477316
-0.218687
-0.103319
0.0714463
-0.00273719
0.0231458
-0.161102
0.0503354
0.0444303
0.126739
-0.137088
0.00984144
-0.0769759
0.178789
0.145097
0.204183
-0.185521
0.0758819
0.106444
0.167292
0.174396
-0.125712
-0.31605
0.00678805
0.104519
0.272927
0.0564357
0.0516386
0.0975911
-0.00330734
0.220895
0.140469
-0.436817
-0.025579
-0.313806
0.0204369
-0.0257975
0.0662257
0.200176
0.169838
-0.107272
0.112082
0.010132
-0.0861924
0.0550503
0.112576
0.106317
0.064581
0.0705825
-0.0364906
0.156384
-0.0438475
-0.115991
0.0641501
-0.0392726
0.131169
-0.209436
0.214995
0.0753439
0.267282
-0.0614071
0.0304406
-0.118676
-0.109582
0.0305619
0.0862166
-0.0930008
-0.132631
0.144655
-0.142041
-0.0630166
0.184511
-0.0368545
0.199258
0.0935164
-0.0035186
0.0768749
-0.0234707
0.00602439
-0.137213
-0.021396
-0.0620505
-0.312769
0.181673
-0.163903
-0.0560573
0.173984
-0.161563
0.137946
-0.149132
0.165697
0.211117
0.0616062
0.0267319
0.132228
-0.11099
-0.00542291
0.00300538
-0.160581
-0.0177946
0.036655
0.116474
-0.143598
0.156965
0.0605423
-0.186181
0.0975915
-0.0115119
0.0333196
0.331088
0.00406849
-0.0878312
0.37641
-0.0356316
-0.0837069
-0.0770756
0.110113
-0.138291
0.275189
0.101594
0.00933067
-0.117588
-0.2254
0.0157739
-0.00860257
0.132735
0.159167
0.218607
-0.182685
-0.229464
-0.253236
0.168845
-0.100065
0.127627
0.265623
-0.254939
-0.157457
-0.101032
-0.13547
0.196918
0.0862665
0.232555
0.157028
-0.0480582
-0.094387
-0.104045
-0.199648
-0.294706
0.102707
-0.219053
0.00513526
0.159305
0.208835
-0.17222
-0.0527279
0.146236
-0.172353
0.131564
0.302685
0.248789
-0.0711644
0.130175
0.199025
0.0280401
-0.00473498
0.00639005
-0.0692954
0.0242729
0.0183098
0.159187
0.00459659
0.0459982
-0.306891
0.0867509
0.257877
-0.0105349
0.0737199
-0.106065
0.304501
0.182508
0.0171858
-0.0278253
0.126695
0.299271
-0.437565
0.0607785
0.145475
-0.141697
-0.057294
0.142265
0.0523353
0.00732541
-0.0609142
0.0918714
0.096799
0.00280331
0.0522454
0.254
0.085568
0.0709889
-0.106014
0.130845
-0.102026
-0.0686886
0.130006
0.149717
-0.118428
0.260027
0.0411484
0.0491422
-0.0219401
-0.0074374
-0.0341682
0.0407961
0.00526573
-0.0428644
0.30868
0.0773082
-0.313022
0.0705716
0.355367
-0.0583376
-0.0295469
-0.120676
-0.20502
-0.15562
0.259882
0.179615
-0.171349
-0.190325
-0.196208
-0.153536
0.226987
0.155882
0.132425
0.00327393
-0.149608
0.0371346
0.041687
-0.206109
0.095003
0.0259093
0.124932
0.134583
0.0873407
0.185347
0.0265837
-0.121224
-0.0739805
0.00300218
0.399062
0.28089
0.217897
-0.0865549
-0.123096
0.0120588
-0.147513
-0.0242852
-0.0494033
0.0682055
0.0573888
-0.030006
-0.293479
-0.0728955
-0.253598
0.18858
0.206524
0.0597661
-0.132515
-0.0613884
0.0472016
-0.19797
-0.363368
-0.0882027
0.201519
0.00541967
0.194279
0.12036
0.0543974
0.101579
0.184174
-0.123115
0.114354
-0.150982
0.084472
-0.150481
0.228377
-0.266269
-0.0966894
-0.0891196
0.193295
-0.130943
0.0719948
0.261666
0.0221733
-0.181461
-0.140662
-0.109996
-0.0341384
0.221077
0.325994
0.137163
0.1073
-0.0905624
0.160129
-0.182687
-0.0946914
0.0358961
0.0353228
-0.0361829
0.15016
0.324213
-0.0460757
0.025167
0.0766191
-0.048866
-0.0671124
0.171927
0.0131677
-0.274727
-0.0529986
0.00588151
0.242051
-0.0472252
0.12144
-0.0220364
0.0331566
0.0730781
0.210866
0.113782
-0.0682677
-0.341815
0.0578251
-0.206941
-0.0470891
-0.0851923
0.222644
-0.00127865
-0.016446
0.0680796
-0.000343973
-0.167252
-0.00288094
0.199315
-0.139495
-0.0332297
-0.0913723
-0.138694
-0.0910957
-0.15862
0.0517042
-0.158622
0.132324
-0.30365
-0.149735
-0.077955
-0.134171
0.148558
-0.260673
-0.26065
0.0662909
-0.0417654
0.0586174
0.0886241
-0.201401
0.293913
-0.0181457
-0.184773
-0.112086
0.182838
-0.121351
0.212881
-0.181301
0.20621
0.0920165
-0.0535181
-0.133238
0.215334
-0.00662226
0.0293617
0.0628116
0.0714519
-0.0179272
0.0605711
-0.221715
-0.108876
-0.237064
0.130179
0.00433981
0.0217076
-0.199177
-0.0604839
-0.23534
0.0255769
0.123733
0.0949774
0.0211346
-0.192186
-0.144426
0.0674774
0.0729636
-0.263035
-0.215917
-0.0692352
0.0927456
-0.0381318
-0.12173
-0.0652055
-0.0428575
0.356764
0.226364
-0.079853
0.205466
-0.0972902
0.113602
-0.0710153
-0.195476
-0.233021
0.152938
-0.199243
0.0351659
-0.24371
0.235241
0.0979256
-0.121324
-0.09579
0.093817
0.163491
-0.00489712
0.114793
-0.15005
-0.270752
-0.159312
-0.071515
-0.0582008
-0.0241305
-0.0800354
-0.110705
-0.0840346
-0.00138574
-0.00485146
0.00782983
0.00378085
0.129549
-0.15044
-0.190127
0.127217
-0.0157765
0.251521
-0.181593
-0.232796
-0.119595
-0.0861748
-0.063936
0.223838
0.123834
0.176132
0.0562182
0.139293
0.0607514
0.174103
-0.147604
-0.0867416
0.010855
-0.146978
0.162669
-0.107969
0.113255
-0.0740607
-0.0756568
0.0407134
-0.104293
-0.211581
-0.247123
0.00289239
0.0262375
0.0505258
-0.0441852
-0.0827306
0.0771371
-0.351548
-0.0585073
0.117234
-0.00546005
-0.160065
0.206442
-0.177876
-0.02395
0.262257
-0.139302
0.181916
-0.0878287
-0.201823
0.118063
0.16155
-0.037048
0.227596
-0.00945111
-0.180457
-0.162852
-0.116439
0.175878
0.0305646
0.0639318
-0.0344055
0.0296744
0.134546
-0.104336
-0.130165
0.0573361
-0.0586272
-0.0546902
0.0345443
-0.066054
-0.00856993
-0.185367
0.0535348
0.218146
0.285942
0.170309
0.140419
0.0747128
0.111199
-0.0205414
-0.0534176
0.0623518
0.0889731
-0.0730278
-0.033478
-0.0619323
-0.130147
-0.137891
-0.03935
0.0142665
0.0743989
-0.0457132
-0.130762
-0.00171885
0.200533
0.00764353
-0.0975724
-0.00534523
0.0816991
-0.0713612
-0.0900014
0.0929975
0.0367742
-0.213932
-0.0550547
0.090704
0.0980307
-0.0989053
0.284153
0.0632397
-0.182837
-0.0467728
-0.0755724
-0.0785787
0.166371
0.00344002
0.104767
-0.244236
-0.302371
-0.329264
0.0985204
-0.000472777
0.146546
0.324075
0.063013
0.00797785
0.160944
0.114326
0.287239
0.0814083
0.00858597
-0.0977253
-0.00346378
-0.0446629
0.189027
-0.290502
0.0859776
-0.230016
0.145476
-0.115789
-0.0922797
-0.29204
-0.180778
-0.0519527
-0.074307
-0.122668
0.0102453
0.0348213
-0.0574011
0.226468
0.0717936
0.194661
-0.0371649
0.178849
0.152923
-0.049533
0.225988
0.0220926
-0.323014
-0.158055
-0.0412684
-0.179461
0.146604
0.22717
-0.21944
-0.0966791
-0.212129
0.0729828
0.0588673
0.269378
0.0657774
0.0432112
0.0943073
0.0738031
-0.116495
-0.0874752
0.0337317
0.224879
0.104279
0.0627704
-0.147308
-0.0697954
0.174497
-0.128249
-0.232325
0.209986
-0.0719447
0.0359122
-0.210801
-0.19602
-0.190449
-0.152077
0.0524383
-0.0212751
-0.313436
0.0638355
0.375728
0.21138
-0.14743
-0.165902
-0.181675
0.232046
-0.0410676
0.097639
-0.0209679
0.0298721
0.120152
-0.0919738
0.24153
0.00257936
0.232538
-0.0472377
-0.0500454
0.119235
0.200353
-0.163511
-0.166379
0.0683333
0.104378
0.0958257
0.320929
0.202755
-0.0116153
0.297907
0.0782848
-0.081728
0.424037
0.200874
0.170896
-0.223289
-0.135416
0.0378712
-0.0675144
-0.200035
0.0217108
-0.0748667
0.176724
0.201788
-0.132517
0.0675568
0.0606709
-0.0875619
-0.0944576
-0.278953
-0.144253
0.144129
-0.0848963
-0.165285
0.114081
-0.0884312
-0.11372
-0.16419
0.0970075
-0.117716
0.198513
-0.0365686
0.0843831
0.20608
0.0743837
0.280296
-0.1004
0.0342441
0.250981
0.131103
-0.166506
-0.128794
0.11762
0.168174
0.341005
0.0271978
0.197403
-0.132502
-0.0638981
-0.00495456
-0.0354787
-0.0893883
0.19816
-0.000773333
-0.151814
-0.18461
0.174504
-0.263243
-0.228309
-0.0124268
-0.266897
-0.0469683
-0.249914
-0.130045
0.0581967
-0.0851506
-0.0620063
-0.263844
-0.146683
-0.150917
0.0722349
0.206275
-0.144551
0.0403965
-0.127259
0.182528
0.253581
0.177275
0.203718
-0.110997
0.132263
0.0307847
-0.281025
0.00908993
0.391236
-0.26957
-0.212198
-0.0277699
-0.101675
-0.179814
0.00213813
0.129453
0.153085
0.0774648
0.323168
-0.212131
-0.210491
0.119219
-0.340735
0.283724
0.0271781
-0.199826
0.140959
-0.14
0.071632
0.098957
-0.0109653
-0.128179
0.101931
-0.0958986
-0.162719
0.053008
0.046965
-0.263697
0.0448536
-0.087173
0.0411299
-0.0681572
-0.16445
-0.1923
-0.0754851
0.209702
-0.133288
0.112049
0.00135838
-0.0283169
0.180385
0.0111621
-0.0686038
0.0826344
-0.124834
0.129165
-4.34365e-05
-0.0553001
0.0780416
-0.116988
-0.0876177
0.161868
0.145311
0.0670231
0.0634605
0.0346998
-0.174933
0.221972
0.12619
-0.0424981
-0.234831
-0.0673493
-0.272016
0.240889
0.0968476
-0.168346
0.374595
-0.229716
0.266037
-0.022781
0.231919
-0.150307
0.102404
-0.091306
0.141677
0.121718
-0.0370511
-0.161426
0.10727
0.073684
-0.13104
0.230587
0.0790165
-0.196322
-0.131107
0.203058
0.0653289
0.279509
0.0449777
-0.136215
-0.0884503
0.0733462
-0.131632
0.233023
-0.0671761
-0.215021
0.0853378
-0.141281
0.0994055
0.0196799
-0.0601876
-0.117325
-0.0169548
0.195526
-0.355212
0.0604605
-0.145727
-0.201118
0.0544125
0.0904122
-0.0289533
0.151376
-0.0536148
0.0811916
-0.169187
-0.0901533
-0.0509658
0.125159
0.0536
0.263965
-0.134763
-0.023421
-0.101603
0.0932283
0.0192753
0.157275
0.109009
-0.0614843
0.253079
0.0590695
0.134651
0.139663
-0.0183789
0.102924
-0.0585336
0.307982
0.123872
0.152216
-0.0707425
0.122238
-0.0979823
0.0653599
0.0539366
-0.097872
-0.24699
-0.00983971
0.0480943
0.182631
0.193282
-0.206354
-0.124245
-0.0928861
-0.09215
0.125836
0.238448
0.190739
-0.36887
-0.15269
-0.0581505
0.0357094
0.00375224
-0.0948881
-0.0279182
-0.053396
-0.192144
0.237814
0.150717
0.00181374
-0.0538067
-0.272236
-0.0665923
0.303217
0.00213319
0.00348538
-0.236836
0.09495
-0.0695472
-0.109786
-0.138096
-0.135079
0.0994564
0.0111917
0.173753
-0.0121949
-0.0342421
0.213518
-0.14088
0.0688088
-0.0832217
0.178386
-0.149845
-0.196858
0.124778
-0.280262
0.0462996
0.203607
0.314397
0.161144
-0.0889361
0.0882177
-0.155908
0.132093
-0.0683763
0.0949782
0.164305
-0.00161228
-0.0153059
-0.114198
-0.0213318
0.177997
0.279516
0.239675
-0.206297
0.0499656
0.0551162
0.154901
-0.236113
-0.0580563
-0.085779
0.00216558
0.0847153
-0.242665
-0.112962
0.191877
0.170952
0.146527
-0.122883
0.138406
-0.284898
0.020553
-0.0233797
-0.04662
-0.0431803
-0.0818453
0.252132
-0.0673608
0.0056006
0.240455
-0.108968
0.1416
-0.198048
-0.238796
0.225746
0.168063
0.181938
0.141848
0.312018
0.140875
0.0652371
0.22744
-0.078298
0.0729511
-0.0154274
-0.0725815
-0.183808
0.250847
-0.101358
0.0910547
-0.0151194
0.118678
0.194938
0.232152
888888
0.0472632
0.0545687
0.0394987
0.0467933
0.0488183
0.0446575
0.0666326
0.0481495
0.0513625
0.0713096
0.0450797
0.0564901
0.0329391
0.0424054
0.0489362
0.0711259
0.0462539
0.0597479
0.0569792
0.071039
0.0713597
0.0486295
0.0523113
0.0411476
0.0806361
0.0491119
0.0554496
0.0580294
0.0368778
0.0607109
0.0522595
0.0402584
0.066218
0.0708411
0.0582565
0.0476319
0.0516901
0.0560961
0.0571632
0.0731458
0.0508907
0.0477128
0.0519731
0.0546657
0.0774165
0.0543731
0.0524001
0.0611896
0.046949
0.0375533
0.0461701
0.0377922
0.0633305
0.0587884
0.0524102
0.0448948
0.0536223
0.0532336
0.054995
0.069444
0.0694828
0.045294
0.0390704
0.0519114
0.0422312
0.041477
0.0372558
0.0553074
0.0370345
0.0362225
0.0612416
0.0593331
0.0469877
0.0618379
0.0485932
0.0455302
0.0505164
0.052554
0.0477142
0.058627
0.0498612
0.05087
0.0559983
0.0458014
0.0603705
0.0455324
0.0568624
0.0576887
0.0704083
0.0511421
0.0514229
0.0519968
0.0362497
0.051304
0.0533866
0.0474804
0.0690323
0.0573211
0.0582161
0.0448195
0.044006
0.0512484
0.0372065
0.0468419
0.0509002
0.0474158
0.0398986
0.0389228
0.0516868
0.0532018
0.0623971
0.0501718
0.0550088
0.0431519
0.0434103
0.042624
0.0529491
0.0503234
0.0624266
0.0565457
0.0642579
0.0434203
0.0581762
0.0400975
0.0401997
0.0499053
0.0459785
0.0494027
0.0512034
0.0563719
0.0529841
0.0610502
0.0441502
0.0448049
0.0514894
0.0496674
0.0405646
0.0434604
0.0607658
0.0378153
0.0472529
0.0585475
0.046955
0.0605678
0.0682374
0.0444223
0.0408315
0.0617078
0.0502669
0.0579491
0.0621997
0.0353751
0.0464651
0.0442405
0.0495845
0.0481339
0.045062
0.0609648
0.0516762
0.0839029
0.0433214
0.0451984
0.0494077
0.0651431
0.0381422
0.0615886
0.0566049
0.0598604
0.0357381
0.0442767
0.0456005
0.056613
0.049353
0.0476928
0.0551558
0.0505255
0.0686727
0.0535548
0.0644154
0.0371956
0.0433876
0.0543453
0.048112
0.0453209
0.0609001
0.0612996
0.0530144
0.0536508
0.0625839
0.0519818
0.0651257
0.04143
0.0583563
0.0604851
0.05873
0.0451356
0.0517405
0.0475377
0.0514284
0.048152
0.0633604
0.0761095
0.0672739
0.0605214
0.0560976
0.0499412
0.0458328
0.0681556
0.0564558
0.0442478
0.0581978
0.0697064
0.0377686
0.0416472
0.0396097
0.0477056
0.0326062
0.0439588
0.0482543
0.0404048
0.0496803
0.0516514
0.0297569
0.0737389
0.0398324
0.0557752
0.0536422
0.0628395
0.0416222
0.0509456
0.0479693
0.0550077
0.0456557
0.0584793
0.0530442
0.0753262
0.0502615
0.0602812
0.0363887
0.0597496
0.0477132
0.0463571
0.0517799
0.0411792
0.0518332
0.0593389
0.0454304
0.0592659
0.0471301
0.0403939
0.0401887
0.0498974
0.0434103
0.0503061
0.0485828
0.0443252
0.0609784
0.0665909
0.0507298
0.0542514
0.0685404
0.0361908
0.0498234
0.0451415
0.0330915
0.0587393
0.0576994
0.0343645
0.0504017
0.0585711
0.0616828
0.0494975
0.0662992
0.0365115
0.0556342
0.0673694
0.053547
0.0638654
0.0620256
0.0619061
0.0426896
0.0513355
0.0498602
0.0409001
0.0380956
0.0802789
0.0486494
0.0495462
0.0626386
0.0586713
0.0559269
0.0535281
0.0466396
0.0432149
0.0531682
0.0463975
0.05494
0.0605431
0.0630566
0.045686
0.0512068
0.0608113
0.0609415
0.0516769
0.068461
0.0336152
0.047394
0.0510153
0.0483624
0.0695668
0.0365635
0.0374375
0.04349
0.0502612
0.0593448
0.0627424
0.0506488
0.0481725
0.0457914
0.0381292
0.0505755
0.0534966
0.0438671
0.0758031
0.0593416
0.0444275
0.0499335
0.0446224
0.0332846
0.0406885
0.0675545
0.0392785
0.0607313
0.0452973
0.0588508
0.0484159
0.0391177
0.0448347
0.0462763
0.045205
0.0545011
0.0480858
0.0494729
0.0478804
0.0564267
0.0465978
0.0669755
0.0413067
0.0332861
0.0711141
0.0547917
0.0625586
0.0450976
0.047455
0.0423267
0.0450364
0.0567369
0.0342513
0.0471886
0.0503544
0.0421053
0.0524723
0.0444449
0.0651162
0.0488715
0.0486107
0.0408173
0.0370208
0.0524761
0.0408489
0.0575877
0.0518469
0.0613621
0.0495938
0.0528537
0.0491765
0.0583855
0.0501432
0.0510057
0.0531913
0.0483352
0.0384374
0.0742582
0.0314604
0.0721575
0.047996
0.0531966
0.0439337
0.0711721
0.0530169
0.0400561
0.0731317
0.0581428
0.0555372
0.0632639
0.0556102
0.0439084
0.050131
0.0351115
0.0445783
0.0489455
0.0434352
0.0563696
0.0585902
0.061195
0.0432693
0.0445811
0.0550059
0.0398993
0.0509661
0.0499715
0.0438108
0.0412643
0.0554802
0.0631228
0.042757
0.0442038
0.0524618
0.0560057
0.0445938
0.0585624
0.050552
0.0656688
0.0486435
0.0537468
0.0543863
0.0359101
0.0444922
0.0499718
0.0398463
0.0409467
0.0448342
0.0417444
0.0598459
0.0537997
0.0359545
0.0620267
0.0337437
0.0657806
0.0429348
0.0470786
0.0457386
0.058737
0.0610306
0.0486903
0.0483626
0.0462282
0.0421331
0.0494895
0.0572004
0.0550907
0.0552179
0.0469948
0.0513941
0.055773
0.0636385
0.0360393
0.0531545
0.0453974
0.0476615
0.0454091
0.0474193
0.0583547
0.0798053
0.0720808
0.0528907
0.0439365
0.0398312
0.0592811
0.0517574
0.0363925
0.0459099
0.0506594
0.0422418
0.0437787
0.0815318
0.0438702
0.0735678
0.0509335
0.0539446
0.0603625
0.0567012
0.0540735
0.0430572
0.0669372
0.0500887
0.0620998
0.0370154
0.0461089
0.0595013
0.0519189
0.0628003
0.047146
0.0458077
0.0449154
0.0565725
0.0497279
0.0685638
0.0453088
0.0723696
0.0523673
0.0521405
0.0562245
0.0397006
0.0572204
0.0438503
0.0415837
0.0556221
0.0484473
0.0456619
0.0532159
0.0417489
0.0491577
0.062441
0.053994
0.0519261
0.064698
0.0415893
0.0472236
0.0384774
0.0446075
0.0407213
0.0448273
0.0619987
0.0543097
0.0381212
0.0451416
0.052647
0.0422439
0.0459143
0.0451933
0.0431933
0.0435117
0.0467134
0.0659383
0.0643554
0.0409295
0.0350416
0.0358569
0.0393527
0.0679114
0.0351306
0.0583442
0.050088
0.0456149
0.07169
0.0473823
0.052313
0.0447444
0.053363
0.0504227
0.0389779
0.0512926
0.0505741
0.0431003
0.0325038
0.0601548
0.0448549
0.0494073
0.039082
0.04957
0.0401706
0.0408585
0.0455523
0.0628091
0.0450196
0.0613797
0.0413289
0.0547442
0.0480002
0.0405831
0.0499394
0.0381669
0.0562275
0.0414785
0.0542294
0.0512597
0.042174
0.0393623
0.0695986
0.0379574
0.0368752
0.0495753
0.045817
0.0505521
0.0432334
0.0505355
0.0540662
0.0399138
0.0553813
0.0542597
0.0536984
0.0336674
0.0440284
0.0369539
0.0561082
0.0458992
0.060279
0.0505264
0.0453674
0.0590983
0.0654142
0.0606513
0.0607629
0.0947186
0.047525
0.0642617
0.0533366
0.0596319
0.0455661
0.0608923
0.0459121
0.0638292
0.0499007
0.0589082
0.0456154
0.0396385
0.0673722
0.0589217
0.0471404
0.0483031
0.0614961
0.0591019
0.0392435
0.0436898
0.0556698
0.0355391
0.0607072
0.0472053
0.055273
0.0653829
0.0541733
0.0467958
0.0467916
0.0508013
0.0619706
0.0342775
0.0723304
0.044441
0.0437665
0.0560068
0.0630573
0.0376257
0.0632387
0.0424196
0.0530658
0.0528578
0.0441688
0.0705655
0.0503575
0.0557538
0.0644683
0.0408228
0.0578027
0.0522249
0.0795812
0.0527318
0.0375179
0.0562902
0.0549718
0.0400963
0.0467431
0.0436961
0.0528498
0.076477
0.0546405
0.0722839
0.0671117
0.0514438
0.0411124
0.0528035
0.0523063
0.047431
0.0413479
0.0596247
0.0656128
0.0468682
0.0625798
0.0448524
0.0386369
0.0631252
0.0639942
0.0535395
0.0353762
0.0411448
0.0507416
0.0323338
0.0577101
0.0447894
0.0453995
0.047768
0.0680199
0.028262
0.0429324
0.0478741
0.0575177
0.0632725
0.0429352
0.0447379
0.0390098
0.0499174
0.0608675
0.0433756
0.0595499
0.0495066
0.0435558
0.0513679
0.0471003
0.0587609
0.0330403
0.057306
0.0585719
0.0534692
0.0637284
0.0575993
0.0502992
0.0419434
0.0585829
0.0544235
0.05647
0.0438402
0.0417508
0.0923167
0.0434136
0.0499659
0.0453674
0.0519102
0.0496951
0.0448592
0.0549838
0.04116
0.0406263
0.0617342
0.0457245
0.0607519
0.0390256
0.0536341
0.0410195
0.0680071
0.0396185
0.0442528
0.0512957
0.0430404
0.0500225
0.0513278
0.0479158
0.0592457
0.057988
0.0411667
0.0325793
0.0350319
0.0476318
0.0360759
0.0609895
0.0325129
0.0322247
0.0541658
0.0581251
0.0557627
0.0467381
0.0434397
0.0607987
0.0379871
0.0580064
0.0604056
0.0659321
0.0809877
0.0539064
0.0359951
0.0458628
0.0432606
0.0453217
0.0479815
0.0582232
0.0632898
0.0643973
0.0647898
0.037716
0.0714681
0.0474938
0.0495354
0.0551085
0.04858
0.0519901
0.0645605
0.034565
0.0582588
0.0406303
0.0506154
0.0557046
0.0370896
0.0490915
0.0517642
0.0458714
0.0498936
0.0445268
0.0488246
0.0465462
0.0282277
0.0528892
0.0541517
0.0569433
0.0522884
0.0443947
0.0468041
0.0652951
0.0657858
0.0644343
0.0476553
0.050871
0.0546451
0.0386118
0.0459229
0.0389068
0.0481918
0.0433996
0.0489312
0.0341357
0.0486778
0.0532442
0.0463525
0.0489735
0.0557724
0.0592756
0.0514197
0.0412562
0.0529458
0.0453311
0.0438278
0.0539581
0.0446381
0.0392664
0.05421
0.0607171
0.0404055
0.0473614
0.058013
0.0535811
0.0432872
0.0404451
0.0592016
0.0418729
0.0580535
0.0547443
0.0421
0.0590749
0.0459583
0.0510065
0.0472393
0.0386606
0.0404944
0.0785109
0.0584016
0.0449125
0.0602549
0.0368234
0.0473834
0.0419564
0.0648147
0.0435788
0.0668937
0.0741685
0.0483427
0.0453974
0.0447451
0.0508502
0.0430455
0.0656486
0.0589348
0.0423517
0.0407088
0.0409684
0.0379376
0.0650629
0.06161
0.038589
0.0399219
0.0503982
0.0513311
0.0411247
0.0393264
0.0420299
0.0541798
0.0393746
0.0686558
0.0399286
0.0408783
0.0398985
0.04946
0.0457712
0.0502934
0.0541515
0.0497758
0.0392705
0.0542783
0.0586988
0.0724141
0.0652053
0.0389487
0.0538236
0.0593695
0.0378832
0.0455454
0.0500163
0.0549091
0.0458138
0.044791
0.0613316
0.0424544
0.0488322
0.0550611
0.0382652
0.0494633
0.050498
0.041423
0.0499732
0.0585214
0.0529001
0.0445458
0.0525659
0.0443234
0.0552155
0.0535526
0.050093
0.0502199
0.0715826
0.0573738
0.0597037
0.047634
0.0446871
0.0575923
0.0535882
0.0528996
0.0537375
0.0338348
0.0505679
0.060335
0.0565095
0.0549422
0.0454925
0.0386895
0.0407406
0.0408212
0.0441459
0.0396546
0.0477265
0.0654701
0.0452011
0.0330446
0.0690994
0.0468013
0.0377549
0.0476423
0.0516655
0.0453364
0.0674542
0.0400115
0.0370015
0.0494623
0.0506875
0.0465132
0.0573605
0.0526072
0.0431432
0.0699244
0.0710411
0.0371877
0.0457125
0.0586166
0.0622832
0.0602523
0.0467111
0.0445814
0.0520616
0.0564163
0.0441333
0.0617659
0.048562
0.0374158
0.0532977
0.0588033
0.0516175
0.0422806
0.0391174
0.054567
0.0294641
0.0369928
0.0464561
0.0542565
0.057078
0.0446882
0.0435733
0.0394271
0.0563185
0.0441089
0.0595064
0.0451828
0.0442832
0.0412625
0.0560689
0.0576479
0.0506523
0.0475872
0.0506048
0.0461484
0.0577238
0.064587
0.0427904
0.0675277
0.0457592
0.0540397
0.0432533
0.0594268
0.0393187
0.0487091
0.0478858
0.0616733
0.0548128
0.0530248
0.0583313
0.0530206
0.0493043
0.0522132
0.0569655
0.0469872
0.0597423
0.0631405
0.0797041
0.0563293
0.0706319
0.0385944
0.0402084
0.0480747
0.0491146
0.0590826
0.0735357
0.0654209
0.0501707
0.0540269
0.0520562
0.0299393
0.0615556
0.0396317
0.0338679
0.0422663
0.0586055
0.0745023
0.0640932
0.0644948
0.0484299
0.0465465
0.0442566
0.0507204
0.067582
0.0453396
0.0588485
0.0349449
0.0450071
0.0701603
0.0598072
0.0685335
0.0435869
0.0572199
0.0470108
0.0621938
0.0503396
0.0550143
0.0569108
0.0537882
0.0467706
0.0456849
0.0523926
0.0581414
0.0430228
0.0415649
0.0562106
0.0463242
0.0482346
0.0418635
0.0511099
0.0463066
0.0627834
0.0526395
0.0847907
0.046311
0.0472699
0.0438502
0.0450918
0.0366629
0.0451155
0.0468922
0.046567
0.0487019
0.0417538
0.0592222
0.0691047
0.0594679
0.0501647
0.033132
0.0557231
0.0503804
0.0568605
0.0559825
0.0502299
0.0483143
0.0733043
0.0453266
0.0379393
0.0627355
0.0700039
0.0574107
0.04642
0.0663537
0.037916
0.0629272
0.0427184
0.0484734
0.0396975
0.0436994
0.0646345
0.0389139
0.0545048
0.0533831
0.0441281
0.0566732
0.0507648
0.0433659
0.0510485
0.0536956
0.0566589
0.072099
0.0333824
0.046257
0.04058
0.0638157
0.0708027
0.0379131
0.0465597
0.0470068
0.0397041
0.0491536
0.05102
0.04571
0.0415501
0.0544578
0.0463551
0.0462659
0.0425676
0.0593079
0.0368346
0.0332251
0.0496665
0.0632915
0.0627354
0.0717156
0.0347159
0.0642675
0.032917
0.0478018
0.0426877
0.0573275
0.0334004
0.0465945
0.0419749
0.0464647
0.0494179
0.0502667
0.0513841
0.0452254
0.0506885
0.0567887
0.0962695
0.0370681
0.0490781
0.0426942
0.0618071
0.0610857
0.0417266
0.038431
0.0414584
0.0453666
0.0559505
0.0566514
0.0498425
0.0639656
0.0543831
0.0489097
0.0494307
0.0517177
0.0656801
0.0393649
0.0421637
0.0543423
0.0527207
0.0479246
0.0641835
0.0513629
0.059165
0.0616176
0.0642925
0.0471102
0.0508372
0.0668526
0.0519748
0.0372013
0.0657396
0.0462888
0.0573953
0.0450131
0.0427256
0.0494386
0.0480582
0.0577532
0.0600133
0.0498023
0.0626584
0.0518949
0.0440813
0.0433822
0.0688638
0.0428004
0.0512752
0.0703327
0.0615079
0.0423847
0.0430745
0.0661633
0.0490407
0.0383845
0.0561541
0.0536799
0.0480739
0.0511596
0.046864
0.0600619
0.0508662
0.0660808
0.0548854
0.0497521
0.0415183
0.0467533
0.0630747
0.0445295
0.0346286
0.0408999
0.0495162
0.063916
0.0564613
0.0476614
0.0462193
0.0525481
0.0591273
0.0419102
0.0425872
0.0454154
0.0369317
0.0586169
0.0421847
0.0333465
0.051686
0.0691798
0.0605084
0.0481078
0.0609689
0.061612
0.0432282
0.0447227
0.0475741
0.0576976
0.0430364
0.0493332
0.046052
0.0469313
0.0585316
0.0474778
0.0448231
0.0518288
0.0610831
0.0570873
0.0579476
0.0553304
0.044504
0.0745031
0.0581587
0.0485396
0.0466659
0.0649559
0.0484566
0.0423016
0.0582438
0.0557162
0.0624635
0.0536457
0.0550998
0.0462946
0.0331971
0.0498937
0.0668774
0.032456
0.0469545
0.0423944
0.053834
0.0336654
0.0437224
0.077024
0.0458497
0.0594124
0.0461076
0.0541673
0.0465121
0.0524345
0.0472138
0.0417233
0.0506431
0.0516081
0.0501687
0.0567666
0.0453794
0.0436015
0.0456396
0.080581
0.0649249
0.045497
0.048179
0.0398921
0.070262
0.0513836
0.0450262
0.0765629
0.0405648
0.046877
0.0519643
0.0421617
0.0557144
0.0510417
0.043852
0.0451722
0.0467313
0.0666892
0.046979
0.0449975
0.0652026
0.0321333
0.0498085
0.0512231
0.0474713
0.0578337
0.0544504
0.0512731
0.0545223
0.0586329
0.0526498
0.0625176
0.0580724
0.0392561
0.0460986
0.0505495
0.0540394
0.0470279
0.0437304
0.0507162
0.0524788
0.0422458
0.0413231
0.0382639
0.0446979
0.0486985
0.0520391
0.068456
0.0520686
0.0510714
0.0431337
0.0389797
0.048664
0.0344278
0.0531352
0.0580415
0.0732329
0.0507996
0.0566979
0.0537835
0.0505679
0.0520468
0.0644291
0.049275
0.0548462
0.0571008
0.0643461
0.042722
0.047705
0.0545026
0.0459376
0.0350321
0.0413018
0.0461187
0.0531454
0.0551416
0.0443297
0.0528426
0.0507524
0.0452451
0.0451084
0.0370681
0.055316
0.0637455
0.0412827
0.0420123
0.0531161
0.0434103
0.0465647
0.0543111
0.0652555
0.0395297
0.0562198
0.0386026
0.0600285
0.0351872
0.0596719
0.0470033
0.049561
0.0467991
0.0467764
0.0472026
0.0403792
0.0729459
0.0722039
0.0653268
0.0464653
0.0438079
0.0518648
0.0471087
0.0555082
0.0741203
0.0469501
0.0396414
0.0525191
0.0565379
0.0567809
0.0515372
0.0526506
0.0479144
0.0424436
0.0409678
0.0561685
0.0330222
0.0446113
0.0592122
0.0388805
0.0460719
0.044971
0.0645534
0.0534737
0.0582321
0.049216
0.0364326
0.039907
0.0485609
0.0533907
0.0532214
0.0420369
0.0565701
0.0265306
0.0482599
0.0609335
0.0597371
0.0464988
0.0377865
0.0465262
0.0663814
0.0448071
0.0419775
0.0467563
0.0456601
0.0686162
0.0520879
0.0456031
0.0402943
0.0528996
0.0476407
0.0307071
0.0331118
0.0448774
0.0551789
0.0538903
0.046283
0.0389677
0.0518981
0.0439464
0.0549257
0.0511282
0.0561142
0.0527329
0.0609934
0.0592704
0.0687241
0.0503203
0.04881
0.0627924
0.0932895
0.0525718
0.0439319
0.0373551
0.0479258
0.043601
0.0497941
0.0521136
0.0447792
0.0650213
0.0406685
0.0427378
0.0566692
0.0401391
0.0631142
0.0543667
0.0389637
0.0508615
0.0434668
0.0411663
0.0481901
0.0400038
0.0449511
0.0554959
0.0435232
0.0645537
0.034437
0.0573374
0.0595896
0.0354908
0.0428453
0.0432142
0.065739
0.0587201
0.0437442
0.0512707
0.0443557
0.0432215
0.054155
0.0549219
0.0328874
0.0407604
0.0524913
0.0603468
0.057878
0.0363939
0.0457214
0.0422607
0.0393938
0.0601878
0.0577033
0.0464114
0.0426039
0.0349529
0.0473393
0.0441507
0.0534952
0.0540477
0.0486504
0.0631494
0.0366434
0.0438039
0.048809
0.0535945
0.0427421
0.0548976
0.055395
0.045726
0.0465178
0.0521322
0.0359723
0.0422332
0.0607296
0.0409415
0.0378468
0.033899
0.0596034
0.0570135
0.0488141
0.0399097
0.056702
0.0419275
0.0475466
0.0519635
0.0667012
0.0494825
0.0721188
0.0387659
0.0652424
0.0718055
0.0493033
0.0704816
0.0603927
0.0619501
0.0466494
0.0546199
0.0382156
0.0431083
0.0527632
0.0632449
0.0505159
0.0545745
0.0430574
0.074543
0.0506683
0.0458569
0.0334154
0.0552514
0.043311
0.0426174
0.0290602
0.0622591
0.0524037
0.0520829
0.0645309
0.058713
0.0487401
0.0468334
0.0529329
0.0525072
0.0533903
0.0530308
0.0391202
0.0618594
0.0721816
0.0427339
0.054467
0.0409538
0.0496325
0.0480245
0.0454601
0.058577
0.0512436
0.0446621
0.0494407
0.0430164
0.0575795
0.0607888
0.0452887
0.0562648
0.0495241
0.0537286
0.0564182
0.0503402
0.0427682
0.0712332
0.044499
0.067713
0.0613436
0.0416704
0.039169
0.0462355
0.0576859
0.0516334
0.052208
0.0456842
0.0466438
0.0606734
0.0517477
0.0480558
0.048475
0.0696731
0.0604819
0.0504024
0.0375374
0.0527586
0.0395879
0.0590077
0.0503357
0.0422915
0.0441578
0.0511741
0.0615232
0.0442086
0.0377379
0.0388508
0.0509689
0.0432787
0.0408316
0.0459257
0.0479919
0.0368413
0.0540757
0.0461943
0.0805599
0.0517345
0.0455085
0.046373
0.0406718
0.0752139
0.0410942
0.0693469
777777