2.78685
999999
-0.184232
0.0609584
0.0259676
-0.0499391
0.0407561
-0.116444
0.103133
-0.12985
0.198871
0.0636529
-0.126631
0.138184
-0.112303
-0.124082
0.0251505
0.123679
-0.0225944
-0.00584603
-0.182549
-0.0410325
-0.146397
0.00176111
0.0924367
-0.0389228
-0.0538824
0.19881
-0.0385997
-0.0733354
0.157545
0.0525059
-0.191769
9.92357e-05
0.18691
0.109702
0.0344806
0.0888238
0.134222
-0.154583
-0.167341
0.0629418
-0.179149
0.0348169
0.19815
-0.190192
-0.0335971
-0.0991612
-0.079521
0.0597754
-0.0571597
0.0159434
0.144866
-0.197743
0.183407
0.000166872
-0.102111
-0.19791
0.034636
0.0777097
0.181322
-0.13686
0.117365
-0.0852234
0.188156
-0.0539943
-0.0171372
0.0277505
0.130778
0.184793
0.166239
0.158002
0.130718
0.0713845
0.0622049
0.167233
-0.152002
-0.118928
0.104007
-0.0906774
-0.0492268
0.123444
-0.141269
-0.0241594
-0.0785345
-0.0831104
0.0973274
-0.105563
0.14721
-0.0856336
0.115118
0.0425193
0.0252457
0.12369
-0.02327
-0.145634
-0.136218
-0.0960941
0.105254
0.0281706
-0.0250156
-0.0241097
-0.115648
0.010187
-0.0303394
-0.177027
-0.113578
-0.0834135
-0.17251
-0.176033
-0.116921
0.00657042
0.161302
0.156855
0.134602
-0.195841
0.0350269
0.00841837
-0.111093
-0.0892564
-0.175519
0.147609
-0.147965
0.0953973
-0.0242381
0.0796406
-0.172211
0.14886
0.111712
0.0888499
-0.053997
0.0660226
0.124459
-0.0178506
0.145195
-0.0809093
-0.10433
0.0059926
-0.0979007
-0.187553
0.0419658
-0.184465
0.037585
0.171682
-0.0577545
-0.00755933
-0.0264639
0.0526702
0.128848
-0.0650732
-0.111355
0.120668
0.0159004
-0.0963038
0.1984
0.0526277
-0.104611
-0.181472
0.0646592
-0.173987
0.157245
0.184451
-0.0183514
-0.163941
-0.129351
0.0998562
0.124388
-0.0442481
-0.0713032
0.0355254
-0.163122
-0.0726743
0.179789
-0.114274
-0.155665
0.0429052
-0.0272655
0.0712667
0.0539437
-0.0539343
0.0869612
-0.061807
0.178346
-0.169543
-0.138612
0.121864
0.093608
-0.135543
-0.0926788
-0.0407111
-0.190325
-0.193393
-0.0805496
0.0596322
0.0340819
0.100818
-0.019629
-0.0556923
0.17684
-0.0101824
0.115864
-0.0620458
0.120821
0.187062
-0.145713
0.0867386
0.190932
-0.0919979
-0.170898
-0.172418
-0.198513
0.0203319
0.193252
-0.0103755
0.172992
0.164873
-0.150136
0.0433143
0.129727
-0.128333
0.00771985
0.17549
0.110479
-0.0471935
-0.0345032
-0.0778678
-0.115534
0.125188
-0.0779511
-0.00794026
-0.0776074
0.197759
0.169231
0.0890514
0.000265116
-0.117497
-0.109595
-0.180563
-0.00767373
0.119358
-0.138047
0.10536
-0.158049
0.0318386
-0.0125515
-0.0252026
0.18379
-0.0755694
-0.00167766
0.157447
-0.147835
-0.141653
-0.0593792
-0.0235706
-0.0895671
0.130582
-0.00065921
0.168754
-0.032594
-0.129141
-0.0530003
0.12721
-0.0296258
0.0652474
0.130738
-0.148613
0.078414
0.0467139
0.0872085
-0.000804874
-0.183603
0.0197879
-0.102234
-0.0969233
-0.139036
-0.195257
0.093777
-0.0419669
-0.0683405
0.158286
-0.0381249
-0.047877
-0.101753
-0.136119
0.0630168
0.0889448
0.0789404
0.0882792
-0.0223702
-0.188176
0.00655864
0.0789634
0.169644
-0.0130538
-0.197024
-0.0465631
0.058056
-0.0581644
-0.116311
0.0363904
-0.198583
0.023683
-0.175101
-0.00331181
-0.124739
-0.139963
-0.0662109
0.161248
0.133484
-1.13836e-05
0.122734
0.141042
0.0729353
0.179049
-0.0779493
-0.126376
0.119801
0.130052
0.00483202
0.024348
0.135379
0.196108
-0.0150432
0.120518
-0.169805
0.14124
-0.0141336
-0.155742
0.123254
0.0676299
-0.140257
0.169295
-0.0304938
-0.00159353
-0.189572
-0.0539881
-0.186844
0.146577
0.0108974
0.097085
0.051364
-0.0582762
-0.0929282
-0.0778499
-0.194964
0.0501014
0.0740864
-0.138976
-0.0364966
0.0141841
-0.0964675
0.0658555
0.144334
-0.0209068
0.195106
-0.00452401
-0.0953138
-0.0578396
0.125066
0.160213
-0.153665
-0.0307251
0.0835794
0.0851941
0.0734977
0.0703738
0.175356
-0.127495
0.147297
-0.156024
-0.163966
0.135561
-0.0484462
-0.112321
-0.196187
-0.188898
-0.0975604
-0.189166
-0.0946271
-0.0823788
0.133715
-0.0347232
-0.163231
0.0383272
-0.117055
-0.00383001
0.184148
0.0742941
0.0292447
-0.161817
0.146669
0.105879
-0.0412065
-0.0456008
0.182732
0.150868
-0.109319
-0.198221
0.125484
-0.040704
0.115085
0.127015
-0.0660223
-0.193159
0.149783
-0.163679
-0.00877364
-0.165253
0.162855
-0.143235
0.182124
0.0803848
-0.10956
-0.189478
-0.0403087
0.0191411
0.102656
-0.0662735
-0.193574
0.00475895
0.0122993
0.193505
-0.0989993
0.0819676
-0.180794
-0.188593
-0.0416341
-0.190566
-0.0601931
0.0778158
0.198311
-0.0201854
0.0627603
0.0743446
-0.176396
-0.152259
-0.0691951
0.0210193
-0.123726
0.0750472
-0.142729
0.136397
-0.173661
0.149491
0.107685
-0.135448
0.0387414
0.0216733
-0.0879595
0.146056
0.170713
0.107425
-0.119314
-0.0245058
0.135315
0.119219
0.177665
-0.076238
-0.143924
0.186121
0.176522
0.107141
-0.0817049
-0.0704594
0.169392
-0.0624418
3.9126e-05
0.152508
-0.076926
-0.0342498
0.16155
-0.014538
0.0541235
-0.0668156
0.00923887
-0.0429028
-0.0636489
0.166118
-0.0162896
0.00651145
0.105327
0.143861
-0.0198344
-0.173033
-0.0333727
0.0704963
0.117579
0.00952998
0.00270676
-0.11872
-0.00078239
0.0888373
-0.0704796
-0.0875912
-0.0681347
-0.0896646
-0.122992
-0.192817
-0.135025
0.0331205
-0.0828274
-0.0852351
-0.165002
0.112906
0.19179
-0.0671701
-0.18691
-0.152855
0.0813128
-0.180358
0.0873217
0.0648105
-0.0876792
-0.0420106
-0.0693422
-0.0926755
0.190106
-0.032309
-0.101874
0.0554685
-0.170544
0.185577
-0.162645
-0.0563935
-0.174742
-0.093656
0.0510889
0.136216
0.171281
-0.106806
-0.142045
-0.166418
-0.10164
-0.00885897
0.0205982
-0.0659954
0.0698928
0.00129698
0.119217
0.158265
-0.159491
-0.00604087
-0.0544187
0.119573
-0.0986487
0.0114741
0.064527
-0.0473659
0.155179
-0.0986198
0.0452138
0.00353925
0.165489
0.0143573
-0.0147019
0.155857
-0.154446
-0.0369453
-0.0112887
-0.156649
-0.0818873
-0.0310302
0.120219
0.0627842
-0.0361895
-0.0140206
0.152863
-0.0965634
0.16694
0.163778
-0.00352101
0.0293552
-0.0262343
0.120305
-0.0325785
0.0553774
0.192044
0.0401047
-0.107747
0.0920179
0.034263
0.0719489
-0.0145059
-0.0842619
-0.096303
0.161359
-0.0263054
0.108591
-0.138026
-0.0308784
0.032783
0.156267
-0.162837
0.145871
0.100583
0.173659
-0.0780048
-0.106947
-0.0547158
-0.0887184
-0.0858133
0.0629581
0.0657063
0.0496597
-0.115347
0.0843705
-0.135257
-0.170396
-0.147731
-0.152077
-0.0549064
0.0420121
-0.10642
0.0547049
0.0774301
0.0825311
0.120683
0.190939
0.0417237
0.0399976
0.136312
0.0455072
0.119319
0.156872
-0.0292567
0.159777
-0.191011
0.108506
-0.0503786
-0.167859
0.177075
-0.155695
0.0820734
-0.127006
0.0336866
0.0527244
0.0874121
0.115823
0.0685176
-0.0389511
0.0728747
-0.182075
-0.0860113
0.0347529
-0.0418963
0.0533292
0.179587
-0.146976
0.0957116
0.000852631
-0.04155
0.0095728
-0.0708104
-0.113816
0.129802
-0.196469
0.0644304
-0.196814
-0.0811603
-0.194943
-0.0794534
-0.0628222
0.134875
-0.15362
0.117643
0.000323435
0.15549
0.0345635
0.024158
0.064244
-0.147908
-0.112883
-0.0644775
-0.192282
-0.0937239
0.153809
0.0648371
0.157429
0.171221
0.170986
-0.186681
-0.163566
0.198427
0.022182
-0.137266
0.166591
0.101366
0.0745291
0.0181993
0.0981282
-0.0434933
0.158964
0.00980157
0.0745
-0.148765
-0.00877826
-0.176859
-0.0471481
0.0346525
0.00924486
0.090594
-0.0941311
-0.169322
0.00676744
0.0216011
-0.178207
0.0314141
-0.0140278
-0.128786
-0.119758
-0.0579544
-0.0152401
0.130308
-0.0707523
0.0350601
-0.188118
-0.159258
0.0972942
0.112261
-0.00674848
0.153095
0.0830277
0.178297
0.0195471
-0.117513
-0.190316
-0.129213
-0.0748363
0.0783648
0.06336
0.0885095
-0.00118486
0.0438919
0.0944772
-0.173645
0.00715457
0.148092
-0.116915
0.150462
0.0478299
-0.193171
-0.105103
-0.0524702
-0.0599594
0.104123
-0.190747
0.102557
0.108055
0.133398
0.0456521
0.00110065
-0.117923
0.0868766
0.108542
0.169006
-0.0712527
0.0919372
0.0461113
0.178856
0.0232719
0.0524161
-0.0916193
-0.0169686
0.0826525
0.102921
-0.105603
-0.107543
0.198647
0.0380491
-0.129936
-0.0951023
0.125881
-0.143061
0.199569
0.10165
-0.0610358
-0.113603
-0.0189026
-0.0627303
0.0108218
-0.0283307
0.155101
-0.0445481
0.133013
-0.136097
0.064632
-0.0478036
-0.136273
-0.0785624
-0.0948978
-0.0861407
0.0982234
-0.106503
-0.140125
0.0564448
0.0986748
0.0984732
0.133875
-0.0185421
0.0253515
0.0426
-0.0239714
-0.18057
0.131334
0.169154
0.191328
0.135683
-0.00773775
0.00936192
-0.170861
-0.0887458
0.184365
-0.154674
-0.105647
-0.0368334
-0.0400125
-0.0595019
-0.108558
-0.155293
0.135079
0.190817
0.0881923
0.0972405
0.125611
-0.05072
-0.04313
0.0943071
0.00369095
-0.13657
-0.12108
-0.152145
-0.164177
0.0119133
0.154014
0.0534943
0.0865322
-0.0342134
0.154818
-0.194696
0.0312454
-0.0960245
0.192743
-0.193094
-0.0159688
-0.0289017
-0.0324656
0.110705
0.0634093
-0.15845
0.0610355
-0.0402239
0.135467
-0.144391
0.0659229
-0.00670355
-0.169116
0.0467916
0.0149255
0.109295
-0.120174
0.00609498
-0.0236869
-0.0778741
0.0960743
0.171879
-0.189955
0.0789056
0.0671233
-0.179035
-0.0403123
0.157024
-0.104218
-0.163928
0.145582
-0.099292
-0.141499
-0.104828
0.00625468
0.00243894
-0.101945
0.075689
-0.0277603
-0.0866743
-0.183295
-0.182088
-0.0991461
-0.0200712
0.180616
-0.173075
0.194258
0.0556544
-0.0487886
0.104724
0.199747
-0.0245037
0.121892
-0.186944
0.0499389
-0.153198
-0.0250043
0.0318824
0.0653488
-0.115952
-0.152532
-0.0953435
-0.129606
-0.0553341
0.146272
-0.0899733
-0.198665
0.0707593
-0.136408
-0.105728
-0.184563
0.0494249
-0.127544
-0.0321062
-0.051601
0.0716422
-0.0606603
0.186868
0.00677405
-0.131764
-0.15967
0.10701
-0.128541
-0.179443
-0.13745
-0.0874282
0.175462
0.175876
0.114038
-0.0441829
0.110915
0.000847075
0.115109
-0.131523
-0.0719652
0.0033967
-0.123942
0.195012
-0.0164923
0.152902
0.0676931
0.00452069
-0.0464573
0.00424819
0.0255066
0.146289
-0.0301434
-0.166285
0.148744
-0.0103761
0.0584497
-0.128325
0.0105314
-0.0936604
-0.172927
0.0358064
-0.107651
0.0226132
-0.0996174
-0.137649
0.100266
0.123763
0.193138
-0.0824857
0.00896644
0.0516737
-0.0848386
0.0238003
0.015871
0.167367
-0.117134
0.0879067
0.0040518
-0.00423031
0.0396227
0.105842
0.173295
0.115322
0.0658893
-0.149285
-0.198807
-0.0404026
0.167759
-0.151182
-0.198268
-0.0710449
-0.151891
-0.168989
-0.0403008
0.190244
-0.140049
-0.0255793
0.0727051
-0.152923
-0.153346
0.092646
0.086631
-0.0954542
-0.0691096
-0.0658511
0.0638038
0.0867082
-0.127481
0.0716382
0.198519
-0.143403
0.0988077
-0.163485
-0.0994363
0.0783996
-0.126428
0.0178616
0.0890732
0.000301738
-0.100314
0.115297
-0.16191
0.0654823
-0.0775353
0.0765748
0.043594
0.00685486
0.0060979
0.0821512
-0.162942
-0.138266
0.0270492
0.153567
-0.182077
0.157557
0.192872
0.17024
-0.111183
-0.165179
0.181146
0.0924427
-0.132576
0.134901
-0.195741
0.0319296
0.147125
0.180671
0.16319
-0.105886
-0.0898155
0.107294
-0.0792499
-0.173225
0.118242
0.00326681
-0.00540695
0.16215
-0.0254921
-0.137456
-0.0697292
-0.0481827
-0.179429
-0.0158799
0.137828
-0.0792792
0.0374195
0.00816284
-0.0561046
0.0697598
-0.13036
0.1281
-0.085601
0.0626934
-0.135902
0.183018
-0.0828319
0.0301197
-0.113513
-0.0643731
0.0901682
-0.0449374
0.0574995
-0.175228
-0.0467395
-0.0639599
0.123691
-0.196514
-0.0193887
0.00761046
0.0977469
0.00660047
-0.0971169
0.160701
0.0948242
0.0929893
0.165812
-0.19221
-0.121238
0.183572
0.0601119
-0.0814629
0.0815635
-0.0115469
0.101372
-0.156437
0.107724
-0.110399
0.164463
0.170956
-0.0171702
-0.168198
0.0761545
-0.134191
0.157847
0.0979077
-0.0240373
-0.127814
-0.120944
-0.0985698
-0.199285
0.191323
-0.0968781
0.0688868
-0.13345
-0.00368634
0.171851
-0.0708645
-0.0575114
-0.166771
0.17346
-0.0173631
0.0156004
0.150509
0.0115587
0.0615066
-0.0414299
0.161062
0.0787296
-0.152742
0.144147
-0.0285192
0.155806
0.0712158
-0.120657
-0.141288
-0.0885793
-0.0236916
-0.147208
0.165484
0.0530916
0.100337
0.111134
-0.0753323
0.115228
-0.145593
0.063188
-0.160123
0.196404
-0.0921954
0.148342
0.152956
-0.000234763
-0.0300021
0.0494125
0.139625
-0.0100337
0.10568
0.107813
0.11502
-0.118004
0.107187
-0.061169
0.163719
0.0131669
0.153918
0.0699946
0.0201323
0.0934314
0.0409393
-0.03266
0.0357271
0.0293162
-0.195743
-0.186638
0.0616288
0.163618
0.0287699
-0.0619857
0.0802029
0.152648
0.0588693
0.035064
0.0411198
-0.0203433
-0.139288
-0.121383
-0.0443372
0.123198
0.168524
0.192002
-0.123342
-0.0589844
0.115351
-0.114643
-0.042504
-0.0625696
-0.129868
-0.0103724
-0.17266
-0.0591687
0.173612
-0.150269
0.139244
-0.00889063
0.164098
0.133852
-0.0869312
-0.0968386
-0.0129636
-0.0536172
0.0175258
-0.159705
0.0773998
0.0670699
0.148857
-0.164899
0.0505279
-0.0146301
-0.000779791
0.0788867
-0.0449779
0.0146168
-0.0907461
-0.0378353
-0.024245
-0.176655
0.0567678
-0.0817367
0.174614
0.021653
0.00805239
-0.03996
-0.0817906
-0.0800546
-0.0976585
-0.0459116
0.197698
0.152145
0.00452459
-0.166714
0.0340226
-0.0234094
0.151322
0.126768
-0.0371729
0.170803
0.124491
0.134559
0.0945953
0.00550822
-0.114696
-0.190801
-0.0970072
0.125541
0.089332
-0.183132
0.162159
0.182806
-0.129591
0.156898
-0.0793923
0.137985
0.100197
0.00617021
-0.0756588
-0.0391169
-0.00868229
0.087848
-0.0161459
-0.113817
0.0630899
-0.095483
-0.190469
0.0523523
-0.0217442
-0.0351418
0.0904536
0.111186
-0.0995057
-0.168836
-0.164606
0.062371
0.108361
0.0736719
-0.0990514
0.194112
-0.087475
0.0515104
-0.140173
0.0818384
-0.0712324
-0.171926
0.0568008
0.0316004
0.0293129
0.172242
-0.100412
0.180364
0.12028
-0.055228
-0.056478
0.0784244
0.0659514
0.132366
-0.103747
0.001631
0.00278254
0.0938314
-0.0308667
0.199799
-0.0971687
-0.0567888
-0.00150251
-0.0349388
-0.0359838
0.184767
0.107535
0.0539762
-0.0312453
0.135558
-0.060005
-0.0314222
0.169061
0.00390319
-0.0688763
-0.0537036
-0.136105
0.118453
0.151339
0.112386
-0.0291299
0.0815838
-0.112353
0.0653704
-0.0313155
0.123464
-0.127353
0.0771063
-0.00698987
0.030214
0.0763795
0.108263
0.113012
0.00366347
0.0227037
-0.0127614
-0.0264315
-0.180147
-0.0610745
0.0391198
-0.0937109
0.172103
-0.151801
0.184837
-0.112381
0.158609
0.165988
-0.0533722
-0.123516
0.145436
-0.00497592
0.0237139
-0.147216
0.0343697
0.105682
0.0131125
0.146616
-0.166586
0.103987
-0.1439
0.117376
-0.00510532
0.112635
0.0491312
-0.180871
0.0190917
0.0372028
0.158002
-0.00773654
-0.0920862
0.143821
-0.139931
-0.167859
-0.0860073
-0.0198097
-0.0141759
-0.0287109
-0.00144997
0.193954
-0.00908759
0.0727171
-0.0753435
0.0252312
0.0542068
-0.0829428
0.00615955
0.177285
0.0547735
-0.135598
-0.189996
-0.111409
-0.12559
-0.131428
0.0717955
-0.126573
0.122868
-0.0987727
0.198886
0.148358
0.00898421
0.034407
-0.149408
-0.0463238
0.0158001
0.00943442
-0.078401
0.0480244
-0.0516268
-0.0234697
-0.153279
-0.0559608
-0.059462
-0.132707
0.183782
0.150421
0.175114
0.0258752
-0.0809545
0.0910538
-0.161503
-0.0103768
0.100495
0.101559
-0.0386498
-0.0555516
-0.14932
-0.173599
0.119935
0.165046
-0.162121
0.0130806
0.0903586
-0.109865
-0.118334
-0.109933
-0.021742
-0.0613149
-0.189322
-0.064308
-0.0394802
0.198119
0.0728015
0.126926
-0.108706
0.136007
-0.107137
-0.00950279
0.0241776
0.170321
0.0156095
0.0149772
0.0131546
0.107513
-0.116081
0.00393755
0.189654
-0.108084
-0.109153
-0.0176094
-0.0442684
0.0686795
-0.113616
0.0218403
-0.13791
-0.0041371
0.101896
-0.0361277
-0.00187782
0.179095
-0.052126
-0.0655214
0.0880206
-0.0758118
-0.0291147
-0.12818
0.110417
0.0457039
0.0907341
-0.0302074
-0.178984
0.143468
0.116423
-0.104872
-0.0985944
-0.0384828
-0.181597
0.124657
0.13493
-0.188221
0.023494
0.108221
0.144244
0.146836
0.0980785
0.151705
-0.00258495
-0.0972394
0.0508057
-0.0382873
-0.0454357
-0.0488314
-0.175686
0.195489
0.0505137
0.102795
-0.123219
-0.195586
0.12384
0.0954101
0.0581075
-0.0888029
-0.12242
0.133676
-0.0876497
0.187631
0.0577249
0.145805
0.0391105
0.183939
-0.146248
-0.12953
0.139883
-0.137376
0.112463
0.0624393
0.0815476
-0.0227775
-0.0800484
-0.107564
0.136867
-0.177365
0.0956088
0.0806523
0.0744149
0.175358
0.160553
-0.0259793
0.0949233
-0.118394
0.0495124
-0.0755641
0.160656
0.0897205
-0.17753
0.165799
0.19602
-0.0886989
-0.125306
-0.0667424
0.13618
0.185535
-0.0341973
0.113733
0.00848654
-0.148821
-0.0613223
0.160129
-0.184121
-0.103483
-0.182936
-0.163946
0.00191955
-0.02487
-0.0519576
0.163151
0.116072
0.0438218
0.10092
0.130648
-0.11
0.0579595
-0.100626
-0.149203
-0.0573923
0.0615376
-0.0945897
-0.0681131
-0.133377
0.0929211
0.00754104
0.070382
-0.02885
-0.161694
-0.0514057
0.00675869
-0.0144068
-0.19163
-0.0418789
0.162382
-0.0713185
-0.0746862
-0.179776
0.0385917
0.0198736
0.0968941
-0.181822
-0.160778
0.145235
0.15495
0.00567586
0.154867
0.129835
-0.180879
-0.0664041
0.184887
0.132203
0.139118
0.171358
-0.154167
-0.00172268
-0.00651168
-0.0306952
-0.0946409
-0.105709
-0.028857
0.142507
-0.0439295
0.140079
-0.0610365
0.00403067
0.132012
-0.125197
0.182095
-0.190582
0.0124278
0.166303
0.0188113
0.149425
0.0163212
0.0453931
-0.190765
-0.00366285
0.0600175
-0.178849
-0.131336
0.19565
0.0190123
-0.0254323
0.0524711
0.0487085
0.19153
0.0919096
-0.113264
0.126168
0.0030883
-0.000942799
-0.0687503
-0.18941
0.0841405
-0.0594201
-0.0955101
-0.139882
0.0555314
0.132099
-0.020758
-0.0351401
0.0876163
-0.195415
-0.104673
0.0539899
0.0734892
-0.0705015
-0.0874244
0.166365
-0.19853
-0.0153501
-0.132201
-0.157405
-0.0720409
-0.0102582
0.0859355
0.116025
-0.19368
0.18467
888888
0.05
0.05
0.05
0.05
0.05
0.05
0.05
0.05
0.05
0.05
0.05
0.05
0.05
0.05
0.05
0.05
0.05
0.05
0.05
0.05
0.05
0.05
0.05
0.05
0.05
0.05
0.05
0.05
0.05
0.05
0.05
0.05
0.05
0.05
0.05
0.05
0.05
0.05
0.05
0.05
0.05
0.05
0.05
0.05
0.05
0.05
0.05
0.05
0.05
0.05
0.05
0.05
0.05
0.05
0.05
0.05
0.05
0.05
0.05
0.05
0.05
0.05
0.05
0.05
0.05
0.05
0.05
0.05
0.05
0.05
0.05
0.05
0.05
0.05
0.05
0.05
0.05
0.05
0.05
0.05
0.05
0.05
0.05
0.05
0.05
0.05
0.05
0.05
0.05
0.05
0.05
0.05
0.05
0.05
0.05
0.05
0.05
0.05
0.05
0.05
0.05
0.05
0.05
0.05
0.05
0.05
0.05
0.05
0.05
0.05
0.05
0.05
0.05
0.05
0.05
0.05
0.05
0.05
0.05
0.05
0.05
0.05
0.05
0.05
0.05
0.05
0.05
0.05
0.05
0.05
0.05
0.05
0.05
0.05
0.05
0.05
0.05
0.05
0.05
0.05
0.05
0.05
0.05
0.05
0.05
0.05
0.05
0.05
0.05
0.05
0.05
0.05
0.05
0.05
0.05
0.05
0.05
0.05
0.05
0.05
0.05
0.05
0.05
0.05
0.05
0.05
0.05
0.05
0.05
0.05
0.05
0.05
0.05
0.05
0.05
0.05
0.05
0.05
0.05
0.05
0.05
0.05
0.05
0.05
0.05
0.05
0.05
0.05
0.05
0.05
0.05
0.05
0.05
0.05
0.05
0.05
0.05
0.05
0.05
0.05
0.05
0.05
0.05
0.05
0.05
0.05
0.05
0.05
0.05
0.05
0.05
0.05
0.05
0.05
0.05
0.05
0.05
0.05
0.05
0.05
0.05
0.05
0.05
0.05
0.05
0.05
0.05
0.05
0.05
0.05
0.05
0.05
0.05
0.05
0.05
0.05
0.05
0.05
0.05
0.05
0.05
0.05
0.05
0.05
0.05
0.05
0.05
0.05
0.05
0.05
0.05
0.05
0.05
0.05
0.05
0.05
0.05
0.05
0.05
0.05
0.05
0.05
0.05
0.05
0.05
0.05
0.05
0.05
0.05
0.05
0.05
0.05
0.05
0.05
0.05
0.05
0.05
0.05
0.05
0.05
0.05
0.05
0.05
0.05
0.05
0.05
0.05
0.05
0.05
0.05
0.05
0.05
0.05
0.05
0.05
0.05
0.05
0.05
0.05
0.05
0.05
0.05
0.05
0.05
0.05
0.05
0.05
0.05
0.05
0.05
0.05
0.05
0.05
0.05
0.05
0.05
0.05
0.05
0.05
0.05
0.05
0.05
0.05
0.05
0.05
0.05
0.05
0.05
0.05
0.05
0.05
0.05
0.05
0.05
0.05
0.05
0.05
0.05
0.05
0.05
0.05
0.05
0.05
0.05
0.05
0.05
0.05
0.05
0.05
0.05
0.05
0.05
0.05
0.05
0.05
0.05
0.05
0.05
0.05
0.05
0.05
0.05
0.05
0.05
0.05
0.05
0.05
0.05
0.05
0.05
0.05
0.05
0.05
0.05
0.05
0.05
0.05
0.05
0.05
0.05
0.05
0.05
0.05
0.05
0.05
0.05
0.05
0.05
0.05
0.05
0.05
0.05
0.05
0.05
0.05
0.05
0.05
0.05
0.05
0.05
0.05
0.05
0.05
0.05
0.05
0.05
0.05
0.05
0.05
0.05
0.05
0.05
0.05
0.05
0.05
0.05
0.05
0.05
0.05
0.05
0.05
0.05
0.05
0.05
0.05
0.05
0.05
0.05
0.05
0.05
0.05
0.05
0.05
0.05
0.05
0.05
0.05
0.05
0.05
0.05
0.05
0.05
0.05
0.05
0.05
0.05
0.05
0.05
0.05
0.05
0.05
0.05
0.05
0.05
0.05
0.05
0.05
0.05
0.05
0.05
0.05
0.05
0.05
0.05
0.05
0.05
0.05
0.05
0.05
0.05
0.05
0.05
0.05
0.05
0.05
0.05
0.05
0.05
0.05
0.05
0.05
0.05
0.05
0.05
0.05
0.05
0.05
0.05
0.05
0.05
0.05
0.05
0.05
0.05
0.05
0.05
0.05
0.05
0.05
0.05
0.05
0.05
0.05
0.05
0.05
0.05
0.05
0.05
0.05
0.05
0.05
0.05
0.05
0.05
0.05
0.05
0.05
0.05
0.05
0.05
0.05
0.05
0.05
0.05
0.05
0.05
0.05
0.05
0.05
0.05
0.05
0.05
0.05
0.05
0.05
0.05
0.05
0.05
0.05
0.05
0.05
0.05
0.05
0.05
0.05
0.05
0.05
0.05
0.05
0.05
0.05
0.05
0.05
0.05
0.05
0.05
0.05
0.05
0.05
0.05
0.05
0.05
0.05
0.05
0.05
0.05
0.05
0.05
0.05
0.05
0.05
0.05
0.05
0.05
0.05
0.05
0.05
0.05
0.05
0.05
0.05
0.05
0.05
0.05
0.05
0.05
0.05
0.05
0.05
0.05
0.05
0.05
0.05
0.05
0.05
0.05
0.05
0.05
0.05
0.05
0.05
0.05
0.05
0.05
0.05
0.05
0.05
0.05
0.05
0.05
0.05
0.05
0.05
0.05
0.05
0.05
0.05
0.05
0.05
0.05
0.05
0.05
0.05
0.05
0.05
0.05
0.05
0.05
0.05
0.05
0.05
0.05
0.05
0.05
0.05
0.05
0.05
0.05
0.05
0.05
0.05
0.05
0.05
0.05
0.05
0.05
0.05
0.05
0.05
0.05
0.05
0.05
0.05
0.05
0.05
0.05
0.05
0.05
0.05
0.05
0.05
0.05
0.05
0.05
0.05
0.05
0.05
0.05
0.05
0.05
0.05
0.05
0.05
0.05
0.05
0.05
0.05
0.05
0.05
0.05
0.05
0.05
0.05
0.05
0.05
0.05
0.05
0.05
0.05
0.05
0.05
0.05
0.05
0.05
0.05
0.05
0.05
0.05
0.05
0.05
0.05
0.05
0.05
0.05
0.05
0.05
0.05
0.05
0.05
0.05
0.05
0.05
0.05
0.05
0.05
0.05
0.05
0.05
0.05
0.05
0.05
0.05
0.05
0.05
0.05
0.05
0.05
0.05
0.05
0.05
0.05
0.05
0.05
0.05
0.05
0.05
0.05
0.05
0.05
0.05
0.05
0.05
0.05
0.05
0.05
0.05
0.05
0.05
0.05
0.05
0.05
0.05
0.05
0.05
0.05
0.05
0.05
0.05
0.05
0.05
0.05
0.05
0.05
0.05
0.05
0.05
0.05
0.05
0.05
0.05
0.05
0.05
0.05
0.05
0.05
0.05
0.05
0.05
0.05
0.05
0.05
0.05
0.05
0.05
0.05
0.05
0.05
0.05
0.05
0.05
0.05
0.05
0.05
0.05
0.05
0.05
0.05
0.05
0.05
0.05
0.05
0.05
0.05
0.05
0.05
0.05
0.05
0.05
0.05
0.05
0.05
0.05
0.05
0.05
0.05
0.05
0.05
0.05
0.05
0.05
0.05
0.05
0.05
0.05
0.05
0.05
0.05
0.05
0.05
0.05
0.05
0.05
0.05
0.05
0.05
0.05
0.05
0.05
0.05
0.05
0.05
0.05
0.05
0.05
0.05
0.05
0.05
0.05
0.05
0.05
0.05
0.05
0.05
0.05
0.05
0.05
0.05
0.05
0.05
0.05
0.05
0.05
0.05
0.05
0.05
0.05
0.05
0.05
0.05
0.05
0.05
0.05
0.05
0.05
0.05
0.05
0.05
0.05
0.05
0.05
0.05
0.05
0.05
0.05
0.05
0.05
0.05
0.05
0.05
0.05
0.05
0.05
0.05
0.05
0.05
0.05
0.05
0.05
0.05
0.05
0.05
0.05
0.05
0.05
0.05
0.05
0.05
0.05
0.05
0.05
0.05
0.05
0.05
0.05
0.05
0.05
0.05
0.05
0.05
0.05
0.05
0.05
0.05
0.05
0.05
0.05
0.05
0.05
0.05
0.05
0.05
0.05
0.05
0.05
0.05
0.05
0.05
0.05
0.05
0.05
0.05
0.05
0.05
0.05
0.05
0.05
0.05
0.05
0.05
0.05
0.05
0.05
0.05
0.05
0.05
0.05
0.05
0.05
0.05
0.05
0.05
0.05
0.05
0.05
0.05
0.05
0.05
0.05
0.05
0.05
0.05
0.05
0.05
0.05
0.05
0.05
0.05
0.05
0.05
0.05
0.05
0.05
0.05
0.05
0.05
0.05
0.05
0.05
0.05
0.05
0.05
0.05
0.05
0.05
0.05
0.05
0.05
0.05
0.05
0.05
0.05
0.05
0.05
0.05
0.05
0.05
0.05
0.05
0.05
0.05
0.05
0.05
0.05
0.05
0.05
0.05
0.05
0.05
0.05
0.05
0.05
0.05
0.05
0.05
0.05
0.05
0.05
0.05
0.05
0.05
0.05
0.05
0.05
0.05
0.05
0.05
0.05
0.05
0.05
0.05
0.05
0.05
0.05
0.05
0.05
0.05
0.05
0.05
0.05
0.05
0.05
0.05
0.05
0.05
0.05
0.05
0.05
0.05
0.05
0.05
0.05
0.05
0.05
0.05
0.05
0.05
0.05
0.05
0.05
0.05
0.05
0.05
0.05
0.05
0.05
0.05
0.05
0.05
0.05
0.05
0.05
0.05
0.05
0.05
0.05
0.05
0.05
0.05
0.05
0.05
0.05
0.05
0.05
0.05
0.05
0.05
0.05
0.05
0.05
0.05
0.05
0.05
0.05
0.05
0.05
0.05
0.05
0.05
0.05
0.05
0.05
0.05
0.05
0.05
0.05
0.05
0.05
0.05
0.05
0.05
0.05
0.05
0.05
0.05
0.05
0.05
0.05
0.05
0.05
0.05
0.05
0.05
0.05
0.05
0.05
0.05
0.05
0.05
0.05
0.05
0.05
0.05
0.05
0.05
0.05
0.05
0.05
0.05
0.05
0.05
0.05
0.05
0.05
0.05
0.05
0.05
0.05
0.05
0.05
0.05
0.05
0.05
0.05
0.05
0.05
0.05
0.05
0.05
0.05
0.05
0.05
0.05
0.05
0.05
0.05
0.05
0.05
0.05
0.05
0.05
0.05
0.05
0.05
0.05
0.05
0.05
0.05
0.05
0.05
0.05
0.05
0.05
0.05
0.05
0.05
0.05
0.05
0.05
0.05
0.05
0.05
0.05
0.05
0.05
0.05
0.05
0.05
0.05
0.05
0.05
0.05
0.05
0.05
0.05
0.05
0.05
0.05
0.05
0.05
0.05
0.05
0.05
0.05
0.05
0.05
0.05
0.05
0.05
0.05
0.05
0.05
0.05
0.05
0.05
0.05
0.05
0.05
0.05
0.05
0.05
0.05
0.05
0.05
0.05
0.05
0.05
0.05
0.05
0.05
0.05
0.05
0.05
0.05
0.05
0.05
0.05
0.05
0.05
0.05
0.05
0.05
0.05
0.05
0.05
0.05
0.05
0.05
0.05
0.05
0.05
0.05
0.05
0.05
0.05
0.05
0.05
0.05
0.05
0.05
0.05
0.05
0.05
0.05
0.05
0.05
0.05
0.05
0.05
0.05
0.05
0.05
0.05
0.05
0.05
0.05
0.05
0.05
0.05
0.05
0.05
0.05
0.05
0.05
0.05
0.05
0.05
0.05
0.05
0.05
0.05
0.05
0.05
0.05
0.05
0.05
0.05
0.05
0.05
0.05
0.05
0.05
0.05
0.05
0.05
0.05
0.05
0.05
0.05
0.05
0.05
0.05
0.05
0.05
0.05
0.05
0.05
0.05
0.05
0.05
0.05
0.05
0.05
0.05
0.05
0.05
0.05
0.05
0.05
0.05
0.05
0.05
0.05
0.05
0.05
0.05
0.05
0.05
0.05
0.05
0.05
0.05
0.05
0.05
0.05
0.05
0.05
0.05
0.05
0.05
0.05
0.05
0.05
0.05
0.05
0.05
0.05
0.05
0.05
0.05
0.05
0.05
0.05
0.05
0.05
0.05
0.05
0.05
0.05
0.05
0.05
0.05
0.05
0.05
0.05
0.05
0.05
0.05
0.05
0.05
0.05
0.05
0.05
0.05
0.05
0.05
0.05
0.05
0.05
0.05
0.05
0.05
0.05
0.05
0.05
0.05
0.05
0.05
0.05
0.05
0.05
0.05
0.05
0.05
0.05
0.05
0.05
0.05
0.05
0.05
0.05
0.05
0.05
0.05
0.05
0.05
0.05
0.05
0.05
0.05
0.05
0.05
0.05
0.05
0.05
0.05
0.05
0.05
0.05
0.05
0.05
0.05
0.05
0.05
0.05
0.05
0.05
0.05
0.05
0.05
0.05
0.05
0.05
0.05
0.05
0.05
0.05
0.05
0.05
0.05
0.05
0.05
0.05
0.05
0.05
0.05
0.05
0.05
0.05
0.05
0.05
0.05
0.05
0.05
0.05
0.05
0.05
0.05
0.05
0.05
0.05
0.05
0.05
0.05
0.05
0.05
0.05
0.05
0.05
0.05
0.05
0.05
0.05
0.05
0.05
0.05
0.05
0.05
0.05
0.05
0.05
0.05
0.05
0.05
0.05
0.05
0.05
0.05
0.05
0.05
0.05
0.05
0.05
0.05
0.05
0.05
0.05
0.05
0.05
0.05
0.05
0.05
0.05
0.05
0.05
0.05
0.05
0.05
0.05
0.05
0.05
0.05
0.05
0.05
0.05
0.05
0.05
0.05
0.05
0.05
0.05
0.05
0.05
0.05
0.05
0.05
0.05
0.05
0.05
0.05
0.05
0.05
0.05
0.05
0.05
0.05
0.05
0.05
0.05
0.05
0.05
0.05
0.05
0.05
0.05
0.05
0.05
0.05
0.05
0.05
0.05
0.05
0.05
0.05
0.05
0.05
0.05
0.05
0.05
0.05
0.05
0.05
0.05
0.05
0.05
0.05
0.05
0.05
0.05
0.05
0.05
0.05
0.05
0.05
0.05
0.05
0.05
0.05
0.05
0.05
0.05
0.05
0.05
0.05
0.05
0.05
0.05
0.05
0.05
0.05
0.05
0.05
0.05
0.05
0.05
0.05
0.05
0.05
0.05
0.05
0.05
0.05
0.05
0.05
0.05
0.05
0.05
0.05
0.05
0.05
0.05
0.05
0.05
0.05
0.05
0.05
0.05
0.05
0.05
0.05
0.05
0.05
0.05
0.05
0.05
0.05
0.05
0.05
0.05
0.05
0.05
0.05
0.05
0.05
0.05
0.05
0.05
0.05
0.05
0.05
0.05
0.05
0.05
0.05
0.05
0.05
0.05
0.05
0.05
0.05
0.05
0.05
0.05
0.05
0.05
0.05
0.05
0.05
0.05
0.05
0.05
777777