2.76829
999999
-0.198061
0.129492
0.096336
-0.143315
0.0237581
-0.124351
0.129602
-0.148273
0.208146
0.0466162
-0.134822
0.0810762
-0.111838
-0.192694
-0.0797046
0.166172
-0.0848503
-0.0160313
-0.150965
-0.124181
-0.0974466
0.068156
0.0761548
-0.13454
-0.0878062
0.191964
-0.0586687
-0.0476106
0.137335
0.00123599
-0.144502
-0.00329495
0.198737
0.0961858
0.0286059
0.09492
0.145577
-0.0380301
-0.158846
0.0797559
-0.140786
-0.0184293
0.202416
-0.173194
-0.0458682
-0.115198
-0.0282933
0.0445924
-0.0466214
0.0768517
0.193715
-0.20912
0.227881
-0.102499
-0.0767456
-0.214422
0.0521887
0.191206
0.268889
-0.0744846
0.113955
-0.0270478
0.180548
-0.0760399
0.0353721
-0.0690249
0.0831222
0.204554
0.197665
0.23125
0.117543
0.00577525
0.0643006
0.163247
-0.131658
-0.145554
0.0917467
-0.100957
-0.00814799
0.170451
-0.156349
-0.0397996
-0.160146
-0.0942077
0.0668855
-0.141256
0.118018
-0.185224
0.12019
-0.0129174
0.0463671
0.122173
0.027979
-0.205826
-0.105533
-0.14015
0.137754
-0.0870608
0.0292715
0.0396563
-0.108779
0.00780338
-0.0847096
-0.225562
-0.062924
-0.137039
-0.161462
-0.151071
-0.0871768
0.0511973
0.229079
0.245785
0.182536
-0.148186
0.0545215
-0.111796
-0.104308
-0.0711803
-0.211661
0.136199
-0.137089
0.0677108
0.0730775
0.0339089
-0.156095
0.156833
0.106856
0.0978399
-0.0771344
0.0414872
0.051841
0.0304974
0.228917
-0.0844826
-0.0690907
0.0216184
-0.0723589
-0.116998
-0.0194199
-0.164674
-0.0144432
0.232183
-0.0799569
-0.0229393
-0.000163714
0.0435622
0.128093
-0.0369063
-0.109025
0.0716288
-0.00830577
-0.200897
0.177556
0.0541477
-0.0589723
-0.143161
0.0102406
-0.174831
0.116974
0.175718
-0.143389
-0.198265
-0.100658
0.120959
0.146588
-0.0998448
-0.0550639
-0.0117519
-0.170823
-0.0644556
0.164104
-0.127778
-0.217898
0.0760084
-0.056596
0.138098
0.0934597
-0.100453
0.0368593
-0.128369
0.272237
-0.189653
-0.174613
0.0762466
0.0477967
-0.127267
-0.0965992
-0.111217
-0.205169
-0.199929
-0.0407266
0.101454
-0.00380955
0.0728312
-0.0109003
-0.0660258
0.124747
0.0346368
0.0709818
-0.160446
0.108286
0.149985
-0.11969
0.120615
0.298229
-0.0339679
-0.216026
-0.188737
-0.162303
0.0862358
0.253353
-0.100624
0.152575
0.179164
-0.155732
0.111373
0.0904888
-0.0600615
0.000126429
0.283441
0.043263
-0.062845
-0.0715142
-0.0945947
-0.0700991
0.0833785
-0.168432
-0.0118073
-0.101541
0.180925
0.118915
0.132496
0.00588617
-0.169329
-0.105416
-0.129251
0.0258747
0.124524
-0.12432
0.0346058
-0.139097
0.0225449
0.00556312
0.0095845
0.260772
-0.0694637
-0.00211613
0.167914
-0.178612
-0.0993467
-0.131372
0.00555823
-0.0334324
0.148211
0.00628422
0.199817
-0.0417606
-0.0613751
-0.0885937
0.0815399
-0.0281797
0.00301948
0.0725419
-0.0493323
0.0557067
0.0746389
0.10288
0.021744
-0.212859
-0.00340011
-0.086247
-0.0495177
-0.152789
-0.182112
0.171899
-0.0172406
-0.127602
0.18132
0.0209565
-0.0481648
-0.114398
-0.158816
0.0329881
0.133766
0.132361
0.0642715
-0.0562872
-0.171857
0.0825946
0.0322924
0.172793
-0.0239618
-0.309396
-0.0392357
0.0778265
-0.0167435
-0.132531
-0.0551723
-0.1858
0.0402539
-0.204017
-0.00999213
-0.129915
-0.0971047
-0.129996
0.193911
0.113147
0.0248063
0.110504
0.169132
-0.00926139
0.220609
-0.0818042
0.0160925
0.0218197
0.0912948
0.106712
-0.0321304
0.154786
0.195165
-0.0645474
0.0911972
-0.194485
0.0680847
0.0185883
-0.194806
0.0928602
0.0130495
-0.189732
0.244442
-0.0136867
-0.0683932
-0.237715
-0.0490608
-0.0994887
0.100955
-0.0402891
0.0701428
0.0281679
-0.122046
-0.159618
-0.0540208
-0.10321
0.0577761
0.0345323
-0.116642
-0.0530162
0.0593938
-0.150444
0.183662
0.0837856
-0.0180138
0.0738103
0.0314825
-0.0385693
0.0433938
0.0843948
0.22529
-0.115404
-0.0440361
0.0644788
0.0456555
0.134491
0.0615672
0.150081
-0.112787
0.169105
-0.0611053
-0.231174
0.139441
-0.0464938
-0.122893
-0.221577
-0.15809
-0.133886
-0.263411
-0.158633
0.0208065
0.138723
-0.0607484
-0.196027
0.023944
-0.127579
-0.0132372
0.13511
0.107014
0.0113862
-0.187836
0.228943
0.19838
-0.08414
-0.132114
0.279516
0.15837
-0.128182
-0.22525
0.102522
-0.0481967
0.0473381
0.193613
0.0152681
-0.193486
0.233226
-0.160168
0.0151962
-0.117979
0.128373
-0.173928
0.13003
0.0349016
-0.157481
-0.150757
-0.0728247
0.127526
0.0903703
-0.0500281
-0.259004
0.034346
0.0299663
0.128445
-0.00968317
0.117301
-0.106454
-0.153222
-0.0679656
-0.120281
-0.030923
0.0972045
0.163241
-0.0060029
0.0495308
0.0141683
-0.202625
-0.0911983
-0.0455498
-0.0630115
-0.0515481
0.121579
-0.127995
0.193724
-0.107449
0.146443
0.0344512
-0.237007
0.0550771
-0.052823
-0.0567497
0.192012
0.210167
0.14151
-0.0238803
-0.00827418
0.088417
0.185244
0.117035
-0.102084
-0.271248
0.214303
0.12462
0.0712816
-0.202294
-0.0529351
0.218297
-0.0282815
0.0129035
0.189647
-0.0910214
-0.115873
0.178655
0.0351558
-0.0159849
-0.149585
-0.0209794
-0.0451854
-0.0850462
0.187086
0.0477894
0.0220193
0.0330337
0.190328
-0.0628737
-0.0856169
-0.163576
0.0988649
0.0581488
0.0157085
0.0635686
-0.0485798
-0.0133634
0.157348
-0.097838
-0.104572
-0.0921373
-0.068718
-0.168236
-0.207288
-0.0954475
-0.0388684
0.0309564
-0.0409131
-0.198779
0.0863249
0.211129
-0.108338
-0.246652
-0.196979
0.139712
-0.176441
0.0845782
0.0552822
-0.0678925
-0.0770777
-0.056138
-0.104874
0.195848
-0.0540498
-0.0749002
0.144638
-0.137799
0.2742
-0.239658
-0.0316349
-0.228956
-0.295168
0.0262957
0.22571
0.238394
-0.0423507
-0.108282
-0.157161
-0.092958
-0.0137331
-0.0310513
-0.141013
0.0690779
0.0286481
0.138171
0.186381
-0.190971
0.0513266
-0.106449
0.132683
-0.148752
0.0418406
0.0145109
0.0862696
0.165828
-0.0820379
0.0401982
-0.00541875
0.233766
-0.0275232
0.00648541
0.210683
-0.147221
-0.00162174
0.0254727
-0.19976
-0.0836905
-0.0236849
0.0316286
0.102457
0.0476306
0.0138031
0.121363
-0.0535506
0.197565
0.131967
-0.0942094
-0.0257557
-0.125999
0.171241
-0.129123
0.0774555
0.139056
0.0126653
-0.115267
0.0279837
0.133289
0.10918
-0.0324103
-0.120091
-0.157436
0.0680387
-0.118269
0.078268
-0.161927
-0.0941876
0.0296206
0.125472
-0.24907
0.0865297
0.0529126
0.229751
-0.129026
-0.146705
-0.114356
-0.106348
-0.12452
0.079903
0.0137028
0.118555
-0.107713
0.0804997
-0.223508
-0.238491
-0.158024
-0.255856
-0.0372881
-0.0017926
-0.113243
0.108281
0.0113155
0.127915
0.128132
0.175582
0.0437783
-0.048085
0.103835
0.0968033
0.0725965
0.0994065
-0.0684289
0.126979
-0.219544
0.1003
-0.163903
-0.259264
0.240902
-0.183915
0.103018
-0.174357
0.0113562
-0.0126247
0.0541373
0.113752
0.0160029
0.0120598
0.0345472
-0.16903
-0.0806925
-0.0194676
0.0469588
0.115505
0.223409
-0.108211
0.155043
-0.00946226
-0.0239034
0.0962619
-0.0870555
-0.0779511
0.175825
-0.139465
0.0914886
-0.244984
-0.107296
-0.2732
-0.0797986
0.00897321
0.135705
-0.236541
0.132108
0.0140748
0.210134
0.0134123
-0.0278028
0.0582693
-0.272149
-0.0524251
0.0104885
-0.11544
-0.14547
0.207421
0.0436078
0.108966
0.187632
0.240843
-0.123463
-0.164894
0.22114
-0.0104142
-0.151588
0.195815
0.0311794
0.0752458
0.0420971
0.2046
-0.0352371
0.143423
0.000545072
0.0548343
-0.1661
-0.055582
-0.157233
-0.0832213
0.00721266
0.0240178
0.0747632
-0.179275
-0.204846
0.0222781
0.0317698
-0.165231
0.0958494
-0.0530172
-0.0980888
-0.0619391
-0.0600487
-0.0727594
0.095318
-0.117016
-0.00955175
-0.211483
-0.264988
0.0528324
0.138179
0.012626
0.0569505
0.121215
0.189341
0.0480116
-0.213561
-0.094072
-0.142013
-0.0160966
0.0604955
0.0672371
0.097328
-0.0247079
0.0318229
0.103461
-0.204229
0.0369426
0.130535
-0.154811
0.107159
0.0226021
-0.265998
-0.0477062
-0.0594603
-0.0400205
0.0650493
-0.231731
0.10279
0.134966
0.160281
0.0563222
-0.00243991
-0.0448571
0.0563094
0.0982436
0.182593
-0.173537
0.0809732
0.0828277
0.176939
0.0525399
0.0743577
-0.0945269
-0.0458483
-0.00162839
0.0835176
-0.118934
-0.0567451
0.193807
0.047125
-0.119986
0.000388807
0.185286
-0.0964078
0.0631756
-0.0226396
-0.0761578
-0.0760706
-0.0735554
-0.0704368
0.0306575
-0.0612273
0.200864
-0.0329956
0.044225
-0.238025
0.10728
-0.0769138
-0.152046
-0.114624
-0.102779
-0.143906
0.00548823
-0.0861305
-0.138075
0.047725
0.0839365
0.134114
0.194055
-0.00188557
0.012057
0.0878636
0.0165433
-0.145805
0.121088
0.162585
0.165214
0.124472
-0.0568486
-0.0140009
-0.337278
-0.087894
0.127418
-0.119735
-0.150536
0.0266656
-0.077451
-0.00489992
-0.0415709
-0.0752927
0.0659747
0.265977
0.131585
0.126023
0.167088
-0.0473288
-0.0308927
0.142757
0.00123041
-0.154303
-0.159851
-0.143198
-0.0883221
0.0672819
0.142983
0.0348913
0.181869
-0.113039
0.263476
-0.146319
0.0713317
-0.133553
0.242647
-0.188208
-0.00495958
-0.066178
-0.015181
0.13129
0.113591
-0.275871
0.0891204
-0.0950551
0.107832
-0.22174
0.0691742
0.0216049
-0.176511
0.0180551
0.00523436
0.170225
-0.155559
0.0524035
-0.0585138
-0.040276
0.132451
0.176313
-0.135625
0.0540138
0.131573
-0.098833
-0.127203
0.118522
-0.0667324
-0.132856
0.150718
-0.16
-0.0313292
-0.0187515
0.01028
0.0305115
-0.0706746
0.0367582
-0.00735712
-0.0520915
-0.182656
-0.156129
-0.182322
-0.0333296
0.221067
-0.182286
0.288476
0.069867
-0.126904
0.0580665
0.225895
0.00464351
0.183489
-0.151238
0.0221322
-0.140855
-0.0584005
0.0522297
0.0753954
-0.0878934
-0.14565
-0.0925659
-0.146372
-0.0108087
0.139738
-0.0417637
-0.241859
0.122854
-0.108762
-0.0657457
-0.16263
0.0893125
-0.101716
-0.0891292
-0.048062
0.0782451
-0.042535
0.161852
-0.0217034
-0.227877
-0.136634
0.176425
-0.153947
-0.237839
-0.230611
-0.137926
0.276387
0.17383
0.0972732
0.0253284
-0.00418149
0.0073485
0.166857
-0.0417195
-0.00492003
-0.130851
-0.00364378
0.251782
0.00859077
0.162204
0.112714
-0.0750018
-0.00227917
0.00340328
0.043202
0.148639
-0.0409659
-0.144905
0.176855
0.0231661
0.0699291
-0.124697
-0.0291789
-0.0279459
-0.150597
0.0415944
-0.156816
0.0763845
-0.128391
-0.0947626
0.135232
0.13139
0.187869
-0.113907
0.032674
0.0856459
-0.0803328
-0.00824518
0.0355675
0.198163
-0.100207
0.0811227
-0.0105609
0.028378
0.0572851
0.105707
0.25498
0.0975065
0.1185
-0.155889
-0.222551
0.0332268
0.176024
-0.119609
-0.198661
-0.122369
-0.10634
-0.165004
0.0737176
0.187332
-0.218959
-0.0740201
0.149331
-0.107862
-0.249831
0.141586
0.0655831
-0.140334
-0.122077
-0.151362
-0.0438924
0.0504704
-0.104406
0.142377
0.108421
-0.0485247
0.00265647
-0.162752
-0.115862
0.0971525
-0.0381709
0.00117869
0.069442
0.0102342
-0.0430396
0.0781173
-0.146792
0.0740878
-0.0783581
0.0758469
0.116823
-0.0292634
-0.0599664
0.114499
-0.134623
-0.121647
0.0566581
0.167529
-0.191319
0.176376
0.0802866
0.135598
-0.106499
-0.225353
0.156333
0.0900084
-0.17768
0.194168
-0.175664
0.0127076
0.20699
0.218035
0.136006
-0.00698096
-0.133142
0.145193
-0.0107959
-0.254337
0.0827065
0.124827
0.0345444
0.179159
0.0444991
-0.13503
0.0647383
-0.109242
-0.1812
0.0105138
0.107852
-0.102571
-0.014048
0.00885542
-0.00690283
0.0509538
-0.129433
0.167074
-0.00942359
0.0546734
-0.0462539
0.157948
-0.0478332
-0.0362439
-0.0475248
-0.0169237
0.136709
-0.144836
-0.017484
-0.195073
0.0323882
-0.0789509
0.146773
-0.216889
0.0826202
-0.0370086
0.0191571
-0.0174832
-0.0619668
0.186533
0.19003
0.132435
0.220442
-0.191107
-0.162217
0.19425
0.103561
-0.0828453
0.108669
-0.0555649
0.0957238
-0.210069
0.101564
-0.192419
0.199469
0.149429
0.0399391
-0.164177
0.0517607
-0.111272
0.227136
0.0584026
-0.0194418
-0.112664
-0.135047
-0.115217
-0.202908
0.192438
-0.135429
0.0687859
-0.164267
0.0571662
0.151712
0.026007
-0.0380485
-0.179529
0.224202
0.0283759
0.0106503
0.13491
0.0444855
0.0204781
-0.013567
0.215078
0.127355
-0.120768
0.264242
-0.0498325
0.140288
0.110935
-0.0496991
-0.177275
-0.0330059
-0.00420833
-0.152623
0.178799
-0.00242802
0.243773
0.11866
-0.0459297
0.123378
-0.142352
0.0179281
-0.208545
0.180991
-0.0975707
0.214858
0.240258
-0.053147
0.0234543
0.0954464
0.175526
0.0226115
0.0550452
0.025338
0.143596
-0.220165
0.129308
-0.0970081
0.240691
-0.00696527
0.147376
0.0176817
0.05695
0.159871
0.0516706
-0.0878242
0.0392413
0.0822645
-0.185301
-0.248389
0.10209
0.190486
0.0436367
0.0508437
0.0917366
0.178048
0.111456
0.056414
0.025753
-0.0460138
-0.217615
-0.0694316
-0.0767422
0.0310869
0.0917221
0.190126
-0.188764
-0.123226
0.119951
-0.152375
-0.0436397
-0.0702204
-0.084132
-0.00239909
-0.0541191
-0.0740241
0.250281
-0.183747
0.183224
-0.0306963
0.094132
0.186261
-0.106067
-0.13523
-0.0832643
-0.0536871
0.0278465
-0.146684
0.0743529
-0.00642378
0.117345
-0.158466
-0.0256491
-0.0176352
0.0132088
0.0718185
-0.0703047
-0.0150234
-0.149965
-0.11195
-0.0048017
-0.198154
0.0600712
-0.0738531
0.19307
0.0735939
-0.085553
-0.0726011
-0.106876
-0.00190943
-0.198282
-0.0437208
0.0644002
0.105713
0.0155198
-0.179644
0.0162465
-0.000924568
0.1597
0.104323
-0.0360468
0.18685
0.034226
0.162602
0.152486
0.0291568
-0.187821
-0.142859
-0.100015
0.104053
-0.000983338
-0.237039
0.165141
0.196975
-0.104461
0.113833
-0.00766228
0.148803
0.00560023
0.0248847
-0.075391
-0.0656744
-0.0368811
0.0905749
-0.0389124
-0.139402
0.0116493
-0.122484
-0.112406
0.174247
0.109405
-0.0583412
0.13776
0.141169
-0.0609098
-0.241537
-0.197462
0.0884638
0.13042
0.159795
-0.0088622
0.157169
-0.0413999
0.0711847
-0.105994
0.0172893
-0.124796
-0.10363
0.0730707
-0.0130758
0.033739
0.146775
-0.182442
0.119881
0.0763882
-0.0570629
-0.138544
0.250988
0.00305473
0.13232
-0.170648
-0.0462473
0.0187857
0.173133
-0.0170973
0.154911
-0.060462
-0.0914067
-0.0653301
0.0266411
-0.00250678
0.183926
0.134732
0.107186
-0.112066
0.101864
-0.0581991
-0.026725
0.184577
-0.0665946
-0.149014
-0.0319534
-0.176359
0.0984709
0.148428
0.0587643
-0.0699745
0.110983
-0.160603
0.138226
-0.0517189
0.0832087
-0.0873156
0.0277096
-0.0181295
0.0918959
0.0170816
-0.00676578
0.187419
0.0147782
0.0872546
-0.00192557
0.0196754
-0.186866
-0.0205963
0.0132487
-0.0662884
0.160198
-0.0905127
0.127083
-0.164351
0.18948
0.233293
0.00393151
-0.112831
0.161319
-0.0153399
-0.00515477
-0.174429
0.00435156
0.0725567
0.0666803
0.228078
-0.207462
0.152844
-0.136046
0.0848346
-0.0093663
0.0298358
0.00800265
-0.107762
0.0181545
0.0421683
0.170383
-0.0799409
-0.0920667
0.201418
-0.190702
-0.122938
-0.12071
-0.0939897
-0.0782809
-0.0245283
-0.0222443
0.211856
-0.00843541
0.0772754
-0.121105
-0.0082485
-0.0446513
-0.0604565
0.0602437
0.177705
-0.0132281
-0.0930558
-0.194726
-0.0867667
-0.123537
-0.0836818
0.116923
-0.154138
0.148279
-0.106821
0.259012
0.128704
0.00826027
-0.00291231
-0.152436
-0.0440325
0.00495297
0.0232162
-0.0560884
0.101605
0.0436691
-0.0646513
-0.157062
-0.0342546
-0.0603006
-0.155325
0.109041
0.179319
0.125861
-0.023358
-0.0688522
0.0405929
-0.15508
-0.0631406
-0.00926602
0.12268
-0.0577521
-0.197866
-0.123077
-0.146777
0.15258
0.0925746
-0.127587
0.0178627
-0.00742553
-0.0824508
-0.10663
-0.179041
-0.0219554
-0.0214897
-0.264427
-0.0689994
-0.0594834
0.254778
-0.000344972
0.142701
-0.202239
0.130715
-0.146228
-0.067095
0.08175
0.200136
-0.00773674
-0.0964699
0.0276034
0.0862795
-0.0660495
-0.0642789
0.215146
-0.106311
-0.122355
-0.0388941
0.0407696
0.094851
-0.073319
0.00805461
-0.172143
0.0631066
0.0804122
-0.0649091
0.0216153
0.222244
-0.0142478
-0.0539955
0.0615917
-0.11505
-0.0784257
-0.136308
0.057919
0.0535267
0.079156
-0.0664807
-0.22365
0.0385606
-0.0489202
-0.139616
-0.0418411
0.0989196
-0.192863
0.122182
0.19457
-0.230548
-4.18237e-05
0.0651082
0.194969
0.201229
0.0540208
0.171208
-0.0228409
-0.0368547
0.0492348
0.0575799
-0.0480352
-0.0538597
-0.173573
0.139234
-0.0077556
0.118816
-0.134772
-0.264777
0.125459
0.0884394
0.00434045
-0.0537446
-0.110464
0.074325
-0.0302907
0.138554
0.0345846
0.13231
0.0887187
0.209127
-0.226655
-0.155384
0.0947307
-0.12932
0.129375
0.0537226
0.0895284
-0.0175971
-0.000378547
-0.104111
0.219602
-0.122482
0.0669867
0.00830214
0.109187
0.117949
0.247404
-0.117178
-0.0233233
-0.105156
0.0452847
-0.0646863
0.184485
0.0231016
-0.210605
0.0678638
0.213409
-0.0885415
-0.229899
-0.0280252
0.173324
0.215752
-0.00378754
0.147599
0.0398617
-0.0743404
-0.120735
0.16652
-0.210699
-0.063899
-0.13331
-0.224252
0.0394175
-0.0365098
-0.0844251
0.258538
0.209567
0.0229895
0.0624601
0.110312
-0.12285
0.112723
-0.133964
-0.235161
-0.0473694
0.0146571
-0.171836
-0.0981756
-0.0821177
0.080324
-0.0408412
0.0691978
-0.0202107
-0.141843
0.0356355
0.0393246
0.00336308
-0.264597
-0.115838
0.142645
-0.146987
-0.0130978
-0.151384
0.0820967
-0.0212004
0.118782
-0.0288604
-0.156622
0.137331
0.145202
0.00507351
0.182705
0.130889
-0.237378
-0.05849
0.204362
0.0778781
0.0928894
0.0506748
-0.118399
-0.0167953
-0.0146158
-0.0176045
-0.0342844
-0.218447
0.019172
0.117753
-0.106502
0.115451
0.0187697
0.0835004
0.184031
-0.105588
0.179263
-0.231057
-0.0197903
0.0626102
0.0178508
0.0838014
-0.0684688
0.0552997
-0.145336
0.108189
0.00666127
-0.164645
-0.103759
0.218437
0.048043
-0.0442685
0.0914277
0.107081
0.228791
0.0874287
-0.14477
0.0698797
0.0439833
-0.02225
-0.0252093
-0.0603227
0.0543447
-0.0220781
-0.0790712
-0.193959
0.0519464
0.148999
-0.0364054
-0.11185
0.085297
-0.15926
-0.145534
0.0304888
0.149753
-0.0913685
-0.117282
0.227677
-0.16329
0.035531
-0.206085
-0.153462
-0.175053
-0.066953
0.134224
0.145431
-0.221141
0.142464
888888
0.056496
0.0472312
0.0502532
0.0523146
0.0569251
0.0547014
0.0600876
0.0448515
0.0475679
0.0489224
0.0417603
0.048963
0.0513013
0.0554816
0.0565396
0.0564113
0.0507407
0.0401561
0.0410399
0.0478613
0.0386107
0.0439626
0.0412304
0.0642991
0.0513874
0.0499536
0.0488156
0.0559693
0.0647269
0.0467335
0.0580924
0.0450685
0.0450217
0.0563095
0.0512328
0.0458644
0.0469156
0.0586429
0.0401397
0.0491707
0.0466094
0.0512117
0.0464084
0.0497239
0.0483776
0.0481636
0.0450112
0.0414731
0.0506105
0.0437063
0.0395743
0.0546993
0.0434968
0.0529439
0.052905
0.0569092
0.0465593
0.055581
0.0547972
0.0474297
0.0528033
0.0455768
0.055168
0.0535366
0.0473287
0.0441515
0.0386786
0.0503952
0.050547
0.0539045
0.0508491
0.0478089
0.0480328
0.0466459
0.0523807
0.0398113
0.0415306
0.0551263
0.0508166
0.0478237
0.0503993
0.0587672
0.0521539
0.0517038
0.0599343
0.0641105
0.0477837
0.0455104
0.05332
0.0495961
0.0471299
0.0488894
0.0477489
0.063283
0.046421
0.0450061
0.0513275
0.0521183
0.0603111
0.0420132
0.0560431
0.0497989
0.0596491
0.0456235
0.042726
0.0490375
0.0486046
0.0605861
0.0457353
0.0531977
0.0493952
0.05734
0.0595816
0.0472073
0.0425937
0.0603128
0.0494072
0.050056
0.0511766
0.0583037
0.0501551
0.0591431
0.0542617
0.0520828
0.056892
0.0473634
0.0456218
0.0467352
0.0450753
0.0408757
0.0391757
0.0463231
0.0476028
0.0424035
0.0523265
0.0565784
0.0519633
0.0630772
0.0603404
0.0585879
0.0493126
0.0484118
0.0481112
0.0391538
0.0495911
0.0383336
0.0486244
0.0621296
0.0545024
0.0533301
0.049799
0.0546826
0.0477691
0.0528907
0.0550137
0.0446054
0.060816
0.0644548
0.0543077
0.0650592
0.0565522
0.0537405
0.0523461
0.0504378
0.0529922
0.0546924
0.0563165
0.0466744
0.0513428
0.0638082
0.0502659
0.0410906
0.0465185
0.0489195
0.046281
0.0588362
0.0450387
0.0549999
0.0438246
0.043405
0.0509755
0.0447164
0.050559
0.0448836
0.0465571
0.0635453
0.0488249
0.0606377
0.0452
0.0574375
0.047025
0.0543147
0.0569565
0.0548292
0.0542458
0.0412861
0.0580541
0.0552983
0.046488
0.0490308
0.0549812
0.0486494
0.0435626
0.0463733
0.0461637
0.0610001
0.0525275
0.043198
0.0512248
0.0445558
0.0520367
0.0646328
0.04179
0.0473691
0.044128
0.0524823
0.051248
0.0563877
0.0500305
0.0524189
0.0484447
0.0377639
0.0513322
0.049877
0.0542142
0.0564506
0.0492725
0.0484205
0.0474179
0.0457116
0.04316
0.055389
0.0577746
0.0488301
0.0494513
0.0525241
0.0550612
0.0466944
0.0464412
0.0467153
0.0499341
0.0553849
0.0447649
0.0470209
0.0491919
0.0503565
0.0458472
0.0529813
0.0450211
0.0494556
0.0545391
0.040308
0.0514729
0.052097
0.0516851
0.0568524
0.0400979
0.0423715
0.0420461
0.0464335
0.0568105
0.0535303
0.0533942
0.0547898
0.0508171
0.0540332
0.0462283
0.0585189
0.0518056
0.038762
0.0486341
0.044046
0.0450184
0.0427539
0.0502277
0.0550515
0.040733
0.0479886
0.0503104
0.0384343
0.0416686
0.0426663
0.0468341
0.0562855
0.0491954
0.0452349
0.0558299
0.0582665
0.0427625
0.0475616
0.0561693
0.0451719
0.0515033
0.0457622
0.0483977
0.0489681
0.04857
0.050043
0.0588107
0.0432807
0.051295
0.0518661
0.0499103
0.0534976
0.0544517
0.0460895
0.0462196
0.0583408
0.048208
0.0529791
0.049559
0.0497234
0.0544965
0.0540671
0.0560568
0.0499271
0.0529363
0.0601379
0.045295
0.0488798
0.0523222
0.0510967
0.0597112
0.057152
0.0454354
0.0515535
0.0510747
0.047069
0.0550358
0.0483336
0.0432303
0.0486582
0.0465124
0.0452644
0.0507465
0.0512052
0.053915
0.0562217
0.0476706
0.0563135
0.0502416
0.0492925
0.054206
0.0532262
0.0516757
0.0404019
0.0521031
0.0475355
0.0446403
0.0532157
0.0468585
0.045255
0.0532995
0.0440868
0.0502463
0.0543735
0.0593368
0.0484076
0.0505065
0.0407483
0.0486257
0.0473519
0.0504318
0.0454867
0.0540215
0.0496643
0.0450821
0.0524308
0.0554314
0.0522577
0.0558246
0.0542026
0.0545076
0.0483521
0.0507744
0.0594193
0.0510767
0.0533874
0.0429658
0.0484335
0.0428723
0.0440951
0.0498288
0.0465311
0.0487636
0.050031
0.048641
0.0576681
0.0572876
0.0487395
0.058286
0.0493616
0.05088
0.0532203
0.0486263
0.0576708
0.0553612
0.0476778
0.0620044
0.0514238
0.0494602
0.0498089
0.053523
0.0467522
0.0421879
0.0529497
0.0459978
0.0476076
0.0459791
0.0528694
0.0434252
0.0492948
0.0476748
0.0478999
0.0522884
0.058906
0.0596792
0.0523276
0.0425459
0.0582532
0.0610577
0.0554441
0.0448522
0.0459442
0.0460349
0.0498959
0.0437964
0.0551056
0.0488121
0.0413263
0.0504108
0.0567932
0.0452602
0.0496659
0.0558225
0.0428326
0.045414
0.0472617
0.0387076
0.0406927
0.0444735
0.0536436
0.0547442
0.0458903
0.0455175
0.0498037
0.0479419
0.0456697
0.0418373
0.0455066
0.0471612
0.0505155
0.0556035
0.0430488
0.0544631
0.0538814
0.0543615
0.0556331
0.0508632
0.0520999
0.0524391
0.0517751
0.0460109
0.047171
0.0552745
0.0416705
0.0568066
0.0564217
0.0503205
0.0477211
0.0487523
0.0470169
0.0501956
0.0364215
0.0461529
0.0535766
0.0622976
0.0463262
0.0612352
0.0440575
0.0522812
0.046431
0.0573853
0.0506656
0.0525473
0.0559358
0.0421841
0.0524428
0.0478963
0.043506
0.0461473
0.0465103
0.0458276
0.0570276
0.0444941
0.056587
0.0387459
0.0560866
0.0459993
0.0451198
0.0556317
0.0490072
0.054607
0.0494053
0.0483969
0.0422102
0.0378715
0.0565739
0.0486769
0.0561478
0.0458066
0.0485752
0.0515834
0.040631
0.0490225
0.0478887
0.0507219
0.0589591
0.0485159
0.0528653
0.0615448
0.0432997
0.0460492
0.0570064
0.0489593
0.0636002
0.0557206
0.0520939
0.0468636
0.0452115
0.049935
0.0509655
0.0478835
0.0521909
0.0618252
0.0533304
0.0435244
0.0568332
0.0479568
0.0447795
0.050476
0.0484152
0.0545553
0.0463223
0.052615
0.049732
0.057806
0.0472936
0.0427087
0.0511725
0.0480423
0.0567618
0.0501627
0.0459423
0.0379312
0.0499295
0.049003
0.0477446
0.0545874
0.0509448
0.0456382
0.0448991
0.0505354
0.0434627
0.0432285
0.0455606
0.0392741
0.0495343
0.0433107
0.0611906
0.0460894
0.0543103
0.0557897
0.0522687
0.0578431
0.0477186
0.0488366
0.0546578
0.0549202
0.0439661
0.0496102
0.0444828
0.0480403
0.0504508
0.0461677
0.0420968
0.04177
0.0607899
0.0412954
0.0480149
0.0501354
0.0397965
0.0505827
0.0509456
0.0442136
0.0496673
0.0423803
0.0470375
0.0450384
0.0484424
0.0538138
0.0505124
0.0446679
0.0491249
0.0415456
0.048855
0.0460042
0.0511744
0.0410054
0.0438209
0.0603134
0.0452408
0.0430677
0.0505689
0.0538526
0.0459688
0.0524595
0.0489062
0.049432
0.0545633
0.0523628
0.0501674
0.0517638
0.0632604
0.0446802
0.0591658
0.0491626
0.0622902
0.0489727
0.0510316
0.0475966
0.0486453
0.0597287
0.0578473
0.0469814
0.0532404
0.0459068
0.0528465
0.0580845
0.0394106
0.0432129
0.04836
0.0532246
0.0565363
0.0493948
0.0474682
0.0547534
0.0538187
0.0445584
0.0565544
0.0483553
0.0459173
0.0499982
0.060477
0.0492109
0.0477516
0.0474005
0.0510794
0.0480977
0.0421577
0.0560554
0.0539314
0.0424319
0.0461809
0.0522087
0.0435691
0.0444733
0.0400972
0.0570956
0.0594867
0.0554978
0.0528772
0.0577269
0.049142
0.0430164
0.0494707
0.0432061
0.0503912
0.0581596
0.0520246
0.0447006
0.0469609
0.0402618
0.0593727
0.0512202
0.0503166
0.0413704
0.0454027
0.0474289
0.0502685
0.0511418
0.0551398
0.043672
0.046912
0.0435098
0.0466485
0.0450974
0.0421389
0.0543622
0.0476829
0.0479944
0.0430614
0.0401401
0.0612272
0.0486622
0.0466571
0.048963
0.039808
0.0525597
0.0534291
0.0401292
0.0494105
0.0499057
0.0489229
0.0420606
0.0546933
0.0516055
0.0492132
0.0464061
0.0465708
0.048575
0.0553144
0.0592744
0.0605147
0.0575435
0.0587424
0.0472069
0.0506762
0.0405813
0.051083
0.0482329
0.0412644
0.0457547
0.0495669
0.0502846
0.047767
0.0488272
0.0584363
0.0560503
0.050581
0.0433209
0.0415125
0.0456041
0.0537038
0.0415789
0.0436467
0.0472187
0.0483037
0.0579503
0.0497717
0.0465349
0.054617
0.0526431
0.0548183
0.046638
0.0375764
0.0474937
0.0578153
0.0651737
0.0478191
0.050337
0.0522784
0.0396661
0.038598
0.0550209
0.0487547
0.0554859
0.0467808
0.0513879
0.0457499
0.0534907
0.063559
0.0473389
0.0495872
0.0542365
0.0527642
0.0554783
0.0467528
0.0455968
0.0648781
0.0437686
0.0459336
0.0404929
0.0434934
0.0463564
0.0468874
0.0518524
0.0373582
0.0491448
0.0512574
0.042112
0.056106
0.0455628
0.054457
0.042407
0.0499548
0.0452322
0.0461463
0.0454025
0.0473718
0.0488013
0.051804
0.0550662
0.0428968
0.0477991
0.0424436
0.0474934
0.0569134
0.0468675
0.0486074
0.0507429
0.0481723
0.0516712
0.0568642
0.0530907
0.0525473
0.0454155
0.04875
0.0434369
0.0517706
0.0441471
0.0490685
0.0436127
0.0493387
0.0519117
0.0392396
0.0488219
0.0615583
0.0462356
0.0467189
0.0584432
0.0471176
0.0517673
0.0526074
0.0452033
0.0521986
0.0507101
0.053903
0.0452419
0.0479447
0.0428911
0.0451285
0.046013
0.0435797
0.0462003
0.0415921
0.0532841
0.058219
0.0521458
0.0513972
0.0561695
0.0408508
0.054197
0.058647
0.0465053
0.0522453
0.0449918
0.0449799
0.0446438
0.051101
0.0523828
0.0610707
0.047223
0.0399099
0.0544983
0.0532588
0.0482586
0.0473343
0.0545394
0.0445459
0.0508234
0.0506928
0.0489732
0.0487773
0.0384055
0.0540979
0.0481065
0.0485454
0.0507329
0.0550946
0.0685214
0.0499353
0.0461687
0.0478169
0.0473269
0.058196
0.0586625
0.0483072
0.0491124
0.052132
0.0542992
0.0504655
0.0514094
0.0413601
0.0430614
0.0553916
0.0478421
0.0501158
0.0446467
0.0561085
0.0461384
0.0476676
0.0432505
0.0519586
0.0452492
0.0470775
0.0385637
0.0521485
0.0530376
0.0532001
0.047818
0.0500071
0.0478215
0.0470619
0.0427469
0.042729
0.0495429
0.0516023
0.0510286
0.053121
0.0407839
0.0591894
0.0569033
0.0443536
0.0525773
0.0491043
0.0503555
0.0562974
0.0467975
0.0425267
0.0521428
0.0456058
0.0476255
0.0567449
0.0541539
0.0457481
0.0548743
0.0545743
0.0470895
0.0466697
0.0469127
0.0474861
0.0454315
0.0550724
0.0531141
0.0445409
0.0469633
0.0557313
0.0454764
0.0451501
0.0462512
0.0503462
0.0499696
0.053307
0.0405269
0.0466684
0.054853
0.0498985
0.0381232
0.0587604
0.0519439
0.0483246
0.0502202
0.0394468
0.0539317
0.052598
0.0530788
0.0486997
0.0495755
0.0465954
0.0593209
0.0512309
0.049783
0.0454664
0.0476443
0.0487894
0.0451038
0.0452882
0.0431435
0.0502248
0.0476403
0.0460311
0.0415717
0.0449161
0.0473745
0.0557692
0.0579245
0.048901
0.0475615
0.0563263
0.0428304
0.0474199
0.0490661
0.0580606
0.0489277
0.0501162
0.0450424
0.0519843
0.0498966
0.0555519
0.0545968
0.0520962
0.0547149
0.0521283
0.0525748
0.056962
0.0574438
0.0550413
0.0495317
0.0456129
0.0427821
0.0524462
0.0533382
0.0462288
0.0457232
0.0539993
0.0465969
0.0535752
0.0432175
0.0575717
0.0418134
0.0471609
0.0490349
0.052743
0.0462971
0.0430938
0.0448776
0.0551343
0.043246
0.0488907
0.0628778
0.0494401
0.0464661
0.0493729
0.0580844
0.0493815
0.0647712
0.0506164
0.0432393
0.057509
0.0501305
0.0449663
0.054905
0.0493713
0.0568731
0.0453642
0.0524544
0.0581975
0.0668454
0.0550367
0.0711914
0.0474208
0.0437291
0.0489374
0.0436692
0.0489603
0.0518489
0.0440656
0.0490605
0.0546207
0.0426843
0.0435787
0.0507465
0.0542406
0.0397701
0.047531
0.0508316
0.0440618
0.048186
0.0512354
0.0398092
0.0505034
0.0450208
0.0466187
0.0385821
0.0495464
0.0527895
0.0466554
0.0505892
0.0505684
0.060542
0.0557793
0.0602783
0.05254
0.0436159
0.0526262
0.0490293
0.0555582
0.0516446
0.0483547
0.0493157
0.0550659
0.0561076
0.0525694
0.047368
0.0540718
0.0512696
0.0490732
0.0501071
0.0441819
0.0462846
0.0503828
0.0549004
0.0511138
0.0493846
0.047525
0.0465678
0.0462991
0.0535979
0.0528761
0.0507788
0.0539351
0.0552301
0.0536882
0.0619592
0.0475089
0.0518802
0.0488474
0.0506383
0.053842
0.0480129
0.0564182
0.0473054
0.0492322
0.0539019
0.0500628
0.054387
0.0534599
0.061224
0.0446979
0.0558249
0.0467633
0.0521217
0.0450373
0.039469
0.0472968
0.0485067
0.0514351
0.0494946
0.0556282
0.0588537
0.0411591
0.0485006
0.0492023
0.0479327
0.0549501
0.0460517
0.0592809
0.0506866
0.0465913
0.0556563
0.0473116
0.0420705
0.0429283
0.0496147
0.0495019
0.0443253
0.0499117
0.051864
0.051872
0.0494776
0.0534583
0.0497223
0.0469631
0.0453307
0.0485594
0.0491998
0.050941
0.0511437
0.0509963
0.0498678
0.0640242
0.0475244
0.0538839
0.05066
0.0522731
0.0517044
0.055845
0.0548426
0.0448476
0.0576746
0.0459075
0.0536783
0.0487462
0.0468382
0.0628841
0.0465014
0.0502174
0.0528854
0.0546551
0.0451684
0.044542
0.0431747
0.0461764
0.0488604
0.0426416
0.0580493
0.0522187
0.054237
0.0560252
0.0471321
0.0593706
0.0448708
0.0477449
0.0579831
0.0516242
0.0496152
0.0507326
0.0501107
0.0495746
0.046942
0.0448392
0.0428747
0.0588167
0.0486044
0.0493295
0.0448222
0.0491738
0.0448829
0.058649
0.0563921
0.0575637
0.0433919
0.0565946
0.04938
0.0607315
0.0480879
0.0471965
0.0591302
0.0478531
0.0448163
0.0495789
0.0604097
0.0422422
0.0439119
0.0486583
0.0565252
0.048226
0.0541214
0.0537816
0.0551749
0.0515687
0.0481396
0.0460547
0.0436153
0.0428418
0.044787
0.0450339
0.0526247
0.0603605
0.0546404
0.0524583
0.056689
0.0468506
0.0444435
0.0511175
0.0536594
0.0524154
0.0517879
0.0537632
0.054309
0.0439891
0.0491512
0.0631242
0.046494
0.0500221
0.0525194
0.0445513
0.0467172
0.0502568
0.0483517
0.045647
0.0513573
0.0476796
0.0536112
0.0479359
0.0474958
0.0384868
0.0477681
0.0559154
0.0505742
0.0450385
0.0535058
0.0499556
0.05246
0.0487726
0.0417873
0.057112
0.0434537
0.0438638
0.0538145
0.045444
0.0509786
0.0500013
0.0456976
0.0544566
0.0579905
0.0475261
0.0423803
0.052771
0.0404258
0.0436634
0.0566988
0.0481817
0.0511871
0.058135
0.0517742
0.0548715
0.0543033
0.0428867
0.0476042
0.0470475
0.0450189
0.0501052
0.0573069
0.0452519
0.0605904
0.0433375
0.0513931
0.0511173
0.0523497
0.0572509
0.0481088
0.0507237
0.0529251
0.0464902
0.0522707
0.0511718
0.0461635
0.0440578
0.050224
0.0560323
0.0422573
0.0470148
0.0454742
0.0486128
0.0533064
0.0480453
0.0553326
0.0482537
0.050811
0.0491271
0.0476288
0.0481045
0.0463708
0.0508017
0.0481142
0.0495913
0.0458964
0.0533558
0.0485869
0.0513972
0.039922
0.0484354
0.0422169
0.0527121
0.0458738
0.0441261
0.0529249
0.042689
0.0487455
0.0532773
0.0507229
0.0417809
0.0462354
0.0518933
0.0574697
0.044939
0.0502263
0.0432336
0.0560299
0.047148
0.0620621
0.0596454
0.0510933
0.0510841
0.055524
0.0540363
0.0541739
0.0511622
0.0508319
0.0589196
0.04885
0.0516841
0.0560162
0.0504047
0.0502329
0.0460257
0.0374971
0.0569749
0.0705455
0.0447358
0.045527
0.046076
0.0480056
0.0552357
0.0524775
0.0445252
0.0446058
0.0460823
0.0449862
0.0528124
0.048905
0.0536311
0.0480385
0.0465536
0.0462303
0.0509532
0.0423262
0.0461393
0.0487533
0.0534818
0.0477473
0.0497928
0.0593186
0.0561857
0.0596152
0.0407027
0.0511821
0.0539564
0.0415157
0.0502473
0.0535472
0.0548412
0.0502818
0.0429746
0.0469073
0.0538634
0.0474527
0.0519287
0.0508074
0.0507267
0.0567329
0.0482591
0.0477299
0.0482212
0.0569746
0.0575567
0.0565867
0.0458978
0.0542346
0.0516568
0.0613132
0.0524376
0.0493464
0.0493805
0.0428093
0.0521801
0.0514308
0.0545558
0.0540009
0.0425279
0.0444139
0.0479412
0.0468667
0.0471044
0.0562778
0.0513014
0.0513815
0.0571506
0.0443962
0.042708
0.0553292
0.0580587
0.0489161
0.0457844
0.0502324
0.054711
0.0419589
0.0555631
0.0513311
0.0466043
0.0568332
0.0466276
0.0577844
0.0461577
0.0495912
0.0523754
0.0452063
0.0357556
0.0520842
0.040644
0.05613
0.0458698
0.0556569
0.0468276
0.0489329
0.0586834
0.0529337
0.0474938
0.049092
0.0430857
0.0507298
0.0606842
0.0415781
0.0518204
0.0565013
0.0526945
0.0469804
0.051726
0.0497821
0.0544332
0.0531615
0.0638284
0.0378884
0.0498978
0.0564433
0.0509374
0.057794
0.0482151
0.0595107
0.0450633
0.0506655
0.0553959
0.0469099
0.0456836
0.0494607
0.0571798
0.058332
0.05336
0.0496605
0.0557029
0.0630296
0.0532619
0.0468116
0.0514432
0.045025
0.0532817
0.061188
0.0467666
0.0530081
0.0437176
0.0637902
0.0515368
0.0587129
0.0480887
0.0526889
0.0542632
0.0481878
0.0390302
0.0500134
0.0451456
0.0498796
0.0482016
0.0464861
0.0451744
0.0479399
0.046029
0.0440551
0.0416907
0.0475068
0.0531688
0.0502537
0.0529683
0.0413482
0.0461276
0.0512549
0.0467995
0.0442149
0.0403558
0.0438306
0.0462604
0.0457651
0.0451845
0.0429074
0.0525783
0.0494023
0.0491984
0.0489139
0.048828
0.0536568
0.0476776
0.0537287
0.053572
0.0570429
0.0480724
0.0575246
0.0540268
0.0459076
0.0482664
0.0579295
0.0534384
0.0423524
0.0405632
0.0466072
0.0521902
0.0549648
0.0429158
0.0506685
0.0531427
0.0541662
0.043382
0.0496336
0.0558982
0.0588241
0.0500331
0.0453577
0.0386513
0.0482886
0.0546101
0.0480285
0.0482628
0.0518329
0.0555427
0.0483141
0.0480609
0.0727739
0.0444605
0.0572851
0.0489964
0.0398435
0.0472039
0.039781
0.0437819
0.0439478
0.0460754
0.0495028
0.0501219
0.0481981
0.0451593
0.0564423
0.0476015
0.0470531
0.0514698
0.0512635
0.0482341
0.0478644
0.0396676
0.047577
0.0505404
0.0500591
0.0456723
0.0372217
0.0534189
0.0445548
0.0480068
0.0544546
0.0462255
0.0494115
0.0456104
0.0537751
0.0465989
0.0513648
0.0465253
0.0493428
0.0540478
0.0573128
0.0540187
0.0512214
0.0408391
0.0429971
0.0464045
0.0503257
0.0518819
0.0557987
0.051193
0.0487659
0.0528919
0.0498164
0.0620146
0.0553599
0.0521993
0.0566219
0.0521345
0.0418973
0.0383942
0.0454261
0.0444003
0.0438787
0.0483751
0.0580296
0.0449955
0.0397781
0.0407067
0.063453
0.053667
0.042737
0.0414235
0.0477492
0.0520914
0.0455007
0.0445367
0.0489961
0.0475326
0.0487517
0.051383
0.0486214
0.0484377
0.0438738
0.0485935
777777