3.02871
999999
0.215884
0.127239
0.144615
-0.123402
-0.134854
-0.141427
0.0261427
0.0472048
-0.137901
-0.0080794
-0.0845776
0.151677
-0.00122884
0.0734995
-0.0831321
0.0859609
-0.145213
-0.0241888
0.08532
-0.113447
-0.121173
-0.0912939
-0.216763
-0.113473
-0.226878
0.0769178
-0.154723
-0.0596389
-0.10606
0.0148745
0.133059
-0.1426
0.010667
0.193498
-0.132342
-0.0714916
0.109585
0.0384363
0.0735476
-0.021722
0.0563074
0.045176
-0.137895
0.0204723
-0.0671178
0.0984856
0.029904
0.109854
0.142123
-0.144089
0.222508
0.202412
-0.0480309
-0.0279239
-0.047534
0.0460152
-0.0659025
-0.142961
0.116954
-0.227163
0.192342
-0.152802
-0.271166
0.022258
-0.0281234
0.171954
0.160774
-0.13842
-0.142103
0.00746281
-0.00898036
-0.1184
-0.000560368
0.12259
0.18418
-0.00489762
0.173138
-0.175348
-0.162761
0.1496
0.0277806
0.0689928
-0.0286404
0.214099
-0.105355
-0.00674917
-0.018554
-0.130509
-0.0383052
0.0885585
0.0624256
0.0978198
-0.105381
0.126173
-0.0977179
-0.146524
0.196256
-0.0425066
-0.00123638
0.110453
-0.0502971
0.13008
-0.146628
-0.213772
0.164752
0.0970013
0.101201
0.0929973
-0.0647845
-0.170891
0.142981
-0.0215104
0.201319
0.0244207
0.0631555
0.0754246
-0.0702033
0.0761766
-0.00173926
0.0786901
-0.106729
0.0524112
-0.245197
9.35202e-05
0.0821707
0.0139806
0.0485718
-0.0866837
-0.127468
-0.0877044
-0.214726
0.140157
0.187468
0.104867
-0.227075
-0.0499882
0.0767675
-0.242663
0.194013
0.091207
0.0171243
-0.159718
0.0922762
0.025154
0.114409
-0.0693789
0.182591
0.213955
0.150855
-0.0591919
-0.116181
-0.00580276
0.0326478
0.0224585
0.0489793
0.0470897
-0.0490451
-0.12711
0.0751023
0.0265267
0.157525
0.0503803
0.111071
-0.130273
-0.108955
-0.195894
-0.121564
0.0395126
-0.00526594
-0.0742213
0.00195185
0.23001
-0.19547
0.066685
-0.224179
0.0856573
-0.138757
-0.222149
-0.175465
0.0302801
0.186876
-0.194623
0.216603
0.158361
0.0910776
0.145419
0.0766477
0.0295377
-0.104537
-0.00437136
0.040058
-0.0168236
-0.0225302
0.0557466
-0.019982
0.225763
0.150323
-0.205947
-0.217581
-0.1747
0.13556
0.17222
0.0322037
0.0243616
0.124471
0.0973486
-0.179354
-0.194516
0.0210938
0.0044331
0.0913133
-0.138817
0.137926
0.0575049
-0.0709292
0.109196
0.107429
-0.100946
0.29952
0.0153531
0.177159
0.176665
-0.151747
0.00421827
-0.116696
0.1168
-0.120712
-0.0416338
0.0615833
0.113273
0.0510346
0.0396326
0.076798
0.104793
-0.174597
0.0208875
-0.0405376
0.0659273
-0.153548
-0.0971957
-0.0458565
-0.228351
0.00936266
0.0181054
-0.0648669
-0.210611
0.236238
-0.0135325
0.0230049
0.088289
-0.162335
-0.143017
-0.0607828
0.153852
0.0677774
-0.039114
0.103426
0.15817
0.0290539
-0.148911
-0.0420786
-0.131385
0.145311
0.149892
0.0953538
0.0396343
-0.208816
0.136828
-0.0176317
0.0254509
0.12628
-0.00535591
-0.0357813
0.0390767
-0.0613211
0.108523
-0.15978
0.111175
-0.0475327
-0.0536133
-0.215258
0.134984
0.0438683
0.0526241
0.000813994
-0.0190471
-0.141071
0.000222298
-0.0786952
-0.255243
-0.0113183
-0.0607011
0.0125183
-0.0595377
0.146621
0.0198759
0.0581399
0.252464
-0.156796
0.0885702
0.188392
-0.0466329
0.0696109
-0.0501286
-0.0142784
-0.142415
0.0131747
0.102665
0.173104
0.151466
-0.102408
0.117774
-0.190277
-0.0319777
0.0648362
0.118244
0.0234853
-0.119045
-0.100283
0.027001
-0.101322
-0.0877603
0.132181
0.0447926
0.201093
-0.177913
0.0211956
0.0979554
0.0407528
-0.00925751
-0.127542
0.0937679
0.0982051
-0.102646
-0.175583
-0.0744219
-0.0317027
0.0758114
0.217652
-0.0610374
-0.266273
-0.117838
0.0842712
0.0536303
-0.0714908
0.0573896
-0.185589
0.0972294
0.0152954
-0.114639
-0.0725392
0.0459972
0.236486
-0.054796
-0.0373129
-0.0591616
0.228183
-0.0720695
-0.120058
0.14001
-0.137158
0.133213
0.196294
-0.01485
-0.141821
-0.0367359
-0.122583
0.0410993
-0.00542633
-0.0758077
0.0562097
-0.21519
0.132214
0.166242
0.192238
-0.118155
0.0795402
0.166048
-0.12584
0.165794
-0.141911
-0.148087
0.0284993
0.188367
0.123111
-0.0222687
0.0190542
-0.192932
0.209074
0.0240903
0.185002
0.0496991
-0.121629
0.0308901
-0.20103
0.0106803
-0.216814
-0.166914
0.232994
-0.020328
0.101459
-0.0425524
-0.105553
-0.0797081
0.105056
0.133426
0.00242373
-0.0314574
-0.216697
0.0245808
0.0128981
0.008292
-0.120296
-0.185685
-0.0789996
-0.188057
0.0520118
0.278001
0.084399
-0.196277
-0.204988
0.246204
0.143108
0.0426819
0.111508
0.134016
0.186681
-0.115777
-0.0778933
0.231287
-0.0704826
-0.231327
-0.0669719
0.136712
0.0135722
-0.279088
-0.185523
-0.107977
0.0937123
0.243427
0.210692
0.266938
-0.180019
-0.223828
0.147111
0.273125
-0.0232376
0.112345
0.00465349
-0.00499615
0.164901
-0.106119
-0.0115504
-0.0492083
-0.0998766
0.034046
0.058213
-0.141688
-0.182779
0.0694683
0.0874141
-0.0979489
-0.121149
0.299623
0.137474
0.0219412
-0.0887795
0.101576
-0.190631
-0.156179
0.137597
0.0304975
-0.0981732
0.0289945
0.125317
-0.0679154
0.188154
0.232335
0.0299923
0.147596
-0.0997842
-0.243778
0.172639
-0.0338174
0.066578
0.186939
-0.0267969
0.154207
0.0766786
0.20429
-0.0189709
0.0779842
0.141372
-0.220069
-0.122521
-0.228359
-0.036268
0.12499
-0.00986417
0.123278
-0.0734124
-0.168884
-0.177523
0.14705
0.00927508
-0.0860309
-0.018843
-0.265607
-0.144241
0.0315756
0.116198
-0.0359707
-0.136047
0.188841
-0.0848017
-0.00834568
-0.0265867
0.219428
0.208009
-0.0196418
-0.0941653
0.171899
-0.121464
0.0747238
0.0911471
0.0507966
0.0595656
-0.0564492
0.0878988
-0.0886516
-0.0217931
-0.0645848
0.164914
0.078162
-0.0762245
-0.00850729
-0.11691
-0.0402151
-0.11391
-0.00899211
0.0132114
0.0628654
0.129028
0.166739
0.138225
-0.188773
-0.0658326
-0.157641
0.140148
0.0977167
-0.0233245
0.0467312
0.118175
-0.192849
0.0914767
-0.0645866
-0.0560875
-0.0878001
-0.104544
-0.117203
-0.0543466
0.0336876
0.152778
0.024591
0.107803
0.0603843
-0.0202204
0.0158424
-0.058703
0.0120022
-0.11566
0.127526
0.0323589
0.0870529
0.116703
-0.183313
-0.0564098
0.195417
-0.0779027
0.10824
0.0899365
0.0118301
-0.126349
-0.133822
0.0269983
-0.150193
-0.244469
0.0994188
0.00453626
0.147316
0.270658
0.192072
0.0463461
0.168604
-0.119551
0.138233
-0.22409
0.0377505
0.105395
-0.0890009
0.0716701
0.0587815
0.0281248
-0.118247
-0.0293557
-0.11319
-0.0782523
0.168506
-0.120227
-0.0181348
0.0905988
0.0695895
0.0175613
-0.0117312
-0.222663
-0.226721
-0.266965
-0.0617715
-0.113893
-0.114796
-0.153802
-0.0719755
-0.144638
0.208575
-0.144302
-0.0417638
-0.0104783
-0.0464598
-0.130182
0.149258
0.0832872
-0.0773121
-0.0699795
-0.159302
0.172151
0.15869
-0.269975
-0.124765
-0.159688
-0.0381808
-0.0161979
-0.015213
0.211091
-0.237622
0.0301729
0.167671
-0.164144
-0.0795278
-0.11017
-0.18113
-0.238433
-0.0555868
0.0238912
0.0912134
-0.13982
-0.112069
0.0960969
0.194498
0.270673
0.106109
0.0134436
0.198013
-0.16684
0.115799
0.112743
-0.0792448
0.22736
0.14248
0.252147
-0.238347
-0.0947993
-0.0380434
0.0258327
-0.0749161
-0.141711
0.177332
0.161483
-0.0540936
-0.157998
0.0297121
-0.0882797
0.150883
0.203114
0.255819
0.0229916
-0.17561
-0.207722
-0.180482
-0.0739942
-0.0924316
0.220325
-0.146734
-0.0113163
-0.261336
0.169501
-0.139272
0.082295
-0.268485
0.223685
0.110969
-0.0770045
-0.225723
0.117418
0.085098
0.165455
-0.0152267
-0.15681
-0.016455
-0.117498
0.119193
0.271728
0.187527
0.113375
-0.0410875
-0.128883
0.00196232
0.181421
-0.107841
-0.0484458
0.0523469
0.0617085
-0.0409339
-0.0782122
0.0964122
0.0325916
0.0980509
-0.156321
0.180122
-0.107595
0.00542467
-0.13883
-0.0397116
-0.0238952
0.00708446
-0.0456319
-0.158379
-0.154764
-0.175175
-0.175962
-0.0331346
0.0642766
-0.130177
0.214246
-0.126529
0.132385
0.0316101
0.168718
-0.0693158
-0.151336
-0.100375
0.247711
-0.173823
-0.229461
0.251275
0.086972
-0.248066
-0.00065585
0.0378934
0.0398663
-0.115258
-0.0942798
0.0444722
-0.132496
0.117027
-0.13907
0.0586115
0.0783104
-0.000454106
0.0610014
-0.0285174
0.190216
-0.0815733
0.0493946
-0.0146665
-0.106748
0.0813711
0.159993
0.111194
0.221857
0.107025
0.143842
-0.155479
0.0281985
0.222969
0.125387
0.101154
-0.0615525
0.0974648
-0.026014
-0.0675511
-0.0503271
0.125078
-0.112962
0.0473476
0.0357955
0.0426982
0.0638728
0.0739292
-0.0686716
-0.0657689
0.0055946
-0.158375
-0.125498
-0.0432823
0.188591
0.197986
0.0391206
0.100721
-0.103094
0.107898
-0.157416
0.0378911
-0.262595
0.0440151
-0.112734
-0.0518651
0.215636
0.0687122
0.137863
-0.221664
-0.163305
-0.112046
0.127662
0.192037
0.255535
-0.0924986
-0.189661
0.156853
0.122142
-0.176036
0.00945271
0.106488
-0.0954577
0.18958
-0.0937085
-0.0732071
-0.0661423
0.0565825
-0.0578467
-0.172793
0.153939
-0.107899
-0.144344
0.0031999
0.144797
0.0507908
-0.0628144
-0.140828
0.140342
-0.000612037
-0.112771
-0.0874744
0.181099
0.0230397
0.141721
-0.0727594
-0.0805492
-0.080549
-0.179347
-0.00508625
0.165616
0.0010829
-0.0178196
-0.00618403
-0.212169
0.1671
0.0372251
0.0100525
0.229986
-0.0553313
-0.100301
0.178666
-0.0022113
0.0804008
-0.2052
-0.078815
0.0689975
0.0239461
-0.254286
-0.0385994
0.133051
-0.126876
-0.116853
-0.135874
0.157441
-0.088392
-0.0195134
0.139965
-0.0420751
0.212956
-0.0966969
0.113978
0.174063
-0.00768602
0.018897
-0.104472
0.199901
0.108447
0.105281
-0.00806214
0.124243
-0.00353673
-0.215167
0.038072
-0.135652
0.202402
0.0238685
-0.245939
0.100732
-0.216977
-0.167363
0.0958733
0.0894249
0.00369632
-0.0232888
-0.0494042
0.0430524
-0.0370702
-0.00313508
-0.122702
0.0887917
-0.00209439
0.0556037
-0.0776518
-0.105225
0.0614647
-0.0342402
0.0860377
-0.0503164
-0.197135
0.264347
0.0400249
-0.0179967
0.11331
-0.0693737
-0.164316
-0.100237
-0.0625102
0.192113
0.0187794
0.175312
0.224114
-0.156455
0.0421297
0.0968575
0.154617
0.00917039
0.188703
-0.0807803
0.168601
0.0692806
-0.00281336
0.074141
-0.0861759
-0.185654
-0.199908
-0.127914
0.113358
-0.0920899
-0.10969
-0.063887
0.182279
-0.10541
0.0331868
0.000819945
0.179873
-0.0290919
0.250017
-0.281976
0.138869
0.00345273
0.166479
-0.00188164
-0.244152
0.0177318
-0.140149
0.0310169
-0.0815266
0.152874
-0.060993
0.153783
0.202998
0.203788
-0.118712
0.0938485
0.163662
0.138967
-0.168111
0.158897
-0.140311
-0.00105627
-0.0383897
-0.0659373
-0.0900931
-0.119285
-0.0120884
0.207829
0.0554049
0.170806
-0.190263
0.119428
0.0960844
-0.0642071
0.0566501
0.0295321
-0.0604135
-0.13498
0.0633707
0.0902099
0.151996
0.0508652
0.133936
0.0797844
-0.0405333
0.103816
-0.128274
-0.123974
0.016422
-0.0494343
-0.093598
0.16302
-0.0138923
-0.0718539
0.017169
-0.0786971
0.0689646
0.0241249
-0.145879
0.0853298
-0.0696897
0.184669
0.0380629
0.0322677
-0.118881
0.223142
0.0510756
-0.0570307
-0.0985488
0.100662
-0.210358
-0.124814
-0.192671
-0.0896516
-0.067325
-0.00950174
0.0761873
0.164804
0.112009
-0.133754
0.19166
-0.055504
0.158717
-0.152135
-0.0495207
0.125889
0.0652606
0.0695821
-0.107108
-0.233551
0.2248
0.0174879
0.0450196
-0.166142
-0.170319
-0.112141
-0.00803251
0.00666956
0.141038
-0.117368
-0.000771568
-0.0433906
0.0249747
-0.0863467
0.100014
0.0420693
0.0784612
-0.100295
-0.0298581
0.0168871
-0.014459
0.220361
0.12601
0.284092
-0.197112
-0.0555233
0.271294
0.116082
0.186291
-0.0373569
-0.0376919
-0.0524591
0.197426
-0.26768
-0.240076
-0.300249
0.0239513
-0.12652
-0.167362
0.0102457
0.0780152
-0.200133
0.152701
0.15111
-0.10466
-0.0173003
-0.174128
-0.006943
-0.150235
0.07913
0.0500339
0.0191663
0.0768642
-0.162004
-0.0203686
0.000738953
-0.178934
-0.179557
-0.140927
0.0658722
-0.0197468
0.302374
-0.0402272
-0.160372
0.059319
-0.181118
0.152075
-0.109084
-0.0752233
0.110573
-0.0380942
-0.104182
-0.0078875
0.103771
-0.0227045
0.0126455
0.0588788
0.28676
0.107232
0.124638
0.128667
0.0897613
-0.233163
-0.0771027
-0.00743793
0.0186531
-0.0159371
-0.0153092
-0.0226264
-0.0709929
-0.191419
0.00199551
0.0211039
-0.0767241
0.00942421
0.0457711
0.181407
-0.143032
-0.103793
0.0297456
0.168171
-0.0700385
0.200733
0.191275
0.10373
0.139723
-0.13538
0.146061
0.196763
-0.144417
-0.0887815
0.145298
0.0407695
-0.00729043
0.141865
0.242145
0.165001
-0.285994
0.175702
-0.0628754
0.107828
0.0854454
-0.0686796
0.0629808
0.0625107
0.0742956
0.0924964
-0.0689226
0.186191
-0.0633053
0.242807
-0.0416503
0.118684
0.197591
-0.0936862
-0.0631674
-0.149975
0.0595262
0.00165316
0.075882
0.0941286
0.130971
-0.110306
0.0903907
-0.00984396
0.187719
-0.000507007
-0.162632
-0.214864
0.146392
0.0425548
0.0226404
0.213077
0.0823689
-0.153475
-0.0679515
-0.0746907
-0.191956
0.197707
0.00092421
-0.0568163
0.0881013
0.130164
0.148145
0.286989
-0.0953072
0.0336753
0.0733421
0.0534585
-0.0549383
-0.0708207
0.028478
-0.00916805
0.181372
-0.10111
-0.200057
0.164808
0.0709885
0.0756462
0.187071
0.0887372
-0.140782
0.0996877
-0.146511
0.156029
0.0417416
0.171024
-0.0353156
-0.107688
0.0812857
-0.0216604
-0.168111
0.102479
0.0662292
0.151684
-0.0753459
-0.146209
0.126133
-0.0814445
0.116139
0.0385723
-0.0302712
0.0401347
-0.122343
-0.0652044
-0.110577
0.0752058
0.17857
-0.0919168
0.105034
-0.0706792
-0.0595018
-0.115973
-0.108827
-0.22801
-0.240179
0.0414763
0.041191
-0.0325858
0.0158924
-0.127183
-0.084722
0.0323587
-0.0671858
0.192135
0.0500198
0.0823181
-0.171288
0.0554171
0.0920628
-0.131315
0.166918
0.00687594
0.177624
-0.11295
0.0978559
0.0376074
-0.232175
-0.00789994
-0.163652
-0.0281221
0.198152
0.0451267
0.272554
0.159983
-0.0201989
-0.0571512
0.0643292
-0.128941
-0.0469151
-0.173429
-0.169645
0.165708
0.0901263
0.0586279
-0.221937
-0.156661
-0.17352
0.175912
-0.111667
0.0115907
-0.0889656
0.031064
-0.130511
0.112826
0.073259
-0.122894
0.157412
-0.0224411
-0.0479529
0.135572
0.0258694
-0.0461916
0.0367313
-0.0111006
0.113216
-0.198303
-0.246071
0.048167
-0.130458
-0.163957
-0.0707335
-0.140158
0.132302
-0.0536365
-0.0470038
-0.118296
-0.0330075
-0.154499
0.180688
-0.187464
-0.0526515
0.052496
0.0060656
-0.107706
-0.140699
0.0826237
-0.18059
-0.129831
0.0790677
-0.0519897
-0.150182
0.106188
-0.0607024
0.153008
-0.208195
0.0665967
0.138364
0.102292
-0.170365
0.041688
0.0201264
0.155276
0.123523
-0.148144
0.180136
-0.0284533
0.161668
-0.0481176
-0.130706
-0.0615879
0.187433
0.185047
0.149935
0.0199694
-0.0850027
0.0676706
0.211915
0.0217774
-0.121274
-0.198309
-0.134793
0.0990294
-0.0929603
-0.0633095
0.0990661
0.0491274
-0.00331498
0.0704212
0.170416
-0.205184
-0.17808
-0.11832
-0.0494123
-0.157227
0.112828
0.0815375
-0.180219
-0.00374329
0.0460621
-0.00550115
0.0970791
0.054022
0.0488523
0.177065
0.0036574
-0.0955436
0.101114
0.0161556
-0.153562
-0.107489
-0.0328267
-0.0534539
0.195582
-0.0346177
-0.0379736
0.163054
0.124055
-0.0059376
0.116386
0.130627
-0.116596
0.133803
-0.0832371
0.0231754
-0.156074
0.211966
-0.188525
0.0646709
-0.167198
0.183138
-0.271265
0.00232369
-0.0744504
-0.0904117
-0.19753
0.0770325
-0.0313944
0.103558
-0.145225
-0.140914
0.0860839
-0.163645
0.0132314
-0.142898
-0.0211876
-0.181977
-0.0322511
0.190582
0.162738
0.220401
0.0752134
0.0394121
0.13099
0.134194
0.118954
0.0705403
0.0514365
0.035125
-0.0447306
0.0874113
-0.141369
-0.029942
-0.169377
0.0497294
-0.053255
-0.0501172
-0.0915621
-0.0158173
0.0445571
0.115155
-0.0418045
0.0938267
0.18508
-0.0806521
0.0260959
-0.105079
-0.0822433
0.0178374
0.00521325
-0.131476
-0.0955791
-0.0826504
0.0223079
-0.188601
0.079906
-0.115224
-0.0139627
0.0327743
-0.0239445
-0.158303
0.163183
0.0663775
0.126762
0.00901233
0.0802284
-0.0746291
-0.225514
0.102908
0.110291
-0.0996576
0.166513
0.0920074
-0.0614882
-0.11404
0.0525984
0.0389327
0.0917297
-0.111707
0.0835281
0.0639398
0.0626419
0.131318
0.22887
0.133016
-0.0942206
0.0469754
0.0756183
-0.139963
-0.0420729
-0.142646
-0.159402
0.248442
-0.168677
0.130827
0.0885001
-0.0823892
-0.0671786
-0.175758
0.0715248
-0.0864521
-0.191904
0.18328
-0.218376
0.185309
0.0504156
0.048299
0.0522211
-0.122014
-0.0574038
-0.077373
-0.0913493
0.0120886
-0.181483
-0.00676731
-0.0977266
0.222279
-0.079901
0.144158
0.101036
0.0387951
0.187354
0.0805448
0.0673831
-0.15019
0.146475
0.128135
0.0513592
0.127289
0.0951321
0.105617
-0.00250455
0.0655518
-0.0757231
0.112807
0.0201365
0.044307
0.0326168
0.192402
0.0906683
0.218243
-0.176444
-0.250193
-0.0917907
-0.0178225
-0.0936987
-0.13286
0.118577
0.0332077
0.149563
-0.0570425
-0.0463566
0.0284242
0.128473
0.0347552
0.079784
-0.117364
0.0420396
-0.00498826
-0.0921811
-0.149897
0.174499
0.00906172
-0.296585
-0.208374
0.0428322
0.108622
0.173945
0.106416
-0.0493395
-0.0854272
0.165642
-0.174672
0.0317347
0.132715
0.177388
-0.212762
-0.16048
-0.051103
0.107274
0.0456176
-0.0629263
0.0379813
0.0268515
-0.149304
0.121389
-0.149167
0.194396
-0.124897
0.187712
-0.112848
-0.0506577
0.0474476
0.131797
0.237461
-0.212657
-0.17703
-0.00330458
-0.185522
0.122028
0.0693284
0.0323913
-0.142002
0.0894506
0.0359597
-0.0856515
-0.132342
-0.127251
0.0788679
-0.0945576
-0.161487
-0.141289
0.0273217
-0.152973
0.0707083
0.0988216
0.00857331
0.0487682
0.0094035
-0.0719891
0.0106513
-0.178177
0.097276
-0.173454
0.0581096
0.111488
0.144353
0.0671335
0.0747242
0.112115
-0.152858
0.0437937
-0.0676939
0.0295624
-0.0461112
0.00870798
-0.170399
0.101129
0.00768172
-0.0519486
-0.235368
-0.216857
-0.192678
-0.0970204
0.128314
-0.209894
-0.00268635
0.0275694
-0.10252
-0.206781
0.165443
888888
0.0467548
0.0569061
0.0489177
0.0453336
0.0463288
0.0447951
0.0472998
0.0557343
0.0552648
0.0500426
0.0490572
0.0443174
0.0578241
0.0543453
0.0490158
0.0460572
0.0539434
0.0385108
0.0471518
0.0440834
0.0511068
0.0550291
0.0450213
0.0512592
0.050581
0.0427128
0.0560143
0.0441247
0.0563836
0.0438196
0.0515114
0.0436307
0.0495623
0.056348
0.0499895
0.0542187
0.0494232
0.0489175
0.0490696
0.0462643
0.0401384
0.0526672
0.0516537
0.0534032
0.0628931
0.0527853
0.0501005
0.0574558
0.0612549
0.0517249
0.0471103
0.0466169
0.0490211
0.048352
0.0583423
0.0467508
0.0474448
0.0484872
0.0446781
0.0462292
0.0511759
0.053569
0.0415501
0.0518357
0.0540328
0.0471626
0.0522656
0.048219
0.0528322
0.039445
0.0621337
0.0482998
0.0612436
0.0476029
0.0381955
0.0521725
0.0441059
0.0470796
0.0589933
0.0471726
0.0569159
0.05296
0.0510071
0.0534095
0.0509887
0.0503338
0.0585463
0.0450603
0.0474001
0.0455539
0.0474813
0.0497699
0.0506713
0.0545318
0.0499882
0.0542313
0.0503424
0.0457949
0.0442099
0.0538302
0.053507
0.0521517
0.0422894
0.0542788
0.0471933
0.0489015
0.0480855
0.050726
0.0474553
0.0498878
0.0435727
0.0479315
0.0453423
0.0505414
0.0498359
0.047293
0.0508984
0.0574742
0.0523242
0.0473483
0.0535467
0.0506069
0.0435996
0.0511381
0.0496724
0.0501601
0.0599931
0.043908
0.04357
0.0473029
0.0483212
0.0543355
0.0508248
0.0456154
0.0392509
0.0498384
0.0475418
0.048834
0.0490322
0.0509612
0.0445076
0.0457319
0.0583198
0.0452088
0.0507674
0.0523388
0.0482326
0.0531475
0.0648099
0.0531808
0.0433994
0.0471119
0.0462034
0.0610285
0.0539387
0.0394158
0.0484451
0.0523825
0.0607552
0.0551596
0.0575192
0.0547372
0.0571757
0.0453213
0.0545167
0.0458976
0.0467298
0.0504411
0.0452099
0.0505208
0.05582
0.0532898
0.0419528
0.0446347
0.0448454
0.0464647
0.0494319
0.0505018
0.0425618
0.0533453
0.0411831
0.0436842
0.0560649
0.0464504
0.0593283
0.0414488
0.0444061
0.0447396
0.0498912
0.054842
0.0581044
0.0554904
0.0532566
0.0642185
0.0474096
0.0454472
0.0457595
0.0403643
0.0482961
0.0666489
0.052466
0.0566144
0.0452223
0.0537661
0.0472556
0.054819
0.0487511
0.047274
0.0525447
0.0491708
0.0468044
0.0549464
0.0552757
0.0405698
0.0441301
0.0388645
0.0591869
0.0531982
0.0569749
0.04079
0.0507589
0.0501578
0.0473022
0.0391422
0.0548858
0.0426506
0.0482591
0.0678731
0.0524902
0.0549364
0.0538724
0.0500443
0.0472523
0.0465076
0.0616785
0.0459037
0.0491896
0.0531203
0.047049
0.0501644
0.0447958
0.0474698
0.0488088
0.0425404
0.0581548
0.0518153
0.0525894
0.0575075
0.0424751
0.0537845
0.0430843
0.0706632
0.0553068
0.0498619
0.04836
0.0444549
0.0473777
0.0446866
0.049644
0.0553702
0.0503169
0.0536494
0.0491551
0.0460656
0.0491265
0.0478527
0.0475571
0.0556494
0.051064
0.0485828
0.0483082
0.0405807
0.0510141
0.0627409
0.0477596
0.0554359
0.0488919
0.043627
0.051009
0.0476418
0.0443993
0.0447323
0.0408611
0.0447933
0.041469
0.0436029
0.05321
0.0533705
0.0479738
0.0499235
0.049499
0.0412551
0.0557711
0.0451283
0.0428494
0.0456789
0.0579501
0.054685
0.0540444
0.0520504
0.0418122
0.0512313
0.0702029
0.058988
0.0486531
0.0513394
0.0436242
0.0496216
0.0474298
0.0498564
0.0477917
0.0469399
0.0356388
0.0441448
0.0496767
0.0527348
0.0518743
0.0458412
0.0499928
0.0511616
0.0496937
0.0545722
0.0438117
0.0573965
0.0424621
0.0488023
0.0562335
0.0502513
0.0533865
0.0670369
0.0549453
0.0620903
0.050914
0.0561683
0.0474492
0.0520162
0.0467969
0.0488872
0.0569925
0.0623869
0.057255
0.0413113
0.0545388
0.0606813
0.0548497
0.0520326
0.0564833
0.0476646
0.0533813
0.0511462
0.0425476
0.0506121
0.044467
0.050688
0.0498291
0.0560789
0.0495994
0.0487044
0.0535432
0.0433033
0.0528744
0.0557018
0.0549435
0.0449379
0.0530091
0.0473452
0.0521232
0.0464187
0.0635943
0.046333
0.057833
0.0397688
0.0497234
0.0525024
0.0568941
0.0535794
0.043705
0.0451318
0.0467517
0.0534959
0.0482329
0.0512278
0.0507256
0.050145
0.0470528
0.0517221
0.0478688
0.0531029
0.0522144
0.050785
0.0461916
0.048252
0.0442291
0.0477772
0.0591963
0.0455824
0.0522669
0.0420151
0.0480017
0.0514386
0.0480872
0.056254
0.0552322
0.0509981
0.0586031
0.0521749
0.0518091
0.0521545
0.0473903
0.0438514
0.0492061
0.054651
0.0514912
0.0480597
0.0520749
0.0372219
0.0497657
0.0558463
0.0512567
0.0481014
0.0500155
0.0418069
0.0466147
0.0605387
0.050147
0.051555
0.0485535
0.0542827
0.0531779
0.0478577
0.0638479
0.0554185
0.0550632
0.0448155
0.0477833
0.0475847
0.0479468
0.0619516
0.0518244
0.050637
0.0480001
0.0444386
0.0495319
0.0540768
0.0387754
0.0547014
0.041586
0.0481721
0.0541188
0.0477584
0.0480695
0.0556937
0.0526696
0.0517865
0.0555279
0.0468058
0.0512623
0.050686
0.0545018
0.044302
0.0544463
0.0573527
0.0534953
0.0586418
0.0535581
0.0631278
0.053961
0.0608559
0.0463486
0.0408508
0.0526437
0.05159
0.0559545
0.0489458
0.0491338
0.0482669
0.0544301
0.0547867
0.0547425
0.0481318
0.0478351
0.0478587
0.0536524
0.0450272
0.0548273
0.052403
0.0502182
0.0647643
0.046641
0.0432723
0.0441864
0.0452081
0.0531721
0.0528253
0.0498717
0.0399927
0.0530762
0.0499472
0.0479625
0.0483465
0.0507282
0.0518062
0.0492448
0.0599359
0.0513659
0.0482075
0.0542755
0.044069
0.0468283
0.0447599
0.0607238
0.0497376
0.0566504
0.0495545
0.0500096
0.0539683
0.0506734
0.0553325
0.0547532
0.0602367
0.0485632
0.0491477
0.0476142
0.0603407
0.0479489
0.0539834
0.0469467
0.0470854
0.0407843
0.0571897
0.0597663
0.0527994
0.0411522
0.0468291
0.0476176
0.04762
0.0538846
0.0448299
0.0520095
0.0521849
0.0492289
0.0483455
0.0462641
0.0462386
0.0491507
0.0536686
0.0621275
0.0523184
0.0521102
0.0520557
0.047325
0.058572
0.0606195
0.0496529
0.0497784
0.0490672
0.0466635
0.0542157
0.0515544
0.0486587
0.0543222
0.0612269
0.0565297
0.0467575
0.0443226
0.047103
0.0446532
0.0423911
0.0538214
0.0452682
0.0462354
0.0469646
0.0517652
0.0512066
0.0476097
0.0577528
0.0492984
0.0477669
0.0521642
0.0541417
0.0484582
0.0386167
0.0529982
0.0483386
0.0437476
0.0455476
0.0511162
0.0543421
0.0444536
0.0482629
0.0523477
0.0381123
0.0543475
0.0407817
0.053235
0.048122
0.0635526
0.0612203
0.061726
0.0570559
0.041418
0.0401954
0.052984
0.04565
0.0478837
0.0460298
0.0465639
0.0443959
0.0522039
0.0528114
0.0488532
0.0372862
0.0486122
0.0401304
0.0617808
0.0465134
0.0445293
0.0466423
0.0433346
0.0473597
0.0433832
0.0362749
0.0538442
0.0519357
0.0419972
0.0500742
0.0425582
0.053291
0.0520393
0.048145
0.0600886
0.0451439
0.0535455
0.0480196
0.0552205
0.0510163
0.0498519
0.0542146
0.0566968
0.0535167
0.0603704
0.0543628
0.0551319
0.046465
0.0524101
0.0449264
0.0528242
0.0471653
0.0482913
0.0404886
0.0503493
0.0525977
0.0599675
0.0515892
0.0457937
0.0404131
0.0550531
0.0498538
0.0488771
0.0462507
0.0528547
0.0544031
0.0550446
0.0524242
0.0399465
0.0500176
0.0546064
0.0522164
0.0485226
0.0516154
0.0630966
0.0617751
0.042616
0.0520376
0.0499931
0.0516028
0.0618562
0.052088
0.0609477
0.046523
0.049028
0.0475946
0.0482378
0.0496541
0.0421771
0.0487072
0.0471964
0.0440198
0.0514388
0.0502302
0.0523112
0.0419673
0.0529064
0.0467381
0.0484182
0.0514946
0.0488793
0.0583685
0.0484362
0.0507302
0.0388118
0.0570824
0.0612577
0.0581491
0.0442635
0.0482661
0.0473466
0.052831
0.044075
0.0396064
0.043602
0.0491545
0.0457321
0.0563367
0.0503977
0.0413926
0.0507508
0.0500444
0.0519
0.0516964
0.0436924
0.0525596
0.0494294
0.0459564
0.0452926
0.0442832
0.0513675
0.0525673
0.0461002
0.0524223
0.0434727
0.0415595
0.0557039
0.0474947
0.0456724
0.0455088
0.0521951
0.0391299
0.0465979
0.0541214
0.0438784
0.0482675
0.0480128
0.0488551
0.0543104
0.0485315
0.0512908
0.0532922
0.0510207
0.0508834
0.0439003
0.0494497
0.049106
0.055314
0.0483735
0.050752
0.053887
0.0469036
0.0575967
0.0525237
0.0459928
0.0484757
0.0471018
0.0558448
0.0604406
0.0486409
0.0363327
0.0505006
0.0568532
0.0548666
0.0431016
0.0501253
0.0676746
0.0448087
0.0495891
0.056998
0.046504
0.0536655
0.0481189
0.0519213
0.0544736
0.0469753
0.0432787
0.0568694
0.0617736
0.0422543
0.0550035
0.05018
0.0555307
0.0548055
0.056251
0.0547489
0.0540555
0.0462319
0.0529019
0.0577374
0.050883
0.0519214
0.045754
0.046744
0.0472163
0.0457435
0.0557871
0.0511867
0.0432517
0.0472809
0.0505459
0.0490793
0.0420707
0.0555615
0.0506846
0.0422826
0.0473805
0.0532837
0.0502813
0.0541543
0.058755
0.0492897
0.0469665
0.0516795
0.0454228
0.0498593
0.0557504
0.0552918
0.0514249
0.0477876
0.0500237
0.0492282
0.0496084
0.0544767
0.0518747
0.0405411
0.0490291
0.0375242
0.0543429
0.0522052
0.0458512
0.0465578
0.0459048
0.049072
0.0524175
0.0548389
0.0471938
0.0514039
0.0437492
0.0488422
0.0472288
0.0437727
0.0473758
0.049397
0.0482907
0.0589429
0.044862
0.0502446
0.0372389
0.0542285
0.0493492
0.044966
0.0551733
0.0538148
0.044856
0.0485028
0.0454323
0.0432672
0.0522583
0.0491714
0.0615114
0.0571781
0.0472037
0.0535081
0.0494496
0.0478859
0.0530737
0.0461894
0.0566375
0.0456804
0.0450979
0.0507872
0.053846
0.0496526
0.0556935
0.0421169
0.0537205
0.0565676
0.0433684
0.0504584
0.0509512
0.0575654
0.0439634
0.0580387
0.0496916
0.0394123
0.0675702
0.0419569
0.0500076
0.0470403
0.0495632
0.0508327
0.0395287
0.0415972
0.0484361
0.0477265
0.0481978
0.0603411
0.0550076
0.0512887
0.0509841
0.0468889
0.0489446
0.0479658
0.0538305
0.0404445
0.056627
0.0501028
0.0450939
0.0557645
0.0589219
0.0449174
0.0506613
0.0506344
0.0534711
0.0498139
0.049464
0.0540184
0.0536214
0.0529609
0.0477877
0.0483427
0.0439801
0.0567025
0.0524958
0.0513587
0.0468278
0.046809
0.0471719
0.057848
0.0446467
0.0545859
0.0552342
0.0519337
0.0519795
0.049982
0.0471879
0.0499795
0.0631343
0.0437255
0.0507105
0.0474511
0.0582029
0.047622
0.0570708
0.0476132
0.0504863
0.0575225
0.0529243
0.0501239
0.0436146
0.0468993
0.0573043
0.0497294
0.0584234
0.043011
0.0459298
0.0478781
0.0443296
0.0505442
0.0459419
0.040557
0.0540547
0.05501
0.0471513
0.0496911
0.0454369
0.0488998
0.0503319
0.0521568
0.0508875
0.0530806
0.0443295
0.0454766
0.0500246
0.0572594
0.055225
0.0538118
0.0588619
0.0449198
0.0547818
0.0441238
0.0463472
0.0539212
0.0462401
0.0521267
0.0468938
0.0565729
0.0527838
0.0479016
0.047101
0.0592217
0.0554136
0.0468904
0.0434457
0.0574475
0.044763
0.0438416
0.0529866
0.0521925
0.0505169
0.0468751
0.0596535
0.0523056
0.0572179
0.0573201
0.060188
0.0436633
0.0477268
0.0620444
0.0565669
0.0497815
0.0459476
0.050116
0.0451175
0.0484763
0.0559168
0.0552619
0.0438862
0.0488899
0.0536681
0.0491215
0.0534922
0.0539834
0.0526664
0.0459967
0.055664
0.0533414
0.0512784
0.0497587
0.0545572
0.0521296
0.0459689
0.0451096
0.0565127
0.0447265
0.0576783
0.0479828
0.0547941
0.051714
0.059339
0.0463121
0.0654831
0.0411255
0.0501046
0.0422055
0.048291
0.0558215
0.0524727
0.0518794
0.0501532
0.0493661
0.0469284
0.0523013
0.0623491
0.0465385
0.0425165
0.0536519
0.0512149
0.0460948
0.0592952
0.0509572
0.0602421
0.0505764
0.0436005
0.0457425
0.0554425
0.0492596
0.0442583
0.0528337
0.0609102
0.0474805
0.0441297
0.0482987
0.0444555
0.051626
0.0492155
0.0513466
0.0488984
0.0536744
0.0437338
0.0534735
0.0565876
0.0501635
0.0470663
0.0374682
0.0426403
0.0453543
0.0506715
0.0473592
0.0541
0.0450498
0.0446977
0.0502962
0.0491022
0.0614397
0.0469658
0.048897
0.0545384
0.0442409
0.0468285
0.0478169
0.0422239
0.0502671
0.0426492
0.0558815
0.0517023
0.0500246
0.0519195
0.0512002
0.0442877
0.0404415
0.041307
0.045363
0.0499364
0.0563695
0.0491409
0.0544023
0.0567199
0.0431759
0.0516688
0.054279
0.0459793
0.0475895
0.0461291
0.0567513
0.0401151
0.0468816
0.0465443
0.0450351
0.0430519
0.0407105
0.0484475
0.0462727
0.0433687
0.0479353
0.0488508
0.0486164
0.0517566
0.0575703
0.0498594
0.0474658
0.0562235
0.049374
0.0581477
0.0507989
0.0396627
0.0524275
0.0599433
0.0445814
0.0506335
0.055717
0.0560308
0.0454817
0.0468633
0.0416868
0.0522849
0.0465023
0.0567347
0.0450937
0.0507624
0.0575804
0.0514088
0.0421059
0.04532
0.0421693
0.0514553
0.0535277
0.0472345
0.0533192
0.0525744
0.0678085
0.0418329
0.0632463
0.0484435
0.0433924
0.0438531
0.0594873
0.05907
0.0521618
0.0588955
0.0507425
0.0489992
0.0537454
0.0526785
0.0548145
0.0550701
0.0506398
0.047574
0.0488357
0.0371831
0.0439262
0.0566936
0.053791
0.0499326
0.051882
0.0461403
0.0466402
0.0471895
0.0526001
0.0473965
0.0605086
0.0546767
0.046548
0.0462819
0.0608409
0.0565548
0.052083
0.0537733
0.0456939
0.0443562
0.0570143
0.0550441
0.0501754
0.0526561
0.046675
0.0463076
0.0466722
0.0449792
0.0437777
0.0547663
0.0587604
0.0522003
0.0592242
0.0458015
0.0473389
0.0495246
0.0477
0.0508073
0.0511454
0.0592321
0.038585
0.0516088
0.0475433
0.0485764
0.0456934
0.051971
0.0507751
0.0489581
0.0540468
0.0517116
0.0468876
0.0485388
0.0552896
0.0507294
0.0540074
0.06193
0.0628996
0.050346
0.0484236
0.0470717
0.0531168
0.0530829
0.0441665
0.0607694
0.0506609
0.0521561
0.0440358
0.0515282
0.0482724
0.0495472
0.0537512
0.0480585
0.0410248
0.0563473
0.0504481
0.0618108
0.05493
0.055327
0.0618474
0.0558535
0.0429259
0.0551597
0.045804
0.0424678
0.0530003
0.0638135
0.0474263
0.0426648
0.054671
0.0480789
0.0468881
0.0495645
0.0491644
0.0531174
0.0504878
0.0490621
0.0653123
0.0450859
0.0602977
0.0554235
0.0507955
0.0553831
0.0564344
0.0568451
0.0525432
0.0542407
0.0462123
0.0582776
0.0519646
0.0586542
0.0487787
0.0648103
0.051315
0.0631229
0.0535922
0.0502174
0.0456453
0.0450922
0.0509406
0.044009
0.0544009
0.0488184
0.0576729
0.0467437
0.0484491
0.0555741
0.0441608
0.0525281
0.0529184
0.0500518
0.0471287
0.0548822
0.0562282
0.0522491
0.0508263
0.0472561
0.0472443
0.0460613
0.0520352
0.0590606
0.0510936
0.0446196
0.058786
0.0492914
0.0496281
0.0601583
0.0494663
0.0493771
0.0542777
0.0436484
0.049934
0.0458394
0.0505247
0.0504624
0.0497977
0.0490434
0.0440113
0.0457408
0.0441811
0.0569003
0.0506611
0.0580972
0.0428173
0.0476522
0.0426328
0.0505314
0.0503537
0.0509687
0.0525873
0.0518263
0.0575498
0.0539952
0.0540934
0.0483
0.0481425
0.053329
0.0492028
0.0493123
0.0512817
0.0406159
0.039115
0.0406927
0.06713
0.0518654
0.0517864
0.0400211
0.052045
0.055482
0.0517123
0.0542653
0.0513251
0.050954
0.0493529
0.052358
0.0533242
0.0564739
0.0441353
0.0502424
0.046864
0.0549403
0.046605
0.0425011
0.0536573
0.054178
0.0556687
0.0559124
0.0495241
0.0406767
0.0456827
0.0414177
0.0475055
0.0445008
0.0632719
0.0520174
0.0499143
0.0511064
0.0602136
0.0511697
0.0559657
0.0512176
0.0513202
0.0485957
0.0587784
0.051937
0.0491398
0.040236
0.0458715
0.0480596
0.0457136
0.0569965
0.0479608
0.0463483
0.0494447
0.0474252
0.048754
0.0532339
0.0467202
0.0500219
0.0628225
0.0473534
0.0518105
0.0591174
0.048089
0.0482063
0.0565783
0.061248
0.0442485
0.0445145
0.0493456
0.0490595
0.0543169
0.0482025
0.0477342
0.0536921
0.0605763
0.0521813
0.0532889
0.0505761
0.0581874
0.04797
0.0529961
0.0497389
0.0506573
0.0484541
0.0504652
0.0519441
0.040609
0.0458254
0.0469257
0.053953
0.0593719
0.0495456
0.0485116
0.0469914
0.04164
0.0455221
0.0509493
0.0543895
0.063876
0.046507
0.0473283
0.0586422
0.0496542
0.0468317
0.0448324
0.0550403
0.0533783
0.0461938
0.0457557
0.0601901
0.0432746
0.0691899
0.0422775
0.0502899
0.054057
0.0428102
0.0606878
0.0408126
0.0477611
0.0513944
0.0539083
0.0469244
0.0464057
0.0504589
0.0440662
0.0459823
0.04731
0.0570212
0.0543747
0.0478896
0.0478859
0.0451172
0.0512123
0.0483193
0.0519284
0.057258
0.0532374
0.0576766
0.0462708
0.0450234
0.0467111
0.050996
0.0551074
0.0522081
0.044794
0.0371633
0.0532557
0.0426676
0.0489233
0.0538045
0.0503229
0.0525484
0.0503928
0.0497089
0.0431712
0.0490363
0.0529081
0.0398968
0.0470551
0.0486196
0.0499885
0.0427975
0.0474704
0.0447217
0.0521594
0.0513046
0.0635334
0.0532312
0.0535548
0.0461148
0.053612
0.0436176
0.0504398
0.0576302
0.0459363
0.0460833
0.0556406
0.0443928
0.0421706
0.0614711
0.052894
0.0479574
0.0613141
0.0449886
0.046294
0.0619752
0.0486781
0.0458181
0.0518695
0.0543157
0.0422358
0.0474221
0.037382
0.0616304
0.0422825
0.0397378
0.0527087
0.0541774
0.0458621
0.0522779
0.051742
0.0530368
0.0470398
0.0557759
0.0487016
0.0446952
0.0451713
0.0590959
0.0462459
0.049713
0.0536406
0.0440773
0.0455352
0.0479182
0.0427013
0.0440226
0.0469485
0.0438058
0.0472109
0.0455894
0.0478058
0.0548483
0.0494614
0.0593261
0.053765
0.0439818
0.0464237
0.0436314
0.0459979
0.0482739
0.0596872
0.0583826
0.05325
0.0457123
0.0514024
0.056693
0.0563727
0.0370304
0.0541921
0.0609237
0.0477794
0.048992
0.0377732
0.0479891
0.0450026
0.0432409
0.0506223
0.0531054
0.0480891
0.0500469
0.0668845
0.0572926
0.0553453
0.0463964
0.0432022
0.0469276
0.0553783
0.0428449
0.0564054
0.0578193
0.0536271
0.0482929
0.0478303
0.0520231
0.0440221
0.0465092
0.048648
0.0583147
0.0581916
0.0525183
0.0531476
0.0410688
0.0545715
0.0436231
0.0487427
0.0471827
0.0517196
0.0482025
0.0510241
0.0451501
0.0379662
0.052492
0.0527709
0.0518928
0.0513284
0.0481231
0.0494116
0.0394785
0.0646149
0.0444961
0.0569006
0.0573876
0.0522744
0.0661411
0.0517244
0.0604952
0.0526436
0.0507471
0.0420811
0.0544136
0.0457241
0.0448431
0.0545521
0.0463147
0.0513117
0.0514671
0.0435016
0.0489955
0.0481578
0.0555865
0.0506568
0.0496364
0.0412941
777777