3.00431
999999
0.150492
0.0915018
0.192661
-0.14794
-0.0673733
-0.142825
0.0731816
-0.0543685
-0.207078
0.0199811
-0.14716
0.122444
0.0896601
-0.0102884
-0.0861539
0.104482
0.012752
-0.0146939
0.079158
-0.089713
-0.132483
-0.0544448
-0.28833
-0.188435
-0.244349
0.0594996
-0.116135
-0.09147
-0.125963
-0.0491799
0.110211
-0.118238
-0.00754632
0.12994
-0.185161
-0.149498
0.11667
0.0437928
0.071246
-0.0265519
0.0339658
-0.00537076
-0.228751
-0.0419836
-0.140516
0.109012
0.124568
0.199122
0.0599886
-0.155294
0.1782
0.164665
0.0468535
-0.0479911
-0.00864618
0.0349214
-0.0597994
-0.181896
0.106018
-0.223965
0.178631
-0.170983
-0.314545
0.0260547
0.0324963
0.272737
0.0963896
-0.136463
-0.201127
0.00615138
0.0148223
-0.107821
-0.0540543
0.222274
0.168789
0.157756
0.130203
-0.135769
-0.118866
0.227039
0.0808
0.097341
-0.0864395
0.0557264
-0.144524
0.0556175
0.0342734
-0.0767169
-0.0419496
0.104358
0.0302736
0.0615955
-0.100057
0.130991
-0.0617499
-0.125431
0.19556
0.0253245
-0.0343591
0.106408
-0.0639505
0.103617
-0.158311
-0.168122
0.0856573
0.126224
0.15488
0.0454849
-0.00111376
-0.180631
0.182189
-0.05647
0.171023
0.0416354
0.0400966
0.156257
-0.0722048
0.07253
-0.0659593
0.130154
-0.136089
0.063734
-0.347274
0.0641256
0.0603563
0.0462354
0.0398948
-0.0383695
-0.138083
-0.0368981
-0.161554
0.137232
0.190477
0.0900833
-0.19906
-0.0416272
-0.0344748
-0.298205
0.168562
0.18447
0.0183486
-0.274402
0.105844
0.0600218
0.213883
0.00773033
0.159235
0.295852
0.148616
0.00810757
-0.140734
-0.0301005
-0.0191052
0.0533037
0.0449099
0.0384248
-0.0463482
-0.0940179
0.0754599
0.00661084
0.273411
0.107345
0.171754
-0.174383
-0.118527
-0.148128
-0.0569248
0.117405
0.0592122
-0.0249028
-0.0402759
0.257528
-0.155375
0.0680052
-0.220302
0.0379247
-0.235765
-0.224174
-0.208176
0.023534
0.168666
-0.195696
0.27165
0.175893
0.124413
0.150619
0.127184
0.0016674
-0.100203
-0.0250457
-0.048075
0.0667045
-0.00759034
-0.0384379
-0.117895
0.31789
0.130525
-0.247854
-0.1328
-0.184699
0.170446
0.159682
0.027468
0.0625989
0.116622
0.185811
-0.117493
-0.220855
0.00339991
-0.0216752
0.064479
-0.173405
0.171807
0.0754411
-0.11057
0.113108
0.152079
-0.145728
0.331319
0.0115439
0.205957
0.152202
-0.178086
0.00851709
-0.0817708
0.0925659
-0.0482992
0.0407604
0.0983282
0.139587
0.0279505
0.087079
0.0656548
0.0833976
-0.218233
0.00951247
-0.0740417
0.149374
-0.219004
-0.168718
-0.0978139
-0.264104
-0.0127635
0.0304501
-0.0072119
-0.229755
0.260356
-0.0561587
-0.0333038
0.0261653
-0.199011
-0.153295
-0.0665004
0.168085
0.109287
-0.0356957
0.0777907
0.14282
-0.0319041
-0.245922
-0.00976017
-0.176176
0.0789685
0.10585
0.0544315
-0.0439306
-0.162572
0.22209
0.0214054
-0.0179775
0.126525
-0.0439335
-0.0356805
-0.00010048
-0.0517615
0.144625
-0.144885
0.182271
-0.0230372
-0.0554246
-0.259724
0.0894557
0.0515854
0.0033431
0.00369712
0.00797694
-0.148169
-0.057856
0.0170376
-0.293194
-0.0878551
-0.166635
-0.0646163
0.0175879
0.0744767
0.00654785
0.0776263
0.342317
-0.154428
0.101869
0.182968
-0.00193199
-0.00407131
-0.0314182
-0.0296719
-0.0683764
0.0574559
0.00734246
0.227359
0.0514332
-0.0790216
0.15691
-0.175076
-0.0183132
0.0791841
0.135444
0.0685286
-0.0916662
-0.0970549
-0.0683872
-0.113265
-0.0804815
0.129531
0.00464792
0.241616
-0.167784
0.00109785
0.0791199
0.105062
0.0200666
-0.197761
0.0363601
0.0896117
-0.207771
-0.215812
-0.0673065
-0.0443674
0.103244
0.268796
0.0790225
-0.158495
-0.126865
0.14704
0.126726
-0.0147164
-0.0170956
-0.215809
0.0864549
0.0456534
-0.215791
-0.0339429
0.0510276
0.252709
-0.0172165
-0.053933
-0.09636
0.207951
-0.0127136
-0.0851393
0.183043
-0.231466
0.105829
0.229873
0.0011435
-0.211815
-0.101575
-0.1038
0.131531
0.0110181
-0.0504036
0.0735227
-0.219868
0.148902
0.07625
0.174727
-0.0844457
0.196092
0.12883
-0.176105
0.119753
-0.164366
-0.118134
0.00690631
0.162143
0.165458
0.00273374
0.0421581
-0.107771
0.256731
0.112966
0.148334
-0.00205993
-0.152281
0.0467987
-0.231174
-0.0416161
-0.212016
-0.178365
0.215463
-0.0822031
0.0353715
-0.0534486
-0.153146
-0.0374415
0.107616
0.0691989
0.0966912
-0.0534218
-0.120158
-0.033036
0.0217716
-0.0275514
-0.141609
-0.0867438
-0.152264
-0.189611
0.058046
0.261477
0.159521
-0.0951527
-0.232093
0.291901
0.102796
0.0626932
0.175879
0.172066
0.120579
-0.294341
-0.0941571
0.317196
-0.0251853
-0.190539
-0.177873
0.15402
0.0691579
-0.240151
-0.120431
0.032825
0.0656243
0.270834
0.162131
0.339606
-0.0797553
-0.333401
0.185151
0.342182
-0.00546915
0.122201
-0.0800738
-0.0143256
0.201309
-0.122893
-0.0731858
-0.0479795
-0.0635394
-0.0667125
0.0660802
-0.15353
-0.192307
0.010895
0.0498483
-0.0890861
-0.0305098
0.227816
0.139353
-0.0390068
-0.0902171
0.140933
-0.167523
-0.133703
0.0130217
0.0799412
0.00955824
-0.00127973
0.0944316
-0.0850721
0.203502
0.326465
0.00125116
0.210603
-0.114528
-0.249451
0.0949591
-0.0577105
0.0487767
0.112192
-0.0188713
0.0522122
0.00625787
0.10321
-0.0353599
0.0712395
0.106496
-0.0932473
-0.127491
-0.269359
0.0106503
0.120286
0.0124679
0.137552
0.00373349
-0.210118
-0.0873098
0.241222
-0.0824733
-0.0729852
-0.0617269
-0.219874
-0.150351
0.000875362
0.163486
0.00550637
-0.127326
0.283755
-0.050471
0.0210751
-0.0509005
0.314683
0.242315
-0.0975923
-0.0459238
0.144614
-0.099435
0.0865879
0.0857761
0.0565996
0.0670057
-0.0861642
0.0629739
-0.0911121
-0.0890567
-0.0611331
0.172793
0.0142477
-0.110333
0.0813724
-0.0623738
-0.0185167
-0.15407
-0.0220799
0.0215419
0.0596778
0.165113
0.223155
0.161371
-0.154432
-0.114831
-0.193514
0.215965
0.0601704
-0.0519429
0.0404251
0.193088
-0.11913
0.09992
-0.00135646
-0.0483752
-0.118302
-0.103352
-0.0907713
0.067801
-0.0459785
0.123324
-0.034982
0.107522
-0.0180538
0.0556729
0.0195652
-0.0298345
-0.0800984
-0.106413
0.164644
-0.00285015
0.0301959
0.105393
-0.150687
0.0354143
0.154967
-0.0316825
0.154153
0.0827165
0.00762691
-0.0389667
-0.158947
-0.0300295
-0.21216
-0.238625
0.153615
-0.00819537
0.120026
0.330573
0.221009
0.109959
0.159187
-0.0405942
0.102299
-0.238899
-0.00692608
0.0720999
-0.0715401
0.107961
0.073439
0.063108
-0.11394
-0.0216783
-0.183353
-0.0167046
0.237853
-0.207397
-0.00666586
0.0788552
0.10594
0.0422043
0.0289077
-0.32498
-0.174728
-0.357565
-0.0075332
-0.0849979
-0.134816
-0.161114
-0.0780168
-0.141216
0.184921
-0.0942299
0.025917
0.0366642
-0.074129
-0.140324
0.123608
0.0264336
-0.0905368
-0.056275
-0.183811
0.21325
0.0702005
-0.357441
-0.200616
-0.153906
-0.133431
-0.0856595
-0.0282251
0.139614
-0.223843
0.0560904
0.124446
-0.0801752
-0.0677652
-0.125549
-0.146433
-0.252735
-0.141788
-0.00108738
0.092949
-0.175717
-0.120096
0.0806267
0.245983
0.248671
0.112807
0.000765265
0.173483
-0.149639
0.122313
0.118639
-0.0877254
0.247919
0.15355
0.167815
-0.177267
-0.0507686
-0.109647
0.0167653
-0.175818
-0.202508
0.155446
0.244278
0.0264349
-0.148003
0.0888487
-0.103814
0.134978
0.195524
0.306579
0.0224789
-0.244222
-0.248475
-0.172306
-0.0120948
-0.0911506
0.305014
-0.113702
0.086302
-0.27879
0.142546
-0.135431
0.140761
-0.246978
0.256534
0.157695
-0.0610378
-0.272346
-0.0851504
0.152099
0.179117
-0.0605565
-0.150075
0.00735356
-0.123883
0.194259
0.288729
0.187783
0.161643
-0.0990061
-0.221975
0.0985299
0.243915
-0.137429
-0.150854
-0.0384379
0.108425
-0.0894345
-0.171808
0.172449
0.00172415
0.119826
-0.22495
0.208854
-0.16403
0.0350807
-0.141729
-0.0467088
-0.0244954
-0.0549414
-0.007535
-0.228067
-0.24155
-0.143762
-0.0363887
-0.0642826
0.0234021
-0.116401
0.131193
-0.171212
0.227317
0.0402696
0.134194
-0.00985953
-0.16773
-0.110883
0.205782
-0.179836
-0.20761
0.376885
0.0952919
-0.213148
0.00951577
0.00748298
0.0440344
-0.223853
-0.0876836
0.112402
-0.083736
0.0694653
-0.157559
0.072938
0.0610127
-0.0900235
0.0458838
-0.0552752
0.190456
-0.0362353
0.0155659
-0.0236122
-0.0507287
0.0672446
0.15896
0.026266
0.281244
0.0942687
0.164722
-0.108404
0.0497284
0.221597
0.109234
0.168189
-0.21376
0.102451
-0.0424648
-0.049472
-0.0599549
0.112135
-0.0677397
-0.00273665
-0.0416787
-0.0111703
0.0358423
-0.0290477
-0.0672363
0.0443042
-0.00832566
-0.103929
-0.0763381
0.0370992
0.170774
0.219549
0.0251476
0.126187
-0.0780451
0.126115
0.0115555
0.00548819
-0.25036
0.0787476
-0.084903
-0.188019
0.180794
0.0465393
0.175557
-0.22025
-0.171792
-0.094584
0.174521
0.132394
0.31525
-0.10008
-0.156467
0.187453
0.100803
-0.168129
0.000794438
0.104497
-0.129407
0.178283
-0.116672
-0.105113
-0.0524254
0.0614403
-0.0459362
-0.084973
0.221139
-0.124104
-0.181467
0.084074
0.134175
0.0103803
-0.111043
-0.220644
0.18421
-0.0236317
-0.135906
-0.0231652
0.196657
0.0209698
0.134625
-0.163881
-0.152026
-0.140422
-0.24353
0.0875061
0.263846
0.0917879
-0.0408013
-0.0309637
-0.224688
0.140393
0.0635523
-0.107299
0.224548
-0.0815864
-0.092537
0.260944
0.00606075
0.0947261
-0.264444
-0.133488
0.0469474
-0.00208961
-0.198978
-0.0976233
0.0382299
-0.211933
-0.0961406
-0.189364
0.175696
-0.141022
0.0148884
0.122519
-0.0311417
0.203413
-0.179704
0.13044
0.132209
0.0288452
-0.0722763
-0.0322453
0.228739
0.0969635
0.0880478
0.0326367
0.0843432
0.0244103
-0.189147
0.12099
-0.224848
0.166963
-0.00653158
-0.384285
0.0841866
-0.198263
-0.181441
0.103175
0.058294
-0.015355
-0.0563811
-0.0660117
0.0809573
-0.023665
0.0419672
-0.160325
0.00423661
-0.0428137
0.0126656
-0.0943847
-0.119098
-0.00789994
0.0277097
0.060404
-0.0622996
-0.254278
0.279938
0.0294501
-0.140412
0.0922498
-0.0220028
-0.125484
-0.0771054
-0.139292
0.312777
0.0885895
0.0831303
0.231583
-0.159835
0.0481427
0.096671
0.0813685
0.0311423
0.184944
-0.0531481
0.121924
0.00199059
0.0629951
0.0146005
-0.0790675
-0.0983084
-0.295685
-0.0548976
0.115654
-0.0560684
-0.104512
-0.0847879
0.234116
-0.0226917
0.126874
-0.010438
0.148168
-0.0157702
0.254628
-0.262449
0.218633
-0.0656244
0.233926
0.0219554
-0.366494
0.00854825
-0.0860166
0.0414148
-0.0680802
0.179512
-0.0211856
0.205493
0.317005
0.106636
-0.143759
0.0734035
0.14658
0.224061
-0.0753757
0.148905
-0.150597
-0.0436378
0.0532643
-0.122618
-0.0694326
-0.219149
-0.0198367
0.154392
0.131313
0.22348
-0.19438
0.142056
0.108057
-0.114095
0.00888779
-0.0324823
-0.106923
-0.262799
0.0201094
0.164587
0.135076
0.0893837
0.110138
0.064586
-0.0440091
0.0609171
-0.0738233
0.0127705
0.0462043
-0.0389686
-0.036782
0.117528
-0.0653077
0.00141329
0.0371822
-0.101268
0.0431314
-0.0809904
-0.15982
0.0965633
-0.012881
0.227421
0.0374756
0.0291266
-0.0864237
0.243584
0.0307708
0.0888641
-0.0592872
0.131437
-0.282608
-0.0355368
-0.125781
-0.0465453
-0.0164624
-0.034294
-0.0195786
0.119505
0.0660515
-0.222164
0.282452
-0.0524204
0.167444
-0.200305
-0.112379
0.159423
0.0734313
0.125565
-0.12656
-0.215293
0.228056
0.0261585
0.0331181
-0.139593
-0.199882
-0.2426
0.0618871
-0.0891411
0.148513
-0.158823
0.0481636
0.0643032
0.0118856
-0.0335562
0.179525
0.0378545
0.180326
-0.250059
-0.0652805
0.0284789
-0.0264559
0.223331
0.197605
0.297736
-0.16828
-0.0385679
0.263625
0.145674
0.299377
0.020383
-0.0142431
0.00952731
0.191301
-0.256491
-0.233394
-0.365986
-0.0421629
-0.116679
-0.150321
0.00366212
0.0549042
-0.184851
0.191788
0.238823
-0.0448596
0.00566351
-0.112218
-0.0160546
-0.100311
0.0694219
0.0223348
-0.0548527
0.0784438
-0.139425
-0.0448461
-0.0106234
-0.168692
-0.220461
-0.137544
0.13379
-0.055488
0.324239
0.024025
-0.166675
-0.0107797
-0.174307
0.189116
-0.080877
-0.0036181
0.134845
-0.109638
-0.0622415
-0.103951
0.0560814
-0.0618776
0.0501392
0.0397973
0.251108
0.157284
0.139756
0.0542684
0.00581988
-0.229368
0.0112526
0.0177881
0.0532018
0.0355461
0.0604751
0.0478376
-0.0574221
-0.0929568
-0.0874602
0.0819796
-0.0851167
0.093519
0.00946897
0.150557
-0.197022
-0.0272998
0.000185535
0.205681
-0.0617813
0.160886
0.172517
0.093829
0.0856568
-0.194714
0.184632
0.273601
-0.142771
-0.086492
0.23545
0.0752272
0.0216379
0.092714
0.242048
0.162811
-0.317018
0.160328
-0.0099829
0.0882965
0.0854047
-0.0488575
-0.00349693
0.0240285
0.0730619
0.0251512
-0.0526709
0.126891
-0.0809226
0.217326
-0.0593724
0.0700601
0.239579
-0.132355
-0.0992039
-0.186087
0.0364037
-0.048687
0.110686
0.0151724
0.170765
-0.0678024
0.0643163
-0.0574066
0.179926
-0.0142487
-0.125693
-0.261595
0.251756
0.0364555
-0.00366516
0.197698
0.13338
-0.14014
-0.114158
-0.0666328
-0.205433
0.222843
-0.0439088
-0.118221
0.194053
0.138615
0.109446
0.248399
-0.122451
0.050221
0.0872407
0.139209
-0.0378347
-0.09194
0.000518054
-0.0259912
0.210572
-0.0813679
-0.208953
0.229884
0.0602836
0.0663531
0.143633
0.0769304
-0.0818417
0.105097
-0.142361
0.223978
0.0813375
0.110711
-0.0270566
0.0408594
0.013163
-0.031388
-0.142715
0.0284793
0.0346788
0.147276
-0.0769829
-0.110019
0.0633771
-0.0402457
0.198054
0.0899834
-0.0253051
0.0274
-0.151433
-0.0592788
-0.112745
0.0720529
0.248792
-0.0518515
0.0987544
-0.0138044
-0.0236548
-0.08059
-0.0903604
-0.207189
-0.185281
0.127046
0.0629752
-0.0834198
0.0572277
-0.163644
-0.0306141
0.0108297
-0.0478944
0.234499
0.0158497
0.0750375
-0.242882
0.111689
0.150119
-0.130916
0.146862
0.0236379
0.101849
-0.198539
0.0886503
0.024987
-0.136353
0.0792177
-0.218882
-0.000929431
0.291864
0.126606
0.255191
0.180506
-0.0437931
-0.086594
0.0257434
-0.0585281
-0.0820864
-0.108037
-0.207322
0.202637
0.106439
0.0167973
-0.295563
-0.283972
-0.183361
0.269289
-0.135282
0.0691648
-0.075956
0.174866
-0.15932
0.157999
0.119472
-0.0657521
0.100182
-0.0353645
-0.16046
0.112634
0.0449596
-0.0204648
0.0377182
0.0243455
0.206347
-0.229125
-0.316338
0.0728899
-0.112588
-0.187721
-0.0802386
-0.0792975
0.0853217
-0.0691007
-0.0758709
-0.189728
0.0213738
-0.154305
0.115595
-0.113875
0.0166464
0.0754644
-0.0146092
-0.139768
-0.100371
0.154884
-0.165243
-0.122965
0.0213811
-0.0172531
-0.212167
0.0491698
-0.162422
0.0125852
-0.2008
0.0217083
0.198828
0.091682
-0.210372
0.0778654
0.0333792
0.155609
0.156188
-0.144137
0.24065
-0.0410224
0.215774
-0.028278
-0.0973778
-0.0172778
0.104717
0.102457
0.156108
-0.0333725
-0.0452907
0.110018
0.130233
0.0606825
-0.116673
-0.161481
-0.163297
0.0570616
-0.183436
0.026939
0.108744
0.0431707
-0.0983438
0.096687
0.123226
-0.29753
-0.203588
-0.137459
-0.0177804
-0.135986
0.122208
0.0966365
-0.221709
-0.0516096
0.0744655
-0.0290548
0.174956
0.0515892
0.0570252
0.16418
0.0964825
-0.184554
0.167741
0.0545375
-0.103106
-0.139038
-0.000752329
-0.0813298
0.231489
-0.0343573
-0.124666
0.159807
0.133105
-0.0528995
0.103575
0.0951853
-0.138848
0.0884582
-0.147399
0.0963651
-0.193664
0.340496
-0.225005
0.0411066
-0.134848
0.182283
-0.250545
0.0315925
-0.074
-0.053114
-0.277693
0.160418
-0.00934832
0.148166
-0.155022
-0.129003
0.14709
-0.204459
-0.0341831
-0.0580598
-0.0454842
-0.104225
-0.0855088
0.190984
0.095995
0.176522
-0.0189635
0.0069322
0.152235
0.0938181
0.045118
0.0510038
0.043143
0.0556283
-0.0927736
0.0581015
-0.18404
-0.0844213
-0.128362
0.0333803
-0.0708575
-0.00967863
-0.111644
0.00518282
0.00950183
0.0907805
0.0218515
0.0598583
0.0707444
-0.165869
0.0523183
-0.107147
-0.000347854
0.0624825
-0.087326
-0.142929
-0.0892724
-0.0828936
-0.0232569
-0.306231
0.129841
-0.0436393
-0.0748957
0.0951439
-0.0204724
-0.0824922
0.22441
-0.0196953
0.0651004
-0.00479188
0.0559791
-0.0968056
-0.211137
0.147954
0.140908
-0.16466
0.200819
0.232179
-0.0267831
-0.0660901
0.00481139
0.0591178
0.0949334
-0.158253
0.129922
0.103436
0.0083441
0.199146
0.23014
0.111618
-0.123488
0.0479722
0.0550565
-0.00353299
-0.0257554
-0.0754093
-0.110431
0.260724
-0.104084
0.196374
0.0686626
-0.12694
-0.142001
-0.196861
0.141013
-0.0841442
-0.213987
0.129001
-0.220095
0.313105
0.0428417
0.0640619
-0.0118163
-0.0865075
-0.0619002
-0.0850105
-0.0771595
0.0787223
-0.132899
-0.0523929
-0.100115
0.14861
-0.132966
0.170526
0.147865
0.00489714
0.185181
0.0273648
-0.00938638
-0.190011
0.151692
0.137139
0.0423704
0.0298012
0.10677
0.0808938
-0.0413967
0.0253628
-0.0478549
0.147807
0.116691
0.0694367
-0.0421078
0.164755
0.0685831
0.210975
-0.201085
-0.180354
-0.0821888
0.0253363
-0.0621884
-0.133233
0.0551342
0.0698223
0.134709
-0.0693884
-0.0643388
-0.0102866
0.102234
0.114792
0.00894936
-0.209717
0.0999404
-0.00159936
-0.134199
-0.200187
0.214704
-0.116725
-0.205744
-0.221647
0.00209872
0.100357
0.230135
0.118945
0.0447119
-0.0207735
0.228609
-0.221505
0.00499834
0.10727
0.109699
-0.155624
-0.278121
-0.0706072
0.104233
0.0206012
-0.0267863
0.147636
0.0143079
-0.161231
0.157218
-0.144454
0.181639
-0.0559909
0.195354
-0.144682
-0.0983758
-0.0496956
0.170705
0.208856
-0.209608
-0.285529
0.0193385
-0.272784
0.178952
0.0952868
0.00971714
-0.156452
0.0860354
0.0775704
0.0288581
-0.168453
-0.191249
-0.021232
-0.136012
-0.125225
-0.202773
0.0842348
-0.207892
0.0558432
0.113678
-0.00312539
0.0201573
0.0318443
-0.090611
0.00517536
-0.204507
0.0486558
-0.174213
0.0698727
0.140172
0.174067
0.11643
0.132378
-0.082785
-0.190758
0.0216465
-0.0105607
0.0665774
0.00581697
-0.0791171
-0.187039
0.133268
0.0177252
-0.061598
-0.229653
-0.240067
-0.1352
-0.113497
0.18742
-0.210539
-0.0523812
-0.0469303
-0.141243
-0.221088
0.17347
888888
0.048929
0.0619497
0.0465126
0.0376459
0.0420779
0.042185
0.0477758
0.0642818
0.0528199
0.0509555
0.0525254
0.0457399
0.0628799
0.0470111
0.0457534
0.0471311
0.0600995
0.0369922
0.0438846
0.0416657
0.0520488
0.0607437
0.0406889
0.0548157
0.0501249
0.0401512
0.0535664
0.0423609
0.0538281
0.0455381
0.0485082
0.0432164
0.0505072
0.0562347
0.0528527
0.050792
0.0454914
0.0363399
0.0382807
0.0450665
0.0386133
0.0498659
0.0507921
0.0583989
0.0633958
0.0390778
0.0507414
0.0453057
0.0797521
0.059106
0.0399162
0.0403816
0.0488439
0.0472112
0.0477491
0.0465639
0.0437798
0.0497568
0.047151
0.0438701
0.0426195
0.0484292
0.0444863
0.0428256
0.055245
0.0455782
0.0555202
0.0512503
0.0447298
0.0446627
0.0585855
0.0503476
0.0547548
0.0499193
0.0362191
0.0530403
0.0400699
0.0444732
0.0608862
0.0477678
0.0527491
0.0474168
0.0589412
0.0593041
0.0480688
0.0471175
0.0645113
0.0427594
0.0483458
0.0407344
0.049902
0.0456602
0.0509909
0.042654
0.0462452
0.0576817
0.0553419
0.0406277
0.0423294
0.0625962
0.0502844
0.0656955
0.0473786
0.0585771
0.0475174
0.049018
0.0515467
0.053101
0.047506
0.0541662
0.0450058
0.0483566
0.0425171
0.0627876
0.0465253
0.0490917
0.0534211
0.0574059
0.0458847
0.0560544
0.0617286
0.0614294
0.0524022
0.0540456
0.0490467
0.0497942
0.0501679
0.035119
0.0365339
0.0486064
0.0407623
0.058142
0.0678583
0.0472327
0.040392
0.0494875
0.042494
0.0527709
0.0489674
0.0490219
0.0453968
0.0437036
0.0600095
0.0493267
0.0635754
0.0446457
0.0442652
0.0444758
0.0757856
0.0445657
0.0431805
0.0532483
0.0507054
0.0660677
0.0619085
0.0365389
0.0507064
0.0602363
0.0504393
0.0518712
0.0582562
0.0575988
0.0617506
0.0577398
0.0497017
0.0448673
0.0486169
0.0486865
0.0450002
0.0529346
0.053564
0.0564909
0.0425538
0.0512777
0.0459481
0.036173
0.0493142
0.0413853
0.0433544
0.0462533
0.0366384
0.0535807
0.0608221
0.0441035
0.0619038
0.0418654
0.0456592
0.0449285
0.0518323
0.0597179
0.0643813
0.0633871
0.0568951
0.0762561
0.0415475
0.051045
0.0415016
0.0407104
0.0479771
0.0681359
0.0521523
0.0619114
0.0490911
0.0596083
0.0521646
0.0508523
0.0509877
0.0534771
0.0461976
0.0471321
0.0494365
0.0526662
0.0502719
0.0357812
0.0451013
0.0374266
0.0653395
0.0610151
0.0476075
0.0350528
0.0464553
0.051243
0.0599638
0.0362661
0.0423011
0.0497518
0.0525119
0.0788607
0.0606545
0.0455738
0.0634142
0.0473305
0.040216
0.0447956
0.0571649
0.0341013
0.0536209
0.0570036
0.0491693
0.050093
0.04129
0.0419268
0.0503683
0.0514603
0.0619941
0.0409758
0.0606482
0.0564082
0.0498489
0.0507182
0.0374625
0.0673008
0.0535876
0.047076
0.0431297
0.0451658
0.0516285
0.0422304
0.0414691
0.0565736
0.0460108
0.0664986
0.0448129
0.0416665
0.0494596
0.0555796
0.0466943
0.0533088
0.0459825
0.042952
0.0614286
0.0438155
0.0474007
0.0590128
0.0526105
0.0584364
0.0472238
0.0520963
0.0527791
0.0453301
0.0516431
0.0335549
0.0417914
0.0387785
0.0454213
0.0446463
0.0475402
0.0541373
0.0436097
0.0560347
0.0522694
0.040884
0.0495581
0.0516939
0.0396963
0.0417345
0.0509928
0.0578654
0.0482658
0.0525237
0.0406764
0.0533806
0.0644715
0.0651956
0.0588694
0.0616908
0.0488893
0.0478102
0.0483672
0.0433612
0.0398371
0.0480448
0.0382065
0.0457997
0.0429094
0.0443655
0.0438805
0.0480584
0.0508714
0.0536127
0.051488
0.0526522
0.0455345
0.0688476
0.045349
0.0464863
0.0574204
0.0492699
0.0539891
0.0680558
0.0572487
0.0589108
0.0536525
0.0524055
0.0517954
0.0471451
0.0575905
0.0521024
0.0563287
0.0723304
0.0561817
0.0382476
0.0528798
0.0557301
0.050326
0.049841
0.0481627
0.0472361
0.0530159
0.0547617
0.0410847
0.0481385
0.0381447
0.0483176
0.0603694
0.0450302
0.044701
0.0506372
0.0501499
0.0441422
0.0501779
0.0494639
0.0551859
0.0447831
0.0542636
0.0487313
0.0665368
0.0468081
0.0743828
0.0533421
0.0553944
0.0353516
0.0516069
0.0486357
0.0491925
0.0529648
0.0559537
0.0457405
0.0470015
0.0540154
0.0510856
0.0557363
0.051052
0.0520525
0.0382237
0.0513717
0.0501628
0.0529693
0.0411188
0.05888
0.0518188
0.0494258
0.0388726
0.0412163
0.0583804
0.0414406
0.055918
0.0448135
0.0573845
0.0435547
0.0498029
0.0508652
0.0589639
0.0493554
0.0652328
0.063932
0.0533638
0.048896
0.049808
0.0410698
0.0374882
0.0691378
0.051633
0.054559
0.0470828
0.0336252
0.0533464
0.0630735
0.0507946
0.053829
0.052168
0.0384186
0.048935
0.0552811
0.0499941
0.0464013
0.0544185
0.0622453
0.0541162
0.0463158
0.0531953
0.0624549
0.0523536
0.0466472
0.0543968
0.0483531
0.0496246
0.0673462
0.0543013
0.0562042
0.0412693
0.0540025
0.054202
0.0568904
0.0406625
0.0539913
0.0352786
0.0421847
0.0607486
0.0460562
0.0567815
0.0531453
0.0619085
0.0380753
0.05362
0.0445824
0.0551435
0.0488107
0.0649728
0.0452472
0.0640622
0.0528058
0.0506859
0.0644729
0.0561599
0.0655909
0.0487889
0.0487933
0.0445399
0.0375413
0.0446389
0.0519606
0.0490479
0.049149
0.0501526
0.0467111
0.0513813
0.0559229
0.0528921
0.0462178
0.0499253
0.0484948
0.0505191
0.0451116
0.0542945
0.0449963
0.0473599
0.0699392
0.0518851
0.0425551
0.0479708
0.0406876
0.0546143
0.0552868
0.0472557
0.0389748
0.0585323
0.0442392
0.0525054
0.0449095
0.0602586
0.0456158
0.0542929
0.0504559
0.0478783
0.0439299
0.0463796
0.0489777
0.0505372
0.0431107
0.0491847
0.0476457
0.053516
0.0514291
0.0386169
0.0513243
0.050168
0.0524591
0.0732099
0.061497
0.049753
0.0481017
0.05123
0.0550061
0.0510047
0.0554635
0.045997
0.0482545
0.0426369
0.0573314
0.0583553
0.0701591
0.0352149
0.0481467
0.0485548
0.0602233
0.0524586
0.0489218
0.0486422
0.0520745
0.0509773
0.0454267
0.0449319
0.0511494
0.0544604
0.0467094
0.0562578
0.0507201
0.0567239
0.0441854
0.0477921
0.0558872
0.0579063
0.0517643
0.0518153
0.045139
0.0457798
0.062512
0.0502023
0.047324
0.0601161
0.0664905
0.0606443
0.0455584
0.0454304
0.0430156
0.0401213
0.0445325
0.0491149
0.0509189
0.0479703
0.0487954
0.054202
0.0541769
0.0488923
0.0592008
0.04116
0.056869
0.0545784
0.0486408
0.0580377
0.037966
0.0496799
0.0505418
0.0500701
0.0508824
0.053866
0.0612876
0.0385839
0.0443254
0.0558073
0.0418409
0.055272
0.0361559
0.059057
0.0388679
0.0639138
0.0592044
0.0559573
0.0499405
0.0430608
0.0478821
0.0498684
0.0524972
0.0529261
0.0520649
0.0428235
0.0431547
0.0523264
0.0551621
0.0567091
0.0436419
0.0397963
0.0391412
0.0816871
0.0555573
0.0393503
0.0437042
0.0460408
0.0482544
0.0419827
0.0334161
0.0481546
0.0565877
0.0391833
0.0456673
0.0403841
0.0522436
0.0544173
0.042529
0.0542369
0.0437425
0.049581
0.0496748
0.0562639
0.0402224
0.0429726
0.0570427
0.0607504
0.0514127
0.0603516
0.058277
0.0607238
0.0483764
0.0537974
0.0584878
0.0576859
0.0426302
0.0448246
0.0454692
0.0473139
0.0503138
0.0655292
0.0403358
0.054988
0.0368542
0.0545222
0.0669221
0.0495128
0.051251
0.0505341
0.0498694
0.0497702
0.050924
0.0418909
0.0535283
0.0473625
0.0429037
0.0435218
0.0551791
0.0772154
0.0654017
0.0480515
0.0470085
0.0580523
0.0544992
0.0578481
0.0571617
0.0679392
0.0499043
0.0447606
0.0550171
0.0472501
0.0515847
0.0419857
0.0419044
0.0461822
0.0481741
0.0461425
0.0567224
0.0493509
0.0419646
0.0542302
0.0395791
0.0428316
0.0512707
0.0572124
0.052191
0.0614942
0.0386547
0.0375064
0.0642721
0.0644917
0.0594586
0.0455696
0.0405879
0.0481165
0.0487117
0.0391543
0.0383367
0.0397406
0.0473053
0.0544368
0.0462664
0.0546664
0.0389866
0.0526247
0.0451268
0.0486203
0.049962
0.0408471
0.0540138
0.0506808
0.0391162
0.0389418
0.0479611
0.0587997
0.0498161
0.0488492
0.0559934
0.0431388
0.0399854
0.0688489
0.0438993
0.046323
0.0473419
0.0561812
0.0360536
0.0581698
0.0615144
0.0430024
0.0434821
0.0457835
0.0474101
0.0537918
0.0491221
0.0514062
0.0620114
0.0670495
0.049668
0.0493472
0.0400106
0.0569339
0.0536518
0.046474
0.0582222
0.0591807
0.0343994
0.0624626
0.058465
0.0448046
0.0522981
0.0451949
0.0631389
0.0549551
0.047598
0.0408194
0.0477187
0.063696
0.0510934
0.0471648
0.0463301
0.0679152
0.0440829
0.0536463
0.0487032
0.04627
0.0567249
0.0452515
0.0486196
0.0542228
0.0471768
0.039072
0.0564417
0.0577762
0.0445123
0.053611
0.0571438
0.0569196
0.0612433
0.0501718
0.0559135
0.0526077
0.040453
0.0585283
0.0618019
0.0487524
0.0633816
0.0393379
0.0533908
0.0518932
0.0464291
0.0505425
0.0466258
0.0444728
0.0431205
0.0482592
0.0547632
0.0404236
0.0646165
0.0488053
0.0446718
0.0456635
0.0475344
0.0505935
0.0493326
0.0599982
0.0538605
0.0413423
0.0527169
0.0419316
0.0513984
0.0570604
0.0515828
0.0507808
0.0533301
0.0456677
0.0417986
0.0493243
0.061204
0.0586088
0.034347
0.0487587
0.0358429
0.0413035
0.0429928
0.0459734
0.0460538
0.0498572
0.0477807
0.0478532
0.0592937
0.0445375
0.0429745
0.0418393
0.0449082
0.0500675
0.042778
0.0603397
0.0566361
0.0500791
0.0616662
0.0427004
0.0516631
0.0337031
0.0516008
0.0556259
0.0484887
0.0624263
0.0632837
0.0438271
0.051053
0.0371995
0.0466012
0.0564499
0.0423163
0.0579267
0.0550542
0.0546068
0.0608626
0.0468759
0.0425002
0.0473169
0.0506259
0.0648933
0.0481094
0.0445959
0.0549776
0.0535274
0.0548875
0.0632761
0.0513587
0.0563856
0.0457024
0.0397725
0.0500553
0.0593824
0.0633058
0.0520122
0.0575267
0.0587185
0.0387597
0.0666901
0.0534175
0.0538304
0.0557021
0.045401
0.0449845
0.0384073
0.0432013
0.051766
0.0489122
0.0474185
0.052992
0.0479018
0.0505484
0.0479498
0.0430675
0.0548556
0.0530816
0.0490904
0.0448187
0.0586947
0.0561211
0.0472144
0.0558913
0.0645529
0.0464563
0.0528338
0.0516212
0.0693727
0.0583273
0.0453176
0.0504694
0.0502938
0.0596524
0.0495289
0.0501659
0.0398565
0.0512359
0.0475489
0.0574208
0.0538199
0.0514796
0.047906
0.0573791
0.045828
0.0594566
0.0613503
0.0375005
0.0537176
0.0543485
0.0514815
0.0499766
0.0643058
0.0542563
0.0476992
0.0398196
0.0577987
0.047918
0.0483364
0.0429877
0.0491575
0.0625662
0.0576309
0.0513938
0.049556
0.0411557
0.0459355
0.0569622
0.0546484
0.0495072
0.0532624
0.0458708
0.0358823
0.0512635
0.0494264
0.0406773
0.0521101
0.0518506
0.040652
0.052488
0.0512349
0.0537216
0.047934
0.0477131
0.0540871
0.048755
0.0442356
0.0484054
0.0527657
0.0508167
0.0462387
0.0531836
0.0530797
0.0364998
0.058648
0.0403681
0.0477004
0.0454655
0.0474879
0.0566546
0.0443041
0.0681404
0.0633489
0.0438643
0.0503037
0.053825
0.048666
0.0413958
0.0407222
0.0531253
0.0433174
0.0408886
0.0547257
0.0558113
0.0438771
0.0457614
0.0533086
0.0566351
0.0558944
0.0517618
0.0596108
0.0452933
0.0485408
0.0764246
0.0561082
0.0493563
0.0458151
0.0545156
0.0395107
0.0517
0.0466455
0.0627673
0.0444412
0.0512317
0.0512979
0.0515487
0.05238
0.0520389
0.0574258
0.0446743
0.0612229
0.0599282
0.0447385
0.0522098
0.0613392
0.0390683
0.0585716
0.039674
0.0696913
0.04298
0.0550144
0.0510518
0.0507958
0.0625898
0.0658509
0.0487122
0.06917
0.0477399
0.050711
0.0392914
0.0489788
0.0624674
0.0486967
0.0490321
0.050364
0.0543867
0.0458125
0.0544391
0.0504608
0.0510687
0.0389015
0.0490372
0.0659916
0.044654
0.0583104
0.0514985
0.0516862
0.0426946
0.0364224
0.0452319
0.041262
0.0523754
0.0530758
0.0609101
0.0663163
0.0519234
0.0451971
0.0487142
0.0441766
0.0440639
0.0542312
0.0572598
0.057675
0.059537
0.0406704
0.0603241
0.0545028
0.0589223
0.0499336
0.0371923
0.0420647
0.0363142
0.0575029
0.0442033
0.045975
0.0536113
0.0390089
0.0432574
0.0506413
0.0648216
0.0562857
0.055667
0.0562678
0.0474029
0.0509975
0.050543
0.0471728
0.0515138
0.0472072
0.0546746
0.051231
0.0450858
0.043269
0.0429344
0.0400944
0.0327834
0.0460338
0.0502695
0.0441106
0.0486599
0.0437166
0.0566634
0.0537886
0.0432033
0.0479668
0.0604606
0.0393808
0.0421868
0.0562625
0.0594199
0.0366912
0.0468059
0.0428637
0.0390437
0.0439643
0.0330287
0.0498932
0.0488661
0.0532816
0.0490004
0.0483816
0.0491675
0.051149
0.0551443
0.0472839
0.0421986
0.0527816
0.0520554
0.0561213
0.0387429
0.0423176
0.06235
0.0548305
0.0388802
0.0480311
0.0659158
0.0484581
0.047038
0.0492021
0.0440436
0.0600838
0.0425167
0.0765978
0.048263
0.0470179
0.0640383
0.0471148
0.0363315
0.0499375
0.045834
0.0481942
0.0600091
0.0494649
0.0675245
0.0543935
0.0564002
0.0474731
0.0677172
0.0510178
0.0455054
0.0439396
0.0503454
0.064925
0.0623788
0.0502839
0.0464466
0.0489548
0.0551258
0.0510443
0.0495096
0.059258
0.0497491
0.0465966
0.0483241
0.0288474
0.0450332
0.0495531
0.0591481
0.0524312
0.0541522
0.0543801
0.0488926
0.0492279
0.0557493
0.0483159
0.0528813
0.0561642
0.0436217
0.0429191
0.0537239
0.0592357
0.0489017
0.0512586
0.0484529
0.0488215
0.0611863
0.0586775
0.05054
0.0513627
0.0493618
0.0450966
0.0515581
0.0481298
0.0494711
0.0461805
0.0596631
0.0486979
0.0554295
0.0321351
0.0427282
0.0507119
0.0481141
0.0436159
0.0536383
0.0634777
0.0431408
0.0424639
0.0543996
0.0492534
0.0447192
0.0445915
0.0520143
0.0514956
0.0466395
0.0501388
0.0526883
0.0539035
0.0573583
0.0533785
0.0497822
0.0543541
0.0685114
0.0416287
0.0493558
0.0428337
0.0551481
0.0599543
0.0513476
0.056421
0.0486587
0.0525417
0.0399149
0.0496973
0.04397
0.0493919
0.0557688
0.0500391
0.0407988
0.0654571
0.0570834
0.0655883
0.0568407
0.049984
0.0672204
0.063831
0.0413431
0.0521198
0.0417954
0.045123
0.0525904
0.0544948
0.0499856
0.0432913
0.0513229
0.0480627
0.0474095
0.0481507
0.0549282
0.0456326
0.0438528
0.046981
0.0705606
0.0374832
0.0593411
0.067023
0.0583171
0.0585298
0.044655
0.0672148
0.057127
0.0564498
0.0421929
0.048758
0.046402
0.0532611
0.0510129
0.0653193
0.0587703
0.0645379
0.0473728
0.0452346
0.0474405
0.0470179
0.0519624
0.0437958
0.0467456
0.0504909
0.0576996
0.0494205
0.0558209
0.0532103
0.0441085
0.0546563
0.0510611
0.0460566
0.0469812
0.0662504
0.046023
0.0650761
0.0536005
0.051838
0.0440334
0.0561019
0.050035
0.0570801
0.0580884
0.0471868
0.0542708
0.0477555
0.0545543
0.0616345
0.0511155
0.0571805
0.0454628
0.0517455
0.0513303
0.0496394
0.0616185
0.0418362
0.0643832
0.0501255
0.0374738
0.0472334
0.0568613
0.0552745
0.0520805
0.060277
0.0425954
0.0458762
0.0439302
0.0564849
0.062998
0.042596
0.0449151
0.0561972
0.0583549
0.0577342
0.0553461
0.0390378
0.0576163
0.0500135
0.05057
0.0515353
0.0521196
0.041235
0.0326953
0.0465192
0.0633849
0.0683121
0.0493992
0.0407033
0.0463514
0.0514454
0.0504917
0.0658473
0.055544
0.0493127
0.0521155
0.0413549
0.0545438
0.0553182
0.0428044
0.0477775
0.0439069
0.064808
0.0486126
0.0475372
0.0494623
0.048949
0.0622234
0.048705
0.049703
0.0401805
0.0477589
0.0448401
0.0479935
0.041157
0.0535573
0.0479907
0.0489268
0.05711
0.052138
0.0516894
0.0503381
0.0615841
0.0637397
0.0419552
0.0525959
0.0501722
0.0580139
0.0378437
0.0442243
0.0507535
0.0499974
0.0544024
0.0544365
0.0440259
0.0564169
0.0426654
0.0456425
0.0511913
0.0427698
0.0462451
0.0684787
0.0479431
0.0445645
0.0636469
0.0493177
0.0426289
0.0576466
0.0613082
0.0410462
0.0482925
0.0543251
0.0464687
0.0453115
0.0576794
0.0520506
0.0556859
0.0657941
0.0550896
0.045066
0.0475378
0.0632992
0.0474381
0.0534244
0.0493679
0.0474834
0.0496702
0.0670526
0.0499184
0.0359981
0.0513581
0.0488463
0.0540778
0.0553136
0.054237
0.0506756
0.0441957
0.0453396
0.0485737
0.0520741
0.0567835
0.0600157
0.0375631
0.0431358
0.0487674
0.0420119
0.0438636
0.0474715
0.0513177
0.056944
0.0492639
0.0445837
0.0816142
0.0414584
0.0722681
0.0402908
0.0637978
0.0544451
0.050912
0.0599836
0.0538827
0.0526091
0.0566878
0.0552565
0.0389418
0.0541973
0.0545781
0.0414781
0.0445717
0.0471819
0.0559511
0.0590776
0.0425189
0.0512356
0.0472474
0.0499744
0.0441941
0.0590152
0.0568601
0.0492968
0.0536341
0.0453864
0.0399821
0.0473061
0.0557777
0.0578648
0.0583972
0.0434296
0.0367314
0.0473312
0.0499369
0.0621799
0.0663222
0.0479373
0.0536476
0.0564477
0.0529352
0.0418472
0.0476356
0.0607018
0.0413868
0.0372272
0.0594062
0.038515
0.0405146
0.0542308
0.0433132
0.0446582
0.0508644
0.0547682
0.0641832
0.0596814
0.043453
0.0629529
0.0448904
0.0551898
0.0519567
0.0527478
0.0402828
0.0582104
0.0492517
0.0428309
0.0627071
0.0630265
0.0480974
0.0616181
0.0370409
0.0508306
0.0642835
0.061387
0.048318
0.0472783
0.0582702
0.0426866
0.0540575
0.0353765
0.0741405
0.0437443
0.0386809
0.0480871
0.051369
0.0431964
0.0541876
0.046623
0.057235
0.0453188
0.0577018
0.0488934
0.044247
0.0400773
0.0576077
0.0576494
0.0557333
0.0505162
0.0457887
0.038711
0.0448529
0.0425459
0.0452871
0.056402
0.045798
0.0498037
0.0384278
0.0476665
0.0549602
0.0435547
0.0552301
0.055137
0.0546979
0.0462475
0.0419519
0.046423
0.0484739
0.0683972
0.0561576
0.049871
0.0424373
0.0592017
0.0509782
0.0590956
0.0365652
0.054899
0.0625871
0.0466558
0.041777
0.0344102
0.0420723
0.0495074
0.0392102
0.052557
0.0522123
0.0530211
0.0401647
0.0676966
0.0501171
0.0615195
0.0460909
0.0439154
0.0448282
0.0579155
0.0485088
0.0558244
0.0646771
0.0573874
0.0525113
0.0462457
0.0612196
0.0406766
0.0554183
0.0419826
0.0523728
0.0640225
0.0575358
0.0582443
0.0401855
0.0519219
0.0411043
0.0608764
0.0384288
0.0519999
0.0537925
0.0539249
0.0367147
0.0367863
0.0368386
0.0423544
0.0638968
0.0573873
0.0445814
0.0465147
0.040429
0.0665378
0.037406
0.0560706
0.0533479
0.0488611
0.0653708
0.0555648
0.0631251
0.0495523
0.0402286
0.0473446
0.056949
0.0558461
0.0407136
0.0530518
0.0532299
0.0483315
0.056436
0.0419351
0.0441863
0.047516
0.048
0.0580427
0.054341
0.0449258
777777