0 12 1 22 13 18 2 2 2 2 1 
1 18 24 11 16 22 1 2 1 1 0 
2 21 19 25 14 15 1 0 0 1 0 
3 24 6 1 11 2 2 1 2 0 2 
4 15 0 27 11 12 2 0 2 1 0 
5 7 21 6 11 13 0 0 2 2 0 
6 5 0 15 1 26 2 1 0 1 0 
7 22 11 1 4 16 2 2 0 1 2 
8 29 26 10 18 1 1 2 2 2 0 
9 27 12 23 16 1 1 2 1 2 2 
10 12 4 15 18 7 1 2 2 1 1 
11 24 22 25 18 19 0 0 1 1 1 
12 8 23 15 13 0 2 1 1 2 2 
13 6 3 4 10 2 1 2 2 1 1 
14 12 15 27 6 22 2 1 1 0 1 
15 26 16 28 12 0 2 1 2 2 2 
16 13 20 7 2 1 2 0 2 2 1 
17 1 13 0 12 23 2 2 1 2 2 
18 1 8 12 17 26 0 0 2 0 0 
19 14 26 7 10 11 1 2 1 1 1 
20 27 9 13 12 16 1 1 2 2 2 
21 7 5 27 18 12 2 1 1 1 2 
22 9 28 20 6 2 0 2 2 0 2 
23 20 7 8 28 27 1 2 2 0 1 
24 0 1 21 16 22 0 1 2 0 1 
25 23 21 7 16 6 1 1 1 0 1 
26 23 4 20 29 21 0 0 1 2 1 
27 7 22 23 29 14 0 0 2 2 1 
28 2 1 29 17 24 2 0 2 1 2 
29 17 16 19 14 7 2 2 2 2 2 
