2.95299
999999
-0.127345
-0.119772
-0.115519
0.197983
-0.0490722
-0.00672137
-0.329891
-0.0646871
-0.00966555
-0.176422
-0.19023
0.0965229
0.0954812
0.108952
-0.0070414
0.0504114
0.0434495
0.213224
0.274125
0.0749156
-0.10787
-0.0707812
-0.128539
-0.000524088
-0.161685
0.0861174
-0.234667
-0.0352145
-0.195743
0.00125457
0.254607
-0.130789
-0.0852384
-0.035684
0.141923
-0.0671108
-0.217809
-0.112769
-0.0742508
-0.178462
-0.0832471
-0.205677
-0.178949
0.376599
-0.0944926
-0.193335
0.0277814
-0.166786
-0.100133
-0.193352
0.159988
0.194322
0.0470238
-0.110179
-0.0869666
-0.0378233
-0.111786
0.0243557
-0.0576967
-0.203984
0.0113736
0.110799
0.122865
0.140112
-0.0944978
0.0117051
0.111715
-0.0346328
-0.210219
-0.0436646
0.015977
0.0979338
-0.120722
0.113701
0.0551345
-0.011667
-0.0285225
0.155442
-0.129004
0.101029
-0.0107738
0.160099
0.0362217
0.117394
0.234999
0.00665664
0.127566
-0.131521
-0.219509
-0.250607
-0.170914
0.0676432
-0.0396146
0.0392286
0.214083
0.040981
0.0874368
0.119325
-0.137012
0.15975
-0.00312899
0.196044
0.209735
-0.0943381
-0.208349
0.192404
0.0317876
-0.139539
0.0896203
0.203446
-0.226391
0.140987
-0.0165214
-0.0513114
-0.102272
0.0338463
0.166079
-0.202391
-0.00695211
0.166562
0.0839653
-0.135049
-0.0181553
0.0868948
-0.234098
0.163856
-0.136094
-0.160532
-0.099904
0.0386011
0.227279
0.114035
0.0881385
-0.00545925
-0.0981234
0.0907076
-0.0748785
0.0314513
0.211699
-0.0119666
-0.170311
0.121881
0.0378505
-0.0242593
0.0962321
0.0880478
0.00805343
-0.128311
-0.228032
0.193237
-0.225954
0.0444244
0.089294
0.238864
-0.0423865
0.201852
-0.123873
-0.175837
0.0943173
0.10048
0.167543
-0.110488
-0.141693
0.0204653
-0.0557017
-0.0569421
0.0647871
0.00445617
0.0576495
-0.126536
0.0781489
0.0522414
0.119355
0.045149
0.0673021
-0.119298
-0.221014
-0.083288
-0.131525
-0.182113
-0.10956
-0.0911489
0.060722
0.0993827
0.00261921
0.257644
0.0222582
-0.19762
0.242793
0.113352
0.257979
0.0176822
-0.00825978
-0.106896
-0.0646743
0.103606
-0.00488208
0.106832
0.00810215
-0.274077
0.10646
0.137701
0.243212
0.204715
0.0376368
-0.0784119
-0.160353
-0.0276884
-0.139469
-0.0346193
-0.101731
0.0806224
-0.114675
-0.0847126
-0.0246669
0.00627305
0.109291
0.198539
-0.0565512
0.147562
-0.00225891
-0.0984493
0.186411
0.00906793
-0.168738
0.243744
-0.029031
0.0892094
0.0121004
0.0709826
-0.188269
-0.0180897
0.183091
0.0946449
-0.134379
-0.0508791
-0.133362
-0.0829419
-0.0928325
-0.0364765
0.161279
0.175562
-0.182575
0.188209
-0.148703
-0.0441911
-0.171062
-0.176174
-0.118309
-0.114836
-0.151955
-0.0799567
0.156277
0.191093
-0.0201083
0.206113
0.0186398
-0.164316
-0.108656
0.0219519
0.0725527
0.176699
-0.145762
0.106581
0.0515798
0.0120966
0.218621
0.203504
-0.0857513
-0.0649936
-0.140057
0.146882
-0.00184177
-0.0557548
-0.146549
0.102612
-0.206731
-0.0762715
0.168678
0.0254853
-0.1078
-0.0899776
0.0355332
0.122585
-0.00345799
0.128893
0.126724
-0.139704
-0.081054
0.1284
0.0236937
-0.0371553
-0.0251032
0.0558963
0.105375
0.105465
0.210846
-0.308478
-0.074903
0.129127
0.220163
-0.0483756
-0.085809
0.162682
0.0198248
0.0227638
0.0738938
0.120745
-0.226255
0.0812593
0.0835989
0.190805
0.158506
-0.0378255
0.0423363
-0.0946338
0.067641
-0.178125
0.0519179
0.0445413
-0.0170919
0.0744476
0.172327
0.0198245
-0.159863
-0.0433433
-0.0737304
-0.0865104
0.0755459
0.106188
-0.222983
0.126589
0.0156099
0.0220763
0.138966
0.0337906
-0.162172
-0.217105
0.219492
-0.0674362
-0.0813673
-0.116135
-0.0362568
0.0840397
0.0217476
-0.00871957
-0.065556
-0.0270742
-0.0100752
0.164316
-0.118558
0.117827
0.0387876
0.134823
0.153519
-0.241291
-0.0944489
0.153158
-0.277727
-0.0844645
-0.106127
0.141164
0.0446547
-0.128876
-0.0609081
0.107391
-0.0580161
0.120568
0.13465
0.0569373
-0.00211821
-0.0226017
0.0321248
-0.0518228
-0.0649051
-0.177877
0.0453547
-0.00716524
-0.0688344
-0.158681
0.0902622
-0.0356096
-0.275388
0.0340977
0.0333138
0.159171
0.0703158
-0.0774016
-0.154255
0.123538
0.0137371
-0.166544
0.00752847
0.0965812
0.028098
0.0825162
0.142989
-0.0220181
-0.0815224
-0.0361541
0.213791
-0.1122
0.114808
0.0431477
-0.13189
-0.171391
-0.00791671
-0.132762
0.154492
0.000518957
-0.10867
-0.0338425
0.213259
0.0387725
0.0208489
-0.103271
-0.0873954
0.0272267
0.149192
0.20151
0.17913
0.119791
0.21777
-0.211011
0.0821632
-0.115424
-0.0698163
0.0550051
0.0449001
0.0439981
0.111534
0.021975
0.127535
-0.0865976
-0.0920448
0.130398
0.193665
-0.156054
0.0912067
-0.00299848
0.0544553
-0.094003
0.143532
0.220245
-0.215073
0.167249
0.103668
-0.0311248
0.060805
-0.00606092
-0.0701877
0.0352399
-0.196514
0.0712682
0.0432126
-0.171734
-0.106839
-0.025711
0.0708575
0.129144
0.0756966
0.198614
-0.159502
-0.0184783
-0.0300647
0.00231079
0.0294125
0.0613627
0.178671
-0.230716
-0.154284
-0.0874499
-0.00590863
0.169887
0.100364
-0.0379237
0.105821
-0.0312195
0.112977
0.113891
-0.00153252
0.00678482
-0.219118
0.193326
0.108629
-0.117664
0.100459
0.118158
0.102078
-0.0189753
0.136727
0.0889029
0.14672
0.0166209
-0.190279
0.0739691
-0.135815
-0.213636
-0.0867791
0.168926
0.170891
0.173526
0.144593
-0.1524
0.1362
0.0309536
-0.0623844
0.0907735
0.162563
0.0304247
0.0971906
0.161254
-0.0165589
0.135753
-0.17003
-0.139998
0.0882561
-0.20494
-0.154071
-0.11904
0.261893
-0.114242
0.0403844
-0.0151099
-0.201613
0.0989015
-0.0261837
0.0285582
0.0563216
-0.0865644
0.160968
0.0203522
-0.0826861
-0.208948
0.0170896
-0.0400567
0.14524
-0.0197806
-0.0525263
0.050358
0.07234
0.129354
0.0481218
0.0447494
0.109903
0.288328
-0.20986
0.0900491
0.07931
0.11008
-0.18785
0.0439586
-0.0164986
0.163465
0.11013
0.152279
0.193786
0.103733
0.0505267
0.20557
-0.122081
0.0919445
0.0999389
-0.290291
0.0214792
0.0792288
0.0776716
0.1947
0.151059
0.206646
0.137001
-0.0625426
0.00987909
0.126676
-0.182285
-0.107178
-0.108018
-0.197586
0.181833
-0.111119
0.257658
0.0997987
-0.0260557
-0.116782
0.204758
-0.113883
0.168879
-0.156583
-0.245456
0.0423424
0.0231439
-0.0984358
-0.0589698
-0.103254
0.0562601
0.159644
-0.0948495
-0.0224358
-0.212318
0.149677
0.0874259
0.116956
-0.147024
-0.00456543
-0.068524
-0.0802379
0.0694739
0.0191806
-0.0939213
-0.148631
0.220383
-0.128833
0.152122
0.155552
0.110366
0.0275325
-0.180641
-0.0438313
0.0813211
-0.173865
0.084548
0.206396
-0.11135
0.174531
0.140212
0.00466352
0.0912784
-0.237344
0.182284
-0.102394
-0.0580242
-0.0424763
-0.0592705
0.0145206
0.14732
-0.0742495
0.146745
-0.19774
-0.0499781
-0.187558
-0.144432
-0.100634
0.232588
0.0665894
-0.0619991
-0.0904698
0.0854404
0.181549
-0.0595655
0.0793587
-0.11583
0.0499427
0.0349972
0.208543
0.0777818
-0.158603
-0.00523588
0.036761
0.0896333
0.186764
0.15865
-0.269094
-0.207293
0.0311403
0.139737
0.0373754
-0.0326999
0.0404238
0.140197
-0.163027
-0.0458303
-0.0113842
-0.0750327
-0.0967828
0.244253
0.126144
-0.047825
-0.204773
-0.184296
0.177717
0.0555068
-0.0336856
0.0834624
-0.12197
0.109383
0.163913
0.169308
0.0465684
-0.14844
-0.166571
-0.144117
0.227328
-0.133055
-0.236052
0.0994877
0.0552145
0.0523377
-0.023018
0.173649
-0.113817
-0.00679185
-0.0486776
0.116632
0.116803
0.225632
0.0434995
0.153315
0.0634135
-0.0274734
-0.0551053
-0.088248
-0.0340513
0.165514
-0.159698
0.0575171
-0.093226
0.12085
0.259911
-0.0462029
0.10593
0.137522
0.176284
-0.0968559
-0.106308
0.103389
0.0485162
-0.0887226
-0.194221
-0.0320617
0.203298
0.268958
0.194041
-0.15719
0.0302301
0.0506745
-0.11186
-0.156526
-0.123179
-0.0438348
-0.0517091
0.108388
0.215094
-0.0773083
0.10168
0.030468
-0.0632359
-0.0933518
0.198688
-0.118913
0.0196357
0.0643493
-0.141906
0.0419947
0.015617
-0.16943
-0.124795
-0.212457
-0.0394709
-0.102925
-0.0163261
-0.0286686
-0.143497
0.120921
0.029121
-0.161647
0.0228785
-0.0543522
-0.136645
0.0136807
0.08915
-0.166785
0.0155248
0.1546
-0.0242085
0.0892597
-0.177838
-0.172914
0.225646
0.124725
-0.0820407
0.0412963
-0.0145336
-0.14426
0.144836
0.188888
0.113987
-0.0663873
-0.0416369
0.00570827
-0.00602787
-0.133863
0.0978194
-0.0479117
-0.236088
-0.0471659
-0.0763352
0.0889505
0.0530812
-0.139643
0.264849
0.00204437
0.0993933
-0.161947
-0.0872977
-0.00620245
0.0397326
-0.139463
0.162371
0.0658957
0.146958
-0.105599
-0.00837663
0.172752
0.0663388
-0.137613
0.172868
-0.100398
-0.186005
0.022197
0.146491
0.136698
-0.221631
0.151793
-0.18941
0.0893183
0.0839605
-0.0912707
-0.0252831
0.145961
-0.0906003
-0.126103
-0.186039
-0.19704
-0.0160872
0.00290297
0.0670064
-0.132525
0.0310253
-0.0970514
0.0111237
0.251794
0.241023
-0.0979392
0.0140963
0.250222
0.17817
-0.0852337
-0.130949
0.156768
-0.0506302
-0.0222823
-0.0958028
-0.106535
0.173967
0.0492495
0.097228
0.246707
-0.218969
0.124763
0.0761892
0.229953
-0.0489267
0.127061
-0.0483971
-0.243222
0.177207
0.0237146
0.105283
-0.1474
0.0416534
-0.0693013
-0.13829
0.147737
0.207577
-0.150957
-0.168534
0.210823
-0.048527
-0.0206193
0.116805
0.187346
0.148281
0.217109
-0.0336453
-0.00950541
0.242843
0.151857
0.140354
-0.0739872
0.119774
-0.201387
-0.0365739
0.112768
0.046557
0.0676651
0.0470806
0.222193
-0.171479
0.1228
0.0211289
-0.264328
-0.236305
-0.0913341
-0.131406
0.122898
-0.0780079
0.138558
-0.193559
-0.15338
0.0374129
0.24125
0.168867
0.109964
-0.0256878
-0.17014
0.102338
0.026187
-0.102855
0.0345481
0.219765
-0.202337
0.209234
-0.00300721
0.029238
-0.192229
-0.107444
0.0552494
-0.219161
-0.117403
0.118899
0.0517143
-0.138944
-0.12445
-0.0653751
-0.288155
-0.0856015
-0.172181
-0.0520851
0.112242
-0.0868257
0.0594947
0.00437486
0.175948
-0.0781149
0.064725
0.187822
0.0997685
0.0223558
-0.0608667
-0.113679
0.118763
-0.00117055
0.00897172
-0.0657756
0.0252052
-0.0739851
0.0418034
0.0860446
0.0467801
0.264394
0.184946
-0.034981
0.149736
-0.167818
-0.0477701
-0.0409278
0.116598
-0.0281642
-0.065549
-0.0340978
0.00766379
0.19935
0.0112177
-0.0435455
0.0855464
-0.0595613
-0.0475192
-0.157609
-0.0161964
0.264421
0.138315
0.0487835
-0.0490621
0.0258072
0.191959
0.0912439
0.0873251
0.0589514
-0.287395
0.0189625
0.012933
-0.123199
-0.101955
0.115047
0.253685
0.0039529
0.109731
-0.134074
0.0190046
-0.00377885
0.0561268
-0.0514768
-0.0998738
-0.081858
-0.0603724
0.125712
-0.131656
0.0889363
0.118909
-0.06707
0.162269
0.0657964
0.207058
-0.0816483
0.183538
-0.0343551
0.146739
-0.0174863
0.198754
-0.173659
0.0538162
-0.113236
0.127616
0.0393522
0.21788
0.175315
0.05298
0.19972
0.188669
-0.120619
-0.149269
0.109714
0.251323
-0.0589889
-0.037023
-0.171148
0.148833
0.0950172
-0.0549142
-0.113654
0.0416545
-0.0881069
-0.139363
-0.0659077
0.0977107
0.140847
0.08996
0.204532
0.240352
-0.109479
0.130586
-0.1461
0.128483
0.115326
0.0623781
0.0678029
0.107098
-0.108908
-0.154278
-0.145686
0.123284
-0.0627991
0.0453807
-0.0681493
0.0554462
0.219007
0.0513573
-0.155
-0.128048
-0.193439
-0.172827
-0.0502006
-0.0453659
0.16813
0.0970582
-0.0914617
0.0129619
0.0429568
-0.130923
-0.00166042
0.0817566
-0.17145
0.162494
0.205015
-0.161164
-0.154978
0.0108558
-0.168582
-0.135957
0.136915
-0.0800315
0.147452
0.0337883
0.127667
0.0302071
0.152695
0.120812
-0.240883
0.211284
-0.02651
0.200636
0.126952
-0.0167839
0.130767
0.124302
-0.146052
0.0613581
-0.024658
0.232486
0.224132
-0.0923289
-0.021509
0.127079
-0.148213
0.0556201
-0.0541503
-0.0662511
0.038922
0.0295007
0.116448
0.00806477
-0.019891
-0.23552
-0.130314
0.0675824
-0.0419331
-0.239758
0.0485711
0.155232
0.0733285
0.21047
0.0972254
-0.0483653
0.118134
-0.104458
-0.0725856
0.133596
0.154196
-0.129836
-0.0281068
0.189867
0.10396
0.0242968
0.052124
-0.0421311
-0.159104
0.0839855
-0.123441
-0.0645496
-0.139588
0.00826701
-0.0560381
0.175574
-0.147453
-0.169107
-0.0388394
-0.00555007
0.125065
0.140507
0.061911
-0.28745
-0.213815
0.0618784
0.169205
-0.0117368
-0.0785024
0.0429979
0.197124
-0.0318274
0.114619
-0.188304
-0.242881
-0.109868
-0.182993
-0.0357648
0.195544
-0.00143124
0.0360546
0.0808508
-0.106514
-0.119744
-0.00663287
-0.147362
-0.0880722
-0.00118244
0.0573506
0.137008
0.0503038
-0.069124
0.200191
0.188754
0.110383
0.110268
0.118361
-0.15357
0.259716
-0.062574
-0.180935
-0.0951251
0.123479
0.115427
-0.0690117
-0.0486995
0.0914303
-0.151113
-0.202147
0.139075
-0.0567108
0.12432
0.193811
0.189156
0.0681862
0.0343947
-0.205755
-0.103733
-0.181094
-0.0610496
0.0772588
0.0416172
-0.107632
-0.259642
-0.0911768
0.0443681
-0.114347
-0.202521
-0.0860862
0.0767742
0.0967449
0.187248
0.123693
-0.112948
0.114848
-0.122632
0.15557
-0.144332
0.12391
-0.132811
0.0679596
-0.0827825
-0.0382627
-0.170834
0.0468454
-0.182535
-0.00400836
0.0354636
-0.0584147
0.13331
-0.124134
0.0115215
-0.190187
0.21422
-0.00243071
0.0469712
0.0885322
-0.227166
0.0153554
0.165033
0.148932
-0.265113
0.0215558
0.0311372
0.0798542
-0.0808582
0.215965
-0.133566
-0.099188
0.111927
0.0335562
0.177812
-0.0334765
0.0788154
0.133735
-0.190804
0.225043
0.0607273
0.0824493
0.255689
0.0721363
0.0859088
0.220087
-0.0583181
0.0996745
-0.115568
0.0613741
0.209441
0.173837
0.142668
-0.017446
-0.183614
0.18867
-0.0157266
0.0272941
0.0641368
-0.239583
-0.173286
0.115771
-0.117358
-0.0765381
0.0944938
-0.131712
-0.0174562
0.146975
0.0877642
0.0925726
0.0980441
0.148298
-0.120953
0.199449
0.0395904
-0.0659272
0.222972
-0.224267
-0.0681828
0.00709938
0.0451126
0.156217
0.123354
0.167737
0.231851
0.120965
0.152716
-0.0440341
-0.187025
0.103082
0.138332
-0.235684
-0.0894206
-0.0923122
-0.113472
-0.0294584
-0.0858721
0.0361754
0.0621645
-0.184302
0.0312228
-0.135851
-0.242472
0.0501429
-0.172142
-0.0196068
0.00611558
0.136982
0.00263267
0.15266
-0.106086
0.190283
-0.257513
-0.206814
-0.120658
0.155674
0.168774
-0.0479669
-0.0357973
-0.0010577
0.0627441
-0.0900668
-0.0174039
-0.210399
-0.179035
0.0700927
-0.288595
0.0390911
-0.0204963
-0.147901
0.0284331
-0.148041
-0.188159
-0.104262
0.0311512
-0.0812199
-0.116673
0.184843
-0.0694161
0.0239245
-0.186747
-0.081677
0.170668
0.247537
0.0339556
-0.166645
0.00988935
-0.0180742
-0.0447615
0.1134
-0.117961
0.0738688
-0.0398347
-0.000106818
-0.00132753
0.00892146
0.0487212
0.0618655
-0.145375
0.0212248
-0.147184
0.016381
0.088
0.0200691
0.131903
-0.168863
-0.109442
-0.236108
0.111331
-0.114417
-0.132654
-0.0458075
-0.115916
-0.174684
0.116351
-0.0254047
-0.0266774
0.101671
0.153467
0.121823
0.0106838
0.17803
0.0807964
0.0490173
0.00924973
0.155892
-0.11649
-0.0717393
-0.0387128
-0.0676576
0.111503
-0.0135436
-0.0109899
-0.211184
0.0510161
0.221593
-0.0236032
0.180914
-0.0395171
0.115564
0.0147585
0.185483
-0.112979
0.00402754
0.00127062
0.0768734
0.0803978
0.0446255
0.103134
-0.16225
0.124938
0.281046
0.101023
0.136614
0.215879
-0.216188
0.107089
-0.0509743
0.0097446
0.0245701
0.039699
-0.177808
0.00960328
-0.132548
0.184231
0.0156631
-0.0722973
0.219833
-0.00813148
-0.178476
0.171337
0.0032414
0.0463694
-0.209453
-0.0157472
0.121587
-0.00202338
0.248252
-0.0597956
-0.229696
-0.123228
0.0541985
0.00224145
-0.116994
0.139569
-0.067436
0.208997
-0.0776117
-0.0858076
-0.125981
0.0689025
-0.0125952
-0.169689
0.0918315
0.0387215
-0.220111
0.163167
-0.36001
-0.171025
-0.227429
-0.0533974
-0.041097
-0.0723011
-0.22212
0.0819312
0.0264307
-0.0346719
-0.157278
-0.0417356
-0.0428759
-0.00958395
-0.206228
0.13231
-0.0122219
-0.132391
-0.0701077
0.105879
0.166636
0.021216
0.0522428
0.114286
0.0352331
-0.144149
0.0511666
0.0723538
-0.16708
0.227589
-0.241991
0.178945
0.11451
-0.0538003
-0.076221
-0.00833687
-0.167612
0.167465
0.10989
-0.117434
0.0823478
0.121381
0.00749433
0.0126651
-0.0259493
0.0212813
0.00794507
-0.164976
-0.0937672
-0.11013
0.125743
-0.152085
-0.0864239
-0.0782654
0.0496191
0.0763527
-0.230224
-0.134675
0.119599
0.0952375
-0.0537619
0.242296
0.0766434
0.142552
-0.214338
-0.0551399
0.00770753
-0.000994816
-0.045358
-0.0839826
0.120849
0.174155
-0.0863875
0.206605
0.0921405
0.0110912
-0.159316
-0.156065
-0.204551
-0.127059
-0.0981177
0.0509718
-0.0368329
0.0224401
0.0330852
-0.104967
-0.121412
0.0247368
-0.00881155
0.24272
0.0497274
0.0419281
0.0771255
-0.0576834
0.00984707
-0.145334
0.132386
0.185726
-0.0136675
-0.075961
0.00646254
-0.242945
-0.159305
0.0205635
0.187862
0.108431
-0.0648765
-0.128432
-0.174854
-0.101201
0.0829263
-0.196343
0.232564
0.133336
-0.0164016
-0.204274
0.173752
-0.0126244
0.0308967
0.113615
-0.0539849
0.12273
0.093964
0.00246728
-0.0484573
0.080995
-0.149137
0.000934162
-0.214685
-0.0857373
-0.101263
0.119827
-0.0235627
-0.168993
0.0850316
0.108719
-0.152181
0.15313
-0.199671
-0.113712
-0.0656712
-0.141141
0.117629
-0.0418853
0.0965243
0.0568526
0.191292
0.27103
0.137416
0.0715685
0.0998305
-0.107894
-0.0895736
0.078129
-0.0525037
0.251901
-0.208998
0.00582226
0.149898
0.140114
0.00398829
-0.216391
0.172283
0.11154
-0.0159316
0.108137
-0.0972157
-0.0324981
-0.176187
-0.0881188
-0.198231
0.057095
0.0913202
0.0162819
0.0141333
-0.267538
0.132759
0.151812
-0.165519
-0.0454847
0.116073
-0.0240054
0.0995027
-0.0698741
0.14433
-0.0909234
0.093379
0.162949
0.0149007
-0.150322
0.121175
-0.000457793
-0.182055
0.165539
0.0269053
0.0217793
-0.0459465
0.168034
0.209441
888888
-0.212807
-0.0109961
0.123856
-0.152078
0.139321
0.123623
0.0921251
-0.168819
0.154111
-0.0818688
-0.102326
0.0374936
-0.0581679
0.0730809
-0.190599
-0.0975313
-0.128775
0.0609336
-0.0706036
-0.121749
-0.18055
0.132083
-0.105509
0.0975984
0.0875649
0.148123
-0.025013
-0.0918019
-0.0457338
0.0920163
0.0787014
0.0205563
0.0589949
0.049841
0.0485559
0.046369
0.0479037
0.0567051
0.0481846
0.0570803
0.0506348
0.0449623
0.0448986
0.0712044
0.0506767
0.0498315
0.0524884
0.0601049
0.0648011
0.0560421
0.0546872
0.0561338
0.0453605
0.0521555
0.0386556
0.0554135
0.0445574
0.0425918
0.0421753
0.0470165
0.0485443
0.0507535
0.0486385
0.0521253
0.0436267
0.0472243
0.054731
0.0543141
0.0503891
0.0393879
0.0473658
0.0734588
0.0434448
0.0510938
0.0560149
0.0633615
0.0411535
0.0445513
0.0500803
0.0553384
0.0533455
0.043725
0.052455
0.0456192
0.0359299
0.051899
0.047269
0.0443716
0.0497713
0.0451566
0.0463257
0.0398526
0.0543053
0.047228
0.0596204
0.0510267
0.0453209
0.0479687
0.0557632
0.0546752
0.0473932
0.0440847
0.0492209
0.052963
0.0407957
0.0545595
0.0418509
0.0473965
0.049129
0.0416847
0.0549641
0.0592834
0.0556941
0.0574742
0.0480009
0.0536001
0.0429891
0.0495856
0.0546208
0.0474478
0.0601856
0.0477859
0.0472718
0.0484685
0.0480091
0.0467781
0.0628665
0.0405598
0.0453441
0.0446953
0.0550834
0.0622153
0.0508628
0.0434225
0.0389606
0.0439669
0.0615065
0.0564798
0.0473873
0.0541354
0.0524405
0.0552182
0.0529361
0.052207
0.047377
0.0467689
0.0547754
0.0409971
0.0490388
0.0482336
0.0593267
0.0472366
0.0462661
0.0452213
0.0487573
0.047808
0.0489426
0.04672
0.056852
0.0514634
0.0503445
0.0542722
0.0549336
0.0555319
0.045106
0.0504575
0.0470972
0.0476001
0.0493971
0.0514775
0.0649957
0.049489
0.0435904
0.0585328
0.0548401
0.0462782
0.0468696
0.0392823
0.0530638
0.0493669
0.0550741
0.0463109
0.0550013
0.0437265
0.0508653
0.0490525
0.0493201
0.0643288
0.0642878
0.0481566
0.0544616
0.0438521
0.0540961
0.0579201
0.0482466
0.0438462
0.0493579
0.0496896
0.0527704
0.0505467
0.0447286
0.0518539
0.047813
0.0482647
0.0519246
0.052705
0.0397236
0.056502
0.0529997
0.0473156
0.0521526
0.0632517
0.048482
0.050571
0.0478571
0.0507598
0.0498516
0.0494005
0.0390708
0.0516253
0.0502361
0.0547138
0.0511243
0.0518156
0.0467727
0.0518605
0.0385354
0.0506936
0.0365266
0.0416728
0.0446155
0.0529773
0.0531223
0.0523091
0.0550619
0.0451261
0.0547216
0.0464525
0.0536623
0.0448826
0.0559735
0.0547992
0.0512847
0.044144
0.0496916
0.0492566
0.0440309
0.050439
0.0415105
0.0419546
0.0502997
0.0506585
0.0487068
0.0476047
0.0414144
0.0463933
0.0422744
0.0537211
0.0597131
0.0476762
0.053949
0.0525516
0.0447062
0.0475392
0.0586096
0.0593311
0.0573859
0.0490522
0.0520358
0.0505283
0.0547488
0.0467951
0.0510444
0.0516853
0.048428
0.0469658
0.0491521
0.0557918
0.0577601
0.0524717
0.0486544
0.0484798
0.0472369
0.0483607
0.0553077
0.0470524
0.0449474
0.0520692
0.0523528
0.0527843
0.0450883
0.0450941
0.057561
0.0486937
0.0555347
0.0508731
0.0514749
0.0423395
0.0515951
0.0558043
0.0438981
0.0515129
0.050824
0.0563876
0.0477971
0.0486651
0.0557391
0.0518717
0.0443401
0.0490293
0.0512068
0.047132
0.0482911
0.0508133
0.0543945
0.0500694
0.0596801
0.0499399
0.0521151
0.0536376
0.0491931
0.0500425
0.0511117
0.0604805
0.0449622
0.0479261
0.0538289
0.0517031
0.0562274
0.0440634
0.0465349
0.0467885
0.0502893
0.0541393
0.043075
0.0498013
0.044242
0.0432584
0.0472294
0.0486637
0.0467622
0.0519597
0.0396882
0.0447176
0.0496892
0.0486762
0.0501858
0.0571961
0.0605132
0.0520014
0.0618997
0.0568816
0.045857
0.0495236
0.0530668
0.043439
0.0485147
0.0478079
0.0483354
0.070944
0.0505674
0.0487022
0.0481101
0.0596028
0.0558243
0.0465884
0.0598201
0.0398864
0.0404074
0.0509247
0.0483993
0.0462677
0.0493952
0.0521017
0.0427565
0.0499548
0.0498249
0.0498037
0.0441491
0.0504771
0.0493103
0.0558504
0.0442182
0.046655
0.0461129
0.0460927
0.0585375
0.0592761
0.0538942
0.0588132
0.0505351
0.040065
0.0551531
0.0601073
0.0512779
0.0473625
0.0459627
0.0542384
0.0449596
0.0456432
0.0576949
0.0544339
0.0441419
0.0523679
0.0448433
0.0524612
0.0397037
0.0592702
0.0445123
0.0467337
0.0426195
0.0405438
0.0432559
0.0467497
0.038272
0.0451285
0.051115
0.0445744
0.0416489
0.046934
0.0513093
0.0441009
0.0589575
0.047949
0.0478514
0.046442
0.04491
0.0540248
0.0501417
0.0492662
0.052258
0.0498022
0.0543853
0.0422875
0.0439182
0.0572293
0.046104
0.0564309
0.0448661
0.0570868
0.0464514
0.052351
0.0620233
0.0453937
0.0475814
0.0451564
0.0449095
0.0585915
0.0443438
0.0536535
0.0506614
0.0509981
0.0554976
0.0535631
0.0480443
0.0459039
0.0474326
0.0505836
0.0472756
0.0526654
0.0563757
0.0484714
0.0544462
0.0436955
0.060041
0.0476706
0.0523314
0.0415449
0.0528849
0.04858
0.048818
0.0560486
0.0490616
0.0583738
0.0541595
0.0550673
0.0545157
0.0560096
0.0422831
0.0527392
0.0464393
0.0555708
0.0453532
0.0532728
0.0460582
0.0435888
0.0596057
0.0532735
0.0580067
0.0565732
0.0435113
0.0641818
0.0528754
0.0524498
0.0563944
0.049997
0.0414148
0.0468497
0.0539962
0.0468209
0.0542414
0.0492228
0.0520135
0.0645386
0.0550473
0.0475138
0.0383747
0.0481257
0.0528149
0.0422763
0.0529703
0.0439565
0.0434969
0.0490202
0.0593256
0.0448103
0.0423523
0.0488141
0.0453041
0.0430213
0.0439828
0.0607453
0.0541581
0.0515996
0.0517748
0.0409118
0.0436514
0.0513766
0.0494055
0.0501668
0.0526397
0.0437929
0.0525509
0.0488179
0.0472858
0.0470882
0.0456105
0.046934
0.0564935
0.0637601
0.0575566
0.0500459
0.0501547
0.051068
0.0448221
0.0487371
0.0440382
0.0426206
0.0543595
0.0533212
0.0516219
0.0539268
0.050809
0.0516454
0.0643063
0.0479772
0.059731
0.0602752
0.0525387
0.0540941
0.0508534
0.0492709
0.0495257
0.0585754
0.0509273
0.0524002
0.0446761
0.044338
0.0519089
0.0539617
0.0549903
0.0542391
0.0610444
0.0477055
0.0491805
0.0490392
0.062293
0.0548389
0.0440283
0.0491666
0.0606051
0.0424109
0.0554471
0.0510089
0.0504234
0.0467048
0.0558048
0.0506533
0.0459897
0.0557371
0.0440093
0.0411613
0.0450381
0.0461067
0.0460893
0.0554633
0.0457724
0.0517179
0.0446904
0.0620722
0.0516874
0.0477127
0.0579331
0.0524229
0.054665
0.0466391
0.0516692
0.0481755
0.0493593
0.0656127
0.0476452
0.0443025
0.0474358
0.0558779
0.0513875
0.0574638
0.04313
0.0395349
0.0527705
0.0446782
0.0635318
0.0433803
0.0456956
0.0516058
0.0522454
0.047532
0.0474845
0.0529451
0.0497294
0.0425099
0.0500963
0.0481516
0.0576313
0.0448517
0.0475109
0.0525853
0.0468959
0.0491041
0.0509729
0.0475556
0.0485272
0.0429962
0.041373
0.041981
0.0462415
0.0502079
0.0419471
0.046167
0.0475723
0.0457995
0.050087
0.0543655
0.0462415
0.0522294
0.053044
0.043694
0.0629813
0.049503
0.0427599
0.0617996
0.0482182
0.0526202
0.045462
0.0558659
0.045162
0.0446738
0.049673
0.0467235
0.0504785
0.0511929
0.0466045
0.0491735
0.0461664
0.0436984
0.0551796
0.0599533
0.0589371
0.047117
0.0477129
0.042458
0.0602774
0.0568969
0.0452327
0.0406026
0.054083
0.0505281
0.0468033
0.058523
0.054345
0.0522693
0.057523
0.0408842
0.0605304
0.0489481
0.0507798
0.0449139
0.0414731
0.0524894
0.0412262
0.0526138
0.0610046
0.0403206
0.057502
0.0433034
0.0434679
0.0541349
0.037188
0.0489185
0.0568408
0.0430614
0.0442519
0.043637
0.0504371
0.0458769
0.0600175
0.0479724
0.056004
0.0443393
0.0502594
0.0452533
0.0435871
0.0404084
0.0478275
0.0507284
0.0413157
0.0529304
0.0447428
0.0460845
0.0546717
0.0410406
0.0561662
0.0582876
0.0484084
0.0418635
0.0472573
0.0488245
0.0599103
0.0546366
0.0477485
0.0570711
0.0546911
0.0521926
0.0481509
0.0476341
0.0557203
0.0585584
0.0456502
0.0530408
0.0510954
0.0422884
0.0523759
0.0442622
0.0492507
0.0496753
0.0508924
0.0467252
0.0448737
0.0448287
0.0509838
0.0506056
0.04133
0.0511387
0.0537498
0.0473067
0.0449776
0.0562876
0.0552614
0.0452953
0.0604966
0.0496999
0.0467552
0.0478817
0.0571727
0.0572573
0.0454248
0.0460899
0.048344
0.0541754
0.0501884
0.0494058
0.0486131
0.048818
0.0553998
0.0496498
0.0500975
0.0508811
0.0496119
0.059969
0.0559934
0.0530444
0.0615264
0.0423413
0.0548789
0.0494229
0.0526394
0.0481089
0.0489321
0.0479281
0.046955
0.0514087
0.0413702
0.0504332
0.049846
0.0546029
0.0566266
0.0487605
0.0509316
0.0597115
0.0534112
0.0437091
0.0456412
0.0381568
0.0510029
0.0583329
0.0520315
0.0622071
0.0485678
0.0500278
0.0504797
0.0459383
0.057845
0.0568552
0.0561727
0.0538579
0.044311
0.0574914
0.0499005
0.0550241
0.0525379
0.0424919
0.0538122
0.0400092
0.0606193
0.062618
0.0557584
0.0506836
0.0378582
0.0521713
0.0480057
0.0460814
0.0470829
0.0488644
0.0488977
0.0438289
0.0485962
0.0505627
0.0593622
0.0467719
0.0547935
0.0604118
0.0416007
0.0461204
0.0525196
0.0525348
0.0471753
0.0453838
0.0444315
0.0519141
0.0545033
0.0471752
0.0551644
0.0530737
0.0502771
0.0440291
0.0500655
0.0427429
0.048499
0.0450436
0.0499706
0.0511997
0.0467226
0.0538836
0.0615109
0.0466075
0.0411317
0.045845
0.0505955
0.0529417
0.044635
0.0618245
0.0582505
0.0524316
0.0489776
0.0579213
0.0506465
0.0567068
0.0478168
0.0456874
0.0460103
0.0525248
0.0582611
0.0584498
0.0557883
0.0560064
0.0562043
0.0549815
0.0625481
0.0587958
0.0404521
0.0461577
0.044665
0.0508891
0.0539335
0.0431504
0.0515902
0.0405396
0.0548911
0.0424955
0.0544391
0.0474932
0.0492059
0.048306
0.047792
0.0552679
0.0468774
0.0559899
0.0610894
0.048544
0.0494644
0.071842
0.0436068
0.0457809
0.0538622
0.0522029
0.056375
0.0454815
0.0481161
0.0389792
0.0408716
0.0485248
0.0455277
0.0524111
0.0479759
0.0502403
0.0531624
0.0602964
0.052525
0.0471925
0.0556231
0.0511322
0.0502701
0.0529485
0.0620639
0.0413417
0.0539887
0.0442218
0.0406722
0.043806
0.0554891
0.054099
0.0492242
0.0461437
0.0521034
0.0478751
0.0534345
0.0449122
0.0464607
0.0594392
0.0523156
0.0447118
0.0572636
0.0572082
0.0418616
0.0489648
0.049904
0.0590237
0.0470924
0.0549274
0.0613093
0.0533279
0.046632
0.050347
0.0540917
0.0573105
0.0515906
0.0361853
0.0469319
0.0466103
0.0456061
0.0463152
0.0528961
0.0501356
0.0405227
0.053491
0.0639703
0.0574084
0.0467596
0.0578026
0.0452553
0.0553297
0.0486485
0.0504831
0.0517262
0.0490718
0.0597765
0.0455549
0.0536862
0.0482592
0.0451882
0.0521134
0.0491548
0.0348272
0.0487436
0.0505355
0.0550167
0.0589814
0.0504651
0.0484374
0.0508793
0.0449295
0.0614884
0.049171
0.0510483
0.0564174
0.0548578
0.0562815
0.0632573
0.0498949
0.0568707
0.0570234
0.0635939
0.0549824
0.0449375
0.0475245
0.0485545
0.0541528
0.0411361
0.0499164
0.0552076
0.0486908
0.0558711
0.046623
0.064153
0.0515824
0.0520498
0.0562696
0.0564911
0.0468149
0.0498984
0.0463323
0.0484825
0.0447175
0.0535555
0.0449338
0.0456564
0.0495557
0.0594952
0.0525204
0.041676
0.0524245
0.0537011
0.0432139
0.0531179
0.0512376
0.0453504
0.0497771
0.0463368
0.0463783
0.0444519
0.0539474
0.0453469
0.0473464
0.0416483
0.0474049
0.0546831
0.0503425
0.0540692
0.0494839
0.0482466
0.0451707
0.04276
0.0561999
0.0631524
0.0554322
0.0439104
0.0523328
0.0527624
0.0541323
0.0434726
0.0500235
0.0467948
0.0569157
0.0531062
0.0478038
0.0552215
0.0497751
0.0531555
0.0597781
0.047205
0.0529012
0.0621237
0.0528296
0.0554072
0.0460345
0.050241
0.0518514
0.0427354
0.0552268
0.0498091
0.0529496
0.0462725
0.0491301
0.0407433
0.0527385
0.0462294
0.0511992
0.0553429
0.0476913
0.0517784
0.0476223
0.0448151
0.0477191
0.0542512
0.0614314
0.0501256
0.0491955
0.046141
0.0556312
0.0464458
0.0502453
0.046365
0.0584098
0.0506084
0.051883
0.0497968
0.0551204
0.0491551
0.0483592
0.0481554
0.0486512
0.0449031
0.0481766
0.0489717
0.0488792
0.0542505
0.0477427
0.0444411
0.0627248
0.0483008
0.0497381
0.0604381
0.0518526
0.0475371
0.0409716
0.0488614
0.0489294
0.0436014
0.0579131
0.0461473
0.0477019
0.0607139
0.0534742
0.0521466
0.0499714
0.0435904
0.0537702
0.043458
0.0471064
0.0470808
0.0465899
0.0517536
0.0579321
0.0559038
0.0565784
0.0480404
0.0616728
0.0534021
0.0560744
0.0642092
0.0549226
0.0496961
0.0466992
0.0513314
0.0534374
0.0563729
0.0433446
0.0531212
0.0530317
0.0539146
0.0533242
0.0456763
0.049653
0.056902
0.0549999
0.0487152
0.0546842
0.050878
0.0438083
0.0442291
0.0594006
0.0541469
0.0495974
0.0590318
0.0519577
0.0453652
0.0427786
0.0598196
0.0556694
0.0458011
0.0494101
0.0497208
0.0460936
0.0549088
0.052182
0.0460043
0.0521929
0.0476477
0.0498322
0.0490043
0.0555762
0.0426875
0.05073
0.0474543
0.0537887
0.0476138
0.0526381
0.0452012
0.0519602
0.0404313
0.05142
0.0577003
0.0509803
0.0558255
0.05344
0.0525093
0.0476616
0.0461772
0.0446661
0.0525527
0.0546471
0.0586127
0.0562224
0.0564069
0.0516101
0.0514454
0.0508714
0.0522992
0.0465767
0.0508924
0.0490268
0.053879
0.061454
0.0467262
0.0603339
0.0479203
0.0539734
0.0571677
0.0446384
0.0501314
0.0467162
0.0509849
0.0486322
0.0398853
0.0487248
0.0426002
0.0491228
0.0447051
0.0542256
0.0525202
0.0494533
0.0560995
0.0548466
0.03941
0.0522414
0.056011
0.0583587
0.0550794
0.0452655
0.05248
0.0597553
0.0418804
0.0499877
0.0524604
0.0557229
0.0573598
0.0534466
0.0466412
0.0522898
0.0504326
0.0536772
0.057283
0.0496888
0.0549716
0.0640803
0.0515475
0.0456124
0.0459037
0.0571379
0.0497454
0.0498434
0.0473999
0.0533563
0.0371818
0.0506625
0.0568555
0.0459234
0.06275
0.0394911
0.0542365
0.0566988
0.0513402
0.0585327
0.0434915
0.0588569
0.0495185
0.0464312
0.0571278
0.0490844
0.0464221
0.0446944
0.0503103
0.0519861
0.0505204
0.0665485
0.0504785
0.0602059
0.0518827
0.0503393
0.0526138
0.0442449
0.0528374
0.0436253
0.0410456
0.0510171
0.0585778
0.0543453
0.0459935
0.0503618
0.04993
0.0583
0.0489767
0.0394208
0.0487688
0.0508275
0.0552742
0.0495554
0.0552149
0.0483923
0.0497645
0.0495561
0.0385439
0.0479051
0.0462058
0.0450914
0.0485132
0.0508195
0.0651455
0.0511696
0.0496564
0.0536062
0.0550973
0.0515125
0.0472272
0.0510466
0.0459726
0.0442214
0.0535099
0.0431958
0.0465936
0.0510767
0.0522046
0.0424611
0.0459398
0.0458053
0.0484075
0.050152
0.0512384
0.0422821
0.0506576
0.0505976
0.0439572
0.047916
0.0589515
0.0558947
0.0571872
0.0525086
0.0607526
0.0534739
0.0531689
0.0494785
0.050079
0.0414067
0.052402
0.0526849
0.0538105
0.0551965
0.0504428
0.0541627
0.0568212
0.0561116
0.0402739
0.0525859
0.0507832
0.0470712
0.0489588
0.0486969
0.04014
0.0517276
0.0503223
0.0429172
0.0498742
0.048175
0.0500509
0.0414855
0.0560438
0.0546451
0.0479809
0.0493269
0.0491436
0.0433759
0.0552362
0.0496508
0.063385
0.0514069
0.0535425
0.0477505
0.0526872
0.0448326
0.0432569
0.053986
0.0475062
0.0591086
0.0584007
0.0528435
0.0477065
0.0551803
0.0507476
0.0434408
0.0394231
0.0558834
0.0461337
0.047994
0.0502992
0.0595046
0.0469684
0.0609701
0.0523817
0.0404816
0.0547819
0.0453603
0.0441725
0.0538163
0.0402574
0.0487568
0.0533687
0.0485359
0.042628
0.0450945
0.0545379
0.0608245
0.0485982
0.0451435
0.0432701
0.052676
0.0439046
0.0531017
0.0480513
0.0486833
0.0604845
0.0547809
0.0514184
0.0496426
0.046405
0.0476196
0.0530033
0.0485042
0.047568
0.0549483
0.0459134
0.0536193
0.0543179
0.0433426
0.0480215
0.0534747
0.0510541
0.0498083
0.0530769
0.054287
0.0626276
0.0467402
0.0425655
0.0463952
0.0532019
0.0526781
0.0580653
0.0459158
0.0433405
0.0454098
0.0512896
0.0425592
0.0462132
0.0599466
0.051222
0.0513374
0.0490423
0.0531377
0.0549179
0.0470705
0.0557743
0.0526735
0.0434715
0.0531949
0.046604
0.0447575
0.049869
0.0557082
0.048566
0.0459765
0.060429
0.0391143
0.0567486
0.0538416
0.0497546
0.0435797
0.0568067
0.0531671
0.0571625
0.0488579
0.0542653
0.0471574
0.0461894
0.0476521
0.0483968
0.0551405
0.0456217
0.0455409
0.0414521
0.0603654
0.0571948
0.0542035
0.0521651
0.050069
0.0463498
0.0466319
0.0530994
0.0612965
0.0564827
0.0540804
0.0519553
0.0524932
0.0576331
0.0436941
0.0468307
0.0613
0.0572426
0.0509098
0.0515315
0.0486998
0.053163
0.0567441
0.0542272
0.0442112
0.0553679
0.051662
0.0474188
0.0539261
0.0468734
0.0485088
0.0560908
0.0447375
0.0486811
0.0532749
0.0436282
0.0443959
0.0580571
0.0532096
0.0516726
0.0473165
0.0414474
0.0487644
0.0545354
0.0530879
0.057114
0.0645947
0.0494128
0.0557447
0.0488908
0.0472559
0.0635342
0.0579116
0.0596319
0.0534826
0.0480509
0.0528477
0.0549563
0.0491501
0.0430774
0.0495302
0.0480903
0.0519139
0.0500579
0.0494236
0.0419352
0.0465912
0.0620836
0.0632192
0.0564307
0.0547975
0.0523496
0.0543862
0.0540282
0.0467489
0.0380428
0.0520814
0.0576044
0.0536206
0.0487745
0.0475562
0.0439559
0.0490744
0.0521766
0.0460811
0.0518313
0.0448625
0.0436
0.0554991
0.0468936
0.0491544
0.0490032
0.0517292
0.0541832
0.0544613
0.0503009
0.0493035
0.0526051
0.0558218
0.0430621
0.0460513
0.0457502
0.04753
0.0568291
0.0467666
0.0489461
0.0525402
0.0575511
0.0469914
0.0567073
0.0477635
0.0607215
0.0462408
0.0539092
0.0422657
0.0553228
0.0631899
0.0534851
0.0573135
0.0628891
0.0439455
0.054869
0.0481887
0.0450052
0.0573865
0.0486338
0.0619937
0.0490996
0.0580136
0.0515318
0.0548601
0.0479648
0.045435
0.0584098
0.0553226
0.0681012
0.0582124
0.0588491
0.0520328
0.047549
0.0482834
0.0515322
0.0502857
0.0497435
0.0554077
0.0462163
0.0529482
0.041963
0.0465895
0.0529879
0.0528497
0.0522855
0.0487702
0.0427163
0.0450855
0.0532357
0.0579219
0.0452618
0.0494691
0.0612771
0.0531848
0.0654228
0.0434487
0.05
0.05
0.05
0.05
0.05
0.05
0.05
0.05
0.05
0.05
0.05
0.05
0.05
0.05
0.05
0.05
0.05
0.05
0.05
0.05
0.05
0.05
0.05
0.05
0.05
0.05
0.05
0.05
0.05
0.05
0.05
0.05
777777