1.45745
999999
0.374909
-0.044371
-0.0359199
-0.0581739
0.0227557
-0.0218867
-0.0167267
-0.154772
0.0846601
-0.21827
0.115604
-0.0699371
0.140687
-0.0248559
0.230057
0.0996053
-0.101681
-0.216674
0.266284
0.0234484
0.184808
0.0190309
0.197739
0.060522
0.173487
0.20351
-0.350161
-0.269864
0.459363
-0.0388509
0.148346
0.0863901
-0.0461875
0.0207604
0.07031
0.217242
0.0708581
-0.0103568
0.0356167
0.0942943
-0.119524
-0.115634
0.046392
-0.218058
-0.0705589
0.097934
0.1842
0.141839
-0.0553405
0.0138558
-0.226819
-0.056116
0.186037
0.119112
-0.0808598
-0.109415
-0.00693283
-0.192207
0.162294
0.132611
0.138773
-0.127171
0.05507
-0.108876
0.0675487
-0.158274
-0.146055
-0.0778983
0.195751
0.187199
-0.0918973
0.156091
0.041262
-0.108736
0.177547
-0.0116101
0.00972213
0.0857834
0.204519
0.168549
0.00524825
-0.00100964
-0.188275
0.145047
0.141405
0.188435
-0.161194
-0.115263
0.214906
0.0203432
-0.103002
-0.184974
-0.0777086
-0.0210345
-0.081116
0.130324
-0.0787448
-0.0769202
0.0918233
0.00412209
-0.261571
-0.0257907
0.22773
-0.024064
-0.172904
0.134018
-0.0914105
0.0944677
-0.112687
0.179645
0.208469
-0.0931738
-0.0227846
-0.127957
0.196582
-0.0503895
-0.110972
0.0306892
-0.108622
0.0670462
0.0248146
0.138478
0.053622
-0.184884
0.0539697
0.0684579
-0.138911
-0.059835
0.181663
-0.0184391
0.260601
-0.089277
-0.0643568
0.0552473
-0.251782
0.215117
0.116861
-0.100837
0.0154102
0.0325034
0.0867858
-0.0673443
0.148768
-0.179219
0.0296271
0.0879069
0.0108966
-0.100637
-0.0597116
-0.127114
0.135838
-0.0622978
0.104864
0.0705717
0.215983
0.0405755
0.0156151
-0.13567
0.137165
-0.102528
-0.00320259
0.089426
0.177635
-0.130728
-0.160787
-0.0624224
0.238704
0.143013
0.157307
-0.201931
-0.171164
0.0632499
-0.114287
-0.0847391
0.119486
-0.216958
0.00803218
-0.305191
0.0558492
-0.17402
0.132744
0.113365
-0.0346432
0.0705629
-0.238129
-0.075454
-0.113081
-0.0448299
0.0605857
0.0938695
0.0496332
0.136438
-0.222592
-0.115255
0.163487
0.140669
-0.072592
-0.0469536
-0.00118913
-0.0710223
-0.156663
-0.188811
-0.0742076
-0.0998146
-0.286118
0.0410156
0.00989315
0.138286
0.0956113
-0.0162919
-0.15174
-0.128558
-0.174439
0.239119
-0.23808
-0.0890614
0.15519
-0.0658419
0.291729
-0.0566495
0.198334
0.0115612
0.117232
0.213225
-0.131797
-0.102062
0.114994
0.161705
0.179697
-0.131697
-0.107563
0.0591161
-0.0538847
-0.158549
-0.182821
-0.11532
-0.0333023
-0.212519
-0.0785148
0.0421973
-0.122396
0.122027
-0.0394661
-0.0693614
0.0139332
-0.0695718
-0.0115511
-0.224777
-0.21815
-0.0981994
-0.0608889
-0.0321019
0.14097
-0.179863
-0.0291123
0.191967
-0.147076
0.00706599
0.100992
0.23879
0.091623
-0.109922
-0.123476
-0.0807158
0.258972
-0.228762
0.232693
0.13682
-0.0231656
-0.0762136
-0.0428365
0.139753
-0.238941
0.0847006
0.17385
0.016165
0.0878665
-0.180966
0.19087
0.111495
-0.130427
0.0666637
0.127147
-0.0271032
0.156498
-0.0309475
-0.169494
0.214102
0.109322
-0.047353
-0.190351
-0.145705
-0.137141
0.0511408
0.0307679
-0.105286
-0.0103473
-0.135534
0.011972
0.168781
-0.0624858
0.175147
-0.207796
0.153663
-0.017239
-0.28259
-0.0821319
-0.092178
0.0332849
-0.0322871
0.0768569
0.126904
-0.0646121
-0.0969443
0.0875321
-0.209407
-0.0931
-0.068911
-0.108558
-0.0831384
0.0763478
0.0756968
-0.249783
0.175076
-0.104749
-0.127317
0.0428055
0.220185
0.0217775
0.0919107
-0.0349272
-0.0817217
0.107913
0.104015
0.0827901
0.141006
-0.261829
-0.0674476
-0.0106726
-0.0220969
-0.00870152
-0.150566
-0.0916144
0.220363
0.137689
-0.072297
0.129022
0.266934
0.197733
-0.0317553
-0.17652
0.000669129
-0.109817
-0.209386
0.151405
0.143913
0.19936
0.114429
-0.0363635
-0.185063
-0.120678
-0.0497305
0.182875
-0.0194336
-0.0552329
-0.105666
0.252255
-0.104204
-0.0808433
-0.0799076
-0.0573609
0.0858162
-0.127666
-0.109417
0.168332
-0.0892721
0.0619924
-0.0308215
-0.0186075
0.0467098
-0.155666
0.0372793
0.00776077
0.182417
0.061429
0.0814082
0.201468
0.0108594
0.018856
0.147074
-0.183954
-0.105838
0.0653826
-0.0740027
0.0410415
0.20423
-0.139473
-0.111986
-0.223802
0.0629606
0.186386
0.2882
-0.17824
0.0429896
0.125406
0.142733
0.0633627
0.025672
-0.0432079
-0.119675
-0.223406
0.141483
-0.165442
-0.0433228
0.151983
-0.050058
0.0444437
0.0217301
0.110594
-0.133177
-0.0832761
0.195114
0.159292
0.158858
-0.159164
-0.0847672
0.0699093
-0.0171774
-0.0741586
-0.105959
0.0304763
-0.12605
0.174967
-0.158736
-0.010831
0.19266
-0.0622044
-0.205307
0.165515
-0.168162
0.0786031
-0.167094
0.23203
-0.133939
0.00467836
0.134096
0.11679
-0.0424587
0.0354431
-0.013141
0.0977297
0.0459182
0.233484
0.159354
0.0915272
-0.203491
0.00526709
-0.0817466
0.0705716
-0.200936
-0.222836
-0.126185
-0.0930264
-0.0955264
0.16412
0.103752
0.248245
0.138068
-0.116547
0.192635
-0.0633156
0.0813051
-0.037177
-0.0906664
0.14895
0.20129
-0.193508
0.0635388
-0.089361
0.121424
0.168309
-0.162902
0.0322572
0.0276376
-0.0991178
0.127104
0.146157
-0.140334
0.190634
-0.0378654
-0.0248287
-0.147757
0.0965217
0.0119232
-0.0813673
0.0703595
0.11509
0.0490773
0.155252
0.164929
-0.133418
0.268169
0.0954417
0.0368146
0.083082
0.128006
0.0322358
0.0813232
0.20469
0.142757
0.196194
-0.194538
-0.100263
0.105518
0.0976583
-0.0766219
0.0974586
0.216444
0.171844
0.168105
-0.0366684
-0.0817595
0.172813
0.062619
0.0611554
0.061807
-0.172128
-0.00391112
0.0858222
0.131155
-0.0499173
-0.190433
0.0516189
0.03513
-0.193074
0.248463
0.00906152
-0.0383061
-0.033473
-0.230236
0.245238
-0.0384615
-0.0836887
0.0180479
0.134258
0.200488
0.110134
0.0163423
0.0457874
0.131729
-0.203282
-0.0650405
-0.15341
0.120924
0.0383426
0.156044
0.00120163
0.107286
0.107019
0.0921045
-0.0777161
0.0125547
0.0342486
0.12408
-0.0279566
0.0960101
0.0817877
0.0705792
0.108335
0.0541532
-0.00567436
-0.121277
0.0716305
0.0568269
0.211501
-0.0102393
0.148818
-0.0358027
-0.0377128
-0.167621
0.128946
-0.0100532
0.122473
0.112532
0.113538
-0.0409838
0.210636
0.0123561
-0.236677
0.193737
0.092131
0.190757
-0.0744459
0.105655
-0.141742
0.0809425
0.201016
0.19846
0.0128315
0.0148382
0.114142
-0.0260139
0.11639
-0.135799
0.149406
-0.234836
0.00481168
0.048032
0.00163928
-0.189322
0.222661
-0.114831
0.0554084
0.26326
0.176026
0.0335924
-0.241607
0.16508
0.152133
0.159488
0.151312
-0.201337
-0.046743
-0.124768
0.22662
-0.0941464
0.173343
0.125257
-0.0079243
0.075475
0.119333
0.0447088
0.0644673
-0.000937024
-0.233211
-0.110525
-0.00725401
0.138556
0.18075
0.106326
0.0258596
-0.0333573
0.184964
-0.164979
-0.158678
-0.0621362
-0.0306975
-0.0414433
-0.0818108
-0.122756
0.00129734
-0.0579787
-0.226523
0.018073
-0.216599
0.0361326
0.10872
0.0388214
-0.159969
-0.0911538
0.0321769
-0.0996891
0.103042
0.178493
0.0479619
0.0707619
0.110015
-0.041051
-0.00413501
-0.0725786
0.0353593
0.00818761
0.119555
0.132423
0.153613
0.116128
-0.0511667
-0.115837
0.115053
0.179725
-0.130176
0.0562007
0.0685691
0.139165
0.211219
-0.031539
0.177819
-0.0426349
0.130243
-0.0824619
0.137262
-0.136255
-0.060047
0.0398395
-0.0865459
-0.0155994
0.09864
-0.188131
0.0434132
0.192597
0.11446
0.0190217
0.173403
-0.204334
0.18442
-0.125649
0.120307
-0.0282713
0.185944
-0.00497082
-0.00450697
-0.118744
0.173591
-0.160226
-0.0602738
-0.0928168
-0.248319
-0.0684896
0.0180655
0.104926
0.0467658
0.219977
-0.0487214
0.0216105
0.173101
0.00939978
0.166786
-0.0701017
-0.104083
-0.091971
-0.131035
0.0945551
-0.0993941
0.170926
0.165829
0.0478361
-0.107268
0.0623185
0.142665
0.216707
-0.108143
-0.0406896
0.0668631
-0.174415
0.0621682
0.0920565
0.0825452
-0.0147746
-0.129879
0.106152
0.0983158
0.221257
-0.203296
0.095068
-0.0413417
0.201331
0.0985416
-0.253734
-0.126171
-0.106981
-0.205484
-0.18803
-0.0311134
0.0995435
0.0831155
-0.150754
-0.169912
0.181793
0.185264
-0.273458
0.168421
-0.0588151
-0.0365877
-0.0686689
-0.108861
0.0369893
-0.0458978
0.108891
-0.067077
-0.0683679
0.107992
-0.0713612
0.13284
-0.12098
-0.0988961
0.0435231
0.0541524
-0.171003
0.123593
-0.0609362
0.135509
-0.113123
-0.0423757
-0.0249363
0.0307221
0.0407101
-0.0905434
0.158268
0.150585
-0.215011
-0.195008
-0.0787975
0.0290596
-0.114167
-0.141059
-0.100113
-0.0497401
0.0609239
0.181013
-0.272938
-0.204255
0.144589
0.0146304
-0.167074
0.133988
-0.209643
-0.0511396
0.0671996
-0.0646417
0.0646653
-0.0559604
-0.108418
-0.129614
-0.0499567
-0.0794992
-0.0398028
0.0229648
-0.0626283
-0.00700418
-0.00818651
0.163097
-0.0278074
-0.00666815
-0.218834
-0.150508
0.250659
0.0261307
-0.0305972
0.0863408
-0.133482
-0.0912127
-0.219515
-0.0265736
-0.00824686
-0.058242
0.129937
0.100758
0.106969
-0.023267
0.0520022
-0.156439
0.004918
-0.0961813
-0.0816081
0.100098
0.12387
-0.130891
0.176078
0.199027
-0.0100656
-0.223114
-0.0137424
0.0399461
-0.125454
-0.0486591
0.125116
-0.153356
-0.0607891
-0.155054
0.0112927
-0.165574
-0.227825
-0.155846
-0.127737
0.123149
0.0649762
0.0888353
-0.185725
0.141831
0.107305
0.0391903
-0.182904
-0.0758336
-0.0276115
0.0658622
-0.131881
-0.00472313
0.211055
0.0949405
0.112995
-0.0181641
0.135986
0.239976
-0.0837357
-0.184444
0.154879
-0.135322
0.158441
-0.177566
-0.156048
-0.0460004
-0.146882
-0.139159
-0.0666173
0.0848255
0.0973532
0.106159
0.0501916
0.100499
-0.0039265
-0.0353903
-0.0659177
-0.193125
-0.0115792
0.234323
0.0201947
-0.251367
0.218674
0.043236
-0.105083
-0.109823
0.113506
0.161259
0.238858
-0.149038
-0.134577
-0.207135
-0.168274
-0.140957
-0.115856
-0.213235
-0.0654049
-0.158999
0.216296
0.0361024
0.227258
-0.106707
-0.151252
0.00219251
0.0557327
-0.049811
-0.137595
-0.12852
-0.0552287
0.166611
0.203226
0.140297
-0.221731
0.0103944
0.111154
0.101781
-0.184599
0.0481926
-0.134443
0.0151034
-0.0997369
-0.0554636
0.0880654
0.0802978
0.0281367
-0.0347603
-0.0899987
0.157602
-0.00166412
0.138499
-0.0109013
0.0917167
-0.143994
-0.171738
-0.257286
0.122777
-0.137047
0.0648659
0.231988
-0.031921
0.0925358
-0.104086
0.0375381
-0.121364
0.0577508
0.0048956
-0.0734
0.0997541
-0.222348
0.0673397
-0.0357853
-0.144139
0.115819
-0.225048
-0.0661608
-0.127608
-0.0439611
0.276572
-0.0383592
0.112563
-0.195715
-0.0210035
-0.0219619
-0.0259461
-0.20681
-0.0746938
0.0222399
0.108622
-0.0532101
0.0199212
-0.0820877
0.0345988
-0.0639546
0.228768
-0.295644
-0.133498
-0.145522
0.140746
-0.253625
-0.074059
-0.134041
-0.152392
0.00550395
0.0909914
-0.244258
-0.137134
0.0964316
0.144888
-0.0475398
-0.228292
-0.0825871
0.158659
0.179675
-0.118178
-0.0537174
0.00137083
-0.0187767
0.0313495
-0.103455
0.0821432
0.0276807
0.134146
-0.223956
-0.117265
-0.164399
-0.19132
0.0781383
0.148727
-0.0930976
0.00399979
-0.0886776
0.136131
-0.0729974
-0.0858678
-0.0212987
0.0735635
0.15621
0.248513
-0.239949
-0.0432434
-0.110389
-0.154655
-0.0368813
-0.146381
0.0469761
-0.0979711
0.189121
-0.0690784
-0.101293
-0.127914
-0.205863
0.102701
-0.117079
0.202911
0.158421
-0.14052
-0.0637625
-0.0396124
0.202519
0.021426
-0.0143756
-0.161065
-0.186624
-0.0672398
0.0245302
0.0698448
0.0837868
-0.0884545
0.196599
-0.0846518
0.150978
-0.120373
0.0578099
0.193428
-0.151544
-0.232819
0.0741519
0.147382
-0.151163
0.0829695
0.143655
-0.00519112
-0.0662834
-0.0302209
-0.012539
0.125293
0.197981
-0.101541
-0.0392908
-0.0204932
0.10646
-0.0951694
-0.167129
0.19851
0.143971
-0.156682
0.133565
0.159526
-0.0522736
0.0326648
-0.0634495
0.0974448
0.0530816
-0.0333089
-0.0637199
-0.179215
-0.0924416
-0.0905578
0.207068
0.0363616
-0.0970058
0.183853
-0.121323
-0.0298144
-0.0793046
-0.137161
-0.147353
-0.0607611
-0.0228589
-0.0298106
0.0791751
0.029559
0.012221
0.212592
-0.095519
-0.130122
0.105082
-0.106404
-0.166517
0.0764155
-0.262169
0.0035807
0.00840954
0.029465
0.16441
-0.107155
0.17152
0.119446
-0.118479
0.246359
0.00488293
-0.198829
0.0854608
0.177667
0.113565
-0.042729
0.0542719
-0.191897
-0.10464
0.0934944
0.0813589
0.0262068
0.195187
0.185123
-0.107029
0.11692
-0.00446348
0.182604
-0.0620512
0.161668
-0.0430537
0.00468023
0.0753865
0.155188
-0.08476
-0.0852629
-0.0956024
0.0490788
-0.0568104
0.163152
0.131295
0.0991094
0.134182
0.0476097
0.176454
-0.136274
-0.20396
-0.0121046
0.1863
0.159275
0.21787
-0.172983
-0.0431787
-0.0100541
-0.180017
-0.07904
0.0718536
-0.0731813
0.139291
0.0478098
-0.101356
0.0923278
-0.0783789
-0.111403
0.0751955
-0.179081
0.199292
-0.0846139
-0.0295993
0.0500872
0.0458467
0.00175481
-0.106762
-0.148478
-0.00158905
0.224544
-0.0270853
-0.242286
0.259178
0.174831
-0.169083
0.0515855
0.103237
-0.147123
0.0380836
-0.25834
-0.0482595
0.185842
-0.0553247
0.150375
0.116829
-0.152501
-0.0796245
0.0111682
0.192064
0.267511
0.115922
-0.159935
-0.0235353
0.206897
-0.00712427
0.0735349
0.132543
0.126737
-0.120754
0.195022
0.109428
-0.00981272
-0.109149
-0.0737592
-0.171156
0.102138
0.13876
0.154712
0.135704
-0.25644
-0.105241
0.195155
0.0833194
0.0611698
0.18088
-0.0555673
-0.0212751
-0.0108681
0.125913
0.000672095
0.119603
0.076959
0.161849
0.113641
0.167948
0.0708198
-0.0944007
-0.153885
-0.106307
0.0371732
-0.05686
0.100042
0.0205374
0.14283
0.287324
-0.0823191
0.136211
0.216057
0.1229
0.0726859
-0.139016
0.0255975
-0.0841134
-0.0988812
-0.195617
-0.222354
0.0538574
-0.207119
-0.149152
0.126324
-0.168674
-0.18006
0.125979
0.216963
0.0953871
0.0753479
0.224776
0.0681509
-0.111434
-0.0854374
-0.105471
0.0157717
-0.20056
-0.184866
0.0188466
0.00981574
-0.153236
0.200734
0.165982
-0.0146028
-0.25697
-0.183702
-0.0226244
-0.121361
-0.0462398
-0.00603652
-0.0491962
0.0123276
-0.103672
-0.101038
0.0500263
0.0556914
-0.110222
0.049106
0.115724
0.200078
-0.145852
0.170837
-0.1849
0.15227
-0.0171911
-0.110129
-0.0839921
-0.104883
-0.0244939
-0.0870312
-0.0012134
0.131805
-0.159721
-0.169468
0.0762746
-0.0940699
0.122124
0.161995
0.0143108
-0.0783817
-0.122969
0.0140388
0.0548044
0.159792
0.106552
0.103331
-0.069462
0.0926258
-0.057965
-0.00593997
0.193791
0.0344546
-0.0344666
-0.190408
-0.0523297
-0.0318566
0.0941194
0.0878638
0.167668
-0.0565692
0.17543
0.142219
-0.115471
-0.0619789
0.227035
0.166817
0.0216003
0.160853
-0.196752
-0.115763
-0.0316425
0.110953
-0.115049
0.171232
-0.0303715
0.0242302
0.163103
0.1281
-0.00633597
-0.109404
0.206791
-0.164318
0.102475
-0.150668
0.156457
-0.0169951
0.156889
-0.051724
-0.0253408
0.141788
0.164159
0.222926
0.00325983
0.0639918
0.0460236
-0.0181063
0.15625
0.0305533
0.146332
0.192475
0.0380035
0.062193
0.117111
-0.201653
-0.052116
0.0843579
-0.00147918
-0.147118
-0.176084
-0.179218
-0.0748681
0.0352534
0.0653265
-0.127235
-0.132415
0.129995
-0.184741
0.173489
-0.0143748
0.0381658
0.0405095
-0.0731249
-0.163704
-0.241351
0.138507
0.109805
-0.10502
-0.161452
-0.0961322
0.0679159
0.104906
-0.149089
0.0652407
-0.0581372
0.1076
-0.072858
-0.0867826
0.166877
0.0749747
-1.46567e-05
-0.0416154
-0.142418
-0.056362
-0.158005
-0.0738635
-0.079406
-0.0203236
0.0666594
0.149086
0.0249815
0.113545
0.10185
-0.201742
0.215813
0.21864
-0.0165296
0.0921283
-0.0095761
-0.0432396
-0.155027
-0.000306129
0.154618
0.00363909
-0.0111122
-0.182084
-0.0656013
-0.146335
0.0226957
0.109663
-0.0196094
0.0241821
0.00642115
-0.194223
0.255228
0.0463028
0.00287383
-0.102593
0.00691879
-0.023898
0.0554954
0.0723285
0.190087
-0.16035
0.182594
0.129059
-0.0697366
0.0302267
0.136826
-0.18589
-0.0556858
0.161964
-0.0598017
0.0309577
0.0480159
0.0111133
-0.03851
-0.210272
0.115623
-0.0597666
-0.0485479
0.166827
-0.16318
0.0554821
0.0431231
0.10382
-0.253734
-0.00348699
0.23988
-0.0888178
-0.1287
0.139774
0.10702
-0.153332
-0.0576782
0.0845232
0.100709
0.0233705
0.030573
-0.0888968
0.195881
-0.124758
-0.135224
0.113245
-0.0106933
0.175367
-0.0412457
0.0478692
-0.135682
0.108946
0.133518
-0.124462
0.155128
-0.144982
-0.165863
0.0290748
0.0997308
0.246933
-0.0913214
0.0521342
-0.123521
-0.13052
-0.0900822
0.257117
0.0839305
0.0162192
0.121536
-0.0984228
-0.0705448
0.00927281
-0.0935332
0.0713079
0.134214
-0.0356783
-0.181403
-0.254511
-0.176779
0.0604596
-0.184438
-0.0038021
0.216725
0.108224
-0.0455272
0.0465314
-0.187733
0.00682913
-0.0333649
-0.197957
-0.153357
0.0390211
0.199569
0.116266
-0.105012
0.134287
-0.0289
-0.0727683
-0.208996
-0.144864
-0.0134444
-0.142583
0.00640624
-0.0627534
-0.0946299
-0.209165
-0.111038
0.138479
0.0461079
0.222922
-0.130908
0.0877182
-0.120226
-0.125026
-0.133033
-0.00819807
0.154289
0.189198
-0.0269874
0.0570251
-0.062465
0.225497
-0.0561261
0.133754
-0.0869833
-0.042847
0.0541026
0.0775841
0.222499
-0.0787517
-0.126401
0.00826858
0.121156
0.131995
0.00513973
-0.0136788
-0.0701245
-0.0980244
0.192731
-0.166766
0.196707
0.0277599
-0.103278
0.0916531
0.166136
0.0648866
0.0432441
-0.166086
-0.178902
0.188969
-0.0359636
0.0611387
0.0478772
-0.128342
0.144765
-0.105125
0.0368171
0.0918036
-0.124114
-0.0388474
0.109296
-0.0336536
-0.064904
-0.212083
0.0122998
0.0624308
-0.0892712
-0.0450547
-0.168867
-0.0779799
-0.0710014
-0.0568538
0.00166292
0.0219257
0.11799
-0.0179347
0.049109
0.0789174
0.189202
0.16703
-0.166711
-0.174663
0.196901
-0.102578
0.0198708
0.177555
0.0560365
0.0948389
0.0665321
-0.04875
0.177888
-0.241629
0.172997
0.191532
0.0803212
0.00140574
888888
0.146148
0.0738821
0.170552
-0.106854
0.15705
-0.0708617
0.0554423
-0.0583677
-0.0660822
-0.207768
0.0797263
0.100524
-0.0274673
-0.0799184
-0.125511
-0.0510284
0.154364
0.160469
-0.147891
-0.146696
-0.0340811
-0.0543543
0.0959007
-0.1191
-0.0685784
-0.0724434
0.177837
0.189648
-0.158564
-0.18313
-0.0324675
0.209602
0.049943
0.0482496
0.0479813
0.0551672
0.0435875
0.0586613
0.0553184
0.0616519
0.0616015
0.0566226
0.0528745
0.0534553
0.0511585
0.0441989
0.0575294
0.0405319
0.0465939
0.0606199
0.0533575
0.0458333
0.0598305
0.0501219
0.0529639
0.0440673
0.0488462
0.0563591
0.0436331
0.0481918
0.0580719
0.0492397
0.0462436
0.0512478
0.047897
0.0472388
0.0481026
0.0533708
0.04381
0.0498478
0.0491459
0.040072
0.055891
0.0504411
0.046953
0.0520499
0.0507027
0.0427998
0.0517294
0.0456692
0.0536775
0.0489363
0.0613239
0.0589902
0.0460706
0.0510935
0.0432685
0.0454436
0.0538854
0.0448948
0.0443253
0.0423423
0.0568304
0.053466
0.0491488
0.0463911
0.0444904
0.0576401
0.0502129
0.0464653
0.0533509
0.0492097
0.0435182
0.0558909
0.05454
0.0488632
0.0456097
0.0512654
0.0527036
0.0487409
0.0532589
0.0441942
0.0464653
0.0684678
0.044951
0.0518618
0.0470176
0.0512059
0.055686
0.0455162
0.0435878
0.064605
0.0564443
0.0559678
0.0489555
0.0538451
0.0476671
0.0385059
0.0529375
0.0559411
0.0534069
0.0447687
0.0631931
0.0466102
0.0507846
0.0520174
0.0557516
0.0466117
0.0540145
0.0609171
0.040781
0.0500177
0.0463011
0.0478944
0.0405006
0.0600562
0.0542845
0.0384532
0.0508598
0.0469903
0.0497251
0.0455953
0.0442857
0.0510181
0.0433525
0.0569746
0.0500223
0.0564384
0.0557518
0.0536525
0.0525372
0.0608061
0.0509097
0.0480095
0.0488404
0.0472845
0.0557611
0.0554389
0.0524694
0.0490416
0.0450727
0.0538666
0.0488796
0.0465135
0.0470233
0.0540838
0.0456045
0.0610418
0.0529072
0.0479887
0.0496705
0.0563591
0.0434599
0.0546157
0.0517916
0.041049
0.0529487
0.044018
0.0540454
0.0373938
0.0429333
0.0461769
0.0532307
0.0577712
0.0530832
0.0494644
0.0415756
0.0493131
0.0475359
0.046995
0.0596046
0.0464454
0.0585006
0.0484727
0.0528507
0.0410794
0.0681263
0.0465418
0.0458631
0.0514308
0.0506904
0.0561632
0.045257
0.0446153
0.0566997
0.064529
0.0471257
0.0567383
0.0475798
0.0473498
0.0484575
0.049574
0.0483519
0.0507115
0.0532579
0.0506286
0.0533815
0.060823
0.0470615
0.0610064
0.0502884
0.0433031
0.0543127
0.0541523
0.0502856
0.040319
0.051646
0.0558487
0.0469787
0.0552896
0.049597
0.0481556
0.0379737
0.0631281
0.0646325
0.0569458
0.0569654
0.0514045
0.0419446
0.0471029
0.0457459
0.0543953
0.046608
0.0476353
0.0417862
0.0495975
0.0475997
0.056503
0.0534131
0.0495192
0.0459559
0.0533354
0.0382878
0.0497268
0.0548819
0.0481047
0.0569368
0.0499557
0.0457767
0.0598396
0.0488012
0.0501479
0.0503835
0.0499275
0.0475761
0.0581422
0.0473153
0.0482199
0.0496371
0.0589819
0.0551153
0.0634287
0.0491569
0.0463227
0.0559912
0.0504828
0.055043
0.0427166
0.0504776
0.0392631
0.0499555
0.0522632
0.0552724
0.049334
0.0486675
0.0520585
0.0488407
0.0493547
0.0481855
0.0476591
0.0406225
0.0484737
0.0474179
0.0515966
0.0440814
0.048091
0.0486317
0.0517793
0.0544842
0.0392719
0.0472536
0.0461531
0.0599983
0.05242
0.0493073
0.0538867
0.0513835
0.053201
0.0433211
0.0614828
0.0455749
0.0536791
0.0530038
0.0457198
0.0522456
0.0638497
0.0435865
0.0600989
0.0412456
0.0457813
0.0544943
0.0412083
0.0461338
0.048798
0.040132
0.0501854
0.046023
0.045045
0.069829
0.059962
0.0575903
0.0434176
0.0483418
0.0513841
0.0495509
0.042387
0.0512659
0.0596623
0.0593442
0.053802
0.0473001
0.0472079
0.0503101
0.0436154
0.0426553
0.0473122
0.0513895
0.0626166
0.0439407
0.0371289
0.0645236
0.0418353
0.0467057
0.0428236
0.0410443
0.0517614
0.0431463
0.0482379
0.0587642
0.0523542
0.0539356
0.0447673
0.0509933
0.0591275
0.048996
0.0527215
0.0567902
0.047171
0.0460353
0.0461787
0.050132
0.050863
0.0477209
0.0512661
0.0598031
0.0488677
0.0476344
0.057463
0.0487608
0.06585
0.0488663
0.0555988
0.0483467
0.0460457
0.0495333
0.0478553
0.0414408
0.045738
0.0457803
0.0493093
0.0564396
0.0449153
0.0515231
0.0458909
0.0459561
0.0548997
0.0506983
0.0507731
0.045377
0.0425795
0.0455352
0.063069
0.0443866
0.0523066
0.0422766
0.0488857
0.0503386
0.0513942
0.0602173
0.0517989
0.0451635
0.0520143
0.0450938
0.0541056
0.0562657
0.0443813
0.0436584
0.0485538
0.0492641
0.0539066
0.0553971
0.0522668
0.051119
0.0428272
0.0473301
0.0426705
0.0471772
0.0486454
0.045128
0.0471828
0.0489233
0.0471302
0.0655069
0.0526635
0.0443822
0.0538436
0.0492348
0.0574025
0.0490835
0.057808
0.0483223
0.0494323
0.0513648
0.0486468
0.0439312
0.0526346
0.046311
0.0425224
0.0420813
0.0464267
0.0547347
0.0520165
0.064045
0.0417171
0.0440851
0.0536045
0.0614263
0.0512429
0.0515328
0.0514033
0.0492738
0.0526812
0.0464027
0.0657283
0.0512822
0.0518904
0.0538807
0.0464182
0.0470576
0.0570946
0.0534531
0.0525178
0.0542854
0.0473799
0.0537783
0.0501314
0.0441476
0.0519187
0.044212
0.0528015
0.0459502
0.0550963
0.0566496
0.0463094
0.0536894
0.0468261
0.0549849
0.0587857
0.0603364
0.058941
0.0540533
0.0487387
0.0468515
0.0552926
0.0460143
0.0560396
0.0500474
0.0468802
0.0436725
0.0448918
0.0465179
0.0520823
0.0548621
0.048626
0.0559251
0.0456595
0.0541277
0.0489223
0.0399307
0.0417578
0.0545875
0.0476922
0.0552985
0.0423931
0.053995
0.0554272
0.0477433
0.0438802
0.0525078
0.0410671
0.0485048
0.0513387
0.0510562
0.0497976
0.0474419
0.0460583
0.0432288
0.0468282
0.0489436
0.0536797
0.0595894
0.0498257
0.0498785
0.0642302
0.0481294
0.0490859
0.0545406
0.0504853
0.0456287
0.0434135
0.0450692
0.0540171
0.0516551
0.0551628
0.051241
0.0431651
0.0467378
0.0510604
0.052459
0.0401066
0.0510307
0.047655
0.044026
0.0480776
0.0421966
0.0446307
0.0583849
0.0396587
0.0495137
0.0562281
0.0471191
0.0533558
0.0550649
0.047072
0.0525416
0.0525425
0.057527
0.0385679
0.0468786
0.0422971
0.0486617
0.0543471
0.0585041
0.0509412
0.0497468
0.0476935
0.0438102
0.0495116
0.0533064
0.057425
0.0511286
0.0441275
0.0464876
0.0497235
0.0569712
0.0587957
0.049852
0.043264
0.0504718
0.0460088
0.0483763
0.0414638
0.0564466
0.0541715
0.0530431
0.0546929
0.0488576
0.0447266
0.0433527
0.0469356
0.0610623
0.0504077
0.0464727
0.0570733
0.0357579
0.0521599
0.0448953
0.0441817
0.0513416
0.0457519
0.0484934
0.0422512
0.0435228
0.0494843
0.053362
0.0425222
0.0517117
0.0431074
0.0519132
0.0460588
0.0446445
0.048363
0.0430727
0.0472482
0.0488164
0.0481303
0.0507887
0.0465402
0.0548528
0.0553216
0.0483533
0.0465822
0.0517432
0.0514092
0.0609256
0.0574698
0.0478915
0.048241
0.0383212
0.0475535
0.0489846
0.0512151
0.0539686
0.0524333
0.0440077
0.0455048
0.0587262
0.0625285
0.0514442
0.0494728
0.0481939
0.0584253
0.0556026
0.0490541
0.0470196
0.0438966
0.0490293
0.0458817
0.0453935
0.0480449
0.0463087
0.0580484
0.0563119
0.0418586
0.0464809
0.0389283
0.0500422
0.0506671
0.0514053
0.0556611
0.0493227
0.0500135
0.055802
0.0476211
0.0565021
0.0489017
0.0500643
0.0443372
0.0590003
0.0592511
0.054836
0.0402093
0.0581396
0.051508
0.056403
0.046627
0.061674
0.0523081
0.0480091
0.0472773
0.0541184
0.0545245
0.0488698
0.0515682
0.0499713
0.0564311
0.0565938
0.0567499
0.0441125
0.0475778
0.0534807
0.0535027
0.0405644
0.0414981
0.0460173
0.0485492
0.0425866
0.050496
0.0490993
0.0571806
0.05154
0.0504356
0.0413459
0.0514554
0.05749
0.0540874
0.0519199
0.066314
0.0504755
0.0446954
0.0530661
0.0482097
0.0501898
0.050702
0.0469324
0.0509111
0.0513121
0.0476267
0.0544249
0.0458563
0.0592764
0.0471635
0.049286
0.0480079
0.0437313
0.0449025
0.0554966
0.0473515
0.0551625
0.0565754
0.0511237
0.0512088
0.0578832
0.0469001
0.0451235
0.0465759
0.0383971
0.0482302
0.0502984
0.049681
0.0509531
0.0577741
0.047822
0.0497987
0.0462232
0.0505601
0.0598134
0.0562925
0.045617
0.0525915
0.0508528
0.0565338
0.0529554
0.042088
0.0521137
0.0485639
0.0528451
0.0470598
0.0582224
0.0541614
0.0434104
0.0450316
0.04076
0.0551587
0.050881
0.0523443
0.0411548
0.0514527
0.046433
0.0499905
0.050986
0.0582193
0.0485564
0.0422215
0.0541268
0.0494099
0.0633774
0.0431842
0.0548467
0.0549638
0.057241
0.0499905
0.0446445
0.0527237
0.0510549
0.05015
0.0570477
0.0468798
0.0530477
0.0525198
0.0536058
0.0443613
0.0561755
0.052605
0.049705
0.0527192
0.047552
0.0493017
0.0545936
0.0488433
0.0470558
0.0532078
0.0554142
0.0463443
0.0521848
0.0563666
0.0506266
0.0487913
0.0458347
0.0477161
0.0549963
0.0454322
0.0530245
0.0467148
0.0504792
0.0456285
0.0534358
0.0490767
0.0429156
0.0590555
0.0510809
0.0467854
0.0557206
0.0516924
0.0515112
0.056714
0.0472303
0.055324
0.0506903
0.0689151
0.0521713
0.055325
0.0490111
0.052231
0.0542571
0.0438229
0.0495414
0.0540991
0.0542837
0.0506985
0.0511101
0.050734
0.0546941
0.0494909
0.056537
0.0587882
0.0524743
0.0548834
0.0426739
0.0496976
0.0537973
0.0650908
0.0556405
0.0422499
0.0534642
0.0434041
0.056368
0.0492772
0.0451857
0.0445538
0.0548755
0.0460786
0.0440392
0.0553436
0.0469874
0.0554035
0.0593746
0.0564146
0.0493447
0.0542311
0.0451883
0.0454733
0.0480775
0.0522729
0.0396319
0.0503223
0.0534403
0.0516595
0.0427678
0.056292
0.053473
0.0499915
0.0510967
0.0483328
0.062419
0.0502298
0.0422963
0.0397611
0.0556389
0.0488843
0.0507278
0.0543735
0.0510284
0.0508714
0.0562843
0.0445804
0.0564898
0.0528317
0.0428323
0.0480507
0.0444977
0.0507441
0.0477897
0.0478864
0.0500725
0.0482494
0.051259
0.0470536
0.0443665
0.0510758
0.052334
0.0508863
0.0440005
0.0520845
0.0480771
0.0585668
0.0595534
0.0463327
0.0574512
0.0467201
0.0501071
0.0453269
0.0486357
0.0504791
0.0454024
0.0523613
0.0501394
0.0500104
0.0493666
0.0536122
0.0430791
0.0444315
0.0377466
0.0478852
0.0604122
0.0456122
0.0452281
0.0444319
0.0574976
0.0475347
0.0500679
0.049713
0.0509375
0.0410728
0.0454185
0.0497104
0.0471102
0.0492992
0.0633299
0.0556374
0.0554577
0.0601104
0.0486541
0.0481483
0.0539883
0.0482354
0.044556
0.0525349
0.0501019
0.0431346
0.0534314
0.0460746
0.0507519
0.054352
0.0539218
0.0621903
0.0485389
0.050147
0.0497195
0.0466839
0.06689
0.0475618
0.0575705
0.0413646
0.0508971
0.0494598
0.0549903
0.0517408
0.0553916
0.0438886
0.0407062
0.0577299
0.0497057
0.0600304
0.0498824
0.0439556
0.0602953
0.0498479
0.0506171
0.0442734
0.0404619
0.047481
0.0466733
0.0553101
0.0562989
0.0462859
0.0478068
0.0445573
0.0531826
0.0582175
0.044931
0.0443509
0.0481747
0.0546741
0.059859
0.0515497
0.0566344
0.0457239
0.0546002
0.0449611
0.0471366
0.0512056
0.0450594
0.048156
0.0529746
0.0472238
0.0501771
0.0530554
0.0557717
0.0419645
0.0524487
0.0526354
0.0475239
0.0538881
0.0523891
0.0463185
0.0426295
0.0614719
0.0541549
0.0551558
0.042483
0.0539888
0.058899
0.0534382
0.0516822
0.0413628
0.0425849
0.0422054
0.0479043
0.0502537
0.0456613
0.0581034
0.0502159
0.0476864
0.0421903
0.0462796
0.0527741
0.0495835
0.05449
0.0497561
0.0443175
0.0462669
0.043169
0.0511501
0.0577867
0.0400954
0.0493022
0.0482169
0.0596792
0.0488282
0.0522048
0.0534735
0.0384722
0.0478576
0.043692
0.0430855
0.0435775
0.0589282
0.0422092
0.0398237
0.0512402
0.0453041
0.0473188
0.0518239
0.0452739
0.0562288
0.0484758
0.0411744
0.0491085
0.0436106
0.0517966
0.0423883
0.0510143
0.0571006
0.0439204
0.044834
0.0446076
0.0483945
0.0606588
0.052597
0.0659564
0.0510303
0.0546589
0.0522002
0.0548699
0.045324
0.0487171
0.0491286
0.0495033
0.0644801
0.0459003
0.0506725
0.0479819
0.0473282
0.0546286
0.0505416
0.0435152
0.0555168
0.0533752
0.0509259
0.0483282
0.0523194
0.0549357
0.0496062
0.0422603
0.0493118
0.04097
0.0474669
0.0580452
0.0603208
0.0510389
0.054308
0.0394184
0.0507695
0.0446202
0.040003
0.0591967
0.0572241
0.059711
0.0562756
0.0571461
0.0499035
0.0527909
0.0567638
0.0533967
0.0531295
0.0429141
0.0636451
0.0504244
0.0532147
0.0557894
0.0424731
0.0489425
0.0452911
0.0581326
0.0501428
0.0467763
0.0515422
0.0401664
0.0519113
0.0527221
0.0466639
0.0546
0.053443
0.0579424
0.0480807
0.0482268
0.0514303
0.0534438
0.0430587
0.0561742
0.0529327
0.0521657
0.0512666
0.0473146
0.0531361
0.0457846
0.0510426
0.0695788
0.0500996
0.0622416
0.0546537
0.0545666
0.0585183
0.0474228
0.0469133
0.0633915
0.0433129
0.0453729
0.0446242
0.0458481
0.0416857
0.0441295
0.0459039
0.0598619
0.0433069
0.0473536
0.0552615
0.0630976
0.0583751
0.0443926
0.043697
0.0568331
0.0457267
0.0506877
0.0524919
0.0609879
0.0553839
0.0442902
0.0527482
0.0427687
0.0478945
0.0496634
0.0480139
0.0597534
0.0385166
0.0491019
0.0529197
0.0561829
0.0457451
0.0523466
0.0509482
0.0402783
0.0522693
0.0546214
0.0447635
0.0502608
0.0426401
0.0511812
0.0477151
0.0490503
0.0520912
0.0524322
0.0467082
0.0436601
0.0600725
0.0399642
0.0654982
0.0516549
0.0519513
0.0503803
0.0518551
0.0544224
0.0499787
0.0454801
0.0446144
0.0468592
0.0616766
0.0515526
0.0443929
0.0535928
0.0528387
0.0463473
0.0481631
0.0510638
0.0417295
0.0491599
0.0444627
0.0546427
0.0495799
0.0578783
0.0540951
0.0554528
0.0541689
0.0493451
0.0493781
0.0461045
0.0574939
0.056547
0.0477543
0.0564107
0.0438752
0.0561551
0.046475
0.0485405
0.0553673
0.0432161
0.0549076
0.0405138
0.0520855
0.0486438
0.0445151
0.041718
0.0540763
0.0516378
0.0487633
0.0505363
0.0485141
0.0505335
0.0525481
0.0508738
0.0467768
0.0544112
0.0441286
0.0542653
0.047404
0.0514824
0.0557013
0.0548771
0.0426502
0.0521816
0.04153
0.049842
0.0458459
0.0529603
0.0562673
0.0633425
0.0492871
0.0466407
0.0609235
0.043151
0.0515837
0.0475122
0.0452051
0.0432291
0.0618769
0.0489554
0.0453248
0.0427022
0.0398395
0.056874
0.0487785
0.0535549
0.0519825
0.0526667
0.0535409
0.037906
0.0543159
0.0557365
0.049417
0.0516752
0.0462257
0.0502364
0.0448303
0.0462105
0.0594391
0.0485363
0.0573875
0.0469924
0.054811
0.0531994
0.0470614
0.0479834
0.0533229
0.0614582
0.0516297
0.0513556
0.0478123
0.0515344
0.0446843
0.0487922
0.0538538
0.0590087
0.0506786
0.0589974
0.0524551
0.0496141
0.0624534
0.0450333
0.0508178
0.0460111
0.0487902
0.0420745
0.052343
0.045994
0.0474925
0.0475346
0.0513307
0.0581468
0.0507107
0.0509299
0.0496693
0.0502982
0.0539228
0.0443247
0.0545743
0.0431853
0.0508809
0.066199
0.0439634
0.0510807
0.0444268
0.0382501
0.0488459
0.0567239
0.0540729
0.0531385
0.0417584
0.0438764
0.0498665
0.0416219
0.0486395
0.0511142
0.045543
0.0564714
0.0471289
0.0641205
0.0523874
0.0522953
0.0520764
0.0516174
0.0431417
0.0361672
0.0481644
0.0558725
0.0367519
0.0458875
0.051197
0.0509946
0.0498973
0.0430122
0.0429594
0.0518308
0.0509663
0.049628
0.0541815
0.0449908
0.0443183
0.0517105
0.0563423
0.0456524
0.0448953
0.0574075
0.045755
0.0516377
0.0451542
0.0466253
0.0481806
0.0507521
0.0501989
0.0437664
0.0379416
0.0593743
0.048445
0.0564027
0.0530789
0.0453118
0.0567999
0.0500086
0.0525095
0.0721603
0.0510919
0.0490123
0.0477296
0.0488748
0.0513633
0.0461178
0.0552449
0.0478222
0.0544733
0.0485143
0.0419418
0.0426333
0.0512271
0.0464676
0.0409786
0.0536561
0.0452402
0.0568023
0.0599124
0.0516921
0.0548047
0.050611
0.0521901
0.0510772
0.0512712
0.0464351
0.0538314
0.047764
0.0496983
0.0487325
0.0547718
0.0435468
0.0488918
0.0498021
0.0458336
0.048286
0.062301
0.0510453
0.0461883
0.0503894
0.0565133
0.0480834
0.0593669
0.0549246
0.0481316
0.0575163
0.0457732
0.0427242
0.0600983
0.0540846
0.0548946
0.0463447
0.0371562
0.0673056
0.0468499
0.0512319
0.0491121
0.0451299
0.054866
0.0460141
0.0514598
0.0557803
0.0447507
0.0550339
0.0492962
0.0533283
0.0516418
0.0500476
0.0496914
0.0516705
0.0391843
0.0569786
0.0428621
0.0408771
0.0491874
0.0528494
0.0683745
0.0481918
0.0584235
0.0490912
0.0436804
0.0468651
0.0509411
0.0424501
0.0501594
0.0534711
0.0554482
0.0443375
0.0614396
0.0588795
0.0500565
0.05351
0.0625796
0.0513135
0.0463629
0.0502709
0.0537309
0.0477685
0.0465942
0.0550998
0.0468864
0.0529049
0.0411122
0.0511658
0.0455473
0.0477231
0.0437051
0.0553226
0.0571384
0.0575474
0.0587892
0.0401379
0.0522929
0.0497515
0.0616025
0.050232
0.0463602
0.0518487
0.0598749
0.0475937
0.0519658
0.0551647
0.0502099
0.0541205
0.061354
0.0538643
0.0528675
0.0515091
0.0464296
0.046546
0.0465479
0.0477922
0.0375548
0.0421965
0.0519658
0.0520984
0.042605
0.0431089
0.0501482
0.0469223
0.0488813
0.0390591
0.0501459
0.0493305
0.0432575
0.0494961
0.0549965
0.0550692
0.0538938
0.0496831
0.0459407
0.0446836
0.0504258
0.0472249
0.0481406
0.0494623
0.0551639
0.0568903
0.0458496
0.0547517
0.0507353
0.0502757
0.0547447
0.040665
0.0453125
0.0507686
0.0502567
0.045917
0.0489204
0.0533864
0.0441952
0.0557345
0.0487547
0.0465944
0.0429752
0.059299
0.0493392
0.0490361
0.0503318
0.0501199
0.0547157
0.0536674
0.0473527
0.0466854
0.0522571
0.0393117
0.0464274
0.0471025
0.0585441
0.0534066
0.05182
0.0489508
0.0448197
0.0481902
0.056178
0.0494417
0.0556694
0.0528688
0.049048
0.0528454
0.0525514
0.0454192
0.0453975
0.0561692
0.0505046
0.0449076
0.0435964
0.0463579
0.0500937
0.0629174
0.0589313
0.0376297
0.0560711
0.047885
0.0557411
0.054234
0.0519645
0.0492888
0.052792
0.0507423
0.046699
0.0518792
0.0446468
0.0543679
0.044754
0.0483689
0.0559094
0.0407702
0.0515781
0.0452083
0.0462042
0.0403136
0.0438891
0.0480061
0.0396041
0.0427111
0.0552086
0.0531957
0.060138
0.05
0.05
0.05
0.05
0.05
0.05
0.05
0.05
0.05
0.05
0.05
0.05
0.05
0.05
0.05
0.05
0.05
0.05
0.05
0.05
0.05
0.05
0.05
0.05
0.05
0.05
0.05
0.05
0.05
0.05
0.05
0.05
777777