1.46658
999999
0.498758
-0.0126688
-0.157227
0.103266
0.189489
-0.133266
0.118425
-0.192747
-0.0049245
-0.357707
0.167184
-0.144321
0.120062
0.0866113
0.258662
0.113516
0.143595
-0.151961
0.404084
0.234372
0.203528
0.115274
0.40124
0.25356
0.182802
0.222191
-0.391961
-0.466764
0.359776
0.243671
0.171199
0.419129
-0.0314763
0.0574223
0.0921177
0.233818
0.0170005
0.0161789
0.0660848
0.105643
-0.0797389
-0.231121
0.102808
-0.201789
-0.101836
0.0548109
0.145593
0.110365
-0.0369841
0.06302
-0.283746
-0.095509
0.191618
0.0933668
0.0349828
-0.164745
0.0104835
-0.178603
0.203454
0.0494654
0.0787317
-0.0902646
0.101293
-0.161875
0.0493772
-0.159574
-0.175413
-0.0729567
0.192033
0.230218
-0.0877857
0.0702666
0.0332245
-0.149593
0.186242
0.0435809
-0.00794734
0.0911203
0.288229
0.0903803
-0.000370198
-0.069557
-0.194049
0.142744
0.106136
0.0878595
-0.201205
-0.126436
0.214884
0.0124298
-0.104635
-0.258898
-0.0811932
0.0278131
-0.114229
0.190107
-0.0808503
-0.0312904
-0.0472602
-0.0818168
-0.259767
-0.00233363
0.273504
0.0169801
-0.105348
0.193714
-0.08147
0.123033
-0.0682528
0.237154
0.192829
-0.034681
0.026445
-0.0148576
0.276097
-0.0539845
-0.0706347
0.00810632
-0.139444
0.0675781
-0.0247651
0.132284
0.0495059
-0.0846775
0.0026272
0.139217
-0.201131
-0.0409177
0.175016
-0.0217525
0.265873
-0.0324429
-0.0313139
0.00319132
-0.317292
0.193067
-0.0272313
-0.118414
0.0527162
0.10722
0.128553
-0.0928475
0.0843968
-0.182117
0.133022
0.067312
-0.0617748
-0.157217
-0.130099
-0.17847
0.103426
-0.0842552
0.128149
0.123144
0.185328
-0.0705951
0.00189355
-0.12777
0.108207
-0.18958
0.00128158
0.0741047
0.196564
-0.188865
-0.233517
-0.0711142
0.256818
0.143082
0.0961694
-0.187645
-0.153703
0.0927918
-0.18174
-0.0933681
0.089066
-0.300031
-0.0378496
-0.290546
0.132239
-0.235077
0.095696
0.162035
-0.0214973
0.0694339
-0.21172
-0.0601059
-0.207774
-0.0428339
0.0216486
0.181807
0.046994
0.0866775
-0.316629
-0.0532213
0.218858
0.0920762
-0.0542034
0.00621206
-0.0539671
-0.0976512
-0.0759043
-0.107127
-0.0372172
-0.0857853
-0.339546
0.0517488
-0.0576386
0.0413371
0.0720091
0.0400269
-0.116411
-0.15136
-0.153189
0.207615
-0.229431
-0.159151
0.163052
-0.115106
0.321852
-0.0340203
0.163274
-0.0187949
0.119718
0.215967
-0.181651
-0.128061
0.121305
0.196459
0.156495
-0.16174
-0.16667
0.0550423
-0.0892422
-0.156493
-0.180177
-0.106399
0.00863716
-0.211671
-0.0872574
0.062401
-0.0647898
0.102079
-0.0351341
-0.167554
-0.105667
0.0193151
-0.0475488
-0.211739
-0.183006
-0.111092
-0.00851696
-0.0806165
0.105538
-0.169904
-0.0107924
0.0948567
-0.128319
-0.0253374
0.0969522
0.154445
0.0676154
-0.144952
-0.134406
-0.038846
0.174498
-0.210188
0.23737
0.155327
-0.0188529
-0.0417896
-0.092639
0.154376
-0.284852
0.0102703
0.17102
0.0144459
0.0668838
-0.219281
0.180774
0.225915
-0.115104
-0.00109422
0.105499
0.0742083
0.152065
-0.0316564
-0.123218
0.239291
0.0769308
-0.0470612
-0.244925
-0.170799
-0.173235
0.0202638
-0.00267876
-0.105246
0.00773468
-0.120188
0.0251056
0.110058
-0.045815
0.212905
-0.261368
0.106149
-0.0748799
-0.318448
-0.0776635
-0.170053
0.00880242
-0.0115605
0.0673239
0.0855318
-0.107267
-0.137212
0.100376
-0.156683
-0.0680552
-0.110513
-0.204382
-0.145047
0.00281016
0.0870956
-0.173127
0.150691
0.0101781
-0.0937196
0.0732742
0.234636
0.00201689
0.0736421
-0.0484218
-0.00505071
0.16695
0.143599
0.0497445
0.161543
-0.185031
-0.105366
-0.068943
-0.0301615
-0.0469868
-0.125561
-0.0904378
0.201573
0.168357
-0.079872
0.11198
0.321492
0.121064
0.0260124
-0.231391
0.0259022
-0.0404216
-0.142874
0.153635
0.118195
0.19059
0.0292726
-0.0680136
-0.17451
-0.0967837
0.0236563
0.142058
-0.0530202
-0.0188494
-0.0803075
0.235656
-0.103343
-0.0449221
-0.0477807
-0.12437
0.0330295
-0.151146
0.00376636
0.142676
-0.101026
0.129401
0.0131761
0.0192119
0.0424542
-0.270751
0.0211856
-0.046654
0.207284
0.113924
0.0807616
0.189061
0.00114871
0.034122
0.104282
-0.224316
-0.0317339
0.052779
-0.0578189
0.0317368
0.230229
-0.12638
-0.127527
-0.24701
0.110948
0.104161
0.33094
-0.155779
-0.0182604
0.158793
0.18459
0.108449
0.0187537
-0.0342665
-0.110713
-0.20936
0.186584
-0.124766
-0.100232
0.194617
0.0350246
-0.0456354
0.0108922
0.103802
-0.0678593
-0.0861394
0.174546
0.127397
0.196385
-0.131009
-0.0880198
0.0616005
-0.0607561
-0.05334
-0.068848
0.037318
-0.144935
0.0923844
-0.115878
0.0163338
0.208698
-0.0853529
-0.197061
0.20314
-0.220354
0.0814089
-0.226384
0.209023
-0.16522
0.0357327
0.152727
0.184617
-0.00939075
0.150387
-0.0413375
0.13692
-0.0228506
0.243101
0.168958
0.0890048
-0.133984
-0.000141951
-0.0197694
0.10561
-0.187314
-0.211034
-0.154792
-0.0557087
-0.046145
0.111955
0.124737
0.187906
0.215629
-0.0611114
0.11511
-0.0720557
-0.0686833
0.046136
-0.0748901
0.204831
0.202402
-0.203497
0.117831
-0.0727117
0.167189
0.18147
-0.0809339
0.0400292
0.00821692
-0.0749222
0.00751412
0.161623
-0.14605
0.189801
0.0174559
-0.0242064
-0.0558805
0.179273
-0.00623498
0.00513279
-0.0271938
0.0716605
0.106449
0.166818
0.201548
0.0219806
0.218463
0.159322
0.0914845
0.039513
0.0104362
0.00336557
0.0659072
0.300374
0.205447
0.172488
-0.180567
-0.0511768
0.097105
0.022778
-0.112525
0.0256448
0.188516
0.13504
0.160099
-0.0167803
-0.0356292
0.18575
0.0770954
0.0818567
0.0846679
-0.129915
0.0612197
0.0795442
0.0797847
-0.0100755
-0.231692
0.143639
-0.0442947
-0.201934
0.362521
0.0525595
-0.0688429
0.0555781
-0.289661
0.35212
-0.0104642
-0.119145
0.00415532
0.0889598
0.216718
0.0397598
0.0332753
0.0762492
0.180295
-0.230993
-0.110363
-0.195141
0.168097
-4.86844e-05
0.190329
-0.0375263
0.107408
0.172211
0.154046
0.00233156
-0.00681342
0.0940058
0.124028
-0.0343346
0.0780453
-0.00212593
0.0831639
0.0449949
0.0323148
-0.0547847
-0.17885
-0.0153248
0.00671596
0.261956
1.91098e-06
0.159519
0.0462296
-0.0828461
-0.171495
0.149958
-0.0322845
0.193844
0.113309
0.0861795
-0.0636078
0.247221
0.0648699
-0.261824
0.214309
0.205467
0.237938
-0.108809
0.0876975
-0.237647
0.0990367
0.221961
0.25296
0.0548131
-0.0419282
0.113221
-0.0219043
0.0798372
-0.231986
0.167914
-0.196293
0.0790108
0.0849159
0.00317571
-0.304863
0.335551
-0.104291
0.0511311
0.277662
0.150281
0.0718425
-0.231005
0.220695
0.111445
0.190884
0.145587
-0.206097
-0.0532683
-0.13208
0.209393
-0.0476335
0.223217
0.129423
-0.0377867
0.122365
0.197344
0.117092
0.0486432
-0.0184378
-0.396999
-0.12054
-0.0838554
0.1557
0.328717
0.0992666
0.0277841
-0.0781285
0.188339
-0.152015
-0.20863
-0.171273
-0.0452841
-0.0552954
-0.037891
-0.114773
-0.0202499
-0.0386819
-0.282821
-0.00399952
-0.290829
0.105693
0.120617
-0.0550494
-0.190167
-0.10179
0.134382
-0.176336
0.0261412
0.185896
0.0455316
0.0666347
0.213806
0.0294417
0.0227684
-0.0473019
-0.0188788
0.0513398
0.152965
0.180939
0.109632
0.0170382
-0.0642357
-0.103111
0.100628
0.125486
-0.0864737
0.0720485
0.11639
0.194148
0.23159
-0.0397602
0.168695
-0.0751365
0.169689
-0.0871922
0.0996494
-0.141578
0.0440106
0.0561078
-0.0360437
-0.00692616
0.160018
-0.145711
-0.0348004
0.228481
0.153238
-0.0266005
0.14429
-0.234418
0.13639
-0.164132
0.169261
-0.0384465
0.259697
-0.0346427
0.0964707
-0.14196
0.101579
-0.19398
-0.0100438
-0.0306743
-0.288483
0.00493706
-0.0150945
0.137843
0.0506317
0.219126
-0.0322903
-0.0692048
0.151296
0.125175
0.231577
-0.0724075
-0.117267
-0.104897
-0.244837
0.0366235
-0.0687508
0.19282
0.230884
0.133743
-0.0712663
-0.0505118
0.194263
0.184932
-0.0939361
-0.00486274
-0.040068
-0.127407
0.0485592
0.0566957
-0.0252593
-0.0299761
-0.129593
0.153421
0.1707
0.200218
-0.218209
0.136802
-0.0721394
0.173479
0.153582
-0.209512
-0.180107
-0.107641
-0.189705
-0.0852188
-0.0741172
0.106659
0.0534243
-0.139147
-0.16231
0.178949
0.247176
-0.344677
0.13405
-0.0318666
0.0302452
-0.0498098
-0.137098
0.0169487
-0.0523086
0.114707
-0.0269068
-0.0508604
0.123899
-0.168149
0.159663
-0.134743
-0.0800259
0.0263078
0.0887981
-0.264838
0.128548
-0.00809959
0.140351
-0.163466
0.0418828
0.0068601
0.0459103
-0.030863
-0.163118
0.190927
0.0663412
-0.208064
-0.185725
-0.113634
0.0296706
-0.175889
-0.206695
-0.0936901
-0.0737276
0.0594602
0.214333
-0.301749
-0.167747
0.135253
0.0289194
-0.165001
0.147723
-0.228057
-0.054688
0.0474373
-0.0603918
0.110129
-0.115299
-0.153642
-0.0553879
-0.102013
-0.176328
-0.0848234
0.0170755
-0.0932644
-0.0623135
-0.0507601
0.164977
-0.0016133
0.0311126
-0.156554
-0.113762
0.210805
0.133144
-0.0742932
0.0879774
-0.132207
-0.121398
-0.2801
-0.11199
-0.00154222
-0.0429162
0.18083
0.115154
0.169988
-0.00710364
0.0443973
-0.188956
0.0522468
-0.170546
-0.173305
0.132609
0.121532
-0.198807
0.215139
0.210362
-0.0415843
-0.256631
0.0153574
0.0461291
-0.0779263
-0.0529515
0.104791
-0.213193
-0.0878978
-0.204744
0.0353229
-0.185366
-0.169542
-0.208928
-0.16296
0.127483
0.0493327
0.0399063
-0.233413
0.114459
0.120953
0.101227
-0.215681
-0.0809953
0.0161669
0.07015
-0.10186
0.0926408
0.319081
0.0686703
0.18103
0.015098
0.154353
0.268244
0.00250526
-0.150589
0.183399
-0.118934
0.0972211
-0.155183
-0.0706793
-0.03879
-0.130539
-0.0695527
-0.119319
0.0850631
0.0837259
0.0741997
0.0717792
0.133894
-0.0083098
-0.0327809
-0.0560432
-0.21678
-0.0485939
0.159856
0.0430524
-0.234493
0.108639
0.0383394
-0.161623
-0.046363
0.0886508
0.221731
0.212091
-0.211951
-0.157677
-0.171803
-0.175019
-0.184439
-0.0890786
-0.214921
-0.0459494
-0.176165
0.163241
0.0530021
0.249008
-0.113127
-0.132398
0.00412078
0.0798315
-0.0779992
-0.261244
-0.0719753
-0.072333
0.219792
0.160829
0.149976
-0.20479
-0.0183253
0.0909918
0.0729975
-0.243732
0.055067
-0.168425
-0.0821354
-0.102877
-0.0543651
0.140251
-0.0171243
0.0115269
-0.00960797
-0.0696887
0.204066
-0.0223607
0.0428274
-0.0537011
0.135355
-0.145498
-0.142594
-0.274741
0.0825401
-0.0461837
0.0723574
0.169546
0.0332265
0.121749
-0.165089
0.0708037
-0.196538
-0.027881
-0.0449747
-0.0818095
0.0872046
-0.16051
-0.00356883
-0.057354
-0.17609
0.164774
-0.247775
-0.0400604
-0.052117
-0.0707493
0.233632
-0.00286078
0.103767
-0.298391
-0.0763155
0.00367322
-0.0296401
-0.162422
-0.107001
-0.0113542
0.0760865
-0.0820882
0.0416513
-0.082919
0.0159937
-0.0499811
0.192748
-0.287448
-0.194718
-0.130231
0.0812901
-0.284166
-0.0344225
-0.105706
-0.175883
0.0290556
0.0680156
-0.231281
-0.211464
0.0522504
0.219125
-0.0434664
-0.208888
-0.0621577
0.0533963
0.193817
-0.181507
-0.0641106
0.0359018
-0.00748471
0.109635
-0.135089
0.070131
0.0678613
0.0975547
-0.187529
-0.251185
-0.173977
-0.210934
0.111461
0.189666
-0.0736708
0.0624216
-0.0854817
0.112146
-0.0449116
-0.0417452
-0.0499785
0.03519
0.180337
0.19704
-0.115884
0.110817
-0.115245
-0.133282
0.000806798
-0.0805772
0.0320649
-0.143059
0.235061
-0.165947
-0.0542992
-0.148185
-0.14975
0.0743775
-0.150328
0.286695
0.115776
-0.125028
-0.0433271
-0.105067
0.183707
-0.0400573
-0.00782213
-0.19049
-0.209363
-0.0999363
0.0619713
0.00611787
0.0380458
-0.107947
0.193227
-0.0964895
0.191654
-0.0622494
0.0293137
0.197843
-0.144315
-0.22125
0.0691472
0.169561
-0.121088
0.114558
0.0634337
-0.0906305
-0.0689317
-0.0719902
0.0256217
0.118301
0.130872
-0.117461
-0.078311
0.00771513
0.0522794
-0.0914853
-0.175977
0.191991
0.170215
-0.134085
0.148349
0.160877
-0.0929003
0.0113188
-0.141552
0.0524282
0.0579441
-0.0482181
-0.291007
-0.133718
-0.135581
-0.0612007
0.170507
0.0447145
-0.115668
0.196483
-0.118594
-0.0175267
-0.0495537
-0.12893
-0.164385
0.0144602
0.101456
-0.0368502
0.0396138
-0.0453134
0.0871639
0.162694
0.0307343
-0.0838267
0.222962
-0.150062
-0.232525
0.0636964
-0.297808
0.01014
-0.0394844
-0.0118981
0.25988
-0.197775
0.140437
0.159938
-0.105414
0.334837
0.0144987
-0.22679
0.125074
0.1053
0.044391
-0.0774079
0.0279006
-0.188346
-0.10079
0.0737488
-8.47284e-05
0.081576
0.166501
0.199828
-0.178783
0.114336
-0.0578132
0.148215
-0.00585515
0.0961277
-0.0414809
0.0294319
-0.0409535
0.146625
-0.171472
-0.136639
-0.110546
0.0881371
-0.0930832
0.138752
0.105177
0.100149
0.165558
0.0217878
0.0524833
-0.15938
-0.0800265
-0.00415566
0.15413
0.144672
0.202009
-0.148895
-0.0467091
-0.0119643
-0.10509
-0.070879
0.079218
-0.0908245
0.0666288
-0.0169406
-0.107082
0.193799
-0.0419885
0.0747743
0.0230704
-0.188471
0.208598
-0.104135
0.0302515
-0.00316493
-0.0133417
0.0615102
-0.0758219
-0.179586
0.0122321
0.242103
-0.0506222
-0.257211
0.319692
0.170711
-0.172668
-0.0549903
0.0913513
-0.130267
0.0740944
-0.152561
0.000428324
0.2072
0.0576813
0.232239
0.0539614
-0.214143
-0.0700736
0.0204147
0.211408
0.33729
0.0771702
-0.151352
-0.0252125
0.231769
0.0445873
0.0851895
0.218616
0.101296
-0.0420862
0.193779
0.0386612
0.0172637
-0.0916059
-0.136447
-0.164294
0.112009
0.0947879
0.0955885
0.11191
-0.24867
-0.0854444
0.265169
0.133097
0.0755927
0.173875
-0.0720958
0.00938021
-0.0627945
0.137384
0.0772114
0.164892
0.102199
0.2105
0.191758
0.196214
0.0939089
-0.162277
-0.103364
-0.0598213
0.0232457
-0.00932775
0.113496
-0.028336
0.0190603
0.301893
-0.123957
0.0900855
0.227717
0.202654
0.0435308
-0.104121
0.0314096
-0.0749868
-0.170355
-0.18514
-0.200212
-0.0606769
-0.271159
-0.0611961
0.136784
-0.176525
-0.17374
0.165159
0.314316
0.105964
0.0508925
0.313544
0.0649716
-0.15174
-0.048837
-0.167612
0.088026
-0.241321
-0.155797
-0.015093
0.0153097
-0.175129
0.19498
0.220903
0.0330754
-0.335824
-0.196983
0.10222
-0.117838
-0.0520683
-0.0325513
-0.11095
-0.0465376
-0.196567
-0.173875
0.112952
0.0209949
-0.100046
0.0301692
0.142557
0.146665
-0.0828683
0.275843
-0.242059
0.116523
-0.000265058
-0.0396058
-0.108931
-0.123011
-0.110323
-0.0823112
0.0463144
0.187342
-0.22269
-0.166189
0.0553326
-0.000439979
0.156565
0.156242
0.0040831
-0.127643
-0.148875
-0.0287272
0.0752781
0.11275
0.0661175
0.130532
-0.0825919
0.0435809
-0.0837343
-0.0150045
0.178214
0.0704946
-0.0553088
-0.169128
-0.0624191
-0.0727138
0.0610398
0.112383
0.17241
-0.0111748
0.19483
0.0624194
-0.237501
0.000809856
0.236212
0.197026
-0.044097
0.157149
-0.171433
-0.131549
-0.00815982
0.249659
-0.139111
0.107334
-0.0560014
0.0595923
0.0885582
0.0704553
-0.102895
-0.0856196
0.212532
-0.182705
0.177372
-0.167614
0.155819
0.0225438
0.209053
-0.131398
0.00489509
0.129228
0.141616
0.22596
0.0465554
0.00304977
-0.00548235
0.0391701
0.191405
-0.0960119
0.175455
0.137528
-0.00942857
-0.027022
0.126939
-0.198313
-0.00725418
0.0407536
-0.109872
-0.150384
-0.152248
-0.155463
-0.106119
0.0137883
0.10649
-0.145094
-0.123997
0.131616
-0.152338
0.195327
0.0168879
0.0525781
-0.0218692
-0.0994751
-0.164604
-0.204427
0.059195
0.139094
-0.0828555
-0.180432
0.0792926
0.0692679
0.0145362
-0.17277
0.0230745
-0.147155
-0.0648301
-0.107942
-0.0901708
0.113037
0.102099
-0.0264328
-0.0323145
-0.127998
-0.144793
-0.239434
-0.141606
-0.0692707
-0.0254344
0.0895313
0.156071
0.06211
0.0856077
0.15725
-0.129205
0.210232
0.246974
-0.104096
0.12644
-0.0296
-0.0892483
-0.14974
0.0339109
0.130041
0.00918038
-0.02459
-0.263698
-0.0613135
-0.164981
0.0155868
0.078746
-0.147087
0.019127
0.0565897
-0.208025
0.18408
-0.0390662
-0.0590383
-0.0410448
0.0148317
-0.0875685
0.0417411
0.0815536
0.168126
-0.288999
0.19199
0.162806
-0.12231
0.00426398
0.266743
-0.216867
-0.133581
0.198268
-0.0509958
0.0292002
0.0440389
-0.00659373
-0.117577
-0.212026
0.130569
0.073476
-0.0332172
0.203197
-0.220007
0.0804711
0.0172567
0.0917063
-0.181229
0.00933966
0.227171
-0.131266
-0.0750468
0.139597
0.0973974
-0.159131
-0.0436496
0.100171
0.0855401
-0.00432651
0.0749689
-0.10331
0.160676
-0.196453
-0.209422
0.202125
0.00531375
0.130071
0.0356345
0.0553832
-0.146625
0.0875066
0.12161
-0.110788
0.188275
-0.15743
-0.0266545
0.0466517
0.0337436
0.278671
0.0201651
-0.00934827
-0.14442
-0.0476423
-0.0915263
0.266907
0.0451615
-0.0244918
0.221455
-0.103238
-0.0952468
0.0302782
-0.0743672
0.00534997
0.192019
-0.0564953
-0.180679
-0.336763
-0.206875
-0.0303152
-0.16603
-0.0630877
0.161648
0.0985466
-0.0928708
0.12885
-0.244363
0.0798844
-0.0525852
-0.224203
-0.210142
0.0418025
0.231872
0.120351
-0.0731077
0.206137
0.0797467
-0.01561
-0.208841
-0.120249
0.00102079
-0.190877
-0.0790786
-0.0508512
-0.0972955
-0.169222
-0.0873433
0.20738
0.000743445
0.268797
-0.0869813
0.0988301
-0.176689
-0.139563
-0.0676479
0.0612922
0.158515
0.21823
0.0303425
0.0511486
-0.0977474
0.199917
-0.0946069
0.116181
-0.0921044
-0.0087259
0.0957309
0.0780064
0.275802
-0.0901436
-0.122607
0.0784776
0.204442
0.143108
-0.0473584
0.0420012
-0.0940389
-0.0544256
0.0961346
-0.119846
0.188782
0.0132302
-0.0899593
0.122378
0.231526
0.0951938
0.0609216
-0.139433
-0.21951
0.16796
0.0505141
0.0433816
0.0779458
-0.123706
0.158494
-0.0275487
0.0896913
0.128182
-0.123313
0.0305481
0.193029
-0.172736
-0.0492826
-0.233779
0.0122974
0.0179063
-0.0839731
-0.000109486
-0.163866
-0.000885131
-0.13039
0.009279
-0.0278866
0.00817425
0.0686535
-0.0710883
0.0486844
0.0104871
0.256829
0.184896
-0.149665
-0.134304
0.185506
-0.159669
0.0241617
0.106155
0.0413369
0.135683
0.0693253
-0.0506885
0.212203
-0.254566
0.194566
0.184668
0.136922
0.024808
888888
0.148884
0.0661196
0.160172
-0.115957
0.187333
-0.0682422
0.0513531
-0.072372
-0.0652193
-0.238803
0.0875596
0.106917
-0.0305025
-0.111277
-0.139403
-0.0485092
0.159474
0.163874
-0.173648
-0.140532
-0.035298
-0.0659942
0.104825
-0.113805
-0.0791065
-0.0606686
0.159989
0.167052
-0.183213
-0.175523
-0.0315535
0.222257
0.0552705
0.0431441
0.0403087
0.0598901
0.034577
0.0553187
0.0542033
0.0594047
0.0621129
0.0655363
0.0487678
0.0542383
0.0453759
0.044833
0.0603292
0.0381582
0.0436187
0.0620808
0.0579564
0.0438819
0.0656978
0.0437782
0.0561267
0.0406412
0.041344
0.0533548
0.0466589
0.0493153
0.0547564
0.0476454
0.0449534
0.0480003
0.0347207
0.0455537
0.0531376
0.0674955
0.0449635
0.0383044
0.0429656
0.0466294
0.0500281
0.0463984
0.0564689
0.0554846
0.0607959
0.0422416
0.0481663
0.0440837
0.0535781
0.0515193
0.0597703
0.0601656
0.0445044
0.0428353
0.038879
0.0475542
0.0531808
0.0406131
0.0612502
0.0443341
0.0491408
0.0472782
0.0471912
0.0395331
0.0471611
0.0503986
0.0564243
0.0466312
0.0463674
0.0542581
0.0469609
0.0474294
0.0730673
0.0490027
0.0511827
0.0487226
0.0636938
0.0421372
0.0502795
0.0493708
0.0543652
0.0589614
0.0496799
0.0445294
0.044522
0.0553125
0.0590752
0.0500156
0.0485792
0.0650479
0.0455231
0.0559624
0.0465467
0.0557661
0.0416127
0.0412244
0.0483169
0.061429
0.0448579
0.0512202
0.0636317
0.0478587
0.0532956
0.0593542
0.0595543
0.0377174
0.0565578
0.0453002
0.0369076
0.0433999
0.0517909
0.044703
0.0464092
0.0547155
0.0599374
0.0400881
0.055785
0.0493449
0.0514141
0.0514917
0.0417189
0.0557904
0.044127
0.0617257
0.0460028
0.0562374
0.0610913
0.0529404
0.0504113
0.06171
0.0533725
0.0538374
0.0445164
0.0475318
0.0577601
0.0616768
0.0563614
0.0492143
0.0453782
0.0525454
0.0429933
0.0416066
0.04729
0.0566988
0.0421261
0.0665651
0.0539533
0.0441181
0.0546614
0.0534524
0.0368092
0.0532212
0.0613582
0.0399058
0.0575406
0.0327427
0.0473083
0.0400185
0.0408358
0.0470015
0.044927
0.0566417
0.0512486
0.0387616
0.0447297
0.0513392
0.0445941
0.0458465
0.0507419
0.0426079
0.0688004
0.0560299
0.0555634
0.0334741
0.0651984
0.0584203
0.041415
0.0568665
0.0545807
0.0545686
0.0499383
0.0493298
0.0524083
0.0615673
0.0422507
0.0649441
0.0552628
0.0460987
0.049914
0.0540072
0.0372237
0.0446171
0.0566252
0.0443853
0.0578684
0.060576
0.0493738
0.057339
0.0467152
0.0505677
0.0620876
0.0502546
0.047931
0.0379225
0.0431205
0.044593
0.0586922
0.0486762
0.0436724
0.0485541
0.0378824
0.0656246
0.071586
0.0600388
0.0538153
0.0491776
0.0401516
0.0378213
0.046202
0.0608037
0.0528573
0.0449492
0.0446432
0.0530498
0.0512969
0.060343
0.0535793
0.0496686
0.0432103
0.042211
0.0423144
0.0538436
0.0644097
0.0412183
0.0557666
0.0479998
0.0384958
0.0582676
0.0530157
0.0504264
0.0462057
0.0487893
0.0436431
0.0640936
0.0478341
0.0513148
0.0435781
0.0666843
0.0583704
0.0551167
0.0457447
0.0558005
0.0583331
0.0458702
0.0556271
0.0509088
0.0566128
0.0452813
0.047372
0.0478729
0.0616198
0.041724
0.0424792
0.0532711
0.0546871
0.050344
0.0496887
0.0503221
0.0361072
0.0584112
0.0468074
0.0505204
0.0424287
0.0500581
0.0496385
0.0552
0.05632
0.0443651
0.0541669
0.0454506
0.065701
0.0500417
0.0416515
0.044484
0.0412706
0.0559734
0.0491421
0.0616363
0.0493858
0.0477528
0.0565254
0.0395513
0.0517093
0.0645557
0.0457174
0.0711217
0.0367672
0.043123
0.0535948
0.0430205
0.0444324
0.0444317
0.0377462
0.0500822
0.0416933
0.0460403
0.074466
0.0585027
0.0587896
0.0433101
0.0549798
0.0516977
0.0523763
0.0426536
0.0559908
0.0575386
0.0485833
0.0682438
0.045425
0.0522897
0.0609544
0.0339242
0.0407433
0.038397
0.0566722
0.0560181
0.0412025
0.0370383
0.0633028
0.0403989
0.0437527
0.0424529
0.035544
0.0530729
0.0427277
0.0489008
0.053347
0.0580187
0.0638146
0.0446402
0.0567433
0.0567996
0.0540293
0.0524812
0.0602848
0.0476607
0.045682
0.0395147
0.0647469
0.0459788
0.0409052
0.0489607
0.0768695
0.0497492
0.0450793
0.0619777
0.0551082
0.0699345
0.0428398
0.0626935
0.0465652
0.0418666
0.0526309
0.0386567
0.0408825
0.0492999
0.056746
0.0404956
0.0572366
0.0461781
0.0430995
0.0473099
0.040359
0.0504392
0.0437703
0.0546124
0.0469317
0.0407336
0.0389156
0.0710807
0.0455234
0.0646296
0.0441781
0.0495557
0.0477585
0.0529164
0.0575801
0.0434087
0.0443491
0.0510575
0.0432764
0.0533772
0.0635516
0.0461425
0.0430364
0.0521424
0.0498842
0.0520029
0.0634901
0.064945
0.0483463
0.0333811
0.0384768
0.043045
0.0548142
0.0492475
0.0433087
0.0423516
0.0447262
0.0392504
0.0623584
0.0476107
0.047888
0.0545259
0.0559268
0.049581
0.0513125
0.0611404
0.0442777
0.0481085
0.0488633
0.0461916
0.040961
0.0506952
0.0513106
0.037091
0.0408862
0.0454368
0.051824
0.0610656
0.0641326
0.0522796
0.0467101
0.0541603
0.0563203
0.0471682
0.0466724
0.0612046
0.0504533
0.051574
0.0471146
0.0659826
0.0530304
0.0559513
0.0620311
0.0437611
0.0433929
0.0625487
0.0553778
0.0473869
0.0506832
0.0366732
0.0464184
0.0601213
0.0506394
0.0462289
0.039489
0.0565203
0.0422691
0.0512498
0.068885
0.0437961
0.0458663
0.0493986
0.0626373
0.0559976
0.0671123
0.0541302
0.0579847
0.0484717
0.0434192
0.065945
0.0580839
0.0597718
0.0535505
0.0427488
0.0429479
0.0415297
0.0472811
0.0445521
0.0622542
0.0483381
0.0583837
0.0418562
0.0414918
0.045316
0.0426144
0.0393993
0.0546657
0.0449816
0.0548948
0.0476555
0.0534741
0.0543361
0.0531462
0.0434747
0.0526713
0.0427725
0.048005
0.0501
0.0450623
0.0578897
0.0437213
0.0429034
0.0448006
0.0496393
0.0604417
0.0533667
0.0708843
0.0486016
0.0424159
0.0576928
0.0515496
0.0479706
0.061307
0.0486493
0.0351718
0.0458056
0.0419531
0.0606818
0.0546446
0.0536516
0.055594
0.0436483
0.0558789
0.0510812
0.05303
0.0354973
0.0473958
0.0446316
0.0428177
0.0481777
0.0364144
0.0419042
0.0601494
0.03284
0.0514281
0.0527823
0.0407066
0.0488619
0.0563426
0.0422565
0.0542996
0.0495851
0.066637
0.0438705
0.0429705
0.041051
0.0422289
0.0499684
0.0477475
0.054892
0.0498449
0.042134
0.0431666
0.0414084
0.0485306
0.065146
0.0555979
0.0445759
0.0373076
0.0526389
0.0517046
0.0635501
0.0479101
0.0453159
0.0440349
0.0554793
0.0528185
0.0402533
0.0572882
0.0532498
0.0483025
0.0657516
0.0485261
0.0503116
0.043778
0.0525666
0.0640178
0.0522489
0.0453754
0.0588763
0.0360262
0.0470869
0.0418421
0.0502227
0.0427254
0.0415644
0.0472621
0.0423166
0.043159
0.0505103
0.0491894
0.0403758
0.0588503
0.0356655
0.0596608
0.042151
0.0412039
0.0491169
0.0458508
0.0509949
0.0519857
0.050676
0.0498604
0.0463429
0.0679412
0.0553047
0.0450931
0.0481959
0.0588622
0.0551127
0.0555856
0.0561256
0.0394015
0.0432749
0.0396616
0.0493312
0.0525126
0.0356421
0.0582252
0.0599619
0.0461258
0.042332
0.0549533
0.04871
0.0515068
0.0585612
0.0542727
0.0675289
0.0626472
0.0487382
0.049131
0.0449582
0.0401111
0.04504
0.0504718
0.0393605
0.0487744
0.050841
0.0496891
0.0393272
0.0496771
0.0410499
0.0471425
0.0597909
0.0415704
0.0657785
0.0468992
0.0489628
0.0540129
0.0518016
0.0640853
0.0568554
0.0487226
0.0437192
0.0493314
0.0711922
0.0621071
0.0386204
0.0671403
0.0449854
0.0518327
0.0443818
0.0563956
0.0445559
0.0457034
0.0485438
0.0489369
0.0528506
0.0445271
0.0459697
0.0429267
0.0450952
0.0541716
0.053343
0.045264
0.0482059
0.0622997
0.0588217
0.0347537
0.045165
0.0474062
0.0461983
0.0461935
0.0472442
0.0441046
0.047337
0.0572867
0.0518413
0.0458602
0.0588337
0.0589745
0.0449942
0.0434373
0.069348
0.0504563
0.0496775
0.0552132
0.0494513
0.0525966
0.0486274
0.0491789
0.0676264
0.0535785
0.0461319
0.0458265
0.0413967
0.0545391
0.0450428
0.0561692
0.0447487
0.0484023
0.0423388
0.0556101
0.0390774
0.0537867
0.0566665
0.064609
0.0456981
0.0649586
0.0408743
0.0372013
0.0534812
0.0385477
0.0491547
0.0650863
0.0405304
0.0561168
0.0547107
0.0482128
0.0474556
0.0512927
0.0579303
0.0624447
0.0513102
0.0403735
0.0556831
0.0508837
0.0530122
0.0530071
0.0431922
0.0507922
0.0531752
0.0546795
0.05736
0.0566482
0.0582127
0.0475242
0.0481316
0.046489
0.0536219
0.039993
0.048837
0.0420257
0.0565182
0.0389678
0.0504933
0.0539895
0.0478354
0.0473342
0.03244
0.0483256
0.0509284
0.0598053
0.043644
0.0567451
0.047004
0.048861
0.0455633
0.039764
0.0567824
0.0469126
0.0559369
0.0706783
0.0461424
0.0504408
0.0584683
0.0435716
0.0459933
0.0475075
0.0594593
0.0469933
0.0531874
0.0531046
0.0453954
0.0559029
0.051943
0.039472
0.0650816
0.059704
0.0627787
0.0541243
0.0607492
0.0535114
0.0400964
0.0436658
0.0514922
0.0504747
0.046133
0.0547006
0.045522
0.0475922
0.0509122
0.0601492
0.0514641
0.0397286
0.0516791
0.0562127
0.0399376
0.0446786
0.0482954
0.0617132
0.0534474
0.0483893
0.0499866
0.0467054
0.0781739
0.049439
0.0532062
0.0490951
0.0584103
0.0577023
0.0448537
0.0546299
0.0504672
0.0588295
0.0547019
0.0463882
0.0637755
0.053574
0.0508583
0.049075
0.0547048
0.0535666
0.0602105
0.0534201
0.0442837
0.0530927
0.0624315
0.0624
0.041251
0.0541149
0.0413926
0.056455
0.0544225
0.039404
0.0402378
0.0634155
0.0451676
0.0371405
0.0559622
0.0494373
0.0555164
0.0633117
0.0690639
0.0494406
0.0508316
0.0421673
0.0581342
0.0416972
0.0470336
0.0349571
0.0470321
0.0486048
0.0513154
0.0381794
0.0542982
0.0516886
0.0394872
0.0521749
0.0399858
0.0612459
0.0486017
0.037289
0.0362848
0.0550443
0.0419957
0.0517804
0.0539025
0.0585758
0.0474765
0.0501512
0.0424296
0.0535597
0.0530222
0.0428933
0.0387738
0.053433
0.0463482
0.0467465
0.0555381
0.0501063
0.0539579
0.0410451
0.0454676
0.043191
0.0533361
0.0456955
0.0475154
0.050503
0.043915
0.0462916
0.0732741
0.0497162
0.0420171
0.055317
0.0429302
0.05235
0.0443271
0.0461216
0.0496801
0.0513003
0.0502076
0.0513689
0.0434505
0.047742
0.0638014
0.0449665
0.0521658
0.040012
0.0465281
0.0657604
0.0441521
0.0376503
0.0458806
0.0595485
0.0519563
0.040268
0.0500835
0.0522314
0.0452808
0.0478602
0.0376424
0.0466979
0.0421623
0.0594789
0.055637
0.0492599
0.0572409
0.0479918
0.0429953
0.0669103
0.0527754
0.0387458
0.044271
0.0526049
0.0450802
0.0674387
0.0430547
0.0484887
0.0491315
0.0557067
0.0687102
0.0430828
0.0503631
0.0504591
0.0438684
0.0587636
0.0542547
0.0613506
0.0502864
0.0555578
0.053522
0.0466776
0.0460153
0.056139
0.0484144
0.0360505
0.0582991
0.0460904
0.0614435
0.0502454
0.0369639
0.0504211
0.0559981
0.0472737
0.0369007
0.0489689
0.0428986
0.0450263
0.0467605
0.0537667
0.0458791
0.0546105
0.0418255
0.0457332
0.0563287
0.0467341
0.0395315
0.0473114
0.054077
0.051716
0.0646384
0.0609647
0.0450663
0.0475416
0.046242
0.0476425
0.0439064
0.0357848
0.0436143
0.0538614
0.0453662
0.0537757
0.0621292
0.0628303
0.0495639
0.0496634
0.0454693
0.050433
0.0691305
0.0485978
0.043746
0.046146
0.0589197
0.0692177
0.0566076
0.0457277
0.0576032
0.0619791
0.0489989
0.0567036
0.0375302
0.0420045
0.0385707
0.0484786
0.0514148
0.037703
0.0628334
0.0546118
0.0586003
0.0418765
0.0398676
0.0453092
0.0612268
0.0607525
0.0431592
0.0444179
0.0558319
0.0491504
0.0599779
0.0608639
0.0369838
0.0437776
0.0451272
0.0546695
0.043706
0.0506672
0.0457751
0.0397963
0.0479985
0.0481759
0.0455736
0.0436707
0.058126
0.0491856
0.0416079
0.0533259
0.0331453
0.0450296
0.047143
0.0419261
0.054798
0.0454445
0.0381569
0.0451838
0.05199
0.0575081
0.0498142
0.049205
0.056089
0.0401558
0.0530534
0.0538103
0.0408751
0.0723716
0.047094
0.0617942
0.059624
0.0573562
0.0436955
0.0549105
0.0420903
0.0485704
0.0572847
0.0542589
0.0733191
0.0442432
0.0558043
0.0475493
0.0467003
0.0596337
0.052659
0.0372663
0.0521287
0.0458979
0.0479954
0.0518182
0.0411099
0.0607784
0.0584146
0.046625
0.0420404
0.0399075
0.0526724
0.0523488
0.058281
0.0439849
0.0650825
0.0403466
0.0597125
0.0541847
0.0449416
0.0460633
0.0420164
0.0722836
0.0553468
0.0528411
0.050295
0.0431483
0.0550745
0.0569444
0.047982
0.0442161
0.0623576
0.0522223
0.0486026
0.0620899
0.0428973
0.0497881
0.0475256
0.0547128
0.0451698
0.0445154
0.0469032
0.0494568
0.0538057
0.055938
0.0433897
0.054781
0.0661955
0.0709574
0.0489168
0.0485343
0.0592464
0.0488758
0.0587467
0.0562668
0.0534104
0.0574296
0.0550662
0.0406973
0.0521767
0.0507188
0.0488159
0.0658292
0.0443158
0.0629582
0.0497659
0.0455954
0.0567147
0.043813
0.049352
0.0617362
0.0471893
0.0379417
0.0388188
0.0450467
0.0396407
0.04055
0.048973
0.0740825
0.042536
0.0478442
0.0453113
0.0583444
0.0560861
0.0453423
0.0458929
0.050192
0.0336245
0.0510803
0.0543089
0.0552346
0.0506505
0.0415579
0.0388558
0.0455406
0.0462703
0.0539348
0.0490161
0.0496838
0.0446064
0.0601864
0.0601796
0.0554637
0.0379555
0.0461266
0.0448995
0.0311446
0.0603411
0.0513014
0.0466631
0.0565541
0.0421272
0.056699
0.0422786
0.0426262
0.0579329
0.0449137
0.03562
0.0464519
0.0663213
0.0434092
0.0556293
0.0509694
0.054967
0.0429277
0.060254
0.05408
0.0488234
0.0422812
0.0436237
0.0473059
0.0589594
0.0529089
0.0406208
0.0503417
0.0589764
0.0597817
0.0544832
0.0575482
0.0367839
0.0461528
0.0438854
0.0555008
0.052463
0.067908
0.0520071
0.0514479
0.048653
0.0509547
0.0525286
0.0480431
0.0625494
0.058853
0.0497348
0.0548717
0.0514518
0.0563479
0.0489666
0.0471759
0.0465283
0.0467086
0.0468768
0.0418127
0.0599611
0.0491674
0.0418298
0.0446981
0.045181
0.0514679
0.0599473
0.056091
0.0479078
0.0452402
0.049218
0.052355
0.0448645
0.0638779
0.0379809
0.0509276
0.0445704
0.0390793
0.0546787
0.0586258
0.0422332
0.0465624
0.0423128
0.0581252
0.0543976
0.0536923
0.0581316
0.0713089
0.0440989
0.0415236
0.0692065
0.0462506
0.0501686
0.0378607
0.0506611
0.0387698
0.0529753
0.0471768
0.0430358
0.0530016
0.0523185
0.0536268
0.0443233
0.0460644
0.0525677
0.0568288
0.047403
0.0367418
0.0530505
0.0629031
0.044498
0.0480154
0.0479857
0.0583218
0.0453882
0.0403575
0.0579891
0.0503896
0.0560934
0.0540359
0.0632327
0.0500567
0.05277
0.0391903
0.0546496
0.0657753
0.0472471
0.059262
0.053982
0.0455547
0.0426231
0.0483329
0.0602394
0.063881
0.0549122
0.0516175
0.0607673
0.052398
0.0560972
0.0412099
0.045218
0.0455785
0.0617506
0.0385628
0.0497904
0.0388324
0.0414369
0.0526968
0.0570712
0.0574349
0.052228
0.0515281
0.0491495
0.0442809
0.0625215
0.0450595
0.0521215
0.043093
0.0505663
0.0726868
0.0397436
0.0475816
0.0428059
0.0351947
0.0517412
0.070638
0.0530709
0.0519439
0.0525588
0.043074
0.0548761
0.0414573
0.0499278
0.0434819
0.0452786
0.0472243
0.0420647
0.0616252
0.0697174
0.0516187
0.0526434
0.0505214
0.0487637
0.0421116
0.0457326
0.0621912
0.0306144
0.0467124
0.0558386
0.0597181
0.0543316
0.0396839
0.0447465
0.0461796
0.0547332
0.0548876
0.056949
0.049195
0.042602
0.0483145
0.0610227
0.0475377
0.0356289
0.0576226
0.0446075
0.0483784
0.0419828
0.042798
0.050742
0.0509233
0.050247
0.0425364
0.0365968
0.0501791
0.0535357
0.0513307
0.0569387
0.0446698
0.0510507
0.0424114
0.0490434
0.0738651
0.0462544
0.0613675
0.0475864
0.0540355
0.0636211
0.0447195
0.0578422
0.042182
0.0619642
0.0441381
0.0431586
0.03791
0.0476973
0.0444186
0.0443301
0.0569993
0.0385501
0.0554135
0.0612612
0.0476608
0.0513181
0.0456121
0.0467933
0.046442
0.0478564
0.0428855
0.0506618
0.0645808
0.0447234
0.0482693
0.0574108
0.0511507
0.0426
0.0439615
0.0401933
0.0555305
0.0616647
0.0507914
0.0451018
0.0493094
0.0595936
0.0466712
0.0544813
0.0498928
0.0383483
0.0669032
0.0504456
0.0469866
0.0591976
0.0419542
0.0564451
0.0451472
0.0318455
0.0605361
0.0389495
0.0596393
0.0565781
0.0533603
0.0566479
0.0424501
0.0371835
0.0470956
0.0479832
0.0534862
0.0425132
0.0599899
0.0468136
0.0511779
0.062849
0.0524207
0.0381521
0.0606759
0.0385487
0.0313539
0.0441488
0.0495618
0.0575865
0.0434617
0.0594008
0.0599361
0.0373905
0.0485352
0.0524396
0.0375182
0.0440628
0.0447877
0.0649209
0.0490941
0.0487506
0.0619739
0.0497981
0.054999
0.0666852
0.0469035
0.0505793
0.0609887
0.0600998
0.045886
0.0483563
0.0657534
0.04212
0.053193
0.0344834
0.048869
0.036815
0.0389294
0.0401069
0.0506989
0.0552777
0.0516641
0.0578723
0.0517909
0.0525937
0.0474951
0.0480074
0.052551
0.0529639
0.0456543
0.0473855
0.0553395
0.0503736
0.0572283
0.0520634
0.0535013
0.0643709
0.0632381
0.0395284
0.0518225
0.0434739
0.0436982
0.0542328
0.0421434
0.0398521
0.0436201
0.0574958
0.0480516
0.0423887
0.0340862
0.057551
0.0427149
0.0494227
0.0393953
0.0482339
0.0511016
0.047634
0.0533873
0.0574769
0.0468602
0.0527999
0.0668624
0.0419231
0.039158
0.0478535
0.0508349
0.0476404
0.0557693
0.0537032
0.0549673
0.0416709
0.0688111
0.051575
0.0541787
0.0545655
0.0465719
0.0389467
0.0470792
0.0566602
0.0518667
0.0413374
0.0579705
0.0471735
0.060319
0.0478874
0.0557492
0.0415143
0.0560661
0.0543951
0.0555658
0.0500425
0.0536773
0.0432476
0.0488378
0.0541667
0.0470538
0.0539823
0.034341
0.0538067
0.0497251
0.0545846
0.054912
0.0576359
0.040872
0.0439132
0.0475277
0.0568087
0.0429245
0.0532238
0.0616214
0.038854
0.0461218
0.0463582
0.0396178
0.0433706
0.0540168
0.0529539
0.0417191
0.0417892
0.0535812
0.0500397
0.0612065
0.0629863
0.03632
0.0626884
0.0549722
0.0590195
0.0589354
0.0531415
0.0461696
0.0545886
0.0548504
0.0510034
0.0462936
0.0407469
0.0567799
0.0428141
0.0418617
0.0615489
0.0475786
0.0571319
0.0475338
0.0457994
0.0368001
0.0411228
0.0522789
0.0490247
0.0508451
0.0604251
0.0597639
0.0548523
0.05
0.05
0.05
0.05
0.05
0.05
0.05
0.05
0.05
0.05
0.05
0.05
0.05
0.05
0.05
0.05
0.05
0.05
0.05
0.05
0.05
0.05
0.05
0.05
0.05
0.05
0.05
0.05
0.05
0.05
0.05
0.05
777777