2.79585
999999
-0.169209
-0.134431
0.154385
0.152395
-0.0294704
0.0687731
-0.0690102
0.190565
0.04053
-0.133934
-0.0293498
-0.198294
0.133106
0.0260008
0.161533
-0.157678
-0.104531
0.114324
0.161383
-0.0596023
-0.0396085
0.0782063
-0.139371
-0.198132
0.143565
0.139171
-0.178142
0.19726
0.0113959
0.186502
-0.019281
-0.15704
-0.116508
0.0225179
0.168801
0.0414454
0.120442
-0.126567
0.127255
-0.158681
-0.127421
0.0806724
-0.17954
-0.0255318
0.0577649
0.0753192
-0.153852
-0.0761558
0.0323944
-0.191626
0.00737131
0.0562999
0.167806
0.0497293
-0.0906806
0.162517
0.0229189
-0.0816595
-0.161425
-0.0269608
0.147925
-0.0823986
0.0541248
0.1263
0.164697
-0.0582032
0.0403971
-0.073334
0.0235714
-0.047333
0.0111903
0.167117
-0.000899056
-0.0622644
0.0831395
0.158369
-0.010838
-0.169429
0.040187
-0.0735201
-0.0958707
0.193909
0.180493
-0.132851
-0.165486
0.175961
-0.194971
0.143866
-0.152074
-0.0707136
0.161794
-0.142228
0.0394813
-0.145223
-0.123557
-0.014886
-0.127313
-0.0887438
-0.194379
-0.134664
0.156114
-0.104609
-0.150502
-0.0116583
-0.153333
0.093885
0.0782482
0.0552462
0.181806
-0.0272192
0.149354
0.139786
0.184944
0.152549
0.126295
-0.134756
0.149725
0.150789
0.191462
-0.0874613
0.0793433
0.104566
0.136239
0.117527
-0.0912124
0.0198942
0.0913679
0.0847758
-0.162112
-0.151385
-0.109304
0.198955
-0.0984442
0.0117643
0.197812
0.129577
-0.134183
-0.126085
0.139809
0.163664
-0.164334
-0.0117953
-0.111445
0.0489272
0.131809
0.123942
0.101267
0.0694521
-0.0402482
-0.175468
0.0291274
-0.0659186
-0.140151
-0.0598946
0.136988
-0.106727
-0.0854221
0.149063
-0.18212
0.192002
0.10561
-0.0701426
-0.0773466
-0.0879877
0.0105837
0.0773304
0.150596
-0.162469
-0.147714
-0.087059
0.145763
-0.0449835
-0.139284
0.19757
-0.155341
-0.112734
-0.113159
-0.11317
0.0768035
-0.0929925
-0.179337
0.151403
-0.047691
-0.0684275
-0.0177497
-0.0264871
-0.137342
-0.0255523
0.120249
-0.196283
-0.0592801
-0.178107
0.0928198
0.138214
-0.0598495
0.114588
0.0931652
0.0591632
-0.170801
-0.145117
0.133029
-0.126717
-0.196325
-0.159005
0.0998111
0.197068
-0.0603134
0.164144
0.116268
0.0894443
-0.132112
0.123205
0.0285906
0.15629
0.149937
-0.0549834
-0.128646
-0.169925
0.0216088
0.0821261
-0.0544983
0.0516515
0.0577955
0.0384802
-0.0194589
0.152241
0.0677598
0.149864
0.1471
-0.155263
0.0793701
0.169378
0.0798573
0.091733
0.0549808
-0.0605007
0.0060546
0.109526
0.185846
-0.0642069
-0.161888
0.0785981
-0.0692845
-0.165345
-0.0941236
-0.197282
-0.0553309
0.0254738
0.0228764
-0.0481862
-0.0769631
-0.0402141
-0.0744281
0.148409
-0.0927184
-0.12026
-0.135553
0.0797408
0.04554
0.108188
0.149201
-0.172366
-0.0404555
-0.0335886
0.062543
-0.1015
-0.0411217
0.0518557
0.123515
0.188759
0.120681
0.0707385
0.0394055
-0.154188
-0.157852
0.0433322
0.0220193
-0.0635766
-0.176812
-0.16284
0.00882618
0.195687
-0.020682
-0.14765
0.0747671
-0.18851
0.170735
0.0182422
-0.112461
-0.0378586
0.193802
-0.071103
-0.147556
-0.0598268
0.0841962
-0.175259
-0.114717
-0.0850661
0.0616372
-0.0869518
-0.130576
-0.107495
-0.0288012
-0.00865547
-0.0336543
0.0280854
0.109036
0.136958
-0.0982323
0.100306
-0.162264
-0.00491909
0.0337786
0.0521837
0.109135
0.114655
0.173043
-0.172067
0.190316
-0.0467771
-0.0362901
0.177072
-0.179009
0.0740356
-0.195789
-0.120254
0.126454
-0.130663
-0.057183
-0.0812355
0.0745004
0.0304975
-0.188301
0.12266
0.0229508
-0.126431
-0.00246089
-0.0999625
0.0569758
-0.185047
0.119947
0.0944498
0.0516691
0.0573406
-0.0304649
0.188168
-0.0723086
0.039312
-0.111719
0.134392
0.155265
-0.184084
-0.103687
0.170326
-0.0312217
-0.185663
0.0357942
-0.0545242
-0.0781354
-0.105227
0.116016
0.183336
0.0535775
0.105764
-0.155967
-0.0571899
0.134111
0.192176
0.0411757
-0.0493665
0.0248899
0.0020673
0.121329
-0.0987955
-0.0937638
-0.120608
-0.0719768
0.165346
0.0940412
-0.00695152
-0.0437944
0.0466408
-0.125665
-0.140339
0.126104
0.0643017
-0.0168514
-0.0974272
-0.174502
0.0441921
0.153759
-0.040792
-0.188586
-0.151477
-0.142725
-0.11545
-0.0740535
0.0914793
0.136501
-0.0408369
0.172303
-0.197484
-0.0310598
-0.175337
-0.0679595
0.0304717
-0.048649
-0.0747486
-0.0798415
0.0312497
0.115563
-0.0147849
0.0577758
0.173848
0.113138
-0.0958076
-0.139308
-0.164118
-0.0663433
0.00662079
0.123013
0.00182055
0.00485834
0.126845
0.172537
0.150288
-0.149784
-0.134395
-0.14277
-0.106406
0.0121637
0.0681974
0.102287
-0.182351
-0.109909
-0.144344
-0.188626
-0.0520008
-0.194164
-0.0227325
-0.0878313
0.0443146
0.122917
0.15861
0.0822536
0.0178829
-0.147558
-0.01306
-0.184361
0.165088
0.0593455
0.151625
-0.0886223
0.169657
-0.0442411
-0.142774
0.155889
0.0853559
-0.0846045
0.140386
-0.0255059
-0.18428
-0.137553
-0.0736295
-0.138266
0.199518
-0.1777
-0.15243
-0.180358
0.00825779
0.0256685
0.177451
0.0357341
-0.135004
-0.0960538
0.0251734
-0.0145776
-0.0172149
0.0526207
0.0434651
-0.128139
0.140963
-0.162865
0.14892
0.055839
-0.176049
0.0823991
-0.174138
-0.0659521
-0.0823819
-0.0027923
0.0878734
0.164029
0.0883938
0.099373
0.142206
-0.0877228
-0.0311737
-0.143528
-0.0350608
-0.0641145
-0.0982886
-0.140439
-0.172655
-0.0324406
0.0313454
-0.127472
0.133511
0.0827892
-0.105407
0.182891
0.0642497
-0.141201
-0.0293493
-0.0786009
0.0471158
0.131357
-0.128219
-0.00842681
0.0149933
-0.0518089
0.00417676
-0.196068
0.0430653
-0.155599
-0.149189
-0.176847
-0.145444
-0.0295539
-0.00442024
0.174377
0.0294136
-0.143901
0.0436071
0.0151619
0.109245
0.0325706
-0.098178
0.137721
-0.123539
-0.0195355
0.0646334
-0.139796
0.141815
0.159823
-0.19628
0.19487
-0.130636
0.119738
-0.160526
-0.0467425
0.178776
-0.0223564
0.0434323
-0.0270176
0.167279
-0.0320101
-0.0740598
0.036511
-0.110328
-0.0938026
-0.0684846
0.170248
-0.0346607
-0.156818
-0.0129214
0.0390626
0.0908821
-0.13315
0.045063
0.0989891
0.0256064
-0.0292006
0.175287
-0.114559
0.0115819
-0.0179117
-0.128319
0.0601464
0.094838
0.136442
0.17963
0.198748
-0.0818266
-0.0456169
-0.178967
0.0538109
-0.0110957
-0.0951096
0.145847
0.0189061
-0.14786
-0.0951055
-0.039868
-0.109856
0.154857
-0.0863305
-0.176228
0.158601
0.0876026
0.142261
-0.17436
-0.152022
-0.0338181
0.109445
0.0852599
-0.0230454
-0.084514
0.135581
-0.172806
0.0737486
-0.112874
0.0984897
-0.184971
-0.17337
-0.0110455
0.176393
0.16384
0.0331286
-0.14611
0.0541777
0.0352637
-0.0706398
-0.0883331
0.0722355
-0.110389
0.111753
0.0649802
-0.00417404
-0.00946234
0.0271847
0.0600289
-0.145936
-0.0376763
0.0190798
-0.0381241
-0.109945
-0.0585616
-0.152588
-0.0603874
0.141613
-0.140344
-0.132107
-0.156705
-0.18403
-0.106946
-0.0823689
0.0376191
-0.0970318
-0.124685
0.13587
0.170792
0.0496236
0.0518909
0.0510051
-0.193625
-0.0953514
-0.12968
0.00540396
-0.00466965
-0.192496
0.0356547
0.133725
0.152925
0.0754935
-0.181826
-0.192101
0.0765428
0.0451825
0.145012
0.000865844
-0.121448
-0.014942
0.106213
0.10148
0.0508284
0.0897208
-0.0574101
0.109744
0.131115
-0.0987549
0.0712106
0.0208766
0.19385
-0.153968
-0.142658
0.0836242
-0.146253
-0.0486332
-0.120183
-0.00903473
-0.044863
-0.132606
-0.103904
-0.0652766
0.158143
-0.0910069
0.0267288
0.0240226
0.0857815
0.0932952
0.101074
0.116027
0.118738
-0.0539331
-0.0197399
-0.094041
-0.136999
-0.0696141
-0.0145903
0.1209
0.194822
-0.102158
-0.0384224
-0.189076
0.0247723
0.126415
-0.048333
-0.177899
0.104465
-0.0815291
-0.0325173
0.114963
0.134617
0.108402
0.00983332
-0.15281
0.143821
0.0586064
-0.0843795
0.156037
0.0397111
0.153624
0.199247
0.107715
-0.192355
-0.0484217
-0.0919533
-0.155396
0.0485455
0.0573809
0.0712949
-0.106633
0.0200574
-0.196244
-0.000806502
0.0663978
0.126453
-0.0191123
-0.10641
-0.117143
0.0602763
-0.15419
0.11207
-0.174856
0.0479607
-0.0248772
0.190893
-0.0483191
-0.0585649
0.091208
0.0228046
-0.108788
-0.0883526
-0.00344196
-0.0616153
0.0336736
0.0351184
0.128758
0.123038
-0.00998204
0.0974842
-0.0891744
-0.00416377
-0.0877384
0.09252
0.0664562
-0.168843
-0.100151
-0.146187
-0.0351036
-0.0132694
0.073743
0.0608495
-0.0843567
-0.132744
0.0622077
0.0314335
-0.0923962
0.149046
-0.0818626
-0.102193
0.0988395
0.157191
0.0675013
-0.162682
0.0122106
-0.126228
0.159341
-0.0991881
-0.130445
0.0986967
-0.0439196
-0.0926906
-0.147179
0.115947
-0.088061
-0.102763
-0.0324498
-0.195749
0.134653
-0.155285
0.131524
0.169548
-0.00445549
-0.042842
0.0663822
-0.0650061
0.101535
0.0572025
-0.199513
0.0344546
0.0427493
0.162385
-0.0587468
0.00530942
0.0726545
0.109589
0.0463036
-0.180506
0.168434
0.186549
0.164046
0.11798
-0.194534
-0.154538
-0.0262946
0.113251
-0.0318378
-0.0508723
0.143507
-0.127781
0.157852
-0.0495428
-0.00617305
-0.0121376
0.152465
0.0624821
-0.168139
-0.00147505
0.0870844
0.119107
-0.140343
-0.0642691
0.164675
0.0702109
0.0199564
-0.00483673
0.0990009
0.0927814
-0.126625
-0.177719
0.197541
0.0546161
-0.0582979
-0.0383827
0.0436871
0.0943492
0.188253
-0.0564716
0.0365888
0.0812643
0.0539633
0.141245
-0.0437949
0.0789399
0.0459258
0.197327
-0.0791789
0.0773603
-0.0964821
0.0479933
-0.150563
0.0385012
0.187461
-0.14725
-0.137681
-0.168387
-0.123551
0.128207
-0.0278074
0.0949521
-0.100085
0.0340109
0.0867775
-0.113551
0.0453595
0.0355502
0.0633814
0.160638
0.0575495
0.142989
-0.00593223
-0.125492
0.0504188
-0.0882241
-0.160507
-0.0678185
-0.110945
-0.0285089
-0.0112131
0.0407124
-0.100643
0.104075
0.0578146
0.026648
0.155853
-0.048274
-0.0106
0.13095
-0.197355
-0.0643617
-0.144234
-0.0122554
0.0850563
0.149425
-0.0822009
-0.132536
-0.15102
-0.113087
-0.133434
0.103024
0.141304
-0.0720811
0.0616754
0.0197883
-0.142473
-0.138337
-0.149316
-0.0522736
-0.184585
0.172587
-0.184299
-0.155194
0.158612
-0.198649
-0.106095
-0.0551333
-0.0528449
0.0362115
0.139908
0.0232248
0.0738238
0.180447
0.00556978
-0.189625
-0.0413422
-0.0158277
0.138073
-0.116935
0.131963
-0.0997295
0.136388
-0.0795286
-0.192046
-0.176593
0.154065
-0.0720334
0.13676
0.0431732
0.0508109
0.00303815
0.167495
-0.0956019
0.0388039
-0.151312
0.138801
0.175751
-0.172083
-0.187674
0.139677
0.0168115
-0.0314335
0.0246394
0.073766
0.063024
0.0440389
0.134641
0.104755
-0.109095
0.0425781
-0.0484615
0.0178156
0.0291731
-0.00269856
0.196245
-0.179187
0.0109398
0.117489
0.0245775
-0.0325302
0.013418
0.139718
-0.00217656
0.0191692
-0.197031
0.187328
-0.0419958
0.0411079
0.143196
0.0131816
0.187971
0.129874
-0.17798
-0.00332632
-0.0170114
0.0144725
0.131025
-0.116024
0.177455
-0.130117
-0.0266444
0.117405
0.0768434
0.0687222
0.00165239
-0.184795
0.182964
-0.0983376
-0.0455338
-0.0985817
0.144438
-0.18462
0.0507879
0.0111146
0.0690149
0.00450532
0.0222116
-0.0495751
-0.16589
-0.0152653
0.159669
-0.0957279
0.140958
-0.0549047
0.146564
-0.015282
0.183982
-0.19181
-0.000574217
-0.16863
0.18047
-0.161654
0.0822589
0.145777
0.0720817
0.122795
0.176458
-0.079818
0.0880838
0.190042
0.16918
0.0589287
-0.0105019
0.0985678
0.162333
-0.0879689
0.107614
-0.129104
0.0513007
-0.197272
-0.0257151
-0.057377
0.123731
-0.00802678
-0.169884
-0.14511
-0.146001
-0.0333241
0.192278
0.118458
-0.0304239
-0.0473247
0.0308806
-0.178099
0.090299
0.138141
0.193235
-0.0921055
0.043627
-0.112443
-0.121811
0.0384689
-0.0715993
0.154183
0.025443
0.0751671
0.147028
0.125678
0.0440181
-0.0350139
-0.017899
-0.180135
-0.16339
0.10759
0.0142405
-0.128153
-0.109711
-0.179545
-0.097647
0.152693
-0.00542982
-0.0536039
-0.0431829
0.191987
-0.151518
0.00993974
0.0203623
-0.169744
0.0779809
-0.072295
-0.145324
0.154546
-0.0806591
0.023185
-0.0896766
0.107838
0.182848
-0.0935672
0.0176684
0.143974
-0.0554384
-0.168179
0.120819
-0.101265
-0.0100971
-0.0318998
-0.155354
-0.0782842
-0.196253
-0.077
-0.187572
-0.113993
0.0924125
-0.0879194
0.142715
0.0237993
0.00427533
-0.101292
-0.0542074
0.116926
-0.137754
0.194843
0.175848
0.0257245
-0.194573
0.0693822
0.092356
0.000408605
0.179638
-0.00852745
0.154252
-0.117144
-0.106645
-0.0288068
0.0269797
0.104209
0.0110896
0.0142025
0.0380288
-0.147846
0.0559553
0.100697
-0.00873512
0.188371
-0.0250032
-0.0252418
-0.13076
-0.0319359
0.0445593
-0.0877758
0.18293
0.0320301
0.00242969
0.00517713
-0.0614559
-0.0209755
-0.00127048
0.124474
-0.149005
0.103042
0.0922983
0.18861
0.16792
0.0266518
0.112751
0.171806
0.148265
0.180813
-0.0368887
-0.157894
0.0226589
-0.0194395
0.11827
0.169044
-0.154932
0.0559352
-0.146785
-0.0463326
0.165817
-0.119719
-0.111217
0.157867
-0.0566017
-0.174301
-0.145616
-0.194438
0.114911
-0.186026
0.0294531
0.158998
0.0284179
-0.0162445
0.0395546
-0.0577006
-0.0114142
0.00248619
0.00307098
-0.081949
0.00202422
-0.0867851
-0.0748634
-0.113038
0.02311
0.152017
0.171224
-0.0394783
0.12589
-0.191337
-0.0739474
0.0625626
0.0407778
-0.0369827
-0.144679
0.0149033
-0.143378
0.0265372
0.143613
-0.149857
-0.151699
0.0591698
-0.0207747
-0.190295
0.0491923
-0.174911
-0.114774
-0.146441
0.0161236
-0.151737
-0.104029
0.00535049
0.0273098
0.028305
-0.102933
-0.186076
0.189128
-0.0790392
0.0205512
-0.0641923
0.0953759
-0.087811
0.115398
-0.0206709
0.120337
-0.00804561
-0.0312075
0.180305
0.120877
-0.00199877
-0.128849
0.182973
-0.150183
0.0452558
-0.0483626
0.0785392
0.1702
0.14363
-0.152934
-0.00175396
0.154283
-0.0896441
0.148014
-0.191373
-0.0400588
-0.0768367
-0.110876
0.0477245
-0.0654359
0.0483905
-0.000822606
0.0470346
0.151993
0.172424
-0.00985405
-0.0751683
0.0422455
0.170268
0.175201
0.00551151
0.138437
-0.185086
0.0739271
-0.136594
-0.1092
-0.182123
-0.121547
0.194521
-0.119577
0.0484819
-0.190208
0.0563402
-0.0468393
-0.184899
-0.180755
0.0409865
-0.136582
-0.132152
-0.145638
-0.0744964
-0.146812
0.189737
0.16447
-0.127083
0.197594
-0.0810938
0.0255598
-0.00479913
0.0145353
-0.0625381
-0.0862279
-0.00456408
0.0401414
0.159933
-0.112038
0.00844407
0.0600871
-0.0892351
-0.154027
-0.11165
0.183455
0.139734
0.129439
-0.0317466
-0.127302
-0.0483539
-0.134977
-0.0512079
0.00227492
-0.133349
0.0229878
-0.0119996
0.125078
0.0368325
0.00506833
0.0261704
-0.0371329
-0.0623232
-0.17685
-0.0367903
0.0027154
-0.15754
-0.0989354
-0.154804
0.0544684
0.173032
0.0554324
0.0717516
0.176846
0.164297
-0.00835956
0.0524725
0.166563
-0.0892852
0.142111
0.101851
-0.118398
0.00234067
-0.174393
-0.173529
0.183605
0.0834758
-0.135163
0.182281
-0.0841844
-0.172178
0.10923
-0.151273
-0.14042
0.123831
0.0490197
-0.165519
0.0732177
0.0414762
-0.0397412
-0.18046
0.0065294
0.109387
-0.115092
-0.128199
-0.0688756
0.184596
0.00128839
0.125136
-0.0182031
0.189168
-0.113264
-0.0379045
0.108417
0.0324386
-0.184472
0.0595666
-0.0134914
0.140629
0.0505251
0.0456159
-0.0591826
-0.0530434
-0.148494
-0.00988773
0.175481
0.148713
0.0431912
-0.0686805
-0.0283835
0.191181
0.122471
0.17012
-0.179424
0.199685
0.125138
-0.0811687
-0.0542343
-0.0453133
0.115357
0.0461162
-0.175072
-0.0464814
-0.149325
-0.0208835
0.0636708
0.0708725
0.198943
-0.140009
-0.134842
-0.124598
-0.0880662
-0.0112022
0.14158
0.0780852
0.0881518
0.150934
0.147881
0.00335324
-0.161071
-0.105366
0.139141
0.1505
0.109825
-0.046344
0.0482689
0.0478968
-0.072161
-0.0526252
-0.0268183
0.144755
0.14385
-0.0439629
0.121847
0.0567075
0.112579
-0.122932
-0.0292618
0.0527133
-0.148248
0.109986
-0.142726
0.0735927
-0.101409
0.0537565
0.154482
-0.174119
-0.0189402
0.0656369
0.193231
0.0756627
-0.122359
-0.157148
0.0368394
-0.026289
-0.113452
-0.164221
0.10673
0.116401
0.127232
0.0784009
0.111917
0.066295
0.0295728
-0.0787874
-0.0875762
0.0572305
0.0557622
-0.0122959
-0.146083
0.103817
-0.147587
-0.198121
0.137074
-0.0726625
-0.173739
-0.167824
0.193231
-0.15398
0.137306
0.161106
0.129809
0.129259
0.0922797
0.110789
-0.102001
0.136759
0.0885753
0.0506809
0.166047
0.0562889
0.197693
-0.028808
0.102735
0.029362
0.0778487
0.00229937
-0.122889
-0.170738
-0.0417633
-0.04753
-0.189789
-0.148472
-0.189894
0.00843855
0.117842
-0.153045
-0.102014
-0.0675937
-0.104951
-0.0590092
0.140852
-0.111136
-0.140376
0.119184
-0.139972
0.0729323
0.0760935
0.053674
-0.142222
-0.147814
0.104076
-0.117526
-0.121502
0.149387
-0.175411
0.0170619
0.0547107
0.156208
0.155863
-0.0794139
0.114798
0.0652857
0.195353
-0.0286237
-0.189007
0.190787
0.0216684
-0.106349
-0.0761722
0.119372
0.11427
-0.117481
-0.140937
-0.162325
-0.0300993
-0.118173
0.181215
-0.00535723
0.161068
0.0241797
0.0922485
0.0224748
0.187295
0.179173
-0.0808475
0.0853659
0.143333
0.0468887
0.0618269
0.0828817
-0.0997118
0.137927
0.17717
-0.0589631
-0.0444304
-0.0822623
-0.128006
-0.034383
0.14514
0.113323
-0.0862883
-0.183869
0.0839708
-0.103294
0.129316
0.14661
0.0623054
-0.0872005
-0.110577
-0.159461
0.0905254
0.182338
-0.138125
0.118472
0.0282156
-0.0220668
-0.197929
0.134407
0.0297568
-0.04251
0.17336
0.0628323
-0.0463614
0.0677608
0.162973
-0.0233028
-0.199876
-0.102459
0.126828
-0.119577
-0.129369
0.0817747
-0.15183
0.10459
-0.0201835
-0.106933
0.185965
0.0408956
-0.139332
-0.0353029
-0.142021
-0.131177
-0.0734488
-0.136546
-0.0729575
0.0504306
-0.0618861
-0.100318
-0.0160054
0.000623645
-0.0185977
-0.0760926
0.0535139
-0.0312449
-0.0756481
-0.0359339
-0.0482911
-0.0769342
-0.0646465
-0.130971
-0.0811279
0.111275
0.0236182
-0.08888
0.114565
-0.0680139
0.193498
-0.083551
0.0317619
0.0178006
0.109983
-0.0997225
-0.187624
0.116732
-0.0228314
888888
-0.168038
-0.033313
-0.135575
-0.112412
0.0627185
-0.0546754
-0.00973889
0.0561066
-0.104406
-0.0406436
-0.0595001
-0.0871873
-0.0908595
0.184873
-0.0725027
-0.168603
0.164865
0.079085
0.14394
-0.0101501
-0.199997
0.0522112
-0.165983
0.16035
0.0120804
0.158851
0.100748
0.0937457
-0.0801454
-0.00158991
0.149832
-0.177986
0.05
0.05
0.05
0.05
0.05
0.05
0.05
0.05
0.05
0.05
0.05
0.05
0.05
0.05
0.05
0.05
0.05
0.05
0.05
0.05
0.05
0.05
0.05
0.05
0.05
0.05
0.05
0.05
0.05
0.05
0.05
0.05
0.05
0.05
0.05
0.05
0.05
0.05
0.05
0.05
0.05
0.05
0.05
0.05
0.05
0.05
0.05
0.05
0.05
0.05
0.05
0.05
0.05
0.05
0.05
0.05
0.05
0.05
0.05
0.05
0.05
0.05
0.05
0.05
0.05
0.05
0.05
0.05
0.05
0.05
0.05
0.05
0.05
0.05
0.05
0.05
0.05
0.05
0.05
0.05
0.05
0.05
0.05
0.05
0.05
0.05
0.05
0.05
0.05
0.05
0.05
0.05
0.05
0.05
0.05
0.05
0.05
0.05
0.05
0.05
0.05
0.05
0.05
0.05
0.05
0.05
0.05
0.05
0.05
0.05
0.05
0.05
0.05
0.05
0.05
0.05
0.05
0.05
0.05
0.05
0.05
0.05
0.05
0.05
0.05
0.05
0.05
0.05
0.05
0.05
0.05
0.05
0.05
0.05
0.05
0.05
0.05
0.05
0.05
0.05
0.05
0.05
0.05
0.05
0.05
0.05
0.05
0.05
0.05
0.05
0.05
0.05
0.05
0.05
0.05
0.05
0.05
0.05
0.05
0.05
0.05
0.05
0.05
0.05
0.05
0.05
0.05
0.05
0.05
0.05
0.05
0.05
0.05
0.05
0.05
0.05
0.05
0.05
0.05
0.05
0.05
0.05
0.05
0.05
0.05
0.05
0.05
0.05
0.05
0.05
0.05
0.05
0.05
0.05
0.05
0.05
0.05
0.05
0.05
0.05
0.05
0.05
0.05
0.05
0.05
0.05
0.05
0.05
0.05
0.05
0.05
0.05
0.05
0.05
0.05
0.05
0.05
0.05
0.05
0.05
0.05
0.05
0.05
0.05
0.05
0.05
0.05
0.05
0.05
0.05
0.05
0.05
0.05
0.05
0.05
0.05
0.05
0.05
0.05
0.05
0.05
0.05
0.05
0.05
0.05
0.05
0.05
0.05
0.05
0.05
0.05
0.05
0.05
0.05
0.05
0.05
0.05
0.05
0.05
0.05
0.05
0.05
0.05
0.05
0.05
0.05
0.05
0.05
0.05
0.05
0.05
0.05
0.05
0.05
0.05
0.05
0.05
0.05
0.05
0.05
0.05
0.05
0.05
0.05
0.05
0.05
0.05
0.05
0.05
0.05
0.05
0.05
0.05
0.05
0.05
0.05
0.05
0.05
0.05
0.05
0.05
0.05
0.05
0.05
0.05
0.05
0.05
0.05
0.05
0.05
0.05
0.05
0.05
0.05
0.05
0.05
0.05
0.05
0.05
0.05
0.05
0.05
0.05
0.05
0.05
0.05
0.05
0.05
0.05
0.05
0.05
0.05
0.05
0.05
0.05
0.05
0.05
0.05
0.05
0.05
0.05
0.05
0.05
0.05
0.05
0.05
0.05
0.05
0.05
0.05
0.05
0.05
0.05
0.05
0.05
0.05
0.05
0.05
0.05
0.05
0.05
0.05
0.05
0.05
0.05
0.05
0.05
0.05
0.05
0.05
0.05
0.05
0.05
0.05
0.05
0.05
0.05
0.05
0.05
0.05
0.05
0.05
0.05
0.05
0.05
0.05
0.05
0.05
0.05
0.05
0.05
0.05
0.05
0.05
0.05
0.05
0.05
0.05
0.05
0.05
0.05
0.05
0.05
0.05
0.05
0.05
0.05
0.05
0.05
0.05
0.05
0.05
0.05
0.05
0.05
0.05
0.05
0.05
0.05
0.05
0.05
0.05
0.05
0.05
0.05
0.05
0.05
0.05
0.05
0.05
0.05
0.05
0.05
0.05
0.05
0.05
0.05
0.05
0.05
0.05
0.05
0.05
0.05
0.05
0.05
0.05
0.05
0.05
0.05
0.05
0.05
0.05
0.05
0.05
0.05
0.05
0.05
0.05
0.05
0.05
0.05
0.05
0.05
0.05
0.05
0.05
0.05
0.05
0.05
0.05
0.05
0.05
0.05
0.05
0.05
0.05
0.05
0.05
0.05
0.05
0.05
0.05
0.05
0.05
0.05
0.05
0.05
0.05
0.05
0.05
0.05
0.05
0.05
0.05
0.05
0.05
0.05
0.05
0.05
0.05
0.05
0.05
0.05
0.05
0.05
0.05
0.05
0.05
0.05
0.05
0.05
0.05
0.05
0.05
0.05
0.05
0.05
0.05
0.05
0.05
0.05
0.05
0.05
0.05
0.05
0.05
0.05
0.05
0.05
0.05
0.05
0.05
0.05
0.05
0.05
0.05
0.05
0.05
0.05
0.05
0.05
0.05
0.05
0.05
0.05
0.05
0.05
0.05
0.05
0.05
0.05
0.05
0.05
0.05
0.05
0.05
0.05
0.05
0.05
0.05
0.05
0.05
0.05
0.05
0.05
0.05
0.05
0.05
0.05
0.05
0.05
0.05
0.05
0.05
0.05
0.05
0.05
0.05
0.05
0.05
0.05
0.05
0.05
0.05
0.05
0.05
0.05
0.05
0.05
0.05
0.05
0.05
0.05
0.05
0.05
0.05
0.05
0.05
0.05
0.05
0.05
0.05
0.05
0.05
0.05
0.05
0.05
0.05
0.05
0.05
0.05
0.05
0.05
0.05
0.05
0.05
0.05
0.05
0.05
0.05
0.05
0.05
0.05
0.05
0.05
0.05
0.05
0.05
0.05
0.05
0.05
0.05
0.05
0.05
0.05
0.05
0.05
0.05
0.05
0.05
0.05
0.05
0.05
0.05
0.05
0.05
0.05
0.05
0.05
0.05
0.05
0.05
0.05
0.05
0.05
0.05
0.05
0.05
0.05
0.05
0.05
0.05
0.05
0.05
0.05
0.05
0.05
0.05
0.05
0.05
0.05
0.05
0.05
0.05
0.05
0.05
0.05
0.05
0.05
0.05
0.05
0.05
0.05
0.05
0.05
0.05
0.05
0.05
0.05
0.05
0.05
0.05
0.05
0.05
0.05
0.05
0.05
0.05
0.05
0.05
0.05
0.05
0.05
0.05
0.05
0.05
0.05
0.05
0.05
0.05
0.05
0.05
0.05
0.05
0.05
0.05
0.05
0.05
0.05
0.05
0.05
0.05
0.05
0.05
0.05
0.05
0.05
0.05
0.05
0.05
0.05
0.05
0.05
0.05
0.05
0.05
0.05
0.05
0.05
0.05
0.05
0.05
0.05
0.05
0.05
0.05
0.05
0.05
0.05
0.05
0.05
0.05
0.05
0.05
0.05
0.05
0.05
0.05
0.05
0.05
0.05
0.05
0.05
0.05
0.05
0.05
0.05
0.05
0.05
0.05
0.05
0.05
0.05
0.05
0.05
0.05
0.05
0.05
0.05
0.05
0.05
0.05
0.05
0.05
0.05
0.05
0.05
0.05
0.05
0.05
0.05
0.05
0.05
0.05
0.05
0.05
0.05
0.05
0.05
0.05
0.05
0.05
0.05
0.05
0.05
0.05
0.05
0.05
0.05
0.05
0.05
0.05
0.05
0.05
0.05
0.05
0.05
0.05
0.05
0.05
0.05
0.05
0.05
0.05
0.05
0.05
0.05
0.05
0.05
0.05
0.05
0.05
0.05
0.05
0.05
0.05
0.05
0.05
0.05
0.05
0.05
0.05
0.05
0.05
0.05
0.05
0.05
0.05
0.05
0.05
0.05
0.05
0.05
0.05
0.05
0.05
0.05
0.05
0.05
0.05
0.05
0.05
0.05
0.05
0.05
0.05
0.05
0.05
0.05
0.05
0.05
0.05
0.05
0.05
0.05
0.05
0.05
0.05
0.05
0.05
0.05
0.05
0.05
0.05
0.05
0.05
0.05
0.05
0.05
0.05
0.05
0.05
0.05
0.05
0.05
0.05
0.05
0.05
0.05
0.05
0.05
0.05
0.05
0.05
0.05
0.05
0.05
0.05
0.05
0.05
0.05
0.05
0.05
0.05
0.05
0.05
0.05
0.05
0.05
0.05
0.05
0.05
0.05
0.05
0.05
0.05
0.05
0.05
0.05
0.05
0.05
0.05
0.05
0.05
0.05
0.05
0.05
0.05
0.05
0.05
0.05
0.05
0.05
0.05
0.05
0.05
0.05
0.05
0.05
0.05
0.05
0.05
0.05
0.05
0.05
0.05
0.05
0.05
0.05
0.05
0.05
0.05
0.05
0.05
0.05
0.05
0.05
0.05
0.05
0.05
0.05
0.05
0.05
0.05
0.05
0.05
0.05
0.05
0.05
0.05
0.05
0.05
0.05
0.05
0.05
0.05
0.05
0.05
0.05
0.05
0.05
0.05
0.05
0.05
0.05
0.05
0.05
0.05
0.05
0.05
0.05
0.05
0.05
0.05
0.05
0.05
0.05
0.05
0.05
0.05
0.05
0.05
0.05
0.05
0.05
0.05
0.05
0.05
0.05
0.05
0.05
0.05
0.05
0.05
0.05
0.05
0.05
0.05
0.05
0.05
0.05
0.05
0.05
0.05
0.05
0.05
0.05
0.05
0.05
0.05
0.05
0.05
0.05
0.05
0.05
0.05
0.05
0.05
0.05
0.05
0.05
0.05
0.05
0.05
0.05
0.05
0.05
0.05
0.05
0.05
0.05
0.05
0.05
0.05
0.05
0.05
0.05
0.05
0.05
0.05
0.05
0.05
0.05
0.05
0.05
0.05
0.05
0.05
0.05
0.05
0.05
0.05
0.05
0.05
0.05
0.05
0.05
0.05
0.05
0.05
0.05
0.05
0.05
0.05
0.05
0.05
0.05
0.05
0.05
0.05
0.05
0.05
0.05
0.05
0.05
0.05
0.05
0.05
0.05
0.05
0.05
0.05
0.05
0.05
0.05
0.05
0.05
0.05
0.05
0.05
0.05
0.05
0.05
0.05
0.05
0.05
0.05
0.05
0.05
0.05
0.05
0.05
0.05
0.05
0.05
0.05
0.05
0.05
0.05
0.05
0.05
0.05
0.05
0.05
0.05
0.05
0.05
0.05
0.05
0.05
0.05
0.05
0.05
0.05
0.05
0.05
0.05
0.05
0.05
0.05
0.05
0.05
0.05
0.05
0.05
0.05
0.05
0.05
0.05
0.05
0.05
0.05
0.05
0.05
0.05
0.05
0.05
0.05
0.05
0.05
0.05
0.05
0.05
0.05
0.05
0.05
0.05
0.05
0.05
0.05
0.05
0.05
0.05
0.05
0.05
0.05
0.05
0.05
0.05
0.05
0.05
0.05
0.05
0.05
0.05
0.05
0.05
0.05
0.05
0.05
0.05
0.05
0.05
0.05
0.05
0.05
0.05
0.05
0.05
0.05
0.05
0.05
0.05
0.05
0.05
0.05
0.05
0.05
0.05
0.05
0.05
0.05
0.05
0.05
0.05
0.05
0.05
0.05
0.05
0.05
0.05
0.05
0.05
0.05
0.05
0.05
0.05
0.05
0.05
0.05
0.05
0.05
0.05
0.05
0.05
0.05
0.05
0.05
0.05
0.05
0.05
0.05
0.05
0.05
0.05
0.05
0.05
0.05
0.05
0.05
0.05
0.05
0.05
0.05
0.05
0.05
0.05
0.05
0.05
0.05
0.05
0.05
0.05
0.05
0.05
0.05
0.05
0.05
0.05
0.05
0.05
0.05
0.05
0.05
0.05
0.05
0.05
0.05
0.05
0.05
0.05
0.05
0.05
0.05
0.05
0.05
0.05
0.05
0.05
0.05
0.05
0.05
0.05
0.05
0.05
0.05
0.05
0.05
0.05
0.05
0.05
0.05
0.05
0.05
0.05
0.05
0.05
0.05
0.05
0.05
0.05
0.05
0.05
0.05
0.05
0.05
0.05
0.05
0.05
0.05
0.05
0.05
0.05
0.05
0.05
0.05
0.05
0.05
0.05
0.05
0.05
0.05
0.05
0.05
0.05
0.05
0.05
0.05
0.05
0.05
0.05
0.05
0.05
0.05
0.05
0.05
0.05
0.05
0.05
0.05
0.05
0.05
0.05
0.05
0.05
0.05
0.05
0.05
0.05
0.05
0.05
0.05
0.05
0.05
0.05
0.05
0.05
0.05
0.05
0.05
0.05
0.05
0.05
0.05
0.05
0.05
0.05
0.05
0.05
0.05
0.05
0.05
0.05
0.05
0.05
0.05
0.05
0.05
0.05
0.05
0.05
0.05
0.05
0.05
0.05
0.05
0.05
0.05
0.05
0.05
0.05
0.05
0.05
0.05
0.05
0.05
0.05
0.05
0.05
0.05
0.05
0.05
0.05
0.05
0.05
0.05
0.05
0.05
0.05
0.05
0.05
0.05
0.05
0.05
0.05
0.05
0.05
0.05
0.05
0.05
0.05
0.05
0.05
0.05
0.05
0.05
0.05
0.05
0.05
0.05
0.05
0.05
0.05
0.05
0.05
0.05
0.05
0.05
0.05
0.05
0.05
0.05
0.05
0.05
0.05
0.05
0.05
0.05
0.05
0.05
0.05
0.05
0.05
0.05
0.05
0.05
0.05
0.05
0.05
0.05
0.05
0.05
0.05
0.05
0.05
0.05
0.05
0.05
0.05
0.05
0.05
0.05
0.05
0.05
0.05
0.05
0.05
0.05
0.05
0.05
0.05
0.05
0.05
0.05
0.05
0.05
0.05
0.05
0.05
0.05
0.05
0.05
0.05
0.05
0.05
0.05
0.05
0.05
0.05
0.05
0.05
0.05
0.05
0.05
0.05
0.05
0.05
0.05
0.05
0.05
0.05
0.05
0.05
0.05
0.05
0.05
0.05
0.05
0.05
0.05
0.05
0.05
0.05
0.05
0.05
0.05
0.05
0.05
0.05
0.05
0.05
0.05
0.05
0.05
0.05
0.05
0.05
0.05
0.05
0.05
0.05
0.05
0.05
0.05
0.05
0.05
0.05
0.05
0.05
0.05
0.05
0.05
0.05
0.05
0.05
0.05
0.05
0.05
0.05
0.05
0.05
0.05
0.05
0.05
0.05
0.05
0.05
0.05
0.05
0.05
0.05
0.05
0.05
0.05
0.05
0.05
0.05
0.05
0.05
0.05
0.05
0.05
0.05
0.05
0.05
0.05
0.05
0.05
0.05
0.05
0.05
0.05
0.05
0.05
0.05
0.05
0.05
0.05
0.05
0.05
0.05
0.05
0.05
0.05
0.05
0.05
0.05
0.05
0.05
0.05
0.05
0.05
0.05
0.05
0.05
0.05
0.05
0.05
0.05
0.05
0.05
0.05
0.05
0.05
0.05
0.05
0.05
0.05
0.05
0.05
0.05
0.05
0.05
0.05
0.05
0.05
0.05
0.05
0.05
0.05
0.05
0.05
0.05
0.05
0.05
0.05
0.05
0.05
0.05
0.05
0.05
0.05
0.05
0.05
0.05
0.05
0.05
0.05
0.05
0.05
777777