2.71906
999999
-0.360208
-0.13431
0.0915475
0.101732
-0.0697187
0.133458
-0.0632994
0.144721
0.0482415
-0.136565
0.0930899
-0.334932
0.283107
0.288571
0.133708
-0.128158
-0.247303
0.152289
0.249272
-0.0644292
0.115317
0.0181205
-0.147302
-0.19165
0.142267
-0.1743
-0.178048
0.107278
-0.13363
0.188689
-0.0426961
-0.160022
-0.100275
0.0369923
0.0949145
0.0844156
0.0633166
-0.0261385
0.119005
-0.196503
-0.043071
0.138542
-0.194581
0.0340187
0.206371
0.0913807
-0.111347
-0.181197
0.136006
-0.208439
-0.081735
0.0891867
0.266251
-0.0556717
-0.109915
0.133754
0.0469384
-0.12048
-0.334116
-0.0263681
0.0840115
-0.0949066
-0.0311687
0.107154
0.229328
0.0716661
-0.0216457
-0.109084
-0.00731662
-0.0389763
0.0479011
0.170511
-0.00830705
-0.0979447
0.0958621
0.237074
0.0924706
-0.178199
0.0164724
-0.0921872
-0.0702105
0.250202
0.178819
-0.147624
-0.195754
0.171108
-0.169176
0.0857642
-0.139799
-0.0299002
0.123644
-0.0803319
0.0574363
-0.138421
-0.144181
-0.00259998
-0.111677
-0.0791314
-0.18545
-0.106003
0.137796
-0.113513
-0.135617
-0.0538733
-0.164777
0.0254471
0.0074222
0.080409
0.278962
-0.0500099
0.120851
0.17303
0.106498
0.109677
0.129359
-0.148252
0.239751
0.291518
0.148783
-0.133596
0.141156
0.18621
0.120913
0.122766
-0.113153
0.0109061
0.182865
0.0737698
-0.110546
-0.0716684
-0.13382
0.173317
-0.0350069
0.123718
0.234652
0.144945
-0.111423
-0.126979
0.189905
0.188946
-0.164636
0.0597394
-0.105923
0.145649
0.0626777
0.117578
0.17521
0.086259
0.0702663
-0.151284
-0.0297678
-0.0779162
-0.0428187
-0.00591791
0.157561
-0.0702974
-0.158479
0.179572
-0.221071
0.191769
0.161599
-0.038132
-0.0768076
-0.0580606
-0.0150455
0.152917
0.0773921
-0.15523
-0.108011
-0.0955107
0.126116
0.0235049
-0.0440088
0.182538
-0.134209
-0.159895
-0.148857
-0.099813
-0.0583799
0.00642406
-0.295759
0.117302
-0.0577766
-0.151459
0.0465785
-0.115686
-0.138254
-0.0524389
0.202991
-0.20323
0.0471067
-0.135042
0.139443
0.119543
-0.0777674
0.141117
0.155118
0.152321
-0.169702
-0.0899833
0.268859
-0.0915151
-0.13278
-0.0863843
0.130294
0.18384
-0.0724874
0.112641
0.118165
0.0184315
-0.200442
0.0521193
0.013943
0.11462
0.0662486
-0.034918
-0.137872
-0.0953915
0.0904389
0.101856
-0.0898928
0.0750613
0.0815673
0.0140213
-0.093141
0.179885
0.0971354
0.201173
0.129484
-0.161232
0.113286
0.216712
0.017984
0.104708
0.0223933
-0.052494
-0.0238786
0.0776748
0.223324
-0.040193
-0.107374
0.103224
-0.0475808
-0.135887
-0.0312451
-0.260007
-0.0781007
-0.00302793
0.00965683
0.0405806
-0.0110682
-0.108115
-0.0669626
0.178418
-0.0511163
-0.0839419
-0.121331
0.0611497
-0.0149694
0.0939735
0.139096
-0.178194
-0.151241
-0.0308776
0.087512
-0.0419641
-0.126814
0.151587
0.166224
0.13211
0.149984
0.0975731
-0.0068267
-0.104598
-0.13245
0.131951
0.0846445
-0.0087498
-0.0998727
-0.139583
0.0350631
0.223377
-0.0833732
-0.168423
0.0731231
-0.254323
0.208892
0.0242132
-0.14553
-0.119504
0.205355
-0.0354896
-0.154812
-0.164385
0.0857707
-0.236643
-0.105769
-0.126682
0.0981303
-0.126426
-0.119466
-0.101485
-0.0280123
-0.0203487
-0.0927249
0.0537926
0.14876
0.14404
-0.0731549
0.0148265
-0.174995
-0.107347
-0.0253989
-0.036219
0.218973
0.0440284
0.210255
-0.097156
0.164863
-0.0546397
0.0525139
0.213688
-0.238429
0.0619245
-0.217058
-0.185515
0.166969
-0.191782
-0.103423
-0.136033
0.00781148
0.116405
-0.102078
0.173614
0.0674572
-0.266929
-0.0152014
-0.115817
0.0575847
-0.193048
0.122762
0.149246
0.0473799
-0.0355596
0.0415888
0.199685
-0.0809181
0.0112576
-0.209553
0.0438192
0.090597
-0.25948
-0.0846252
0.200308
-0.0382244
-0.181031
0.0917267
-0.148837
-0.0676999
-0.215184
0.125284
0.162822
-0.0283858
0.111457
-0.115211
-0.0178241
0.197308
0.16456
0.0528655
-0.0232075
0.113791
0.0410002
0.125697
-0.109277
-0.115024
-0.219066
0.00392073
0.0641698
0.0669932
0.012056
-0.137272
0.103441
-0.0411977
-0.188704
0.153609
0.0780165
-0.0693303
-0.0949469
-0.138868
0.0927079
0.18987
-0.034034
-0.105525
-0.0759732
-0.217109
-0.153821
-0.114145
0.0895527
0.146898
-0.0473606
0.142819
-0.149568
0.00772588
-0.166994
-0.0955584
0.077291
-0.0783777
-0.0358916
-0.0401377
0.0591345
0.0237775
0.0265572
-0.0564188
0.138957
0.0580155
-0.0705036
-0.0875269
-0.167747
-0.180337
-0.00215326
0.137063
-0.0260763
0.141729
0.0919758
0.141531
0.14605
-0.230578
-0.186702
-0.210237
-0.117808
0.0379387
0.067133
0.191128
-0.195144
-0.0649206
-0.179819
-0.30867
-0.0390843
-0.122528
-0.0692464
-0.105608
-0.00353112
0.224808
0.19949
0.0645185
0.0398959
-0.216487
-0.0378444
-0.120967
0.22184
0.0609475
0.128142
-0.0344663
0.119969
-0.0266619
-0.143013
0.0619411
0.101959
-0.0483541
0.147861
0.0461579
-0.134304
-0.155632
-0.00217476
-0.078827
0.221625
-0.122994
-0.0579888
-0.211795
0.0203274
0.0174581
0.126698
0.0393094
-0.131513
-0.100816
0.0596261
-0.0125109
0.0148338
0.0706834
-0.00405219
-0.27841
0.136986
-0.151059
0.0697804
0.0721368
-0.0910553
0.0808259
-0.175815
-0.0468742
-0.0982786
0.0382372
0.0920719
0.246933
0.0370829
0.111882
0.197398
-0.157003
0.00666562
-0.13459
-0.069877
-0.0338754
-0.0954657
-0.0843909
-0.246497
0.0568421
-0.0150715
-0.141304
0.0964986
0.0784292
-0.175058
0.15302
0.0804137
-0.069275
0.00744251
-0.0842726
0.0981817
0.162787
-0.238278
0.0318733
-0.0855452
-0.0752635
-0.020054
-0.168558
0.0770883
-0.164611
-0.206636
-0.142854
-0.185214
-0.133679
0.0169467
0.200025
0.109223
-0.14597
0.0394667
-0.0134497
0.0939264
0.0530919
-0.0847732
0.162363
-0.144055
0.017711
0.0789975
-0.23121
0.0967547
0.141695
-0.151189
0.249979
-0.164009
0.162525
-0.180742
-0.071113
0.248767
0.0170636
0.0517957
-0.0133733
0.225573
-0.0399948
-0.148351
0.0866135
-0.117025
-0.0714031
-0.0460249
0.171832
-0.00947974
-0.184179
-0.016819
-0.0320604
0.177379
-0.134812
0.052816
0.119323
0.0645363
-0.00159092
0.172809
-0.147509
0.0690414
0.0198353
0.00555436
0.0519109
0.144626
0.096635
0.112527
0.106155
-0.102388
-0.00527798
-0.191082
0.0785239
-0.0586725
-0.136373
0.151895
0.0787449
-0.0967585
-0.0629839
-0.0728387
-0.0574734
0.16867
-0.107754
-0.192079
0.216609
0.110896
0.11466
-0.311715
-0.201992
-0.125815
0.0417458
0.0112776
-0.130175
-0.0991728
0.1267
-0.113508
0.0909338
-0.158743
-0.0413539
-0.163611
-0.179109
-0.0242414
0.169585
0.16303
0.0578876
-0.16262
0.106057
-0.0484221
0.0515883
-0.129462
0.0379107
-0.0910162
0.111547
0.11126
-0.0297703
0.0555671
0.0436293
0.0831383
-0.1284
-0.114084
-0.0355506
-0.0341376
-0.00013508
-0.122238
-0.0759767
-0.032395
0.176475
-0.190691
-0.108652
-0.176906
-0.176336
-0.0852914
-0.0252066
0.073929
-0.0995928
-0.144794
0.233132
0.158421
0.0686464
0.0653176
0.0732609
-0.228554
-0.113065
-0.174127
0.0159963
-0.0591395
-0.20709
0.0170919
0.163314
0.181895
0.112043
-0.119942
-0.245562
0.0917633
0.0595013
0.215751
-0.00485158
-0.137587
0.0179822
0.113489
0.146577
0.0492404
0.082216
-0.0812807
0.0267814
0.0854351
-0.187869
0.0821719
-0.144057
0.310084
-0.178532
-0.156218
0.0113484
-0.0621124
-0.048236
-0.100999
0.0577
-0.0371515
-0.176101
-0.146808
-0.0849372
0.189888
-0.0698328
0.0294519
0.100128
0.10467
0.153939
0.13107
0.0446793
0.137834
-0.0390276
-0.0656791
-0.177256
-0.216712
-0.165021
0.00317568
0.119914
0.20979
-0.0621204
-0.0890488
-0.221243
0.00902121
0.111527
-0.0550143
-0.182001
0.0722552
-0.0608646
-0.0105162
0.0809033
0.11742
-0.00705274
0.0419089
-0.102774
0.213602
0.0215845
-0.0593501
0.225703
0.0725564
0.0564219
0.118964
0.119018
-0.184296
0.000672145
-0.0503984
-0.0310515
0.113993
0.0845171
0.0625235
-0.122375
0.0198537
-0.202372
-0.0413702
0.0554222
0.129935
-0.029504
-0.0612797
-0.121699
0.108328
-0.106518
0.120647
-0.130494
0.0680559
-0.0227229
0.205853
0.0438096
-0.111757
0.0067955
0.0975503
-0.0978503
-0.08369
-0.0523569
-0.0703612
-0.0119548
-0.0119024
0.166812
0.155622
-0.0412689
0.0311121
-0.112099
-0.032421
-0.112592
0.0696034
0.0440964
-0.13984
-0.0643206
-0.170522
-0.0563334
0.0774314
0.088117
-0.040697
-0.148731
-0.100057
-0.00227425
0.0606782
-0.142895
0.105334
-0.145596
-0.142805
0.105804
0.315745
0.0286364
-0.15561
-0.0906679
-0.0241014
0.184037
-0.0816168
-0.135101
0.180075
-0.134364
-0.0618212
-0.150997
0.0955382
-0.0830213
-0.14655
0.0462527
-0.169627
0.148671
-0.173859
-0.00076928
0.17225
0.0924333
-0.111479
0.0459944
-0.149241
0.00946452
0.0045753
-0.250613
0.0722568
-0.0316152
0.115095
-0.041139
0.0543074
0.0876912
0.0646258
0.127701
-0.117437
0.163194
0.216649
0.166102
0.0990501
-0.191374
-0.154757
-0.0820507
0.108918
0.0688126
-0.0285722
0.123339
-0.185294
0.139375
-0.0614518
0.0280415
-0.040038
0.158204
0.0104633
-0.0360843
0.036321
0.0849747
0.0805102
-0.103215
0.00129625
0.174268
0.108399
-0.0721925
0.027429
0.0213135
0.00944425
-0.250338
-0.181847
0.062025
0.0745794
-0.104405
-0.129631
0.0361848
0.117381
0.280194
-0.0776844
0.0400928
0.157721
0.0939164
0.0669776
-0.0872375
0.097077
0.107525
0.137806
-0.0948403
0.102824
-0.111133
0.0872536
-0.128401
0.0757855
0.202623
-0.212133
-0.22621
-0.114994
-0.305167
0.142049
0.0731618
0.209989
-0.0792886
0.0652891
0.0671979
-0.147121
0.114922
0.0479358
0.0257835
0.121489
-0.058766
0.0510178
-0.042685
-0.107748
-0.0244373
-0.0965267
-0.160567
-0.0827487
-0.0974899
-0.0339389
-0.0462396
0.0354494
-0.053344
0.15853
0.0604089
0.0344869
0.100765
-0.165538
0.0878924
0.162545
-0.185659
0.00901428
-0.159362
-0.0961336
0.132356
-0.0162339
-0.00137669
-0.10103
-0.230939
-0.0532085
-0.111294
0.0828024
0.148174
-0.171826
0.087951
0.0230354
-0.206035
-0.129534
-0.155296
-0.0342145
-0.235882
0.133678
-0.261154
-0.28447
0.147742
-0.223158
-0.107781
-0.135467
-0.127952
-0.0330499
0.0583726
-0.000424868
0.151249
0.103027
-0.0532599
-0.237034
-0.1343
0.00632464
0.16292
-0.194199
0.153781
-0.0909379
0.0465046
-0.0905835
-0.201321
-0.12862
0.141237
-0.0969853
0.107225
0.00764495
0.0961878
-0.0149887
0.244268
-0.148621
0.0404363
-0.210929
0.101576
0.175436
-0.1157
-0.180469
0.188002
-0.00891541
-0.0219068
0.0834661
0.0869065
0.0690632
0.0358097
0.0962663
0.184912
-0.0910728
0.0606499
-0.102487
-0.132695
0.148005
-0.133792
0.133891
-0.116313
-0.0212625
0.137744
0.0443178
-0.098249
0.0636027
0.0961842
0.0509984
0.0137534
-0.109948
0.141925
-0.0445273
0.136104
0.141114
0.0305784
0.105335
0.129666
-0.182842
-0.013085
0.0488943
0.0728848
0.195707
-0.0786225
0.157194
-0.0876524
-0.037533
0.149137
0.0816459
0.0805734
-0.0230288
-0.147845
0.232953
-0.152819
-0.162621
-0.150644
0.214346
-0.239226
0.0400898
-0.043108
0.0633061
-0.0740951
0.00274978
-0.0277142
-0.190038
-0.00715816
0.167089
-0.125339
0.0945805
-0.119091
0.092721
-0.0473049
0.187374
-0.255208
-0.0189068
-0.129625
0.155189
-0.109965
0.064618
0.115439
0.0714126
0.0384606
0.12075
-0.0247937
0.0924436
0.249619
0.18915
0.0646899
-0.0910721
0.0860537
0.114915
-0.102991
0.152118
-0.0573109
0.0507848
-0.236103
-0.00629346
-0.119693
0.153401
-0.0349561
-0.125244
-0.0666033
-0.0721268
0.02982
0.21808
0.126761
-0.0381835
-0.015026
-0.0306914
-0.132136
0.0780921
0.206276
0.187991
-0.100112
-0.0470732
-0.0904019
-0.0145061
0.0834265
-0.105139
0.0971098
0.00585867
0.0769526
0.152246
0.0640999
0.0425783
-0.122007
-0.0764053
-0.201193
-0.210148
0.130801
0.122792
-0.0578035
-0.0988786
-0.222643
-0.112256
0.198513
-0.0559196
-0.0199376
0.0330874
0.154256
-0.0650036
0.0735775
0.0400223
-0.149995
0.0175184
-0.0744783
-0.200576
0.198166
-0.168121
0.0869211
-0.168989
0.115677
0.291131
-0.0333622
0.0716115
0.275894
-0.0453671
-0.150722
0.154099
-0.0403385
-0.0830604
0.0420099
-0.185786
-0.0661556
-0.227394
-0.0415155
-0.177496
-0.156642
0.160414
-0.143527
0.128191
0.0393145
0.021179
0.00494672
-0.0431501
0.0742428
-0.190155
0.140414
0.176784
0.0167635
-0.268978
0.109683
0.0563969
0.0283597
0.130606
0.011561
0.178637
-0.141246
-0.0235468
-0.0469515
0.0550777
0.0705834
0.0069403
0.0861607
0.0365376
-0.0735486
0.144235
0.11224
0.0144224
0.179586
-0.0500351
0.0366416
-0.112601
0.0341164
-0.010911
-0.0851522
0.0955716
-0.00298449
0.0162778
0.0181698
-0.0942982
-0.0327053
0.0427371
0.078028
-0.154645
0.115017
0.166593
0.241139
0.121206
0.0173979
0.168337
0.264979
0.0749081
0.276862
-0.0398898
-0.219031
0.0670001
0.122843
0.195635
0.114617
-0.098934
0.0208951
-0.105201
-0.0994205
0.157778
-0.0852537
-0.158838
0.132664
-0.103574
-0.202398
-0.0722671
-0.143433
0.0901413
-0.24646
-0.111257
0.116823
0.0652745
-0.0950318
-0.073048
-0.194273
0.0731089
-0.0409587
0.113092
-0.0688964
-0.0126058
-0.0538054
0.0763805
-0.0803519
0.0791369
0.167927
0.191989
-0.0208018
0.0946948
-0.282542
-0.170135
0.103281
-0.0456138
-0.0307032
-0.18228
0.0136048
-0.21818
0.0207736
0.107594
-0.151616
-0.201004
0.0438941
0.00281366
-0.231031
-0.0025388
-0.22815
-0.0495071
-0.113124
0.0803687
-0.189002
-0.150589
0.0425742
0.0358268
0.0761768
-0.0915542
-0.135515
0.226457
-0.103834
0.0873923
-0.0301568
0.150479
-0.134885
0.0865514
-0.013115
0.128459
0.0284819
-0.088613
0.113309
0.120864
-0.0954274
-0.176755
0.12866
-0.157757
0.0414796
-0.0111605
0.0715271
0.235177
0.150764
-0.0746867
-0.0288584
0.241711
-0.118044
0.135026
-0.186583
0.0641821
-0.124599
-0.0731369
0.0292279
0.000843766
-0.0325899
0.0121923
0.00274089
0.105492
0.153164
0.0815345
-0.0900816
0.0643066
0.119173
0.0181919
-0.025652
0.0961369
-0.220875
0.0833911
-0.0554482
-0.251941
-0.182927
-0.149163
0.275435
-0.115866
0.0344382
-0.171892
0.0849275
-0.00851672
-0.167142
-0.103194
0.08288
-0.139335
-0.0876401
-0.18504
-0.0301574
-0.173122
0.195428
0.164537
-0.105575
0.13486
-0.0879082
0.020924
0.00809922
0.053279
-0.0554694
-0.0628046
0.0304659
0.0396817
0.201241
-0.0852735
-0.0414809
0.0538714
-0.0936785
-0.112869
-0.0929949
0.2021
0.182315
0.0966877
-0.0662078
-0.140567
-0.0225823
-0.0583761
-0.086938
-0.0130255
-0.103244
0.0191998
0.00468858
0.0834969
0.0619994
-0.0210097
0.0505103
-0.0154689
-0.0968813
-0.207104
-0.109921
-0.0327731
-0.149334
-0.177248
-0.0713274
-0.0116101
0.176156
0.050554
0.146695
0.120266
0.135639
-0.0234255
5.93353e-05
0.200684
-0.0776435
0.11261
0.00773331
-0.112692
0.057006
-0.13235
-0.156844
0.15791
0.1298
-0.123882
0.155432
-0.160004
-0.0978455
0.149605
-0.184478
-0.225153
0.13271
0.0496284
-0.187178
0.0532449
-0.0086878
-0.0364888
-0.120707
-0.0164458
0.0648366
-0.22052
-0.139335
-0.0430439
0.275405
-0.0187112
0.0708807
-0.0300285
0.191194
-0.046332
-0.0504231
0.124798
0.0286239
-0.189281
0.0585285
-0.0610573
0.134585
0.04916
-0.021191
-0.0461452
-0.0659158
-0.169237
-0.135364
0.126062
0.149552
0.0430262
-0.0188003
0.0557723
0.238203
0.14585
0.182893
-0.154484
0.188241
0.155872
-0.0361928
-0.00903462
-0.0491961
0.0772732
0.085644
-0.186406
-0.0244076
-0.143655
-0.0264277
-0.0508117
0.0938681
0.188207
-0.103547
-0.186225
-0.0820171
-0.072456
0.00906861
0.185276
0.103986
0.113941
0.0691174
0.195976
0.0411426
-0.188106
-0.106176
0.207691
0.151616
0.0407126
-0.0994992
-0.0237022
0.0122289
-0.093672
-0.145302
-0.0388816
0.115997
0.178119
0.00993205
0.083029
0.0070058
0.0876561
-0.120681
0.0566374
-0.0327544
-0.187474
0.148698
-0.0770244
0.0982363
-0.157854
0.0344177
0.125504
-0.270839
-0.0717496
0.128987
0.182973
0.0617107
-0.141654
-0.188163
0.019469
-0.0100445
-0.0994463
-0.179576
0.113299
0.157424
0.134154
0.0841948
0.0872734
0.154611
-0.0234178
-0.0892929
-0.0696088
-0.0372908
0.0466468
-0.00026755
-0.170397
0.0538792
-0.101047
-0.221613
0.111286
-0.0809054
-0.165493
-0.138624
0.159901
-0.163409
0.0789974
0.205053
0.17442
0.205845
0.104189
0.016493
-0.0375845
0.0960354
0.0698317
0.107546
0.212622
0.0802761
0.212855
-0.051468
0.0893921
0.0424471
0.0295644
-0.0169073
-0.0903452
-0.188742
-0.0278735
-0.0247085
-0.0637357
-0.160146
-0.215146
0.0591435
0.145635
-0.217302
-0.128127
-0.204146
-0.110726
-0.0514907
0.173513
-0.100062
-0.135428
0.0588727
-0.189713
0.0073367
0.126925
-0.068952
-0.0755916
-0.201885
0.0949285
-0.170021
-0.114626
0.153987
-0.185918
-0.00352906
-0.00263098
0.150773
0.238042
-0.0666152
0.190649
0.053899
0.186582
-0.0725485
-0.200267
0.215475
0.00301623
-0.0513515
-0.030562
0.133548
0.189462
-0.1589
0.00344746
-0.203116
-0.0181059
-0.0844167
0.246081
-0.0325218
0.141896
0.00850586
0.165669
0.0820527
0.111431
0.172973
-0.132715
0.0576857
0.221762
0.0603768
0.121353
0.131942
-0.0740157
0.142834
0.135044
-0.0627633
-0.0855251
0.00968337
-0.205732
-0.00587179
0.114836
0.161261
-0.085701
-0.17382
-0.00123994
-0.0429605
0.181824
0.071816
0.0659812
-0.112437
-0.0967311
-0.178044
0.137133
0.219995
-0.201998
0.175493
0.0233176
-0.00690074
-0.121362
0.139967
0.0785571
-0.151269
0.227292
0.0796342
-0.0394275
0.0306995
0.165942
0.0165659
-0.228366
-0.0170932
0.145168
-0.0873952
-0.147448
0.079986
-0.193453
0.131872
-0.00411324
-0.0679233
0.239206
0.055993
-0.127743
-0.0111459
-0.0907917
-0.224128
-0.0588224
-0.171058
-0.0766921
0.0606107
-0.0875974
-0.154948
-0.0814594
0.0698757
-0.075039
-0.0742363
0.0152219
-0.0187013
-0.0731318
-0.0640119
-0.0998449
-0.0389024
-0.140732
-0.167625
-0.0944969
0.0787637
-0.0417765
-0.114833
0.117584
-0.0972828
0.185394
-0.031151
0.0232964
0.0135222
0.134081
-0.157301
-0.21032
0.111232
0.0103586
888888
-0.19342
-0.0304443
-0.146085
-0.134706
0.0720482
-0.0534331
-0.0094726
0.0584308
-0.0934839
-0.0381867
-0.0529399
-0.0844935
-0.109384
0.190549
-0.0643848
-0.171694
0.150437
0.0710827
0.146193
-0.0094369
-0.167667
0.0540434
-0.185038
0.187423
0.0127926
0.171139
0.109053
0.0738198
-0.0713011
-0.00154553
0.146992
-0.201081
0.0513382
0.044901
0.0435515
0.045836
0.037146
0.0549865
0.0493872
0.0538394
0.0518656
0.0452348
0.0401006
0.0504463
0.0559911
0.0479061
0.0443595
0.0556984
0.0552639
0.0417732
0.0516006
0.0466702
0.0557117
0.0574327
0.0534106
0.0537064
0.059512
0.0547262
0.0580192
0.0497689
0.0475715
0.0474534
0.0543789
0.0639839
0.0571369
0.0424001
0.0571952
0.0455508
0.0563199
0.0466558
0.0582618
0.0516541
0.0430584
0.0453057
0.0617351
0.0439258
0.057115
0.0499421
0.0520716
0.0508531
0.0449204
0.0580994
0.0543597
0.0491959
0.0463012
0.046703
0.0480422
0.0431685
0.041474
0.0473327
0.0528015
0.0469053
0.0550439
0.0478684
0.0519287
0.0422935
0.0380506
0.0553505
0.0455017
0.055847
0.0466997
0.0479951
0.0442779
0.0610169
0.0548911
0.0523779
0.053821
0.0515649
0.0449648
0.0441682
0.0489281
0.0431186
0.0454758
0.0462693
0.0516205
0.0442224
0.0548247
0.0495232
0.0524985
0.0435119
0.0441479
0.0532175
0.0495845
0.0511451
0.0607209
0.0490434
0.0522335
0.0527592
0.0540387
0.0593614
0.0470146
0.0455198
0.0469422
0.066004
0.0485172
0.0518904
0.060235
0.0532041
0.0483392
0.0451212
0.0390454
0.0509741
0.0554616
0.0544775
0.0435899
0.0397657
0.0426526
0.0580352
0.0622284
0.0555841
0.0505358
0.0499987
0.0520095
0.0477729
0.0421804
0.0526738
0.0492856
0.0451009
0.0461538
0.0508102
0.053438
0.0467447
0.0486471
0.0561691
0.056017
0.047984
0.0433468
0.0570198
0.0489632
0.047222
0.050707
0.0553365
0.0465417
0.0577126
0.0493615
0.0603364
0.0491294
0.0523135
0.0579237
0.0463649
0.059089
0.048798
0.0376874
0.0507788
0.0570191
0.0510418
0.0538598
0.0605867
0.0542451
0.0555307
0.054896
0.058777
0.0459415
0.0479658
0.0464783
0.0531652
0.0559881
0.0463267
0.0564962
0.0470523
0.0594561
0.0453757
0.04876
0.0571028
0.0426423
0.0504783
0.0595361
0.0560965
0.0551918
0.0431887
0.0518562
0.0481066
0.048439
0.0459189
0.070715
0.0489707
0.0478767
0.0454925
0.0417921
0.048997
0.0476442
0.0562795
0.0438296
0.0484809
0.0599843
0.0571555
0.0452877
0.0546709
0.047689
0.0431363
0.0601267
0.0574935
0.0476992
0.0504923
0.0581209
0.0500762
0.0554825
0.0586914
0.0450781
0.0485162
0.0559285
0.0525224
0.0437537
0.0498292
0.0607376
0.0432902
0.0498335
0.050757
0.0584449
0.0435117
0.0525043
0.0417057
0.0464978
0.0499603
0.0412966
0.0568812
0.049929
0.0504594
0.0560427
0.0502155
0.0532612
0.0483991
0.0509633
0.0506354
0.0477496
0.0540842
0.053316
0.0473662
0.0470393
0.0514711
0.0453359
0.0470503
0.0402845
0.0624446
0.0478003
0.0504103
0.0495565
0.0627467
0.0491625
0.052438
0.0515779
0.0441031
0.0543643
0.0538213
0.0432137
0.0497314
0.056138
0.0436436
0.0435904
0.0546995
0.0557127
0.0425497
0.0504346
0.0452076
0.0449018
0.051935
0.04464
0.0445896
0.0556647
0.0436002
0.042618
0.0371151
0.0588228
0.0425415
0.0421023
0.0489601
0.0536404
0.0479961
0.0491824
0.0539868
0.0479677
0.0465301
0.0532492
0.0562686
0.0454325
0.0524293
0.0557542
0.0530043
0.0491192
0.0468973
0.0545981
0.037274
0.0477893
0.0469743
0.0549701
0.0508245
0.0473882
0.0508857
0.0571077
0.0525145
0.055373
0.0461065
0.0482489
0.049964
0.0470982
0.0508102
0.0505104
0.0499051
0.0487313
0.0463596
0.0546533
0.0426697
0.042346
0.0473629
0.055962
0.0504795
0.0547784
0.0499974
0.0457632
0.0531966
0.0508926
0.051005
0.0519751
0.0524497
0.0453349
0.0470267
0.0452099
0.0563262
0.057164
0.0510219
0.0454282
0.057395
0.0459097
0.0506046
0.0489812
0.051638
0.0427949
0.0490642
0.0502447
0.0494895
0.0522897
0.0409662
0.0583045
0.0482578
0.0500999
0.0552945
0.0602968
0.0580583
0.0438059
0.0455842
0.0579176
0.0595236
0.0503556
0.0429583
0.0473504
0.044112
0.0535418
0.0533451
0.0408032
0.046074
0.049657
0.0572442
0.0606839
0.0434621
0.0416658
0.053238
0.0532869
0.0541673
0.0521755
0.0567786
0.0501035
0.0586971
0.0533509
0.058539
0.0469536
0.0600147
0.0530278
0.0519753
0.0507175
0.0421118
0.0546667
0.050623
0.0647995
0.0506523
0.0480251
0.0538811
0.0607553
0.0461798
0.0478455
0.0470495
0.0450597
0.0564005
0.0482906
0.0535282
0.0464259
0.0439163
0.0568954
0.0638174
0.0590873
0.0462791
0.056082
0.0438776
0.0556865
0.0516691
0.0538456
0.0441203
0.0567975
0.0429243
0.0521243
0.0633636
0.0516989
0.0404697
0.0541325
0.0405866
0.0542868
0.0483482
0.0479432
0.0594737
0.0491479
0.0524926
0.054134
0.051435
0.0576346
0.0521661
0.0548037
0.0591226
0.0474505
0.0489808
0.0473857
0.0581831
0.0567724
0.0407426
0.040563
0.0625103
0.0428094
0.0494717
0.0455259
0.0501081
0.0517839
0.0697268
0.0511849
0.0521248
0.0494703
0.04751
0.049253
0.0552723
0.0537534
0.0446451
0.053175
0.0443101
0.0488498
0.041809
0.0454458
0.0512514
0.0400848
0.0516164
0.0463333
0.0549709
0.0465315
0.0481901
0.0530632
0.0536053
0.0469951
0.051707
0.0449145
0.0506371
0.051222
0.0479103
0.0551814
0.045705
0.0629994
0.0491213
0.048528
0.044258
0.0640036
0.0504325
0.0438099
0.0487412
0.0482024
0.0525791
0.0539224
0.044196
0.0405863
0.0492921
0.0500121
0.0542858
0.0487527
0.0472784
0.0513045
0.0479778
0.0566178
0.0479306
0.0515103
0.0442251
0.0573364
0.0500603
0.0504908
0.048883
0.0495181
0.0412984
0.0492244
0.0588725
0.0504847
0.0490927
0.0398358
0.0426411
0.0516826
0.046178
0.0591625
0.0450954
0.0470761
0.0524372
0.0397454
0.0469228
0.0464499
0.05251
0.0495739
0.0525878
0.0464757
0.0499204
0.0509183
0.0492111
0.0454356
0.0503835
0.0528415
0.0488437
0.0519206
0.0449424
0.0501872
0.0560095
0.0426459
0.0598789
0.048705
0.0447799
0.0418093
0.0498954
0.0426771
0.0476349
0.0522658
0.0566777
0.0462979
0.0510164
0.0424663
0.0412161
0.0514234
0.0468464
0.0573076
0.0457606
0.0516452
0.0554503
0.0430798
0.0493
0.0385043
0.0494951
0.0459201
0.0498031
0.0436343
0.0471076
0.0524252
0.0440913
0.0438151
0.0491182
0.0581003
0.0533339
0.0464475
0.0460601
0.0505644
0.0507329
0.0481155
0.0454388
0.0393967
0.0521529
0.0498673
0.0548811
0.058032
0.0506707
0.0443262
0.054862
0.057469
0.0569932
0.0465546
0.0492917
0.0516888
0.0440333
0.0467377
0.0485704
0.0514928
0.0605482
0.0517403
0.0514489
0.0514476
0.0443464
0.0583496
0.0504051
0.0486555
0.0543585
0.05421
0.0606003
0.0651961
0.0453422
0.0580116
0.0437234
0.0509496
0.0382179
0.0487372
0.0492919
0.0474913
0.0493574
0.0490337
0.041109
0.0574669
0.0469962
0.0528041
0.0474301
0.0502698
0.0485311
0.0527463
0.0453016
0.048541
0.0517403
0.0467946
0.0539233
0.0561103
0.0488194
0.0506743
0.0483822
0.0471683
0.0393352
0.046038
0.0535398
0.0464441
0.0483678
0.0509826
0.0472338
0.0418109
0.0520131
0.057649
0.0411872
0.0495868
0.0416208
0.0454847
0.0449631
0.0409381
0.0453348
0.049542
0.0472291
0.0486598
0.0482851
0.0502404
0.0484381
0.0602937
0.0524432
0.0551363
0.0503749
0.0533737
0.0420127
0.0677658
0.0601502
0.0550484
0.0487437
0.0672454
0.0476054
0.0493784
0.0575979
0.049389
0.0525056
0.060827
0.0559982
0.0584516
0.0394901
0.0480425
0.0478493
0.0517328
0.0485293
0.0514648
0.0455166
0.0594003
0.0534721
0.0436324
0.046744
0.0448225
0.0646711
0.0539673
0.0497994
0.0463074
0.0452329
0.0528676
0.0444809
0.0510542
0.054027
0.044223
0.0492451
0.0406689
0.0471571
0.0546743
0.0574545
0.048129
0.0478879
0.0597981
0.0411936
0.0388185
0.050053
0.053028
0.0415499
0.0541455
0.0480733
0.042612
0.0478276
0.0521834
0.0475815
0.0502974
0.0456316
0.0427272
0.0468529
0.0408111
0.0543066
0.0473505
0.0548389
0.0457904
0.0437256
0.0370723
0.0555849
0.0475121
0.0438714
0.0417321
0.0485915
0.0418508
0.056595
0.0508309
0.047695
0.0556236
0.0627013
0.0501488
0.0536531
0.046105
0.0490437
0.0431687
0.052734
0.0517996
0.0443342
0.0555187
0.0499507
0.0593112
0.04762
0.0531111
0.0367495
0.0521633
0.0572474
0.0459403
0.0409961
0.0489197
0.0525553
0.0603665
0.0512726
0.0461611
0.0431208
0.0502674
0.0509979
0.0465229
0.0489878
0.0514227
0.0491322
0.0443652
0.0599052
0.0547767
0.0448667
0.0542779
0.0465934
0.0438911
0.0515702
0.0414895
0.055151
0.0421668
0.0434021
0.0475702
0.0549269
0.0536787
0.0556952
0.0548796
0.0589014
0.0369216
0.0451518
0.0460205
0.0589744
0.0510811
0.0497009
0.0424231
0.0573861
0.0589078
0.0453933
0.0555336
0.0496573
0.0424354
0.0498354
0.0540085
0.0474782
0.0551456
0.0462842
0.0480415
0.053712
0.0503971
0.0504029
0.0598098
0.0547514
0.0529882
0.0467627
0.0629577
0.05408
0.0538183
0.0566232
0.0511223
0.0514666
0.0499321
0.0471317
0.0472929
0.0510746
0.0380356
0.0498842
0.0537058
0.0485364
0.0559632
0.0377556
0.0499984
0.0522982
0.0445979
0.0458476
0.0493471
0.0570683
0.0517284
0.0494013
0.0497646
0.0508602
0.0544172
0.0517077
0.0510382
0.0511508
0.0575314
0.0551604
0.0461592
0.0474222
0.0557971
0.0467428
0.04633
0.044442
0.039283
0.0561545
0.0533314
0.0481765
0.04395
0.0522477
0.0434175
0.0466318
0.0435824
0.0448533
0.0482865
0.0522616
0.0467278
0.0580268
0.0568527
0.0467332
0.0520817
0.0558741
0.0477556
0.0484276
0.0447315
0.0421194
0.053787
0.0515721
0.0474371
0.0590712
0.0562426
0.0645165
0.0450525
0.0719251
0.0488578
0.0361816
0.045259
0.0562218
0.0432417
0.0441777
0.0475168
0.0439502
0.0474787
0.0460803
0.0485269
0.0504249
0.0448851
0.0522644
0.055123
0.0487484
0.0545834
0.0583835
0.0475112
0.0418497
0.0426745
0.0593865
0.0484435
0.048744
0.0590263
0.0554997
0.0364316
0.0497343
0.0469313
0.0443388
0.0449632
0.0510033
0.0461562
0.0461854
0.0561566
0.0521665
0.0459606
0.0469851
0.0483808
0.0511715
0.0496416
0.0545829
0.0604199
0.0540811
0.0604485
0.0459519
0.0555708
0.0472439
0.0471949
0.0481731
0.0509899
0.0489303
0.0541076
0.0502761
0.048457
0.0432412
0.049493
0.0502922
0.0511087
0.0502388
0.051066
0.0526329
0.0482736
0.0467601
0.0458292
0.055356
0.0461154
0.0529288
0.0491713
0.0553095
0.043196
0.0427981
0.0406347
0.05213
0.0507172
0.047702
0.0549941
0.0553682
0.0483585
0.0590873
0.0592978
0.0498344
0.0373809
0.055527
0.0441106
0.0552935
0.0481753
0.0508459
0.0462529
0.0502167
0.0568017
0.0558679
0.049835
0.0424468
0.0588641
0.0468393
0.0500527
0.0517573
0.0619127
0.0478024
0.0514442
0.0456798
0.0550401
0.0435108
0.0509445
0.0475174
0.0437976
0.0518588
0.0566607
0.0486683
0.0468427
0.0542444
0.0564411
0.0518942
0.0408032
0.0515512
0.0623167
0.0530602
0.0459828
0.0474874
0.0534278
0.0544146
0.0501862
0.0545113
0.0607693
0.0473277
0.0481387
0.0450747
0.0531177
0.0423408
0.0417508
0.0518875
0.0468369
0.0431903
0.0457527
0.0475732
0.0561345
0.0426461
0.0502568
0.0490684
0.0522005
0.0449236
0.0449643
0.0443753
0.046676
0.0576353
0.058621
0.0514036
0.048566
0.0476323
0.0393268
0.0579894
0.043888
0.0474527
0.0508691
0.0558571
0.0435742
0.0428881
0.0427072
0.0593933
0.0528136
0.0506893
0.0444784
0.0476797
0.0493698
0.0462532
0.055842
0.0565877
0.0567996
0.0481928
0.0468127
0.0483465
0.0509494
0.0695305
0.0508789
0.0514413
0.0578021
0.0499936
0.0535986
0.0593234
0.0515043
0.0407924
0.0492318
0.0449409
0.0443445
0.0596869
0.0472858
0.0506068
0.0506118
0.0421345
0.0524083
0.0436
0.0499679
0.0554826
0.0487591
0.0437874
0.054343
0.0476819
0.052711
0.0534876
0.0429492
0.0480245
0.0566573
0.052322
0.0547913
0.0492355
0.0481465
0.0552513
0.0452769
0.0503099
0.0491692
0.0508825
0.0506241
0.0546543
0.0568914
0.0520149
0.050419
0.0499138
0.046871
0.0481198
0.0531403
0.0516815
0.0470562
0.0537385
0.0546335
0.0537386
0.0505645
0.0485525
0.0582221
0.0442798
0.0417864
0.0571138
0.0394973
0.0433079
0.047163
0.0540648
0.0510893
0.0452608
0.0425594
0.0539805
0.0432536
0.0385791
0.0678494
0.05
0.0659494
0.0464194
0.0535638
0.0545304
0.0502228
0.0516694
0.0442848
0.0462848
0.0437132
0.0561831
0.0488594
0.0450081
0.0492477
0.0494771
0.0559781
0.0587877
0.0507151
0.044137
0.049329
0.0520993
0.0511825
0.0415074
0.0471452
0.0457168
0.0419985
0.0488974
0.0468167
0.0535197
0.0503999
0.0387811
0.04895
0.0554193
0.0589491
0.05748
0.0445371
0.05414
0.0552071
0.0477775
0.0505877
0.0443549
0.0499997
0.0523642
0.0349684
0.056089
0.0601354
0.0477297
0.0554479
0.0547944
0.0508457
0.0571911
0.0530349
0.0458687
0.0476131
0.0596083
0.0534713
0.0470117
0.0547357
0.0412529
0.0574424
0.0517099
0.0594318
0.0506854
0.0507195
0.0555089
0.0449026
0.0466772
0.0426113
0.0506672
0.045418
0.0500484
0.0466891
0.054744
0.0496601
0.0590785
0.0517573
0.0548652
0.0555169
0.0521777
0.052659
0.0444239
0.0474768
0.0419542
0.0564883
0.048079
0.0488175
0.053697
0.0599513
0.0484867
0.0537831
0.0509542
0.0515189
0.0496301
0.0541981
0.0536163
0.0434208
0.0510841
0.0555662
0.0548938
0.0418642
0.0477144
0.0511784
0.0575057
0.0506923
0.0640862
0.0433512
0.0502677
0.0479802
0.0508137
0.0593798
0.044185
0.0444933
0.0400167
0.0564643
0.0529425
0.0557555
0.0394456
0.049052
0.0572005
0.054349
0.0477068
0.0531576
0.0454091
0.0564452
0.0535778
0.0452095
0.0515021
0.0411038
0.0519548
0.0634875
0.0504892
0.063957
0.0475198
0.0430572
0.058582
0.0450233
0.0514522
0.0482565
0.0420677
0.0445013
0.0513079
0.0534456
0.0515744
0.0554818
0.0402858
0.0542337
0.0564443
0.0395891
0.0529205
0.0576994
0.0410796
0.0559284
0.04294
0.0560677
0.0515713
0.049076
0.0442724
0.0502989
0.0471543
0.0600737
0.0500863
0.0494891
0.046141
0.0490178
0.0435447
0.0481328
0.0584639
0.047199
0.0464956
0.0477211
0.0605689
0.049896
0.0441265
0.0452652
0.0460851
0.0499985
0.0440687
0.0483032
0.0500879
0.0445722
0.0458951
0.0490114
0.048995
0.0524328
0.043169
0.0511855
0.0438504
0.0554764
0.050195
0.0602997
0.0573637
0.04949
0.0508098
0.0557836
0.0513074
0.0426412
0.0486088
0.0475958
0.0462054
0.0650753
0.0521833
0.0538702
0.045119
0.057432
0.0489984
0.0453975
0.053564
0.0489792
0.0553888
0.0476833
0.0506077
0.0548188
0.0426008
0.044324
0.0482271
0.0419841
0.0480643
0.041686
0.044868
0.0512355
0.0506304
0.0519885
0.0476704
0.051034
0.0568046
0.0510506
0.0538649
0.0483469
0.0548873
0.0484429
0.0579309
0.0448218
0.0470211
0.0540265
0.0410089
0.0498264
0.0478742
0.0546986
0.0547151
0.0552208
0.0479403
0.0551059
0.0487626
0.0532528
0.0603262
0.0415379
0.0517407
0.0540409
0.0530391
0.0534562
0.0554931
0.0556644
0.0447333
0.0399007
0.0502135
0.0537172
0.0504664
0.0483569
0.0508562
0.0467069
0.0497563
0.0527997
0.0525044
0.0493796
0.0509449
0.0525751
0.0562821
0.0572411
0.0513012
0.0525676
0.053053
0.0612533
0.0494037
0.0451381
0.0459024
0.0449479
0.0432985
0.0687957
0.0408192
0.0599909
0.0461471
0.0425626
0.0479639
0.0470945
0.0491871
0.0502755
0.0539074
0.0475254
0.047721
0.0467272
0.0563386
0.0594129
0.0528227
0.0456711
0.0528249
0.0484659
0.0527201
0.0415505
0.0436201
0.0519544
0.0423078
0.05338
0.0483261
0.0443064
0.0504551
0.0533791
0.0494479
0.0517754
0.0437609
0.048266
0.0478978
0.0508747
0.0468148
0.0486629
0.0566673
0.0523646
0.0579533
0.051393
0.0545993
0.0477198
0.049093
0.053138
0.0547468
0.0507998
0.0432817
0.050958
0.0500847
0.0533671
0.0454483
0.0561164
0.0457939
0.0478608
0.0467144
0.0448314
0.0523526
0.0508182
0.0549178
0.0528185
0.0527742
0.0494543
0.0509848
0.0461288
0.0451849
0.0518514
0.0508278
0.0593553
0.0463342
0.0532736
0.0502125
0.0429589
0.0468841
0.0535025
0.0540502
0.0477254
0.0435042
0.0482215
0.0552784
0.0471716
0.0496506
0.0493229
0.0563299
0.0490825
0.0521456
0.050062
0.0489441
0.0506703
0.0511115
0.0549306
0.0559188
0.0519184
0.059545
0.0476028
0.0547592
0.0433448
0.0472541
0.047502
0.0490228
0.0483453
0.039153
0.0466467
0.0535726
0.0520867
0.0570286
0.0479127
0.0468023
0.0496756
0.0560463
0.0429515
0.0540518
0.0484522
0.0511042
0.0468669
0.0469177
0.055316
0.0466746
0.0473365
0.0528071
0.0514166
0.0520392
0.0510728
0.0428495
0.0480384
0.0487028
0.0476468
0.054072
0.0540931
0.050687
0.050564
0.0437064
0.0389957
0.047911
0.0646279
0.0547357
0.0623991
0.0479336
0.0446369
0.0471998
0.0563384
0.0518996
0.0371924
0.0426236
0.0480802
0.0672647
0.0510519
0.0485505
0.0413761
0.0482881
0.0463764
0.0556441
0.0524414
0.0537459
0.0491579
0.0508829
0.049293
0.055019
0.0484402
0.0438189
0.0483252
0.0545805
0.0467286
0.0542736
0.0496025
0.0457366
0.045066
0.0454097
0.0528236
0.0475781
0.0487824
0.0488335
0.0490244
0.0517823
0.0409907
0.0460343
0.0519006
0.0519445
0.0549629
0.0532791
0.0469151
0.0465667
0.0464792
0.0471985
0.044659
0.0447627
0.0451657
0.0542853
0.0423065
0.0372993
0.048733
0.047658
0.0522606
0.0573574
0.0553896
0.048812
0.0509248
0.049096
0.0521735
0.0425477
0.0493324
0.0545196
0.0400014
0.0489494
0.0442538
0.0404788
0.0504677
0.0664242
0.0509838
0.0508802
0.0562828
0.0542165
0.057004
0.0481931
0.0465047
0.0453391
0.0442655
0.0485259
0.0571025
0.0458731
0.0432068
0.0554246
0.0657256
0.0525621
0.0495511
0.0590682
0.0441263
0.0484481
0.0677499
0.0505417
0.0459121
0.0436531
0.0571617
0.0482782
0.0535382
0.0375207
0.0520098
0.0660822
0.046177
0.057643
0.047955
0.0476839
0.0476539
0.043003
0.0495899
0.0416666
0.0573624
0.0422642
0.0603353
0.0466945
0.0533121
0.0563317
0.045469
0.051356
0.0479715
0.0543193
0.0540897
0.0479206
0.0469179
0.0474853
0.0558999
0.0527088
0.0526786
0.0439698
0.0488099
0.0411829
0.05
0.05
0.05
0.05
0.05
0.05
0.05
0.05
0.05
0.05
0.05
0.05
0.05
0.05
0.05
0.05
0.05
0.05
0.05
0.05
0.05
0.05
0.05
0.05
0.05
0.05
0.05
0.05
0.05
0.05
0.05
0.05
777777