1.10075
999999
0.15149
0.0569162
-0.0603223
-0.198896
-0.147924
0.100188
-0.180639
0.043523
-0.11506
0.186546
0.0865024
-0.181645
0.125345
-0.0794605
-0.029583
0.207956
0.00564314
0.179789
0.280126
-0.12802
0.0559902
0.273121
-0.261404
-0.00758821
-0.0502603
-0.105371
-0.118565
-0.130007
0.577027
0.0728306
-0.0137401
-0.0871974
0.188609
-0.103051
-0.137282
-0.032591
-0.035687
-0.0210649
0.194794
0.155261
-0.0693487
0.097663
0.121087
-0.118543
0.0572683
0.0650724
0.0476505
0.0583811
-0.0512424
-0.14855
-0.246356
0.0440215
0.0804937
0.126254
0.12651
0.081246
0.00502698
-0.197387
-0.152611
0.0180945
0.00419945
-0.126402
-0.0448077
0.107155
0.0872019
0.160527
-0.161456
0.0440925
-0.185479
-0.0364423
0.071083
0.124038
-0.220366
0.00634965
-0.158328
-0.0586684
-0.00194747
0.173185
-0.0261489
-0.198402
0.173375
0.00481148
0.17051
0.00244333
0.163871
0.0699995
0.091921
0.206825
-0.0762224
-0.00698277
0.00940713
-0.167699
-0.00152724
-0.188446
-0.0107468
0.147308
0.118154
-0.0638962
0.0641191
-0.0955584
0.0225
0.0955186
-0.0187587
0.121362
-0.0660587
-0.12532
0.116898
0.137863
-0.0810336
0.0441947
0.178307
0.204074
-0.0129793
-0.142095
0.0176853
0.224104
-0.130476
0.122608
-0.0192136
-0.234053
0.251452
0.107708
-0.0977172
-0.145235
0.163829
0.176197
-0.180093
0.19764
-0.0295613
0.117192
-0.0350502
0.132251
-0.0115506
0.107191
0.00721589
0.0751636
0.141288
-0.100464
-0.124113
-0.0577481
-0.0123606
0.0153918
0.157576
-0.109127
0.0133093
0.0478559
0.0828737
0.215925
-0.057363
-0.197228
-0.214237
-0.159625
0.0896588
0.104219
0.0163813
-0.116719
-0.169136
-0.0960175
-0.177347
-0.185618
-0.103892
0.00436971
0.0868824
-0.123763
0.0570727
-0.0957268
-0.19798
-0.0729582
0.0394977
0.0389647
0.183788
-0.0582504
0.0116143
0.00839014
3.15283e-05
-0.00136426
0.0115419
-0.0986257
0.105621
-0.225012
-0.0488674
0.0550816
-0.0183895
0.144075
-0.0290932
-0.075405
-0.0739861
-0.114307
-0.206431
-0.16781
0.0772091
-0.0265699
0.0285885
-0.0464035
-0.101734
-0.116716
0.101278
-0.263064
0.0267794
0.156595
0.287004
-0.0854607
0.0244683
0.0714843
-0.00596242
0.207313
0.126287
0.0116533
-0.162347
0.106779
-0.119367
0.138489
0.0970756
-0.126948
-0.0258428
0.0227043
-0.0312685
0.0263057
0.103367
-0.122801
-0.174314
-0.132875
0.032167
-0.21899
-0.043113
-0.0249188
-0.0264595
0.0765097
-0.203667
-0.00298125
0.235703
0.085384
0.146467
0.00177829
0.0665145
-0.17526
0.234504
0.271902
0.0549857
-0.177816
-0.0397836
0.0489554
0.194396
-0.00239143
-0.137494
-0.0656038
0.19982
0.253582
6.34894e-05
-0.0491017
0.108352
-0.0819302
-0.175561
0.177628
-0.0199289
-0.213039
0.0385557
0.0322294
-0.0754216
-0.109937
-0.145399
-0.12998
0.00546417
-0.0368121
-0.115992
-0.121787
0.163601
0.142146
0.0710207
0.0974396
0.0787706
0.189056
-0.127189
0.15099
-0.00611533
0.097552
-0.131506
-0.0187171
0.103889
-0.0647332
-0.0764617
0.171227
-0.185937
-0.125484
0.112862
0.120886
-0.0964081
0.261292
-0.0670862
0.282692
0.0749069
0.171676
0.264005
-0.20873
-0.0186464
0.163441
-0.0883522
-0.181199
0.057265
-0.0272455
0.0324341
0.0116658
0.0540948
-0.179653
-0.12941
-0.221235
0.093547
0.163386
-0.0011591
0.021757
-0.178164
0.113281
0.111738
0.0432982
-0.144678
-0.131762
-0.0779329
0.146421
-0.166241
0.11127
0.038868
0.124807
-0.0816665
-0.0671052
-0.146364
0.24823
0.0670821
-0.00197156
0.241015
-0.253822
-0.160408
-0.111045
0.00145661
-0.216904
0.0139115
0.166994
-0.0182529
-0.147683
0.105194
0.0188123
0.0339692
-0.0284795
-0.185416
-0.20688
-0.0236087
0.0663698
-0.0083472
-0.0292578
-0.207637
-0.181762
0.0953594
0.0195434
0.169883
-0.0914239
0.0249333
-0.135551
-0.041858
0.165831
0.261983
-0.117845
0.0764409
0.218555
0.198534
-0.234097
0.0791508
0.0104989
-0.197677
0.131082
0.142977
0.171642
-0.0436482
-0.0311342
0.114348
0.0636735
0.0613652
-0.173451
-0.10694
0.0409102
0.0964329
-0.189651
0.0284285
-0.0629821
-0.170252
0.173773
-0.124967
0.0674731
-0.0892108
-0.229301
0.22841
-0.0225767
0.104882
-0.0326912
0.088025
0.0855785
0.124825
-0.194559
0.0211399
0.223095
0.155687
0.0566545
0.124547
-0.115318
-0.111713
0.0826237
-0.00115928
-0.0269008
0.00297945
0.122008
0.153492
-0.193482
0.111363
-0.147352
0.0862857
-0.107558
0.0738655
-0.13888
0.138785
0.00605902
-0.143823
0.150484
0.12349
0.155008
-0.0596195
0.136112
-0.0648446
0.018212
0.308223
-0.0180654
0.0585121
-0.104373
0.12034
0.0572681
0.0310782
0.11284
0.146298
-0.114171
0.272779
0.0333967
-0.158521
-0.0703856
0.118998
-0.202075
0.0435279
0.0150834
0.183531
-0.171301
0.206358
0.113628
0.0894528
-0.208041
-0.0987177
-0.180629
0.204558
-0.137954
-0.124256
0.074397
-0.0287262
-0.0217077
-0.0796873
-0.182894
-0.0900837
0.0856004
-0.0341309
0.0997567
0.23197
-0.103783
-0.103637
0.147136
-0.138069
0.0475026
-0.187481
-0.0952652
0.174775
0.130329
0.0642729
0.135328
-0.04123
-0.00245774
0.199601
-0.0225824
-0.0818569
-0.15584
0.122974
-0.130318
0.03737
-0.00299562
0.0281692
-0.0275906
0.0911041
0.236555
-0.303304
-0.250364
0.196992
-0.161785
-0.192703
-0.144397
0.0766255
-0.159043
-0.0182354
-0.0867284
-0.26569
0.0841534
0.125869
-0.114329
-0.103243
-0.0978366
0.13108
-0.13566
-0.0459189
-0.0440873
0.151215
-0.0603148
0.0461335
-0.0123965
0.0399301
-0.063053
0.171583
-0.165861
0.196506
0.0416459
0.0137759
-0.129055
-0.048233
-0.00632527
0.129703
0.0329337
0.0896302
0.0631897
0.144806
0.00745404
-0.00400592
0.0533738
0.18028
0.119364
0.143887
0.0998058
-0.119226
0.179985
-0.142786
-0.00993721
-0.0811742
0.143487
0.0631545
0.113309
-0.199549
-0.0266906
0.175671
0.0930777
-0.126523
0.0321178
-0.110591
-0.0728513
0.0311098
-0.0665532
0.0673469
0.106019
-0.000882923
-0.0205555
0.154844
0.185102
0.0477561
-0.150623
-0.0334585
0.19973
-0.181966
-0.240727
0.0204528
-0.062305
-0.0655857
-0.119864
-0.0495174
-0.185877
0.147474
0.13101
0.147652
0.0188529
0.136508
-0.0236964
-0.126658
0.196769
0.0851659
0.0765108
-0.159396
0.162544
-0.0882799
0.134066
0.0409078
0.136278
-0.132008
0.0376699
-0.0742396
-0.0123098
0.174004
0.135697
0.0706127
-0.116609
0.00222841
0.15942
-0.0814424
-0.150964
-0.0211266
-0.0883315
-0.0445043
0.158656
-0.0924946
-0.108087
0.167798
-0.197047
-0.190527
0.0622351
0.0444247
0.154646
-0.0449691
-0.0988014
0.0423241
0.0171072
0.120559
-0.10399
-0.150746
0.0266036
0.0897497
0.171381
-0.104847
-0.00340693
-0.0520234
0.0959388
-0.0976026
0.0740706
0.151136
0.120823
-0.140644
-0.00297199
0.0662215
0.00927406
0.0241649
-0.0557385
-0.175345
0.180262
0.0255873
-0.210629
0.213915
0.172492
0.187584
0.0217077
-0.0730028
-0.00775492
-0.115954
-0.0341854
0.0181236
0.168436
-0.0951377
0.253882
-0.00349775
0.185408
-0.0733988
0.0908738
-0.102723
0.0333022
0.171008
-0.167096
0.164398
0.201737
-0.121467
0.0983345
-0.0621048
0.0328101
0.000260291
-0.0308507
-0.0439441
0.153265
0.212933
-0.123755
0.283543
0.0863959
0.0496333
-0.204875
-0.123668
0.107297
-0.171547
-0.0209958
-0.172589
-0.128262
-0.161226
0.0701829
0.0651992
-0.21433
0.221981
0.015062
-0.248864
-0.0287766
0.0560585
0.17215
0.260328
0.0756762
-0.0814816
0.00953746
0.0320887
0.0778261
-0.0102439
-0.0315448
0.135047
0.0696106
0.101944
0.128849
-0.101853
0.164618
0.027941
0.0338207
-0.0216841
-0.0475291
-0.0766203
0.0521533
0.124424
0.179843
-0.0266645
0.230995
0.209176
-0.116186
0.0268733
0.136263
0.148549
0.086271
-0.0912986
-0.037907
0.283588
-0.170761
0.171322
0.0924747
0.0266788
0.263492
-0.114628
-0.0232137
0.103087
-0.0713247
-0.184014
-0.0416619
0.0294423
-0.0901768
0.181745
-0.0845165
-0.00716984
0.173013
-0.000990147
-0.0828412
-0.0327643
-0.159833
-0.0514766
-0.130796
0.0418326
0.0761066
-0.128269
-0.100169
0.0395681
-0.102948
0.0215458
-0.225687
-0.208442
-0.0169835
-0.117741
-0.0286335
0.196257
-0.0257765
0.0279887
0.0207061
-0.152434
-0.195647
-0.0801775
-0.179145
-0.102177
0.260543
-0.0453872
-0.125097
-0.061308
-0.188511
0.091453
-0.0125074
-0.0857669
-0.0577789
0.241864
-0.185328
-0.123219
0.0415147
-0.176789
0.102244
-0.19892
0.0730715
-0.0335914
-0.218119
-0.0344532
0.00323002
-0.0204271
-0.131526
0.154439
0.00250844
-0.0220765
0.127639
0.0202278
0.0215322
-0.123138
-0.177664
0.0997089
0.123956
0.0970177
-0.00806669
0.0279476
-0.0677639
0.0480181
0.0556457
-0.0953161
0.0715838
-0.112866
0.063764
-0.174875
0.121968
0.0235476
0.0614398
0.025498
0.0477406
-0.0201575
-0.182541
-0.0838302
0.0148698
0.10066
-0.073517
0.0414797
0.238762
-0.142072
0.108843
-0.0954086
0.0232178
-0.0715381
-0.0248222
-0.182259
0.0553228
-0.101605
-0.158796
0.194199
0.0373643
0.128996
0.172226
0.034205
0.0892516
0.147816
0.0298085
-0.172069
0.171395
0.038615
0.148593
-0.218905
0.00212148
0.147209
0.0406966
0.172498
-0.00126361
0.0285386
-0.183642
0.226202
0.208633
-0.0881782
-0.0478405
0.121513
0.00789289
-0.186201
-0.00107229
0.0798353
0.0517864
0.00465596
-0.0899012
0.182456
-0.181071
0.0567429
-0.0869472
0.0517502
-0.172562
-0.0453211
-0.0107145
-0.111457
-0.137883
-0.247651
-0.0268888
0.073836
0.0307447
0.0865042
-0.0977845
-0.0578198
0.0657689
0.152144
0.140156
-0.0838066
0.162598
-0.0271917
-0.168812
0.00924659
-0.185924
0.0285436
-0.132518
-0.00428955
0.135897
-0.00519942
-0.205751
0.207015
-0.114088
-0.0539694
0.213726
0.112283
0.0246139
0.00518211
0.232849
0.0616151
0.0220427
-0.0128424
-0.0487781
-0.0916437
-0.100936
-0.0666027
-0.110841
-0.147237
-0.00742632
0.0286902
-0.0653003
-0.125123
-0.20796
0.104863
-0.109862
-0.0275324
-0.0328453
0.068511
0.038939
0.0493063
0.0182656
-0.128988
-0.268149
-0.0527993
-0.166756
0.105352
-0.10684
0.0434794
-0.00651679
-0.0116671
0.0111492
-0.0792138
-0.0680043
-0.162303
0.119933
0.249437
0.146364
0.242165
-0.106552
0.207847
0.0717329
0.0680764
-0.111033
-0.00160716
0.0855932
-0.156435
0.171717
0.173351
-0.11499
0.151513
-0.00484378
-0.151589
-0.113806
-0.162708
0.0482158
-0.203524
-0.107987
-0.187724
0.146113
0.0948721
0.202357
0.121822
0.0453126
0.0394991
-0.0416275
0.108273
-0.054673
-0.228425
-0.0134662
0.17573
0.233334
-0.264122
0.00211159
0.066618
-0.0809708
0.145867
0.160446
0.026257
-0.147828
0.145482
0.069719
-0.127045
-0.130205
-0.156808
0.199604
-0.0477392
-0.0997162
-0.147787
-0.166571
-0.110234
-0.113014
0.07459
0.0201247
0.172098
0.0166653
0.0829389
0.250812
-0.276429
-0.0274367
-0.0554176
-0.0532569
-0.195706
0.0576115
0.00140863
-0.0277467
0.131152
0.0673561
0.141063
0.0808077
0.0414716
-0.012086
-0.129504
0.0186436
-0.0305603
-0.162836
0.27606
-0.131921
-0.101356
-0.214698
0.101615
0.0181658
0.158157
-0.0901847
-0.104719
0.113286
-0.217144
0.193263
0.0235712
0.00804801
-0.0287243
0.0476158
0.0464446
-0.00855701
-0.0176862
-0.117208
-0.0332403
-0.284876
0.0366911
0.0146893
0.116422
-0.0120201
0.106718
0.173563
-0.146014
-0.0100701
0.0804609
-0.128055
-0.109613
-0.0977394
-0.133397
-0.0345562
-0.182967
-0.171865
-0.29743
-0.103109
0.153309
-0.0369711
0.0968467
-0.0044819
0.187179
0.171326
-0.111121
0.0785282
-0.100278
-0.214156
-0.212058
-0.153548
-0.101731
-0.0893417
0.0961231
-0.193074
-0.112467
0.0168017
-0.059812
0.0575487
0.0939282
0.149948
-0.28341
0.174894
0.0783683
-0.102706
0.283733
-0.0615113
-0.167201
-0.219402
0.112396
0.0653962
-0.104558
-0.0413189
0.163742
0.0982462
0.0943851
-0.0778107
0.00266756
0.0793963
0.122376
0.0267933
0.14467
0.0486522
0.0974842
0.137482
0.103993
-0.0511882
0.0398033
0.198407
-0.0230959
0.193697
0.0167021
-0.142771
0.0366161
0.0731195
-0.197181
-0.22057
-0.1767
0.153169
-0.185248
-0.025083
-0.0678287
-0.214463
-0.0396084
0.149817
0.0702886
-0.00935503
-0.173781
0.047407
0.0734468
-0.00051395
0.0415894
0.0409538
0.195167
0.152863
-0.10566
0.0355049
-0.05042
-0.0796715
0.258218
0.181314
0.0693098
0.214185
0.073965
-0.138201
-0.142416
0.131444
0.161645
0.0339077
0.0210436
0.149555
0.118585
0.13202
-0.142735
0.209058
-0.0206432
0.0786163
0.103505
-0.158116
0.131437
0.0559748
-0.0715113
0.0396727
0.256943
0.00146507
0.17749
0.00401617
0.0201404
-0.0461079
-0.0529495
-0.0518604
0.0358536
-0.0740756
0.0831482
-0.178142
-0.176306
0.11198
0.20471
-0.00558138
-0.229666
-0.192229
0.0816693
-0.243743
-0.199521
-0.163585
-0.047276
-0.0286738
0.0574816
-0.166508
-0.194809
0.0734628
0.0803724
0.0360844
-0.139297
0.155951
-0.214111
-0.126706
-0.249106
-0.107638
0.0706879
-0.0163891
0.150752
0.162179
-0.215314
-0.0305021
0.0265905
0.136026
-0.0524849
0.0591804
-0.0134074
0.100393
-0.121522
0.031288
-0.00316082
0.0329878
-0.128832
-0.0160043
-0.153926
0.0579976
-0.109067
0.182429
-0.218891
-0.21644
0.0971282
0.00188488
0.101481
-0.0248158
0.0521786
-0.106931
-0.057372
0.150752
-0.195004
0.210338
-0.13807
0.0367653
-0.0459319
0.0806271
0.065432
-0.130204
0.131811
0.0717373
0.0972493
0.038567
-0.00948304
-0.11551
-0.0702413
-0.0477876
-0.0909957
-0.14857
-0.162952
0.129774
0.173774
-0.109529
-0.158634
0.121909
0.139006
-0.17553
-0.0694113
0.0165724
0.153299
0.153102
-0.129545
-0.0953438
0.0326284
0.0940002
-0.104414
-0.0811908
0.125873
0.210145
0.116698
-0.257601
0.235489
-0.185897
-0.070774
-0.0797676
0.257512
0.0336471
-0.122181
0.157387
-0.114987
-0.111594
0.203136
0.155498
0.0337194
-0.0640572
0.00302471
-0.101968
0.233996
0.0897373
-0.164355
0.0536571
-0.040775
-0.00848671
0.250728
0.0874526
0.0492883
0.0714453
-0.0364627
0.0302066
0.175058
0.117585
-0.105012
-0.181787
-0.0505243
-0.130354
-0.0431548
0.246414
0.120391
0.205489
-0.11618
0.0433462
0.0248551
-0.0457802
0.154129
-0.261719
-0.171436
0.136198
-0.0931937
-0.0719998
0.116538
-0.231375
-0.0844351
-0.107274
0.0844451
-0.091738
0.0188185
-0.0173966
-0.0216989
0.104152
-0.0175064
-0.0691469
0.0678847
0.00654273
-0.000740825
-0.0465807
0.125856
0.217195
-0.168483
0.0529612
-0.0657068
-0.0936273
0.0600981
-0.290689
-0.150644
-0.0268368
0.0763391
-0.269978
-0.214435
0.200797
0.12945
0.0771404
0.022789
-0.0377429
0.15423
0.145823
-0.207557
-0.0154138
-0.0951272
0.000577017
-0.166829
-0.133867
-0.00806759
0.169094
0.0327728
-0.210918
-0.117712
-0.0468003
-0.0116487
0.233328
-0.0824021
0.0758733
0.0258233
-0.0928367
0.0251053
0.0119833
-0.0661593
-0.275783
-0.125586
-0.0677029
0.100325
0.0839419
-0.0606931
0.115204
0.100302
-0.0561753
0.00262174
-0.262831
-0.225317
-0.128524
-0.0555691
0.0564917
0.0327256
0.203825
0.0899272
-0.032373
0.289529
-0.0299783
0.0353367
0.112477
-0.120687
0.112116
0.1753
0.162101
-0.0781168
0.0680185
-0.163935
-0.033849
-0.0971336
0.089252
-0.10039
0.156615
-0.0771335
-0.0267743
-0.0464695
-0.102041
0.11254
0.0927249
0.106592
-0.172081
-0.0528102
0.0204901
-0.0919066
-0.0411877
-0.0236071
-0.100711
0.147612
0.0470741
-0.148142
-0.0487356
0.0027814
-0.0454202
-0.116221
-0.201813
0.123204
0.11889
-0.0608859
0.133731
0.019204
-0.0487663
0.187747
0.128592
-0.147217
0.014554
-0.0264488
0.189414
-0.0278738
0.126118
0.0616187
-0.0802521
0.194629
0.159865
-0.0549912
0.0938269
0.187709
0.0969418
0.176637
-0.0126389
0.110182
0.191137
-0.00274513
0.00711045
0.0289662
-0.132139
0.0505496
0.0968994
-0.0511432
0.0122273
-0.170633
-0.0109085
0.13404
0.0406122
0.184728
0.119075
0.141654
0.0751338
0.185045
0.00038477
-0.251876
-0.131516
-0.212056
-0.0259612
-0.0327372
-0.0949504
0.0568626
-0.153805
0.0810335
0.177558
-0.110719
0.150041
0.00350141
0.0748937
-0.195404
-0.0541737
-0.0999548
0.00785031
-0.0257809
-0.228385
-0.128686
-0.0192475
0.162311
0.291322
0.0390146
0.221552
0.0820577
-0.136542
-0.142825
0.0391616
0.0926918
-0.152028
-0.0941886
-0.237568
-0.160218
-0.0487952
-0.11018
0.0543342
0.126078
-0.0149114
-0.148327
0.140947
-0.0206335
0.0357053
-0.0483863
0.153242
-0.0384135
-0.0934167
0.0650767
-0.0928823
0.122304
-0.0916338
-0.205047
0.112811
-0.00806228
0.0797556
-0.0973383
0.0345916
0.139584
-0.0488948
0.0894278
0.12269
0.150203
-0.137914
-4.22003e-05
0.188465
0.284588
-0.00741933
0.00268074
0.0770322
0.0272709
-0.183061
-0.117039
-0.197598
-0.116447
0.19762
0.194511
-0.194197
-0.00387175
0.128884
-0.220255
-0.100519
-0.12657
-0.0790803
-0.18553
-0.0708883
0.0537575
-0.0312141
0.1299
0.0433908
-0.229585
0.0160365
-0.00434516
-0.00351713
-0.0137867
0.141549
0.0427167
0.177389
0.0838344
0.262768
0.118046
0.0517049
-0.00276193
-0.0990268
0.120735
-0.116315
-0.188727
-0.110541
-0.0501155
0.0712707
0.0293173
0.0170128
-0.173725
-0.206382
-0.106681
-0.1572
0.00843593
-0.151818
-0.16935
0.133907
-0.13159
-0.227211
-0.166433
-0.21024
0.0855486
0.0910255
0.072608
0.0802575
0.176876
0.0217237
0.109255
-0.142449
-0.236937
0.0494756
-0.0381831
-0.131796
-0.0915156
-0.0321464
-0.145166
0.0884227
-0.0500231
-0.0178848
-0.156655
-0.0126346
-0.103524
0.186684
0.138662
0.226215
0.12068
-0.0831533
-0.0980604
0.0627864
-0.0131819
-0.0531998
0.026924
0.00901568
-0.152942
-0.199021
0.195887
-0.127088
0.110175
0.151819
-0.154107
0.177073
0.126813
-0.0406756
0.0329411
-0.177368
0.0142448
0.0667791
0.00104957
0.150747
-0.0181013
-0.20685
0.169932
0.127648
0.1165
0.0864399
-0.193131
0.0891733
0.0345721
0.182859
0.0749226
0.00762797
-0.213452
-0.0572669
0.0805893
-0.257742
-0.0273115
-0.0873004
0.23058
0.0760388
0.0571894
0.166868
0.120151
0.239018
-0.0572993
-0.108854
-0.0990591
0.209455
0.127261
0.0181778
0.0751245
-0.125312
0.068407
-0.0591539
-0.222702
0.00702393
888888
-0.247948
0.162985
-0.00383594
-0.00481678
-0.0439478
0.0620571
-0.11172
0.00388707
0.112139
0.0744614
-0.127363
0.133459
-0.211847
-0.136262
-0.199384
0.0583361
-0.0548888
-0.0515102
0.108773
-0.0656043
-0.055179
0.149863
-0.103356
0.140275
0.117613
-0.0824549
0.16831
-0.127134
-0.191767
0.0439843
-0.0387796
0.0371201
0.0510246
0.0520499
0.0459945
0.0576771
0.0484502
0.0558578
0.0543222
0.0461539
0.0521706
0.049688
0.0480315
0.0417388
0.0582018
0.0416869
0.0577892
0.0432577
0.0559816
0.0481062
0.0417204
0.0444334
0.0452379
0.0523622
0.0649807
0.0483874
0.0457502
0.0483619
0.0476269
0.0530915
0.0523838
0.0385134
0.0449712
0.0568216
0.0490648
0.0487409
0.0503022
0.0484815
0.0465537
0.0470813
0.0396797
0.0516002
0.0499858
0.0515038
0.0546971
0.0497295
0.0455303
0.0404216
0.0547233
0.0510675
0.0524403
0.0617829
0.0560285
0.0456692
0.0511729
0.0464725
0.042554
0.0428295
0.0578115
0.0548591
0.0522245
0.0414158
0.0462843
0.0419905
0.0486078
0.0484612
0.0523514
0.0459675
0.0451337
0.045503
0.0559674
0.0516714
0.0430621
0.0463024
0.049072
0.0565215
0.0633473
0.0547957
0.0517432
0.045414
0.0578899
0.0543004
0.0568323
0.0468087
0.0567896
0.0455934
0.0464528
0.0541507
0.0460103
0.0563663
0.0492006
0.0559822
0.0571891
0.0477977
0.0566787
0.0579835
0.054065
0.0435796
0.0502049
0.0481571
0.0567575
0.0496468
0.0575702
0.0588025
0.0595859
0.0527458
0.0560025
0.0504076
0.04232
0.0476829
0.0552203
0.0590131
0.0536712
0.0473727
0.0465739
0.0553929
0.0486948
0.0522225
0.0484017
0.0527175
0.046889
0.048232
0.0468891
0.0565588
0.0527439
0.0458696
0.04786
0.0515431
0.0475396
0.0417444
0.0594836
0.0568537
0.0505609
0.0479901
0.044023
0.0538245
0.0602312
0.0641193
0.0523316
0.0479648
0.0504726
0.0466832
0.0496712
0.0565849
0.0509163
0.051634
0.0515574
0.0481218
0.0489252
0.0458829
0.044573
0.0427274
0.0414778
0.052034
0.0529751
0.0483719
0.0510131
0.0448692
0.0500232
0.0490331
0.047887
0.0484842
0.0436165
0.0529545
0.0424327
0.0505257
0.0498316
0.0409398
0.0498997
0.0502076
0.0552475
0.0423464
0.0583285
0.0434544
0.0547697
0.0524783
0.045228
0.0538052
0.0494453
0.0623311
0.0419043
0.0434138
0.0540825
0.0427667
0.0534206
0.0517806
0.0452476
0.0437028
0.0465188
0.0550226
0.0531845
0.049278
0.0484536
0.0518438
0.0669201
0.0466581
0.0642721
0.0495757
0.0516955
0.0453422
0.0457362
0.0504536
0.0459557
0.0481463
0.0475638
0.0512976
0.0552464
0.051455
0.0481947
0.0539146
0.0502968
0.0521817
0.0558932
0.0434278
0.0474752
0.0422458
0.0543032
0.0504668
0.0494035
0.0560174
0.0380906
0.0611795
0.0446942
0.050659
0.0419603
0.0501855
0.0676099
0.0425951
0.0400398
0.0507054
0.0465637
0.0548746
0.045003
0.0525309
0.0598731
0.0551102
0.0413556
0.0468272
0.0488785
0.0543944
0.0559427
0.0424634
0.0587138
0.0489369
0.055348
0.0514367
0.0471733
0.0560118
0.0573674
0.0559205
0.0502205
0.0483975
0.0473802
0.054567
0.0467394
0.0454191
0.051242
0.059756
0.0548623
0.0569584
0.0505516
0.0425446
0.0508253
0.0422676
0.0524791
0.0482956
0.0539959
0.0462101
0.0456862
0.0499424
0.0511808
0.0480844
0.0505957
0.0629199
0.0546335
0.0559817
0.0488472
0.0509949
0.0649802
0.0536889
0.0514
0.0488286
0.0490945
0.0537979
0.0542091
0.0522489
0.0525242
0.0392656
0.0444458
0.0464207
0.0513737
0.0458953
0.0473465
0.0467648
0.0493943
0.0547509
0.0492271
0.0467258
0.0547546
0.0526131
0.05522
0.0434694
0.0530588
0.0485368
0.0488881
0.0501717
0.0447323
0.0438567
0.0527875
0.05402
0.0519287
0.0434069
0.0479015
0.0483202
0.0513269
0.0435412
0.0491635
0.0434065
0.0474015
0.0467351
0.0527747
0.0463993
0.051086
0.0634563
0.0471847
0.0633124
0.0545197
0.0556514
0.0537739
0.0437116
0.0559925
0.0506027
0.050434
0.0643796
0.046198
0.0523836
0.058643
0.0630929
0.0584232
0.0520263
0.0487023
0.0453832
0.0433085
0.0531374
0.0575713
0.0562398
0.0456279
0.0525547
0.0478019
0.0468644
0.0444066
0.0532064
0.0483999
0.0588938
0.0445421
0.0386009
0.0500771
0.052843
0.0427712
0.0541979
0.0517102
0.0533772
0.0450176
0.0451829
0.0412917
0.0489704
0.0461732
0.0504185
0.0565014
0.0537223
0.0446049
0.0539488
0.0411025
0.059776
0.0479832
0.0515576
0.0434822
0.0476351
0.0418106
0.0454455
0.0409447
0.0505023
0.0547966
0.041588
0.0455762
0.0485228
0.0527183
0.047141
0.0484834
0.0400163
0.0483514
0.0494188
0.0472234
0.0450409
0.0486974
0.0600886
0.0505083
0.0496405
0.0551883
0.0502978
0.0590515
0.0497424
0.0538159
0.0551494
0.0477626
0.0522745
0.0557688
0.0496022
0.0499338
0.0407893
0.0426628
0.0416544
0.0444114
0.0507388
0.0474733
0.0452784
0.0430866
0.0521052
0.0505757
0.0562077
0.0559096
0.0487886
0.0543044
0.0547454
0.0520977
0.05649
0.0526345
0.0545015
0.0484997
0.0527217
0.0513811
0.0444355
0.0484785
0.0492875
0.0499712
0.0513063
0.0534657
0.0461351
0.0616548
0.056372
0.0543376
0.0433869
0.0469317
0.0498676
0.0551593
0.0513897
0.0452021
0.0516385
0.0504647
0.0490328
0.0523079
0.0461582
0.0517615
0.0437088
0.0440125
0.04295
0.0541276
0.0564689
0.0448356
0.0504515
0.0495768
0.0512251
0.0577394
0.0487472
0.0431577
0.0476007
0.0513656
0.0496217
0.0627866
0.0573079
0.049442
0.0540784
0.0524689
0.0529399
0.0517015
0.0637616
0.0468804
0.0523136
0.0426007
0.0464306
0.0476513
0.0494366
0.0600814
0.0526366
0.0490706
0.0499092
0.0567132
0.0543828
0.041581
0.0581112
0.0504382
0.0502877
0.0533839
0.0423759
0.0488934
0.0516599
0.0450347
0.05454
0.049361
0.0590799
0.0529358
0.0472193
0.0552876
0.0501826
0.0465142
0.0454512
0.055271
0.044717
0.0468468
0.0456978
0.0483127
0.0437538
0.0583296
0.0442607
0.0433957
0.0469995
0.0494448
0.0518684
0.0516378
0.0487448
0.052056
0.0509731
0.0471749
0.0492159
0.0454225
0.0633634
0.045423
0.0621184
0.0703514
0.0459568
0.0521153
0.0502795
0.0487714
0.0491618
0.0598983
0.0502234
0.0483956
0.0491145
0.0464029
0.0468317
0.0467564
0.0472744
0.0390552
0.0500223
0.0516252
0.0401457
0.0461005
0.0545711
0.051572
0.0481998
0.0477145
0.0599754
0.0468018
0.0497419
0.0477093
0.0525502
0.0497049
0.0574498
0.0441061
0.0497227
0.0501846
0.0509436
0.0534986
0.0599237
0.0648632
0.0473477
0.0593909
0.0503524
0.0474035
0.0545332
0.0494234
0.0480246
0.0517011
0.0527475
0.0440915
0.0448174
0.0526527
0.0539459
0.0461007
0.0416593
0.0488324
0.0553425
0.0425519
0.0529865
0.0480575
0.0505516
0.0479172
0.0529215
0.0384251
0.0424108
0.044708
0.0536505
0.0476779
0.0588568
0.0469015
0.0474934
0.0568621
0.0471778
0.0474871
0.0435683
0.0556839
0.0377945
0.0492638
0.0477216
0.0508568
0.0455259
0.0431605
0.0478551
0.0487906
0.0547924
0.0538592
0.0448209
0.0423742
0.0539778
0.0480205
0.0516594
0.0486127
0.0474851
0.0479754
0.0471724
0.0574356
0.0489019
0.0453634
0.0483123
0.0544781
0.0423284
0.0445726
0.0492736
0.0424022
0.0520725
0.0528502
0.0442797
0.0549013
0.0488298
0.057989
0.0656703
0.0541923
0.0497694
0.044899
0.0545214
0.0415762
0.0569117
0.044974
0.0651956
0.0493499
0.0578619
0.0531799
0.0463444
0.0428572
0.0556645
0.0441062
0.0482991
0.0485388
0.0483849
0.0481398
0.0429369
0.0478948
0.0496933
0.0531703
0.044266
0.0519618
0.0437799
0.0528106
0.051135
0.0559794
0.0444156
0.0591622
0.0549252
0.0535691
0.0580977
0.0559784
0.0507533
0.0407038
0.0422489
0.046967
0.0477484
0.0525448
0.0557061
0.0488749
0.0479837
0.0556404
0.0614792
0.0452672
0.0430938
0.0618612
0.0491837
0.0600027
0.0572408
0.0544895
0.0536149
0.0406259
0.0549442
0.0531712
0.0515496
0.0532587
0.0512429
0.0507757
0.0430631
0.0487953
0.0539879
0.0546579
0.0474733
0.0415738
0.0485937
0.0411894
0.0369973
0.0479579
0.0567036
0.0509822
0.0450526
0.0604896
0.056504
0.058173
0.0491427
0.0461634
0.0485431
0.0409303
0.0493376
0.0473789
0.0467621
0.0574083
0.0458733
0.0471055
0.0487619
0.0567573
0.0469019
0.0528334
0.0574242
0.0485364
0.0543305
0.0507795
0.0534773
0.0450398
0.0508065
0.0537264
0.040366
0.0449289
0.0507468
0.052135
0.0500775
0.0452078
0.0528038
0.0504156
0.048465
0.0621001
0.0480177
0.0538348
0.0567664
0.0469639
0.0563748
0.053971
0.0439712
0.0490688
0.049108
0.0461649
0.0545843
0.0524171
0.0565159
0.0495991
0.0450446
0.0450114
0.0504141
0.0718571
0.0525892
0.0551317
0.0601392
0.0497967
0.0476434
0.0577566
0.0506719
0.0396162
0.0428901
0.0454348
0.0522753
0.0578047
0.0450219
0.0494387
0.0460355
0.0479432
0.0511469
0.0462842
0.0464366
0.055682
0.041952
0.0602458
0.0545139
0.05866
0.0536989
0.0499103
0.045038
0.0472357
0.0540899
0.0539198
0.0500369
0.055494
0.0581888
0.0550442
0.0402238
0.0507404
0.0474166
0.0539295
0.0575778
0.0479637
0.0555771
0.0468606
0.0451397
0.0472785
0.0496937
0.0506852
0.0490534
0.0546782
0.0447938
0.059837
0.0576742
0.0414058
0.0478947
0.0463492
0.0559949
0.0482417
0.0477766
0.0492661
0.0482976
0.0556751
0.0480165
0.0483839
0.0495231
0.0469854
0.0455752
0.0444721
0.0451847
0.0560943
0.0455602
0.0483463
0.0439925
0.0550567
0.0589829
0.0440542
0.0523767
0.0560682
0.0501119
0.0490804
0.0544793
0.0472556
0.0473069
0.0553121
0.0412832
0.0534686
0.0451082
0.0547858
0.0460468
0.0451389
0.0595924
0.060783
0.0542573
0.0477984
0.0472114
0.0504738
0.0623103
0.0446317
0.0565616
0.046973
0.0436328
0.0649571
0.0428214
0.0488288
0.049522
0.0511167
0.0520508
0.0526926
0.0524385
0.0442758
0.050895
0.0559948
0.0512755
0.0535087
0.0614803
0.0549328
0.0470117
0.0487164
0.059852
0.0473146
0.0582719
0.0527747
0.0487027
0.0537938
0.0511276
0.0488043
0.0455953
0.0566166
0.0503372
0.0443937
0.0561989
0.055429
0.049745
0.0483316
0.0506017
0.0426034
0.0625727
0.0685548
0.0452701
0.0555671
0.0591909
0.0409303
0.0606096
0.045979
0.0500785
0.0470322
0.0508053
0.045667
0.049139
0.0592082
0.0490146
0.0481522
0.0427184
0.054251
0.0480478
0.0500167
0.0532388
0.0458299
0.0413374
0.0400433
0.0578339
0.059429
0.0445431
0.0508772
0.0613116
0.0457851
0.0398489
0.0438065
0.0486517
0.0516492
0.0503105
0.045298
0.0466995
0.044604
0.0590422
0.0488973
0.0492922
0.0493312
0.0516925
0.0494043
0.0469007
0.0476177
0.045157
0.0624594
0.0514491
0.0507257
0.0420767
0.0485289
0.0602892
0.0488764
0.0570142
0.0487581
0.0585999
0.0505224
0.0478101
0.0497628
0.055633
0.051366
0.0589927
0.0511161
0.0494795
0.041351
0.0423706
0.0541926
0.0470843
0.0507646
0.051907
0.0453572
0.0472915
0.0525321
0.0473769
0.0479056
0.0503499
0.0506677
0.0567697
0.0593607
0.0611891
0.0481881
0.0478379
0.0417468
0.051968
0.0495775
0.0596557
0.0582186
0.0433537
0.0492168
0.0615214
0.062004
0.0551271
0.049592
0.0621094
0.0483027
0.0512188
0.0443968
0.0477613
0.0562109
0.0517666
0.0413656
0.0461617
0.0567098
0.0590854
0.0557308
0.0502436
0.0544173
0.0458291
0.0440525
0.0471904
0.0567991
0.0453448
0.0411196
0.0537783
0.0528066
0.0489341
0.0442213
0.0491847
0.056444
0.0457858
0.0526725
0.0488323
0.0518229
0.0427122
0.0548467
0.0406765
0.0559332
0.0541405
0.0534046
0.0419892
0.0432874
0.0541817
0.0506073
0.0584697
0.0630823
0.0488144
0.0406156
0.0524099
0.038759
0.0556867
0.045796
0.0557188
0.0461183
0.0418671
0.0531981
0.0462273
0.0441724
0.0470805
0.0446644
0.0571742
0.0411915
0.0469795
0.0522628
0.0524879
0.0599638
0.0444081
0.0560415
0.0506812
0.044287
0.0553592
0.0564118
0.0423865
0.0518092
0.0522455
0.05218
0.057689
0.0493412
0.0444069
0.0576544
0.0537926
0.0507763
0.0461087
0.0400655
0.0476589
0.0471297
0.049633
0.0569515
0.0463429
0.0505701
0.054174
0.048927
0.0463284
0.0516643
0.0471472
0.0474186
0.0550731
0.0541261
0.0491293
0.0538519
0.0383408
0.0469585
0.0454675
0.0459325
0.0577822
0.0500511
0.0503099
0.0521825
0.0474386
0.0420309
0.0479949
0.0594691
0.0444855
0.0574208
0.0482991
0.043108
0.0526714
0.0585477
0.0473742
0.0498108
0.0493465
0.0393249
0.0438118
0.0664164
0.0456267
0.0562035
0.0565755
0.0558687
0.0480054
0.0439287
0.0448073
0.0520048
0.0467666
0.0591554
0.0446279
0.0454329
0.0529658
0.0546394
0.0442984
0.0500377
0.0508734
0.0524888
0.0465827
0.0475675
0.0542245
0.0529221
0.0500992
0.0545626
0.0419843
0.0441507
0.048901
0.0424187
0.0466227
0.0458108
0.0488803
0.0462145
0.0407
0.0513147
0.0542099
0.0474528
0.0398262
0.0515471
0.0483509
0.0459739
0.0539204
0.051714
0.054037
0.056703
0.0456224
0.0436806
0.050692
0.0417077
0.0627891
0.0633022
0.0543183
0.0464807
0.0485471
0.0545691
0.0607325
0.052401
0.0480664
0.050123
0.0391679
0.0481247
0.0601589
0.0523932
0.0432489
0.0551671
0.0583093
0.0465286
0.0518909
0.0592354
0.0465064
0.0499581
0.0496459
0.0422718
0.0514397
0.050622
0.0573978
0.0566662
0.0459287
0.0512848
0.0434658
0.0590258
0.0541852
0.0492461
0.0496757
0.0461326
0.0529254
0.0558135
0.0486742
0.0497619
0.0459561
0.0468608
0.0527723
0.0560962
0.041126
0.0536143
0.053972
0.0487539
0.0479572
0.0501348
0.0444872
0.0441037
0.0492736
0.0621409
0.0636385
0.0435149
0.0474633
0.044696
0.0571567
0.0499352
0.0473049
0.0463099
0.0518459
0.049177
0.0569534
0.0498399
0.0493397
0.0446249
0.0554337
0.051254
0.0455812
0.0642469
0.0454653
0.0560055
0.0578262
0.0487115
0.0554107
0.053919
0.0478144
0.058575
0.045076
0.0560315
0.0431595
0.048723
0.0425209
0.0516184
0.0642498
0.05011
0.043315
0.0530786
0.0527428
0.0433874
0.0561566
0.056752
0.0453474
0.0450388
0.0483486
0.0470587
0.0582222
0.0513334
0.0494144
0.0579952
0.0477156
0.0526792
0.0599411
0.0532314
0.0492411
0.053173
0.0469206
0.0516738
0.0434987
0.0542397
0.04632
0.0424378
0.0477127
0.0509091
0.0496592
0.047578
0.0489768
0.0552831
0.0491558
0.057033
0.0586886
0.049776
0.055092
0.0572775
0.0577479
0.0482435
0.0543214
0.0500038
0.0555391
0.0501737
0.0563969
0.0448393
0.0409856
0.0471271
0.063745
0.0491966
0.0466348
0.0532542
0.0414136
0.044682
0.0634411
0.0478668
0.0530518
0.0545771
0.0492793
0.0481667
0.0501862
0.0478656
0.0503377
0.0503535
0.0442445
0.0502775
0.0470725
0.0581477
0.0473411
0.0529304
0.0455765
0.0549828
0.0633377
0.0523347
0.0437453
0.0447541
0.052426
0.0515803
0.0439953
0.0425578
0.0488604
0.0546735
0.0456929
0.0512543
0.049321
0.0557445
0.0527523
0.0493089
0.0401339
0.0501105
0.0491985
0.055844
0.0630193
0.0572021
0.0494451
0.0473339
0.041932
0.053393
0.0490222
0.0492148
0.050767
0.0580658
0.0543469
0.0454843
0.0518177
0.0462204
0.0567017
0.0516828
0.0533142
0.0467045
0.0472854
0.0457798
0.0627842
0.0574451
0.0413676
0.0544992
0.0478373
0.0540583
0.052567
0.0445602
0.044358
0.0558108
0.0467103
0.0535472
0.0522349
0.039998
0.0513215
0.0516383
0.0528182
0.0428507
0.0461859
0.0513181
0.0377801
0.0521556
0.0467834
0.0520059
0.0419922
0.0543197
0.0441239
0.0493449
0.0482692
0.0721568
0.0550426
0.0495938
0.0581731
0.0438992
0.05891
0.0545835
0.0582688
0.0488608
0.0566899
0.0589635
0.0427203
0.0506745
0.0477202
0.0428186
0.0470928
0.0500049
0.0459519
0.0481631
0.0505113
0.0492251
0.0527087
0.0425745
0.0533903
0.0417226
0.0530151
0.0517079
0.0424105
0.0431785
0.0593518
0.0464613
0.0533635
0.0470646
0.0463074
0.0541761
0.0602552
0.0507593
0.0599493
0.0572017
0.0568888
0.049297
0.0437581
0.057771
0.0482451
0.0528476
0.045214
0.0481086
0.0447636
0.047945
0.0424439
0.0497694
0.0507423
0.048372
0.0491454
0.0513851
0.0569431
0.0527233
0.0615654
0.0554679
0.0500146
0.0435558
0.052979
0.051116
0.0558726
0.0539125
0.0468035
0.0559342
0.0528214
0.0425683
0.0449016
0.0512919
0.0438822
0.04633
0.0685575
0.0520211
0.0496205
0.0536816
0.0513117
0.0515074
0.0540038
0.0489436
0.0489688
0.0515872
0.0634426
0.0500062
0.045732
0.0522953
0.050414
0.0482918
0.0576281
0.0546396
0.0537034
0.0419891
0.0565634
0.0538088
0.0499198
0.0448818
0.0496687
0.0511823
0.0523101
0.0532207
0.0480538
0.0543828
0.046873
0.0476865
0.0485475
0.0496115
0.046663
0.053576
0.0438348
0.0411221
0.0501913
0.0557684
0.0563673
0.0474144
0.0476029
0.0538647
0.0485335
0.057184
0.0524017
0.0452581
0.0437839
0.0512553
0.0582184
0.0428619
0.0421234
0.0555968
0.0569122
0.0497712
0.0490968
0.0521022
0.06174
0.0502115
0.0472537
0.0521498
0.0477467
0.0479456
0.0487317
0.0448413
0.0588129
0.0526422
0.0482933
0.0574419
0.0483967
0.0447717
0.051972
0.0572316
0.0489882
0.04455
0.0491803
0.0475823
0.0391063
0.0554679
0.051597
0.0446301
0.0479361
0.0511997
0.0452234
0.0575189
0.0481615
0.0474419
0.0542695
0.0556992
0.053869
0.0562319
0.0493805
0.0508249
0.0438583
0.0453339
0.0561671
0.0520487
0.0503203
0.0459521
0.0481815
0.0432168
0.0511705
0.0527512
0.0446205
0.050615
0.0511132
0.0506678
0.0463452
0.0584723
0.0485694
0.0586539
0.0541321
0.0507706
0.0455136
0.0445063
0.0605972
0.0466466
0.0478344
0.059992
0.045567
0.0517233
0.0509152
0.0561601
0.0602162
0.0516238
0.0562361
0.0532678
0.0505613
0.0532502
0.0505391
0.0505424
0.0524549
0.0576436
0.0374403
0.0487134
0.0444806
0.0516705
0.0493719
0.042688
0.0583843
0.0616101
0.0472259
0.0423774
0.0531136
0.0579027
0.0477526
0.0492125
0.0514215
0.0517337
0.0472337
0.0525927
0.0466928
0.0550121
0.0489151
0.0470049
0.0446058
0.0563476
0.0472956
0.0527614
0.0579463
0.0483649
0.0478076
0.0510455
0.0447938
0.0441564
0.0500699
0.0479913
0.0500109
0.0506128
0.0525947
0.0553031
0.0484329
0.0525941
0.0449256
0.0425687
0.047543
0.049802
0.0561457
0.0415522
0.0381742
0.0425712
0.0446556
0.0505977
0.0421557
0.0550199
0.0533848
0.0536748
0.0493712
0.0542921
0.0510586
0.050088
0.0534757
0.0575697
0.0586717
0.0522962
0.0578647
0.0405134
0.0519518
0.05
0.05
0.05
0.05
0.05
0.05
0.05
0.05
0.05
0.05
0.05
0.05
0.05
0.05
0.05
0.05
0.05
0.05
0.05
0.05
0.05
0.05
0.05
0.05
0.05
0.05
0.05
0.05
0.05
0.05
0.05
0.05
777777