2.70472
999999
-0.29612
0.0906391
0.148117
-0.0194315
0.0649835
-0.059836
-0.443863
-0.147712
0.0997157
0.00746899
0.327991
-0.0282223
0.125108
-0.0264445
0.0791234
0.163861
-0.0721072
-0.179698
-0.118226
-0.073746
0.0709253
0.224943
-0.114785
0.157367
0.205689
-0.0851535
0.00110739
0.0723737
-0.46595
0.0273027
0.0358217
-0.12231
0.13073
0.179751
0.101503
-0.171464
-0.0220568
-0.00548224
0.0525262
-0.0490987
0.0728603
-0.0146923
0.0545275
0.195755
-0.167217
0.104523
-0.0141819
0.0485001
0.182922
0.216728
0.0289467
-0.241229
-0.00925202
0.166795
0.148504
-0.0381797
0.179744
-0.168281
0.198492
0.112458
-0.228025
0.196439
-0.216985
-0.0560316
0.108893
-0.115605
0.181886
-0.0570462
-0.0961202
-0.0835974
0.0199622
0.193788
-0.118837
-0.0968043
0.0363222
-0.114471
0.156056
-0.125219
0.160364
-0.0549611
-0.0902445
-0.0734374
-0.100617
-0.174508
0.0187014
0.132216
-0.128299
0.00866233
-0.173736
-0.168399
-0.0653851
-0.0342198
-0.1642
-0.232749
-0.00174294
-0.179966
0.0437292
0.145967
0.0404486
0.118965
-0.109642
0.157756
-0.152214
0.0729331
-0.112621
-0.0115679
-0.104423
0.0887636
-0.082951
-0.101835
0.0501543
-0.0997075
-0.0834536
0.0783053
-0.185922
0.00120855
0.152837
-0.205207
0.144907
0.113469
-0.0122985
-0.149101
-0.218645
0.016684
-0.033652
0.118614
-0.175795
0.0454285
-0.0240126
0.0335714
0.00554771
-0.109257
-0.0117128
0.0671905
-0.0271485
-0.0454868
-0.0996323
0.0439043
0.153562
-0.0561703
0.0516943
-0.174399
-0.0204231
-0.0300028
-0.154567
-0.105374
0.133763
0.135537
0.0348289
-0.171532
0.104502
-0.0316807
-0.253532
-0.123472
0.195125
0.0999605
0.0998236
0.188392
0.0738488
-0.0209792
0.0851098
0.0235992
-0.240706
0.135756
0.239692
-0.114265
0.0444066
-0.0461906
0.156066
-0.283038
-0.0476972
0.0136686
-0.0718795
-0.156124
-0.0239756
0.156022
0.0655353
-0.172466
-0.145075
-0.0588673
0.107513
0.0739298
0.211618
0.17411
0.135522
0.174084
0.0302799
-0.0939758
0.057962
0.101516
-0.19777
0.00346614
0.114387
0.0983227
0.101138
0.158546
0.162316
0.126747
-0.0515469
0.0572136
-0.193956
-0.00968739
0.239103
-0.146982
-0.25291
-0.27679
0.18212
-0.0779501
-0.0425896
0.0242125
0.191312
0.141131
-0.0428139
-0.174302
-0.20043
-0.0650613
0.206713
-0.111994
0.0270247
-0.177519
0.136674
0.11822
-0.142361
-0.0189626
0.0940735
0.0903523
-0.242408
0.108901
0.10586
0.181715
-0.117943
0.166775
0.117742
0.125355
0.0031064
-0.0487143
0.0461746
0.206112
-0.0905578
-0.0767206
-0.159904
-0.134225
-0.0943294
-0.164743
0.106776
-0.0928838
0.00263429
0.121983
0.202561
0.15083
-0.133602
-0.181591
-0.0309157
-0.0760973
0.0699837
-0.14078
0.00568807
0.116749
0.00225612
-0.290611
0.0925083
-0.0395417
-0.0612292
0.213392
-0.0946331
0.0246386
0.00127944
-0.0627951
-0.0384579
-0.154366
-0.231708
0.0724345
0.243084
-0.157037
0.156547
-0.112392
-0.198551
0.00709516
-0.0345758
0.107614
-0.132929
-0.00173365
-0.0694681
0.134675
-0.114358
0.163696
-0.0454516
-0.19614
-0.102618
0.216997
-0.162614
-0.035277
0.108947
0.0807903
0.135682
0.110516
0.262328
-0.0794751
0.117129
0.273962
-0.161786
0.020618
0.000963972
0.17405
0.0664389
0.0917893
0.0632336
0.173759
0.117488
0.0923066
0.113855
-0.224181
0.0268044
-0.184062
0.0251819
0.0538217
0.138637
-0.192886
0.0107833
-0.113857
0.0812194
0.106722
0.0153956
0.0136537
0.000160214
0.186727
-0.198138
-0.177849
-0.0785669
0.0784979
-0.0646168
-0.018107
0.019456
0.271689
-0.128554
-0.0736308
-0.0258426
0.0309558
0.0045281
-0.137959
-0.00351491
-0.157094
0.198938
0.207528
-0.0200737
-0.0886569
0.156691
0.135772
-0.222735
-0.0247746
-0.0497814
-0.0908498
-0.0948433
0.196966
0.0562063
0.171913
-0.104051
0.10641
-0.0889356
0.0496197
-0.0977766
-0.169454
0.0716422
-0.0172281
-0.0359984
0.181365
0.0929097
0.139502
-0.0487843
-0.0997516
0.235452
0.000596084
-0.141144
-0.122497
0.308938
-0.0203676
0.0105365
-0.125472
0.130058
-0.0534079
0.193693
0.0790142
0.105219
-0.163493
-0.164758
0.0461301
-0.0577092
-0.183355
-0.155128
0.0441214
0.165585
-0.0892413
-0.0746664
0.0390125
0.0605103
-0.16502
0.0126387
-0.165165
0.126331
-0.114257
-0.208818
0.13304
0.151386
-0.0311551
0.000768348
0.146885
0.197181
-0.0737242
0.149507
0.160848
-0.0949049
0.029927
0.213236
0.116948
0.0311656
0.135578
-0.0402944
0.00198466
0.0980097
0.0316934
-0.211308
-0.179312
0.193206
0.260689
0.198197
0.0638204
-0.0157592
0.138782
0.024884
-0.11387
-0.184471
0.000338309
-0.0110668
0.0294109
-0.0264247
0.183607
0.02555
0.0755872
-0.102937
-0.0275219
0.175288
0.041742
-0.0588755
-0.202473
-0.115359
0.0346409
-0.153909
0.0699672
-0.00808514
0.101463
-0.0586778
0.0882709
-0.105749
0.135979
-0.166443
0.102535
-0.0315053
0.155966
-0.203725
0.10125
0.248359
-0.0710354
0.254586
0.131689
0.147553
0.00372212
0.170788
0.0776148
0.181448
-0.150911
-0.212742
0.170385
-0.0459883
0.158099
-0.220644
-0.0419895
-0.132648
-0.0951672
0.0742344
0.186907
0.224151
0.194432
-0.0407141
-0.0366218
-0.133344
0.244905
0.0811519
-0.187519
-0.0440853
-0.238419
0.211739
-0.0904385
-0.209886
-0.0258212
0.0452076
0.0827978
0.140148
-0.134097
0.160995
0.0638447
-0.174983
-0.0999469
-0.0608528
0.0866105
-0.0836313
0.168083
0.0950041
-0.0332926
0.0123036
0.0202488
0.219482
0.0879506
-0.180924
0.267648
0.00276242
-0.00738105
0.266822
0.163667
0.117389
-0.181401
0.173268
0.0410379
-0.0341828
0.136468
-0.061745
-0.143463
-0.0109238
0.110281
-0.0220677
-0.0480817
0.137856
-0.146934
-0.101717
-0.110396
-0.179435
0.0126276
-0.0243164
-0.125121
-0.278157
0.108601
0.0106572
0.0462695
0.186048
0.0146132
-0.0836317
0.0587671
0.218843
0.0522937
-0.0161214
0.123251
-0.0319345
-0.105991
-0.132278
0.0652759
-0.179043
0.0480543
0.313374
0.133134
-0.201829
-0.0489866
0.0407179
-0.0730817
-0.0697367
0.152168
-0.155739
0.0506536
-0.103629
0.198079
-0.088345
-0.0524476
-0.00716505
0.174173
0.0899831
-0.126732
0.131765
0.0467276
0.181135
-0.0301857
0.0956261
0.129205
-0.067667
-0.168082
-0.111226
0.082727
-0.119698
0.13997
-0.0580219
-0.18972
0.126227
0.156969
-0.0171297
-0.153439
-0.0340425
0.0447496
-0.124249
0.003725
-0.0531099
-0.210401
-0.188827
-0.0366687
0.0521763
-0.03881
-0.0979749
0.0934954
0.122068
0.0134481
0.131558
-0.141426
0.117441
-0.0765148
0.18846
0.0565405
0.0551783
0.104756
0.0631671
-0.142319
-0.144981
-0.0656878
0.161143
-0.000612907
-0.00470573
-0.0507429
0.334191
-0.0109695
0.0924352
0.079538
-0.20689
-0.0431971
0.201385
0.133454
0.120832
0.165489
0.0111328
0.0381386
0.126278
-0.110047
0.107733
0.0650515
-0.162926
-0.141996
0.155843
0.158063
-0.0320167
-0.0652565
0.0595409
0.0572108
-0.107321
0.0433171
0.174022
-0.191406
-0.0295869
-0.0226367
-0.0326091
-0.207578
-0.119198
0.0161809
-0.135094
0.0720152
-0.175999
0.261365
-0.0241175
-0.167548
0.000251198
0.20222
-0.0256163
-0.156838
0.0372831
-0.0164151
0.172925
-0.0271574
-0.0486961
-0.144032
0.0675356
-0.200679
-0.0888143
-0.117685
-0.0627421
-0.20052
-0.192711
0.0410397
0.0923605
0.173094
-0.0689325
0.198407
0.0794558
0.0975037
-0.0469794
-0.192895
0.254783
0.0197458
0.00810713
-0.14186
0.194227
0.18976
-0.144081
-0.198392
0.117443
-0.0689638
0.105468
-0.174294
0.0216629
-0.00269772
0.113427
-0.0328242
-0.121055
0.144504
0.0881246
0.181693
-0.0231763
-0.156777
0.00846489
0.0718555
0.00699993
-0.00366853
-0.160458
0.133918
0.270382
-0.116501
0.213318
0.206721
-0.19691
-0.0680066
-0.127503
-0.0269618
0.0270987
0.0537421
-0.187638
0.20735
-0.113095
0.00856115
-0.0888433
0.175361
0.0558009
-0.218369
0.0541927
-0.0955483
-0.101445
0.203337
-0.0085197
0.0978308
-0.0125029
0.0952747
-0.103271
0.0559999
-0.159776
0.0956006
-0.0513839
-0.170248
-0.0348913
-0.0540414
-0.0279113
-0.0839714
0.20329
0.174244
-0.131268
0.0163666
-0.0313904
0.0200084
0.210102
-0.109894
-0.0420563
-0.148677
-0.215477
0.0044825
-0.139849
0.0187725
0.0480018
0.0386637
-0.100089
-0.213476
-0.0847182
-0.0237989
0.122833
0.197958
0.0836499
0.0496425
-0.107732
-0.148206
0.0539165
0.102151
-0.183407
-0.100639
-0.084743
0.275858
-0.0109848
-0.120022
-0.159849
-0.0113309
-0.229004
-0.173333
-0.0723206
0.0644928
0.172868
-0.0890407
-0.0419616
0.0990065
0.0899367
-0.00886854
0.162362
-0.0541881
-0.099927
0.0274696
0.00420933
-0.168217
0.0388835
-0.0536793
0.150653
0.0908388
0.176789
0.132298
-0.134595
-0.0716132
-0.146409
-0.145408
0.0455762
-0.201549
-0.165202
0.0006497
0.151156
-0.162861
0.160808
0.193861
0.0930056
-0.231284
-0.149073
0.0219221
-0.0339014
-0.00559584
-0.138259
0.164613
-0.178044
-0.0703577
-0.0301841
0.0656322
0.156464
-0.0310928
0.0196503
-0.121572
0.161692
0.133835
-0.0792705
-0.126845
0.175988
-0.0820358
-0.0159199
-0.0465188
-0.142917
-0.0843202
-0.126478
0.115703
-0.0560966
-0.145528
-0.132443
-0.126151
0.0098741
0.165355
-0.146014
0.00194308
-0.0658908
0.0916461
0.101831
0.0801537
0.0138469
-0.0493452
-0.111461
-0.155223
-0.0204183
-0.122837
0.082469
0.0291319
-0.0810638
-0.0779206
0.0410016
-0.210957
0.0182024
-0.0224832
-0.0481494
-0.0539283
0.101154
-0.13509
0.0149047
0.168683
-0.176016
0.0377739
0.0420449
-0.223819
-0.0125056
-0.0265533
-0.238407
0.135629
0.0656211
-0.184516
-0.114571
0.105407
0.161588
-0.174554
-0.00147742
0.155623
0.0793121
0.121853
0.199306
-0.0973932
0.0763482
0.141585
-0.00771791
0.0576227
0.154145
0.0349623
0.138185
0.139673
0.198864
0.154293
0.134498
0.144561
-0.157729
0.103564
0.0824494
0.04603
-0.104601
-0.128613
0.00336618
0.170943
0.018739
0.154266
0.251541
-0.0659943
-0.111435
0.128723
-0.0164266
0.218083
0.0564193
-0.251329
0.100419
-0.0575067
0.157031
0.0609142
0.202589
-0.200956
0.0678278
0.0272066
0.188875
-0.0688596
0.11342
0.0421403
0.189527
0.0254149
0.0107691
-0.112585
-0.0900138
0.1985
-0.167741
-0.103004
0.0104511
-0.0248711
-0.160857
0.104714
0.315095
0.118908
0.0434998
0.132665
-0.0415148
-0.015158
-0.198762
-0.0530453
-0.0361474
-0.109171
-0.284137
-0.0904941
0.0304113
-0.165887
-0.125343
0.0952334
-0.0847817
-0.0106119
-0.163803
0.150516
-0.0407489
0.0923025
-0.118784
0.0538835
0.0715689
-0.153582
-0.136165
0.174628
0.139197
-0.0247921
0.181723
0.12512
0.0734064
0.0522062
-0.059426
0.111322
0.0184719
0.10187
-0.0695687
-0.168534
0.0793338
-0.248779
0.133188
-0.119744
-0.0537142
-0.107
-0.112508
0.148795
0.125495
0.152076
-0.0612115
-0.162185
-0.166433
0.194206
0.112407
-0.118665
0.0583312
-0.0911492
0.161519
-0.187737
0.0704809
-0.0282033
-0.076171
0.0526736
0.0130516
-0.252058
0.0956017
-0.118834
0.157135
0.108098
0.0899425
-0.173967
0.217456
0.139355
-0.0868171
-0.202675
0.0820755
-0.187242
0.046972
-0.208272
0.0401674
0.18819
-0.0573209
-0.0128147
0.146143
-0.0176355
0.252052
-0.225933
0.143556
0.132439
-0.00385627
-0.0358357
0.0856218
0.156926
-0.205762
-0.119707
-0.0349885
0.136882
0.0395851
-0.0162624
-0.142572
0.0794121
0.0496472
0.0755898
-0.100767
-0.0199076
0.204557
-0.125363
-0.182159
-0.0953664
-0.130684
-0.00485049
0.0754444
0.0504907
-0.141917
-0.164353
-0.0321016
0.0295152
0.0814498
0.0401922
0.0998844
-0.200405
-0.109064
-0.134345
0.0345779
-0.065463
-0.161898
-0.115621
0.105149
0.18865
0.065824
0.0393312
-0.115241
0.117844
-0.211319
-0.219144
0.179836
-0.0456623
0.140332
-0.0393035
-0.00279041
0.0195645
-0.212945
0.116588
0.164177
-0.103613
0.0270653
-0.0909425
0.228179
0.307179
-0.0253828
-0.310286
0.1364
0.0510714
-0.0615681
0.170247
-0.265369
0.114929
-0.191928
0.0677969
0.182439
-0.106337
-0.109157
-0.102163
0.0482006
0.0506357
-0.0580267
-0.0843978
0.107018
0.0293429
0.229996
-0.0120704
-0.186889
-0.169563
0.142173
-0.0578892
-0.114753
-0.118822
-0.0472984
0.170931
0.106764
-0.241374
0.129777
0.0628368
0.133041
-0.0141996
0.120471
-0.0567134
-0.148091
-0.0357486
0.0172486
-0.157487
0.0610903
-0.22638
-0.22257
-0.0507267
-0.157634
-0.0446903
0.000646641
-0.100396
0.0382334
-0.0320371
0.0258782
-0.147491
-0.11359
-0.292062
0.0783202
-0.200291
0.181161
-0.0356454
-0.16114
-0.123431
0.27056
0.100153
-0.0203305
0.0386073
0.191017
-0.129327
-0.00273778
-0.0517076
-0.210297
0.224139
0.165056
0.285472
-0.0202961
0.0603991
-0.0302562
0.0700387
-0.137186
0.0221348
-0.214034
0.0808032
0.146223
-0.171976
0.0208899
0.167103
0.167483
0.0977874
0.161493
0.0437745
-0.192934
-0.0600455
-0.0794027
-0.24126
0.0142533
0.0691583
0.105678
0.103725
0.0877945
0.195468
0.203329
-0.122766
0.0400507
-0.105949
0.008897
-0.13145
0.271639
-0.0890438
-0.101434
0.0119357
0.103849
-0.0645338
0.0310989
0.180582
-0.110787
0.0851448
-0.121123
-0.156985
0.0434269
0.225793
0.169752
-0.180077
-0.155908
-0.0307477
-0.105045
0.0802909
0.045875
-0.0260323
0.152703
-0.107158
-0.0832397
-0.123866
-0.0843104
-0.106333
-0.174054
0.243404
0.199295
-0.0893686
0.114992
-0.228536
-0.0105513
0.234857
-0.0653083
0.182475
0.120221
-0.0950335
-0.0709974
-0.167317
-0.134616
-0.103913
0.12806
0.0419597
0.126121
-0.106555
0.167004
-0.176419
-0.0097331
0.164747
0.104668
0.00941332
0.042351
0.00817795
-0.0609438
-0.106068
-0.0628737
0.0363319
-0.00738038
0.0281537
-0.199884
-0.0051237
-0.0250733
-0.132654
0.160572
-0.205824
0.203766
0.0824579
-0.0947233
0.144833
0.100307
-0.247921
0.094761
0.253295
-0.218204
-0.0210631
-0.0900661
0.1338
0.107266
-0.0537777
-0.0735957
-0.00866861
-0.0794666
-0.00150624
-0.185667
-0.0474415
-0.137235
0.0839451
0.126677
0.261899
0.110205
-0.116978
-0.0787532
-0.20286
-0.0571254
0.0269362
0.106168
-0.0130388
-0.247447
0.18466
-0.114471
-0.00612808
-0.0779343
-0.179879
-0.122373
0.17552
-0.171249
0.127137
0.145911
-0.0269131
0.0356874
-0.0302207
-0.0269415
-0.143988
0.0219498
-0.112061
0.0267262
-0.0620828
-0.124886
0.0321639
0.0309551
-0.264342
-0.0609268
0.241496
-0.0803218
-0.138046
0.0527469
-0.282092
0.16538
0.145362
0.0368191
0.0417711
0.0440965
-0.258947
-0.129729
0.100284
-0.0596798
-0.275907
0.151032
-0.0975112
0.138313
-0.043765
-0.049223
0.125687
0.197984
0.0585043
-0.0125117
-0.108157
-0.121881
-0.147026
-0.0383486
-0.142049
-0.0485627
-0.112775
0.0970669
0.143599
0.0886128
-0.247956
-0.129601
-0.135149
0.21674
-0.0831816
-0.0642848
0.133033
0.137116
-0.144224
-0.114519
0.0222693
-0.145136
0.00316281
0.063487
0.209427
-0.247521
0.0493638
-0.141986
0.177223
-0.0365791
0.0838624
-0.248897
0.225941
0.165272
0.0622717
0.231081
-0.137923
0.020939
-0.0622536
-0.111329
-0.0738116
-0.0150032
0.0110462
0.0149253
0.0252852
0.13657
-0.243653
0.042083
0.179289
0.163096
0.17813
0.0447636
0.132287
-0.0242162
-0.10476
0.20068
-0.0546945
0.0886668
0.0465452
-0.18683
0.0770223
0.0356332
-0.0790619
0.160496
-0.0974622
0.0270018
0.127202
0.0182725
0.00106679
0.12927
0.12025
-0.125724
0.0613262
0.0999615
0.0718207
0.0202359
0.00188719
-0.0429829
0.00850384
-0.217282
0.118905
0.165161
0.149281
0.0106914
0.305549
0.209205
-0.0685327
-0.10107
-0.177545
0.0875775
0.18694
0.212238
-0.0689922
0.018395
-0.0711226
-0.00846118
-0.139984
0.201946
-0.0301355
-0.0561083
0.0312064
-0.124769
0.214132
-0.0404808
0.00850136
0.139899
-0.122026
-0.252648
-0.105536
-0.0590962
0.190779
0.226898
0.100629
-0.0945612
0.151391
0.107068
-0.14546
0.143462
0.0448395
-0.063955
0.076571
-0.0529724
0.0296447
0.058616
0.00544669
-0.0555598
-0.045633
0.0800338
-0.102304
0.0029346
0.125853
0.01876
-0.230015
0.0808317
0.0238116
0.0590953
-0.154393
0.104054
-0.0594675
0.0222616
0.125059
0.0319466
0.148252
0.0167393
-0.220703
-0.0715876
0.00220411
0.0183357
-0.081333
0.190242
0.00584912
-0.14687
-0.120679
0.06746
0.0204381
-0.182882
0.132252
0.145838
0.00453278
0.0412319
-0.12073
0.0618869
-0.106763
0.099037
-0.191588
0.100091
-0.0547286
-0.174128
0.213545
-0.0634289
0.208162
0.182684
0.000853279
-0.165732
-0.109619
-0.0235305
0.0991068
-0.0357048
-0.153115
-0.0908438
0.018172
-0.224028
0.00652513
-0.263842
-0.211318
0.0979567
0.102489
-0.121514
0.0767938
0.149266
-0.212711
0.23078
0.201058
0.25985
0.0320274
-0.0289786
0.212791
0.147039
0.0710387
0.121672
-0.0659686
0.177454
-0.059277
0.155569
-0.0731335
-0.189204
0.198779
-0.0214126
0.0168823
3.89899e-05
-0.230976
0.215348
0.157651
-0.106115
-0.201607
0.135515
0.00831462
-0.128537
0.0784363
0.16001
0.0543637
0.127749
0.160656
-0.0597378
-0.0276296
0.00315139
0.0511143
-0.0707118
0.1201
-0.0675364
-0.0301951
-0.131547
-0.104267
-0.0167511
0.0902353
-0.0454872
0.131223
0.0293429
-0.146852
0.187489
0.134436
-0.0521081
0.0136162
-0.146505
0.0717503
0.0647893
0.0601811
0.138476
0.17039
0.015687
0.0145138
0.0859442
0.101906
-0.175467
-0.205177
0.0942638
0.158961
-0.241725
0.178162
0.0186215
-0.118859
0.00412032
0.117178
-0.315992
-0.161
-0.00916812
-0.13579
0.169563
-0.000882302
-0.180306
-0.00210156
0.167727
-0.0520325
-0.0985007
0.229168
-0.187779
-0.159527
-0.0239089
-0.0988753
0.0144866
-0.167306
0.0794265
-0.076836
0.138245
0.0868153
0.128824
-0.0558332
-0.0221923
-0.142251
0.0389088
0.260467
-0.176143
0.00394754
0.0338584
0.284968
-0.0582329
0.00517132
-0.0684865
-0.117731
-0.0908424
0.00130489
0.142021
-0.133821
0.0764161
-0.329798
-0.0702602
0.117442
0.128246
-0.0523124
-0.187485
0.157863
-0.0275264
-0.113279
-0.0158282
-0.210674
-0.0452272
-0.0608436
-0.131016
-0.194913
0.21043
0.188266
-0.0621268
-0.0922296
0.0665511
0.0196125
0.0485222
0.102386
0.0815834
-0.0698672
888888
0.0840088
-0.163132
0.171174
-0.14927
0.0652599
-0.186808
0.0974748
-0.153279
0.0207429
-0.13301
-0.108074
0.0985574
0.0240293
-0.109353
-0.18287
0.0108737
0.0704753
-0.169911
-0.0658888
-0.178259
-0.0769582
-0.050987
-0.0418462
-0.0132071
0.0399261
-0.0154081
0.120308
0.0455897
0.170015
0.0947514
0.136257
0.239383
0.0453669
0.0507496
0.0457696
0.055643
0.0487213
0.0463865
0.0523992
0.0537254
0.0537518
0.0438287
0.0572278
0.0412208
0.0462488
0.0534956
0.0474486
0.0512044
0.0458447
0.0450914
0.046624
0.0517996
0.0621604
0.0498178
0.0413825
0.0470818
0.0452932
0.0461769
0.0572318
0.0471457
0.0586275
0.0530026
0.0522026
0.057132
0.0493268
0.0575178
0.0546879
0.0418733
0.0551267
0.0561902
0.0463322
0.0472406
0.0603327
0.0537873
0.0430047
0.0496275
0.0502358
0.0514498
0.0493347
0.0545819
0.0410315
0.0484297
0.047277
0.0493104
0.052097
0.0503986
0.0457808
0.0526756
0.0479835
0.0485983
0.0489155
0.0535039
0.04824
0.0486131
0.0505093
0.0458649
0.0482291
0.0472304
0.0485672
0.058381
0.0407165
0.0556369
0.0461305
0.0501409
0.0516233
0.0495007
0.0453738
0.0585029
0.050426
0.0556236
0.0467491
0.0520903
0.0448117
0.0513287
0.0424977
0.0511861
0.0521153
0.0520134
0.0480106
0.0442555
0.0523615
0.0476424
0.0580415
0.0404619
0.0548073
0.0486581
0.0551775
0.0454547
0.0506228
0.0578474
0.0507583
0.0483233
0.0454479
0.0505838
0.0424148
0.0591037
0.0597956
0.0442266
0.0442083
0.04336
0.0500018
0.0505113
0.0506827
0.0474981
0.0540727
0.0531461
0.0525024
0.0477164
0.0640063
0.0477737
0.0435304
0.0467637
0.051305
0.0551658
0.0436808
0.0502554
0.0541099
0.0455917
0.0543204
0.0446902
0.0447838
0.0461781
0.0579515
0.0527207
0.0484842
0.0410075
0.0436103
0.0584002
0.0528442
0.0442283
0.0602303
0.0556363
0.0644748
0.0487944
0.0648509
0.0496087
0.0459431
0.0517839
0.0487655
0.0500309
0.050052
0.050127
0.0411204
0.0479213
0.0473639
0.0583645
0.0498989
0.0513713
0.0566631
0.0531353
0.0448152
0.0463317
0.0633988
0.0425721
0.056672
0.0493521
0.0448837
0.0634271
0.0448581
0.0431979
0.0485675
0.0599346
0.0472235
0.0544702
0.0533539
0.054124
0.0469749
0.0464799
0.0503397
0.0542353
0.0470599
0.0479348
0.0523144
0.0473144
0.0451818
0.058806
0.0449765
0.0528128
0.0420357
0.0497269
0.046751
0.0437519
0.0494356
0.0563716
0.0539916
0.0480396
0.0583517
0.0541226
0.0417958
0.0481937
0.0563543
0.0552872
0.0524443
0.0483974
0.0500405
0.0505078
0.0446185
0.0465495
0.0398694
0.0614194
0.0450704
0.0448321
0.0514788
0.0485756
0.0439117
0.0465427
0.0515008
0.0490011
0.0558115
0.05006
0.0554575
0.0542628
0.045324
0.0515635
0.046022
0.0533477
0.0583807
0.0472922
0.0554653
0.040593
0.0580059
0.0522845
0.0519311
0.0398304
0.0549702
0.0486533
0.0545328
0.0456173
0.0541856
0.0507106
0.0566937
0.0451763
0.0557909
0.0495173
0.0614304
0.0497586
0.0471122
0.0581936
0.0515541
0.0435729
0.0469244
0.042965
0.0481088
0.0600096
0.0490499
0.0597257
0.0529726
0.0566728
0.059599
0.0454439
0.0536189
0.0670294
0.0543165
0.0535292
0.0441684
0.0614665
0.0604674
0.0504007
0.0502317
0.0502277
0.0547666
0.061616
0.0528296
0.0523264
0.0495915
0.0512573
0.0591682
0.0598382
0.0445017
0.0480403
0.0451579
0.0523648
0.0412385
0.0522158
0.0428994
0.0470555
0.056045
0.0491001
0.0454719
0.0425126
0.0560362
0.0476962
0.0477747
0.0504695
0.0512019
0.0468842
0.0426087
0.0517006
0.045376
0.0402316
0.0570157
0.0499537
0.0458822
0.0506504
0.0480014
0.0457839
0.0548
0.0460369
0.054518
0.0538127
0.0451169
0.050321
0.0573712
0.057115
0.0477684
0.0511123
0.0449406
0.0565672
0.0571512
0.0466177
0.0560401
0.046549
0.0512573
0.0542342
0.0460751
0.0523388
0.0506865
0.0542027
0.0472639
0.0395834
0.0432207
0.0436343
0.0472197
0.0485275
0.0446483
0.0477131
0.0408866
0.0443206
0.0481594
0.0426716
0.0463108
0.0573909
0.0482312
0.0385632
0.0573649
0.0544284
0.0472654
0.0612627
0.0592734
0.0464281
0.0401032
0.0502285
0.0594995
0.0578115
0.0516286
0.0480867
0.0450418
0.0517028
0.0632853
0.0577313
0.0531322
0.0510682
0.0392644
0.045717
0.050137
0.045596
0.0408677
0.0530611
0.0504099
0.0505446
0.0559999
0.0406603
0.0493582
0.0559553
0.0442153
0.0482927
0.0464335
0.0599495
0.0469276
0.0573578
0.0526515
0.0508584
0.0439414
0.055243
0.0500913
0.0638481
0.0493313
0.0421861
0.0464585
0.0534074
0.0560967
0.0458792
0.0490153
0.0522726
0.0508652
0.0468308
0.0546198
0.0551031
0.0546599
0.0463201
0.0515961
0.046868
0.0462421
0.0480072
0.0456069
0.0672231
0.0485245
0.0530421
0.0372097
0.0589909
0.0499907
0.0557726
0.0567543
0.0460772
0.0469773
0.050876
0.0516065
0.0445174
0.0431156
0.0587482
0.045995
0.0496619
0.0460439
0.0428685
0.0470373
0.0462142
0.0480547
0.0621975
0.0457456
0.0533748
0.0517777
0.0357344
0.0591997
0.0508583
0.0472229
0.0652765
0.0454041
0.0501143
0.0487058
0.0475579
0.0543648
0.0458178
0.0524257
0.0549853
0.0360844
0.0496982
0.0483683
0.0526601
0.0583818
0.0500174
0.0503918
0.0528112
0.0579829
0.0465802
0.0534824
0.0587927
0.0406864
0.0426864
0.0666611
0.0451551
0.0498156
0.0427618
0.0478243
0.0597165
0.043721
0.0508632
0.0468835
0.0529773
0.0588946
0.0489397
0.0472021
0.0414835
0.0491344
0.0533522
0.0512947
0.0603661
0.0418278
0.0497369
0.0536635
0.0505646
0.0487096
0.0534231
0.0451845
0.0500197
0.0548353
0.0476066
0.0504797
0.0550952
0.0626607
0.05301
0.0470083
0.0483209
0.0453765
0.0526033
0.0549383
0.044019
0.0550469
0.048655
0.0495274
0.0441876
0.0503776
0.0485744
0.0459603
0.0476814
0.0466925
0.0507893
0.0595009
0.0520144
0.0568065
0.0576834
0.0581533
0.0548413
0.0525672
0.0534514
0.0501496
0.0497184
0.0490907
0.0562426
0.0534172
0.0577947
0.0543911
0.0466364
0.0477037
0.0486026
0.0419114
0.054435
0.0482296
0.0483967
0.0476893
0.0435383
0.0571438
0.0494552
0.0529416
0.0488812
0.0478884
0.0495687
0.0516606
0.04971
0.0490698
0.0465676
0.0416949
0.0465506
0.059266
0.0451156
0.0416753
0.0512934
0.043294
0.0501397
0.0428966
0.0459565
0.055404
0.0456927
0.0415391
0.0596051
0.0385239
0.0463733
0.0525113
0.0511887
0.0483705
0.0549258
0.0529455
0.0506256
0.0484374
0.0529323
0.0439819
0.0488254
0.0464165
0.0401031
0.0482677
0.0605919
0.0467058
0.0455078
0.0465395
0.0373309
0.0487364
0.0595239
0.0399274
0.048115
0.0462013
0.0484271
0.0564904
0.0475437
0.0529501
0.0455624
0.046353
0.0508112
0.0594135
0.0447026
0.0577051
0.0523715
0.0548976
0.0579273
0.0541962
0.0413226
0.0390095
0.0512271
0.0474624
0.0577983
0.0528238
0.0521369
0.0521545
0.0515062
0.0476443
0.0507621
0.0592648
0.0448195
0.046577
0.0481375
0.0416933
0.0394831
0.0430092
0.051828
0.0476045
0.0495067
0.0501886
0.0489837
0.0533183
0.0562357
0.0514342
0.0428247
0.0513054
0.050366
0.0657083
0.0515719
0.0459864
0.0422267
0.0505706
0.0513735
0.0545957
0.0476341
0.0551861
0.0421065
0.0486402
0.0511756
0.0421948
0.0502845
0.0442884
0.0593987
0.0530979
0.0483528
0.0511284
0.0501187
0.0440484
0.0486783
0.0499463
0.0515131
0.0431319
0.0440784
0.0464692
0.0547473
0.0501705
0.0429495
0.0434391
0.0577045
0.0496163
0.046894
0.0449533
0.0519225
0.0553215
0.0420335
0.0507073
0.0448578
0.0522762
0.0447497
0.0542959
0.0481958
0.0482988
0.0525753
0.0531458
0.0556707
0.045865
0.06743
0.0448244
0.0462141
0.0395792
0.049584
0.05387
0.0460016
0.0516559
0.0508414
0.0595749
0.0448707
0.0435854
0.0530915
0.0468499
0.0390676
0.0558865
0.0469009
0.0470834
0.0553168
0.0464264
0.0536068
0.0489752
0.0507266
0.0524518
0.0486967
0.0644476
0.0486853
0.0449075
0.0558266
0.0527056
0.0563213
0.042666
0.0499726
0.0540216
0.0451914
0.0522845
0.0476187
0.0517354
0.0495547
0.0452312
0.0493514
0.0470707
0.0488377
0.0417939
0.0501796
0.0417129
0.0486481
0.0492396
0.0515273
0.048845
0.0455901
0.0420877
0.0507548
0.0456974
0.0629775
0.0546059
0.0548752
0.0488447
0.0579666
0.0597322
0.0552094
0.0489857
0.0495432
0.0524049
0.0495872
0.0572019
0.0543551
0.049559
0.0549519
0.0495094
0.0467508
0.0565888
0.0465385
0.0530682
0.0411232
0.0527562
0.0499564
0.0516569
0.0506312
0.0514367
0.0463773
0.0540227
0.0472553
0.0423515
0.0438354
0.0491863
0.0493321
0.0490087
0.0523057
0.039033
0.0499186
0.0414569
0.0499055
0.0526977
0.0477096
0.0591814
0.0466738
0.0491701
0.053481
0.0495617
0.049896
0.0597452
0.0479069
0.0540294
0.0500111
0.0479639
0.0482199
0.0472869
0.0431797
0.0480265
0.0529276
0.0492569
0.05625
0.0559303
0.0478959
0.0439528
0.0482326
0.0486808
0.0443727
0.0460406
0.040776
0.0608449
0.0496924
0.0470335
0.0438248
0.0682547
0.0455422
0.0400351
0.0430784
0.0495784
0.0409977
0.0463914
0.0485973
0.0513663
0.0436124
0.0550536
0.0461927
0.0409124
0.0532902
0.0417251
0.0445507
0.0439437
0.057953
0.0469177
0.0583906
0.0464252
0.054097
0.0490635
0.0435686
0.0569888
0.0544873
0.0498087
0.0511059
0.0470622
0.0512769
0.0464083
0.0484126
0.0484502
0.0539383
0.0502728
0.0513093
0.0651731
0.0505212
0.0459092
0.0503863
0.0478747
0.0459326
0.0504047
0.04591
0.0466383
0.04428
0.0478314
0.0542629
0.0517401
0.0484206
0.0528733
0.0426789
0.0435089
0.0548885
0.0508671
0.0435009
0.0482634
0.0500386
0.0552016
0.0512649
0.0450157
0.0465646
0.0537354
0.0589102
0.0495921
0.0569325
0.0567609
0.0537195
0.044428
0.0563615
0.0422706
0.0444365
0.0450217
0.0620376
0.0510843
0.051353
0.0546662
0.0591064
0.0505716
0.0472747
0.0488341
0.0507169
0.0460043
0.0462739
0.0616994
0.0495108
0.0429989
0.0499404
0.0496969
0.041429
0.050997
0.0554535
0.062514
0.0529018
0.0498753
0.0523956
0.0433366
0.0439342
0.0476405
0.0482213
0.055813
0.0446523
0.0521198
0.0509682
0.0489316
0.0473165
0.0494873
0.0461676
0.0441682
0.0501845
0.0489358
0.0649118
0.0522554
0.0492928
0.0531216
0.0477736
0.0524832
0.0469073
0.0519037
0.0543889
0.0489064
0.0519615
0.0702127
0.057258
0.0610689
0.0428329
0.0527449
0.0465614
0.0545048
0.0432175
0.050591
0.0477283
0.0520658
0.0563561
0.0403424
0.057798
0.048179
0.0548581
0.0477275
0.0479971
0.0485814
0.0514134
0.0444245
0.0425367
0.0448096
0.0571963
0.0408065
0.0490482
0.065956
0.0419877
0.0594022
0.0505691
0.0463293
0.0489005
0.0506028
0.049394
0.0408446
0.0508639
0.0544319
0.0510106
0.0474002
0.0469017
0.0453074
0.0498642
0.0566555
0.0494949
0.0482091
0.0476779
0.0411359
0.0427301
0.0483834
0.0598717
0.0432504
0.0492225
0.0451839
0.0475448
0.0600901
0.0583581
0.0595119
0.0478148
0.0501853
0.0475852
0.0631
0.0453465
0.0518441
0.0528393
0.0439002
0.0463857
0.0496665
0.0525888
0.0494938
0.0651032
0.0496606
0.0530888
0.0453568
0.0501448
0.0520124
0.0535552
0.0640288
0.0516222
0.0488128
0.0580952
0.0467457
0.044248
0.0488622
0.048816
0.0521424
0.0499056
0.0395637
0.0560854
0.0511809
0.0422861
0.0518166
0.0492749
0.0437036
0.062773
0.0497091
0.0505682
0.0566785
0.051679
0.0450443
0.0461937
0.0484521
0.0519103
0.0455758
0.0554479
0.0505138
0.043344
0.0469295
0.0499396
0.0435118
0.0569399
0.0492212
0.0517964
0.0469305
0.0453243
0.0505395
0.0471208
0.0494735
0.0600603
0.0489637
0.048039
0.0602576
0.0455261
0.0604819
0.0560196
0.0377111
0.0473096
0.0551818
0.0549802
0.0462765
0.0424675
0.0495631
0.045638
0.0480462
0.0543527
0.058971
0.0451521
0.0508495
0.0539107
0.0578625
0.0567927
0.0581832
0.0515615
0.0462109
0.0497585
0.0599476
0.0471013
0.0465941
0.0494716
0.0479594
0.0511669
0.049973
0.0608433
0.051439
0.0521304
0.0528315
0.0581277
0.056462
0.0544524
0.0460672
0.0449809
0.0589372
0.0491375
0.0514219
0.0530929
0.0496878
0.0508161
0.0506163
0.0487713
0.0578129
0.0570941
0.0457062
0.0486099
0.0463441
0.0532062
0.0437
0.0511319
0.0477794
0.0468822
0.058697
0.0619411
0.0551595
0.0617332
0.0486676
0.0452568
0.0477727
0.0553331
0.0554779
0.0424456
0.0503329
0.0584068
0.067094
0.0464109
0.0426782
0.0508703
0.051021
0.0505023
0.0555821
0.0488851
0.0599005
0.0498682
0.0573021
0.0501617
0.0450788
0.0476367
0.0475297
0.0423016
0.0496147
0.052486
0.0524767
0.0454231
0.0531323
0.0544319
0.066214
0.0438063
0.0422917
0.0472319
0.0516078
0.0473849
0.0600645
0.0457635
0.0530078
0.0461047
0.0563189
0.0417062
0.0548013
0.0454553
0.0352431
0.0571787
0.0479443
0.0460525
0.0512137
0.048322
0.0422803
0.045084
0.0530949
0.0549253
0.041294
0.0508884
0.0478476
0.0451591
0.0408187
0.052237
0.0454865
0.053037
0.0562346
0.041515
0.0483748
0.0546034
0.0463989
0.056115
0.0481659
0.047807
0.0527537
0.0458395
0.0494444
0.0455099
0.0427119
0.0502959
0.054058
0.04787
0.0497446
0.0518395
0.0432767
0.0560544
0.0601943
0.0495352
0.041198
0.0451758
0.0404181
0.05595
0.0476347
0.0465711
0.04538
0.0514508
0.0468782
0.0557833
0.0622333
0.0618464
0.053849
0.0464298
0.0556113
0.0522383
0.0523432
0.048212
0.0505563
0.0477489
0.0521215
0.0569462
0.0410112
0.045925
0.0612401
0.0536665
0.0494166
0.0490585
0.0543957
0.041048
0.0468545
0.0435586
0.0514245
0.0491109
0.05614
0.0515082
0.0493039
0.0431001
0.0444084
0.0536263
0.0469803
0.0622053
0.0576031
0.0573606
0.0476533
0.0541339
0.0429638
0.0515657
0.0414532
0.0527644
0.0493501
0.0472573
0.0505004
0.0468609
0.0477445
0.064433
0.0630366
0.044762
0.0495013
0.0472062
0.0551644
0.0487267
0.047357
0.0517546
0.049598
0.0510704
0.0541582
0.0467646
0.0470023
0.0539021
0.0505037
0.0512816
0.0526406
0.0687891
0.0491029
0.0491268
0.0570929
0.0553205
0.05571
0.0562947
0.0573312
0.051176
0.04724
0.0534512
0.0539108
0.0648032
0.043631
0.0451447
0.0494957
0.0573836
0.0462903
0.0567853
0.048861
0.0479349
0.0454419
0.060091
0.0518359
0.0483947
0.0543148
0.0479851
0.0509431
0.0398024
0.0580528
0.0508736
0.0402757
0.0488541
0.0485831
0.050478
0.0556345
0.0459956
0.0384156
0.0547368
0.0553745
0.0544129
0.0517025
0.0468284
0.0539728
0.0432858
0.0567718
0.0469397
0.0426387
0.0415781
0.048119
0.0492666
0.0467686
0.0518518
0.0549444
0.0542678
0.0529581
0.0584115
0.04507
0.0488812
0.0521535
0.0490976
0.0519557
0.0394121
0.0442313
0.056466
0.0512276
0.0506423
0.0593889
0.0576315
0.0545217
0.0432629
0.0693782
0.0564226
0.0502171
0.0521189
0.059387
0.0500937
0.0492668
0.0479758
0.0525913
0.0483692
0.0547186
0.0463077
0.0423317
0.0565459
0.05734
0.0518405
0.0627453
0.0551429
0.0594445
0.0551735
0.0584413
0.0501838
0.0475348
0.0529535
0.0520566
0.0540879
0.04445
0.043231
0.0478015
0.0463462
0.0577965
0.051587
0.0472022
0.0458776
0.0461132
0.0450779
0.0453394
0.0516058
0.0420447
0.0520314
0.0411296
0.0513599
0.0481186
0.0476483
0.05559
0.0554308
0.0449341
0.0464975
0.0570435
0.0470454
0.0468718
0.049571
0.0550277
0.0483489
0.0626342
0.0442057
0.0483653
0.0558158
0.0435668
0.0551166
0.0460034
0.0500921
0.0509995
0.0453807
0.0469469
0.0595127
0.0485352
0.0507926
0.0455719
0.0472022
0.0576341
0.0511663
0.0506526
0.0505498
0.0508167
0.0598172
0.0459086
0.0498488
0.0531921
0.0445747
0.0418037
0.0484109
0.0488871
0.0513871
0.0703206
0.0501953
0.0433078
0.0521022
0.0469119
0.0536322
0.0551902
0.0536754
0.0516676
0.0468908
0.0480113
0.0470475
0.0557576
0.0539584
0.0543511
0.0529552
0.0537893
0.0524133
0.0570298
0.0513786
0.0567258
0.0518056
0.0513395
0.0415671
0.0468727
0.0524684
0.0412624
0.060706
0.0532185
0.0532335
0.0576917
0.0550772
0.0422805
0.0539596
0.0360265
0.0525357
0.0468779
0.0493899
0.0478741
0.0404329
0.0455466
0.0459117
0.0520363
0.0600894
0.0509344
0.0473367
0.0372019
0.0412017
0.0586343
0.053649
0.0471161
0.0512242
0.0500867
0.0560139
0.0545293
0.0482199
0.0484952
0.0485484
0.0570856
0.0457529
0.0543572
0.0517579
0.0525568
0.0455853
0.0502949
0.0500908
0.0622775
0.0509088
0.0437081
0.0600527
0.0422832
0.0477448
0.0610784
0.0455128
0.0437153
0.0495538
0.0487424
0.0512079
0.049099
0.0484096
0.0462726
0.0430018
0.0522594
0.052774
0.0464027
0.0525967
0.0544107
0.0384997
0.0441382
0.0538839
0.0471083
0.0576433
0.0488712
0.0542672
0.0483334
0.0529524
0.0504928
0.0494954
0.0454964
0.056936
0.0578685
0.054726
0.0479419
0.0386099
0.0457631
0.0470786
0.05486
0.0633989
0.0451342
0.0445409
0.0494852
0.05255
0.0512565
0.0619715
0.0554084
0.0483031
0.0438924
0.0491318
0.0491618
0.0490247
0.0507627
0.0598496
0.0563872
0.0454392
0.0507607
0.0511255
0.0604472
0.0555913
0.0397628
0.051497
0.0498809
0.0452775
0.05035
0.0490791
0.0567808
0.047164
0.0551591
0.0485839
0.0504578
0.0473817
0.0493328
0.0452398
0.0421569
0.0443351
0.0462034
0.0512227
0.0494878
0.0505127
0.0551178
0.0447843
0.0522516
0.0423698
0.050522
0.0478651
0.0496088
0.041897
0.0592361
0.0558022
0.0589072
0.0587637
0.0447524
0.0572389
0.047694
0.0448613
0.0570602
0.0492761
0.0560016
0.0446844
0.0463835
0.0469902
0.0515022
0.0554148
0.039332
0.0541201
0.0513432
0.0428496
0.0518777
0.049237
0.0554712
0.0468825
0.0568127
0.0532454
0.0527759
0.0557858
0.0476031
0.0491629
0.0487543
0.0457546
0.0345663
0.0498274
0.0540738
0.0426768
0.0515866
0.0419211
0.0600374
0.0456439
0.042052
0.0543266
0.0491659
0.0494329
0.0484802
0.0540952
0.0514503
0.0472433
0.0445112
0.0487075
0.0453947
0.0493503
0.0469656
0.0540744
0.046454
0.0453965
0.0445035
0.0473729
0.048722
0.0593603
0.0485405
0.0493076
0.0461548
0.0535057
0.0613442
0.0487779
0.0454036
0.056855
0.0535074
0.0531444
0.0511088
0.0469745
0.0612475
0.0495121
0.0486489
0.0493491
0.0458581
0.0430363
0.0407339
0.0445963
0.0499454
0.048584
0.0500043
0.0658171
0.0564949
0.0581411
0.0562262
0.0466877
0.0439841
0.0416974
0.0454407
0.0539362
0.05
0.05
0.05
0.05
0.05
0.05
0.05
0.05
0.05
0.05
0.05
0.05
0.05
0.05
0.05
0.05
0.05
0.05
0.05
0.05
0.05
0.05
0.05
0.05
0.05
0.05
0.05
0.05
0.05
0.05
0.05
0.05
777777