2.63332
999999
-0.347266
0.276277
0.157741
0.168583
0.092299
-0.108009
-0.377211
-0.0155261
0.10056
0.0769221
0.175231
-0.0619961
0.132589
0.102383
0.306079
0.176941
0.0262622
-0.047193
-0.130137
-0.257782
-0.0182637
0.161336
-0.154796
0.171114
0.24844
-0.0939754
0.0102063
0.14755
-0.40959
-2.06377e-05
-0.177728
-0.106199
0.162238
0.164703
0.146448
-0.156323
-0.0379866
0.105951
0.0795557
-0.126028
0.028663
-0.0558987
0.0109187
0.250716
-0.148947
0.0980802
0.0752971
0.0245128
0.173302
0.243141
-0.0958569
-0.30769
0.0206327
0.0993077
0.16175
-0.0200787
0.157046
-0.133692
0.236137
0.0717271
-0.179837
0.187899
-0.285441
-0.00697037
0.0307189
-0.173811
0.205133
-0.0226454
-0.0497133
-0.0487441
0.021692
0.175969
-0.112487
-0.129489
0.0109525
-0.091576
0.207368
-0.15006
0.194306
-0.154787
-0.127693
-0.0691048
-0.0894205
-0.191332
-0.0894794
0.16703
-0.173795
-0.00174019
-0.198315
-0.267476
0.00629011
-0.011499
-0.200749
-0.247106
-0.0212824
-0.246751
0.056354
0.18221
0.0632737
0.17024
-0.0809919
0.157839
-0.181437
0.148643
-0.123411
0.106877
-0.1124
0.07125
-0.0397423
-0.169027
0.0776034
-0.141588
-0.177651
0.0497016
-0.168768
0.0688877
0.120686
-0.222155
0.159218
0.243582
0.00480336
-0.153241
-0.329142
0.0470521
-0.0219848
0.188378
-0.0761318
-0.00189131
-0.0376024
0.0656748
0.02734
-0.0404062
-0.00247237
0.0320451
0.0151091
0.0240545
0.0390342
0.0929264
0.147405
-0.0410392
-0.00843661
-0.207436
-0.064804
-0.0904945
-0.193863
-0.0871687
0.136685
0.218818
0.132343
-0.182795
0.133571
-0.0477029
-0.21636
-0.0953228
0.264879
0.131481
0.103947
0.178339
0.0372131
-0.0571112
0.039339
0.0453224
-0.185103
0.22584
0.230002
-0.141243
0.103269
0.00850052
0.180293
-0.224631
-0.0310217
0.0300655
-0.171472
-0.168793
0.00572964
0.37281
0.0221962
-0.182407
-0.121751
-0.0389361
0.0406531
0.0579812
0.205291
0.168964
0.183031
0.214806
-0.0227923
-0.159771
0.0332309
0.106447
-0.216671
-0.00118122
0.131647
0.0417174
0.0367355
0.151059
0.145408
0.0987062
-0.018039
0.0492164
-0.147062
0.0494263
0.24832
-0.174002
-0.198086
-0.250926
0.171691
-0.0324568
-0.132758
0.0873129
0.182024
0.156761
-0.0437757
-0.188259
-0.243077
-0.0445741
0.219963
-0.169214
0.0356388
-0.164186
0.12282
0.161212
-0.189851
-0.0454233
0.136189
0.012383
-0.388887
0.136211
0.0973611
0.173412
-0.124357
0.205995
0.146916
0.0910507
-0.0107295
-0.150146
0.0796791
0.197643
-0.0919747
-0.0386429
-0.151655
-0.169286
-0.0750811
-0.159593
0.147937
-0.0653921
0.0292766
0.128912
0.20081
0.146942
-0.178491
-0.122156
-0.00908506
-0.0880985
0.0681671
-0.136135
0.0464088
0.127633
0.0468944
-0.274011
0.099198
0.0501907
-0.110986
0.238434
-0.219852
0.0153763
0.130787
-0.162981
-0.049877
-0.11291
-0.248858
0.128529
0.354073
-0.0853105
0.189097
-0.0940146
-0.241466
-0.0922603
-0.0498301
0.138438
-0.14374
0.0157544
-0.0231493
0.127068
-0.0446983
0.059317
-0.0510659
-0.295084
-0.0550046
0.203203
-0.209422
-0.0511599
0.135766
0.0623785
0.111297
0.0794859
0.335562
-0.0248703
0.2205
0.239393
-0.139672
0.0183834
0.129094
0.122683
0.100455
0.0670033
0.115266
0.254319
0.106818
0.0156998
0.0533909
-0.268237
0.020791
-0.0890297
0.0410899
0.0468778
0.0825156
-0.149423
-0.0811424
-0.102533
0.000496695
0.0638324
0.0430926
-0.0152772
-0.00863134
0.125395
-0.200579
-0.0462915
-0.0686814
0.0533423
-0.0133816
-0.0286603
-0.0199915
0.228863
-0.145448
-0.00810668
-0.0693876
0.0855611
-0.00454304
-0.0438532
-0.00736652
-0.0590125
0.155773
0.157492
0.0995268
-0.0742655
0.240572
0.146572
-0.267236
0.0250769
0.044314
-0.100028
-0.0114822
0.20588
-0.0121356
0.197426
0.00365802
0.149545
-0.0138385
0.0549932
-0.0810243
-0.187384
0.092938
0.0548136
-0.0497691
0.110992
0.125196
0.169779
0.00328681
-0.0683063
0.175918
0.0108571
-0.124708
-0.0993556
0.394715
-0.0948419
0.0753443
-0.12722
0.144903
-0.139706
0.175987
0.0948111
0.0775974
-0.132675
-0.199101
0.105371
-0.0206209
-0.258113
-0.143652
0.03173
0.0724192
-0.143642
-0.110606
0.00497674
0.0916937
-0.078664
-0.0317498
-0.17002
0.148433
-0.197677
-0.248817
0.112434
0.167616
-0.00679261
-0.0247823
0.0699305
0.195453
-0.132005
0.0943921
0.235158
-0.164274
-0.00115902
0.209886
0.110022
0.0769359
0.143685
-0.0565871
-0.0472799
0.0819386
-0.0061087
-0.0965987
-0.184658
0.253229
0.270584
0.213772
0.130484
0.107716
0.118157
0.0270689
-0.11003
-0.231814
-0.0475048
0.0118365
-0.0170824
-0.0447177
0.291922
-0.0135279
0.110301
-0.154367
-0.0126072
0.193601
0.0656172
-0.117606
-0.137504
-0.168226
0.0585946
-0.151151
0.0554825
0.0330657
0.113445
-0.0198217
0.134485
-0.0649133
0.112017
-0.190676
0.0938321
0.00779514
0.11471
-0.315441
0.129115
0.255694
-0.0428422
0.313107
0.0879868
0.119479
-0.0753745
0.115143
0.0454482
0.272705
-0.18491
-0.22073
0.191096
-0.0753355
0.22735
-0.205373
-0.0209646
-0.117122
-0.138133
-0.0269225
0.223915
0.194932
0.211758
-0.0634534
-0.0160694
-0.110107
0.135343
0.033245
-0.190098
-0.0533562
-0.1955
0.229252
-0.0683268
-0.319099
0.0243534
0.0177086
-0.0311926
0.108609
-0.0368014
0.14298
0.0941635
-0.111102
-0.153506
-0.0586581
0.0364715
-0.0665978
0.124283
0.082099
0.0141319
0.0124898
0.0568277
0.11109
0.163048
-0.192986
0.260426
0.100744
-0.0110341
0.267651
0.239151
0.226687
-0.0957982
0.15794
0.0594717
-0.007361
0.199388
-0.116017
-0.126832
-0.063265
0.0630224
0.00733003
-0.095994
0.113129
-0.176317
-0.145632
-0.134292
-0.215853
0.0632311
0.0174562
-0.103804
-0.331596
0.103548
0.0707972
0.0909979
0.234158
0.102189
0.00086281
-0.0377129
0.206421
0.0485982
-0.108389
0.162572
0.00783632
-0.097958
-0.153314
0.035124
-0.246987
0.139141
0.212705
0.178986
-0.223315
-0.0201356
0.0523066
-0.0395854
-0.112576
0.164278
-0.155664
0.0318889
-0.105089
0.0562972
-0.0671101
-0.0158249
0.0219756
0.121935
0.0990274
-0.0353378
0.0728706
0.0948278
0.174765
0.0125825
0.134548
0.276326
-0.0808207
-0.22098
-0.127852
0.0359433
-0.141584
0.145683
-0.156785
-0.202391
0.163602
0.131853
0.0180741
-0.173407
-0.0704703
0.0320125
-0.147313
-0.0740462
-0.122189
-0.179896
-0.163367
-0.0213285
0.114937
-0.0519817
-0.0747389
0.138008
0.143082
-0.0176521
0.135958
-0.0310391
0.111771
-0.0882085
0.141099
0.0342512
0.116261
0.112996
0.0507065
-0.0874075
-0.0406037
-0.0413136
0.220973
0.00425722
-0.0173202
-0.0086717
0.43677
0.0365009
0.130539
0.0390545
-0.217845
0.0276225
0.246382
0.0909611
0.0240623
0.0958435
0.0102993
0.0606568
0.0853737
-0.0893439
0.117518
0.0160653
-0.192137
-0.118714
0.0565009
0.178313
0.0201139
-0.00984425
0.0403226
0.0111925
-0.0959469
0.104486
0.169516
-0.134293
0.0102376
-0.0768502
-0.0731337
-0.10108
-0.165522
0.0342625
-0.156582
0.0552988
-0.200097
0.250574
0.0333113
-0.172277
-0.100398
0.209263
-0.088391
-0.0742422
0.0465704
-0.00579886
0.158757
-0.0362739
-0.0456029
-0.121434
0.0819134
-0.163727
-0.113163
-0.208688
-0.0736137
-0.270573
-0.197467
-0.097364
0.10773
0.216012
-0.0601207
0.159223
0.1192
0.0871659
-0.0781359
-0.209052
0.219461
0.0173786
0.0403345
-0.160482
0.227141
0.224339
-0.098907
-0.202851
0.100414
-0.0479732
0.0978333
-0.242837
-0.0363716
0.034504
0.119516
-0.0394716
-0.125618
0.0933784
0.0461815
0.154724
-0.0301082
-0.123981
0.0774377
0.131356
0.0612045
0.014857
-0.173325
0.120364
0.227537
-0.0366297
0.24685
0.195803
-0.180266
-0.0576315
-0.141779
-0.0647096
0.0137899
0.0516571
-0.0978788
0.162548
-0.156001
0.0827134
-0.112608
0.173524
0.0866824
-0.322174
0.0347384
-0.0878271
-0.0703475
0.251395
-0.0204053
0.197027
0.0329706
0.133494
-0.101382
0.069288
-0.257707
0.149001
-0.0106705
-0.188956
-0.0184831
-0.0581625
-0.0268517
-0.111757
0.248596
0.233651
-0.0951335
0.117764
-0.0297738
-0.019817
0.216465
-0.0530485
-0.110781
-0.151808
-0.225853
-0.0492214
-0.129197
-0.0177617
0.0455857
0.0158903
-0.102474
-0.275459
-0.114442
0.0521609
0.135187
0.23498
0.0193041
0.064105
-0.102459
-0.274581
-0.000367349
0.097871
-0.214567
-0.0966583
-0.14068
0.29719
0.0729955
-0.159031
-0.187079
-0.00625121
-0.180923
-0.278528
-0.0154591
0.113736
0.222215
-0.0555583
-0.00824216
0.143335
0.0359744
0.0631315
0.211681
-0.0912703
-0.262926
0.0968244
0.0296388
-0.158246
0.107182
-0.0180621
0.135468
0.109941
0.127812
0.123723
-0.181545
-0.0948107
-0.207913
-0.0645136
0.0577712
-0.176361
-0.212324
0.0415847
0.138231
-0.233103
0.167856
0.243505
0.134655
-0.282152
-0.197854
0.0342591
0.0234861
0.0263408
-0.178553
0.187861
-0.142881
-0.0782303
-0.0286254
0.12489
0.145065
-0.1025
0.0323691
-0.218523
0.191713
0.268623
-0.0703319
-0.0872128
0.19329
-0.0182672
-0.0139351
-0.0538248
-0.145112
-0.0972765
-0.124921
0.124576
0.101372
-0.203747
-0.165233
-0.0692088
-0.0372113
0.24255
-0.181565
-0.00450812
0.0193908
0.107612
0.143546
0.126476
0.0777507
-0.0873153
-0.125457
-0.129686
0.0511463
-0.183659
0.143488
0.0439291
-0.141159
-0.128571
0.0471991
-0.210661
0.0363512
-0.0613111
-0.0913911
-0.0901441
0.119978
-0.0936892
-0.0553292
0.131085
-0.237704
0.115689
-0.0375196
-0.226543
-0.0437257
0.0440125
-0.17397
-0.0444818
0.0428156
-0.288943
-0.219013
0.174654
0.116206
-0.140605
-0.0905293
0.108408
0.0449243
0.0376439
0.279358
-0.00795358
0.145686
0.166635
-0.0738443
-0.01078
0.132421
0.068085
0.144337
0.113405
0.26582
0.123431
0.15507
0.271906
-0.084293
0.0376968
0.0370904
0.0476692
-0.109145
-0.0963003
-0.0163291
0.194399
-0.0172513
0.165576
0.227014
0.00945591
-0.0958292
0.141052
0.0123993
0.192367
0.0452062
-0.30654
0.101487
-0.139792
0.170795
0.00907692
0.193444
-0.144067
0.0671059
0.02658
0.22725
-0.0335834
0.093495
0.0365307
0.180766
0.10537
-0.0251706
-0.158739
-0.119765
0.282113
-0.184309
-0.117357
-0.0101524
-0.0555405
-0.228607
0.127095
0.265942
0.0797178
0.133023
0.270043
-0.0550725
-0.0836965
-0.21329
-0.136689
-0.0177028
-0.0388772
-0.29695
-0.165775
0.0898404
-0.159248
-0.117463
0.118844
-0.130363
-0.0668346
-0.188278
0.141484
-0.0072483
0.0286094
-0.0999467
0.0931195
0.0525787
-0.166363
-0.111926
0.189326
0.0864475
-0.0732412
0.189779
0.0992095
0.0730108
0.0114833
-0.0694755
0.091496
-0.0431392
0.129521
-0.0654926
-0.149361
-0.0416566
-0.312772
0.219536
-0.0846095
-0.0798338
-0.067562
-0.0226016
0.170745
0.0744196
0.133885
-0.122612
-0.0969733
-0.227862
0.222175
0.121342
-0.201082
0.0391721
-0.0542259
0.0978877
-0.206882
0.0727837
-0.00113251
-0.126239
0.0756399
0.0467264
-0.264117
0.0863353
-0.159541
0.133495
0.0253206
0.0649344
-0.1614
0.171996
0.133682
-0.115314
-0.159167
0.063465
-0.113445
0.0133133
-0.204547
0.0530032
0.140815
-0.0700767
-0.0568426
0.109721
0.1023
0.245632
-0.26278
0.235942
0.0481672
-0.0550227
-0.101349
0.0653899
0.084498
-0.131513
-0.101849
-0.0694942
0.073632
0.0830145
-0.0369898
-0.0877615
0.0905136
0.0961631
0.0861705
-0.101541
0.0210884
0.261279
-0.191751
-0.334583
-0.143218
-0.151467
0.0414783
0.119824
-0.00508056
-0.183456
-0.214006
-0.0231072
-0.0161645
0.1392
0.0467055
0.167325
-0.19229
-0.0388158
-0.183248
0.0112337
-0.109735
-0.245728
-0.0840159
0.179213
0.10852
0.136276
0.0906361
-0.184166
0.149578
-0.192876
-0.217005
0.273209
-0.0346086
0.199931
-0.0273417
-0.00678796
0.0520485
-0.282399
0.104143
0.0431754
-0.0952024
0.117069
-0.15907
0.16629
0.375316
0.0331944
-0.293661
0.16158
0.0853724
-0.166851
0.174795
-0.268162
0.0656705
-0.181323
-0.0627888
0.12858
-0.139924
-0.0836514
-0.10117
0.0959978
0.0639083
-0.0740778
-0.0793909
0.00904799
0.0744078
0.246041
-0.0891084
-0.166154
-0.152433
0.196218
-0.0651523
-0.101727
-0.047454
-0.127871
0.116742
0.0963186
-0.187587
0.128956
0.0901152
0.0819534
-0.00248166
0.113368
0.00829788
-0.126434
-0.0865471
0.0560603
-0.138254
0.0365689
-0.19991
-0.15096
-0.0663475
-0.150938
-0.0730335
0.0315293
-0.186394
0.0762691
-0.00395076
0.0253192
-0.21738
-0.0532297
-0.254139
0.0738445
-0.238608
0.0992275
-0.127405
-0.112599
-0.222805
0.301999
0.148519
0.0731377
0.12688
0.195831
-0.198736
0.0337977
0.051554
-0.196877
0.210082
0.166142
0.222735
0.0485978
0.108341
0.0561828
0.021017
-0.12337
0.00346208
-0.146012
0.066502
0.175926
-0.216009
-0.0399848
0.108046
0.237817
0.0605532
0.174958
0.0249709
-0.184447
-0.049939
-0.0959469
-0.161719
0.0372239
0.0970635
0.1781
0.0703141
0.0608286
0.190617
0.20846
-0.171869
0.0242184
-0.134585
0.0520866
-0.08425
0.363283
-0.0334979
-0.110198
-0.028014
0.0992607
-0.164646
-0.0128684
0.184426
-0.0621148
0.105553
-0.165981
-0.115159
0.0827723
0.241108
0.254605
-0.14597
-0.157736
-0.0371092
-0.129986
0.053951
0.0861795
-0.0464838
0.186297
-0.15537
-0.0217546
-0.101126
-0.0738685
-0.142882
-0.285645
0.22473
0.140236
-0.133203
0.0537177
-0.284509
0.0188551
0.316913
-0.112766
0.154114
0.124439
-0.00756105
-0.106707
-0.141369
-0.0712565
-0.130101
0.113724
0.0331035
0.165841
-0.0336557
0.208627
-0.226383
-0.0308733
0.0844097
0.148505
0.0474627
0.0912757
-0.0105602
-0.066009
-0.145098
-0.0824044
0.0320292
-0.106741
0.0560676
-0.213761
0.0759232
-0.0866809
-0.153635
0.0809916
-0.183813
0.129608
0.111955
-0.0902414
0.183866
0.123824
-0.152111
0.0699723
0.122639
-0.236935
-0.0705394
-0.104198
0.256791
0.119862
0.0445491
0.066632
0.0383542
-0.0572506
-0.0207917
-0.0745111
0.162633
-0.142429
0.0765274
0.132358
0.301861
0.161679
-0.157797
-0.12594
-0.268669
-0.156596
-0.0360498
0.0656502
-0.0791146
-0.248088
0.127585
-0.0624479
0.0116422
-0.104533
-0.222364
-0.12535
0.112883
-0.141451
0.179918
0.124359
0.036017
0.0451471
-0.0301446
-0.0632502
-0.241243
0.0747706
-0.0978098
-0.00845928
-0.0358536
-0.0325818
0.0671717
0.0335329
-0.248256
0.0585802
0.235465
-0.0983494
-0.208728
0.0477484
-0.235451
0.0944117
0.236362
0.0706788
-0.0448381
0.147539
-0.323033
-0.0977587
0.0901386
0.0305886
-0.225632
0.14501
-0.0891793
0.132335
0.0412915
0.00285924
0.115993
0.112417
0.0487585
-0.0436541
-0.0198912
-0.194043
-0.177734
-0.0594058
-0.163747
-0.0593451
-0.0440021
0.155452
0.137013
-0.00419568
-0.220104
-0.134437
-0.0893172
0.0608558
-0.0171525
-0.112477
0.144721
0.0100143
-0.230313
-0.181178
-0.113275
-0.200034
-0.0172385
0.0770694
0.19699
-0.261908
0.0185206
-0.176248
0.113729
-0.0418122
0.0618523
-0.255898
0.244588
0.199789
0.0829095
0.213601
-0.154823
-0.017165
-0.117009
-0.209481
-0.0779642
0.0477758
0.017817
0.0246706
0.0720424
0.0914971
-0.210813
0.0462726
0.149502
0.138745
0.188599
0.0811079
0.0503831
0.0149498
-0.0358836
0.142646
-0.0354995
0.0685305
0.107428
-0.172124
0.0506064
0.0751431
-0.0281547
0.141537
-0.0820144
-0.00553683
0.142245
0.00675534
0.00826702
0.0646538
0.169204
-0.147788
0.0737867
0.133534
0.0441998
0.0717027
-0.0254511
-0.0858619
-0.0322655
-0.210458
0.120024
0.113129
0.103053
0.0416881
0.291009
0.162317
-0.0786179
0.00603915
-0.0722328
0.117834
0.179274
0.309511
-0.0851706
0.00265859
-0.0404253
0.0720336
-0.040373
0.105479
0.0478886
0.00773597
-0.0137242
-0.164585
0.214558
-0.0398659
-0.018475
0.140701
-0.073991
-0.267305
-0.138603
-0.0195174
0.158475
0.119042
0.0870172
-0.130761
0.188211
0.078142
-0.148023
0.141614
0.0376411
-0.208155
0.0419019
-0.0309964
0.0639433
0.0159146
-0.186842
-0.142225
-0.123268
0.0605357
-0.215127
-0.0474617
0.22301
0.00267269
-0.214448
0.0572511
0.0588129
0.00105313
-0.133041
0.111572
-0.03364
0.0184955
0.195639
0.0278891
0.068466
0.0595318
-0.207312
-0.128498
0.0517686
0.0247169
-0.091458
0.189104
0.0330214
-0.187947
-0.179749
0.0833628
0.0169705
-0.22363
0.165368
0.0366338
-0.0116406
0.1487
-0.0642998
0.0129737
-0.159908
0.148061
-0.213463
0.134859
0.00764507
-0.159425
0.260228
-0.0213232
0.196374
0.181568
0.0161513
-0.118373
-0.206747
-0.0191796
0.192999
0.0321433
-0.186701
-0.159961
0.125477
-0.197021
0.0340902
-0.291299
-0.24112
0.172338
0.240019
-0.0651166
0.168515
0.141854
-0.26366
0.201221
0.18663
0.341834
0.000894523
0.00591657
0.25339
0.125899
0.0475883
0.109462
-0.0335833
0.124648
0.0360904
0.124785
-0.1096
-0.313832
0.182008
-0.112108
0.0619134
0.0473217
-0.295541
0.259241
0.25859
-0.10821
-0.201055
0.166139
0.00390456
-0.164131
0.0866006
0.252505
0.0962651
0.0966457
0.190077
-0.137615
-0.0479693
0.0167023
0.0584909
-0.121436
0.0811041
-0.0115569
-0.038596
-0.169494
-0.0347789
0.0650087
0.171711
-0.0136749
0.134607
-0.0829562
-0.163683
0.177011
0.131263
-0.120661
-0.0218049
-0.105885
0.094523
0.102552
0.0148888
0.186762
0.210056
-0.0211506
0.0324232
0.146084
0.144681
-0.194324
-0.147939
0.0959962
0.125015
-0.32491
0.185207
-0.0460945
-0.146125
-0.0151244
0.108475
-0.293098
-0.146285
-0.036826
-0.116363
0.131324
0.0749576
-0.12753
-0.00811483
0.14785
-0.00129709
-0.182265
0.171852
-0.251504
-0.14477
-0.00845989
-0.0845623
0.0503404
-0.127466
0.12812
-0.111316
0.138777
0.0645398
0.0693683
-0.0391913
0.0693174
-0.0760511
0.0106954
0.211214
-0.181345
-0.0200089
0.1481
0.330351
-0.0986992
0.104646
-0.111479
-0.125545
-0.101427
0.0618954
0.0227417
-0.152167
0.12468
-0.309576
-0.068973
0.0645404
0.121622
-0.118426
-0.142728
0.118038
-0.0508849
-0.154834
-0.0109878
-0.202441
-0.00677815
-0.0182348
-0.169809
-0.109376
0.210546
0.0871885
-0.0993099
-0.0942705
0.0556373
0.0756807
0.0431186
0.175977
0.069345
-0.0692298
888888
0.0807214
-0.186764
0.156356
-0.19625
0.0630662
-0.176726
0.0888341
-0.133882
0.0188272
-0.126697
-0.110303
0.0998265
0.0231132
-0.105381
-0.167252
0.011203
0.0622128
-0.143524
-0.0604074
-0.153494
-0.081318
-0.0448998
-0.0337554
-0.013459
0.0419447
-0.0166556
0.138686
0.0466673
0.222137
0.092841
0.146647
0.245577
0.0557384
0.047684
0.0454074
0.0563526
0.0499275
0.0488484
0.0642962
0.0536462
0.0378247
0.049945
0.053322
0.0457089
0.0496667
0.0548307
0.0514704
0.0407384
0.0417037
0.0519707
0.0427021
0.0478373
0.0587439
0.0422869
0.0523221
0.0456398
0.0409598
0.0567824
0.0554072
0.0473453
0.0464018
0.0444764
0.0488848
0.0487767
0.0468175
0.05544
0.0580365
0.0444884
0.0697063
0.06253
0.0443166
0.0508308
0.0606798
0.0534484
0.0412055
0.0527773
0.055054
0.0451831
0.055048
0.0536398
0.0373331
0.0418928
0.050683
0.0507524
0.0495093
0.0505278
0.0458701
0.0551063
0.0478506
0.0453272
0.0591634
0.0535861
0.0433644
0.0465003
0.048111
0.0495235
0.0582041
0.0445257
0.0430243
0.068308
0.0363389
0.0598518
0.0492739
0.0536374
0.0536917
0.0568847
0.0446235
0.0617166
0.0531698
0.0568918
0.0364739
0.050066
0.0435889
0.0514868
0.0445531
0.0523302
0.0446811
0.0526997
0.0433494
0.0461565
0.0569218
0.0444209
0.0558509
0.0364382
0.0515113
0.0485644
0.0603979
0.0444988
0.0464935
0.0686914
0.048831
0.0457417
0.0412222
0.048785
0.053689
0.0456487
0.0652605
0.0480188
0.0480989
0.0412949
0.0536828
0.0609512
0.061657
0.048467
0.0486323
0.042897
0.0651151
0.0490089
0.0664479
0.0409251
0.0342969
0.0417861
0.0525145
0.0533046
0.0474271
0.0417155
0.0512201
0.0437914
0.0499511
0.0381657
0.0394838
0.0426927
0.0443079
0.0647088
0.0423435
0.0410697
0.0392036
0.0599675
0.0590302
0.0465648
0.0648109
0.051583
0.0678915
0.0429735
0.0611479
0.0554658
0.0430419
0.0567113
0.0611666
0.0525558
0.0512741
0.0454416
0.0399891
0.0408617
0.046774
0.0552896
0.0484358
0.067336
0.0566598
0.0559942
0.0505541
0.044707
0.0600263
0.0387194
0.0613462
0.0509861
0.0445883
0.0635295
0.0410195
0.0373535
0.0506621
0.0592773
0.0447998
0.0608508
0.0472866
0.0545877
0.0391967
0.0455531
0.050158
0.061068
0.0449751
0.0464713
0.0567538
0.0452037
0.0439887
0.0525837
0.0357517
0.0537743
0.052089
0.0588379
0.0445623
0.0472189
0.050197
0.0579476
0.0441157
0.0462842
0.0514126
0.0482841
0.0368561
0.0468957
0.0524718
0.0548144
0.0534096
0.0415873
0.0435547
0.0527971
0.0485396
0.0558979
0.0391992
0.0600015
0.0413776
0.0493794
0.0558096
0.0452995
0.0427084
0.0496261
0.0490144
0.0533187
0.0529826
0.0547357
0.0578424
0.0524242
0.0474977
0.0462073
0.0461037
0.0527625
0.057518
0.0519892
0.0644511
0.0494305
0.0603244
0.0547327
0.0497525
0.0401868
0.056961
0.0459814
0.0544365
0.0462582
0.0470417
0.0520658
0.0475493
0.0449805
0.0535937
0.0575011
0.0618822
0.0422197
0.0497245
0.0523806
0.0637855
0.0405346
0.0605221
0.0457419
0.0473548
0.0691629
0.0532003
0.0644259
0.0489503
0.0568212
0.0723872
0.0517977
0.0657491
0.0757414
0.0578588
0.0514641
0.0394199
0.0722682
0.0679888
0.0668712
0.052578
0.0439566
0.0507905
0.0575982
0.0727204
0.0455395
0.0490695
0.0591611
0.0479231
0.055714
0.0474287
0.0482539
0.0428415
0.0602652
0.0415686
0.055667
0.0405561
0.0452817
0.0689451
0.0544498
0.0494746
0.0343817
0.0599728
0.045498
0.0470296
0.0468242
0.0406894
0.0382298
0.0419092
0.0650509
0.0399601
0.0452906
0.0575758
0.0483631
0.0414039
0.0566668
0.039953
0.0509073
0.0625521
0.0433259
0.0483707
0.0570202
0.0411022
0.0443096
0.0536277
0.0577307
0.0539032
0.057885
0.0357569
0.0454718
0.0581474
0.0469453
0.0559401
0.0534639
0.0473484
0.049792
0.0549852
0.0537744
0.049478
0.055346
0.0458481
0.0393498
0.0464943
0.0486058
0.0432519
0.0450155
0.0437158
0.0480339
0.0427911
0.0377422
0.0489464
0.0448708
0.0455556
0.0455645
0.0371741
0.0348404
0.0645587
0.0537155
0.0489225
0.0614
0.0579985
0.0481442
0.0409624
0.0517056
0.0579124
0.0772829
0.0517882
0.0471072
0.043432
0.0515269
0.0548768
0.0601395
0.0515914
0.0505443
0.0380945
0.0481639
0.0467303
0.04483
0.0447676
0.0610029
0.0665151
0.0491401
0.0577756
0.0396727
0.0557731
0.0651524
0.0523509
0.0530255
0.0441087
0.0538194
0.0497129
0.0487911
0.0478468
0.0508863
0.0423085
0.0582843
0.048903
0.0627968
0.040804
0.0428261
0.0441645
0.048647
0.0554842
0.0469464
0.0594689
0.0505288
0.0626447
0.0470727
0.0535719
0.053759
0.0555196
0.0428308
0.0511711
0.0534314
0.0461481
0.0459227
0.0464885
0.0740227
0.0545396
0.0479837
0.0336519
0.067437
0.0476035
0.0539153
0.0647297
0.0444632
0.042567
0.0392723
0.0561939
0.0434172
0.0456859
0.053571
0.0464112
0.0446628
0.0472929
0.0393111
0.0451055
0.0413372
0.0500499
0.0536261
0.0515522
0.0511165
0.0445277
0.0347975
0.0642951
0.0562329
0.0488002
0.0749018
0.0421502
0.0560751
0.0567639
0.0569592
0.0523417
0.0419168
0.0471621
0.0508008
0.0369344
0.0477824
0.0376751
0.0513991
0.053794
0.0511225
0.0513516
0.0510246
0.061933
0.0508789
0.0547902
0.0586284
0.0402366
0.0407118
0.0714134
0.0504351
0.0504901
0.046518
0.0475281
0.0697167
0.0429424
0.0427192
0.0447166
0.06848
0.0718128
0.0388227
0.0461953
0.0431066
0.0484031
0.0546226
0.056802
0.0571974
0.0412202
0.0463831
0.064322
0.05215
0.0503661
0.0514502
0.0400725
0.0526087
0.0469719
0.0471862
0.0535169
0.0525368
0.0744912
0.0527461
0.0529167
0.0441362
0.0441184
0.0618858
0.0692429
0.0562351
0.0575274
0.0551807
0.0443886
0.0382722
0.0424702
0.048289
0.0464411
0.0440517
0.0372454
0.0488505
0.064561
0.0482989
0.0627016
0.0633982
0.0544961
0.0609506
0.0491698
0.0587554
0.0478362
0.0442751
0.0514453
0.0579271
0.0459497
0.0561114
0.0527004
0.0501685
0.0532843
0.0402622
0.0383569
0.0620106
0.0502406
0.0493405
0.0507709
0.0469106
0.0672504
0.0475713
0.0484899
0.0403019
0.0437838
0.0593156
0.0487633
0.0509384
0.0550545
0.043096
0.039639
0.0457524
0.0635653
0.0472713
0.051568
0.0490288
0.0366012
0.0453654
0.0395756
0.0473763
0.0510995
0.0381925
0.0479481
0.0579298
0.0332015
0.0446881
0.0521885
0.0498268
0.0514692
0.0661851
0.0533739
0.0414833
0.0514962
0.0471119
0.0367144
0.0535567
0.0587305
0.042255
0.0535599
0.0540363
0.0405103
0.0436645
0.0554399
0.0393532
0.0497108
0.0486933
0.0333704
0.0450417
0.0421492
0.049122
0.0661915
0.0477935
0.0538771
0.0379723
0.0482294
0.0454244
0.0570631
0.0449017
0.0659458
0.048196
0.0582478
0.0653274
0.0500828
0.0463414
0.0346873
0.0463732
0.0490836
0.0542006
0.0542601
0.0426701
0.0481176
0.0426864
0.0464486
0.0467802
0.0605189
0.0396242
0.0443522
0.0503197
0.0412606
0.0449139
0.0497539
0.0505319
0.0492775
0.0366204
0.0507404
0.0543274
0.0505054
0.0554233
0.0451862
0.0390694
0.0495483
0.0513692
0.064034
0.0491448
0.03975
0.0421475
0.0552101
0.0433512
0.0440035
0.0513053
0.0573535
0.0532562
0.0451735
0.0594635
0.0437723
0.0519619
0.056449
0.0637727
0.0530518
0.0501873
0.0495576
0.0567786
0.0358065
0.0507256
0.0576349
0.0549978
0.0440734
0.0459493
0.0400456
0.0609425
0.0471428
0.0468504
0.0364631
0.0745358
0.0455015
0.0433869
0.0410601
0.0525421
0.0636298
0.04124
0.0528533
0.0557208
0.0645545
0.0385885
0.0543466
0.0545062
0.0428302
0.0492802
0.0654954
0.0509483
0.0465378
0.0680857
0.0387503
0.0452246
0.0366948
0.0418426
0.0474551
0.045312
0.0464144
0.0538851
0.0678982
0.0495576
0.0417541
0.0719477
0.0427306
0.0356626
0.0578383
0.0576252
0.0424983
0.0497408
0.0433937
0.0596935
0.0582036
0.0444026
0.055471
0.0519486
0.060609
0.0492566
0.0382948
0.0562124
0.0462972
0.0602419
0.0539797
0.0522764
0.0611659
0.0475423
0.0525109
0.0528905
0.0501494
0.06506
0.0525483
0.0416344
0.0511994
0.0420653
0.0356828
0.0399409
0.0400683
0.0590493
0.0477785
0.0555789
0.0499277
0.0425423
0.0420592
0.0539283
0.0495542
0.064815
0.0606607
0.0620583
0.0523373
0.0576333
0.061881
0.049729
0.0562169
0.0525133
0.0420452
0.043297
0.0443749
0.0600279
0.0512336
0.0481341
0.0435225
0.0565094
0.0571808
0.0564331
0.0548945
0.0400896
0.0560421
0.0478075
0.0546685
0.0557594
0.0461051
0.0406957
0.0603847
0.0505817
0.041777
0.0411447
0.039862
0.0574789
0.0533807
0.055152
0.0389141
0.0588982
0.0369301
0.0531346
0.0538436
0.0423127
0.0616087
0.0480584
0.0520192
0.0560944
0.0510591
0.0512814
0.0665708
0.0436251
0.0602653
0.0545506
0.0429642
0.0460721
0.0482748
0.0350936
0.0523539
0.0508977
0.056957
0.068116
0.0516889
0.0465666
0.0450376
0.0402252
0.0548054
0.0505929
0.0437592
0.0435521
0.0579304
0.0450649
0.0399807
0.0359333
0.0709787
0.050682
0.0418258
0.0486561
0.0475058
0.0540357
0.0408639
0.0447601
0.0505297
0.0451587
0.0496208
0.0489763
0.0373186
0.0633623
0.0397237
0.0469405
0.0384055
0.0527028
0.0464809
0.0516504
0.0532368
0.0494949
0.0417245
0.0502107
0.0506223
0.0513673
0.0399104
0.0627351
0.0450078
0.0550834
0.0500804
0.0517014
0.0473654
0.0525397
0.0458411
0.0514333
0.063635
0.0487098
0.0509139
0.0523948
0.0521564
0.0533171
0.0506983
0.0469661
0.0444009
0.0416233
0.0501952
0.0503948
0.0472315
0.049815
0.0510629
0.0430448
0.0449559
0.0554452
0.0484604
0.0559675
0.0450837
0.0672742
0.0449021
0.0473357
0.050649
0.0481978
0.0634658
0.0559474
0.0488818
0.050705
0.0544796
0.0544824
0.04661
0.0508216
0.0411272
0.0381085
0.0523675
0.0585577
0.0566512
0.0597897
0.0559206
0.0622233
0.0502261
0.0501645
0.04809
0.0487156
0.0463044
0.0450006
0.0617066
0.0415764
0.0410014
0.0553718
0.0500992
0.0439402
0.0513241
0.0543615
0.0565491
0.0482239
0.0572448
0.0458651
0.0395784
0.0372226
0.0397123
0.0461334
0.0538533
0.0498767
0.0604724
0.0562526
0.0570421
0.0489896
0.0355162
0.05349
0.045034
0.0400886
0.0441631
0.0567184
0.0492334
0.0444143
0.0566705
0.0417121
0.0550146
0.0498295
0.0573979
0.0491872
0.0474757
0.0512637
0.0768777
0.0611459
0.0589738
0.0456539
0.054871
0.0491682
0.0485189
0.0333687
0.0497648
0.0573338
0.0494634
0.0630348
0.0469304
0.0661109
0.0465557
0.0565244
0.0496897
0.0533115
0.0498365
0.0485344
0.044682
0.0396907
0.0450143
0.0521389
0.0406302
0.0416158
0.0718073
0.0388013
0.0664071
0.0654776
0.0448152
0.0450762
0.0481381
0.0541099
0.0401179
0.0374785
0.0590646
0.048481
0.0449795
0.0456485
0.0483813
0.0566542
0.0664817
0.0571125
0.0411606
0.0517543
0.0349746
0.0400939
0.0518275
0.059782
0.0498369
0.0537416
0.0445831
0.0525596
0.0654289
0.0543085
0.0674553
0.0345441
0.0505235
0.0426379
0.0638987
0.0434005
0.0637643
0.0530046
0.0451846
0.0443818
0.0481001
0.0522623
0.0522026
0.0586502
0.0471973
0.0656004
0.0430712
0.0503374
0.046827
0.0503226
0.0681756
0.0466445
0.0493704
0.0562671
0.0530972
0.0428871
0.0452713
0.0423411
0.0529299
0.0445976
0.0399034
0.063437
0.0620188
0.0442643
0.0575053
0.0494055
0.0466303
0.081245
0.0550979
0.0465721
0.057791
0.0448219
0.0430174
0.0473868
0.0498871
0.0558838
0.0517929
0.0541176
0.0578681
0.041463
0.0393835
0.0584238
0.0480798
0.0656585
0.0485915
0.0470703
0.0553892
0.0415806
0.0485403
0.0496255
0.0606196
0.0477727
0.0516776
0.0475631
0.0613632
0.047693
0.0673628
0.0591896
0.0369198
0.0451786
0.0616895
0.0496414
0.0559358
0.038492
0.0441905
0.0506973
0.0462349
0.0678985
0.0597982
0.0449636
0.0588042
0.0557057
0.0675882
0.0608883
0.0647153
0.0447982
0.0440506
0.0499783
0.0568809
0.0402157
0.0465124
0.0422152
0.0448151
0.0582429
0.0454189
0.0621155
0.0670905
0.0524921
0.0665829
0.0599082
0.0562888
0.0494104
0.0467034
0.0417583
0.0538222
0.0388599
0.0457082
0.0530923
0.049689
0.0621798
0.0516681
0.0537519
0.0548394
0.0618235
0.0493238
0.0472912
0.0477781
0.0621669
0.042131
0.0478171
0.0411581
0.0443914
0.0641281
0.0596259
0.049423
0.0746042
0.0436912
0.0483518
0.0515005
0.0528905
0.0600336
0.0453838
0.0466089
0.0553696
0.0633004
0.0566047
0.0398836
0.0470906
0.0475127
0.0549051
0.0518862
0.0496491
0.0597978
0.0501526
0.0681547
0.0502386
0.045758
0.0456453
0.0432681
0.0447486
0.0480979
0.0594078
0.0560552
0.0474991
0.05081
0.0480101
0.0755268
0.0412669
0.0400116
0.0451869
0.0466244
0.0576148
0.0555253
0.0518008
0.0554287
0.042694
0.0599799
0.0446058
0.0535893
0.0526454
0.0337717
0.0616585
0.0425132
0.0556384
0.0533327
0.0428912
0.0437834
0.046172
0.0472584
0.0515809
0.0399201
0.0482896
0.0475569
0.0438427
0.0411499
0.0442523
0.0429458
0.0558977
0.0576516
0.0497898
0.0424185
0.0535936
0.041253
0.0400538
0.0550947
0.0587946
0.0484532
0.0409928
0.0418929
0.0409911
0.0421781
0.0482261
0.0432293
0.0438279
0.0549352
0.0505368
0.0393455
0.052574
0.0644444
0.0459709
0.0423295
0.0448044
0.0405021
0.0586464
0.051604
0.0451597
0.0441765
0.0515516
0.0524761
0.0557453
0.0687947
0.0609702
0.0651887
0.0443316
0.063521
0.0529016
0.0587745
0.0507452
0.0645464
0.0443247
0.0504026
0.0642637
0.0436048
0.0388609
0.0573452
0.0549919
0.0454708
0.0454911
0.061126
0.0355748
0.0447351
0.0381446
0.0497135
0.0562455
0.0609774
0.04991
0.0441448
0.0409432
0.0455593
0.0489923
0.0425045
0.0550861
0.0664861
0.0617695
0.0478317
0.061333
0.049187
0.0511206
0.0389599
0.0574495
0.0597438
0.0466503
0.0522282
0.0490344
0.0447072
0.0658265
0.0717957
0.0452668
0.0448546
0.0442542
0.0652622
0.0562701
0.0495453
0.0543372
0.0564701
0.0510937
0.057719
0.0405789
0.0448456
0.0449451
0.0564821
0.0594791
0.0492757
0.0783835
0.0481939
0.0600094
0.0677576
0.0532303
0.0502155
0.0547713
0.0568905
0.0415487
0.0472454
0.0483969
0.0603344
0.0657437
0.0477932
0.042495
0.0596188
0.0661982
0.0428899
0.0610647
0.0500569
0.0344565
0.050012
0.05007
0.0552609
0.0520375
0.0534626
0.043102
0.0523664
0.0367429
0.0664888
0.0529723
0.0407613
0.0551545
0.0393555
0.0505527
0.0445166
0.044643
0.0357998
0.0469029
0.0544389
0.0535698
0.0532617
0.0492912
0.0506242
0.037926
0.0586582
0.0440291
0.0428006
0.0416664
0.0532476
0.0531572
0.035493
0.0565963
0.0603457
0.0602774
0.048708
0.0592387
0.0391269
0.0474319
0.0523672
0.050464
0.0520441
0.0412232
0.0556906
0.0559565
0.0568485
0.0589717
0.0545283
0.064157
0.0614031
0.045579
0.0598955
0.0542309
0.0650973
0.0515387
0.0588018
0.0535927
0.0517682
0.0488029
0.0522074
0.0421895
0.0496644
0.0420931
0.0376538
0.0556764
0.0568512
0.0582725
0.0527346
0.0555387
0.0631332
0.045805
0.0700976
0.0517411
0.0461999
0.0597513
0.0501899
0.0505121
0.0465514
0.0552912
0.0478928
0.0481742
0.0550946
0.0526
0.0420687
0.053036
0.0467475
0.0415713
0.0381172
0.0462143
0.0382882
0.0568601
0.0387169
0.0505263
0.040535
0.0513767
0.0585464
0.0430621
0.052782
0.0452485
0.0534507
0.0446787
0.0429201
0.0489095
0.0540012
0.0530187
0.0518848
0.0413842
0.0482671
0.0513711
0.0436974
0.05879
0.0369843
0.0445082
0.0513011
0.0424272
0.043574
0.0558544
0.0462241
0.0490463
0.0516728
0.0492484
0.0492379
0.0474497
0.0482406
0.0579172
0.0461949
0.0612043
0.0483764
0.0546691
0.0438117
0.0494553
0.0398058
0.0449134
0.0506565
0.0559829
0.0612234
0.0433723
0.0464224
0.0520687
0.0433182
0.0521376
0.0623374
0.0434824
0.0537192
0.040523
0.0499445
0.049609
0.0561652
0.0555509
0.0520445
0.0620722
0.0534095
0.0563871
0.067851
0.0610605
0.0469871
0.0563913
0.0538231
0.0386595
0.0478104
0.0564717
0.0364548
0.0642354
0.0585189
0.0544567
0.0669274
0.04357
0.0396709
0.0471131
0.0426948
0.0528031
0.0470913
0.0536944
0.0469778
0.0435405
0.0521335
0.047113
0.0584516
0.0622884
0.0490965
0.0419986
0.0405827
0.0435214
0.0554523
0.0525938
0.0488322
0.0503848
0.0524539
0.0549157
0.0540704
0.0427988
0.0422
0.0536384
0.0621148
0.0460617
0.0508575
0.0467226
0.0486895
0.0491862
0.0540309
0.0534893
0.0551063
0.042424
0.035322
0.0583595
0.0501662
0.0529017
0.0641224
0.041165
0.0407159
0.0512016
0.0440263
0.0507243
0.0480321
0.0541835
0.0511474
0.04233
0.0480587
0.0559829
0.0460898
0.0488579
0.0613915
0.0381031
0.04481
0.0477575
0.0438052
0.0484012
0.0459871
0.0525136
0.0445076
0.0584403
0.0497596
0.0584289
0.0538878
0.0690278
0.0567234
0.0548994
0.0447612
0.0340752
0.0495527
0.0635488
0.0564647
0.0582842
0.0374614
0.0489678
0.0493525
0.0570465
0.0571408
0.0598087
0.0547878
0.0509367
0.0465568
0.0530385
0.0429181
0.0462596
0.0559249
0.0609229
0.0554225
0.048251
0.0598304
0.0503702
0.0553448
0.0529947
0.0366604
0.0481867
0.0488448
0.0497073
0.0614048
0.0484296
0.0484264
0.0488502
0.052413
0.0578967
0.0514575
0.0401755
0.0430635
0.0430654
0.0372113
0.0375713
0.0549268
0.0532219
0.0442714
0.0617657
0.0460219
0.0409115
0.0530209
0.0429814
0.0529755
0.0503243
0.0549974
0.0405429
0.0629363
0.0648626
0.0773667
0.0688348
0.0522616
0.0600821
0.0467587
0.049899
0.0567157
0.0694807
0.0601166
0.0498868
0.0534605
0.0457817
0.0521191
0.0490821
0.0383401
0.0471003
0.0502785
0.0404844
0.0515822
0.053747
0.0507547
0.0424981
0.0727261
0.0530073
0.0492207
0.0519168
0.0550518
0.0400635
0.0503111
0.0548626
0.0329542
0.0493417
0.0471578
0.0416421
0.0501869
0.0480936
0.0448784
0.0511635
0.0419149
0.0523427
0.0467223
0.0499755
0.056343
0.0593569
0.0434428
0.0468463
0.0431047
0.0478671
0.0445129
0.0472825
0.0525605
0.055965
0.0436549
0.0428093
0.0426236
0.0458261
0.0462202
0.04888
0.0413924
0.0420699
0.0494803
0.0532824
0.058931
0.0548585
0.0463642
0.0615127
0.0475838
0.0553169
0.0428643
0.047748
0.0714833
0.0531087
0.0423484
0.0558788
0.0465731
0.03502
0.0338305
0.0416431
0.0511645
0.0571294
0.0425628
0.0585729
0.0437093
0.0460304
0.0538279
0.0424222
0.0426498
0.0495522
0.041869
0.0600798
0.05
0.05
0.05
0.05
0.05
0.05
0.05
0.05
0.05
0.05
0.05
0.05
0.05
0.05
0.05
0.05
0.05
0.05
0.05
0.05
0.05
0.05
0.05
0.05
0.05
0.05
0.05
0.05
0.05
0.05
0.05
0.05
777777