1.15941
999999
0.112285
0.0276608
0.0600276
-0.184432
0.101287
0.382993
0.0239644
0.00411896
-0.221022
0.15771
0.0856092
0.0566489
0.116203
0.168464
-0.862535
0.0376003
-0.119111
-0.163791
-0.227472
-0.015649
0.241061
0.127975
0.112165
-0.011909
-0.09749
0.0022509
0.251464
-0.184558
0.122542
0.145519
-0.159218
-0.121177
0.145704
0.0197324
-0.137549
0.117311
0.0681187
-0.164093
0.180126
-0.114345
0.0294426
0.0891824
-0.00677173
0.0373352
-0.0469553
0.233781
0.0876746
0.126502
0.023224
-0.107944
0.064001
0.0592309
0.0893914
-0.189928
-0.0794222
0.131036
-0.108489
-0.188173
0.171072
0.00538358
0.110477
0.0580199
0.0449257
0.164081
0.0766097
0.0336362
0.0708726
0.0485336
0.158401
0.020814
-0.147093
0.163436
-0.00445854
0.161327
-0.123291
-0.0584374
0.038017
-0.277896
-0.0230216
0.296248
-0.194818
-0.0769643
0.227873
-0.192258
-0.109269
0.0718649
0.0818087
-0.112256
-0.19944
-0.0947688
0.174198
-0.00976646
-0.192412
0.235927
0.0602104
-0.0615736
0.0745326
-0.130245
-0.24063
0.0680947
-0.0776304
-0.153405
0.0550035
0.18887
0.0645818
0.208065
-0.192963
0.193898
0.0518198
-0.0799818
0.0297802
0.0620635
0.164912
0.0724766
-0.082709
0.0144122
0.0630243
0.154372
0.0176704
0.0638722
0.0674141
0.0908823
0.0841206
-0.0927974
-0.185548
0.00878867
0.174626
0.028383
-0.145785
-0.142883
0.0747209
-0.168232
-0.0537231
0.106421
-0.147089
0.122929
0.072328
0.0578463
0.133527
-0.166498
-0.0762209
-0.0523563
-0.182246
0.0436608
0.118811
0.0451222
0.0794832
0.0400293
-0.132814
0.116659
0.141455
0.120744
-0.00881956
0.108772
-0.0559668
0.0152171
0.245473
-0.0868787
-0.0935349
-0.0521548
0.00340513
-0.0351677
-0.153135
-0.0543316
0.0751729
0.0606855
0.113395
-0.240212
0.0218258
0.191716
0.180305
-0.092001
0.0429912
-0.0634221
-0.156082
0.0241303
0.00577814
0.0260903
-0.106937
0.0392085
-0.130962
0.018359
0.126783
-0.00701289
-0.268333
0.0915371
-0.124485
-0.0117848
-0.0466961
0.0430983
-0.143284
-0.200695
0.0730295
0.0330721
0.160583
-0.0469699
0.193843
0.0319421
0.0476907
-0.0686317
-0.142546
0.0348331
0.22283
0.0821518
0.172793
-0.0836379
0.0351351
-0.16715
0.199694
0.0072597
0.179651
0.0241525
0.153648
-0.00145863
0.0447231
-0.0213963
0.0966268
0.0416327
-0.064456
0.0577251
0.00428907
0.302656
-0.248682
-0.025841
-0.251075
0.0980947
0.0443814
-0.0700328
0.259107
0.086978
0.024124
-0.0171021
-0.0780099
-0.0629496
-0.258955
0.0918368
0.167926
-0.0811596
0.0980761
-0.115484
-0.00966987
0.101182
-0.188397
-0.0681119
0.172887
-0.140551
-0.17037
0.0874672
-0.0728281
-0.0314963
-0.0522945
-0.182946
-0.0631617
0.184999
0.129565
-0.131363
-0.230921
0.0553851
-0.0105193
-0.161814
0.0644112
0.0637595
0.0542181
-0.0669286
0.211077
-0.185974
-0.116485
-0.0985526
0.0861037
0.282141
-0.183473
-0.0631055
0.016596
0.104981
0.16447
-0.149877
-0.162779
-0.223137
0.0171069
-0.022509
0.0575584
0.0148251
0.159237
-0.114061
-0.102393
-0.0319615
-0.10691
0.105488
-0.0154602
-0.00636491
-0.124692
0.0570324
-0.118752
-0.00242705
0.0591722
-0.128604
-0.183394
-0.00734195
-0.0582656
0.0668951
-0.00886753
-0.0269948
-0.114749
0.029471
0.22889
-0.0557562
-0.189655
0.0566748
0.00492196
0.241548
0.143169
0.165135
-0.0129431
-0.077265
-0.023457
0.042198
-0.135943
0.0532473
-0.212844
0.127683
0.224993
-0.151616
-0.130443
-0.0556931
-0.242742
0.14352
0.0151341
-0.141537
-0.109325
0.131798
-0.022617
-0.188759
0.104467
0.0294986
-0.089384
-0.031028
-0.150412
0.0825326
-0.164614
0.136092
-0.073093
-0.120568
-0.0392997
-0.0251303
0.0926957
-0.0208394
-0.00751511
0.030962
0.137013
0.0235336
0.189604
0.0593902
0.0348525
-0.0438157
-0.0676959
-0.0233763
-0.121992
0.161141
0.0540126
0.0868669
0.108515
-0.0929249
0.134969
0.1181
0.0719111
-0.0803735
0.241991
0.0488649
0.140347
0.231987
-0.0551614
0.0955644
0.180466
-0.155153
-0.00924397
-0.251902
-0.0309226
0.158907
-0.137993
0.165951
-0.132751
0.120457
-0.0800202
-0.0496993
0.00173255
0.238963
-0.163484
-0.0148784
0.0922919
-0.102434
0.0568037
0.165233
0.0856261
0.125671
0.0337157
-0.0802935
0.170405
-0.214323
-0.184282
0.0754274
-0.134881
0.103978
0.173539
-0.0655535
0.045061
0.115635
0.0344333
-0.126236
0.1189
-0.0285682
-0.0337034
0.0148876
0.0618108
-0.0854851
-0.129592
-0.1018
0.17643
-0.0655146
0.137316
0.107555
0.0715248
0.202094
-0.17505
0.186283
0.225077
0.0920874
0.0882067
0.0782424
0.0556433
0.0462699
0.0659299
0.0356061
-0.0978036
0.128601
-0.188044
-0.0523292
0.0656732
0.114747
-0.242687
0.0214951
-0.0389691
0.00285155
0.171917
-0.0987745
0.102068
0.0542529
0.183289
0.0168111
-0.0483843
-0.181637
-0.050514
-0.138515
0.126491
-0.202094
-0.224538
-0.12991
-0.0949776
-0.211245
-0.191793
-0.00074784
0.165986
0.0848438
0.0491558
0.207596
-0.0103885
-0.0645058
-0.190618
-0.134306
-0.273033
0.0209281
0.170871
-0.139673
0.0474286
-0.213118
-0.018333
-0.158055
-0.0350688
0.00196887
-0.109941
0.0407131
0.0640662
0.0382776
0.000891687
0.0563476
0.0291426
0.0788095
0.065069
0.0197136
0.164996
-0.0870242
-0.0326396
0.126041
0.0498449
0.293623
0.0233581
-0.313487
-0.030868
0.223874
0.0979323
0.0752771
0.246212
-0.0077079
-0.181046
0.156966
0.103537
0.03361
-0.0143272
0.11968
-0.0117982
-0.0813615
-0.0518991
0.0089314
0.0902869
0.136554
0.047297
-0.223184
-0.0832982
0.143382
-0.240847
0.0156235
-0.204599
0.0188898
0.259897
0.0406524
0.0745408
-0.21925
0.133047
-0.273096
0.0131858
0.0564768
0.102929
-0.208368
0.169248
0.0538381
-0.0493452
0.0827175
-0.188578
-0.176601
0.0419788
0.178776
0.242792
0.15914
0.050435
0.133006
-0.139552
-0.205189
-0.187478
0.106025
-0.158407
0.144737
0.152787
-0.0744659
0.261965
0.2548
-0.00299144
-0.192523
-0.0219638
-0.111694
0.0541217
0.276848
0.101885
-0.0430038
-0.108519
-0.126853
0.136456
-0.111606
-0.245056
-0.0334057
-0.179365
0.182223
-0.181894
0.168799
0.0273908
0.0657671
0.166934
-0.143318
0.0772734
0.215747
-0.152838
0.0924905
0.143078
0.0443811
-0.190246
0.000259657
0.222162
0.0991828
-0.173241
-0.00117137
0.0377869
-0.0660843
-0.189091
-0.0609471
0.025026
0.0868583
0.240942
0.0602857
0.140358
-0.11624
-0.11576
-0.0469647
-0.220238
0.0318502
0.0495446
-0.196457
-0.12608
-0.104137
-0.126842
-0.13344
0.206087
-0.150327
-0.127344
-0.101085
-0.24055
-0.113885
-0.0155276
0.0383427
0.0747788
-0.116871
-0.131768
-0.144142
-0.0594616
-0.0354064
0.0529952
0.111296
-0.0950724
-0.210541
0.0603684
0.104022
0.00362907
0.150437
-0.00271312
0.11071
0.0874267
-0.00836937
0.0996311
0.0739547
0.0895957
-0.0900455
-0.0166696
0.191382
0.026538
0.167452
0.0792152
-0.00276325
0.25647
-0.163507
-0.0689677
0.0922947
0.229572
0.0845671
0.181088
0.251248
-0.20484
0.0849548
-0.219148
-0.129029
-0.204871
0.0475652
-0.159271
-0.134212
0.108564
-0.15085
-0.240589
0.0589117
0.10547
-0.0921602
-0.138412
-0.0511541
-0.0249911
-0.0272775
-0.0472576
-0.0957959
0.141167
0.0097897
-0.0722246
0.0562262
-0.231668
-0.00583642
0.165238
-0.157458
0.158195
-0.105979
-0.218934
-0.059082
0.0612232
0.121674
-0.00510802
-0.0898163
0.125072
-0.00436835
-0.0247833
0.0228381
0.0219819
0.026098
-0.176804
-0.0745046
-0.105044
0.047281
-0.0665052
-0.101777
0.0561433
-0.0790849
-0.0492407
0.0164728
0.201444
0.133297
0.063786
0.154713
-0.118866
0.174924
-0.190022
-0.0299329
0.0783434
0.11607
0.0127895
0.0270215
-0.180974
0.094154
-0.0169031
0.0919283
0.104663
-0.165355
-0.137988
-0.166756
-0.10957
0.154387
0.0838737
-0.100247
0.0653609
-0.231465
-0.129059
-0.114322
0.118116
-0.158186
-0.0442352
-0.227121
0.00354105
0.207047
0.104333
0.037477
0.0685042
0.0908811
0.250321
-0.042626
0.151522
-0.0724824
0.184141
0.0493483
-0.0887085
0.0728557
-0.179108
0.0321456
0.00950708
0.0833833
-0.148569
0.061333
-0.112545
-0.0588252
-0.0330546
-0.0833265
-0.162119
0.116339
0.156828
0.000421194
0.151164
0.121452
-0.0603624
-0.195766
-0.0237794
-0.0163438
-0.139973
0.149827
0.129439
0.15329
0.0232166
0.137542
-0.0274137
-0.142855
-0.0203516
0.256299
0.10451
-0.0847892
0.260018
-0.178755
0.126599
0.0682327
-0.00194881
-0.130645
-0.0119176
0.0585777
-0.00251042
-0.085519
0.00580477
0.0316373
0.0552941
0.00345951
0.162158
-0.147586
0.119357
0.13357
0.0303156
-0.178214
0.217419
-0.127603
0.128306
-0.115199
0.164076
-0.214146
-0.0817541
-0.110277
-0.0826757
0.194432
0.13152
0.245635
0.0170321
-0.161524
0.116022
-0.276735
-0.10971
0.1306
-0.0344317
-0.000496586
-0.0785204
-0.0112824
0.135987
-0.147587
-0.253661
-0.168454
-0.204512
-0.184363
0.130868
-0.0845784
-0.0934901
-0.110207
-0.222789
-0.154104
0.101599
0.098493
0.119617
-0.0518196
0.165852
-0.054011
-0.0524058
-0.105753
-0.113969
-0.195477
-0.0601511
-0.0858239
0.0243234
0.111014
-0.128014
0.0470056
-0.0585456
0.127173
0.159697
-0.142668
0.0575949
0.181492
-0.0971601
-0.173532
0.148535
0.112401
-0.0643614
-0.131283
-0.0248293
-0.0958088
-0.0530989
-0.0148252
0.0441423
0.160539
0.0288064
-0.199396
-0.138822
-0.0139288
-0.0606802
-0.0558361
0.0860804
0.171834
-0.0107852
0.0597035
0.147398
0.132436
0.161239
0.0225907
-0.125361
0.0344768
-0.115492
-0.136868
0.119719
-0.0637917
-0.159464
0.0686512
0.0389378
-0.0196303
-0.177252
0.140507
-0.0511835
0.103675
-0.092113
-0.0326996
0.0870496
0.0930325
-0.169512
0.0264017
-0.115614
-0.173473
-0.217906
-0.1309
0.156857
0.031675
0.265519
-0.300005
0.185117
0.00821365
-0.0379623
-0.15255
-0.0729125
-0.027142
0.140582
-0.157946
-0.0965823
-0.140815
0.169283
-0.010382
-0.140151
0.146279
0.0996276
-0.00217244
0.282379
-0.18397
-0.161142
0.163409
-0.109602
0.0616539
0.0714131
0.00452763
-0.152371
-0.127061
-0.0674803
0.0375711
0.127235
0.0067453
0.200276
0.0719185
-0.14963
0.164445
-0.148641
0.122237
0.0391827
-0.0724931
-0.0781869
-0.120944
-0.130653
-0.0677141
0.00774689
0.0188053
-0.0106771
0.072458
-0.0612756
-0.172527
-0.0563942
-0.100286
-0.188574
-0.164281
-0.0632962
-0.203404
-0.0489293
0.132275
0.00574511
-0.0107432
0.0247148
-0.212545
0.0868546
0.15746
0.0230165
0.103782
-0.206216
-0.0173234
0.0603871
0.165787
-0.00143388
-0.00293137
-0.026685
0.0208324
-0.0529004
0.0215281
0.111158
-0.0369434
-0.0714708
-0.0182329
-0.0206535
0.0158657
-0.0704669
0.0358227
0.121947
0.137974
-0.173266
0.100951
-0.0327221
-0.1498
-0.152184
-0.0990228
0.0921454
0.102911
-0.165132
0.172204
-0.0083068
-0.144027
-0.0836177
-0.147467
-0.189787
0.202196
-0.11601
0.120771
-0.0266227
0.180135
-0.110048
-0.0296579
-0.185013
0.0247266
0.00307714
-0.180238
-0.135588
-0.136357
-0.107642
-0.180783
0.1088
-0.128854
0.0309204
-0.122352
0.0970362
-0.211773
0.014042
0.0956796
-0.149895
0.140043
0.220649
-0.264111
0.151911
-0.0659275
0.00343491
0.157476
-0.0423282
-0.0115618
-0.170691
-0.076353
0.166326
-0.0483518
-0.0775356
-0.218339
0.193626
0.163425
0.145135
-0.0377137
0.00888424
0.125346
0.0871439
0.0459851
-0.191352
0.00426068
0.14415
0.0241838
-0.0604003
-0.167253
0.00247127
-0.138702
-0.162958
-0.0617995
0.145536
-0.0719479
-0.19487
0.130063
0.00330491
-0.0115129
-0.0835262
-0.162399
-0.114595
0.173036
0.0275734
-0.0474048
-0.0676254
0.0988896
-0.00658585
0.0256135
-0.165064
0.0447611
0.181743
0.147893
0.122189
0.0506723
0.143081
-0.135884
0.253183
-0.158112
0.0172912
0.124697
0.189631
-0.181916
0.125554
0.0122594
-0.0145709
-0.115909
-0.0990877
0.047914
0.138959
-0.0467657
-0.0466333
-0.197661
0.117093
0.0266028
-0.021811
0.163396
0.190703
0.101831
0.180553
-0.183843
0.0149426
-0.040358
0.0826974
-0.0278332
0.112352
0.0163158
-0.126541
0.0827684
0.170542
0.00744115
-0.132983
0.2548
0.172409
0.125433
0.144261
0.146788
-0.031595
0.175366
0.0326076
-0.121154
-0.118442
0.0158498
-0.120548
0.0918379
-0.125541
0.0486798
0.156309
-0.182992
0.0260132
-0.0585871
-0.241824
0.16131
-0.100692
0.0845238
0.000557195
-0.072844
-0.0605994
-0.0286652
-0.18396
-0.146881
-0.023027
-0.0415614
-0.105773
-0.176345
-0.0106098
0.0437274
-0.00527846
-0.112095
0.146478
-0.114616
0.0976342
-0.119126
-0.141374
0.00297537
-0.0132878
-0.00872603
-0.0123053
0.143899
0.126406
0.0732993
-0.0568199
0.0371264
-0.278965
-0.142976
0.131629
-0.0779774
0.115555
0.221033
-0.0417436
-0.035584
-0.0457484
-0.163879
0.0876502
0.0394968
0.120692
0.164194
0.0426385
-0.0182735
-0.185224
0.0110012
0.0885683
0.163178
-0.168483
-0.0394683
0.0574206
0.0865084
-0.223312
-0.0300928
0.00530217
-0.0571685
0.231525
0.0986081
-0.174756
0.0660342
-0.069172
-0.0828501
0.0324129
-0.0600756
0.182216
0.199513
-0.130063
0.131461
0.153627
0.0958477
-0.0620137
-0.109003
0.0309286
-0.0872907
-0.172144
-0.167826
-0.100597
0.122281
-0.151782
0.229695
-0.161805
0.227523
0.0917539
-0.230454
-0.0985411
-0.0416109
0.0128243
-0.134559
-0.0662142
0.00157977
0.098104
-0.155697
0.108575
-0.0252966
0.0435661
-0.112272
0.184958
-0.0376827
-0.106624
0.173326
0.16168
-0.194132
-0.0845235
-0.0283171
-0.051467
-0.0175355
0.203412
0.00950505
0.0428542
-0.0539868
0.0411343
-0.0703136
-0.0452286
0.0584273
0.0831351
-0.142541
-0.193093
-0.180811
0.0560242
-0.134449
-0.0857414
-0.0950202
0.0877284
-0.00988402
-0.0801366
0.0362475
0.138423
-0.00366773
-0.0112869
-0.0244731
-0.116713
0.206615
-0.0663916
-0.170003
-0.192174
-0.0568404
0.0340369
-0.0646423
0.132631
0.110854
-0.166248
-0.100546
-0.0904998
0.0555485
0.152477
-0.202049
-0.147977
0.116301
0.0840479
-0.0496857
-0.146683
-0.024651
-0.0171022
0.154652
0.245818
0.16481
0.104589
0.178303
0.0537887
0.0941812
-0.0126384
-0.150813
0.0550106
-0.133695
-0.099821
-0.101319
0.00198246
0.0879146
-0.202983
0.207353
0.185456
-0.126085
-0.00108641
-0.0530898
-0.107176
0.184035
-0.0651722
-0.0644313
-0.158271
0.164361
-0.229363
0.169025
-0.0440579
0.221506
-0.0494271
0.179141
0.190388
-0.0942087
-0.0186596
0.113027
0.207438
0.0431338
0.0536547
0.1791
0.184716
-0.207611
-0.0672391
0.146989
-0.012075
0.0343686
0.119755
0.0768913
-0.242581
-0.106065
-0.108766
0.232006
-0.041738
-0.0370918
0.123442
-0.116397
-0.0149434
0.235316
0.0770177
0.175358
0.104426
0.0473168
0.0853112
-0.118275
-0.130469
-0.135922
0.117553
0.04522
-0.147783
0.141829
-0.116685
0.118717
-0.144415
0.00888069
0.100848
0.0491831
0.208908
-0.161081
0.101707
0.107802
0.0295267
-0.159076
0.0627592
-0.0513648
0.187658
-0.0810814
-0.010783
0.0705271
0.131412
-0.0332226
0.0738067
0.157455
0.232804
-0.0799312
0.141868
0.17434
-0.0672586
0.00539671
-0.185541
0.210969
-0.104205
-0.141579
-0.148727
-0.201453
0.235461
0.127537
-0.0259901
0.0216566
-0.208704
-0.246566
-0.0409647
-0.0212011
-0.0577841
0.0711825
0.0287932
0.179478
-0.0815322
0.0762596
0.0619505
-0.21312
0.11607
-0.10184
-0.0945969
0.214526
0.0753972
-0.185642
-0.0374657
-0.180847
0.0191028
-0.0412463
-0.0995363
0.11552
0.0198914
0.141278
-0.079681
-0.080608
-0.00927931
-0.137785
0.109317
0.067619
-0.0700551
0.0747522
-0.0463694
-0.0421997
0.0732651
-0.136687
0.109653
-0.132859
-0.198579
-0.0860809
0.153477
0.151314
-0.0205188
0.111225
-0.12976
0.0996191
-0.118131
-0.0358797
-0.00463298
-0.195574
-0.0316122
-0.0640439
0.181215
0.0774141
0.0398051
0.0189213
-0.237774
-0.0206357
0.163972
0.0904915
0.129159
0.225605
0.00400702
-0.0653366
0.0681526
-0.179722
0.0465201
0.193634
0.0936658
-0.0475581
-0.087526
0.271424
-0.161826
-0.201982
0.132813
0.032529
-0.020506
-0.127549
-0.115097
-0.136751
0.188531
-0.162214
-0.055958
-0.190066
0.13776
0.0338376
0.223985
-0.123493
0.156432
-0.0882554
0.15715
-0.147709
0.0196727
0.0759629
-0.25915
-0.117238
-0.0469041
0.0480174
-0.0804305
-0.0744469
-0.250058
0.0979001
-0.325176
-0.239079
-0.00227259
0.0149388
-0.0536573
-0.0342602
0.0694426
-0.0954992
-0.186184
0.0512066
0.210844
0.0769313
-0.149381
-0.00619832
-0.176425
0.115689
-0.0768977
0.0321855
0.0386635
-0.0161233
0.0153649
0.117149
0.136069
-0.108424
0.0908557
-0.112471
0.00109958
-0.0813647
0.0760864
-0.204557
0.135417
0.155038
-0.0222492
-0.114103
-0.0550653
-0.0678695
0.152245
0.0998286
-0.171852
-0.121933
-0.0288516
2.87595e-05
-0.0184666
0.00675942
-0.21802
0.112897
-0.189521
0.226256
-0.117581
-0.215847
0.115843
-0.19064
-0.131845
0.187964
-0.0805065
0.151383
0.175792
0.111922
-0.0345608
-0.0273233
-0.010211
0.107611
-0.114249
-0.0386882
-0.131999
0.07216
0.101631
-0.00103935
0.122573
-0.0207325
-0.086307
0.0819422
0.00425109
0.104677
0.114694
0.144552
0.0445033
0.143233
0.0170397
0.0426355
0.20207
-0.099453
-0.251386
0.223985
0.139648
0.0233892
-0.0621249
-0.181786
0.0767633
0.0661292
-0.0563585
-0.119591
-0.0593173
-0.219955
-0.243302
-0.212091
-0.00439943
0.0170203
0.119044
-0.176516
0.139283
0.0970906
-0.157974
0.128332
0.144119
-0.119195
0.0700777
-0.160459
0.148418
0.128678
-0.0563167
0.151576
-0.0169996
-0.00140787
0.000500327
0.0992006
0.00187895
-0.0867042
-0.0619291
0.0880351
-0.161392
-0.0167534
-0.0114721
0.0721864
0.211736
0.0320547
0.0944048
0.156824
0.0847062
0.0242498
-0.0114686
-0.247492
0.0261561
0.014445
0.0484452
0.0214033
-0.000516104
0.0474889
-0.199541
-0.194249
-0.0568387
0.14171
0.114293
0.110002
-0.124441
-0.088912
0.0698626
-0.0318817
-0.00584818
0.198731
-0.102401
0.0636984
-0.000427334
0.00504628
-0.121624
-0.191055
0.0344272
0.182755
0.135985
-0.0635158
0.076144
0.199105
-0.0343227
-0.157355
0.122936
-0.0617254
-0.0259958
0.166056
0.292815
0.0314212
-0.180056
-0.153626
-0.111858
0.151503
888888
-0.000707613
-0.16569
0.0836842
0.195862
0.120509
0.13675
-0.125266
0.000793419
0.12734
0.108601
0.115268
-0.0319839
-0.0520571
0.0677036
0.188956
-0.0849482
-0.147635
0.0486011
-0.0624319
0.105362
0.154574
0.0939321
0.102922
0.010514
-0.0594509
0.0897942
0.223517
-0.074086
-0.0775142
-0.163407
0.0132249
0.0890133
0.0505842
0.0495445
0.0507197
0.0491195
0.0448552
0.0502182
0.0596669
0.0486174
0.0496131
0.0534796
0.0445249
0.0531762
0.0462496
0.0484766
0.0482958
0.0410486
0.0459002
0.0420952
0.0431952
0.0482758
0.0521157
0.046033
0.0519377
0.0578639
0.0442982
0.0502518
0.0553616
0.0498059
0.0535319
0.0440109
0.0527134
0.0550085
0.0546187
0.0438513
0.0504511
0.0505591
0.0486108
0.0474931
0.0537373
0.0532586
0.0538293
0.0507327
0.0448699
0.0508214
0.0480155
0.0568037
0.0549036
0.0567012
0.0448266
0.0406652
0.0579293
0.0626859
0.0486626
0.0431247
0.0643175
0.0478676
0.0400391
0.0438147
0.0478298
0.0572847
0.0524248
0.0446164
0.0466136
0.0523563
0.0497188
0.0490713
0.0428125
0.0498344
0.0602735
0.0531216
0.0476563
0.0475279
0.0523397
0.0619154
0.0500679
0.0484112
0.0540392
0.0573945
0.0577618
0.0442239
0.0500079
0.048079
0.0496173
0.0497697
0.0419218
0.0492347
0.0412933
0.0503627
0.0588468
0.0465178
0.0482082
0.0469397
0.0427474
0.0469918
0.0416403
0.0515067
0.0517587
0.0460423
0.0478183
0.0446957
0.0548502
0.0437503
0.0515093
0.0485564
0.048173
0.0511977
0.0552081
0.0443696
0.0396086
0.0405291
0.0388454
0.0582591
0.0674057
0.0548678
0.0545016
0.0495415
0.0562957
0.0513914
0.0411917
0.0501145
0.0462037
0.0508403
0.047211
0.043312
0.0470639
0.0495072
0.0636897
0.0477575
0.057716
0.0508242
0.0449884
0.0496258
0.0528632
0.0497049
0.0551502
0.04693
0.0442023
0.0445446
0.0528742
0.0505379
0.0488642
0.04837
0.042779
0.0411401
0.0448528
0.0506151
0.0471444
0.0432016
0.058696
0.0461391
0.0587935
0.0583377
0.0393201
0.041874
0.0419981
0.0487329
0.0585853
0.0561178
0.0491872
0.0516952
0.0474009
0.0595601
0.0556668
0.0500491
0.0498655
0.043645
0.0562682
0.0516464
0.041304
0.0556271
0.049118
0.047157
0.0594548
0.0502989
0.0539415
0.0530962
0.050004
0.0449626
0.0554185
0.0437818
0.045826
0.0527454
0.0569407
0.0501373
0.0464024
0.0529362
0.0479953
0.0457264
0.0409942
0.0562544
0.0508255
0.0533597
0.051523
0.0602474
0.0527547
0.0548558
0.0540435
0.0443514
0.0564486
0.0519688
0.0406903
0.0518808
0.0484367
0.0361872
0.0542149
0.0549452
0.0513996
0.0428515
0.0597964
0.0519008
0.0540105
0.0538179
0.0572163
0.0427397
0.0567935
0.0440181
0.0561505
0.0552103
0.0528599
0.0447407
0.0477522
0.0487413
0.0526511
0.0429089
0.0506173
0.0433351
0.0510877
0.0479142
0.0496814
0.0564547
0.0480867
0.0561092
0.0471045
0.0454208
0.0458156
0.045734
0.0437288
0.0475017
0.0489731
0.0501283
0.0579322
0.055153
0.0560137
0.0500882
0.0564462
0.0568698
0.0493716
0.0524079
0.0504208
0.0384282
0.0509752
0.0467896
0.0510549
0.0470553
0.053483
0.047936
0.0456759
0.0463937
0.0463264
0.0513304
0.052195
0.0394146
0.037667
0.0426509
0.054858
0.0429683
0.0553334
0.0472874
0.0531477
0.0522117
0.0476852
0.0538925
0.049237
0.0625303
0.053966
0.0508713
0.0495008
0.046875
0.0408964
0.0560295
0.0429285
0.0518657
0.0580716
0.0639717
0.0493119
0.057489
0.0512349
0.0588784
0.0545582
0.0542215
0.0455794
0.047832
0.0467773
0.0590056
0.0575249
0.0579818
0.0480427
0.0535613
0.0437887
0.0574793
0.0497745
0.0576266
0.0531181
0.0529383
0.0550866
0.0538254
0.0479379
0.0561054
0.0475111
0.0475504
0.0499378
0.0527111
0.0522936
0.0533076
0.0489563
0.0432708
0.0499127
0.0564047
0.0378509
0.049358
0.0472711
0.0419544
0.0502652
0.0545917
0.0559936
0.052333
0.0507463
0.0436876
0.0557426
0.0499864
0.0555694
0.0552275
0.0488947
0.0472779
0.0449574
0.0506732
0.0505191
0.0500661
0.0488042
0.0547058
0.0521255
0.0504164
0.0527096
0.0473496
0.0444079
0.0550696
0.0564756
0.048624
0.0382244
0.0558761
0.0580201
0.0440528
0.0386497
0.0477437
0.0534294
0.0545534
0.0578344
0.0519264
0.0523791
0.0539498
0.0497009
0.0442241
0.0445757
0.0478244
0.0442901
0.0532043
0.0427602
0.0458839
0.0611222
0.0546574
0.0496476
0.0555975
0.0500218
0.0529059
0.0585938
0.0501201
0.0530051
0.0499266
0.0546993
0.0468396
0.0494253
0.0485542
0.0404279
0.0511427
0.0493322
0.0464591
0.0465219
0.0445673
0.0433027
0.0597838
0.0456551
0.0485176
0.0528494
0.0413667
0.0484681
0.0512775
0.0536077
0.0406775
0.0562179
0.0601436
0.0483165
0.0522004
0.0460401
0.0586664
0.0461886
0.0545867
0.0535157
0.045932
0.0439293
0.046207
0.0480652
0.0549282
0.0526255
0.0510981
0.0497177
0.0524416
0.0496706
0.0459132
0.0497048
0.0446354
0.0444143
0.0551459
0.0423118
0.0596727
0.048227
0.0553367
0.056585
0.0485717
0.0432274
0.0447356
0.0564678
0.0509816
0.0560566
0.0477443
0.0555104
0.0479564
0.0544946
0.0590005
0.0552312
0.0546685
0.053111
0.0580699
0.0483888
0.0413743
0.0583392
0.0492423
0.0433637
0.0437084
0.0522017
0.0490162
0.0543655
0.0459032
0.0550768
0.038827
0.053905
0.052405
0.0397602
0.0497438
0.0601257
0.0428831
0.046437
0.0480554
0.054094
0.0542422
0.0504234
0.0494048
0.0545595
0.0419179
0.0463773
0.0516338
0.0460999
0.0454985
0.0460758
0.0435756
0.047324
0.0568391
0.0468894
0.0485415
0.0468315
0.0517644
0.0524147
0.0372043
0.0483128
0.061787
0.0596814
0.04883
0.050315
0.0465393
0.047544
0.0504805
0.0492178
0.0491209
0.0520459
0.0451918
0.0535515
0.0684222
0.0373868
0.0462942
0.0507115
0.0471921
0.0499999
0.0483745
0.0669846
0.0522753
0.0517349
0.0464901
0.0542166
0.0474414
0.0457233
0.0490328
0.0587238
0.0402197
0.0462767
0.0460723
0.0638811
0.0510363
0.052346
0.0569997
0.0569941
0.0570706
0.0425603
0.0563463
0.0514494
0.0489452
0.0532176
0.0461267
0.0510951
0.0515282
0.046052
0.0416016
0.0530465
0.0449559
0.0420111
0.0521411
0.0427897
0.0526189
0.0473249
0.0470269
0.0484046
0.0550803
0.0569076
0.0455846
0.0466732
0.0474146
0.0484639
0.0483743
0.046765
0.0464602
0.0493718
0.0396979
0.0543066
0.059153
0.0477432
0.0515867
0.0631526
0.0516402
0.055527
0.0441061
0.0464947
0.0541764
0.0649162
0.0525875
0.0507273
0.0566658
0.0565288
0.0526132
0.0486354
0.0520252
0.0585081
0.0442301
0.0531455
0.0466278
0.0531172
0.0543426
0.0479699
0.0512431
0.044168
0.0484306
0.0653665
0.0506119
0.0546568
0.0415885
0.0492268
0.0572686
0.0521396
0.0479293
0.0501423
0.053217
0.0578455
0.055039
0.0519568
0.0461723
0.0450509
0.0459087
0.0496893
0.0500227
0.0504098
0.0500233
0.0459087
0.0465439
0.0530149
0.0563873
0.0466484
0.0534454
0.0445984
0.0483164
0.0393985
0.0518152
0.0585948
0.0520004
0.0561764
0.0441733
0.0534961
0.0501205
0.0435901
0.0500392
0.0548686
0.0527859
0.0481334
0.0462729
0.0518424
0.0465014
0.0478894
0.0517245
0.0443537
0.0509025
0.0558843
0.0521296
0.0496453
0.0502764
0.0473944
0.057347
0.0534391
0.0478841
0.0485142
0.0514865
0.0542973
0.0431129
0.0522098
0.0485916
0.0502637
0.0573948
0.0568285
0.0511779
0.0521169
0.0553702
0.0485813
0.0548628
0.0527568
0.0479066
0.0478099
0.0553662
0.0435717
0.0516176
0.0412001
0.0511141
0.0435868
0.0440312
0.0545872
0.0368822
0.0492765
0.0537214
0.0652851
0.0481174
0.0475239
0.0498177
0.0474581
0.0485131
0.0575811
0.0449632
0.0507567
0.0485357
0.0549858
0.0457382
0.0494632
0.0533835
0.0465857
0.0464479
0.0587414
0.0501532
0.0544632
0.0473387
0.0546861
0.0406871
0.0562713
0.0554835
0.0403864
0.0600362
0.0522193
0.0516367
0.0480811
0.0532183
0.0540585
0.0541429
0.0475762
0.0519506
0.0378622
0.0541896
0.0394073
0.0462802
0.0492099
0.0488996
0.0447503
0.0574181
0.0452914
0.0426902
0.0557785
0.0368358
0.0461863
0.0578295
0.0574754
0.0523551
0.052514
0.0577184
0.0583638
0.0513356
0.0458185
0.0508193
0.0514537
0.0407512
0.0466766
0.0489142
0.0439695
0.043694
0.0482856
0.0503639
0.0523912
0.0536254
0.044007
0.0484528
0.0680913
0.0569371
0.0531443
0.0480234
0.0504588
0.0472628
0.0475033
0.0473103
0.0494834
0.0441174
0.0494289
0.052955
0.0442513
0.0585159
0.0608971
0.0458882
0.0486755
0.0574652
0.0509977
0.044468
0.0478779
0.0530471
0.0481987
0.0530179
0.0606083
0.0452808
0.0499468
0.0615165
0.0439836
0.0472565
0.0462952
0.0540348
0.0599246
0.0440034
0.0533412
0.0459125
0.0502394
0.0529923
0.0475179
0.0508471
0.0485538
0.0515576
0.052426
0.068624
0.0411417
0.0502859
0.045218
0.0424962
0.0538616
0.0501196
0.0538078
0.0485232
0.0387288
0.0483195
0.0438481
0.0543655
0.0513339
0.0520317
0.0540292
0.0453414
0.0515147
0.0488437
0.0573596
0.0610037
0.0470598
0.0463282
0.0481784
0.0560281
0.0492925
0.0565641
0.0489914
0.0520077
0.0491249
0.0567587
0.0489224
0.0490659
0.0430018
0.055395
0.0470489
0.0430807
0.0456316
0.0530511
0.0521222
0.0543815
0.0513625
0.0568715
0.0587728
0.0493373
0.0453051
0.0428585
0.0503811
0.0467143
0.0550663
0.0487591
0.0561174
0.0563374
0.0514774
0.0461191
0.0519783
0.0468318
0.0586568
0.052508
0.0670712
0.0553001
0.0492601
0.0586731
0.0458434
0.0524459
0.0493477
0.0568786
0.0534396
0.0543863
0.0436264
0.047034
0.0471828
0.0490391
0.0493945
0.0534208
0.0528244
0.0478907
0.0488927
0.051717
0.0458456
0.0518415
0.0586264
0.0466582
0.0432785
0.0420696
0.0475937
0.0462813
0.0518223
0.0452501
0.0518711
0.0490904
0.0544011
0.0429428
0.0500099
0.0543562
0.0502751
0.0522045
0.0443372
0.0465258
0.0491489
0.0494703
0.0459611
0.0566777
0.0510859
0.0506901
0.0453166
0.046291
0.049065
0.0489919
0.0477889
0.0584433
0.0633071
0.0591934
0.050867
0.0511343
0.0431144
0.0524501
0.0526838
0.0442334
0.0529054
0.0501509
0.0462626
0.040259
0.0514237
0.0466327
0.0470434
0.0454989
0.0498472
0.0520639
0.0499393
0.0585659
0.0451864
0.0554871
0.0458969
0.0560331
0.0590791
0.0531281
0.0450673
0.0551643
0.0476132
0.046985
0.0473652
0.0458604
0.0439757
0.0540984
0.0488594
0.0669962
0.057097
0.0461384
0.0498006
0.0578742
0.0471871
0.0479931
0.0516714
0.0539134
0.0517146
0.0495682
0.0417989
0.0512757
0.0510821
0.0556967
0.0517296
0.0443618
0.0467247
0.0535954
0.0501878
0.0460519
0.051493
0.0527252
0.0496128
0.0460128
0.047523
0.0456571
0.0505005
0.0473479
0.0475405
0.0432442
0.0594972
0.0410433
0.0605315
0.0574178
0.0443296
0.0611303
0.0449647
0.0533076
0.043815
0.0557682
0.0520279
0.0413834
0.0437403
0.0461529
0.0479407
0.0492077
0.0512641
0.0554554
0.0490499
0.0557251
0.0486138
0.0509543
0.0552799
0.0554856
0.051931
0.0469155
0.045196
0.056765
0.045389
0.0436385
0.0467338
0.0561308
0.0474027
0.0457152
0.0424584
0.0551028
0.0514104
0.0464941
0.0439792
0.0484619
0.0418216
0.0513482
0.0511174
0.054713
0.0559074
0.0494751
0.0489063
0.0446466
0.0595342
0.0487747
0.0599658
0.0610828
0.0513925
0.0541018
0.0425721
0.0494085
0.0462928
0.0512491
0.0462076
0.0601927
0.0488543
0.0488081
0.0514893
0.0445313
0.0481518
0.0492345
0.0462512
0.0586841
0.0578317
0.0486751
0.052539
0.0532822
0.0537169
0.058536
0.0402957
0.0432087
0.0496934
0.055422
0.0554309
0.04481
0.0458804
0.0497433
0.0490779
0.0562758
0.0519923
0.0417958
0.0411365
0.0376852
0.0510161
0.0500926
0.0479151
0.0499274
0.0507187
0.0633786
0.0532706
0.0534271
0.0482779
0.0537901
0.0438025
0.051249
0.0517513
0.0600761
0.0611213
0.0508262
0.0513114
0.0520038
0.0530049
0.0497478
0.0434805
0.0451225
0.0583914
0.0525937
0.0719626
0.0482512
0.0532527
0.0445785
0.0422458
0.0546228
0.0575693
0.0533254
0.0484685
0.0412117
0.0552603
0.0607326
0.0564028
0.0586642
0.0482808
0.0584246
0.0464753
0.0476099
0.0474735
0.0483741
0.0527765
0.0421983
0.0562789
0.0460352
0.0464616
0.0551996
0.059109
0.0571583
0.0465004
0.0545658
0.0521073
0.0524631
0.0557831
0.0499293
0.0515252
0.0449915
0.0493765
0.041986
0.0465504
0.0410375
0.0473425
0.0473162
0.0524553
0.0610213
0.0560836
0.0483356
0.0506303
0.0631058
0.0535237
0.0416691
0.0496885
0.0408957
0.0465566
0.0474695
0.0466872
0.0524905
0.0555457
0.0443332
0.046882
0.0559749
0.0349046
0.048336
0.0504217
0.0392089
0.0500852
0.0410819
0.0499905
0.0551635
0.0501058
0.0569718
0.0495683
0.0539595
0.0566554
0.044685
0.0450301
0.0430268
0.0465178
0.0498689
0.04456
0.0482037
0.0437509
0.0456605
0.0551396
0.0492869
0.0659635
0.0423866
0.0495671
0.0466893
0.0438941
0.0484542
0.0500814
0.0502522
0.0555839
0.0495825
0.0596625
0.0492978
0.06182
0.058747
0.0546584
0.05604
0.0430148
0.0477551
0.0400116
0.0484713
0.0493234
0.0537207
0.042451
0.051469
0.0501169
0.0567882
0.0490696
0.069939
0.055096
0.0548448
0.0484597
0.0440362
0.0548235
0.0508936
0.05011
0.0434507
0.0452515
0.0434676
0.0542872
0.0509277
0.0467105
0.041221
0.0483078
0.0532597
0.0483216
0.0483825
0.0482817
0.0534498
0.0453929
0.0478949
0.0485028
0.0524326
0.0641362
0.0423065
0.0516312
0.0554427
0.0454507
0.0570659
0.0495121
0.0509457
0.0511265
0.0528311
0.0555298
0.0511323
0.0540904
0.0451493
0.0478814
0.0493475
0.0566669
0.0389464
0.0578648
0.0474918
0.0509476
0.0414721
0.0452905
0.0427433
0.0519092
0.0557949
0.0524789
0.0569763
0.0427256
0.054988
0.0519182
0.0504268
0.0530104
0.0483441
0.0545894
0.0499403
0.0414993
0.0465044
0.0502337
0.052194
0.0519717
0.0416048
0.0509292
0.03897
0.0418319
0.0474512
0.0516681
0.0580848
0.0433328
0.0451477
0.0493706
0.0446107
0.0481242
0.0515193
0.0621076
0.0508654
0.0418588
0.0504153
0.0500931
0.0475692
0.0486926
0.059523
0.0467429
0.0492311
0.0455981
0.0621585
0.0536317
0.053306
0.0619451
0.0455262
0.0578732
0.0394014
0.053669
0.0513811
0.0502398
0.0500987
0.0527979
0.0562667
0.052896
0.0523029
0.0506581
0.0443034
0.0521836
0.044365
0.0550207
0.0401745
0.0462498
0.0450507
0.0485283
0.0518258
0.0523646
0.0547767
0.0490012
0.0492483
0.0461279
0.052916
0.0548244
0.0490544
0.0548568
0.0446501
0.0524588
0.0489197
0.0475686
0.0515341
0.0552819
0.0545491
0.0465164
0.0454442
0.0594861
0.0500663
0.0536954
0.0478665
0.0453364
0.0468204
0.0411614
0.0531685
0.0553041
0.0456889
0.0662457
0.0540816
0.0445533
0.0455244
0.0486306
0.0422882
0.0542535
0.0496479
0.0553287
0.0450878
0.0490087
0.0457477
0.0487526
0.0426542
0.0561426
0.0483531
0.0511391
0.0624279
0.0512908
0.0560946
0.0450645
0.0508205
0.0542595
0.0531237
0.0445979
0.0583579
0.0583033
0.0578105
0.0450178
0.0550018
0.0423157
0.0531764
0.0505712
0.0426605
0.0485167
0.0552014
0.0519766
0.0540728
0.0560004
0.0464069
0.0506734
0.0446516
0.0548765
0.0473301
0.0473448
0.0566468
0.0562014
0.0566146
0.0597629
0.0454758
0.0502947
0.0418134
0.0456216
0.0454324
0.0481649
0.0560878
0.0441002
0.0472445
0.0481977
0.0495238
0.046174
0.0556215
0.0477382
0.0540682
0.0460886
0.0487152
0.0487619
0.0481247
0.0496994
0.0537617
0.0590568
0.0438567
0.0572866
0.0465134
0.0577882
0.0498687
0.0466678
0.0503284
0.0445066
0.055809
0.0587191
0.0515143
0.0485715
0.0422051
0.0480925
0.0477867
0.0479042
0.0548752
0.0580502
0.0544057
0.0490116
0.0593051
0.0500569
0.0538377
0.0456162
0.0472356
0.05824
0.0498668
0.0549443
0.0443038
0.0516223
0.0501159
0.0590321
0.0499928
0.0532037
0.0424548
0.0458424
0.0496723
0.0450546
0.0558106
0.0491322
0.0577507
0.0502927
0.0483815
0.0517903
0.0514635
0.0486395
0.0468961
0.0426074
0.0427389
0.0440574
0.0551548
0.0480273
0.0554549
0.0488739
0.0462435
0.0504212
0.0533951
0.0574571
0.046674
0.0418145
0.0520157
0.0548239
0.0440243
0.045409
0.0513666
0.0601597
0.0611113
0.0511935
0.0517344
0.0433168
0.0533021
0.0513654
0.0557648
0.0598685
0.0543163
0.0468256
0.043432
0.0456352
0.0494589
0.0407447
0.0495531
0.0506727
0.0522333
0.054225
0.0494809
0.047776
0.0455691
0.042835
0.0597497
0.047815
0.0518598
0.0593242
0.0509136
0.0486522
0.0505394
0.0449171
0.0500543
0.0511261
0.0471312
0.0523445
0.0502259
0.0419439
0.0491836
0.0536607
0.0456809
0.0599538
0.0467025
0.0568448
0.0498637
0.0493682
0.0420044
0.0462085
0.0605192
0.0595493
0.0490546
0.0591854
0.0557016
0.0493998
0.0518643
0.0428317
0.0484557
0.0537806
0.0528694
0.0456124
0.049892
0.0549649
0.0538382
0.0595828
0.0464718
0.0531487
0.0563482
0.0633209
0.0420367
0.0536748
0.0488159
0.0494016
0.0525749
0.0485264
0.0490942
0.058105
0.0535833
0.0528105
0.0448068
0.0543545
0.0568519
0.0508935
0.0477098
0.048486
0.0521537
0.0472644
0.049676
0.0635943
0.0485594
0.0579243
0.0541619
0.0566418
0.0542223
0.0558434
0.0505743
0.0428188
0.0650614
0.0518604
0.0547017
0.0490395
0.0449147
0.0539883
0.0559297
0.0499074
0.0645691
0.0548921
0.0460689
0.0513169
0.0448629
0.0483194
0.0516737
0.0558813
0.0418624
0.0492605
0.0524378
0.045032
0.0541539
0.0454307
0.0531705
0.0563463
0.0459788
0.0499705
0.0452688
0.0465482
0.0406588
0.0461741
0.0482924
0.0504251
0.0474404
0.0539521
0.0418022
0.0499267
0.0453466
0.0456589
0.0490256
0.0566008
0.060288
0.0507562
0.0496889
0.0514497
0.0465183
0.048218
0.0545356
0.0485012
0.0673415
0.0536446
0.0544198
0.0574262
0.0471926
0.0411146
0.0538047
0.0489759
0.0519236
0.0535466
0.0474676
0.055113
0.0516581
0.0506709
0.0405779
0.0482163
0.0529362
0.0450373
0.0426916
0.0521572
0.0561585
0.0509096
0.049531
0.044723
0.0580346
0.0458921
0.042195
0.0507597
0.0450863
0.0441553
0.0488111
0.048075
0.0511469
0.044733
0.047954
0.0548643
0.0528277
0.0623191
0.0559748
0.0531315
0.0435268
0.0484047
0.056108
0.0499588
0.0530723
0.0518344
0.0467023
0.0486909
0.0584328
0.0456058
0.0545368
0.0498789
0.0461019
0.0416568
0.0571065
0.0481776
0.042063
0.0520716
0.0472198
0.0462775
0.0517034
0.0507501
0.0616087
0.05
0.05
0.05
0.05
0.05
0.05
0.05
0.05
0.05
0.05
0.05
0.05
0.05
0.05
0.05
0.05
0.05
0.05
0.05
0.05
0.05
0.05
0.05
0.05
0.05
0.05
0.05
0.05
0.05
0.05
0.05
0.05
777777