3.01555
999999
0.043732
-0.119887
-0.0688452
0.18398
-0.0679114
0.0798257
-0.417343
-0.157041
0.048377
-0.0741038
-0.183636
0.090664
0.202694
0.0834524
-0.122031
-0.0048093
-0.0642834
0.245592
0.280169
0.0571508
-0.311931
-0.149733
-0.165882
0.231659
-0.16015
0.165723
-0.244805
-0.0669622
-0.21179
-0.025766
0.300951
-0.147473
0.088727
-0.0542708
0.135744
-0.051231
-0.24715
-0.156292
-0.125994
-0.100587
-0.0940654
-0.204257
-0.151091
0.449336
-0.00155119
-0.220159
0.104348
-0.133385
-0.0162541
-0.184413
0.218858
0.211205
0.046201
-0.0386889
-0.0635239
-0.126897
-0.102007
-0.00453925
-0.0662774
-0.249225
-0.0317172
0.0793851
0.128979
0.11559
-0.134852
-0.0113337
0.00543052
-0.142548
-0.191921
-0.0247125
-0.0400663
0.139178
-0.144902
0.165208
0.0175382
0.0529591
-0.0605589
0.198893
-0.0855558
0.107619
-0.0252944
0.109492
0.059896
0.0431665
0.280278
-0.000791513
0.163916
-0.140202
-0.207457
-0.369204
-0.157062
0.054633
-0.109084
0.099749
0.125938
-0.0215511
0.013784
0.187877
-0.106419
0.224826
-0.03022
0.224374
0.208554
-0.130191
-0.226135
0.159028
0.00903667
-0.140815
0.192438
0.202303
-0.224603
0.161667
0.00427235
-0.138852
-0.0853069
0.0273322
0.165834
-0.199007
-0.139537
0.13994
0.0714673
-0.152582
-0.0144379
0.0454603
-0.242722
0.175894
-0.158404
-0.158926
-0.14468
0.026663
0.155611
0.129439
-0.0472404
0.0714564
-0.0268225
0.119182
-0.0929394
0.0785405
0.181737
0.0197319
-0.136674
0.132971
0.0889857
0.0665848
0.0584645
0.202843
0.0664999
-0.150719
-0.226738
0.313648
-0.289713
0.00899848
0.156747
0.288473
-0.0312596
0.180427
-0.121362
-0.144618
0.136415
0.0985257
0.215406
-0.104825
-0.107022
0.0884796
-0.116308
-0.0214182
0.038219
-0.0468147
0.100131
0.000710734
0.156828
0.0101467
0.148107
-0.0353744
0.0182798
-0.148802
-0.200731
-0.0928795
-0.146584
-0.0938362
-0.0814859
-0.045896
0.134376
0.114106
0.0280343
0.278458
-0.0328246
-0.147027
0.200189
0.108988
0.333648
0.0292132
0.0419428
-0.149092
-0.0817165
0.231814
-0.0201148
0.102602
0.0132245
-0.241713
0.197729
0.125039
0.189905
0.16361
-0.061668
-0.134452
-0.164456
-0.059825
-0.158586
0.0448881
-0.0712071
0.0582144
-0.127269
-0.1548
-0.0566259
0.069417
0.122047
0.114499
-0.151871
0.153006
-0.0939827
-0.111849
0.269827
0.0471807
-0.114796
0.194386
-0.0563385
0.120865
-0.0386603
0.0433534
-0.242601
-0.0164375
0.265917
0.0995038
-0.215519
-0.052584
-0.225453
-0.116787
-0.082819
-0.0729635
0.172849
0.12502
-0.206656
0.173017
-0.167759
-0.0262291
-0.210403
-0.142712
-0.129176
-0.099444
-0.13679
-0.075361
0.111884
0.146041
-0.00949191
0.245774
-0.0529498
-0.24689
-0.0397049
-0.0540243
0.0134727
0.199026
-0.146208
0.0388159
0.137344
0.0486932
0.123076
0.176591
-0.0863192
-0.0113916
-0.11592
0.249325
-0.0740335
-0.0536059
-0.112785
0.061644
-0.3943
-0.140627
0.151221
-0.0613068
-0.17914
-0.075475
0.10138
0.162061
-0.0542399
0.15597
0.209403
-0.16048
-0.033234
0.221498
0.057907
-0.0186888
-0.0887107
0.115502
0.172557
0.149774
0.280301
-0.244369
-0.150927
0.118103
0.191507
-0.060539
-0.101701
0.0880782
-0.0402849
0.0112507
0.0222554
0.160101
-0.245212
0.137202
0.127009
0.122797
0.105091
-0.0784686
0.0382855
-0.0331411
0.0259253
-0.231017
-0.00429724
0.0942021
0.0131214
-0.0314648
0.207464
0.0552944
-0.142318
-0.0361982
-0.159406
-0.0901783
0.0876839
0.226874
-0.234282
0.151995
0.0759785
-0.0535164
0.173543
0.0282749
-0.197211
-0.281348
0.128323
-0.0275403
-0.0633411
-0.110506
-0.0208983
0.051424
0.0818904
-0.0125205
-0.108976
-0.0504428
-0.0407143
0.166398
-0.191643
0.0776936
0.083167
0.0643671
0.119151
-0.21214
-0.0842321
0.142515
-0.347663
-0.000307989
-0.109957
0.15158
-0.0156188
-0.11694
-0.0761753
0.165133
-0.106702
0.125195
0.187679
0.100934
-0.0213298
-0.0818042
0.0137329
-0.0760047
-0.0253861
-0.126536
0.0986304
-0.0395469
0.0224634
-0.105158
0.122539
-0.0530136
-0.302537
0.0289094
0.0116204
0.19319
0.00516876
0.00422498
-0.0821068
0.0397286
-0.0808841
-0.12161
-0.0477381
0.0805312
0.0147843
0.0980051
0.0755107
0.00260284
-0.051147
-0.0741236
0.148564
-0.0832992
0.0952625
-0.0215367
-0.175415
-0.211676
0.0626228
-0.190041
0.178229
-0.00967073
-0.191386
0.000182543
0.230515
0.0294547
-0.0104152
-0.161272
-0.0694604
-0.023242
0.120497
0.199371
0.240455
0.130163
0.348305
-0.178662
0.0429445
-0.0611546
-0.056277
-0.0153999
0.0568539
0.0471554
0.148012
-0.0125703
0.0714975
-0.120119
0.0351849
-0.00982583
0.160934
-0.140695
0.117771
0.0217116
0.0546177
-0.0916681
0.180915
0.300706
-0.258139
0.164413
0.142847
-0.136273
0.0647226
0.0248354
-0.0576701
-0.031025
-0.0155481
0.104041
0.122182
-0.202371
-0.127475
-0.0522576
0.148978
0.0853092
0.0388107
0.25477
-0.197153
-0.0312783
-0.0552795
-0.0310871
0.0258867
0.0415596
0.212805
-0.224047
-0.224685
-0.115006
0.0447973
0.163832
0.00649975
-0.116361
0.0700748
0.0618665
0.124179
0.104373
-0.0294852
-0.0820457
-0.169854
0.242767
0.115907
-0.102648
0.0523317
0.098298
0.0658138
-0.0227694
0.16537
0.115798
0.147418
-0.0184242
-0.23801
0.0963377
-0.156246
-0.183048
-0.0722622
0.128293
0.14532
0.161837
0.119228
-0.10823
0.0694998
0.0194386
-0.0553758
-0.0249802
0.126771
0.0503959
0.159526
0.1878
0.0401548
0.106133
-0.198542
-0.0953114
0.108254
-0.18331
-0.172002
-0.0193874
0.225149
-0.159853
0.049618
0.027636
-0.214487
0.0868959
0.00494323
-0.0226745
-0.0369299
-0.0771859
0.185283
0.0825491
-0.131819
-0.228362
0.0433421
-0.0720817
0.162687
-0.00247975
-0.102916
0.103554
0.140087
0.129561
0.114659
0.0560091
0.0961321
0.281553
-0.187972
0.039978
0.142474
0.111353
-0.26589
0.0574823
-0.0428587
0.121144
0.0863229
0.204899
0.182729
0.170431
0.0182576
0.164576
-0.157513
0.040015
0.0412548
-0.218504
0.0756035
0.0578621
0.0192504
0.162679
0.111794
0.156847
0.0826768
0.0144787
0.0811686
0.15282
-0.261497
-0.158236
-0.0983548
-0.172749
0.212771
-0.100171
0.348766
0.141007
-0.0679595
-0.116284
0.234325
0.00103466
0.252167
-0.0965711
-0.277871
0.0184813
0.0512235
-0.0930097
-0.113394
-0.191737
0.101801
0.159804
-0.143352
-0.0727031
-0.210693
0.158133
0.069527
0.147777
-0.211516
-0.0146248
-0.0938221
0.00830902
0.102576
0.113702
-0.130197
-0.030048
0.267809
-0.140701
0.120762
0.180841
0.0542135
0.0414865
-0.187199
0.00733868
0.112155
-0.0830231
0.192545
0.171841
-0.067529
0.209623
0.092353
0.0562483
0.0667271
-0.224286
0.181622
-0.10673
-0.0691772
-0.0259205
0.00336706
0.0703813
0.161316
0.0966908
0.159641
-0.133526
-0.0189089
-0.100213
-0.0465445
-0.0702615
0.218903
0.0444328
-0.00976287
-0.157032
0.0939344
0.180216
-0.0427284
0.0996772
-0.176465
-0.0756927
0.026267
0.321891
0.0219249
-0.18928
0.00583356
0.0289169
0.0818693
0.130392
0.0798386
-0.228297
-0.161852
0.114662
0.156831
0.131364
-0.101548
0.15141
0.0806886
-0.135972
-0.00772613
-0.0401841
-0.0305369
-0.0625749
0.20347
0.251087
-0.0573846
-0.227905
-0.173557
0.142764
0.0915847
0.0281102
0.11856
-0.0288219
0.0774839
0.149558
0.16342
0.0766014
-0.117825
-0.171074
-0.100044
0.238635
-0.16081
-0.218312
0.150231
0.127278
-0.00362766
-0.0187517
0.115886
-0.0428803
-0.00881136
-0.0817744
0.17301
0.109883
0.218058
0.0952912
0.135484
0.0122452
-0.00203417
-0.0257662
-0.134013
-0.0460107
0.190657
-0.111866
0.0658949
-0.0104477
0.196627
0.236228
-0.050495
0.0738053
0.203533
0.175247
-0.0875915
-0.103574
0.125938
-0.00177601
-0.0897494
-0.1454
-0.0271528
0.266752
0.249471
0.257625
-0.271063
0.07704
0.0823765
-0.0958299
-0.195514
-0.053152
0.0028717
0.0186485
0.0585138
0.197456
-0.124926
0.0562802
0.0797364
-0.102605
-0.158845
0.0720889
-0.0813115
-0.0277988
0.0216476
-0.148448
0.0133618
0.0648
-0.0756219
-0.0456712
-0.221306
-0.020889
-0.0913448
-0.143473
-0.0732492
-0.173257
0.0797608
-0.00630813
-0.212974
-0.0675776
-0.00447139
-0.123698
0.0456936
0.0429683
-0.132428
0.0616787
0.130412
-0.131765
0.028677
-0.220555
-0.228757
0.247346
0.0909429
-0.145248
-0.0380229
0.0414654
-0.175199
0.105295
0.212745
0.194837
-0.0776398
-0.0877653
-0.0363882
-0.0108506
-0.150695
0.0802167
-0.0101611
-0.21789
-0.0847788
-0.194232
0.0622008
0.084157
-0.181629
0.258079
-0.0457253
0.0601736
-0.132093
-0.0628559
-0.00559584
-0.00566579
-0.142676
0.14634
0.177444
0.128407
-0.0748188
-0.0361765
0.221948
0.135632
-0.226156
0.319182
-0.101335
-0.186131
0.00548438
0.206835
0.143418
-0.239242
0.132736
-0.128435
0.175886
0.0542068
-0.130186
0.0229973
0.120545
-0.107799
-0.0785867
-0.190057
-0.220137
0.00457519
0.0853419
0.0900646
-0.162543
0.0220604
-0.148365
0.0663812
0.236678
0.253298
-0.133928
0.0338005
0.270809
0.235623
-0.12345
-0.161699
0.168111
-0.0475969
0.012327
-0.0817807
-0.0555134
0.181713
-0.0505595
0.0995928
0.200415
-0.245989
0.175541
0.0941903
0.157656
-0.0992407
0.198788
-0.157375
-0.215024
0.231133
0.0487537
0.145376
-0.129134
-0.053768
-0.0986025
-0.149681
0.119699
0.134106
-0.143326
-0.21462
0.29463
-0.0342845
-0.0213647
0.048442
0.105561
0.304622
0.210115
-0.0373134
0.0618861
0.254211
0.152282
0.129098
-0.130879
0.171192
-0.220414
-0.122707
0.202402
0.117452
0.121625
0.0351226
0.157612
-0.0834137
0.142534
-0.00764489
-0.288643
-0.242897
-0.130884
-0.140977
0.214431
-0.0554487
0.0725638
-0.176799
-0.14694
-0.0016814
0.148938
0.124619
0.0457935
0.0272147
-0.119755
0.134006
-0.0461309
-0.0139924
0.0468996
0.325203
-0.267093
0.236382
-0.0264582
0.03523
-0.143373
-0.0469417
0.0408838
-0.221393
-0.119198
0.273898
0.0440005
-0.105089
-0.177857
-0.061665
-0.370533
-0.0689531
-0.199679
-0.0630517
0.129208
-0.0663536
0.0223336
-0.0310558
0.164059
-0.0445358
0.0143005
0.237538
0.0484993
-0.000346335
-0.00800947
-0.113385
0.161096
0.101453
-0.0819296
-0.0429712
-0.030413
-0.194132
0.0766957
0.0278917
0.0443568
0.305473
0.121518
0.026725
0.15483
-0.185885
0.0040682
-0.035996
0.0879422
-0.0289473
-0.0844558
-0.0900588
0.000855206
0.138512
-0.0306927
-0.0147564
0.143456
-0.0649793
-0.0327485
-0.140539
0.0451206
0.236395
0.188573
0.0903803
-0.0810925
0.0348667
0.201948
0.0658774
0.0751365
0.0639933
-0.324093
0.0142244
0.048104
-0.159934
-0.144639
0.17226
0.276821
-0.0173601
0.0953841
-0.056571
0.000478576
-0.0536719
0.0380357
-0.0570756
-0.118785
-0.016364
-0.0673204
0.119416
-0.164781
0.0665388
0.139419
-0.0949695
0.219627
0.0225103
0.22689
-0.022075
0.100034
-0.059952
0.152183
-0.102912
0.191342
-0.214859
0.0569105
-0.291155
0.105859
0.21327
0.230113
0.271826
0.0112174
0.16686
0.0915803
-0.10335
-0.214995
0.119141
0.39922
-0.0985801
-0.0816242
-0.169818
0.120162
0.116308
-0.0778384
-0.0324593
0.0189003
-0.0819611
-0.160647
-0.0794002
0.0779881
0.141659
0.0632965
0.155244
0.275329
-0.0156375
0.136307
-0.170461
0.103342
0.0936676
0.0960345
0.110326
0.111749
-0.0010868
-0.252272
-0.186793
0.117495
-0.023379
-0.030474
-0.127113
0.042635
0.206269
0.122727
-0.138456
-0.157669
-0.239906
-0.0442468
-0.107208
-0.087161
0.104719
0.0365489
-0.126555
-0.0544904
0.122946
-0.154223
0.0157395
0.0582281
-0.344229
0.209764
0.164434
-0.232335
-0.124277
-0.0110138
-0.200109
-0.157193
0.172537
0.000997729
0.228147
0.179436
0.201709
0.0735659
0.121106
0.0605575
-0.252174
0.278103
-0.107378
0.213995
0.103666
-0.05414
0.0943244
0.113406
-0.0692852
0.0362041
-0.0295728
0.250976
0.171699
-0.0986132
-0.0296089
0.0963231
-0.175165
0.0133149
-0.0422161
0.0320107
0.131724
0.0196076
0.0811439
0.0678334
-0.055594
-0.242887
-0.0976119
0.0386596
-0.0615757
-0.226941
0.0686077
0.108342
0.0976967
0.205082
0.0966788
-0.0183544
0.153159
-0.118452
-0.089555
0.123923
0.198051
-0.076624
-0.0778637
0.174518
0.10734
-0.0118619
0.0397535
-0.0060333
-0.226528
0.0717136
-0.184851
-0.0691661
-0.126802
0.0401643
-0.00127135
0.205764
-0.224047
-0.175791
0.0106143
-0.00488038
0.0636573
0.139556
0.0901208
-0.136985
-0.20353
-0.00181161
0.165702
0.0408938
-0.121763
0.0883074
0.163351
-0.00934773
0.12466
-0.259412
-0.255483
-0.189784
-0.168146
0.0137206
0.215928
-0.0620065
0.080406
0.0736905
-0.0823733
-0.209399
0.0265134
-0.153099
-0.0431185
-0.0548399
0.0464121
0.14608
0.0511642
-0.113838
0.144943
0.151289
0.104236
0.0976944
0.086341
-0.188298
0.376921
-0.0402234
-0.160009
0.00202276
0.00471719
0.192364
-0.17402
-0.0458364
0.0491978
-0.130346
-0.201202
0.260607
-0.0754468
0.111562
0.241157
0.151862
-0.0453526
0.0147224
-0.176885
-0.172631
-0.147426
-0.128156
0.142174
0.0347688
-0.0970533
-0.229906
-0.0759354
0.107315
-0.134163
-0.228359
-0.146358
0.0877888
0.125534
0.222645
0.16936
-0.111356
-0.0118741
-0.111129
0.192209
-0.0834349
0.0249085
-0.149605
0.0563895
-0.0518548
-0.0318482
-0.126437
0.0749291
-0.176473
0.0577821
0.0319054
-0.0224096
0.216266
-0.101403
-0.00988538
-0.169926
0.234015
0.022556
0.0290157
0.0810656
-0.200836
0.108547
0.145598
0.172591
-0.271948
0.0889826
0.0654344
0.137403
-0.0225979
0.238549
-0.143637
-0.0629445
0.124665
0.0434485
0.252542
0.0679393
0.0762048
0.100192
-0.236155
0.208692
0.0589546
0.0315548
0.300092
0.0170978
0.0839469
0.153416
-0.0349016
0.076895
-0.164508
0.0252322
0.209123
0.224396
0.186682
-0.0632898
-0.293042
0.190874
0.00922571
-0.0133398
0.0442934
-0.206918
-0.116757
0.0784554
-0.19177
-0.0856534
0.0792018
-0.151691
0.0580739
0.0967852
0.153599
0.0892037
0.112892
0.127455
-0.20435
0.299589
0.0574364
-0.118329
0.183026
-0.27985
-0.0663811
0.0788286
0.0209311
0.118449
0.0874908
0.157544
0.251991
0.116963
0.149275
-0.106563
-0.197281
0.107465
0.198882
-0.158722
-0.060796
-0.123757
-0.0948523
-0.0246673
-0.0516525
0.0993656
0.0212442
-0.175008
0.0721809
-0.213449
-0.277518
0.0511658
-0.142311
0.00959884
0.0532671
0.161215
-0.000976881
0.150549
-0.05034
0.172366
-0.35671
-0.212287
-0.0484426
0.257322
0.202109
-0.032842
-0.0595173
0.058059
0.031507
-0.228172
-0.0987867
-0.188336
-0.151727
0.0148827
-0.160069
0.0520716
-0.0986004
-0.0892406
-0.0100338
-0.235009
-0.15629
-0.0691804
-0.0157002
-0.0267004
-0.134206
0.237338
-0.0878299
0.110516
-0.117783
-0.00784232
0.305681
0.114851
-0.0493847
-0.199477
-0.0243739
-0.0366905
-0.0716026
0.0579225
-0.00995491
0.0867328
-0.0430398
0.015422
-0.0410725
0.0921083
0.0611211
0.084429
-0.191537
0.0632328
-0.19211
0.0345668
0.120213
0.0170217
0.0916155
-0.0862877
-0.154152
-0.272612
0.130034
-0.0968743
-0.142923
-0.0403803
-0.109211
-0.109702
0.0627621
-0.0741409
0.000144654
0.0493677
-0.0126922
0.172571
-0.0469553
0.125405
0.0394092
0.0339142
0.0380058
0.156067
-0.155847
-0.0848834
-0.110454
-0.0836011
0.11136
0.0500926
0.0478102
-0.216012
0.0589521
0.129429
-0.0203322
0.171553
-0.0785882
0.196472
0.073465
0.105115
-0.146481
0.0314263
0.0052478
0.113442
0.0904405
0.0508002
0.0646695
-0.203363
0.114407
0.280946
0.0439809
0.135863
0.265858
-0.190783
0.134493
-0.0388816
-0.0229783
0.0228102
0.0556916
-0.0845198
0.021083
-0.128666
0.12201
0.129714
-0.208092
0.142573
0.00508347
-0.133283
0.233742
0.0422041
0.0554023
-0.19023
0.0291198
0.0989306
0.0465083
0.318733
-0.0740096
-0.217093
-0.176039
0.0367804
-0.0151209
-0.106367
0.0772109
-0.0974829
0.203746
-0.104228
-0.0681165
-0.107462
0.192637
-0.0966399
-0.12658
0.113558
0.129149
-0.177354
0.219956
-0.39181
-0.206703
-0.191933
-0.0870668
0.0100364
-0.0870805
-0.257309
0.0450443
-0.00887896
-0.0751016
-0.0811075
-0.023929
0.0250684
-0.0177527
-0.277636
0.149279
0.00576958
-0.163376
-0.070819
0.0476859
0.22073
0.081996
0.121395
0.120903
0.0572018
-0.173848
-0.101428
0.0479001
-0.168728
0.310111
-0.191517
0.120397
0.126578
-0.0552228
-0.0494891
-0.0512446
-0.16729
0.217674
0.0739945
-0.113471
0.0566102
0.136466
0.0108867
-0.0620318
-0.0735923
-0.0687786
-0.0793042
-0.120516
-0.183961
-0.190572
0.139215
-0.102847
0.00328019
-0.175722
0.107356
0.11354
-0.215581
-0.100099
0.0908354
0.0818163
-0.0756021
0.22247
0.12759
0.152015
-0.263612
0.0178632
0.00667215
0.0237726
-0.178145
-0.1243
0.113713
0.101489
-0.155833
0.196405
0.0623316
0.0931879
-0.130215
-0.216262
-0.266326
-0.123844
-0.0727998
0.0565996
-0.0440952
0.0539911
0.00463908
-0.111204
-0.14952
0.0470901
0.0287839
0.228306
0.0269614
0.0808408
-0.0126874
-0.0770683
-0.0498341
-0.120179
0.078088
0.18775
-0.0328407
-0.0590567
-0.0468295
-0.282599
-0.189302
0.0566004
0.238749
0.0140726
-0.188032
-0.143811
-0.235683
-0.080057
0.109936
-0.196741
0.277176
0.206696
-0.0836351
-0.169971
0.159626
-0.0606635
0.0243217
0.160868
-0.147596
0.125346
0.0731134
0.0411689
-0.102466
0.0558073
-0.137203
0.0130124
-0.182248
-0.0742802
-0.0612887
0.122171
0.00507094
-0.113675
0.0789597
0.0479799
-0.0892383
0.218516
-0.221661
-0.0767541
-0.0433428
-0.159735
0.100868
-0.0396872
0.107465
0.0631524
0.202501
0.317137
0.164589
0.0432285
0.143722
-0.141197
0.00254935
0.0708199
-0.049698
0.26893
-0.194387
0.0977777
0.00458989
0.0626747
0.0379134
-0.307174
0.22438
0.00766836
0.0528589
0.151074
-0.0999551
-0.0357089
-0.151177
-0.0152213
-0.227964
0.0444178
0.0109226
-0.112259
0.0747883
-0.23121
0.166235
0.198266
-0.0922704
-0.0356578
0.117941
0.0242724
0.0890662
-0.0654527
0.0931292
-0.161275
0.117401
0.16972
0.0487631
-0.159293
0.100307
0.069596
-0.333793
0.148216
0.0308286
0.037064
-0.0247468
0.24946
0.150466
888888
-0.1952
-0.0115712
0.124765
-0.172489
0.151158
0.133552
0.0955805
-0.186626
0.166189
-0.0827691
-0.0951415
0.0378214
-0.067404
0.0674821
-0.215619
-0.09008
-0.111335
0.0717171
-0.0666543
-0.118997
-0.178513
0.125825
-0.105535
0.11504
0.0929845
0.142934
-0.0258933
-0.0883548
-0.0400289
0.0887816
0.0758011
0.0159174
0.0675478
0.061625
0.0417035
0.0385266
0.0484908
0.0499672
0.0458934
0.0423395
0.0505355
0.0531811
0.0358773
0.0696976
0.0534995
0.0507176
0.0528045
0.0558934
0.0678967
0.0522014
0.059581
0.0596243
0.0378742
0.0571818
0.035217
0.0596626
0.0580263
0.0433724
0.039093
0.041851
0.0473081
0.0562518
0.049261
0.0497603
0.0503222
0.042507
0.0520185
0.051949
0.0447854
0.0388743
0.0432762
0.0702419
0.0421079
0.0572145
0.0599044
0.0708531
0.0435949
0.0370894
0.0508535
0.049137
0.0611874
0.0452127
0.0549608
0.0399548
0.0352843
0.0508102
0.041965
0.0473115
0.050968
0.0439767
0.041077
0.0441026
0.0476827
0.0485863
0.0661391
0.0458436
0.0499089
0.0499978
0.0537164
0.0568454
0.0445619
0.0378761
0.0547786
0.045568
0.0430807
0.0502531
0.0473799
0.051286
0.0529941
0.0494802
0.0496674
0.0512695
0.0550051
0.0569145
0.0472532
0.0459905
0.0437751
0.0470415
0.0775937
0.048463
0.0562123
0.0450996
0.0498017
0.0512174
0.0547574
0.0446743
0.0605915
0.0427262
0.0516241
0.0428165
0.0625584
0.0652203
0.0550023
0.0481525
0.0407442
0.0388091
0.0664223
0.0554701
0.0434836
0.0539474
0.0632727
0.0461912
0.0544203
0.0470819
0.0469295
0.0488934
0.0468665
0.0479642
0.0486567
0.0530059
0.0515238
0.045346
0.0431734
0.0392802
0.0453151
0.0497595
0.042792
0.0600313
0.0583488
0.0586051
0.0430522
0.0542033
0.0623995
0.0676712
0.0501082
0.056231
0.039945
0.0473539
0.0445237
0.0500775
0.0714476
0.0474437
0.0412753
0.0568034
0.0532913
0.0479574
0.0425769
0.0366481
0.0632945
0.0610967
0.0614668
0.0468864
0.0499267
0.0431296
0.0532057
0.051312
0.0589658
0.0650731
0.0563619
0.0476147
0.0534975
0.0351459
0.0531937
0.0551298
0.0479569
0.0478734
0.0436984
0.0485536
0.0493613
0.0536272
0.0403026
0.0473373
0.0483849
0.0491238
0.0516294
0.0678926
0.048786
0.0565229
0.0591552
0.0498775
0.0501074
0.0840336
0.0504744
0.046914
0.044902
0.0468009
0.0510392
0.0479136
0.0436961
0.052972
0.0540595
0.0577002
0.0665093
0.0525198
0.0447054
0.0482663
0.0415034
0.0437765
0.0335168
0.0396713
0.0459083
0.048099
0.0559955
0.0456353
0.0697623
0.0443892
0.0531427
0.0450212
0.049069
0.0442095
0.0444012
0.0514374
0.0594242
0.0554327
0.0563133
0.0447793
0.0432499
0.0521146
0.0415204
0.0512102
0.0437983
0.0579726
0.0514465
0.0465448
0.0390327
0.0376517
0.0440537
0.0565221
0.0620365
0.0505579
0.0504702
0.0510742
0.0487928
0.0500768
0.0533017
0.0570093
0.0556194
0.0418624
0.056681
0.0595183
0.0580383
0.0464556
0.0480397
0.046784
0.0469853
0.0473616
0.0548275
0.0734528
0.0556532
0.0484578
0.051766
0.048492
0.0431952
0.0431559
0.0520211
0.0493592
0.0443346
0.0468122
0.0508035
0.0546012
0.0497838
0.0449546
0.0665575
0.0478916
0.059605
0.054201
0.0513844
0.0351822
0.0553014
0.0612341
0.0424216
0.0593288
0.0470712
0.0634183
0.0509441
0.0455202
0.0522042
0.0557259
0.0467414
0.0474847
0.0607088
0.0436222
0.0508095
0.0522052
0.0580383
0.049791
0.0600113
0.0462595
0.0475698
0.0528531
0.0480157
0.0581976
0.0567393
0.0555258
0.0450093
0.0423393
0.0617855
0.0522621
0.0596014
0.0458159
0.0382623
0.0430934
0.0513762
0.0567533
0.0367994
0.0524258
0.0388943
0.0482889
0.0466192
0.0501554
0.0487716
0.0475228
0.0380406
0.0460912
0.0541325
0.0494229
0.0491991
0.0504575
0.0519154
0.0494907
0.0743661
0.0609383
0.0436627
0.0443749
0.054791
0.0358925
0.0484687
0.0369674
0.047502
0.0683845
0.0517623
0.0416669
0.054368
0.071644
0.0599136
0.0523134
0.0666794
0.036612
0.045692
0.0495954
0.0481746
0.0450164
0.0440406
0.0444469
0.0462935
0.0551407
0.0403951
0.0462828
0.0459517
0.0437518
0.0456433
0.0563011
0.0420495
0.0489626
0.0485762
0.0420465
0.0561848
0.0544173
0.0554823
0.0547505
0.0487512
0.0404285
0.053098
0.0560443
0.0430431
0.0555091
0.0467862
0.0591724
0.0444407
0.0416305
0.0524986
0.0558099
0.0381355
0.0484313
0.0445803
0.0657934
0.0359684
0.0556896
0.0504182
0.0451992
0.04353
0.0312081
0.0435297
0.045783
0.0403783
0.0552996
0.0474497
0.0368782
0.0443174
0.050091
0.0522262
0.0402557
0.0618337
0.0475596
0.0561985
0.0443376
0.0490126
0.0664194
0.0493824
0.0379538
0.0487673
0.0422063
0.0489694
0.0360149
0.0500682
0.0559404
0.0470196
0.0550541
0.0421084
0.062997
0.0511241
0.0570294
0.0607773
0.0412024
0.0563406
0.0547748
0.0490456
0.0627132
0.0478546
0.0536556
0.0485562
0.0496317
0.0588578
0.0570028
0.0494595
0.043412
0.0393604
0.0572457
0.0444374
0.0550346
0.0571803
0.047349
0.0455442
0.0407441
0.0651631
0.0495668
0.0545841
0.0415464
0.0438023
0.046424
0.052559
0.0618526
0.0522998
0.0516519
0.0412454
0.0655849
0.0538864
0.0504479
0.0446534
0.0551151
0.0446342
0.0481247
0.0456902
0.0535325
0.0458001
0.0397573
0.0536028
0.055202
0.0641151
0.0475808
0.0450428
0.0684369
0.0536927
0.059001
0.054912
0.0450239
0.0432012
0.0447163
0.0600554
0.0489921
0.0512137
0.0536275
0.0523361
0.0659954
0.0554505
0.0493522
0.0427718
0.0481822
0.0591845
0.0428333
0.0629126
0.0461349
0.0435221
0.0411963
0.0537615
0.0419859
0.0418141
0.0473061
0.0400854
0.0421921
0.041898
0.0618918
0.053632
0.0665011
0.051291
0.0389105
0.0524377
0.042387
0.0461364
0.0506371
0.0588006
0.0532857
0.0565403
0.0445465
0.0420436
0.0460533
0.0436481
0.0528856
0.0570322
0.0668384
0.0614406
0.0500165
0.0543721
0.0488056
0.0410188
0.0414026
0.0432749
0.0448059
0.062289
0.0559097
0.0627761
0.05423
0.043105
0.0450032
0.064236
0.0502805
0.0687375
0.0591234
0.0482125
0.0566736
0.0453199
0.0392606
0.0609974
0.0601165
0.0498274
0.0467104
0.0435896
0.0415048
0.0644003
0.0512098
0.0492056
0.0628493
0.0560866
0.058627
0.0498251
0.0455034
0.0742826
0.0489093
0.0494553
0.0551599
0.0546589
0.0362509
0.0564521
0.0486523
0.0475762
0.0499788
0.0668755
0.0674613
0.0459049
0.0620843
0.044859
0.0364719
0.0463876
0.0444538
0.0456257
0.056675
0.0460403
0.0513096
0.0576241
0.0540361
0.0521633
0.0435916
0.0588307
0.0519814
0.0498903
0.0475003
0.0601442
0.0447489
0.0441991
0.0584971
0.046103
0.0423343
0.0430494
0.0537297
0.0514291
0.0544593
0.0463761
0.0429705
0.0576004
0.0437186
0.065198
0.0466497
0.049766
0.0543234
0.0534419
0.0411142
0.0462664
0.0520889
0.0537127
0.0381757
0.0476914
0.0506428
0.060661
0.0433978
0.0572216
0.0568043
0.0471643
0.0468312
0.0514746
0.0509878
0.0518654
0.0421005
0.0523217
0.0511318
0.0417953
0.0497103
0.0402322
0.0534864
0.0416392
0.0578384
0.0473923
0.0608954
0.0529558
0.0583383
0.054582
0.0424236
0.0640997
0.0468954
0.0495951
0.0597577
0.0463586
0.0509465
0.0474346
0.0646952
0.0362457
0.0430396
0.0595462
0.0555854
0.051372
0.0615501
0.0470254
0.0483219
0.0515898
0.045313
0.0630454
0.0666645
0.0603925
0.039556
0.0438124
0.0422292
0.0685745
0.0574985
0.0482597
0.04019
0.0499872
0.0454912
0.0407696
0.05153
0.0472561
0.0443789
0.0575599
0.0420701
0.0630928
0.0453999
0.0655313
0.0554636
0.0415269
0.0636962
0.0401395
0.0441537
0.0591835
0.0408625
0.0501036
0.0411467
0.0413593
0.0475937
0.0393201
0.0576936
0.0649099
0.0456598
0.0472031
0.0470071
0.0486046
0.050674
0.0495078
0.0494952
0.0512479
0.039145
0.0487251
0.0437448
0.040462
0.0421118
0.0430339
0.0582247
0.0443361
0.0469055
0.0471958
0.0510892
0.0493745
0.0468261
0.052393
0.0637914
0.0576236
0.0430728
0.0465293
0.0466031
0.0619241
0.0603328
0.0466717
0.0653616
0.0526344
0.0527686
0.0556468
0.0467619
0.0585006
0.0539365
0.045345
0.0638351
0.048421
0.0446644
0.0427954
0.0471892
0.0492568
0.0443618
0.0507439
0.047814
0.0434267
0.0438997
0.049377
0.0463697
0.0447363
0.0439416
0.0536392
0.0490017
0.0380994
0.0656372
0.050625
0.0413719
0.0547208
0.042433
0.0510376
0.0490739
0.0675607
0.0673798
0.0509306
0.0456224
0.0485449
0.0632811
0.0435026
0.050537
0.0702278
0.0455834
0.0511352
0.0478613
0.0490193
0.0569117
0.0549178
0.0536508
0.0535798
0.0468749
0.0629858
0.0453542
0.0512133
0.0499384
0.0493399
0.0517354
0.0500786
0.0600188
0.0493061
0.0573101
0.0388557
0.0499415
0.0446169
0.0572057
0.0624318
0.0540754
0.0518529
0.0711994
0.0555676
0.0396898
0.0426929
0.0332333
0.0439513
0.055407
0.0554596
0.0729114
0.0497665
0.0552635
0.0504717
0.0592435
0.0537488
0.0516659
0.053431
0.0516754
0.0560507
0.0670899
0.0428919
0.0617562
0.0512131
0.042594
0.0577669
0.0364679
0.0571459
0.0676029
0.0515325
0.0517872
0.0387745
0.0476551
0.0451725
0.0565452
0.0401162
0.0463509
0.0445241
0.0446419
0.0424187
0.0496951
0.0620683
0.037433
0.0532246
0.0499501
0.044982
0.0490556
0.0541457
0.0470247
0.0435797
0.0472323
0.0430304
0.056706
0.058193
0.0524157
0.0613488
0.059221
0.048579
0.0428359
0.0490199
0.0586087
0.0441802
0.0533775
0.0483735
0.044399
0.0526717
0.0529005
0.0577187
0.0576669
0.0371973
0.0431557
0.0480644
0.062669
0.0513986
0.0664213
0.0556599
0.0565213
0.0462052
0.0598092
0.0478899
0.0587358
0.0547926
0.0394854
0.0472021
0.0541403
0.0588319
0.0539455
0.0536561
0.0483671
0.0559732
0.0626068
0.0683445
0.0575734
0.0383927
0.0454095
0.042064
0.0606323
0.055101
0.0369342
0.0593475
0.0417435
0.0513578
0.0410943
0.0546127
0.0464201
0.0504882
0.041912
0.0405676
0.0539046
0.0485801
0.0672469
0.0680328
0.0443705
0.0536391
0.0613018
0.0501141
0.0461817
0.0554976
0.0481504
0.0544536
0.0370323
0.0561313
0.0364594
0.0422677
0.0604762
0.0523015
0.0619922
0.047856
0.0422699
0.0573056
0.0515814
0.0495194
0.0483646
0.0537361
0.0572377
0.0532618
0.0593485
0.0641274
0.0358512
0.0435047
0.0459039
0.0346098
0.042135
0.0624099
0.0550389
0.0444908
0.0543874
0.0447305
0.0435747
0.0541982
0.0446378
0.0514482
0.0559394
0.0463887
0.052886
0.0596817
0.056853
0.0356511
0.0463515
0.0452732
0.066097
0.0401107
0.0528553
0.0584931
0.0569716
0.0465004
0.0408367
0.0483754
0.0693811
0.0535626
0.0381605
0.0503387
0.0438439
0.0427784
0.0444349
0.0558994
0.0495029
0.0389913
0.0505935
0.0692516
0.0564576
0.0546534
0.0522665
0.0459924
0.0565085
0.0437281
0.0593224
0.0480796
0.0471151
0.0536102
0.0411476
0.0526594
0.0528909
0.0460894
0.044779
0.0539115
0.0310932
0.0389701
0.0515474
0.0511959
0.0605487
0.0439776
0.0454149
0.0565628
0.0381792
0.0632411
0.0491974
0.0435957
0.056759
0.0621143
0.0544896
0.0668242
0.0518031
0.0518641
0.0462537
0.0687406
0.0609877
0.0483439
0.0529831
0.047676
0.0615317
0.0388247
0.0511178
0.0528872
0.0561156
0.0705381
0.0516442
0.0586159
0.0555297
0.0550931
0.0542931
0.0543998
0.0532009
0.0540405
0.0397548
0.0501812
0.0458646
0.0505995
0.0422606
0.047574
0.0500851
0.0562614
0.0536193
0.0422821
0.0557387
0.0484052
0.0407555
0.0515058
0.0590065
0.0394366
0.0543407
0.0454149
0.0485899
0.0478712
0.0501843
0.0431689
0.0536274
0.0411419
0.0451636
0.0471857
0.044074
0.057844
0.0472425
0.0467265
0.0442164
0.0390011
0.0661292
0.0584833
0.0553506
0.0511013
0.0529787
0.05265
0.0528228
0.0456766
0.0434764
0.0490429
0.0769506
0.0556539
0.0448188
0.0536837
0.0544307
0.0513485
0.0602366
0.0427836
0.0476374
0.0779824
0.0511737
0.0648961
0.0469366
0.0505239
0.0522359
0.0377592
0.0533855
0.0392216
0.0403552
0.0461535
0.0454668
0.0368152
0.046225
0.0414548
0.0504338
0.0405136
0.0434106
0.044967
0.0493296
0.0452907
0.0444771
0.0561158
0.0654229
0.0502979
0.0473872
0.058283
0.0594129
0.0455583
0.0583662
0.0438908
0.0587863
0.0579903
0.0495314
0.0442584
0.0580085
0.0499262
0.0495087
0.0453344
0.0524323
0.0411684
0.0496923
0.0529077
0.0551618
0.0556977
0.0431475
0.047737
0.0626497
0.0479049
0.0415167
0.0557964
0.0568039
0.0475977
0.0412739
0.0416146
0.0529325
0.0425542
0.0588323
0.0451359
0.0441921
0.0566858
0.0569828
0.0545624
0.048864
0.045336
0.0514161
0.0409968
0.0426908
0.0510598
0.0421194
0.0545485
0.0643276
0.0618751
0.0565885
0.0436995
0.0565109
0.0448533
0.0578576
0.0629784
0.0571139
0.0502741
0.0503684
0.0570744
0.0700484
0.0483922
0.0356942
0.0473262
0.0545123
0.0607469
0.0561109
0.0452899
0.0483461
0.0460534
0.0555614
0.04649
0.0658657
0.0507919
0.0473454
0.0392048
0.0553642
0.0601247
0.0584089
0.0621609
0.0521883
0.0400736
0.0539985
0.0645797
0.0513609
0.0465357
0.0525408
0.0482362
0.0464705
0.0551057
0.0527608
0.0467623
0.061598
0.0450102
0.0528931
0.0497808
0.0628346
0.0404459
0.0571573
0.0490079
0.0507344
0.0494531
0.0491129
0.0444068
0.0518503
0.0423254
0.0409546
0.0637281
0.0510597
0.0598325
0.0610472
0.0595181
0.0502263
0.0485028
0.0553593
0.0525074
0.0462829
0.0597531
0.0515714
0.0594156
0.051551
0.0487642
0.0543994
0.0540617
0.0485628
0.0520497
0.047933
0.0623306
0.0641312
0.0431571
0.0556629
0.0447171
0.0424899
0.0588974
0.046422
0.0507948
0.0388857
0.0508334
0.0564966
0.042313
0.0464686
0.0405925
0.0479614
0.0416657
0.0510722
0.0552469
0.0445761
0.0580537
0.0613461
0.0353913
0.0547219
0.0456232
0.060176
0.0603598
0.0467257
0.055441
0.0634628
0.0425131
0.0513537
0.0467625
0.0482764
0.0640203
0.0552173
0.043105
0.0405373
0.0427889
0.0523165
0.0572225
0.0577014
0.049921
0.0588102
0.0623706
0.0414796
0.0439829
0.0518601
0.046134
0.0483536
0.0439137
0.053377
0.0367348
0.0485672
0.0601682
0.0402235
0.057735
0.0401833
0.0654941
0.062113
0.05674
0.0539784
0.0411194
0.0579112
0.0526243
0.0431808
0.0528892
0.04653
0.0391646
0.0460237
0.04845
0.0558306
0.0427863
0.0594944
0.0475025
0.0632875
0.0546025
0.0418879
0.049739
0.0353662
0.0505626
0.044994
0.0401845
0.0444659
0.0564702
0.0536836
0.0469593
0.0440099
0.0526292
0.0609091
0.045737
0.0410461
0.040149
0.0477395
0.0469939
0.0515945
0.0480103
0.0485515
0.0538708
0.0472718
0.0355698
0.0465746
0.0352026
0.0419551
0.0423987
0.0595563
0.0697237
0.0436294
0.0418462
0.0560134
0.0479633
0.049783
0.0403083
0.0440212
0.0502117
0.044378
0.0553515
0.0541752
0.0452055
0.0519141
0.0569061
0.0434022
0.0436169
0.0437039
0.0495393
0.0456757
0.0539135
0.0331713
0.055345
0.0484833
0.0380025
0.0518551
0.0564839
0.0644455
0.052646
0.0437093
0.0629262
0.0606358
0.0543767
0.051412
0.0549797
0.0395721
0.0510747
0.0595287
0.0444987
0.0461868
0.047144
0.0479267
0.0512701
0.0557716
0.0482483
0.0511278
0.047158
0.0448971
0.0460247
0.0462111
0.0504607
0.0498877
0.0477806
0.0430661
0.0544369
0.0449483
0.0531929
0.0464456
0.0570317
0.0398447
0.043583
0.0551041
0.0515177
0.0418341
0.0580632
0.0480917
0.0657594
0.056026
0.0560519
0.0408766
0.0505871
0.0511671
0.0453543
0.0623447
0.0467989
0.0547118
0.0563159
0.0474759
0.0581256
0.073483
0.0536228
0.0394646
0.0430045
0.0553702
0.0377746
0.0588079
0.0583527
0.0606293
0.0471316
0.061801
0.0543823
0.0412656
0.05043
0.0459529
0.0426128
0.0503861
0.0478881
0.0451565
0.0472672
0.0480179
0.045355
0.0464114
0.0666644
0.0521035
0.0384547
0.0438483
0.0434282
0.0590727
0.0417109
0.0446611
0.0439503
0.0506126
0.065743
0.0546672
0.0589661
0.0512171
0.0447142
0.0499811
0.0561818
0.0436889
0.0503553
0.0525459
0.0450706
0.055994
0.06359
0.0521676
0.0516189
0.0518562
0.0575245
0.0394198
0.0541412
0.0622871
0.0639905
0.0636808
0.0430644
0.0500731
0.0599449
0.056538
0.0592214
0.0505461
0.0452958
0.0450473
0.04664
0.0431946
0.0500023
0.0550645
0.0493791
0.0421745
0.0381992
0.0542407
0.0532881
0.0432256
0.0608472
0.0506787
0.0401875
0.0572814
0.0408739
0.043505
0.047869
0.0532062
0.0575717
0.0435783
0.063467
0.0369216
0.0536341
0.0577976
0.0568408
0.0486983
0.0466674
0.0448179
0.0534648
0.0445801
0.0608163
0.0443744
0.0469593
0.0412502
0.0547235
0.0563115
0.0465019
0.0396933
0.0407827
0.0588564
0.0571011
0.0566314
0.0423658
0.0442667
0.036007
0.0488155
0.0518892
0.0645164
0.0652884
0.0571069
0.0569946
0.0462897
0.0620306
0.0462026
0.0413154
0.063034
0.0539167
0.054733
0.0571296
0.0417756
0.0614871
0.0529731
0.0506799
0.0376701
0.0613431
0.0468087
0.0485333
0.0479153
0.0485154
0.0525599
0.0514718
0.046784
0.0363681
0.0567698
0.0537412
0.049401
0.0577332
0.0499224
0.0505745
0.0517235
0.043644
0.0425297
0.0506566
0.0545419
0.052148
0.0821916
0.0430716
0.0615133
0.0405784
0.047529
0.0613156
0.0618347
0.0608807
0.0604899
0.0456233
0.0546007
0.0533821
0.0462869
0.0485889
0.0489932
0.0497364
0.0556048
0.0478679
0.0432435
0.0446125
0.0483582
0.0535058
0.0601966
0.0558004
0.0560935
0.0536437
0.0626814
0.0448612
0.0423681
0.0375223
0.0603104
0.0577544
0.0571385
0.0460536
0.0511411
0.0515666
0.0503556
0.0562939
0.040211
0.0653551
0.0568522
0.0456661
0.0538049
0.0458686
0.0607273
0.0507007
0.0512121
0.0483108
0.0622111
0.0474711
0.0472205
0.040943
0.0642914
0.0398965
0.0437876
0.0561064
0.0440591
0.0507228
0.0472618
0.0373015
0.0545704
0.0502953
0.0429419
0.072326
0.0522577
0.0725323
0.0386847
0.0548401
0.0410718
0.051498
0.0580073
0.0648865
0.0650856
0.0716034
0.055428
0.0624697
0.0444702
0.0432361
0.0530383
0.0409385
0.0635946
0.0522146
0.0642088
0.0564478
0.0562058
0.0460416
0.0389018
0.0589083
0.0522289
0.0732514
0.0569082
0.0525331
0.0499164
0.0486027
0.0444227
0.0466375
0.0532596
0.0451324
0.0659773
0.0402603
0.0518783
0.0418052
0.0504262
0.0602451
0.059508
0.0580723
0.0634322
0.0385386
0.039491
0.0548103
0.0473272
0.0433546
0.0507836
0.0536698
0.0445898
0.0624518
0.0460804
0.05
0.05
0.05
0.05
0.05
0.05
0.05
0.05
0.05
0.05
0.05
0.05
0.05
0.05
0.05
0.05
0.05
0.05
0.05
0.05
0.05
0.05
0.05
0.05
0.05
0.05
0.05
0.05
0.05
0.05
0.05
0.05
777777