1.69009
999999
0.011988
-0.0522065
0.0339102
-0.216332
-0.189782
0.124391
-0.176213
-0.25623
-0.0742952
0.495399
-0.0896546
-0.0740929
-0.130481
0.0624601
-0.174343
0.0330029
0.256582
0.1243
-0.118263
0.0640495
0.166584
0.232493
0.0646719
0.0163108
-0.201126
0.0356906
-0.0981725
-0.00337363
-0.187794
0.148767
-0.131068
0.0234636
0.13885
-0.0383652
0.0911491
0.00891583
-0.0030803
-0.0599048
-0.233735
0.0441241
0.0455541
-0.00623742
-0.0194762
0.0770988
0.0645201
0.0532152
-0.0238281
0.0301562
-0.0299838
0.158943
0.142094
-0.248072
0.0638832
0.068849
-0.153087
-0.0436684
0.037002
0.066664
0.0626699
-0.0320267
0.138812
-0.0603745
0.000513437
0.138306
0.0489612
0.151291
-0.113794
0.145776
-0.131121
-0.0191664
0.0932058
-0.10484
0.0425386
-0.0983649
-0.150669
0.145763
-0.133122
-0.101274
-0.0604592
0.097784
0.0185376
0.0714414
-0.0513492
-0.0354299
-0.133502
-0.0897276
-0.237951
-0.102859
0.140368
0.237733
0.173546
0.00094141
-0.156956
-0.0298207
0.0370117
-0.15076
-0.110843
-0.0287098
0.0593865
0.0558616
-0.198563
-0.0305497
-0.149422
-0.0605537
0.0375997
-0.055721
-0.140328
-0.0995736
0.0335522
-0.02804
0.160382
0.247995
-0.0764339
0.232693
-0.0637589
-0.0650589
0.0341808
0.0306149
-0.0173426
0.100654
-0.173825
0.15911
0.110701
-0.0301054
-0.165606
-0.12193
-0.155511
-0.032092
0.141282
0.115213
0.0923686
-0.285573
0.145805
-0.0823523
0.041548
0.0126751
-0.134958
-0.0573408
-0.158311
0.176018
-0.166149
-0.103775
0.00394285
0.186847
-0.0539021
0.0817953
0.0699891
0.161761
0.0827004
-0.0830839
0.062815
-0.0814062
-0.104792
0.0941926
-0.0718663
0.134526
-0.13754
0.146982
0.141424
0.131196
-0.0374845
0.220554
0.109383
-0.071059
-0.0530926
0.0193362
0.188828
-0.236566
0.287558
-0.263218
-0.0765067
-0.193178
0.131172
-0.172933
-0.231457
-0.126923
0.0991582
-0.0828118
-0.0546349
0.102856
-0.0479391
0.0477236
0.0932204
-0.156939
-0.111177
0.144521
-0.0764893
0.180497
-0.170457
-0.0709993
-0.0300455
0.176903
0.157424
-0.0950967
-0.0592408
-0.129009
0.156981
0.258031
0.168918
-0.124051
0.171959
0.0922279
0.232776
0.0665747
-0.0227245
-0.0122993
-0.198059
0.0491904
-0.167167
-0.177905
0.0476474
-0.120054
-0.101584
0.103967
-0.0651638
-0.146584
-0.172186
0.159369
0.00556776
-0.0781372
0.0189874
-0.128111
0.0991964
0.0549356
-0.106693
-0.212578
-0.125384
-0.127522
-0.199843
-0.141277
-0.0849676
-0.102647
-0.22832
-0.034436
-0.210087
0.127447
0.237912
0.0848228
-0.11433
-0.0407903
0.132531
0.141492
-0.0333821
0.0801119
-0.148317
0.172067
-0.00694114
0.0418607
0.0408652
0.0612644
-0.118418
-0.0312998
-0.026712
0.207591
0.1918
0.152543
-0.0583008
-0.120347
-0.205912
-0.126587
-0.113662
0.172939
-0.143148
-0.167216
-0.0663447
-0.0400936
0.0341889
-0.213596
0.0180657
-0.00572685
0.0513756
-0.0971228
-0.117619
-0.112677
0.195501
-0.153891
0.0581748
0.0552877
0.0775306
0.139126
-0.0558703
-0.226899
-0.116742
0.118117
0.226955
0.0872506
-0.240873
-0.0501094
-0.00153569
0.080436
-0.0410968
-0.242783
-0.0820317
0.158516
0.130018
0.0324969
0.0168589
-0.172896
-0.0608301
-0.02966
0.163131
0.204912
0.0749576
-0.0306219
-0.092714
0.190296
0.174349
-0.00963212
-0.145401
-0.0533357
-0.0205128
0.0187197
-0.00891054
0.159772
-0.0823793
-0.125314
-0.0193498
0.137448
-0.109957
0.106727
0.0454113
0.0440068
0.121391
0.164629
-0.039085
-0.111025
-0.0469782
0.116475
0.0639862
-0.0014708
-0.218434
-0.00524899
0.0144813
0.0794942
0.238873
0.0020579
-0.0668397
-0.0938357
-0.0715129
-0.186529
0.145902
-0.0934423
-0.238956
0.0291007
-0.200715
-0.204209
-0.150347
0.123349
0.0305739
0.195172
0.0417957
-0.0990738
0.0580184
-0.12461
0.0624673
0.177946
-0.14214
0.227829
0.00607348
0.228735
-0.21801
-0.0229184
-0.0155205
0.143622
-0.0210842
0.0931129
0.0312738
0.189668
-0.0620172
0.205434
-0.0730124
-0.147779
-0.070817
0.197911
-0.140456
0.0641318
-0.212496
0.140054
-0.200475
-0.140489
-0.222939
0.00636125
0.197237
0.152301
0.149277
0.0520325
0.0743937
0.113215
0.144002
0.00189546
0.168227
0.0703432
-0.0621424
-0.213396
-0.151904
-0.219722
0.170316
0.0925979
0.290837
0.185386
0.0594313
0.0952954
-0.0139812
-0.160853
0.00649576
0.170606
0.071961
0.081107
0.0216557
-0.0606499
-0.147242
-0.0156785
-0.0453491
-0.139811
0.0886422
0.0961049
0.171551
0.197839
0.131876
0.0704756
0.126997
-0.11628
-0.170646
0.00379088
0.0448263
0.109518
-0.0882309
-0.115153
-0.111756
-0.085306
0.0436866
0.0158336
0.0484624
0.157255
0.00112416
0.136578
0.189372
0.109146
-0.136188
-0.0860891
0.183555
-0.0330508
0.181405
0.168977
0.0878334
-0.190303
-0.107403
0.118956
-0.209116
-0.0162992
-0.150021
0.196905
0.0515153
0.147807
-0.0807988
0.0343496
0.124133
-0.0783454
-0.0436221
0.0854669
-0.078432
-0.0885927
-0.22495
-0.0283741
-0.086613
-0.0957357
-0.0202509
0.0493874
-0.0370769
-0.144516
-0.0597469
-0.145021
-0.164892
0.057315
0.186738
-0.124237
0.0224161
-0.0284788
0.0565793
-0.137139
0.0603487
0.0839654
0.111295
-0.0300967
0.0841578
-0.107798
0.0298087
0.179291
0.174473
0.101556
-0.0200518
-0.00121074
0.00342775
-0.185738
0.0900773
0.0525033
0.0656477
0.202248
-0.109538
0.147133
-0.188228
0.0910818
-0.0620568
-0.0538564
-0.0205617
0.140377
0.12713
0.195553
0.149318
0.151041
0.100968
-0.137336
0.168935
0.200395
-0.185002
-0.0919006
-0.128863
-0.141661
-0.115377
0.0326751
0.3059
-0.134852
-0.106151
-0.151953
-0.232877
-0.120726
-0.174855
-0.0518302
0.00872476
0.108975
-0.219556
0.0683124
-0.16708
0.081228
-0.0571671
-0.0759861
-0.221759
-0.0962138
0.0978612
0.0215869
-0.0699727
0.130294
-0.0480404
-0.0584213
0.201777
-0.00473514
-0.0894882
-0.0127569
0.0242525
0.107454
0.063066
-0.0403382
0.0553704
-0.124008
-0.0845437
-0.123843
-0.00803423
-0.328407
-0.0339652
-0.143681
-0.00876289
-0.0756727
-0.198084
-0.0690336
-0.0684064
0.0218929
-0.177542
0.000890009
0.072126
-0.130235
0.0486098
-0.0844653
0.00527187
0.0770349
0.107631
-0.0986735
-0.139592
0.247166
0.1274
0.0160538
-0.00702128
0.105558
0.120927
-0.0330603
-0.145041
0.164608
-0.143987
0.199793
-0.146621
0.0351977
-0.0699073
0.162857
-0.138995
0.081788
0.0526223
0.013252
0.107955
0.0374965
0.0965739
-0.210738
-0.0599247
-0.000860447
-0.0795466
0.11707
0.127586
0.0939999
-0.107135
0.0649279
-0.0298524
-0.0765821
0.187017
-0.200368
-0.0533286
0.0476935
-0.00743074
0.216638
-0.194098
0.136871
0.217073
-0.02483
-0.0639238
0.148571
-0.0559896
-0.0737471
-0.113947
-0.122526
0.0855287
0.150835
-0.0435917
-0.0628306
-0.143895
0.204601
0.205253
-0.00375946
0.00538066
-0.187424
-0.140252
-0.0257179
-0.158019
-0.065033
-0.190801
-0.177628
0.190102
0.0266541
0.164168
0.0302715
0.136535
-0.193343
0.0555585
0.20499
0.206923
-0.261339
0.0446835
-0.00271399
-0.193505
0.0712673
-0.131691
-0.0432344
0.0913401
0.0599479
0.0597717
-0.106156
-0.17154
-0.0373617
-0.181163
-0.132538
-0.0724881
0.201129
0.0853819
-0.107035
0.10863
0.0441606
-0.19523
-0.0335038
0.191193
0.00986195
0.10997
0.234163
-0.0185581
-0.144908
0.113517
0.2588
0.0776658
0.0529149
0.0328245
0.133575
-0.00592818
-0.145484
-0.0170776
-0.0386821
-0.121561
0.00218494
0.00467973
0.032215
-0.0858449
-0.0637011
-0.05464
-0.10465
-0.0857336
-0.0149103
-0.0203334
0.0551466
-0.0130483
-0.216436
0.125751
0.126059
-0.160344
0.0388637
0.0544765
-0.0552172
0.109991
0.0610636
0.190652
0.263392
-0.20824
0.0742053
-0.0459522
-0.130294
0.198918
0.150297
-0.194903
-0.0903416
-0.100916
0.16898
-0.165669
0.158506
-0.0781151
-0.0740712
0.153067
-0.0900426
0.137754
0.158018
-0.0889327
-0.0980146
0.112575
-0.0180097
-0.00512549
0.217812
0.0197857
0.0842113
-0.296242
-0.0484312
0.0827945
-0.110353
-0.205832
-0.16508
0.0487199
-0.229561
0.0992886
-0.215889
-0.0171453
-0.154624
-0.145843
-0.0159677
0.0962637
0.0223931
-0.136183
0.108391
-0.0227774
-0.0808454
-0.128284
0.0381028
0.0530893
0.123419
-0.0259834
0.0257685
-0.123952
0.0111374
0.11817
-0.137386
0.0908518
-0.147608
0.0842591
-0.235872
0.0226221
-0.16816
-0.0467448
0.0456515
0.168064
0.142489
0.162788
0.183635
-0.0725914
-0.128023
0.179248
0.074627
-0.0576236
0.306329
-0.109052
0.00309719
0.190343
-0.0665791
0.0130225
0.211456
0.153742
0.0751043
-0.100931
-0.038617
0.215373
0.186233
0.0343068
0.126816
-0.0236163
0.1429
-0.033777
-0.103043
0.14839
0.119854
-0.152151
-0.0334672
0.110209
-0.110201
-0.243209
-0.131754
-0.0594841
-0.17475
0.0555952
0.0224601
-0.0712028
-0.0162239
0.19343
0.150237
0.252128
-0.190808
-0.17628
-0.138642
0.0286431
-0.0276472
-0.121623
0.22233
-0.262911
0.0782366
0.144816
0.116139
0.0743997
-0.149585
0.146977
-0.0954207
-0.0515285
-0.127266
0.145423
0.158064
-0.190564
0.045229
-0.139773
0.11483
-0.0618137
0.187184
0.0176369
0.217144
-0.192166
-0.0404801
0.124678
-0.00465197
0.114191
-0.00784141
-0.0831846
-0.0808154
-0.131149
0.0716646
-0.0167926
-0.173205
-0.240379
-0.112396
-0.0809652
0.0779901
0.172009
0.168643
-0.215308
-0.199941
-0.121802
0.115708
-0.159085
-0.0393881
-0.0599837
0.0405895
0.0901147
-0.0753855
-0.102268
0.22071
0.179339
-0.0768322
0.0275561
-0.00468086
-0.0565158
0.0989278
-0.107889
0.145816
-0.0711524
-0.153165
-0.0468548
0.0453952
0.1325
0.0368929
0.142427
0.0377131
0.159562
0.123406
-0.0835241
0.128067
-0.0319547
-0.204346
0.179909
-0.134619
0.137416
0.054556
0.0761839
-0.0697361
-0.0397069
-0.0818782
-0.139148
0.0152873
0.102145
-0.157869
0.121605
-0.0423316
0.110751
-0.200566
0.212096
-0.210315
0.0566827
-0.142413
0.0692909
-0.0891369
0.0827452
0.0337442
0.146773
-0.00447886
0.0688563
0.163589
0.136597
-0.0210301
0.130073
-0.260145
0.0527622
-0.0235143
0.149465
0.0438269
0.134816
0.201627
-0.0736273
-0.137177
0.0407112
-0.145087
0.135762
-0.0929887
-0.139051
0.0124562
-0.0261276
0.0480662
0.01358
-0.0266308
-0.103803
-0.0519353
-0.0285962
0.166949
-0.0026257
0.177653
-0.0641546
0.0394196
-0.0363892
-0.053074
0.210164
-0.0365993
-0.0246721
-0.119905
-0.115148
-0.0524468
-0.251487
0.184006
-0.0131932
0.0141176
-0.0509755
-0.18897
-0.12889
-0.0947852
-0.147079
-0.252495
0.179514
0.142907
-0.10939
0.00532202
0.0979237
-0.140847
-0.221221
0.220759
0.11594
-0.0864595
0.10698
-0.0621371
-0.140258
-0.00888445
-0.220428
-0.170017
-0.217451
-0.238943
-0.030271
-0.133158
-0.233238
-0.0151894
-0.167088
0.133729
0.0864477
-0.277375
-0.14156
-0.0510593
0.0203521
0.126973
-0.0817565
0.174722
0.0544073
0.0563997
-0.0294403
-0.185454
-0.0710548
-0.0516458
-0.219144
0.160692
-0.00887334
0.184192
0.235266
0.0264589
-0.0055967
0.00355396
0.106435
-0.0915741
0.204428
-0.244623
0.0596047
-0.257034
0.113752
0.139494
-0.0303432
0.0727782
-0.130489
0.0905044
0.158338
0.00141672
0.152834
0.235795
-0.162508
0.0529161
-0.156364
0.0116266
-0.111612
-0.117257
0.0799681
0.155004
-0.189069
0.104035
0.157863
0.168897
-0.123317
-0.0820424
-0.175783
0.152249
0.109111
0.0496956
0.216836
0.134885
-0.226512
-0.206221
0.211026
0.132261
-0.000225775
0.0741948
0.187116
0.137545
-0.059861
0.106901
0.0488145
-0.143172
0.186593
0.102884
-0.119794
-0.148732
-0.158252
-0.0689313
0.225221
-0.228584
0.0609146
-0.0627449
0.190793
0.166608
0.0660415
-0.129109
-0.160748
-0.0365126
-0.0260238
0.114707
0.140474
-0.0903039
0.176834
0.189508
0.0859644
0.180452
-0.170574
-0.0862606
0.0988958
0.135065
-0.0960554
-0.0540483
0.11211
0.105993
-0.149627
0.0858013
-0.195317
-0.0479149
-0.114388
0.0122613
0.0900589
0.102689
-0.212104
-0.171779
-0.0677835
0.18127
-0.0944016
0.0624729
0.194527
-0.108379
-0.00648612
0.0674057
0.081022
0.0938778
-0.094479
-0.217223
0.154257
0.012017
0.0160037
0.0287621
0.146379
0.0304959
0.0306665
-0.140272
-0.0592684
-0.03207
0.0121598
0.108741
-0.0924704
-0.0836485
0.187226
0.166487
-0.0196153
-0.145213
-0.0421263
-0.0825278
0.13473
0.0999038
0.00845836
-0.0418084
0.0107298
0.108709
-0.0298499
0.078339
0.0572461
0.0253331
0.151129
0.0841302
0.182717
-0.0669328
0.0954268
0.255377
-0.149527
-0.0782468
0.0835633
0.0768911
0.162399
0.153055
-0.185959
0.108327
0.189117
-0.134715
0.0985277
-0.168336
-0.161466
-0.112485
0.094651
0.000272397
-0.250644
0.0850476
-0.136563
0.0568594
-0.154681
-0.164956
-0.161211
0.00184064
-0.213766
-0.182684
0.258639
-0.126722
0.137909
0.116231
-0.0393975
0.182706
0.11482
0.11096
0.041892
0.0949289
0.142491
0.0306855
0.15378
-0.0146764
0.0442149
0.254756
0.154264
0.0222967
0.00168344
0.0462313
0.190594
-0.115131
0.118991
0.20666
-0.140439
0.0696706
0.0719177
-0.0429809
-0.109206
-0.208608
-0.200707
0.130866
0.0946596
-0.0598182
-0.0506476
0.0319541
-0.137682
-0.00501722
0.199719
-0.00251841
-0.00206684
-0.147283
0.134718
-0.00624235
-0.105408
0.167931
-0.219473
0.240647
0.16116
-0.101508
-0.112473
0.0438062
-0.18086
-0.145367
0.128665
-0.0661214
0.20159
0.204109
0.162795
-0.0658038
-0.199746
-0.246331
-0.0634204
0.0629983
0.0682266
0.0899965
0.00892859
0.0323205
-0.154262
0.0312502
-0.0485348
0.0274792
0.137573
0.141615
0.0266257
0.106866
0.0803886
0.111289
0.26622
0.0548924
0.115429
-0.233048
-0.158024
-0.00712653
-0.129218
0.164229
-0.10024
-0.135921
-0.0992297
0.0102616
0.0379588
0.107692
-0.111003
-0.126914
-0.139624
0.126326
-0.07361
-0.211448
0.230714
-0.0783601
0.104651
0.117837
-0.108298
-0.0597408
0.212655
0.0125069
-0.324342
-0.0679384
-0.153426
-0.0303787
-0.11245
-0.0182145
-0.165183
-0.0939643
0.0684696
0.0858604
0.0341264
0.0528588
-0.00740404
0.148162
-0.1311
-0.0478603
-0.024327
0.236727
-0.146046
0.0044976
-0.210205
0.0566142
-0.20524
-0.239674
0.0775123
0.0808335
0.0962928
-0.0430935
-0.185021
0.0259845
-0.104462
-0.0118379
-0.102128
-0.135993
-0.111076
0.192628
-0.0980847
-0.0541836
-0.171241
-0.108307
-0.0446201
0.0871274
-0.0903994
-0.139147
-0.0558422
0.138246
0.0255131
0.0685024
-0.210401
0.227917
-0.0872978
0.0494963
-0.0790719
0.170025
-0.132882
0.0907064
0.0738579
0.0432636
0.0650994
-0.0437722
0.0265906
-0.173707
0.121071
-0.119925
-0.192353
-0.144941
-0.154523
-0.0396729
-0.140975
0.176672
0.303877
0.0246244
0.141134
0.0902229
0.0711113
0.0261616
-0.0278942
-0.112886
0.0770475
-0.142323
0.123997
-0.020559
0.187043
0.125291
-0.153608
0.125643
-0.067587
0.141116
-0.0690797
-0.21834
0.0780782
0.1453
-0.0590473
0.0872472
-0.108036
0.0633617
-0.0115118
-0.228009
0.0206197
-0.0385424
-0.161825
0.146929
0.0619572
-0.160423
0.0379334
-0.00592697
-0.164768
-0.0878379
-0.0741131
-0.0755473
0.0046953
-0.0608356
-0.0641141
-0.0142658
0.129317
-0.0170909
-0.0836377
0.115453
-0.110109
-0.115703
-0.0149117
-0.142441
0.19968
0.202077
0.00602795
-0.0220975
0.0969782
0.181457
0.00955294
-0.171434
-0.130181
0.166914
0.0155777
-0.0344071
-0.204481
-0.151995
0.10756
-0.135522
-0.149627
-0.0898719
0.144047
-0.0231281
-0.0318463
0.056539
-0.219763
0.058125
0.229735
0.0626621
-0.184345
-0.220087
-0.142805
0.185661
0.0713229
0.172295
0.20243
0.122499
0.164807
-0.152263
-0.108162
-0.257189
-0.11938
0.159528
0.120068
-0.145152
-0.0260414
-0.0223204
-0.115736
0.0510047
0.129038
0.105702
-0.14751
-0.103866
-0.157009
-0.0961432
0.0798118
0.186678
0.0407213
0.153576
-0.178721
0.0731376
0.162848
0.15707
-0.0354053
0.139846
0.146206
-0.198662
-0.135975
0.140099
-0.158615
0.0554038
-0.0820853
-0.0236622
-0.0684134
-0.0110582
0.142606
-0.154706
0.00504329
0.151574
0.0723119
-0.134711
-0.145585
0.160552
0.106014
-0.106123
-0.0165392
0.00302719
0.116228
0.121482
0.210464
0.159287
0.0203856
-0.1115
-0.160398
-0.0296631
0.18229
-0.0761242
0.119634
-0.0756321
-0.00442318
0.0612462
-0.0916685
-0.131995
0.0439728
0.106235
0.0194892
-0.243504
-0.00216278
0.164551
-0.272276
0.126053
0.1124
0.11125
-0.228133
-0.216132
0.0381067
-0.171185
0.0415054
-0.134393
0.172524
-0.0888326
0.0184816
-0.0700991
0.074239
0.140109
-0.132606
-0.163086
-0.0403613
-0.0996708
-0.153712
0.115936
0.0672965
-0.183064
-0.0686794
0.0627357
-0.0647439
0.231128
-0.29776
0.103608
-0.186522
-0.128942
0.0471883
0.170239
-0.020256
0.0732898
0.111958
0.0550858
0.0824684
-0.052581
-0.183
0.138434
-0.0301779
0.204898
0.0307718
-0.00899954
-0.0607486
0.101328
0.112065
0.253556
-0.100932
-0.0223225
-0.0829925
0.0253827
0.00711122
-0.192764
0.142824
0.0085573
0.0399102
-0.0534473
0.00340443
-0.0973826
0.0190465
0.0151251
0.0945003
-0.168861
-0.110614
0.0802326
-0.0873232
0.167141
-0.164641
0.150311
0.11274
-0.259332
-0.00969042
-0.000377037
0.0967572
-0.07679
-0.118784
-0.110012
0.157753
-0.0755947
0.103193
0.144213
0.182551
0.105734
-0.0586295
-0.129262
-0.107361
-0.122301
-0.0540909
-0.0068061
0.119813
0.299433
-0.260867
-0.0125229
-0.185224
-0.190614
-0.105064
-0.140377
0.153521
-0.0968778
-0.179386
0.170802
-0.0616744
-0.133418
-0.0726984
-0.037502
-0.083327
0.105641
-0.123284
-0.0176023
-0.297897
0.151799
0.190683
-0.094447
-0.0803341
-0.0500086
0.239387
0.146821
0.210282
-0.174772
-0.032975
-0.0312615
-0.0161338
-0.110432
0.104067
-0.18671
0.0609103
0.0680665
-0.0057545
0.0697811
0.19864
-0.116153
-0.108463
-0.102341
0.129415
-0.00704104
0.0125013
0.03451
0.137313
-0.246582
0.177269
0.049329
0.0638504
-0.139446
0.212758
-0.0686859
0.0397794
-0.214342
0.0568864
-0.244975
-0.0696137
-0.0728272
-0.065565
0.0263523
0.0861873
-0.081722
0.178803
-0.0382697
0.0487125
-0.0956008
-0.0230505
-0.187468
0.0292679
0.134501
0.296626
-0.146855
888888
0.0239408
-0.0293691
-0.0460611
-0.113726
-0.161149
-0.155601
-0.0802431
0.0971057
-0.013338
0.172333
0.0471608
-0.113591
-0.0536418
0.0119892
-0.14163
-0.0362935
0.185346
-0.181242
0.165789
0.00296439
0.00108682
0.131203
-0.0928556
0.182541
-0.0810444
-0.026482
0.177402
0.0233204
0.117596
-0.11936
0.162701
0.177377
0.0516231
0.0507283
0.0489754
0.0595647
0.0515161
0.0576916
0.0481457
0.0468292
0.0650922
0.0506223
0.0487742
0.0494305
0.0501568
0.0447448
0.051603
0.0481538
0.0490652
0.0456699
0.0452721
0.0450308
0.0506328
0.0540362
0.0513991
0.0529611
0.054896
0.0528088
0.0464638
0.05359
0.0396144
0.0533114
0.0436396
0.0541257
0.052245
0.0445632
0.0511405
0.0506285
0.0575358
0.0490521
0.0526754
0.0437901
0.0459171
0.0551046
0.0487052
0.0626328
0.0536496
0.0547733
0.0593889
0.0602409
0.0440842
0.0577891
0.0540454
0.0426703
0.0555707
0.0500548
0.0470227
0.0436235
0.0525076
0.044816
0.0486427
0.0508072
0.0625848
0.0556121
0.0466252
0.0580688
0.051093
0.0613439
0.0561664
0.0586269
0.055438
0.0472646
0.0557282
0.0540689
0.0658534
0.0434456
0.0535695
0.0452525
0.0476991
0.0479084
0.0488217
0.0672298
0.0482093
0.045452
0.0438855
0.0430401
0.0449453
0.0388463
0.0515506
0.0511048
0.0548141
0.046215
0.0440266
0.0465436
0.0600817
0.0515809
0.0584844
0.0471608
0.0377754
0.053639
0.0555236
0.0501745
0.0414514
0.0583621
0.0512539
0.0466304
0.0397176
0.0493765
0.0522397
0.0490016
0.0459928
0.0520791
0.056984
0.0489958
0.05188
0.0539921
0.0375207
0.0457241
0.0580196
0.0506903
0.057785
0.0570237
0.0414865
0.0494517
0.0424787
0.0522345
0.0724429
0.0460066
0.0474514
0.053676
0.0595873
0.0462995
0.0542324
0.0524212
0.0526859
0.0475914
0.0503886
0.0493361
0.0549842
0.0625421
0.0536297
0.0429005
0.0571145
0.0476523
0.0508301
0.0515608
0.056776
0.0524729
0.0470122
0.0496104
0.0492036
0.0535049
0.0653014
0.052968
0.0454698
0.0542447
0.0464897
0.0516235
0.0641377
0.0566007
0.0563745
0.0544191
0.0463844
0.0616456
0.0466908
0.0549871
0.0363152
0.054161
0.0503032
0.0410929
0.0515906
0.0443602
0.0448296
0.0494106
0.0438628
0.0406689
0.0520243
0.0553521
0.0616461
0.0409555
0.0464732
0.0518791
0.0560568
0.0481884
0.0506988
0.0499699
0.0454242
0.0480634
0.0505555
0.0484367
0.0513508
0.047113
0.049037
0.0562075
0.044398
0.0534341
0.0532795
0.0474667
0.0576775
0.0526864
0.0464717
0.0619275
0.0444951
0.0462317
0.0504759
0.0575572
0.0420191
0.0529781
0.0537211
0.0455834
0.0464484
0.0497214
0.055297
0.0587976
0.0456726
0.0487014
0.0442027
0.0594855
0.0521067
0.0496744
0.0537813
0.0545679
0.0545677
0.0535802
0.0436921
0.0591854
0.0532376
0.0504454
0.0429358
0.0558301
0.0568344
0.0432283
0.0591386
0.0531591
0.0461686
0.050885
0.0495328
0.0472372
0.0550934
0.042983
0.0580192
0.0436479
0.0588735
0.0510063
0.0465113
0.0495043
0.0489427
0.0433354
0.0508952
0.0496068
0.0386503
0.0429079
0.0490145
0.0510819
0.0509489
0.0621477
0.0598756
0.0525715
0.0528556
0.049917
0.055369
0.0518758
0.0445208
0.0414795
0.0575012
0.0500787
0.0460882
0.0503431
0.0478512
0.0556898
0.04788
0.0496301
0.0490863
0.053068
0.0429388
0.051072
0.0560904
0.0444
0.0559755
0.0463651
0.0513673
0.0531849
0.0507132
0.0424274
0.0548378
0.0528712
0.051871
0.0440872
0.0597238
0.0516919
0.0437307
0.0482175
0.0480861
0.0590129
0.0476892
0.04491
0.0446282
0.0545671
0.048409
0.0548937
0.0429793
0.0437697
0.0520879
0.0478309
0.0488292
0.0487347
0.0477258
0.0586008
0.051331
0.0596146
0.052717
0.0441648
0.0517311
0.0566786
0.0560131
0.0476495
0.0392019
0.0481713
0.0431181
0.0389571
0.0617466
0.044244
0.049908
0.0521333
0.0508902
0.0574643
0.0428988
0.0451658
0.0481586
0.0501356
0.0500603
0.0478497
0.0548161
0.0483957
0.0562546
0.0544361
0.0517458
0.0531345
0.048749
0.0470965
0.046675
0.0547514
0.0476366
0.0441403
0.0477902
0.0487414
0.0463815
0.0577569
0.0465143
0.0481861
0.0483387
0.0505175
0.043478
0.0473522
0.0577907
0.0424932
0.0535193
0.0436076
0.0459242
0.0503755
0.0473948
0.0521674
0.0557552
0.0522392
0.048092
0.0491319
0.0582417
0.0457208
0.0493083
0.0531154
0.0482581
0.0458615
0.0638661
0.0436568
0.0490858
0.0460107
0.0548611
0.0562275
0.0392201
0.0459743
0.0554939
0.0689152
0.0522912
0.0645285
0.0535553
0.0426501
0.0440588
0.0472475
0.049766
0.0532952
0.0535291
0.0483891
0.0602348
0.0481813
0.0579373
0.0537578
0.0485822
0.0433784
0.0505707
0.0472902
0.042172
0.0471364
0.049264
0.0425103
0.0559711
0.0511956
0.0524302
0.0460273
0.0508735
0.0629159
0.0531773
0.053865
0.0516977
0.0504287
0.0519294
0.0508811
0.0556098
0.0507224
0.0532658
0.0523029
0.0425969
0.0599393
0.0506115
0.0525194
0.048677
0.0500749
0.0425453
0.043306
0.0534707
0.0540801
0.0489848
0.0554132
0.048452
0.0539795
0.0495662
0.0489598
0.0544226
0.0476484
0.055427
0.0547308
0.0517007
0.0492693
0.0479274
0.0529101
0.0373194
0.0487758
0.056021
0.0529731
0.0541875
0.0478261
0.0551254
0.0543075
0.0476633
0.0465358
0.0548712
0.0511921
0.0512954
0.0516761
0.0402538
0.0331788
0.0589718
0.0483514
0.0461056
0.0411297
0.0460538
0.0521483
0.0579399
0.0437268
0.051429
0.0499775
0.0514053
0.0564425
0.0475882
0.0462984
0.0503391
0.0576614
0.0476509
0.0494755
0.0577031
0.0500601
0.0479281
0.0528944
0.0518311
0.0468697
0.0671733
0.0541301
0.0492368
0.0519478
0.0520585
0.0577448
0.0530075
0.0480796
0.0578496
0.0476134
0.0457533
0.0430826
0.0461011
0.0533247
0.0460323
0.0503247
0.0549382
0.048036
0.0515994
0.056182
0.049475
0.0432238
0.0446026
0.0528386
0.0666879
0.0462604
0.046932
0.0523945
0.043585
0.0474122
0.052139
0.0495122
0.0528049
0.048849
0.0463942
0.0559163
0.0583372
0.0423342
0.0527804
0.0507998
0.0534944
0.0494489
0.0503603
0.051146
0.0486616
0.0503886
0.0481167
0.0468684
0.0536883
0.053974
0.0446897
0.0472289
0.0500274
0.0608258
0.0502238
0.0571129
0.0568506
0.0479698
0.0616865
0.0600986
0.0509454
0.0468892
0.0471273
0.0657931
0.0497276
0.0526315
0.0498613
0.0626129
0.0511976
0.0617396
0.045551
0.0433511
0.0517175
0.0448097
0.0511376
0.0551091
0.0536927
0.0518642
0.0451895
0.0465734
0.0536674
0.0580461
0.0486851
0.0499743
0.0506714
0.0564925
0.063131
0.0437542
0.055358
0.0526303
0.051804
0.0560205
0.0605299
0.0512523
0.0438961
0.0520734
0.0541542
0.0481793
0.0494678
0.0518665
0.0465999
0.0480454
0.04659
0.0538899
0.050339
0.0403193
0.0521741
0.0569892
0.0537057
0.0601368
0.0517208
0.0481989
0.0442826
0.0438898
0.0493687
0.0526333
0.0598306
0.0461809
0.0544029
0.0497933
0.0571553
0.0516911
0.0540689
0.0510982
0.0570139
0.0489215
0.0447964
0.0553223
0.0565496
0.0434005
0.0497602
0.0475876
0.048005
0.0460081
0.0469592
0.0642775
0.0543036
0.0548034
0.0468691
0.0440296
0.0516666
0.0503143
0.0477587
0.0497044
0.0440108
0.0546294
0.0504024
0.0496525
0.0554947
0.0493253
0.0585344
0.0562969
0.0534071
0.0461743
0.0516306
0.0486428
0.0521245
0.0575709
0.0475513
0.0466028
0.0498204
0.0540695
0.044499
0.063396
0.0501315
0.0455278
0.0494436
0.0596878
0.048458
0.0440377
0.0503914
0.0527286
0.0466185
0.0447656
0.0677606
0.0566473
0.0584957
0.0462763
0.0521552
0.0486395
0.0497063
0.0511283
0.050808
0.0629307
0.0454284
0.0425084
0.0464702
0.053687
0.0487316
0.0568405
0.0506044
0.0566108
0.0489703
0.0590537
0.0574923
0.0580606
0.048098
0.0450007
0.0418639
0.0494319
0.0472787
0.0511601
0.0430324
0.050576
0.0485333
0.0388044
0.0443336
0.0529339
0.0494223
0.0600139
0.0475999
0.046324
0.0550468
0.056813
0.0439605
0.0531474
0.0464413
0.0502507
0.0487808
0.0559559
0.0522064
0.0458982
0.053525
0.0428419
0.0411898
0.0661397
0.0481318
0.056212
0.0557345
0.044059
0.0591142
0.0477372
0.0530628
0.0508619
0.0549692
0.0559469
0.0492232
0.0686923
0.0534703
0.049327
0.0522334
0.0489008
0.0526391
0.0423786
0.0465262
0.0611532
0.0537966
0.0448889
0.0424296
0.0467149
0.0470561
0.0487573
0.0398692
0.0401348
0.0570128
0.0496963
0.0509868
0.0551125
0.0433737
0.058629
0.0483462
0.057168
0.0472025
0.0482433
0.0536039
0.0581589
0.0469547
0.0478763
0.0544836
0.0422079
0.0687892
0.0515796
0.041641
0.0501602
0.0465637
0.0545393
0.0444032
0.045132
0.048335
0.0473039
0.0402821
0.060882
0.0482709
0.05098
0.0459224
0.0457644
0.0543819
0.0468668
0.0501404
0.0413037
0.0520885
0.0659191
0.0523188
0.0512856
0.0503082
0.0552967
0.0663301
0.0545867
0.0549695
0.0465552
0.048886
0.0532167
0.04734
0.0568641
0.0441263
0.048414
0.0516875
0.0520611
0.0523153
0.046562
0.0631584
0.0518248
0.0439234
0.053983
0.0529293
0.0498572
0.0666754
0.0540142
0.0635046
0.049412
0.0497912
0.0427889
0.0453375
0.0466802
0.0421534
0.0518975
0.0524167
0.0551524
0.0495069
0.0580579
0.0610836
0.0539641
0.0496186
0.0511581
0.056638
0.0448879
0.04929
0.0494367
0.0465418
0.0502188
0.0590447
0.0497082
0.0546532
0.0506538
0.0559788
0.0536972
0.0620912
0.0505592
0.0546619
0.0392716
0.0470375
0.050137
0.056367
0.0377757
0.038743
0.0531017
0.050607
0.0566461
0.0493429
0.046219
0.0579837
0.0433643
0.0435241
0.0472544
0.0512496
0.0550473
0.0484686
0.047553
0.0441996
0.049554
0.050924
0.0477246
0.0451215
0.0572723
0.047707
0.0575034
0.0539594
0.0499934
0.0457894
0.0454357
0.0494088
0.0559314
0.0463687
0.0572125
0.0491291
0.0393
0.0627881
0.0488084
0.0569684
0.0540714
0.0460742
0.0518437
0.0473235
0.041575
0.0471596
0.0487719
0.0581021
0.0509683
0.0463831
0.0453106
0.0527801
0.0581911
0.0512033
0.0507466
0.0445932
0.0582468
0.0512809
0.0428361
0.0589186
0.0484303
0.0526149
0.0513995
0.0549
0.0467368
0.052818
0.0511539
0.0540671
0.0526556
0.0519579
0.0419883
0.0430448
0.0509969
0.0456694
0.0497929
0.0442556
0.0496167
0.0402068
0.0549687
0.062224
0.0607354
0.0502775
0.0479451
0.0519231
0.0469949
0.059092
0.0472586
0.0515844
0.0603618
0.0457243
0.0491634
0.0481886
0.0512679
0.044037
0.045008
0.0494547
0.0440564
0.0587065
0.0547865
0.0426311
0.0480486
0.0497399
0.057266
0.0472537
0.0525886
0.0450571
0.0472674
0.0490733
0.0503014
0.0530457
0.0474209
0.0465903
0.0496102
0.0481824
0.0464341
0.056915
0.0447538
0.0483113
0.0512635
0.0494442
0.0564489
0.0491325
0.043781
0.0518776
0.0529302
0.0465014
0.0545522
0.0474127
0.0480089
0.0470456
0.0498448
0.0574159
0.0487702
0.0464282
0.0584631
0.0548107
0.046528
0.0430037
0.0644579
0.0510254
0.045566
0.0501624
0.0513881
0.0483021
0.0498437
0.0531586
0.0477356
0.0440321
0.0504392
0.0422023
0.0509999
0.0527254
0.0516862
0.0528141
0.0469335
0.0436552
0.0512263
0.0409994
0.0531198
0.0426317
0.05672
0.0432263
0.053059
0.0412356
0.0606559
0.0473089
0.0523423
0.0503877
0.0506317
0.0512082
0.0622882
0.0484464
0.0486384
0.0459285
0.0402452
0.0517007
0.0485846
0.0490587
0.0478004
0.0482595
0.0467393
0.0534787
0.0618727
0.0487341
0.0469298
0.0513595
0.0429798
0.0437823
0.051112
0.0562318
0.0416764
0.0523205
0.0576056
0.0531918
0.054063
0.0428093
0.0395128
0.0609759
0.0437823
0.052446
0.047814
0.0492629
0.0429325
0.0573766
0.0456409
0.0409823
0.0551126
0.0434328
0.0429478
0.0410715
0.0470049
0.0459666
0.0517617
0.0496096
0.0512699
0.05485
0.0540297
0.048097
0.048259
0.0523239
0.0518277
0.0513791
0.0459042
0.0592168
0.0514385
0.0546306
0.0563226
0.0509802
0.0561663
0.0525876
0.0549422
0.0452149
0.0550448
0.0505919
0.0574549
0.0510474
0.0481746
0.0540811
0.0508966
0.0413703
0.0457085
0.0503917
0.0611837
0.0529528
0.0575185
0.0531494
0.0564007
0.0506174
0.051329
0.0539774
0.0499989
0.0525828
0.0609392
0.046041
0.0448193
0.0551433
0.0535804
0.0494543
0.0499878
0.0541067
0.0471434
0.0507479
0.0497673
0.042618
0.050404
0.0435604
0.055695
0.0511765
0.0502674
0.0511437
0.0587824
0.0534913
0.0483111
0.0470757
0.0444937
0.0518733
0.0421512
0.0433403
0.0485004
0.0472568
0.0549051
0.063273
0.0508607
0.0417588
0.0466509
0.0557637
0.0491872
0.0481173
0.0547985
0.0470793
0.0427872
0.0513906
0.0487984
0.0505029
0.0519398
0.0469786
0.0480618
0.0581076
0.0509964
0.0441336
0.0391245
0.0413963
0.0570411
0.0454865
0.0496777
0.0519786
0.0512077
0.0432849
0.0486507
0.0570194
0.0408152
0.0444154
0.0463755
0.0515081
0.0441148
0.0454844
0.0681288
0.0454487
0.0597595
0.0485374
0.0480736
0.0428156
0.0413808
0.0498944
0.0490355
0.0480843
0.0483964
0.0455098
0.0523432
0.0503245
0.0539305
0.0601077
0.0426819
0.0400744
0.058787
0.0522918
0.0467997
0.0389753
0.0660727
0.0475152
0.0493254
0.0452784
0.0355883
0.0492925
0.0512335
0.0526329
0.0492877
0.0505264
0.0502143
0.0530455
0.0503621
0.044317
0.0441473
0.0419312
0.0367074
0.0537586
0.0482529
0.0514475
0.0437014
0.0529367
0.0467378
0.0508968
0.0441933
0.0601864
0.048686
0.0510033
0.0524352
0.0501099
0.0524819
0.0521195
0.0520649
0.0500563
0.05029
0.0516677
0.04758
0.0451235
0.054328
0.0472766
0.0561773
0.0417153
0.0433129
0.0531184
0.045447
0.0499357
0.0504128
0.0465733
0.0488487
0.052864
0.0453651
0.0564423
0.0451093
0.0574811
0.0544426
0.0475885
0.0448493
0.0506454
0.061814
0.0475001
0.0371886
0.0566297
0.0557531
0.0534805
0.0524185
0.0448405
0.0469752
0.0532703
0.050246
0.053008
0.0560461
0.0525836
0.0470997
0.0584139
0.0441735
0.0547524
0.049279
0.0478072
0.0558925
0.0528433
0.0568519
0.0511519
0.0517799
0.0486479
0.0602267
0.0509578
0.0446456
0.051874
0.0466368
0.045493
0.0563754
0.0541184
0.0480853
0.0584116
0.0441874
0.0467454
0.0442375
0.053201
0.0439625
0.0528875
0.048605
0.0517739
0.0553092
0.0444055
0.0493443
0.0493626
0.0547167
0.0461967
0.0487344
0.0665449
0.0529505
0.0434559
0.0510013
0.0442457
0.0471803
0.0522774
0.0384141
0.0430637
0.0482188
0.0451388
0.048826
0.0631131
0.0569655
0.055653
0.0351378
0.0513267
0.0501678
0.0531836
0.0562223
0.0572067
0.043903
0.0417175
0.0476838
0.0502033
0.0548459
0.0606424
0.0596509
0.0505938
0.0419294
0.0479777
0.059208
0.0479109
0.0529166
0.0513151
0.051459
0.0544038
0.0434454
0.060222
0.0545385
0.0492107
0.0456591
0.0522352
0.0500743
0.050728
0.0455994
0.0530958
0.0467237
0.049152
0.0575407
0.0457592
0.0418673
0.0544703
0.0496712
0.0649966
0.0612185
0.0473358
0.0665195
0.0399541
0.047907
0.0372296
0.0527598
0.048381
0.0535357
0.0533964
0.0500622
0.0485277
0.0505738
0.0451867
0.0421927
0.045682
0.0463513
0.0553552
0.0431956
0.0513388
0.0533728
0.0579336
0.0549042
0.0556397
0.0567167
0.0515362
0.0511921
0.0451453
0.0493325
0.0480382
0.0535817
0.0433311
0.054433
0.0535981
0.0438419
0.0452831
0.0451169
0.0463281
0.0453684
0.0565173
0.0562563
0.0632265
0.0568004
0.0433599
0.0538366
0.045831
0.0468281
0.0515718
0.0576905
0.0573182
0.0522074
0.0679956
0.0389707
0.0498183
0.0583618
0.0519613
0.0494734
0.0448055
0.0400552
0.0583761
0.0531184
0.0454415
0.0468018
0.0623173
0.0509105
0.0505575
0.0550814
0.0486527
0.056691
0.0430743
0.0470452
0.0472536
0.0515955
0.0430293
0.0611442
0.0456428
0.0521085
0.0471864
0.0530266
0.0486394
0.0514835
0.0456795
0.0529137
0.0442836
0.0473303
0.0437609
0.05397
0.0513698
0.0547001
0.0507721
0.0449173
0.0551423
0.0445746
0.0533286
0.0500754
0.0493641
0.0515162
0.0456407
0.0582958
0.0433539
0.0479649
0.0432362
0.0548238
0.0554921
0.0563095
0.0528226
0.0529142
0.0415734
0.0532746
0.0433442
0.0456803
0.0525315
0.0531713
0.0511781
0.0499122
0.0482815
0.0538595
0.0433884
0.0432351
0.0564307
0.0499893
0.065395
0.046346
0.044863
0.0534858
0.0442212
0.0606729
0.0464038
0.0580974
0.0549468
0.0429604
0.0491037
0.0478925
0.059576
0.0440507
0.0522348
0.043661
0.0520776
0.0472798
0.0532764
0.0482765
0.0510164
0.0493832
0.0592151
0.0471512
0.0484596
0.0415561
0.0537558
0.051839
0.0546013
0.0465409
0.0449856
0.0437731
0.0480215
0.0640543
0.0478717
0.0484294
0.0428358
0.0467355
0.0445488
0.0604342
0.0534709
0.0422273
0.0415373
0.0482024
0.0563248
0.0486648
0.0476518
0.0448666
0.0608584
0.048722
0.0596001
0.0460405
0.0396228
0.0446813
0.0422995
0.0506371
0.0494727
0.0586983
0.0427233
0.0547951
0.0594327
0.0607422
0.0565621
0.037935
0.0574617
0.0482447
0.0450091
0.0437354
0.0604634
0.0451887
0.0489978
0.0474355
0.052311
0.0522675
0.0560227
0.0489263
0.0479151
0.0555514
0.0533162
0.0516186
0.0456172
0.0385945
0.0481896
0.0517331
0.0485647
0.0505078
0.0485839
0.0563398
0.051558
0.0469455
0.0421704
0.0567483
0.0429637
0.0499264
0.0481898
0.0567529
0.0503473
0.0503177
0.0437351
0.0505019
0.0495655
0.0509071
0.0559382
0.0472245
0.0469184
0.0501903
0.0551212
0.0508589
0.0406855
0.0487635
0.0449957
0.0536305
0.0596129
0.060059
0.0538136
0.0494112
0.050798
0.0504871
0.043211
0.0451749
0.0432685
0.0473029
0.046426
0.0552681
0.0429297
0.0434064
0.0535282
0.0508418
0.0506568
0.0534416
0.0410786
0.0498382
0.0542775
0.0564624
0.0551358
0.0441884
0.0519715
0.0527704
0.0496951
0.0469038
0.0488025
0.0450652
0.0450501
0.0432845
0.0486729
0.0410875
0.0472297
0.0480202
0.0490903
0.0476517
0.0475228
0.0458802
0.0474275
0.0524598
0.0647325
0.0521752
0.0435207
0.0499922
0.05053
0.0391359
0.0431986
0.048803
0.0474727
0.0396811
0.0459178
0.0517706
0.05767
0.0472084
0.0551779
0.0472679
0.053581
0.0442017
0.0381333
0.0438658
0.0399544
0.0583348
0.0480168
0.0522757
0.0467649
0.0440094
0.0608127
0.0490537
0.0516993
0.0549392
0.048488
0.0465072
0.0555123
0.0471666
0.0482788
0.0496267
0.0514343
0.0503034
0.0472132
0.0433957
0.0536294
0.0440408
0.0444164
0.0448161
0.0511806
0.043302
0.0536349
0.0533264
0.0525096
0.046656
0.05
0.05
0.05
0.05
0.05
0.05
0.05
0.05
0.05
0.05
0.05
0.05
0.05
0.05
0.05
0.05
0.05
0.05
0.05
0.05
0.05
0.05
0.05
0.05
0.05
0.05
0.05
0.05
0.05
0.05
0.05
0.05
777777