1.61194
999999
0.00883237
-0.0273298
0.0378034
-0.376467
-0.209067
0.19862
-0.154499
-0.267362
-0.0555918
0.567605
-0.027845
-0.108247
-0.143196
0.0601718
-0.333603
0.0608509
0.251671
0.129319
-0.100451
0.0634391
0.168031
0.188973
0.160394
-0.065977
-0.192531
0.0235885
0.208272
-0.0159697
-0.083594
0.11288
-0.121428
0.269719
0.137703
-0.0953273
0.0388283
-0.0216395
-0.0720879
0.00404611
-0.175728
-0.0266071
-6.01796e-05
0.0413156
0.059124
0.0324701
0.0659971
0.0696454
0.0510631
0.0319012
0.0108993
0.18275
0.100691
-0.166659
0.0201138
0.0667373
-0.193608
-0.0522603
0.0228338
0.0155934
0.0273912
-0.0733531
0.142666
-0.0217415
-0.0828881
0.136858
0.0575883
0.153187
-0.0542232
0.177758
-0.104644
-0.0555702
0.0184209
-0.075698
0.0272612
-0.123472
-0.168798
0.0530592
-0.134247
-0.0597448
-0.0487605
0.125672
0.00733922
-0.00833884
0.0286307
-0.0736763
-0.147849
-0.101661
-0.28934
-0.0934348
0.0813531
0.186473
0.218252
0.0362502
-0.12366
-0.0246802
0.103915
-0.219908
-0.0776285
-0.103401
-0.0147281
0.0245184
-0.197684
0.0193657
-0.170277
-0.117024
-0.00308131
-0.0760508
-0.0928643
-0.0973186
-0.00995916
0.0696156
0.147069
0.193678
-0.0348044
0.221964
-0.0391534
-0.124178
-0.0867529
0.024162
-0.0392753
0.170534
-0.219313
0.119884
0.119279
-0.00254983
-0.123176
-0.138803
-0.118656
-0.00293301
0.114545
0.144852
0.105971
-0.230167
0.175566
-0.0172999
0.13938
-0.0940991
-0.125779
-0.0153613
-0.114906
0.231248
-0.180886
-0.0178748
-0.0522515
0.227717
-0.00686971
0.0675426
0.0607533
0.13843
0.144756
-0.146034
0.0913589
-0.0136819
-0.0658359
0.120001
-0.0659264
0.0806941
-0.127206
0.213096
0.234432
0.0162946
-0.0203125
0.253355
0.0585591
0.0344601
-0.0316277
0.0184391
0.132849
-0.193144
0.319864
-0.365692
-0.145791
-0.140502
0.0742234
-0.15353
-0.233967
-0.135766
-0.0521488
-0.12388
-0.0570775
0.110345
-0.0301205
0.0395367
0.106206
-0.18692
-0.056586
0.10262
-0.0399544
0.122422
-0.195491
-0.0536776
-0.092421
0.177334
0.130757
-0.05413
-0.114382
-0.127018
0.139952
0.312726
0.17062
-0.144186
0.1631
0.0583271
0.223649
-0.0220138
0.0132343
-0.0365077
-0.208375
0.0565683
0.00846301
-0.153015
0.0130329
-0.131508
-0.127646
0.0672872
-0.0411475
-0.177269
-0.115943
0.217346
-0.0211303
-0.0551704
-0.0420614
-0.132511
0.176516
-0.00611697
-0.116218
-0.223634
-0.0496543
-0.0994083
-0.149706
-0.201535
-0.0941372
-0.161735
-0.142237
-0.0710355
-0.206935
0.231146
0.281638
0.160588
-0.0719687
-0.0490938
0.106283
0.18272
-0.0235131
0.0637475
-0.117465
0.133848
-0.104154
0.0665953
0.0245107
0.0215899
-0.19879
-0.0422489
0.0203023
0.164933
0.163621
0.130144
-0.0452493
-0.069005
-0.22018
-0.0801499
-0.170988
0.202331
-0.228137
-0.145563
-0.110234
-0.109765
0.0550718
-0.159264
0.0221638
0.0455432
0.0544524
-0.142409
-0.210273
-0.149458
0.250144
-0.11335
0.0181057
0.0519403
0.0293939
0.114137
-0.0100499
-0.290135
-0.142555
0.183867
0.157889
0.0596441
-0.246752
-0.0368095
0.0942709
0.104953
-0.021625
-0.233657
-0.0420849
0.122735
0.221537
0.0969959
0.0422942
-0.191344
-0.12938
-0.0423207
0.207955
0.271413
0.0950503
0.0614925
-0.175615
0.177235
0.238476
-0.0209023
-0.161513
-0.0929376
-0.0218644
0.0317691
0.0946435
0.154526
-0.00381915
-0.18458
0.0647895
0.157038
-0.186876
0.0818021
-0.00513438
0.0402909
0.0411695
0.179208
0.0300931
-0.111712
-0.0626943
0.173111
0.0690753
0.0485278
-0.252201
-0.034197
-0.000739756
0.0729845
0.192088
0.0247016
-0.0964466
-0.0683741
-0.0694753
-0.0886702
0.128587
-0.000754064
-0.239566
-0.0173184
-0.218916
-0.229559
-0.167654
0.193527
-0.0267016
0.20733
0.170255
-0.15056
0.00731974
-0.0747809
0.0389568
0.0892329
-0.172135
0.17177
0.0412659
0.269633
-0.227408
0.0198112
0.0201291
0.0313565
-0.0197603
0.0671231
0.039684
0.131958
-0.0442274
0.173119
-0.00846741
-0.10273
-0.0993484
0.197109
-0.173632
0.0546463
-0.305394
0.157314
-0.172599
-0.113013
-0.0966475
-0.0139404
0.249329
0.189305
0.172373
0.0549978
0.0873403
0.0315037
0.116063
0.0572953
0.206122
0.00675561
-0.0411497
-0.178239
-0.208974
-0.173646
0.140735
0.0886876
0.285469
0.196245
-0.00768069
0.075146
0.0406019
-0.187105
-0.0508331
0.196301
0.0971134
0.155724
0.00926811
-0.0559944
-0.190277
-0.0898021
-0.107172
-0.106408
0.0778248
0.0622016
0.135617
0.270125
0.133173
0.000925943
0.262262
-0.110604
-0.216022
-0.0209213
0.0552453
0.158656
-0.151731
-0.173069
-0.108034
-0.0598159
0.071051
-0.0080596
0.0685198
0.119011
0.163819
0.256096
0.196415
0.0657456
-0.262991
-0.0672185
0.204737
0.0263806
0.149677
0.157631
0.0973059
-0.177562
-0.157302
0.115697
-0.207603
-0.0648819
-0.13433
0.188394
-0.01658
0.176948
-0.13483
-0.010312
0.16918
-0.14048
0.0258682
0.0125887
-0.0585918
-0.109169
-0.259809
-0.0780892
-0.063737
-0.158651
-0.0445274
0.0637819
-0.060501
-0.119721
0.0279677
-0.112045
-0.100205
0.0292679
0.183154
-0.119672
-0.015483
-0.0669559
0.0236315
-0.0267263
-0.0216864
0.164864
0.119776
-0.0239611
0.113652
-0.110538
-0.0105042
0.121205
0.196521
0.0418652
0.0321752
-0.0215171
0.1234
-0.153359
0.102021
0.0897906
0.0879925
0.233614
-0.135987
0.169103
-0.09852
0.0475897
-0.116908
-0.0887855
0.0530906
0.0830403
0.206107
0.262957
0.248096
0.203537
0.0723887
-0.0851706
0.232464
0.192521
-0.221758
-0.015498
-0.0822243
-0.10314
-0.17448
0.0156883
0.30523
-0.173303
-0.145645
-0.167495
-0.316878
-0.0712547
-0.187267
-0.0582767
-0.0822602
0.147814
-0.140161
0.0854462
-0.195334
0.0653473
-0.107164
-0.0178915
-0.258784
-0.0300433
0.176477
0.0139209
-0.0427862
0.0850535
-0.0302173
-0.102989
0.228998
0.051969
-0.0765298
-0.0432278
0.0537817
0.191992
0.113659
0.0328208
0.0557316
-0.0976081
-0.0303075
-0.147816
0.0893766
-0.316121
0.012586
-0.138344
0.0341789
-0.0618221
-0.217553
-0.0615811
-0.0192902
0.0963233
-0.174008
-0.0315594
0.00226484
-0.0414214
0.0543441
-0.170513
-0.0254114
0.102545
0.213646
-0.165246
-0.145865
0.209566
0.147326
-0.0348072
-0.0255138
0.114962
0.0799399
-0.0877789
-0.140507
0.143167
-0.0722797
0.181994
-0.12152
0.125357
-0.137744
0.133552
-0.152983
0.0130131
-0.0915489
0.041845
0.0740149
0.0129615
0.057873
-0.215125
-0.0572392
-0.0101917
-0.144051
0.0557959
0.138784
0.100875
-0.173904
-0.0116734
-0.0429037
0.0411174
0.164395
-0.221732
-0.0749827
-0.0150772
-0.0384385
0.260297
-0.173153
0.177693
0.246779
-0.0287244
0.0106178
0.105539
-0.0555717
-0.142743
-0.0488224
-0.0812126
0.044946
0.1278
-0.0394592
-0.0956496
-0.123101
0.186348
0.201079
-0.0524082
-0.000584586
-0.219034
-0.233023
-0.0119364
-0.117197
-0.133657
-0.140225
-0.160422
0.149828
-0.0732138
0.210436
0.0634216
0.287809
-0.241067
0.0751465
0.241448
0.171661
-0.224832
0.0736268
-0.0405384
-0.163028
0.0647216
-0.125744
-0.0035357
0.0937924
-0.0624393
0.0675563
-0.0842963
-0.311683
-0.0456068
-0.146117
-0.0940827
-0.158174
0.173375
0.124808
-0.150019
0.164636
0.0304122
-0.203716
0.000621303
0.233331
-0.0269715
0.158798
0.224762
-0.00929039
-0.217215
0.135912
0.233951
0.0134267
0.0458258
0.0698757
0.161923
0.0335697
-0.18275
-0.064382
-0.114324
-0.10877
-0.110951
0.00604159
0.00232655
-0.110847
-0.0194427
0.0379832
-0.202154
-0.0446436
-0.0093679
0.0362487
-0.0101777
-0.0305416
-0.230021
0.145224
0.103066
-0.206545
0.0435674
-0.0206853
-0.0365687
0.0687353
0.0273595
0.160704
0.265606
-0.204211
0.159347
-0.0140147
-0.0916755
0.245834
0.138851
-0.113328
-0.320462
-0.144265
0.190071
-0.140439
0.156987
-0.126195
0.0635394
0.142929
-0.0797407
0.138161
0.13365
-0.12118
-0.0509685
0.0527413
0.0268104
0.0466489
0.189353
-0.00549493
0.103033
-0.255631
-0.0897081
0.0700484
-0.108414
-0.205858
-0.171381
0.102301
-0.239424
0.0994787
-0.197396
0.0154123
-0.111303
-0.0955197
-0.0624221
0.093488
0.14185
-0.192238
0.0707981
-0.0030585
-0.0818009
-0.0542522
0.0193369
0.0159151
0.0764867
-0.0109008
0.0927015
-0.081414
0.00138467
0.193176
-0.134208
0.077623
-0.177338
0.196442
-0.307994
-0.00765325
-0.14999
-0.0102459
0.0482838
0.263726
0.0945882
0.186251
0.171924
-0.0337215
-0.213041
0.0724183
0.107486
-0.0587866
0.270329
-0.173471
-0.0490265
0.201854
-0.0693054
-0.0216863
0.169209
0.161051
0.0572664
-0.124479
0.0561304
0.107831
0.115145
0.052775
0.117897
-0.0560959
0.14284
-0.0347153
0.0124787
0.0339603
0.0699181
-0.165766
-0.103087
0.123104
-0.0510047
-0.27403
-0.104991
-0.0914656
-0.266977
0.098134
-0.0663461
-0.0784121
0.00341321
0.150424
0.156624
0.248238
-0.149457
-0.0965005
-0.168148
-0.0110798
-0.0864851
-0.181789
0.187268
-0.299257
0.00588107
0.0921568
0.134002
-0.0161311
-0.172361
0.177999
-0.0126849
0.0536112
-0.0848656
0.191075
0.183088
-0.178762
0.048656
-0.233184
0.104189
-0.12243
0.0928124
0.0583107
0.212448
-0.271675
-0.0292054
0.169677
0.0868652
0.13473
-0.0404473
-0.140703
-0.147389
-0.0880287
-0.0196157
-0.0986503
-0.160268
-0.340736
-0.0319635
-0.0881322
0.0909503
0.153054
0.206544
-0.231329
-0.215624
-0.173836
0.107369
-0.134693
-0.0390988
-0.0178066
0.0274721
0.0949262
-0.0421949
-0.117934
0.232735
0.125429
-0.111394
0.050747
-0.0482325
-0.0718159
0.0407876
-0.161887
0.19459
-0.13052
-0.134329
-0.042304
0.0941636
0.0850793
-0.0433041
0.159233
0.00772615
0.167499
0.138857
-0.100593
0.0603049
-0.0225538
-0.242553
0.0518898
-0.0921869
0.112706
0.0575326
0.134095
-0.124568
-0.0848217
-0.122719
-0.139797
0.0445003
0.0414908
-0.0827345
0.188715
-0.0727964
0.204982
-0.168771
0.195942
-0.17358
0.0310408
-0.0733789
0.0522711
-0.125412
0.0922098
0.0924572
0.157475
-0.00197926
0.0644241
0.098698
0.0626015
0.0691352
0.167993
-0.171627
0.074145
-0.0989796
0.19197
-0.0569131
0.0990464
0.21228
-0.0554735
-0.124836
-0.0158256
-0.182566
0.120993
-0.0289786
-0.122868
0.0209721
0.0340956
0.00084172
-0.0169528
-0.00317244
-0.140627
-0.102594
0.0163066
0.166311
-0.0171397
0.168533
-0.047099
0.106895
-0.0293503
-0.132808
0.206595
-0.0448253
-0.0326457
-0.0681971
-0.00596914
-0.0908
-0.229874
0.192323
0.045941
-0.00567404
0.019515
-0.222785
-0.146608
-0.120338
-0.0737762
-0.265501
0.26277
0.120446
-0.201638
-0.0806346
0.0567897
-0.212891
-0.240794
0.227642
0.0624988
-0.0975798
0.178501
-0.0420779
-0.174718
0.0477194
-0.267188
-0.219431
-0.112035
-0.254823
-0.104206
-0.202582
-0.170525
-0.0872768
-0.219397
0.0961592
0.0701749
-0.307041
-0.0793164
-0.10813
0.0130579
0.128496
-0.0100418
0.164153
0.0605501
-0.0153287
-0.0389591
-0.224536
-0.0488702
0.00184664
-0.205849
0.0771074
-0.0421779
0.153181
0.272727
0.00152768
0.0549661
-0.0404384
0.123863
-0.032647
0.185791
-0.282184
0.00277414
-0.189103
0.131488
0.0710942
0.0164811
0.118253
-0.093984
0.119434
0.0955555
0.0470552
0.0830654
0.186992
-0.1618
0.0698295
-0.104133
-0.0378901
-0.0800733
-0.143423
0.114316
0.145002
-0.16026
0.117392
0.117335
0.241813
-0.20362
-0.133416
-0.163332
0.17351
0.0463481
-0.00650013
0.191754
0.10155
-0.244691
-0.188649
0.179594
0.0234699
0.026725
0.0841721
0.140979
0.131917
-0.0782742
0.00185408
0.0208408
-0.268438
0.166443
0.108359
-0.127194
-0.180761
-0.204075
-0.0996969
0.208462
-0.252236
0.0460563
-0.053585
0.246183
0.21564
0.0909564
-0.102797
-0.131492
-0.0584125
-0.0942942
0.138788
0.0847794
-0.08826
0.165611
0.242545
0.0387602
0.277084
-0.153804
-0.0781256
0.145963
0.156875
-0.0583937
-0.0579277
0.0744312
0.160177
-0.0899637
0.130741
-0.233271
-0.0164683
-0.00484314
-0.044663
0.112815
0.118177
-0.186353
-0.175738
-0.198345
0.1694
-0.0798593
0.0670015
0.18564
-0.0961783
-0.0021737
0.0343007
0.0367471
-0.0212398
-0.09003
-0.233955
0.174706
-0.0150366
0.000163623
-0.010755
0.121086
-0.00511574
0.125954
-0.0685879
-0.0374901
0.0107246
0.0192877
0.13382
-0.0992949
-0.111341
0.14875
0.231382
0.00312859
-0.144142
-0.0324775
-0.0936487
0.203994
0.110677
0.0228008
-0.0364868
0.0632268
0.188863
-0.025691
0.103792
0.0730443
0.0230877
0.0926819
0.0831506
0.26438
0.00633833
0.0882752
0.294391
-0.13217
-0.118834
0.0692353
0.19026
0.173024
0.145396
-0.189434
0.146195
0.211742
-0.153802
0.0701409
-0.140249
-0.203972
-0.0834279
0.0422821
0.00166716
-0.267833
0.162371
-0.107169
0.0344134
-0.125103
-0.188416
-0.137515
0.00455424
-0.201359
-0.12873
0.196506
-0.135382
0.112546
0.140488
-0.0446114
0.224582
0.132042
0.0900116
0.0317307
0.0943471
0.145195
0.058845
0.111219
0.0281996
0.0640962
0.157833
0.114827
0.0387155
0.0729043
0.049772
0.189083
-0.166259
0.12869
0.197434
-0.155409
0.0559137
0.0650693
-0.164509
-0.148053
-0.258173
-0.177356
0.190836
0.103337
-0.0576155
-0.0601694
0.023838
-0.232504
0.00447837
0.302779
-0.0390927
-0.063543
-0.0930397
0.117262
-0.0812229
-0.126766
0.200039
-0.19188
0.350171
0.229192
-0.176453
-0.148845
-0.0136779
-0.1557
-0.175838
0.093277
-0.0999013
0.269925
0.162737
0.211175
-0.0573578
-0.142251
-0.268291
-0.0957789
0.104453
0.0236159
0.117121
0.042889
0.0769398
-0.012614
0.00850027
-0.0486127
0.0328143
0.180477
0.158385
-0.00235591
0.0553044
-0.00896451
0.112621
0.261981
0.0979274
0.065626
-0.213147
-0.113112
0.0193781
-0.183257
0.179369
-0.0554641
-0.151713
-0.137309
0.0175668
0.0229163
0.189542
-0.200826
-0.16834
-0.0624547
0.205512
-0.0595117
-0.206446
0.26356
-0.136241
0.136888
0.126789
-0.0362837
-0.130166
0.211801
-0.0640207
-0.403556
-0.122311
-0.213625
-0.0166891
-0.0509222
-0.0986828
-0.203964
-0.160726
0.071823
0.135992
0.0763479
0.0254662
0.0508076
0.223188
-0.103963
-0.0583694
-0.0809455
0.163909
-0.125353
0.0121988
-0.206512
0.0541278
-0.235295
-0.244001
0.011492
0.0883665
0.196343
-0.0988001
-0.202772
-0.0258143
-0.0714485
-0.114908
-0.124513
-0.190722
-0.112089
0.218626
-0.110982
-0.0320829
-0.166871
-0.043978
0.0644324
0.122443
-0.011158
-0.18193
-0.120914
0.12143
0.0856757
0.15178
-0.193117
0.285912
-0.0295371
0.0889392
-0.0497803
0.149378
-0.107613
0.0280135
0.0838681
0.0604517
0.132094
-0.0770751
0.0367664
-0.120428
0.219576
-0.167589
-0.227047
-0.19423
-0.0671983
0.0275353
-0.142361
0.148853
0.296315
-0.015135
0.207237
0.00734683
0.14955
0.0545877
-0.0501917
-0.103117
0.102584
-0.0860309
0.155251
0.0160907
0.133273
0.0809092
-0.197654
0.0795896
0.0330196
0.168296
-0.0893024
-0.190814
0.100758
0.181219
-0.0385442
0.165339
-0.110964
-0.00680657
-0.00553231
-0.24675
0.0904601
-0.0713902
-0.156529
0.179358
0.0425431
-0.117667
-0.00920441
-0.00523886
-0.199752
-0.00108299
-0.104081
-0.0731957
-0.0399284
-0.052162
0.0522168
-0.0937447
0.197971
0.0986935
-0.0687819
0.0743042
-0.0509535
-0.172203
-0.0907028
-0.194976
0.147232
0.17622
0.0281017
-0.0104006
0.0918758
0.167849
0.00845754
-0.19659
-0.0685043
0.174203
0.0381738
0.0473416
-0.201514
-0.109608
0.112196
-0.154523
-0.118827
-0.106114
0.149725
-0.0535118
-0.0444655
-0.0189124
-0.230998
0.0241204
0.283861
0.0374657
-0.131356
-0.287844
-0.139077
0.125786
0.102341
0.273554
0.261753
0.0282963
0.124176
-0.112536
-0.198615
-0.290111
-0.0603568
0.11943
0.159864
-0.225326
0.0568456
0.0445131
-0.119148
0.147624
0.165018
0.0794133
-0.213933
-0.10984
-0.118412
-0.102493
0.143325
0.170377
0.177119
0.167266
-0.209978
0.0652732
0.157692
0.102563
0.000414028
0.175198
0.170784
-0.153908
-0.155884
0.138818
-0.148943
0.0436
-0.142153
0.0417386
0.01822
-0.0553668
0.186014
-0.205789
-0.0137012
0.192309
0.100893
-0.122814
-0.09857
0.178748
0.204143
-0.111518
0.0226152
0.0254816
0.148333
0.157649
0.246877
0.0978791
0.00238497
-0.228886
-0.209875
-0.133377
0.178647
-0.0661248
0.141377
-0.0140115
0.00159108
-0.0209759
-0.0984595
-0.20444
-0.0221792
0.122217
0.0514023
-0.0833211
-0.01771
0.117258
-0.207268
0.0922509
0.0827936
0.127959
-0.272686
-0.2629
0.0293599
-0.160773
0.0312587
-0.136969
0.173453
-0.0513629
0.0118088
-0.0833179
0.00734651
0.191008
-0.150794
-0.103724
-0.0700424
-0.0285487
-0.152285
0.150579
0.0664994
-0.158414
-0.0983843
0.109244
-0.0727185
0.259563
-0.244788
0.00582664
-0.212326
-0.11929
0.0816289
0.105787
-0.00640427
0.0594167
0.179531
-0.00662199
0.146134
-0.153655
-0.179314
0.0482215
0.0233652
0.23522
0.0656103
-0.0453004
-0.0566674
0.087648
0.120956
0.247932
-0.142966
-0.00542417
-0.019019
0.0369188
-0.0477052
-0.319902
0.079521
0.0453032
0.0960526
-0.0837592
0.0185562
-0.103966
-0.00194808
0.101673
0.0419519
-0.104054
-0.221062
0.0666499
-0.00127785
0.158472
-0.11429
0.189735
0.1209
-0.245961
-0.0904429
-0.0127702
0.0306427
-0.0891135
-0.124166
-0.184904
0.175266
-0.15952
0.0799468
0.152249
0.191798
0.0885097
-0.0510577
-0.0552303
-0.142037
-0.111044
-0.00176251
0.0472196
0.155295
0.304819
-0.303984
0.107482
-0.206172
-0.0867946
-0.0650411
-0.0848272
0.226964
-0.202016
-0.192032
0.218917
-0.0409327
-0.123025
-0.162811
-0.00293568
-0.00438715
0.101523
-0.129043
0.0281811
-0.252918
0.228539
0.223712
-0.108458
-0.128697
-0.0623848
0.245111
0.117014
0.260199
-0.225032
-0.0200963
-0.0460789
-0.0439179
-0.00275966
0.0104288
-0.111342
0.0929317
0.0670359
-0.0239798
-0.044789
0.245637
-0.101861
-0.14202
-0.151575
0.125124
-0.0606532
0.0083821
-0.0145284
0.163563
-0.339547
0.221277
0.0829103
0.0843217
-0.275816
0.315368
-0.143102
0.0764686
-0.227202
0.010953
-0.24486
-0.0638886
-0.0990986
-0.0225463
-0.0657433
0.0444617
-0.0593449
0.235897
0.00577606
0.012358
-0.123
0.0380562
-0.363811
-0.0478247
0.200197
0.264925
-0.106462
888888
0.0225742
-0.0322479
-0.0432492
-0.124364
-0.177287
-0.159416
-0.091943
0.0944398
-0.0145031
0.183227
0.0465165
-0.100883
-0.0491934
0.0116667
-0.160556
-0.0345024
0.202515
-0.172341
0.142149
0.00287921
0.0011949
0.14328
-0.0904595
0.160419
-0.0768835
-0.0301142
0.165152
0.0210031
0.10261
-0.131853
0.151822
0.188626
0.0502314
0.0512072
0.0518031
0.0611341
0.0528625
0.0667371
0.040523
0.051896
0.063845
0.0477544
0.0485183
0.0517057
0.0664747
0.0353571
0.0661984
0.0548809
0.0461008
0.0572103
0.0466654
0.0450095
0.048009
0.0550023
0.0480407
0.0514078
0.0620919
0.0607
0.0488854
0.0546082
0.0360022
0.0539715
0.0480827
0.0482318
0.0576054
0.0533097
0.0524493
0.0422449
0.05948
0.0511654
0.0542025
0.0431349
0.0477779
0.0477105
0.0531322
0.0602935
0.0543722
0.0555115
0.0561216
0.0630644
0.0399205
0.0545322
0.0517258
0.0507946
0.0547435
0.052262
0.0483012
0.0481854
0.0633925
0.0452899
0.0446304
0.0489871
0.0726594
0.0471408
0.0396772
0.0559738
0.0599944
0.0597578
0.0583241
0.0625419
0.054558
0.049809
0.0466086
0.0505983
0.0712853
0.0516962
0.0479486
0.0382054
0.0430643
0.0521557
0.0414623
0.061474
0.0493439
0.0351809
0.034511
0.0459994
0.0461345
0.0340352
0.0563737
0.0518879
0.0476993
0.0518541
0.0474644
0.0434124
0.0598386
0.0518898
0.0501149
0.0373748
0.0348089
0.0471513
0.0593027
0.048125
0.0381516
0.0658416
0.0450898
0.0483131
0.0406868
0.048984
0.0513006
0.039109
0.053546
0.0507454
0.0587483
0.0465324
0.0608567
0.0507764
0.0382389
0.0513303
0.0613208
0.0473503
0.0553778
0.0533066
0.0432453
0.0445027
0.042096
0.0485441
0.0783208
0.0463991
0.0416153
0.0610365
0.067566
0.042889
0.0460232
0.0486259
0.0520679
0.0479944
0.0428984
0.0509804
0.0436237
0.0678239
0.0437473
0.0435944
0.0577669
0.0520273
0.0433981
0.0474995
0.0752745
0.0549867
0.0485216
0.0466217
0.0433918
0.0496835
0.0638853
0.0520138
0.0473552
0.0685334
0.0413126
0.0567194
0.0649319
0.0654425
0.0544821
0.066655
0.0498013
0.0681911
0.0512371
0.0481471
0.0311595
0.0604211
0.0465801
0.0371224
0.0560796
0.0423233
0.0496523
0.0501101
0.0430904
0.0419665
0.0525749
0.0624037
0.070086
0.0370933
0.0433464
0.0472873
0.0582563
0.0424834
0.0481759
0.0476304
0.0411174
0.0532349
0.0520191
0.0503637
0.0566472
0.0463324
0.0412404
0.0546968
0.0413747
0.0542019
0.0591916
0.0443883
0.063042
0.0535997
0.0402875
0.0644263
0.0443639
0.0464871
0.0446699
0.0627289
0.0394991
0.0526501
0.0529237
0.0485811
0.03732
0.0427605
0.0439341
0.0591878
0.0446751
0.046455
0.0535546
0.0577249
0.042722
0.0510396
0.0514732
0.0491118
0.0464193
0.0461049
0.0452756
0.0547677
0.0494548
0.0530559
0.0540481
0.0506365
0.0456049
0.0384718
0.0689902
0.0624212
0.0612859
0.0528442
0.0499219
0.0471236
0.0482775
0.0456859
0.0666505
0.0430672
0.0563544
0.0427024
0.0435191
0.0554356
0.0433417
0.0445852
0.0482562
0.0517156
0.0336698
0.0440153
0.0538855
0.0562664
0.0575425
0.0588898
0.0578299
0.063107
0.0585665
0.0479772
0.0574151
0.0476947
0.0453508
0.0508464
0.0584827
0.0500543
0.0378981
0.0468122
0.0486047
0.0418083
0.0466909
0.0556525
0.0443343
0.0627344
0.0417192
0.0520088
0.0490004
0.0480193
0.0586467
0.0501755
0.0532165
0.0497866
0.0503215
0.0357724
0.063408
0.0543165
0.0532154
0.0410604
0.0608323
0.0591137
0.0544822
0.0471447
0.0532371
0.0600267
0.0454872
0.0477762
0.0405055
0.0562948
0.0467906
0.0502623
0.0366129
0.0433191
0.0562064
0.039926
0.0502912
0.0513163
0.0417033
0.0523145
0.0477671
0.0692489
0.0504958
0.048287
0.0455553
0.0517209
0.0590305
0.0419905
0.0318942
0.0578379
0.0490861
0.0338188
0.060457
0.0495474
0.042344
0.0440451
0.0531447
0.058348
0.0425161
0.0432369
0.0435523
0.0642675
0.0446399
0.0401484
0.0490944
0.0544924
0.052297
0.0634911
0.0461571
0.0528794
0.0505703
0.0498159
0.0470957
0.0566925
0.0437137
0.0420521
0.0418908
0.0522897
0.0509516
0.05032
0.049455
0.0524897
0.0413112
0.0639548
0.0531526
0.0428963
0.0563223
0.0476962
0.059334
0.0417222
0.0406555
0.0544026
0.0453971
0.0565516
0.0588846
0.0566867
0.0454157
0.0494195
0.0634106
0.0401922
0.0480131
0.0492124
0.0467566
0.0401817
0.0581202
0.0423001
0.0493609
0.0394219
0.0524441
0.0587835
0.0422169
0.0526565
0.0492056
0.078313
0.0525489
0.0572725
0.0423449
0.0508606
0.0440799
0.0380088
0.0431993
0.0385003
0.0561632
0.0420183
0.0538017
0.0444772
0.0562481
0.0427854
0.0489391
0.0508597
0.0421214
0.0535071
0.0428223
0.0461085
0.0550305
0.0376146
0.0515402
0.0535958
0.0465441
0.0414461
0.0479292
0.06795
0.0559994
0.063552
0.044853
0.0507318
0.0476501
0.0470327
0.0518885
0.0544108
0.0575156
0.0505905
0.0436308
0.0540992
0.0511111
0.0529212
0.0420133
0.0406992
0.0424124
0.0453503
0.0512602
0.0599133
0.039569
0.051644
0.0432263
0.0539643
0.0522121
0.0537308
0.0522589
0.0580195
0.0522844
0.0622421
0.056111
0.0495956
0.0500725
0.051366
0.0341764
0.0453984
0.0672579
0.0567298
0.0598073
0.0491226
0.0519129
0.0681369
0.056833
0.0555627
0.0578184
0.0481237
0.0533291
0.0450926
0.0355958
0.0362452
0.0476081
0.0536416
0.0471658
0.0371545
0.0466065
0.0570523
0.0539187
0.0340306
0.054091
0.0560388
0.0573133
0.0471118
0.0521741
0.0548321
0.0426767
0.0640893
0.0500637
0.0443736
0.0630735
0.0583045
0.0451645
0.0532263
0.0592602
0.0506381
0.0682124
0.0540546
0.049467
0.0485252
0.0443399
0.0589787
0.0495632
0.0466755
0.0512842
0.0402979
0.0491655
0.0384839
0.0542912
0.0537019
0.0439906
0.052584
0.0581909
0.0437942
0.0601955
0.056466
0.0473485
0.0391399
0.0367176
0.0538042
0.0623766
0.0402524
0.0487048
0.0517458
0.043076
0.0359328
0.0497871
0.0510115
0.0522889
0.0526295
0.0509384
0.0517445
0.0616609
0.0379842
0.0469926
0.0588417
0.0451421
0.0567637
0.0460359
0.0537288
0.0478648
0.043433
0.052665
0.0512886
0.0400175
0.0579878
0.0480185
0.0512036
0.0547603
0.0591279
0.0679521
0.0555194
0.0492425
0.0447191
0.0587278
0.0619758
0.0558405
0.0387715
0.0470938
0.0744962
0.0420075
0.0589495
0.0429572
0.0647434
0.0489745
0.064667
0.0539298
0.0406069
0.0617909
0.0456239
0.0428648
0.0599
0.0446555
0.0452603
0.041834
0.0507681
0.0551316
0.0502698
0.043915
0.0491829
0.0608597
0.0633375
0.0594213
0.043199
0.057656
0.0504799
0.0486482
0.0562495
0.0773478
0.05731
0.0402226
0.0575774
0.0512665
0.0394471
0.0549918
0.0481777
0.0529637
0.0445857
0.0433402
0.0479063
0.0504308
0.0477274
0.0600167
0.0556185
0.0546747
0.0650822
0.0552332
0.053087
0.0481649
0.0537002
0.0419079
0.0513233
0.0548812
0.0574617
0.0591749
0.0563334
0.0553289
0.0459452
0.0593149
0.0559826
0.0612043
0.0472445
0.0433426
0.0540992
0.0512642
0.0452705
0.0492993
0.0440603
0.0535475
0.0404694
0.0532503
0.0643106
0.0479729
0.0542294
0.0430468
0.0543575
0.0479473
0.0529485
0.0480085
0.0579754
0.0423483
0.055629
0.0533333
0.0445322
0.0539999
0.055176
0.060989
0.0561989
0.052515
0.0560455
0.0500232
0.04954
0.0505305
0.0591553
0.0494326
0.0460917
0.0569278
0.0637286
0.0389616
0.0567177
0.0536186
0.0507791
0.0421503
0.0710241
0.050091
0.0456189
0.0531323
0.0514116
0.0408704
0.0408914
0.0639141
0.058858
0.0651581
0.0460007
0.0579206
0.0479577
0.0546127
0.051036
0.0604678
0.0734367
0.0381231
0.0363593
0.0438875
0.0524115
0.050334
0.0581186
0.0581966
0.0603541
0.049627
0.0606997
0.0501144
0.0529163
0.0474282
0.0437351
0.0419713
0.0543581
0.0500828
0.0588394
0.0452439
0.042538
0.0529625
0.0385547
0.0372854
0.063923
0.038587
0.0622556
0.0500246
0.0427702
0.0465605
0.0621187
0.0482036
0.053943
0.0509843
0.0497173
0.0429565
0.0533447
0.0510557
0.0419843
0.0436311
0.0482696
0.0413121
0.0670632
0.0459435
0.0470873
0.0604337
0.0424029
0.0600807
0.0478207
0.0493358
0.0536285
0.0548059
0.0578237
0.0445696
0.0718499
0.0569764
0.0482222
0.0455145
0.0549904
0.0520077
0.036768
0.0462042
0.0697421
0.0485372
0.0471077
0.0431997
0.0479146
0.0547808
0.0442944
0.0405444
0.0429455
0.0541708
0.0503975
0.0531446
0.0487707
0.0509361
0.064557
0.0559384
0.0525278
0.0426084
0.0486808
0.063594
0.050457
0.0502301
0.0465369
0.0518997
0.0376019
0.0704829
0.0528454
0.0363523
0.0525782
0.0434689
0.0568671
0.0439823
0.0510159
0.0393449
0.0458027
0.0409366
0.0629675
0.0441223
0.0586479
0.0485921
0.047148
0.0635563
0.0404824
0.0552655
0.0376381
0.0443965
0.0705737
0.0622191
0.0455066
0.0583117
0.0502015
0.0755433
0.0504189
0.0480362
0.0422533
0.0419855
0.0598207
0.0462183
0.0596648
0.0412772
0.0473463
0.0514741
0.0448892
0.0466912
0.048463
0.0576055
0.0592516
0.0440365
0.0560505
0.0530648
0.0500521
0.0549697
0.0506696
0.0625205
0.0428568
0.0512921
0.0444644
0.0405838
0.0476503
0.0425907
0.0496792
0.0560577
0.0637171
0.0595134
0.051055
0.0635626
0.0508645
0.0529266
0.0424436
0.0549048
0.0454186
0.0594535
0.0523423
0.0474884
0.049877
0.0575456
0.0488303
0.0558945
0.0505902
0.0550559
0.0582085
0.0712279
0.052344
0.0542679
0.0367537
0.0389049
0.0505345
0.0621905
0.0369112
0.0392938
0.0604679
0.053749
0.0550221
0.047829
0.0526493
0.0550911
0.0424446
0.046789
0.0548783
0.0577238
0.0524522
0.0538709
0.0361477
0.0397796
0.0440292
0.0515895
0.0425557
0.0440729
0.0593866
0.0543104
0.0563865
0.0603588
0.0452827
0.0573151
0.0527778
0.0545082
0.0700678
0.0517692
0.0499143
0.0571974
0.0362982
0.065151
0.0444687
0.0619776
0.0547635
0.0479121
0.0626184
0.0416373
0.0368025
0.0410702
0.0447857
0.0517649
0.0473447
0.0443048
0.0476825
0.0610863
0.0544033
0.0556711
0.0560297
0.0459261
0.0590188
0.050291
0.0437531
0.070689
0.0507398
0.0473766
0.0578331
0.0525322
0.0509516
0.05337
0.050623
0.057025
0.0651986
0.0518738
0.0376519
0.0377094
0.0473116
0.0500798
0.0487774
0.0424165
0.0581359
0.0341799
0.0497956
0.0518149
0.070475
0.0421756
0.0517165
0.0518832
0.0458705
0.0598307
0.0511606
0.0548186
0.0603871
0.0412377
0.044326
0.0548362
0.0524579
0.0426726
0.0449033
0.0502773
0.0456689
0.0578687
0.0604982
0.0436191
0.0396095
0.0398648
0.055774
0.0601703
0.0521035
0.0451576
0.0447039
0.0447496
0.0475898
0.0647881
0.0513708
0.0472973
0.0433693
0.0504725
0.0401798
0.0560195
0.0391547
0.049926
0.051203
0.0494784
0.0535037
0.0459954
0.0405497
0.056776
0.0647693
0.0410582
0.0589707
0.0518653
0.0531276
0.042894
0.057688
0.0721124
0.0506235
0.0417277
0.0551018
0.0448721
0.0468838
0.0436775
0.056169
0.0511228
0.0552026
0.0589562
0.0538526
0.0447819
0.0516533
0.0536429
0.0464544
0.039797
0.057186
0.0387545
0.0512972
0.0546446
0.0567594
0.0547661
0.0551691
0.0482907
0.0462938
0.039097
0.0519256
0.0484778
0.0587347
0.0366195
0.0436341
0.0385848
0.0563362
0.0463481
0.052359
0.0426666
0.0512534
0.0446545
0.0573734
0.0447692
0.0487959
0.0422859
0.0442539
0.0569001
0.0471687
0.0487873
0.0479835
0.0537061
0.0457138
0.0509166
0.0656982
0.0476246
0.0565807
0.0428301
0.0461099
0.0440077
0.0480812
0.0474415
0.0352208
0.0448575
0.0606019
0.0496096
0.0637017
0.0455436
0.0311049
0.0565255
0.0397843
0.06193
0.0511419
0.0540449
0.0456441
0.065551
0.0460254
0.0395995
0.0635839
0.0435086
0.0342026
0.0403603
0.0530785
0.0447446
0.0502891
0.0537622
0.0527004
0.0518116
0.0491584
0.0438459
0.0535126
0.0602654
0.041836
0.0506178
0.0455382
0.0492329
0.0499736
0.0597349
0.0448763
0.0519055
0.0516931
0.0608257
0.0592175
0.0418106
0.060964
0.0472056
0.0556512
0.0494241
0.0468057
0.0532346
0.0577985
0.0378844
0.0577211
0.0454711
0.0636117
0.0488677
0.0581212
0.0553258
0.043274
0.0513839
0.0537812
0.0491585
0.0469787
0.0487736
0.060431
0.0457774
0.0400067
0.0545388
0.0568222
0.0521026
0.0540961
0.0550416
0.0499198
0.0498699
0.0506707
0.050916
0.0623128
0.0409472
0.0645416
0.0498318
0.0516422
0.0576807
0.045939
0.0618661
0.0431237
0.0522426
0.0433633
0.0500261
0.0423031
0.0422605
0.0487325
0.0459908
0.0536135
0.0586561
0.0505132
0.0483558
0.0470692
0.0669513
0.0496691
0.0461515
0.0573006
0.0430132
0.0335138
0.0599031
0.0476206
0.0464593
0.0532085
0.049986
0.0541613
0.0549264
0.0518473
0.0422253
0.0420952
0.0389001
0.0623121
0.0524572
0.0479556
0.0419251
0.0597225
0.0496516
0.0375021
0.0564697
0.0401908
0.0337249
0.0397915
0.0512104
0.0523809
0.0514603
0.0776271
0.0455443
0.0547946
0.0551445
0.049173
0.0423261
0.0394595
0.0495697
0.044331
0.0570646
0.0469769
0.0457796
0.0494824
0.0475366
0.0498814
0.0533118
0.0466083
0.0451028
0.0514812
0.0628824
0.0432297
0.0424191
0.0666441
0.0459303
0.0475016
0.041347
0.0332555
0.0436601
0.0505886
0.0413509
0.040249
0.0434856
0.0494119
0.0456386
0.0490191
0.0418118
0.0404394
0.0393079
0.0423808
0.0493605
0.0520399
0.0436546
0.0428797
0.0497597
0.0416728
0.0547625
0.0346082
0.0635186
0.0442291
0.0413695
0.0576776
0.0428334
0.0480674
0.0588392
0.0537119
0.0533691
0.0495115
0.0565377
0.0531194
0.0403369
0.0616625
0.0485222
0.0630031
0.0393219
0.0394113
0.0684038
0.0497214
0.0441517
0.0509832
0.0455227
0.0494701
0.049927
0.0492824
0.0542928
0.0425238
0.0543466
0.0552806
0.0524604
0.0347123
0.0411655
0.0736295
0.0479728
0.0350098
0.0566069
0.0625295
0.0695938
0.05892
0.0431587
0.0525771
0.0533294
0.0591179
0.0581357
0.0552145
0.0602984
0.0562734
0.0583881
0.0366242
0.0552027
0.0536649
0.0502605
0.0478189
0.0589883
0.0564496
0.0495707
0.0589809
0.0550802
0.0837279
0.0458842
0.0468543
0.0517554
0.0541304
0.0540582
0.0542965
0.0698855
0.0626012
0.0615511
0.0413707
0.0427253
0.0498717
0.0546942
0.0490023
0.0449834
0.0512191
0.0509833
0.0560056
0.0531934
0.0511097
0.0453469
0.0542457
0.0391808
0.0444158
0.0583066
0.0526074
0.047292
0.0510852
0.0438899
0.0549798
0.0537292
0.0468305
0.0427782
0.0541238
0.0480535
0.0557424
0.0744746
0.0549265
0.0528179
0.0403115
0.0591951
0.0649897
0.046286
0.0597961
0.0592507
0.0375855
0.0409106
0.0551273
0.0517938
0.0564588
0.0630965
0.0628105
0.0536834
0.0487863
0.040227
0.0627401
0.0450812
0.0491031
0.0437853
0.0473638
0.0516834
0.051206
0.0679265
0.0591591
0.0461709
0.0444187
0.0672599
0.0479744
0.0492251
0.0380821
0.0510106
0.043166
0.0545654
0.0592452
0.0520175
0.034898
0.0568587
0.0483232
0.0609544
0.0524363
0.0476892
0.0722356
0.0370497
0.0468965
0.0313674
0.0576377
0.0452301
0.0572767
0.0488912
0.0456911
0.0557967
0.0507266
0.0438646
0.0390561
0.0430351
0.0438848
0.0532848
0.0462835
0.0477891
0.0512805
0.0561442
0.0456993
0.0458941
0.0595271
0.0448984
0.0551278
0.0436391
0.0431551
0.0546953
0.0499459
0.0436542
0.0507058
0.0527301
0.050968
0.0487694
0.0537505
0.047608
0.0462907
0.0704148
0.058797
0.056866
0.0534499
0.0438676
0.0601227
0.0382157
0.0478442
0.0528088
0.0694404
0.0545278
0.0559627
0.0585314
0.0426147
0.0490291
0.0733729
0.0563189
0.044784
0.0374041
0.0425837
0.0565908
0.0521353
0.0394094
0.040218
0.0665773
0.0436173
0.039841
0.0525274
0.0464713
0.0668983
0.046179
0.051445
0.0489604
0.0614708
0.04077
0.0606648
0.0503469
0.0455107
0.0459277
0.0546859
0.0500277
0.0543955
0.0477042
0.0562029
0.0396708
0.0554554
0.0464422
0.0545234
0.0439869
0.0470101
0.0498359
0.0364211
0.0510451
0.0441971
0.0582626
0.0567606
0.0390963
0.0469032
0.0465172
0.0657472
0.0424386
0.0539657
0.0427683
0.0485438
0.0543457
0.0649155
0.0545684
0.0504603
0.0436659
0.0529416
0.0411864
0.0498791
0.0523485
0.0484385
0.0382006
0.0473405
0.0497233
0.0519448
0.0436462
0.0522413
0.0574033
0.0489868
0.0673513
0.0452965
0.0388233
0.062701
0.0387069
0.0586096
0.0431932
0.0606945
0.0596714
0.0435795
0.0454568
0.0510016
0.0632826
0.0431403
0.0527043
0.0495115
0.0453992
0.0498858
0.0511384
0.0472678
0.0446343
0.0556585
0.0646106
0.0522479
0.0420846
0.0506033
0.0478345
0.047963
0.0557045
0.048811
0.0440125
0.0442363
0.0464254
0.0714923
0.0485453
0.0465366
0.0440836
0.0469679
0.0434522
0.0634205
0.0542443
0.0396457
0.0369472
0.0434025
0.0508946
0.0524432
0.0391199
0.0531984
0.0624286
0.0510692
0.0629555
0.0500679
0.046626
0.0403658
0.0413576
0.0497174
0.0423458
0.0819377
0.0478305
0.0498932
0.0675388
0.0634209
0.0547389
0.0381043
0.0564649
0.0512149
0.0474434
0.0399138
0.0506794
0.0510229
0.0557203
0.0470688
0.0452494
0.0605065
0.0449035
0.0488126
0.0477667
0.0540211
0.0556876
0.0539702
0.0369872
0.0443383
0.043609
0.0579414
0.057907
0.0518417
0.0602398
0.0430191
0.0565401
0.0568779
0.0341867
0.0597192
0.0444152
0.0486625
0.0471965
0.0555316
0.051832
0.0422921
0.0378501
0.0489688
0.0554251
0.0485742
0.0599846
0.0416488
0.0492067
0.0679989
0.0469981
0.0438403
0.035198
0.0395974
0.0442828
0.0514724
0.0539611
0.0652145
0.0554507
0.0534674
0.0486755
0.0487807
0.0491531
0.0492677
0.0395488
0.049883
0.0417106
0.0612002
0.04229
0.0457716
0.0503954
0.0604473
0.0451814
0.0496927
0.0442981
0.056173
0.0491025
0.0604303
0.0521277
0.0369642
0.0619403
0.0588244
0.0486964
0.050459
0.0560734
0.0494898
0.0470873
0.03922
0.0508025
0.0430896
0.0413269
0.0519354
0.0486198
0.0495817
0.0599651
0.0418896
0.0465419
0.0529083
0.0538087
0.0453095
0.0465965
0.0408215
0.0486688
0.0411133
0.0381141
0.0471532
0.0452559
0.0377819
0.0439425
0.0531528
0.0675239
0.0495209
0.059709
0.0423404
0.0571189
0.0395068
0.0481423
0.0519162
0.0417052
0.0645631
0.0401703
0.0607686
0.0375097
0.040046
0.0440513
0.0529542
0.0571673
0.0679912
0.0534287
0.0415616
0.0504937
0.0520018
0.0482556
0.0627444
0.0473154
0.0533656
0.0497785
0.0378237
0.0513818
0.0450973
0.0480914
0.050548
0.0516928
0.0551274
0.0546289
0.0494958
0.047317
0.048186
0.05
0.05
0.05
0.05
0.05
0.05
0.05
0.05
0.05
0.05
0.05
0.05
0.05
0.05
0.05
0.05
0.05
0.05
0.05
0.05
0.05
0.05
0.05
0.05
0.05
0.05
0.05
0.05
0.05
0.05
0.05
0.05
777777