2.96744
999999
-0.170692
-0.233889
0.181272
0.050634
-0.184548
0.242649
0.0170672
-0.0320271
0.216983
-0.163249
0.154306
-0.226472
0.107126
0.0345233
0.317403
-0.0373421
-0.101971
0.148234
-0.245123
0.00676007
-0.0758814
0.153054
0.14326
-0.311993
0.19946
0.160347
-0.0554288
0.216969
0.134653
-0.153206
0.285955
-0.10642
0.0102151
-0.1949
-0.0808776
-0.0767345
0.0971633
0.0511075
-0.0531201
-0.0667452
0.142336
-0.135279
0.0665824
0.0471398
-0.0379155
-0.130759
-0.0726195
0.0131928
-0.270248
0.214391
0.149707
-0.0959615
0.0261518
0.0281332
0.0525043
-0.123354
0.023264
-0.0445235
0.0825965
0.0766654
0.123408
0.0412822
0.0152863
0.199218
-0.147075
0.184984
0.0594795
-0.202257
-0.0308652
0.173198
-0.0376279
-0.0440873
-0.115248
0.232771
-0.179425
-0.0874903
-0.164745
-0.167439
-0.185313
-0.107238
-0.197909
-0.00457967
-0.121411
0.214835
-0.0659803
0.252756
-0.149912
-0.00952161
0.200862
0.0174505
-0.0239302
-0.309057
0.315706
0.206443
0.0894082
-0.0547458
-0.127423
-0.165917
0.0535511
-0.11401
-0.0183839
-0.17307
-0.162194
-0.0773903
0.231412
0.0381599
0.0424331
0.00245112
0.0294346
-0.0105076
-0.175227
0.151001
-0.181472
0.000918159
0.0294782
-0.212473
-0.013667
-0.115257
-0.108638
-0.103268
0.0319218
-0.02147
0.210982
0.205652
-0.0940384
0.0310448
0.100293
0.095063
0.0576034
-0.129649
-0.0283728
-0.125586
0.127581
0.0533916
-0.0275004
0.233907
-0.0408093
-0.0549011
0.225719
0.202823
0.0768781
0.0495903
0.212998
0.0377202
-0.224358
-0.0736059
0.0204192
0.0864171
-0.0810593
-0.0597124
0.0417683
-0.0303802
-0.135093
0.179494
0.183032
0.00678521
0.171125
0.0325531
-0.0898763
0.0413454
-0.0794382
0.0117606
0.0391052
0.107834
-0.180319
0.119979
0.00118486
0.128707
-0.0484408
0.209808
0.218089
0.175139
0.0315846
0.229714
0.0613345
0.157718
0.185054
-0.0756606
0.118377
0.0951383
-0.0813649
-0.0180643
-0.0357978
-0.0757966
0.0945868
-0.0749579
0.141014
-0.15881
-0.112104
-0.140426
0.176914
0.0604527
-0.060565
0.155474
0.025732
0.0811082
-0.120491
0.156499
0.105519
0.0383765
0.201911
-0.237202
-0.0346775
-0.0957423
-0.209378
0.0652562
-0.0563296
-0.0167016
-0.0279642
0.235349
-0.0137097
0.000760176
-0.2483
-0.119217
0.0222289
0.183154
0.181756
-0.0204631
0.0279789
-0.0518728
0.00597501
-0.19075
-0.0448101
0.177912
0.0995178
0.109325
-0.00661945
-0.198279
0.102116
-0.036549
0.126839
-0.0745704
0.0102143
-0.0850121
0.148179
-0.303147
-0.157919
0.039955
-0.0442338
0.154075
-0.213847
0.141062
0.238096
0.0671427
0.179176
-0.073425
-0.170523
0.11524
0.159665
-0.165524
-0.133009
0.171699
-0.00664514
0.0332788
0.092598
-0.169573
0.0418839
-0.114056
0.0119923
-0.0129705
0.0785634
0.251065
0.137639
-0.0273584
-0.108596
-0.211679
0.0923989
-0.152458
-0.102707
0.0485976
0.0537652
0.064597
0.160195
-0.0344086
0.112608
0.0455442
-0.235299
0.121344
0.0857665
-0.00654179
0.234539
-0.218684
0.0226928
0.180268
-0.250068
-0.130007
0.0137641
0.0394053
0.205206
0.176147
-0.0797976
0.00594293
0.0582913
-0.0833845
0.117975
-0.212328
0.141129
-0.167312
-0.169088
-0.0622696
0.13971
-0.0224963
0.0285287
0.115172
-0.106436
-0.11133
-0.00349325
-0.0766306
-0.0776792
0.111735
0.0553068
0.115786
0.108925
-0.0535481
-0.00203306
-0.191503
-0.0190499
-0.197726
0.145158
0.0227845
0.142679
-0.144862
-0.144594
0.159643
0.037513
0.180147
0.132243
0.173635
0.167143
-0.134171
0.0209136
-0.0111641
-0.105662
-0.030222
-0.0893885
0.183954
-0.0195519
-0.0709252
-0.0949126
-0.0609296
-0.153619
-0.0771761
-0.161267
0.0990003
-0.20122
-0.0688224
0.0862303
-0.146557
-0.189029
-0.0839759
0.0971116
0.22574
-0.110221
0.0968818
-0.0569503
-0.0323591
0.21451
-0.134722
-0.0295973
0.074387
0.0249892
0.0329975
0.0886692
-0.00590367
0.153471
-0.102694
-0.157732
-0.017522
-0.208246
0.223385
-0.233874
0.0087314
-0.108483
0.141194
-0.118201
0.0939235
0.113906
-0.0325184
0.0340032
0.178369
0.111108
0.180067
0.113172
0.13591
-0.206909
-0.0349654
-0.13021
0.172553
0.0510926
-0.149734
-0.223257
0.0487726
-0.128847
0.179383
0.161446
-0.158098
0.140188
-0.0920118
0.186571
-0.123304
-0.0583413
-0.0654468
0.00952559
-0.216693
-0.143168
0.200693
0.00163642
0.153639
-0.116871
-0.0658462
-0.0666774
-0.0910629
-0.177346
-0.088107
0.17442
-0.00892109
0.0538521
0.0775279
-0.0589964
0.222807
0.113429
0.121153
-0.0334039
0.189745
0.122318
-0.14048
-0.0851367
-0.00318358
0.196365
-0.0554607
0.119328
0.063329
0.181407
-0.0641439
-0.0327687
-0.123703
-0.155094
-0.0529968
-0.185217
0.144897
0.158229
0.235253
-0.138484
0.0595973
-0.163891
-0.141713
0.15059
0.00489366
0.035723
0.0860957
-0.105939
-0.222223
-0.174152
0.0414097
-0.124933
-0.233931
0.0722433
0.28262
0.178732
-0.201433
0.105455
-0.128452
-0.105893
0.171967
0.0481241
0.1651
-0.187102
-0.21286
0.0450673
0.063142
-0.00670486
0.0599459
0.0396748
0.106438
0.0468655
0.00843129
-0.0744348
-0.0277807
-0.0442664
-0.123418
-0.0917406
-0.204954
0.225523
-0.0743203
0.222107
0.126409
-0.115301
0.126524
-0.0982508
-0.0910771
0.246917
-0.207947
-0.021776
0.0636517
-0.0342962
0.221619
0.0482467
-0.0225578
-0.0220332
-0.176147
0.101564
-0.129872
-0.213543
-0.136918
-0.0379489
0.137111
0.0915091
-0.131699
-0.0360775
-0.0746091
-0.0312499
-0.128588
0.173291
0.0922581
0.0255404
-0.0334064
-0.0146217
-0.0284858
0.123123
-0.120022
-0.0720283
-0.0712018
0.160911
-0.1767
0.233014
-0.0835789
0.124589
-0.0102494
-0.210303
0.116805
-0.091813
0.145545
0.0922239
-0.0286685
-0.0527644
-0.0799477
-0.181317
0.0263619
-0.166726
-0.0880802
-0.188145
-0.020948
0.187014
0.11193
0.0790723
-0.0767863
0.0970671
-0.144053
-0.193132
0.206973
-0.0688888
-0.0763922
-0.185833
0.0134336
0.0271661
0.0724214
-0.0665555
-0.0329406
-0.00156102
0.0649546
0.196541
0.0255151
0.0347705
0.0263688
-0.087977
0.0337606
6.07607e-05
-0.0292021
0.0804438
0.0265551
-0.0205177
0.138503
-0.103778
0.0856723
-0.0633025
0.0711297
0.125516
-0.159132
0.141629
-0.0225173
-0.127772
0.0133388
0.00214147
0.168296
-0.291132
0.103276
0.180743
0.172272
-0.00629907
0.0630561
0.0574799
0.0501612
-0.0505843
-0.222203
0.190021
0.109483
-0.132465
-0.116267
0.146104
0.237729
-0.158537
-0.0687328
-0.0639519
0.0452554
0.253152
-0.0447157
-0.188991
-0.00574652
0.144005
0.146486
-0.0613567
0.0985202
-0.261235
-0.0797993
0.156204
0.0537742
0.168917
0.0894808
0.251837
0.112614
-0.0874631
0.159748
0.198712
-0.182955
-0.107773
0.134775
-0.0983117
-0.0738008
-0.155226
-0.188344
0.078903
0.250449
0.181073
-0.171544
-0.01223
0.00234056
-0.133167
0.0368521
-0.219012
-0.0657715
-0.151865
0.0122328
0.208977
-0.210066
0.0766024
-0.0984305
0.0908726
-0.200861
0.221169
0.144383
0.144298
0.226216
0.144164
0.183461
-0.0269583
0.038815
0.224056
0.0996528
0.181357
-0.0491402
-0.0327533
0.0200878
-0.0139638
0.026877
-0.189343
0.207129
-0.114031
0.0125107
0.0236779
0.169088
0.172362
0.154038
-0.0423901
0.212246
0.175301
0.129777
-0.233059
0.243367
0.185226
0.195536
0.0761045
-0.224992
-0.0531491
-0.124324
0.0902962
-0.0540173
-0.163521
0.151473
0.145222
-0.00358404
-0.0758857
-0.0410608
-0.140648
-0.171211
-0.230677
-0.159267
-0.0885074
0.15945
0.00217951
0.217987
-0.170205
-0.203536
-0.0372127
0.105327
0.107607
-0.136095
-0.0219898
0.159844
0.0381457
-0.254771
-0.090268
-0.143551
-0.207124
-0.214257
0.103239
-0.0100716
-0.00301194
-0.0865891
0.0573133
0.148685
0.1764
0.0609207
-0.126403
0.106297
0.164201
-0.0150042
0.0437907
0.101
-0.183278
0.0827193
-0.0431123
-0.0613703
-0.098791
-0.171033
-0.163497
0.134782
0.0393813
0.0984067
-0.0636455
-0.16471
-0.0103001
0.108088
0.0611798
0.165666
-0.154365
0.182283
0.0708467
0.0252997
0.0569795
0.0640313
-0.121188
0.0245007
-0.0821834
-0.045449
-0.12298
0.0623725
-0.0261771
0.0369486
0.142918
-0.0693529
0.134245
-0.121069
-0.154491
-0.114582
-0.085577
0.0660383
0.00720484
0.118859
0.196534
-0.00387382
0.00258089
-0.127312
-0.240823
-0.0285798
0.05952
0.15805
-0.122867
-0.0463607
-0.0361977
0.125922
-0.170993
-0.0642248
0.0304381
0.119597
-0.0879698
-0.107021
-0.0787088
-0.142955
0.0458557
-0.197827
-0.189261
-0.167754
0.0638513
0.15652
-0.0218021
-0.168797
0.0837227
0.195428
0.196218
0.110323
-0.0246262
-0.231345
0.0547817
0.102714
-0.0826879
0.0481021
0.0467976
0.116708
-0.111217
0.0520339
0.238281
-0.00409367
0.188757
0.14518
-0.157519
-0.0983846
-0.0695301
-0.192544
0.0764276
0.00882696
0.209714
-0.0749906
0.138161
-0.0490884
0.0530831
0.0548359
-0.112487
0.0501181
-0.161037
0.0738535
-0.044942
0.120168
0.0470631
-0.0605468
0.0698635
-0.170109
0.0542534
0.153607
0.0345715
-0.221139
0.182738
0.173588
-0.0753892
-0.137789
0.0315319
0.0339575
-0.135054
0.105439
-0.0926697
0.102102
-0.0722479
0.14753
-0.021134
0.16967
0.191173
0.0534534
0.0253081
-0.0966797
-0.105079
0.0338403
0.0608851
0.0535058
-0.10654
0.0483415
-0.0934962
0.242223
0.119275
-0.232975
-0.144678
-0.187589
-0.0605906
0.0784319
0.0510808
-0.228118
0.0760516
0.0670528
-0.150532
-0.0563623
0.187812
0.101446
0.0496985
0.142404
0.00796462
0.155712
0.149031
0.141433
0.0588911
-0.147278
-0.0713087
-0.0442245
-0.0575574
0.0485939
0.226734
0.248824
0.044485
-0.255836
-0.186927
0.116153
-0.178484
-0.126694
-0.0647998
0.0655985
-0.0866892
0.134868
0.185964
-0.0222524
0.159346
0.0126591
-0.117601
-0.0553779
-0.178573
0.0921793
0.159961
0.0620001
0.162676
-0.0873829
0.149211
0.103923
0.0946095
-0.101404
-0.0687536
0.102653
0.0338437
-0.13569
-0.0833171
0.086713
0.0066131
0.186618
0.171108
-0.0546051
0.0878703
0.0325859
-0.0639971
0.199264
0.0284239
0.154356
-0.0891582
-0.131977
0.0288354
0.0728369
0.173966
0.0111966
0.170852
-0.120332
0.16958
-0.0935289
-0.0746746
-0.0574167
-0.042118
-0.100538
-0.0287099
0.0382849
0.0201886
-0.19651
-0.0764434
-0.0614174
0.120135
-0.229025
0.0965411
0.0915661
0.140087
-0.126328
-0.149697
-0.104318
-0.106672
0.132249
0.197313
-0.0708281
0.126859
0.112182
0.0256657
0.118398
-0.0537815
-0.00852893
0.147435
0.165679
-0.237889
0.16516
-0.157964
0.0460189
0.233786
-0.0134002
-0.0105079
-0.216415
-0.216468
0.0376232
-0.0808003
-0.0525335
0.148332
0.151095
0.13051
-0.170033
0.116073
0.0974744
-0.0470554
-0.0580278
0.0160909
0.27163
-0.127585
0.01899
0.0564204
0.236124
-0.0340547
0.0558778
0.241071
-0.139078
0.137576
0.0212232
-0.142696
-0.236794
0.168809
0.117527
-0.151102
0.125057
-0.0919036
0.154514
0.0547179
-0.0457445
0.0695757
-0.142006
0.0262355
-0.0772689
-0.179856
0.0440041
0.0509913
0.124944
-0.11116
-0.123876
0.0237549
-0.164472
-0.0889314
-0.0119833
-0.0144757
-0.0199262
0.0467638
0.216365
0.0700478
0.115276
0.219066
0.172689
0.0499047
-0.228536
-0.018925
0.10835
-0.220525
-0.0150379
0.117699
-0.00423281
0.0514085
-0.0673877
0.0323012
0.0895161
0.206681
0.0367584
-0.0436676
0.0196781
0.0155168
-0.013664
0.0399599
0.046554
-0.126199
-0.0393858
-0.13366
0.0924686
-0.171053
0.199892
0.00352673
0.108912
-0.0761767
0.0654045
-0.0935383
-0.208728
-0.00870918
0.160384
0.217504
-0.129971
-0.109913
-0.169356
-0.141633
-0.00587609
-0.0187243
0.111979
-0.150102
-0.112124
-0.053093
-0.0820136
-0.182891
0.0563872
-0.173642
0.0943961
0.0556134
-0.093229
0.110755
0.269415
0.146716
-0.0274475
0.060768
-0.113555
-0.13398
-0.265599
0.129014
0.0209723
0.143971
0.137508
0.0972747
0.15435
0.225023
-0.180546
0.169582
0.0124422
-0.0017312
0.0908969
-0.100419
-0.139859
-0.0623459
-0.0848322
0.112857
0.0208346
0.124896
0.221078
0.192409
-0.0324915
0.0819598
-0.201251
0.0897095
0.0494786
-0.0995565
0.0464424
0.187556
0.12413
0.0880551
0.124589
0.0194124
-0.116406
-0.0450573
-0.00881644
-0.207059
-0.130421
-0.0758466
-0.0521383
0.0684106
0.0381005
0.111248
-0.178939
0.0536787
0.102705
0.000148008
-0.0733243
-0.200655
0.179449
-0.153109
0.0884313
-0.113953
0.0177309
-0.00782273
0.009717
0.0343334
0.133917
-0.081377
-0.157923
-0.0889564
0.142947
0.190958
-0.176191
-0.160037
0.0541996
-0.0513582
0.0557504
-0.0601362
-0.0907274
0.0485055
-0.191101
-0.159806
0.0337618
-0.0560719
-0.0611844
0.135413
0.140574
0.0904191
-0.0325839
-0.156331
-0.0190321
-0.0978336
-0.0461881
-0.156192
-0.0826026
-0.0480953
0.155565
-0.0329731
-0.126816
-0.0730221
0.173977
-0.109094
-0.00201522
0.0158929
-0.0840668
0.212394
-0.110005
0.00523914
0.00721372
-0.258812
-0.169983
0.184668
0.0819403
0.134804
-0.0389284
-0.154066
0.057342
0.0444941
0.141705
-0.0014368
0.0968528
-0.129146
-0.105578
0.182218
0.12209
0.201053
-0.064806
-0.112813
-0.172549
-0.057874
-0.204905
0.175807
0.115344
-0.0513827
-0.0615184
-0.0412142
0.260306
-0.161516
-0.0443795
-0.0348499
0.308171
-0.0299695
0.083694
-0.0615643
0.138428
-0.00407606
-0.143143
0.0465278
-0.0195844
0.0806206
0.0516749
0.0326411
0.0263515
-0.0325126
-0.204537
0.1865
0.00584124
0.112439
-0.0906687
-0.129864
-0.00362639
-0.150697
0.0102209
0.0832396
0.216758
-0.154692
0.157925
0.0748242
0.0749829
-0.0771108
0.0190536
-0.304355
-0.175986
-0.19004
-0.142394
-0.0828459
-0.0467399
0.0382403
0.0863933
-0.0197933
-0.0386528
-0.237345
0.13159
0.00937074
-0.091733
-0.168
-0.105357
0.0984357
0.0713737
-0.0409806
-0.199652
0.172793
0.0991196
-0.0841849
-0.146487
0.0585474
-0.027059
0.184914
0.0830905
-0.199063
0.0503924
-0.00949375
0.027519
0.121971
-0.249544
-0.101461
0.13751
-0.0895056
0.0255093
-0.14978
-0.169152
-0.0533285
-0.0884573
0.0557037
0.00677142
-0.109942
0.121186
0.160729
-0.037066
-0.130388
0.0664592
-0.129166
-0.103135
-0.0955665
-0.155513
0.126933
0.181647
0.0108138
0.191283
0.00737794
0.261268
-0.124675
-0.180149
-0.0976614
-0.110369
-0.0190956
0.0400656
0.136695
0.0227298
-0.0587572
-0.121383
0.167875
0.0573535
-0.0948981
0.0350924
-0.197862
0.0893465
-0.157848
0.00838287
-0.0480029
0.199694
-0.0289366
0.065139
0.0608957
-0.156947
0.0840191
0.099227
-0.168988
0.22071
0.10432
0.169619
-0.211628
0.162548
-0.0518289
0.111716
0.180571
0.243517
-0.0318502
0.0471761
0.00317635
0.200851
0.0847078
0.106559
-0.0788874
0.0631979
-0.139043
-0.00106076
-0.136377
-0.057257
0.0986038
0.00242843
-0.0713725
0.108632
0.101097
0.0691788
0.197156
-0.23584
-0.0984803
-0.285347
0.209029
0.028324
0.0866487
-0.120998
0.0357714
0.198474
0.033321
-0.00313178
0.157642
-0.0756811
-0.248265
0.202615
-0.141057
0.0910276
0.111699
0.172261
0.0367015
0.0406892
-0.0578862
-0.0120122
0.106191
0.100065
0.00144085
0.00115461
-0.0482656
0.185941
0.029359
0.115512
-0.0769654
0.0493549
-0.102464
-0.0701654
-0.0698194
0.0947235
-0.0188339
-0.0938328
-0.052797
0.0154329
-0.0210258
0.139668
0.134879
0.0472422
-0.124669
0.0162044
-0.100085
0.125243
0.245955
0.0110955
-0.153741
0.168693
0.102345
0.125762
-0.134824
-0.18727
-0.0295137
-0.0322537
0.165973
-0.140211
-0.0884237
-0.0515444
-0.0103478
-0.0327803
0.117914
0.0211189
-0.00301091
0.0258034
-0.00673645
-0.0345538
0.121445
-0.145366
0.18322
-0.116879
-0.139242
-0.180317
0.176658
0.101781
0.119674
0.119986
-0.01833
-0.154496
-0.111425
-0.137499
0.181959
0.102837
-0.0356663
0.231205
-0.0417201
0.0192988
-0.011171
-0.129656
-0.231627
0.0603924
0.0142648
0.140582
-0.0297137
-0.0183955
-0.07872
-0.0183058
0.0131017
0.217331
0.145377
-0.144693
0.0740322
0.150363
-0.229958
0.00165679
0.116795
-0.0516678
-0.152191
0.292239
0.16902
-0.0772832
-0.130933
0.219465
-0.0233486
0.0806983
0.207148
0.00400434
0.0329223
-0.0200259
0.189079
-0.0162212
-0.0810076
0.132221
-0.0128778
-0.000844553
0.09489
0.2142
-0.0440546
-0.027898
-0.0259038
-0.131533
0.0162202
0.0115538
-0.124986
-0.113146
-0.113079
-0.109472
-0.0226856
-0.101483
0.132613
-0.0685198
0.12884
-0.0617274
0.116143
0.0585571
-0.276978
-0.064338
0.0296679
-0.0652664
-0.076355
0.167324
0.155725
-0.132844
-0.0346863
0.157916
-0.109265
-0.100051
-0.090622
0.133112
-0.0624477
-0.0283054
-0.0846589
0.13298
-0.0658757
0.0693872
-0.11607
-0.102194
-0.232661
0.218034
-0.0929694
-0.0385733
-0.127566
-0.118693
-0.0286708
0.01582
-0.163047
0.146717
0.0464755
0.0298737
-0.0252494
0.0696701
-0.160222
-0.137809
0.228957
-0.0194563
-0.177917
-0.00554338
0.145641
0.203218
-0.105445
0.098469
-0.22046
0.0771564
-0.149327
-0.134197
0.108001
-0.0984167
-0.0838367
-0.239803
0.0727847
-0.16354
0.177354
-0.135739
0.273318
0.119998
-0.115877
-0.118859
0.0137273
-0.00207335
-0.170775
-0.0873646
-0.204982
0.0182382
0.0525541
0.0232306
-0.118334
-0.141613
0.0573673
0.135473
0.134195
-0.25904
-0.19646
0.00128883
0.0641055
0.181778
-0.0970291
-0.153782
0.0856907
-0.0208855
-0.00945291
0.207156
-0.0992249
0.067359
-0.126741
-0.0362626
0.105096
-0.0902393
-0.125995
-0.128857
-0.0276132
-0.212045
-0.160875
-0.085714
0.0247968
0.0828027
0.122262
-0.136311
0.142942
-0.104132
-0.0393397
-0.0696933
-0.00268582
0.0570564
-0.00216941
-0.14045
-0.137838
0.0581758
0.044817
-0.0484762
-0.143348
0.0189531
0.185427
0.234515
0.195321
-0.0610323
0.15703
0.123431
0.009895
-0.217325
-0.00416682
0.0411773
-0.233877
-0.246381
0.263411
0.0579032
-0.0149873
-0.111441
0.280978
0.163089
0.299132
0.00915514
0.0395609
0.0691636
0.0536118
-0.0867557
-0.0881473
0.243265
-0.0589121
0.208475
-0.160399
0.0578836
0.110923
-0.155508
0.119172
0.00396236
0.0526603
0.15782
0.0789616
-0.0518718
-0.0321401
-0.183221
-0.101515
-0.223878
-0.112712
-0.0493348
-0.129515
0.024386
-0.163604
-0.237939
888888
-0.0965481
0.0948659
0.031362
-0.0266907
-0.112141
0.027713
0.0979867
0.0749528
0.171963
-0.0588671
0.136666
-0.112
0.163513
-0.123254
-0.15489
0.170484
0.0574192
-0.00279596
0.172517
-0.00295379
0.0478303
-0.00679072
-0.0441737
-0.171268
0.106452
-0.0284849
0.0723174
0.196879
0.0725638
-0.00233148
-0.126159
-0.0935756
0.0549524
0.0518379
0.0504662
0.0507113
0.050247
0.0522801
0.0444521
0.0531771
0.0649867
0.0546202
0.0594104
0.0460068
0.0608614
0.0592853
0.052464
0.0517277
0.0528216
0.0538121
0.051976
0.0455739
0.0529419
0.0555428
0.0521473
0.0467897
0.0432196
0.0612184
0.0551479
0.0421925
0.0541016
0.0441318
0.0488992
0.0547527
0.0516904
0.0555661
0.0486129
0.0436678
0.0495073
0.0528559
0.051739
0.0560751
0.0485215
0.052214
0.0494468
0.0518279
0.0516721
0.0543078
0.0430578
0.0435986
0.0566005
0.0442058
0.0519502
0.0580699
0.0587448
0.0510794
0.0517571
0.0479783
0.0437772
0.0594749
0.0611212
0.0497007
0.0541198
0.0476653
0.0480039
0.0500615
0.0467282
0.0538996
0.0454024
0.0641941
0.0567932
0.0546391
0.0522669
0.0521698
0.051779
0.0460201
0.048656
0.0445498
0.0500016
0.0433967
0.0480469
0.0467122
0.0547535
0.0461016
0.0444168
0.060875
0.0416086
0.0475155
0.0516912
0.0604185
0.0532721
0.0464657
0.0578705
0.0463695
0.0516065
0.051484
0.0587275
0.0535298
0.0597697
0.0484515
0.0594756
0.0468781
0.0521821
0.0549466
0.048867
0.048143
0.0421041
0.0467812
0.0463684
0.0417019
0.0446924
0.0449942
0.062975
0.0635103
0.0555423
0.0521384
0.047742
0.0467265
0.0515011
0.0507235
0.0453707
0.0526027
0.0563233
0.059285
0.0521976
0.0569778
0.0552232
0.0545379
0.0507541
0.0491779
0.0487448
0.0476409
0.0469487
0.0510536
0.0511857
0.0467463
0.051547
0.0499479
0.0540312
0.0558028
0.0654557
0.055676
0.0486072
0.0503345
0.0510831
0.0446655
0.0511251
0.0487488
0.0462385
0.0537726
0.0625363
0.0491789
0.0460903
0.048703
0.0525184
0.0461936
0.047537
0.0517597
0.0420915
0.0484464
0.0472185
0.0487339
0.0538986
0.0477837
0.0506316
0.0524511
0.0538356
0.0434985
0.0561698
0.0435639
0.0522898
0.0490141
0.0435346
0.0419861
0.0556327
0.0508246
0.048896
0.0506124
0.0451897
0.0506185
0.0649007
0.0569877
0.0561679
0.0557426
0.0466613
0.0478739
0.0487061
0.0526751
0.049909
0.0531995
0.0521991
0.052206
0.0509261
0.0460914
0.0627313
0.0482582
0.0457729
0.0555491
0.0528783
0.0471709
0.0441251
0.0498387
0.047371
0.0499809
0.0507262
0.0449979
0.0487658
0.0543652
0.0404606
0.0455285
0.0488846
0.0497418
0.0491083
0.0455316
0.0538889
0.0466877
0.042737
0.0493313
0.0518294
0.0667361
0.049997
0.0482484
0.0451023
0.0459142
0.0557391
0.0376867
0.0555359
0.0468572
0.0557369
0.0558005
0.0570826
0.0562021
0.0512421
0.0515026
0.0462391
0.0415682
0.050121
0.0471733
0.0618409
0.0552402
0.0394171
0.0529672
0.05321
0.0510267
0.052156
0.0483512
0.0402264
0.0441064
0.0557653
0.0428741
0.0577915
0.0482301
0.0484954
0.0517962
0.0566604
0.0473555
0.0379656
0.0628145
0.0631852
0.0461656
0.0515292
0.0520279
0.0424387
0.0461877
0.0475572
0.0506595
0.0607199
0.0511675
0.0512605
0.0502202
0.0539725
0.0492764
0.04873
0.0514302
0.0521749
0.06045
0.0463319
0.0439758
0.0489292
0.0488364
0.0467257
0.0512459
0.0501407
0.0521663
0.0459765
0.0587585
0.0481008
0.0441027
0.0535972
0.0470331
0.04881
0.0531868
0.0612022
0.0549993
0.0501234
0.0571678
0.0496062
0.0470828
0.0490925
0.0542378
0.0501845
0.0547297
0.0533109
0.0550427
0.0534349
0.0539166
0.0509329
0.0521443
0.0446712
0.0458515
0.0447599
0.0575102
0.0406403
0.0509651
0.0505755
0.0481836
0.0497955
0.0487073
0.06553
0.046753
0.0465534
0.0510507
0.0502715
0.0503443
0.0565397
0.0522426
0.0519387
0.043568
0.0433404
0.0564105
0.0483271
0.0455562
0.0482171
0.0395292
0.0539827
0.054265
0.0429834
0.0450613
0.0597457
0.0458423
0.0504065
0.038894
0.0537171
0.0417013
0.0457642
0.0517476
0.0461737
0.0566253
0.0633289
0.0537662
0.0498959
0.0442989
0.0427722
0.0421598
0.0491907
0.0466602
0.0379074
0.0484338
0.0414438
0.0459625
0.0461447
0.0475953
0.0517777
0.0538343
0.0534302
0.0445721
0.0510907
0.0482968
0.0519046
0.0418199
0.0492138
0.0529926
0.0455644
0.0474924
0.0549887
0.0469795
0.0479313
0.042685
0.0532643
0.048006
0.0534394
0.0525412
0.0550668
0.0438078
0.0408478
0.0477308
0.0427118
0.0496058
0.0495678
0.050689
0.0492091
0.0499194
0.0551697
0.0493542
0.0463962
0.0422758
0.0572562
0.0601482
0.0458465
0.0482121
0.0397791
0.0572525
0.0537093
0.0494926
0.0515736
0.0516432
0.0505222
0.0525602
0.0448714
0.046712
0.0477982
0.0542649
0.0484249
0.0495376
0.0516719
0.0480398
0.0506518
0.0493438
0.0523867
0.0617312
0.0511176
0.0467274
0.0498971
0.0572713
0.0483309
0.05117
0.0504707
0.0562849
0.0596843
0.0530028
0.0488827
0.0464918
0.0531318
0.0579857
0.0526079
0.0569663
0.0446198
0.0506135
0.0608965
0.0498019
0.0502577
0.0566213
0.0467448
0.0459875
0.0402091
0.0453181
0.0489546
0.0537147
0.0498609
0.0479938
0.0533526
0.0558523
0.0493362
0.0476033
0.0584187
0.0474001
0.0405029
0.0509501
0.0546348
0.0449565
0.0540202
0.046507
0.0427679
0.0512869
0.0563091
0.0574078
0.0460007
0.0499776
0.0523274
0.0581978
0.0529809
0.0525168
0.0586098
0.0552374
0.0463303
0.0514087
0.0547298
0.0456999
0.0427967
0.0399243
0.0518826
0.0513307
0.0391431
0.0401286
0.0506683
0.0486097
0.0437374
0.0574102
0.0489381
0.0517465
0.0441045
0.0578195
0.0477748
0.0473656
0.0492044
0.0590594
0.0465154
0.050169
0.0466971
0.0523842
0.0564576
0.05743
0.0443188
0.0477047
0.0480489
0.0515748
0.0449651
0.0416735
0.0481991
0.0457921
0.0541208
0.0618112
0.0566699
0.0522949
0.0509695
0.0524024
0.0546614
0.0491692
0.0444281
0.0507871
0.0466174
0.0432193
0.0517148
0.0544672
0.0486021
0.0578327
0.0492093
0.0442125
0.0478403
0.0571645
0.058366
0.0424749
0.0466644
0.0503417
0.0475962
0.0511268
0.0513509
0.0491895
0.0616053
0.040286
0.0542456
0.05228
0.0564031
0.0571195
0.0506653
0.0503308
0.0532997
0.0636772
0.0527766
0.0543238
0.0458493
0.0499494
0.052951
0.0542648
0.044211
0.0564685
0.0457554
0.0569317
0.0539757
0.0487838
0.0414368
0.0415609
0.0438754
0.0539575
0.0507135
0.047611
0.0547604
0.0490818
0.0542939
0.0504192
0.0478762
0.0450398
0.0533913
0.0509111
0.0460075
0.0592828
0.0506487
0.0550647
0.0459973
0.0496558
0.0397498
0.0580364
0.0558493
0.0502635
0.0463647
0.0493823
0.0477565
0.0504672
0.0399884
0.0543837
0.0528743
0.0513005
0.0504297
0.0475824
0.0513092
0.052478
0.0471462
0.0509487
0.0471096
0.0533876
0.0466912
0.0501929
0.0509366
0.0443887
0.0493036
0.0362213
0.0457938
0.0533273
0.049468
0.0487857
0.0444786
0.0386905
0.0577588
0.0447951
0.0512484
0.0457863
0.0449447
0.0446981
0.0560001
0.0570081
0.0459543
0.0561021
0.0486245
0.0517391
0.0446335
0.0542793
0.052526
0.0446873
0.0459224
0.0472514
0.0473182
0.0474586
0.0451777
0.0457202
0.0492907
0.0611781
0.0565111
0.0470012
0.0633036
0.055725
0.0490891
0.0544361
0.0612509
0.0506467
0.0565205
0.0535814
0.0614455
0.04613
0.0505261
0.05175
0.0551206
0.0580833
0.0478475
0.0599507
0.0498442
0.0510894
0.0559665
0.0499146
0.0497191
0.0441218
0.0563919
0.0453922
0.0523349
0.0508008
0.0513606
0.0556432
0.0398506
0.0387461
0.0533062
0.0528956
0.0482165
0.0475968
0.060056
0.0427153
0.0514594
0.047269
0.0509109
0.0513915
0.0467242
0.0559016
0.0586054
0.0395649
0.0575968
0.0442354
0.0397616
0.0588964
0.0535704
0.0402457
0.0567313
0.0566312
0.0488806
0.0495504
0.0566636
0.0535906
0.0533838
0.0456391
0.0560933
0.0393361
0.0420895
0.055072
0.0569512
0.0514306
0.0469015
0.0566833
0.0558885
0.0428781
0.0517188
0.0417355
0.0521247
0.0528917
0.0517151
0.0583449
0.0481693
0.0447352
0.0515754
0.0562406
0.0515309
0.0397066
0.0495049
0.0532169
0.0504323
0.0587507
0.0613583
0.0557777
0.0444021
0.0433577
0.0414464
0.0400329
0.0585104
0.0473776
0.0528531
0.0497854
0.0482045
0.0494598
0.0548177
0.0473126
0.049904
0.0439029
0.0534424
0.0437876
0.0455145
0.0498466
0.0445917
0.0518186
0.0527376
0.0386187
0.0562833
0.0512767
0.0577638
0.0458431
0.0537154
0.058809
0.0505423
0.051516
0.0455024
0.0475692
0.048943
0.0440653
0.0444444
0.0475445
0.0517822
0.0472801
0.0487373
0.0490267
0.0547743
0.0489672
0.0518502
0.0520412
0.0398406
0.0586022
0.0567576
0.0518657
0.0482151
0.0515283
0.0576398
0.0475657
0.0632195
0.0516448
0.0484161
0.0561815
0.0501692
0.0517641
0.0497874
0.0441572
0.0574325
0.0533218
0.048904
0.0478635
0.0505795
0.0539895
0.056387
0.0466472
0.0517142
0.0551114
0.0537302
0.0488625
0.0437393
0.049024
0.0493237
0.0466294
0.043053
0.0548238
0.05136
0.0496672
0.0520698
0.0510226
0.0467292
0.0475553
0.051735
0.0588817
0.0457622
0.0564773
0.0422109
0.0536613
0.0555059
0.0433596
0.0433931
0.0447743
0.0443311
0.046375
0.0427332
0.0457643
0.048228
0.0476564
0.0460441
0.0434181
0.0650941
0.0453592
0.0545144
0.0567236
0.0538076
0.049876
0.0504702
0.0412918
0.0461416
0.0542686
0.0489723
0.0580836
0.058953
0.0449138
0.057577
0.0462557
0.0384928
0.0430705
0.0610876
0.053001
0.0440659
0.054676
0.0534653
0.0485504
0.0555338
0.0531301
0.0445127
0.0404909
0.0611818
0.0560478
0.0521107
0.0518032
0.0554546
0.0589692
0.0527179
0.0588135
0.0436319
0.0512355
0.0577138
0.0462608
0.0560114
0.0498578
0.0473027
0.0476323
0.0460385
0.0496923
0.0553322
0.0575099
0.0596133
0.044004
0.0504145
0.0564871
0.0437502
0.0503902
0.0423857
0.0554931
0.0466095
0.0462219
0.0559211
0.0567623
0.0504917
0.0556281
0.0515831
0.055041
0.0617122
0.0447525
0.0463748
0.0503958
0.0513715
0.0514633
0.0484916
0.044926
0.0347531
0.0508393
0.0534144
0.0520261
0.0585741
0.0461162
0.0499275
0.0509001
0.052396
0.0402932
0.0479222
0.0459741
0.0501524
0.0502921
0.0464375
0.0498101
0.0512798
0.0503915
0.0440311
0.0519584
0.0625256
0.0419307
0.0557161
0.0477863
0.0502595
0.052905
0.0491655
0.0492659
0.0526703
0.0684329
0.060502
0.0472272
0.0432596
0.0473197
0.0453042
0.0507181
0.0435169
0.0516541
0.0519981
0.052026
0.0558122
0.0536144
0.05191
0.0540478
0.0559319
0.0500214
0.05388
0.0562579
0.0475892
0.0539666
0.0559095
0.0496517
0.0431636
0.0576391
0.0444568
0.0456207
0.0457865
0.0558823
0.0547181
0.061405
0.0537783
0.0538857
0.04384
0.048717
0.0498307
0.0425965
0.0449685
0.0509196
0.0519267
0.0595264
0.0483212
0.0484418
0.0490614
0.0578489
0.0569426
0.0477479
0.0502368
0.0509619
0.0589725
0.0471856
0.040827
0.0515753
0.053056
0.0404139
0.0509141
0.0457409
0.0576195
0.0433516
0.0543667
0.0422853
0.0497523
0.0646461
0.0474756
0.0450196
0.0578098
0.0443236
0.05144
0.0500966
0.0517761
0.0553799
0.0485376
0.0500756
0.055559
0.0514046
0.05397
0.0543178
0.0557537
0.046051
0.0406508
0.045925
0.0497849
0.0518522
0.046432
0.053972
0.0596484
0.0484149
0.0517368
0.0557551
0.0549666
0.05365
0.0443856
0.049715
0.052793
0.0546224
0.0593442
0.0468425
0.0468493
0.0453885
0.0468511
0.043746
0.0589096
0.0632667
0.0554783
0.051622
0.0490731
0.0513933
0.0410601
0.0543267
0.0495685
0.0594856
0.0463262
0.0459172
0.0581973
0.0442851
0.0442681
0.0532004
0.0504306
0.0570759
0.0622525
0.0524624
0.04495
0.0553241
0.0372851
0.0495937
0.0484389
0.0416068
0.0573373
0.0451901
0.0544372
0.0499664
0.0554994
0.0373005
0.0442294
0.0490274
0.0439657
0.0465117
0.059029
0.0409797
0.045628
0.0534742
0.0492418
0.0567808
0.0443203
0.0479601
0.0437447
0.0458759
0.0498287
0.0523375
0.0448719
0.0546054
0.046778
0.047741
0.0486737
0.0457719
0.0392732
0.0505769
0.0483747
0.054885
0.0522895
0.0442168
0.0450039
0.0453401
0.0520518
0.053314
0.0412679
0.0441018
0.0460042
0.0479261
0.0575182
0.0559116
0.0451334
0.0512327
0.0538249
0.0484785
0.0463886
0.054958
0.0477834
0.0547938
0.0446027
0.051982
0.0439732
0.043568
0.0453474
0.0467861
0.0536049
0.046365
0.0480868
0.0487471
0.0457288
0.0557214
0.0515153
0.0513138
0.0444598
0.0590421
0.0539127
0.046391
0.0497719
0.0498976
0.0512327
0.0503476
0.0460657
0.04541
0.0539714
0.0410871
0.04415
0.0473723
0.0535909
0.0430229
0.0474734
0.0506591
0.0460339
0.0454821
0.0599254
0.0572766
0.0511655
0.049347
0.0557209
0.0486582
0.0474201
0.0493475
0.0538985
0.0470287
0.0475308
0.0522776
0.0544781
0.0497392
0.050886
0.0607348
0.0591687
0.0462083
0.0527488
0.0403988
0.0452965
0.0509313
0.0409387
0.0467969
0.0473438
0.049101
0.040239
0.0447797
0.0437057
0.0555119
0.059912
0.0499231
0.0525948
0.0489131
0.0484497
0.048926
0.0433685
0.0490079
0.0453961
0.0463594
0.0534619
0.0417557
0.0489654
0.0541489
0.0491624
0.0535803
0.049482
0.04974
0.0519716
0.047215
0.0534493
0.0470639
0.0513514
0.050522
0.0461567
0.0581095
0.0537174
0.0529781
0.0439905
0.0602203
0.0590811
0.0493225
0.0491946
0.0424662
0.0433854
0.0461338
0.04592
0.0511641
0.0467626
0.0522835
0.0564201
0.0519019
0.0476516
0.0503217
0.0518722
0.050606
0.0469321
0.047477
0.0480173
0.0463929
0.0465485
0.0493017
0.0417058
0.042618
0.050295
0.0412341
0.0508956
0.0502394
0.0461422
0.0549667
0.0525015
0.0541516
0.0590278
0.063516
0.0499449
0.0433983
0.0560521
0.0537226
0.0541865
0.053527
0.0476015
0.0498936
0.0555461
0.0519032
0.0623479
0.0459784
0.0446809
0.045524
0.0456765
0.0464446
0.0558988
0.0585523
0.0463456
0.0417311
0.066326
0.0488004
0.0545261
0.053386
0.0471278
0.051473
0.0497975
0.0466086
0.0533553
0.0533777
0.0559741
0.0424379
0.0431769
0.054322
0.0529267
0.0493859
0.0458814
0.0475219
0.0470414
0.0513239
0.0453091
0.0560124
0.0535883
0.0504209
0.0540002
0.0606204
0.0559196
0.0485336
0.0418859
0.0640617
0.0464344
0.0524204
0.0489629
0.047509
0.0532492
0.053088
0.053655
0.0456836
0.0501655
0.0472402
0.046929
0.0509145
0.0478681
0.0423456
0.0674199
0.0462474
0.0518796
0.0655591
0.0495444
0.0587704
0.0462851
0.0519915
0.0541117
0.0486567
0.0496154
0.0431015
0.0463481
0.0468206
0.0444056
0.0521861
0.0577508
0.0424392
0.0451381
0.0498497
0.046835
0.0533813
0.0475862
0.0523094
0.0501021
0.0408069
0.052024
0.0435423
0.0482267
0.047435
0.0497677
0.0413556
0.0518952
0.0565865
0.0432014
0.0498545
0.0547743
0.0576423
0.0431881
0.0512824
0.0537523
0.0440754
0.0409749
0.0477044
0.04972
0.0476893
0.0501132
0.0548826
0.0465875
0.0517711
0.0452072
0.0604813
0.0384963
0.044218
0.048279
0.048327
0.0484707
0.0543273
0.0512765
0.044983
0.0499891
0.0460564
0.0544995
0.0529826
0.0476266
0.0523211
0.053229
0.0459678
0.039555
0.0478425
0.049498
0.0499686
0.0441942
0.0537685
0.057313
0.0614198
0.0487006
0.0498815
0.0412797
0.0469443
0.0410467
0.0480274
0.0461645
0.049461
0.0461158
0.0548482
0.0438083
0.0486803
0.0507226
0.0402681
0.0381865
0.0540556
0.0509338
0.0425567
0.0394704
0.0469172
0.0454224
0.0502263
0.0518227
0.0521761
0.0475946
0.0540537
0.0495714
0.0493823
0.0550918
0.0505963
0.0405811
0.0636615
0.0676104
0.0435293
0.0507553
0.0419423
0.0441957
0.0540234
0.0535129
0.049607
0.053015
0.0491801
0.0402126
0.0476863
0.0549868
0.0613895
0.0608943
0.0435435
0.0477886
0.049644
0.0538163
0.0473146
0.0548614
0.0399053
0.0492694
0.0470426
0.0469037
0.0508634
0.0596971
0.0591468
0.0517742
0.0496839
0.0455553
0.0464077
0.0482818
0.0424104
0.0547499
0.0444879
0.0535851
0.0590079
0.0422651
0.0435294
0.0510483
0.0385471
0.0581247
0.0502232
0.0434963
0.0540046
0.0583325
0.0472673
0.044099
0.0536419
0.0504815
0.0463097
0.0439995
0.047897
0.0403826
0.0445482
0.0555491
0.0410664
0.0487703
0.0486217
0.0534357
0.0493709
0.0464475
0.0491184
0.0397241
0.0542456
0.0512311
0.0552276
0.0741215
0.0475382
0.0440065
0.0664258
0.0562646
0.0546175
0.0525566
0.0499598
0.0552876
0.0480593
0.043641
0.0561058
0.05903
0.0475961
0.0553914
0.0430117
0.0542279
0.0492827
0.0430371
0.0468972
0.0417405
0.0553864
0.053332
0.0478625
0.0497651
0.0432471
0.0477364
0.0459084
0.0569804
0.0419082
0.0461867
0.0511664
0.0513781
0.0495001
0.0435206
0.0542041
0.0497286
0.0520916
0.0493884
0.0513117
0.0499946
0.0431691
0.0493049
0.0477333
0.0581294
0.0575881
0.051703
0.0506712
0.045021
0.0460295
0.0536187
0.0454398
0.0481821
0.055224
0.044677
0.0566155
0.0473808
0.0575684
0.052839
0.047034
0.0556629
0.0539744
0.0404277
0.0498659
0.0556984
0.0535455
0.0500865
0.0546093
0.0595648
0.0528627
0.0597213
0.0469359
0.056153
0.0547654
0.0553402
0.0523683
0.0623768
0.0537103
0.0473526
0.0574438
0.0495033
0.0605296
0.0421533
0.0615024
0.0513141
0.0578605
0.0566676
0.0407586
0.0453879
0.0491539
0.0445812
0.0426467
0.052921
0.0562578
0.0459253
0.0459472
0.0434475
0.0568683
0.0504169
0.0481174
0.0475554
0.0597826
0.0534333
0.0453935
0.0489297
0.0498856
0.0618719
0.051143
0.0462846
0.0433004
0.0497827
0.0394273
0.0460781
0.0466317
0.0537195
0.0538236
0.056493
0.0497363
0.0478642
0.0387372
0.0537712
0.0467644
0.0518725
0.0567441
0.0535004
0.0516162
0.0498193
0.0506678
0.0469281
0.0619516
0.0447268
0.0475898
0.0603655
0.041369
0.0604367
0.0452004
0.0446371
0.0496463
0.0496755
0.0486814
0.0455707
0.0488349
0.055266
0.0484774
0.0501401
0.043678
0.0469782
0.042191
0.0564251
0.0594593
0.0613136
0.0526597
0.0504893
0.0467553
0.0514103
0.0452285
0.0518802
0.0454736
0.0544793
0.0539178
0.0547942
0.0617987
0.0478956
0.0517189
0.0428525
0.0432769
0.0598052
0.0481105
0.0472435
0.042685
0.0432435
0.0564805
0.0508763
0.0431957
0.0485973
0.043895
0.0473412
0.0465275
0.0537765
0.0515671
0.0527098
0.0502248
0.0594244
0.0472133
0.0506148
0.0513784
0.05
0.05
0.05
0.05
0.05
0.05
0.05
0.05
0.05
0.05
0.05
0.05
0.05
0.05
0.05
0.05
0.05
0.05
0.05
0.05
0.05
0.05
0.05
0.05
0.05
0.05
0.05
0.05
0.05
0.05
0.05
0.05
777777