2.91048
999999
-0.162452
-0.383791
0.199384
0.068512
-0.114353
0.235715
-0.0246405
-0.128604
0.163274
-0.270284
0.2503
-0.126191
0.224536
-0.109399
0.57496
-0.0240912
-0.0709279
0.147304
-0.237308
0.00843118
-0.140303
0.144587
0.156773
-0.187869
0.102163
0.197097
0.0756236
-0.0234675
0.0615005
-0.152264
0.289223
-0.178435
-0.0818983
-0.179044
-0.0636746
-0.0729567
0.16776
0.0130097
-0.0336835
-0.0868679
0.00105626
-0.113652
0.121225
0.0730281
-0.050455
-0.091014
0.0373273
0.0178371
-0.180576
0.213427
0.118381
-0.0494637
0.016599
0.00865688
0.0248355
-0.0395892
0.157284
0.06284
0.103692
0.154642
0.063438
0.0466456
0.0323366
0.18627
-0.135242
0.243454
-0.0355238
-0.187076
-0.0139137
0.178665
-0.044704
-0.0959351
-0.114137
0.125633
-0.177108
-0.145861
-0.202258
-0.219527
-0.164013
-0.115036
-0.180919
-0.000959476
-0.126295
0.139382
-0.0395004
0.249926
-0.236256
0.0415344
0.137092
-0.0786248
0.052243
-0.245769
0.234718
0.216071
0.0538418
-0.00522781
-0.160944
-0.0801483
0.0604999
-0.181535
0.0525406
-0.286048
-0.120558
0.0667882
0.328524
0.0890408
0.0396344
-0.0302985
-0.00248969
0.0259539
-0.136228
0.181676
-0.164476
0.0150288
0.139056
-0.159741
-0.0440342
-0.141484
-0.0280708
-0.118811
0.0194262
-0.0235174
0.160884
0.215567
-0.0280666
0.0147398
0.0677698
0.147649
0.0819192
-0.247421
-0.0374556
-0.129269
0.119327
0.0823367
-0.0503392
0.195336
-0.0523905
-0.0839769
0.201987
0.225334
0.0014764
0.0766093
0.1838
-0.0699074
-0.267786
-0.118765
0.0450386
0.0269726
-0.113301
-0.0469267
0.0190173
0.052411
-0.165184
0.201038
0.167367
-0.0611593
0.170873
-0.0147741
-0.207885
0.00253159
-0.100232
-0.0147405
0.110337
0.151488
-0.227548
0.0525041
-0.0620101
0.100174
-0.0191324
0.185906
0.142046
0.21007
-0.0143737
0.271258
0.0157068
0.102726
0.179521
-0.106466
0.106508
0.129405
-0.108596
0.016989
0.0365587
-0.0599272
0.170966
-0.0641834
0.0772111
-0.114737
-0.102969
-0.120463
0.276839
0.0807371
-0.0267419
0.187946
-0.0244929
0.108684
-0.155394
0.163385
0.107641
-0.00105509
0.164755
-0.277449
-0.0375201
-0.0562479
-0.229849
-0.00295733
0.0121398
0.0608473
-0.0326976
0.347303
-0.190789
-0.0140585
-0.282102
-0.190215
0.02757
0.133176
0.172872
-0.0249314
-0.00970144
0.0103464
-0.0257266
-0.17527
-0.00804414
0.246972
0.0233733
0.112794
-0.0715677
-0.176174
0.230652
-0.0210602
0.1749
-0.0411654
0.00612152
-0.141725
0.1974
-0.337792
-0.206786
-0.0270661
-0.0806443
0.214384
-0.25412
0.0932245
0.201808
0.0552191
0.243863
-0.114958
-0.128072
0.146267
0.175686
-0.204809
-0.157889
0.154667
0.0331389
0.0571897
0.183569
-0.217018
0.105158
-0.0617091
-0.0359843
0.0117283
0.0355328
0.257628
0.250043
-0.0279995
-0.0939355
-0.281707
0.0649763
-0.162835
-0.150406
0.133641
0.031883
0.0773918
0.194063
-0.00856602
0.194782
0.0387824
-0.218455
0.104201
-0.0383104
0.00494681
0.274916
-0.262164
0.0792605
0.128063
-0.198086
-0.166175
-0.0721074
0.0879509
0.125831
0.153987
-0.148241
-0.00296422
0.112858
-0.0558688
0.12203
-0.163968
0.159805
-0.0815379
-0.153322
-0.062386
0.139875
-0.0282154
0.0759302
0.146886
-0.0539703
-0.154464
0.0328351
-0.0920378
-0.0677782
0.0969469
0.116347
0.0309532
0.14376
-0.0695423
-0.0233795
-0.168035
-0.0416475
-0.158034
0.160619
-0.054124
0.126478
-0.0959263
-0.162209
0.0516347
0.0320896
0.191514
0.0911246
0.239086
0.176657
-0.127879
0.0671274
0.0287454
-0.196391
-0.112588
-0.051323
0.168031
-0.0142282
-0.0515467
-0.0728442
-0.103766
-0.179985
-0.0813305
-0.214576
0.0922865
-0.137261
-0.0538866
0.0870577
-0.178582
-0.278418
0.0393493
0.076008
0.278076
-0.0719664
0.061967
-0.0414286
0.0904662
0.277302
-0.204495
0.0252079
0.0806034
0.0539686
0.0210462
0.0842229
-0.0268816
0.0980718
-0.0565382
-0.218862
-0.0284141
-0.2454
0.159826
-0.186615
0.0576522
-0.150744
0.0577432
-0.0998004
0.142991
0.129405
0.00110382
0.206178
0.145759
0.0980198
0.233962
0.0543646
0.151268
-0.300992
0.0179295
-0.180986
0.244789
0.0520842
-0.179672
-0.202252
0.0832287
-0.146003
0.179903
0.166093
-0.128403
0.115476
-0.0349927
0.19858
-0.213669
-0.0711217
-0.0564287
-0.0167118
-0.238523
-0.1921
0.158957
-0.0069235
0.113673
-0.068368
-0.0964719
-0.0519911
-0.138399
-0.101201
-0.105621
0.191095
0.0209628
0.0174319
0.114454
-0.0046674
0.273355
0.128843
0.0237252
-0.0148848
0.260843
0.0849065
-0.172136
-0.00560033
0.124591
0.17824
-0.0621657
0.12083
0.121872
0.173316
-0.0489584
0.00890665
-0.14375
-0.11807
-0.106333
-0.136864
0.238208
0.17394
0.125149
-0.159964
-0.0075908
-0.159676
-0.130275
0.134459
0.0981562
0.0534948
0.0105466
-0.114833
-0.156833
-0.179994
0.019752
-0.110727
-0.299422
0.0603349
0.235757
0.175827
-0.264628
0.111183
-0.158408
-0.142622
0.0968648
0.146738
0.152926
-0.19819
-0.132471
0.0140982
0.108399
-0.0453086
0.0321775
0.0229285
0.0816372
0.0575753
-0.0406797
-0.151203
-0.07975
-0.0940465
-0.0476876
-0.19749
-0.157207
0.25266
0.0239045
0.221464
0.105217
-0.123889
0.0853779
-0.00966518
-0.0874826
0.276259
-0.194135
-0.0288473
0.150316
0.00807638
0.278677
0.0324153
-0.0353263
-0.0415991
-0.0403802
0.0612377
-0.190551
-0.271153
-0.0891097
0.0542219
0.224587
0.242622
-0.149194
0.00970704
-0.131103
-0.0519073
-0.171791
0.139524
0.135226
-0.0239764
-0.0831361
0.0219086
-0.130275
0.0841783
-0.108015
-0.0106001
-0.106237
0.0035089
-0.162628
0.253005
-0.0537529
0.135516
-0.0315602
-0.220467
0.0929962
0.0254741
0.046947
0.0316789
-0.0271434
-0.0593039
-0.11042
-0.136031
-0.0251006
-0.221147
-0.0724936
-0.249411
0.00692615
0.219296
0.115928
0.0228681
-0.112627
0.166096
-0.120234
-0.217973
0.201782
-0.0594837
-0.0867964
-0.151179
0.105643
0.0191294
0.137204
-0.043886
-0.0193485
-0.00130082
0.0859411
0.176415
0.00503324
0.0283655
0.0877813
-0.243414
0.0440399
-0.00665498
-0.159297
0.0282796
-0.0228836
0.00970129
0.214701
-0.0739151
0.122336
-0.0513264
0.00687829
0.156605
-0.176476
0.119858
-0.0457944
-0.222422
0.0490509
-0.00180507
0.193628
-0.300764
0.155591
0.206226
0.129107
0.0876641
0.0882722
0.0163535
0.0420597
-0.0427882
-0.254547
0.199698
0.129924
-0.203778
-0.0368323
0.074016
0.190339
-0.135809
-0.0172667
-0.105611
-0.0229005
0.311968
-0.144507
-0.143425
-0.0782878
0.0287255
0.126368
-0.0581299
0.0946825
-0.0922933
-0.0915288
0.143357
0.0390253
0.161514
0.0903155
0.244626
0.169073
-0.187331
0.209428
0.150585
-0.0954831
-0.103202
0.208558
-0.0761779
-0.0610837
-0.140104
-0.180824
0.057209
0.270375
0.223588
-0.185971
-0.050154
-0.0670878
-0.229945
0.0400599
-0.22043
0.0310372
-0.0846505
0.00294195
0.286014
-0.185372
0.10412
-0.0219179
0.0187922
-0.275295
0.297723
0.167901
0.103953
0.217249
0.142796
0.243103
0.0201808
0.0201067
0.173809
0.0941171
0.2156
-0.0868619
-0.146788
-0.038929
0.0293993
0.0360817
-0.24101
0.168999
-0.245297
0.12078
0.0992345
0.107413
0.148616
0.146834
-0.186981
0.130083
0.088261
0.155486
-0.197343
0.243156
0.260842
0.171568
0.05387
-0.206639
-0.0747592
-0.094275
0.134933
0.0467666
-0.314426
0.142681
0.225789
-0.0177709
0.00503371
-0.029559
-0.126629
-0.163204
-0.224112
-0.184226
-0.0617847
0.180872
0.0378299
0.132609
-0.234449
-0.182282
-0.0639671
0.16784
0.0373102
-0.190017
-0.032437
0.21058
0.0497213
-0.349312
-0.0709854
-0.222111
-0.323632
-0.306761
0.144959
0.031143
0.00764228
-0.146385
-0.0110586
0.0713952
0.187172
0.123676
-0.171539
0.187196
0.174889
-0.034037
0.0149469
0.102228
-0.167276
0.0397522
-0.0349598
-0.0346853
-0.131986
-0.208775
-0.180648
0.19455
0.058912
0.0971971
-0.204446
-0.176209
0.0407587
0.166504
0.0842997
0.107584
-0.178893
0.118018
-0.00893468
0.0423342
0.0247422
0.157841
-0.185924
-0.0329812
-0.199152
-0.0653483
-0.139306
0.15423
-0.00258076
-0.0291125
0.23535
-0.113375
0.196306
-0.130083
-0.104656
-0.166771
-0.139046
0.0781238
0.0373025
0.134458
0.188547
-0.0204468
-0.0236166
-0.135081
-0.196284
0.00101148
0.0684122
0.187075
-0.0641036
-0.138032
-0.0261201
0.0221391
-0.183171
-0.0179233
0.0731781
0.08687
-0.0569369
-0.196933
-0.0709971
-0.21049
-0.0340123
-0.178001
-0.163104
-0.219166
0.0507621
0.217877
-0.0665865
-0.212469
0.136098
0.237612
0.201496
0.0546641
-0.0300157
-0.279721
0.0368647
0.133109
0.0145429
0.0545309
0.0190184
0.157275
-0.0766663
0.170938
0.116654
0.10194
0.125881
0.224695
-0.164261
-0.165333
-0.0604479
-0.159803
0.193181
0.0364749
0.185367
-0.159725
0.163777
-0.091783
0.0351246
0.121871
-0.0799868
0.0498827
-0.0958526
0.0398207
0.025958
0.0892287
0.0663066
-0.0390213
0.0117819
-0.139064
0.101336
0.178582
-0.000218894
-0.157898
0.171373
0.154657
-0.0479966
-0.0788952
-0.0111387
0.0460923
-0.101227
0.182142
-0.129461
0.120214
-0.0943364
0.1834
-0.0144919
0.197217
0.138502
0.0655973
0.0100218
-0.13513
-0.0997129
0.0853039
-0.0321144
0.0125188
-0.147461
0.00720222
-0.0216931
0.195816
0.0955665
-0.264348
-0.0749069
-0.16348
0.0607793
0.0174951
0.00569457
-0.259619
0.101622
0.197908
-0.120033
-0.104808
0.149154
0.156449
0.0562514
0.101822
0.0277386
0.139907
0.111791
0.0614174
0.0576021
-0.190264
-0.0785084
-0.0340952
-0.0593167
0.0318824
0.206731
0.252468
0.0583982
-0.31805
-0.173383
0.0420572
-0.222671
-0.125475
-0.00494386
0.0619198
-0.070527
0.162862
0.251571
0.0158417
0.104886
0.0274491
-0.0968151
-0.0828587
-0.24851
0.1334
0.153907
0.032642
0.0885407
-0.0637655
0.0766902
0.0951925
0.0653067
-0.0744777
0.017241
0.0904715
0.0131914
-0.175106
-0.041465
-0.00243857
-0.0744207
0.127165
0.150217
-0.156313
0.114025
-0.077508
-0.132254
0.231913
0.0509464
0.166196
-0.0180148
-0.11055
0.0418182
0.116713
0.14722
0.0704609
0.15481
-0.129717
0.150258
-0.0977582
-0.0853174
-0.115286
0.0311082
-0.10651
-0.02025
0.019011
0.0972968
-0.250604
-0.157304
0.0544033
0.118179
-0.152152
0.0860751
0.0477757
0.179281
-0.24937
-0.0889583
-0.0765096
-0.156937
0.0971651
0.255921
-0.0541445
0.204351
0.0875808
0.15092
0.156349
-0.115471
0.0860855
0.150367
0.169464
-0.244926
0.119373
-0.105493
0.0407066
0.180841
0.0334321
0.00278658
-0.235737
-0.136093
0.0265364
-0.117133
0.133081
0.124895
0.101189
0.160556
-0.14806
0.0923411
0.136005
-0.0746379
-0.0860344
0.0459159
0.253426
-0.128489
0.0757979
0.115548
0.321894
0.0341134
0.0619325
0.323226
-0.111499
0.293797
-0.0205603
-0.146592
-0.330798
0.180107
0.148174
-0.116664
0.125976
-0.099386
0.183182
-0.00683131
-0.123609
0.0736817
-0.203173
0.0250383
-0.0710189
-0.157399
0.0298244
0.0994074
0.0432642
-0.147071
-0.160285
-0.035411
-0.135405
-0.106454
0.0274977
-0.0683431
-0.00505619
0.13524
0.208549
0.161441
0.0591165
0.187631
0.0888331
0.0411948
-0.212276
-0.191078
0.108771
-0.222564
-0.0609561
0.10017
-0.0946957
0.0666677
-0.0777219
0.0441509
0.121655
0.2344
0.0267718
-0.0923143
0.0901059
-0.069965
0.0626338
0.0298355
0.0148268
-0.136515
-0.0106808
-0.140118
0.183212
-0.165095
0.244795
-0.0475329
0.00634894
-0.102629
0.0477784
-0.0165683
-0.234657
0.0884949
0.118085
0.163354
-0.152594
-0.0779946
-0.195435
-0.121416
-0.0334743
-0.0260127
0.138503
-0.130014
-0.153553
-0.0801164
-0.0839381
-0.157482
0.0153157
-0.173675
0.14184
0.00620504
-0.0429723
0.0581707
0.368933
0.132949
0.0585322
0.152136
-0.149119
-0.094215
-0.282975
0.131413
-0.0310923
0.152803
0.0857199
0.0778103
0.234844
0.165295
-0.211959
0.131553
-0.00885725
-0.000417471
0.152013
-0.110383
-0.165884
-0.0819859
-0.0882404
0.1578
-0.0461876
0.136828
0.17507
0.24653
-0.042365
0.0797131
-0.184232
0.116089
0.0562259
-0.140413
0.109141
0.154466
0.177293
0.0982996
0.0866473
0.0709101
-0.0686614
-0.0886171
0.045949
-0.272408
-0.144673
-0.136935
-0.0650881
0.0185587
-0.0304998
0.143039
-0.102255
-0.00557882
0.128842
-0.0074559
-0.00712433
-0.207745
0.153094
-0.169169
0.0356135
-0.0618034
0.0852938
-0.0637773
0.00813267
0.132478
0.0987021
-0.0591047
-0.207647
-0.0915358
0.176593
0.0959724
-0.209512
-0.132836
0.125479
-0.0694168
0.072588
-0.0324941
-0.131734
0.012632
-0.136845
-0.120295
7.14064e-05
-0.0608119
-0.0249155
0.0629445
0.037591
0.0511389
0.0408438
-0.235243
-0.0420622
-0.069652
0.0249818
-0.060393
-0.0992612
-0.0836748
0.11124
0.0773458
-0.0707098
-0.0616195
0.182597
-0.0957573
-0.0494167
-0.0391527
-0.0391705
0.175614
-0.173011
0.0232365
0.172238
-0.287831
-0.224721
0.192624
0.0753042
0.120809
-0.116973
-0.216224
0.0641682
0.0303693
0.135491
-0.0188767
0.0852932
-0.121515
-0.0774249
0.240044
0.0953705
0.258773
-0.000508426
-0.16612
-0.166286
-0.0747663
-0.256884
0.100617
0.0774156
-0.104575
-0.0873833
-0.0230975
0.144613
-0.0596121
-0.0029461
-0.0775379
0.326339
-0.143743
0.0743914
-0.0365812
0.143459
-0.00359777
-0.155619
0.0609027
-0.0659558
0.0636741
0.113177
0.00257877
-0.05846
-0.0869035
-0.190754
0.237836
0.0658519
0.104753
-0.0305247
-0.192475
0.00777872
-0.104781
0.0693492
-0.0222717
0.204003
-0.147781
0.0961022
0.0686594
0.163798
-0.18822
-0.0185457
-0.28135
-0.216256
-0.198281
-0.126351
-0.136734
-0.0569754
0.0136806
0.0939033
-0.123156
-0.0668807
-0.26671
0.0573024
0.00447335
-0.129707
-0.110089
-0.0973049
0.0859243
0.106183
-0.00220442
-0.174562
0.0953209
0.076461
-0.0944264
-0.118336
0.052121
-0.0379234
0.191395
0.148668
-0.188887
-0.0205412
0.0475686
0.101229
0.0990337
-0.184846
-0.0886902
0.161901
-0.139206
0.0303131
-0.232873
-0.139561
-0.118999
-0.0735012
0.0826534
0.0215075
-0.0912936
0.190696
0.114125
0.0799665
-0.157719
0.0861801
-0.182766
-0.181405
-0.090438
-0.206864
0.115986
0.21749
0.0042902
0.205213
0.015235
0.151346
-0.182816
-0.164224
-0.0935563
-0.135895
-0.00947612
0.0852797
0.105988
0.0267029
-0.0167641
-0.180207
0.180623
0.119032
-0.0575426
-0.0124048
-0.229957
0.055067
-0.147119
0.0623263
0.00240338
0.19379
0.0338334
0.121793
0.110821
-0.233182
0.0159091
0.162703
-0.197915
0.209174
0.131788
0.245103
-0.192293
0.119696
-0.0341434
0.16259
0.216491
0.265824
-0.0171946
0.0451946
-0.0778026
0.165542
0.0911204
0.125113
-0.0293584
0.042228
-0.0914557
0.0288417
-0.12424
-0.0458683
0.0806935
0.0110682
-0.0274067
0.089925
0.128025
0.0615177
0.247686
-0.271615
-0.174089
-0.430703
0.232541
0.124141
0.178658
-0.0644253
0.0456305
0.185718
0.0928015
-0.00209584
0.1337
-0.0805185
-0.278554
0.217605
-0.134823
0.0827497
0.00738589
0.0493064
-0.00514884
0.0629106
-0.0901671
0.0248298
-0.00116621
0.184847
-0.0338948
0.0674337
-0.0768719
0.155235
0.0520546
0.146306
-0.129865
0.0716615
-0.117365
-0.070658
-0.0830903
0.11045
-0.0361425
-0.0851569
-0.0604064
0.0621653
-0.0505863
0.113589
0.200604
0.0511885
-0.159748
-0.000769851
-0.0773986
0.142358
0.255542
-0.102755
-0.0785816
0.0658192
0.109201
0.110255
-0.126824
-0.165582
-0.0219241
-0.0808099
0.166825
-0.165362
-0.214928
-0.0202712
-0.00560712
-0.014068
0.207969
-0.028831
0.078283
0.0680354
0.0284003
-0.0512284
0.0343499
-0.0991301
0.116935
-0.119549
-0.112678
-0.192349
0.236372
0.132878
0.0611815
0.126331
-0.0221377
-0.156311
-0.0663494
-0.242101
-0.00722581
0.144041
0.0287044
0.296955
-0.058655
0.0379739
-0.0591205
-0.122133
-0.199327
0.106452
0.0873213
0.0504923
-0.0668205
-0.0565807
-0.0526862
0.00398772
0.00710749
0.177345
0.174155
-0.123295
0.078298
0.134088
-0.182137
0.0258069
0.113047
-0.177019
-0.141982
0.373599
0.0918436
-0.0261528
-0.140091
0.277836
-0.0103084
0.103394
0.285527
0.0225535
0.0436769
-0.0604824
0.142298
0.0361772
-0.0928838
0.153254
0.0594706
0.0684469
0.125313
0.324189
-0.0382013
-0.106721
-0.0684425
-0.226731
0.0245672
0.0165611
-0.0519813
-0.180493
-0.110751
-0.210775
-0.0129825
-0.00823167
0.101408
-0.0868768
0.0684978
-0.0311664
0.160189
0.0642986
-0.436999
-0.0751749
-0.000668703
-0.129544
-0.0991256
0.121296
0.146356
-0.163014
0.0532926
0.123407
-0.0715718
-0.0857903
-0.179414
0.137223
-0.0518223
0.0485508
-0.0972475
0.0733179
-0.036006
0.063655
-0.167837
-0.0707062
-0.269421
0.15144
-0.0670823
-0.0990584
-0.0508789
-0.105676
-0.0168523
-0.0294768
-0.168324
0.175864
-0.00947916
0.0199837
-0.041344
0.111605
-0.120601
-0.0639711
0.221772
0.01626
-0.236638
0.039271
0.0843212
0.192667
-0.0684093
0.126545
-0.222539
0.0685142
-0.102936
-0.220491
0.117209
-0.115723
-0.138536
-0.322148
-0.0143576
-0.153371
0.197667
-0.106367
0.278197
0.177277
-0.0550622
-0.135137
-0.0382437
-0.0247261
-0.141663
-0.144419
-0.269169
-0.00486826
0.103585
0.0483546
-0.140604
-0.213126
-0.00289227
0.205955
0.155263
-0.293919
-0.209197
0.0223909
-0.00439172
0.148292
-0.0969883
-0.209613
0.0832425
0.0794211
-0.0538371
0.138925
-0.109087
0.0352247
-0.120014
-0.0294369
0.0823337
-0.0867685
-0.1426
-0.0899823
0.0500949
-0.214852
-0.186593
-0.0408328
0.0641371
0.117463
0.144944
-0.116644
0.362105
-0.0617834
-0.0466754
-0.107208
-0.0985135
0.0264963
0.0310609
-0.14172
-0.172443
0.13653
0.12952
0.00766725
-0.137347
-0.0226896
0.204421
0.198313
0.184976
-0.0161468
0.161359
0.0985328
-0.0361375
-0.217664
0.0880321
0.0702714
-0.267803
-0.258156
0.22884
0.0791689
-0.03327
-0.0781692
0.34559
0.172765
0.326096
-0.03196
0.109987
-0.00138286
0.0240325
-0.156862
-0.0398585
0.340246
-0.075171
0.24337
-0.277861
0.0773006
0.0840846
-0.185302
0.186676
0.0110399
0.0431269
0.191325
0.0536681
-0.0114919
-0.0408741
-0.139716
-0.164753
-0.212431
-0.125538
0.0578393
-0.0685898
-0.00106873
-0.278675
-0.279524
888888
-0.079004
0.088175
0.0314667
-0.0301654
-0.118323
0.0342501
0.0993812
0.0782439
0.172965
-0.0646963
0.121975
-0.12226
0.161697
-0.143341
-0.145519
0.179365
0.0658568
-0.00284666
0.1754
-0.00294698
0.0501788
-0.00539402
-0.0441114
-0.222356
0.112687
-0.0335466
0.0637204
0.224921
0.068281
-0.00206726
-0.11582
-0.0683866
0.0509332
0.0513619
0.0586527
0.0457693
0.0566735
0.0610069
0.0427719
0.0486541
0.0648675
0.0602927
0.0653985
0.0444664
0.0657522
0.064841
0.0688434
0.0576738
0.0542979
0.0496795
0.0480117
0.0547259
0.049743
0.0582956
0.0573912
0.0508931
0.0501815
0.0701433
0.0580449
0.0382131
0.0545882
0.0528134
0.0545466
0.0504666
0.0512247
0.055414
0.0511233
0.0420624
0.0498058
0.0457885
0.056301
0.0486038
0.0527924
0.0625291
0.0453021
0.0571809
0.046494
0.0463208
0.0361977
0.0437389
0.0689614
0.0435601
0.050236
0.0565544
0.0514279
0.0591796
0.0565451
0.0459094
0.047266
0.0745753
0.0575922
0.0412772
0.0640181
0.0452864
0.0468431
0.0398423
0.0497547
0.0535739
0.0580866
0.0531493
0.0530572
0.0640762
0.0465611
0.0523489
0.0555056
0.0421889
0.0455674
0.0491332
0.0451037
0.0469015
0.0487615
0.0443193
0.0421648
0.0457846
0.0440097
0.0637934
0.0467589
0.0457777
0.0648369
0.0668305
0.0479703
0.0483184
0.0469308
0.043557
0.0468968
0.0539514
0.0582981
0.0547062
0.0623398
0.0396211
0.0521594
0.0376384
0.0530242
0.0575282
0.0439467
0.0436306
0.0502302
0.0459297
0.0456814
0.0433352
0.0494321
0.0463755
0.05454
0.0681347
0.0539466
0.055492
0.0500422
0.053955
0.043755
0.0674987
0.0473393
0.0528594
0.0524001
0.0645585
0.059937
0.0528797
0.0599686
0.0538609
0.0511586
0.056959
0.055409
0.0447385
0.0511792
0.0536522
0.054337
0.0381168
0.0458918
0.048854
0.0515825
0.0548771
0.0561043
0.0685775
0.047015
0.0724057
0.0520014
0.0502062
0.0476839
0.0467442
0.0477508
0.0653325
0.0659751
0.0529411
0.044475
0.0424394
0.0504959
0.0368538
0.0476453
0.0494982
0.0408173
0.0447757
0.0416733
0.0449633
0.0487543
0.0509506
0.0556472
0.0586912
0.0481681
0.0434336
0.0453492
0.0393744
0.0459874
0.0401668
0.0452702
0.0405119
0.0516102
0.0561285
0.0466664
0.0527754
0.0419953
0.0504021
0.0764468
0.0636892
0.0562738
0.0561869
0.0479958
0.0493808
0.0590287
0.0423327
0.054877
0.0512945
0.052316
0.045996
0.0384213
0.0455663
0.0573825
0.0475148
0.0401508
0.0425537
0.053148
0.0466406
0.0484911
0.0560037
0.0441936
0.0562423
0.0496617
0.0379759
0.0501037
0.0503648
0.0351158
0.0426277
0.0418985
0.0484028
0.0500232
0.0415044
0.0578518
0.0502996
0.0393724
0.0462647
0.0671614
0.0743949
0.0551467
0.0471244
0.0461239
0.0455129
0.0604854
0.036529
0.0453767
0.0478907
0.0538205
0.0510905
0.0535223
0.066327
0.0429045
0.0472545
0.0395118
0.0475548
0.0469894
0.0507437
0.0674783
0.0471466
0.0402157
0.0491869
0.0558626
0.0500418
0.0565955
0.0523483
0.0413211
0.0420011
0.0593473
0.0422117
0.0495842
0.0458652
0.0444997
0.0476119
0.0538743
0.0530794
0.0409219
0.058412
0.060463
0.0410423
0.0544917
0.0536418
0.0404092
0.0539656
0.0354499
0.0483642
0.0563121
0.0452839
0.0442551
0.050693
0.0594902
0.0433558
0.0613831
0.0520108
0.0483018
0.060741
0.0425728
0.0492322
0.0438803
0.0469915
0.0513568
0.0540056
0.0509143
0.0495553
0.0430076
0.0586264
0.050438
0.0420026
0.0543647
0.0462217
0.0541437
0.0552545
0.0587143
0.0522636
0.0392606
0.0649904
0.0480521
0.0479357
0.0440036
0.0563381
0.0530739
0.0497395
0.044523
0.064975
0.0549336
0.0476385
0.0509258
0.0437116
0.0540852
0.0548894
0.0417525
0.0508421
0.0327078
0.0518186
0.0442445
0.049026
0.0434341
0.0529074
0.0612215
0.0489927
0.0488203
0.0535419
0.039802
0.04899
0.0514244
0.0534045
0.0491243
0.0415786
0.037311
0.0424195
0.0440969
0.0500761
0.0447857
0.0323306
0.0529216
0.0458918
0.0528058
0.0554239
0.0491692
0.0456181
0.0436956
0.0311057
0.0518944
0.0458252
0.0377262
0.0551284
0.0485974
0.0594869
0.0666365
0.0517099
0.0563475
0.0317886
0.0480258
0.0443793
0.0473399
0.043208
0.0402471
0.0463008
0.0398757
0.0416823
0.0533436
0.0439423
0.0528106
0.0654118
0.0554115
0.0366247
0.0443116
0.056732
0.0424718
0.0436519
0.0541735
0.0497725
0.05073
0.0543934
0.056945
0.0490519
0.0560575
0.0338246
0.0511018
0.0416705
0.0658523
0.0605012
0.0487329
0.0442343
0.0391772
0.0467035
0.0440784
0.0579144
0.0515529
0.0420747
0.043383
0.0415511
0.0525573
0.0550936
0.0351716
0.044813
0.0515868
0.05482
0.0439505
0.042438
0.0355803
0.0527875
0.0500981
0.0537013
0.0546287
0.0489451
0.0450412
0.0591491
0.0477042
0.052842
0.0509411
0.0558163
0.0411435
0.0443488
0.0489796
0.0450216
0.0588199
0.054783
0.0697573
0.0513797
0.0566521
0.0512067
0.0510916
0.0490223
0.0460655
0.0493596
0.0465996
0.0532277
0.0583092
0.0409545
0.0479779
0.0383197
0.0494074
0.047878
0.0485674
0.0549835
0.0526325
0.0465554
0.0637689
0.0437431
0.059266
0.0630133
0.0541187
0.041117
0.0449412
0.0469016
0.0606081
0.0500955
0.0440756
0.051916
0.0529498
0.0579482
0.0496177
0.0514319
0.0628389
0.0456216
0.0467389
0.0494648
0.0526514
0.0343962
0.0474264
0.0436177
0.0385023
0.0500554
0.0668356
0.062827
0.04052
0.0473888
0.0590236
0.0553667
0.0654727
0.0496239
0.0540983
0.052545
0.0554523
0.0516283
0.0676332
0.0432683
0.0463022
0.0395122
0.0562344
0.0531116
0.0436157
0.0362113
0.0455517
0.0472352
0.0445731
0.0489506
0.0448904
0.0591137
0.047144
0.050373
0.0449834
0.0434102
0.0457588
0.0575505
0.0485162
0.0449243
0.0513989
0.0511712
0.0521203
0.0529802
0.0520895
0.0562274
0.0446572
0.056169
0.0384585
0.0386348
0.0402357
0.0540957
0.0639519
0.0631972
0.058365
0.0555826
0.0410842
0.057072
0.0585924
0.048382
0.0472682
0.0609859
0.049649
0.0363877
0.0521319
0.0565215
0.0541424
0.0624853
0.0534755
0.0426963
0.0505725
0.0680856
0.0639991
0.0487129
0.0496331
0.0509457
0.0563834
0.0455728
0.0506925
0.0565049
0.0633315
0.0476551
0.0529934
0.0429892
0.0759559
0.0563863
0.0461035
0.0522865
0.0432245
0.0548562
0.056286
0.0463549
0.0468654
0.0492104
0.0503828
0.0527849
0.0401024
0.0617402
0.0513193
0.0492024
0.053828
0.0475047
0.0352908
0.0443136
0.0492435
0.0501782
0.0517939
0.0579026
0.0530388
0.0446682
0.0587597
0.0501625
0.0447035
0.0465552
0.0506847
0.0527211
0.0384296
0.0605482
0.0486764
0.0514975
0.0498479
0.043579
0.0361671
0.05293
0.0682657
0.0552195
0.0445468
0.0541954
0.0478809
0.0556293
0.0389005
0.0578293
0.046014
0.0418262
0.0571515
0.0463321
0.0596477
0.0535187
0.0489238
0.0488019
0.0439069
0.0551686
0.0423011
0.0498751
0.0588639
0.0428853
0.0447828
0.0372373
0.0516331
0.0508524
0.0504147
0.0472546
0.0513974
0.0411689
0.0579449
0.0553811
0.0499105
0.0543409
0.0581446
0.0454386
0.0619573
0.0604565
0.0418972
0.0585105
0.0499807
0.0604916
0.0366064
0.054476
0.0501271
0.0418992
0.0398652
0.0512276
0.0464355
0.0503977
0.0362
0.0549266
0.0504959
0.0566557
0.0590296
0.0445692
0.0629292
0.0550736
0.041616
0.0445549
0.0801706
0.0535401
0.060533
0.0424335
0.0622454
0.0393381
0.0526796
0.0459476
0.0538603
0.0682777
0.0470301
0.0619857
0.0512264
0.0544122
0.0616839
0.0540589
0.0541655
0.0489845
0.0481617
0.0574989
0.0522273
0.0435118
0.0469319
0.0575809
0.0467678
0.0413835
0.0602798
0.0470113
0.0413736
0.0449049
0.0435043
0.0411783
0.0519734
0.0489121
0.0478806
0.0405231
0.0490477
0.0574161
0.0529523
0.0438991
0.0679509
0.0433167
0.0414477
0.0652601
0.0618637
0.032754
0.0455457
0.0664931
0.0501067
0.0427387
0.0491937
0.0527257
0.0436795
0.0400388
0.0507616
0.0348977
0.0445629
0.0557756
0.0588057
0.0560981
0.0377149
0.0546662
0.0520906
0.0474796
0.0561868
0.0406841
0.0722858
0.0533927
0.0490198
0.0516651
0.0487097
0.0454354
0.0405417
0.0616377
0.0512143
0.0411978
0.0416559
0.0609529
0.0534542
0.0613956
0.0757278
0.0660951
0.0424465
0.0505608
0.0395124
0.0388755
0.0584685
0.0490714
0.0559657
0.0568784
0.0481774
0.0423348
0.0534016
0.0499207
0.051298
0.0535797
0.0508503
0.0446354
0.0417159
0.0528359
0.0473715
0.0547865
0.0502919
0.039327
0.0554971
0.0563392
0.0663339
0.0432876
0.0494622
0.06691
0.0557368
0.0496806
0.050011
0.0475101
0.0506007
0.0419996
0.0385051
0.05066
0.0480696
0.0466036
0.0382193
0.0516606
0.0581234
0.0530289
0.0480014
0.0496938
0.0388726
0.0595332
0.0466687
0.0508806
0.0500365
0.052512
0.0520156
0.0441169
0.0579703
0.0469406
0.0572431
0.0596936
0.0605124
0.0568421
0.0546202
0.0494708
0.0560495
0.0557791
0.0458155
0.0404277
0.0608582
0.0594111
0.0579602
0.0499001
0.0545971
0.0693191
0.0464923
0.0499274
0.0518776
0.0480146
0.04723
0.0395036
0.0498115
0.0599514
0.0434923
0.0459999
0.0555473
0.0513692
0.0443064
0.0521933
0.0641964
0.0528155
0.0463185
0.0594397
0.0442105
0.054673
0.06
0.0503026
0.0475124
0.0397664
0.0519306
0.0570974
0.0378005
0.0411867
0.0484274
0.0535914
0.0397048
0.0370731
0.061876
0.0468839
0.0560352
0.072935
0.0562673
0.0454793
0.0549667
0.0453347
0.0580853
0.0506888
0.0471273
0.0544908
0.0661861
0.0422355
0.0515267
0.040698
0.0340051
0.0490139
0.0572935
0.0563162
0.0392313
0.0672324
0.0589912
0.0434048
0.0435217
0.0575991
0.0472468
0.032233
0.0530151
0.0554884
0.0466556
0.0451017
0.0606103
0.0582411
0.0525181
0.0533292
0.041176
0.0639788
0.0505111
0.0474485
0.0754451
0.0517089
0.0385758
0.0460878
0.0485821
0.0541427
0.0539522
0.0663509
0.059081
0.0407352
0.0551808
0.0442598
0.0387473
0.0494266
0.0450818
0.0438366
0.0586725
0.055764
0.0553791
0.0548
0.0588395
0.0600009
0.0503052
0.0509853
0.0752227
0.049642
0.0467867
0.0506554
0.0492525
0.0443256
0.0541477
0.0481027
0.0390836
0.054202
0.0477305
0.0516314
0.0612372
0.0391241
0.0503111
0.0599383
0.0501312
0.0371155
0.0386156
0.0429038
0.0434277
0.0548865
0.053736
0.0479882
0.0501704
0.0506824
0.0477761
0.0584417
0.0628435
0.040811
0.0503362
0.0477221
0.0547054
0.0561775
0.0515404
0.0533215
0.0488729
0.0765709
0.0756167
0.0468585
0.0409304
0.0536767
0.0500402
0.0597407
0.0398459
0.0509333
0.0463821
0.0599664
0.0616116
0.0483109
0.0593684
0.05887
0.0576052
0.049691
0.0559721
0.0540646
0.0433077
0.0584106
0.056196
0.0448189
0.0442699
0.0592672
0.040313
0.03788
0.0497076
0.0524705
0.0641067
0.0696855
0.0668494
0.0576494
0.0376589
0.0518448
0.0408714
0.039852
0.0403097
0.0491506
0.0557255
0.0567945
0.0478394
0.050683
0.0491293
0.0642795
0.0617728
0.0580329
0.0526712
0.044815
0.0570079
0.0410708
0.0410428
0.04851
0.0502475
0.0351265
0.0490662
0.0437261
0.0578568
0.0454389
0.0550832
0.0394704
0.0519868
0.0504257
0.0484779
0.0476482
0.0641862
0.0533937
0.0648392
0.0611193
0.0517923
0.0430808
0.0455662
0.048983
0.0602013
0.0498793
0.0569222
0.0565949
0.0532218
0.0507668
0.0405089
0.0406272
0.0462572
0.0519161
0.040161
0.0595483
0.0687
0.0364384
0.0608839
0.0602434
0.0525216
0.0476893
0.0418957
0.0566373
0.0550968
0.0552052
0.0599249
0.0433071
0.0558843
0.0498422
0.0440527
0.0436942
0.0522405
0.0620932
0.056448
0.0526292
0.0453484
0.0619866
0.0355747
0.0597254
0.0483585
0.0733645
0.0456335
0.0474193
0.0574292
0.0365386
0.0435495
0.0608819
0.0577534
0.0548214
0.0593685
0.0531134
0.0561655
0.0524129
0.0354569
0.0452698
0.0549884
0.0405515
0.0514986
0.0437922
0.0632857
0.0509276
0.0514978
0.0427345
0.0445901
0.0542144
0.0447361
0.0457997
0.0705798
0.0405222
0.0532192
0.0556054
0.0541611
0.0579191
0.0510056
0.0505883
0.0430235
0.0399398
0.0447289
0.0771687
0.0483029
0.0516112
0.0358155
0.0465902
0.0581358
0.0458596
0.0420166
0.0512867
0.0521393
0.0580082
0.052274
0.0457932
0.0514682
0.0407673
0.0502275
0.051479
0.0356766
0.0426834
0.0519229
0.0447829
0.0520096
0.0538709
0.0503807
0.0527934
0.0475822
0.0520834
0.0533909
0.0454232
0.0650966
0.0591722
0.0399925
0.0515554
0.0534353
0.0400065
0.0495502
0.0467898
0.0546545
0.0502053
0.0446181
0.0387957
0.0405325
0.0701284
0.0496666
0.0472757
0.0525559
0.0580524
0.0546349
0.052125
0.0527276
0.0460397
0.0535712
0.0421971
0.0420805
0.0381056
0.0430537
0.0392541
0.0499342
0.0491765
0.0486856
0.0420638
0.0474578
0.0499952
0.0545918
0.0498329
0.0622847
0.0603616
0.0546293
0.0407068
0.0732982
0.0518972
0.0437668
0.0553686
0.0469991
0.0409627
0.0597408
0.0514066
0.0611324
0.0474925
0.0425136
0.0572875
0.0585874
0.0323338
0.0526717
0.046928
0.0448798
0.0438457
0.0389087
0.0490971
0.0486212
0.042003
0.0460158
0.046492
0.0486641
0.0571317
0.0577566
0.0515835
0.0507566
0.0516964
0.051758
0.0454324
0.0497988
0.0526316
0.0590813
0.0468863
0.0468141
0.0501401
0.0492383
0.0526499
0.0463424
0.0530391
0.043338
0.0497644
0.0462887
0.0621852
0.0414955
0.0436193
0.0466135
0.0452201
0.0413555
0.0534189
0.0521073
0.061273
0.0454954
0.0728376
0.0716679
0.0711862
0.0468909
0.0417209
0.0473129
0.0469312
0.0484534
0.0491791
0.0385182
0.0521058
0.0514838
0.0508412
0.0479343
0.0537448
0.0568783
0.0521746
0.0485852
0.0447797
0.0465669
0.0447468
0.0397777
0.0449086
0.0426948
0.0441414
0.0437405
0.0379495
0.0603479
0.0624573
0.0504138
0.0607139
0.0526565
0.0561251
0.0629133
0.067425
0.0498052
0.0399931
0.0534793
0.0481994
0.0553704
0.0654413
0.0394898
0.0507074
0.0605637
0.046546
0.0576324
0.0434298
0.0493206
0.0457871
0.0462392
0.0467397
0.0533171
0.0593636
0.0469545
0.0406178
0.0708516
0.0481505
0.0501617
0.0492912
0.0459147
0.0549692
0.0421659
0.0444096
0.0543952
0.0479736
0.0670727
0.0454561
0.0459274
0.0743188
0.0575355
0.0572681
0.0473036
0.0535471
0.0348774
0.0628891
0.0417384
0.0500224
0.0532254
0.0572101
0.0569016
0.0613779
0.0445953
0.0509146
0.0385031
0.0635016
0.063204
0.0530217
0.0533893
0.0495459
0.0531668
0.0555652
0.0508185
0.0414492
0.0452277
0.0404958
0.0512335
0.0435468
0.0433164
0.0424761
0.0790944
0.0535303
0.0542126
0.0670328
0.0463632
0.0686923
0.0530828
0.0476628
0.0461464
0.0489671
0.050252
0.0432027
0.0534785
0.0440888
0.0385363
0.0514664
0.0713263
0.0429783
0.0427885
0.0583859
0.0452141
0.0494653
0.0562132
0.0487896
0.0507724
0.0366225
0.0497329
0.0441576
0.0432849
0.0409726
0.0588834
0.0376995
0.0492047
0.0558153
0.0368923
0.0510995
0.0560274
0.0622381
0.0427503
0.0509127
0.0519402
0.0382993
0.0440206
0.0490827
0.0557661
0.0444553
0.0445813
0.0482729
0.0378526
0.0499457
0.0406432
0.070832
0.0356077
0.0457912
0.0534694
0.059776
0.0486355
0.0648941
0.0497154
0.0474721
0.0510968
0.0499207
0.0507022
0.0515607
0.0406161
0.0480108
0.0588831
0.0451554
0.0369986
0.0583102
0.0456018
0.0417464
0.0496
0.0572164
0.0651745
0.0721478
0.0501142
0.0495129
0.0377553
0.0461137
0.0481234
0.0539642
0.0469702
0.0474013
0.0465914
0.0441518
0.0412087
0.0438383
0.0481196
0.0451379
0.0436631
0.0555835
0.0545871
0.036224
0.038642
0.0505678
0.0402242
0.0506125
0.0511481
0.0476602
0.0521246
0.0594492
0.0439791
0.0426112
0.0578356
0.0455925
0.0372564
0.0647047
0.0654779
0.0479357
0.0516261
0.0539682
0.0535069
0.0623703
0.0548493
0.0534495
0.0517768
0.042004
0.0447206
0.0454542
0.0486988
0.0623902
0.0524848
0.0351926
0.0482044
0.0534577
0.0504904
0.0479674
0.0619966
0.0338632
0.0433729
0.046276
0.0431567
0.0581653
0.0785204
0.0623876
0.0506384
0.0492935
0.0539606
0.0447072
0.0508142
0.0425143
0.0646304
0.0487938
0.047238
0.0564305
0.0412528
0.0435009
0.0535027
0.0320649
0.0643884
0.0545438
0.0433329
0.0585472
0.0639433
0.0502807
0.0433417
0.0535575
0.055194
0.0518434
0.0384651
0.0496203
0.0395844
0.0462224
0.0514964
0.0376999
0.0510004
0.0479888
0.059002
0.0548262
0.044125
0.0515712
0.0441767
0.0478989
0.0482447
0.0561339
0.0851062
0.0433216
0.036074
0.0659537
0.0581327
0.0506959
0.0478818
0.056307
0.0548797
0.0497735
0.0422846
0.0530407
0.0563204
0.0546859
0.0457305
0.0468527
0.0490448
0.0447068
0.0408156
0.0442668
0.0410308
0.0666024
0.0610795
0.0495667
0.0479226
0.0478474
0.0540847
0.0470071
0.0615156
0.0430754
0.0518392
0.0444839
0.0424233
0.0483153
0.0424344
0.0542487
0.0601534
0.0415309
0.0536432
0.0564595
0.0479867
0.0432813
0.0429544
0.0459278
0.062755
0.0490888
0.0553497
0.0490264
0.0418031
0.0456689
0.0483412
0.0665628
0.0414045
0.0573795
0.0419178
0.0634011
0.0435723
0.0566364
0.0583895
0.0530199
0.0625355
0.0571986
0.0362704
0.0469908
0.0529446
0.0517171
0.0533505
0.0524647
0.0618304
0.0488246
0.0646777
0.0477282
0.0507092
0.0459056
0.0558624
0.0564902
0.0558903
0.0563323
0.048254
0.0536953
0.0544378
0.0597228
0.039014
0.0554181
0.0558169
0.051973
0.0540533
0.0424921
0.0420315
0.0607322
0.0473891
0.0460159
0.0534279
0.0580358
0.0484454
0.0405043
0.0423162
0.056355
0.0511793
0.0422553
0.0489218
0.0571403
0.0542677
0.0428645
0.054825
0.0411046
0.0623685
0.0529008
0.0508908
0.0485215
0.0505891
0.0427638
0.0533542
0.0482193
0.0508352
0.05417
0.0446474
0.0538624
0.0603894
0.0363942
0.0498026
0.0525833
0.0623337
0.0470396
0.0631343
0.0514664
0.0479637
0.0521143
0.0445727
0.0582101
0.0498707
0.045426
0.075839
0.0376108
0.0744034
0.0476799
0.0402093
0.0544059
0.0500847
0.0602008
0.0435656
0.0510842
0.0492575
0.0477105
0.0594837
0.0329494
0.0524176
0.043871
0.0460238
0.0612969
0.0581583
0.0496541
0.0491131
0.0577212
0.0579356
0.0449799
0.0421016
0.0446685
0.0503596
0.0540582
0.050584
0.0609868
0.0441625
0.0541854
0.04075
0.0416252
0.0715441
0.0533712
0.0461983
0.041174
0.0435857
0.0493603
0.0540797
0.0429545
0.046876
0.0465323
0.0559194
0.0453451
0.0526799
0.0449628
0.0471368
0.0553652
0.0556509
0.0380223
0.0686577
0.0481786
0.05
0.05
0.05
0.05
0.05
0.05
0.05
0.05
0.05
0.05
0.05
0.05
0.05
0.05
0.05
0.05
0.05
0.05
0.05
0.05
0.05
0.05
0.05
0.05
0.05
0.05
0.05
0.05
0.05
0.05
0.05
0.05
777777