2.19892
999999
0.232499
-0.0775673
0.0674483
-0.030192
-0.136491
-0.044339
-0.319891
0.216897
0.527856
-0.0952818
-0.373042
-0.0155353
-0.0226635
0.00603824
0.111632
-0.0449946
-0.0866646
-0.172358
-0.15399
-0.0189033
-0.183726
0.158193
0.234035
0.0468588
0.162898
0.210163
-0.128353
-0.153204
-0.08006
-0.0839664
-0.000465122
-0.200669
-0.143976
0.0135743
0.0479794
-0.0510908
-0.0951557
-0.0627352
-0.133684
0.226955
0.0314642
-0.130839
-0.219336
-0.114801
0.0737603
-0.0858825
-0.201316
0.0623225
0.169736
-0.125178
-0.13692
0.0877405
-0.00851822
-0.109234
0.134769
-0.138477
0.179068
0.0630741
0.107197
0.125768
0.0706076
-0.33817
0.205365
-0.145133
-0.103148
0.0309299
-0.064391
0.0689253
-0.0477586
0.0217071
0.149117
0.0572538
0.163753
0.158463
0.229771
0.195713
0.192014
0.0261249
-0.135068
-0.180464
0.0182224
-0.26841
0.0740674
-0.17146
-0.0527327
0.0252387
-0.0724053
-0.167058
-0.147038
0.060774
-0.0853628
-0.226209
-0.184432
0.140916
0.148992
0.119583
0.0523665
-0.154191
0.167458
0.218362
-0.25285
0.184994
0.0395433
0.0287152
-0.072974
-0.0157274
0.111283
-0.163788
0.0046687
0.0533136
-0.100177
0.196844
-0.142167
-0.161502
-0.103312
0.188592
0.107899
-0.015139
0.0817175
-0.0221268
-0.0993408
-0.072762
-0.120858
-0.17415
0.0453637
0.0454143
0.0933767
0.0770521
-0.206824
-0.0391883
-0.0290971
-0.0310058
0.048092
0.0412842
0.190012
0.118677
0.0479005
-0.00983811
-0.138345
-0.223265
0.260739
0.180107
-0.0928904
0.185899
0.0622018
0.0209364
-0.160645
0.0631283
-0.0520088
-0.10997
0.0629421
0.0103989
-0.139199
-0.0806759
0.12581
0.129779
0.0334817
0.0753729
-0.141737
0.241615
0.0466625
-0.0301147
-0.125256
0.038487
0.28521
-0.0780101
0.20658
-0.257958
-0.0123559
-0.00471287
-0.0800912
0.00522395
-0.104421
-0.0662666
0.108556
0.136367
-0.184482
-0.0767995
-0.222206
0.138006
-0.0622341
-0.198192
0.18916
-0.0714899
-0.178595
-0.0390041
0.0373962
0.0199314
-0.136458
0.194338
-0.0208032
-0.0571174
-0.0313455
0.0333888
-0.244999
-0.19808
0.0307013
-0.0869324
0.0712031
0.216844
0.141712
-0.112978
-0.131801
-0.121827
0.0471584
0.174471
-0.182759
-0.0182177
-0.0891061
0.106799
-0.149406
0.0230663
-0.114623
-0.0470863
0.0168758
-0.109554
0.0785058
0.268567
0.128008
-0.19337
-0.105674
0.116555
-0.150943
0.143435
-0.107908
-0.0212822
0.150239
-0.0160653
0.0313409
0.0274115
-0.170681
0.190487
-0.10527
0.172565
-0.0986976
-0.244026
-0.022761
-0.0081285
0.164554
-0.115717
0.0881932
0.0901461
0.102265
-0.0431416
0.123176
-0.0881702
0.190628
-0.0494864
0.13552
-0.198039
0.151232
0.00678001
0.239022
-0.18608
-0.0708001
-0.0980186
0.0928554
-0.230396
-0.186081
0.222644
-0.225472
-0.0963504
0.000417795
-0.230404
-0.221778
-0.126342
-0.0588855
0.0531423
-0.0764992
0.0883694
-0.0750509
-0.165291
-0.186883
0.118252
-0.186781
-0.0951407
-0.0695519
-0.120072
-0.0993352
0.0497235
0.0390126
-0.09734
-0.0765769
-0.0892086
0.204361
0.123762
-0.0788421
-0.0367957
0.123593
0.00683051
-0.0971446
0.00339892
0.026517
-0.155345
-0.000703903
0.107843
-0.172388
0.101726
-0.0334257
-0.0624908
0.0721991
-0.251232
0.123315
-0.0950399
-0.126131
0.0610421
-0.0245329
-0.155211
-0.164876
0.184625
-0.121179
-0.0631732
0.0697883
0.0698266
0.149437
-0.116722
0.183179
0.296651
0.177195
-0.00445228
-0.138912
0.037033
0.106992
0.295913
-0.145911
0.063178
-0.157045
-0.243197
0.0530728
-0.0173931
0.0655912
-0.00583267
-0.197502
-0.11366
0.147214
-0.0380514
0.0981621
0.174623
-0.143369
0.00467851
0.202716
0.00673826
0.156067
0.0227677
-0.133639
0.0499085
-0.0724722
-0.0629632
0.144466
-0.0449352
0.151329
-0.0325236
0.0465357
-0.11238
-0.137728
0.143915
-0.156816
-0.0118798
0.151458
-0.148247
0.0529506
-0.150544
0.119297
-0.0297178
0.0411945
0.0376675
-0.0045196
-0.0244458
0.113745
-0.209876
0.0239148
-0.142479
-0.00928242
0.149786
-0.120909
0.0981042
-0.0776879
0.0072699
-0.0318535
-0.0269718
0.00487597
-0.0657908
0.17099
0.0568434
-0.167521
-0.101294
0.178929
-0.0274852
-0.0319084
-0.200737
0.0343715
0.0942996
0.0901934
0.138821
0.0796152
-0.179784
-0.0577541
0.192278
0.0725008
-0.0499541
0.106439
0.17667
0.152771
-0.138591
-0.183298
0.0554079
-0.0590313
-0.129512
-0.00307775
-0.0972205
0.15229
0.243776
0.195596
-0.218804
-0.171652
0.0139577
-0.115652
0.120595
-0.0102836
0.0184896
-0.240895
-0.0333368
0.165131
-0.08619
0.183394
-0.18353
0.0274525
0.101119
-0.0807795
0.00577027
-0.0194857
-0.23386
-0.177891
0.0189201
0.177578
-0.255335
0.125183
-0.0695719
0.0789862
-0.0536441
-0.0829041
0.254885
0.118779
-0.259864
-0.0387052
-0.109812
-0.191636
-0.123377
0.194221
-0.0149501
-0.0869164
-0.107317
0.0963982
-0.101783
0.0867876
-0.124377
0.00809647
0.169111
-0.00437843
0.0480137
-0.102622
-0.0284045
-0.255652
0.0911857
0.125863
0.0561919
-0.12954
0.134332
0.170772
0.0206132
-0.164264
-0.027052
-0.179253
-0.0306642
0.0426854
0.0600504
-0.0775978
0.198798
-0.13232
-0.019035
-0.246574
0.117798
-0.220852
0.0655562
0.109946
-0.107143
-0.145287
0.23786
0.120261
0.0647003
-0.0167666
0.0195796
0.0367843
-0.114294
0.0122334
0.0918113
0.00529968
-0.124689
0.0105252
-0.109639
-0.0530343
-0.0599029
-0.128484
-0.0844673
-0.11249
-0.211418
0.249109
0.1759
0.11836
-0.20754
-0.101717
0.119536
-0.132992
0.208261
0.186336
-0.0763419
0.0385469
-0.0811814
-0.113172
0.268755
0.142354
-0.147799
0.0830913
-0.193883
-0.204242
-0.192718
-0.0312007
0.0548511
0.110782
-0.158304
-0.0683987
0.0514934
-0.158378
-0.0506225
-0.0864788
-0.113058
0.036795
-0.121067
0.189915
-0.0328315
-0.0852171
-0.0829183
0.0571949
0.0920964
0.0208194
0.0316128
0.00223501
0.0998426
0.196378
0.196795
-0.145834
-0.115664
0.0478329
-0.0067454
0.0599354
0.0281233
-0.065258
-0.138547
-0.164172
0.0792357
-0.14413
-0.196617
-0.0202391
-0.174336
-0.0853278
-0.0355141
-0.00262935
0.110174
0.100645
-0.130213
-0.0836399
0.127451
-0.0276041
0.0763647
-0.15782
0.19347
0.200296
-0.0620385
0.0465295
0.000689043
0.0307806
0.0629484
-0.0346981
-0.112562
0.215827
0.115007
0.101894
-0.181196
0.00249103
-0.214556
-0.0526368
0.0397728
-0.181185
-0.0344107
0.113384
-0.024776
0.0649968
-0.166998
0.109097
0.0814391
0.00602915
0.176126
0.242583
0.0118034
0.0901839
-0.106487
0.179994
-0.0802603
0.0565994
0.113185
0.0567502
-0.0426114
0.0722019
-0.0717372
-0.121634
-0.153668
0.037585
-0.19311
0.0995259
0.210023
-0.108295
-0.166525
0.1605
-0.199851
0.0928765
0.244965
-0.0247554
-0.136927
-0.0645057
0.189783
0.245811
0.160356
-0.0633037
0.145036
-0.177007
-0.0532646
-0.0374352
0.0170185
0.162274
-0.201612
-0.0227024
0.123539
0.0881341
0.277018
-0.0316169
-0.0302197
0.278885
-0.0263524
-0.178114
0.152886
-0.0540695
0.0579958
-0.14053
-0.0717669
-0.151651
-0.0994477
-0.0794247
0.139615
0.145541
0.154308
0.050739
0.0743783
0.0937179
0.0906993
0.0141466
0.0962316
0.0209348
-0.0190208
-0.0616294
-0.129894
0.0464757
0.0158702
0.0873559
0.063455
-0.297005
-0.0413408
0.124231
0.0795138
-0.0202509
-0.0281997
-0.148927
0.230563
-0.0463221
0.182833
-0.0647893
-0.0113559
0.101225
0.103484
0.0170282
-0.129743
-0.147163
0.1447
0.0652077
-0.0677722
0.109918
0.0270426
0.0722386
-0.222401
-0.12647
0.136272
0.205805
-0.0744322
-0.154296
0.171269
0.207079
-0.046494
0.116009
-0.00261171
-0.152865
0.04836
0.12715
0.143911
0.0365271
-0.0797048
-0.0189019
0.063332
-0.0172842
-0.0287161
0.194593
0.0120096
-0.186324
-0.0673507
-0.0381155
0.267726
-0.0258138
0.0465135
0.134258
0.0695619
-0.0151979
0.156
0.142464
-0.0560198
-0.0355111
0.190787
0.0650444
0.0153458
-0.167902
-0.0450559
0.0296002
-0.0656863
0.0207538
-0.00790115
0.085995
-0.0750192
0.197716
-0.0697742
0.159698
0.0765472
0.0945901
0.0132392
-0.0811199
0.0927604
0.0791978
0.0700456
0.0669201
0.224033
0.0292984
0.0833971
-0.012438
0.193154
0.163252
0.265036
-0.0753787
0.0727326
0.0924541
0.0490553
-0.191663
-0.222569
-0.0814751
0.146689
0.0881076
0.0786858
0.0530772
-0.194453
0.081993
0.0414532
0.0651517
-0.0771075
-0.0703627
-0.0887807
0.0364988
-0.0842297
-0.137834
0.172005
0.200439
-0.0837183
-0.18385
0.13687
0.141961
0.159285
-0.141674
0.0938596
0.0754974
0.11237
-0.0116256
0.210588
-0.0879825
0.0943271
-0.0883928
-0.0253299
0.0862163
-0.145698
0.160434
0.0895149
0.00597944
0.201855
-0.0996545
0.116165
0.180414
-0.118381
-0.03659
-0.151845
-0.0287939
-0.0400789
0.244195
-0.0413046
-0.0339536
0.261161
-0.139824
-0.0480907
0.136281
0.213813
0.0538088
0.128216
-0.215969
-0.123343
-0.186606
0.117443
-0.0786048
-0.205651
0.107799
0.0311268
-0.072117
-0.0677556
-0.0230761
0.22528
0.0282714
-0.159637
0.0963182
0.0616354
-0.139245
-0.225384
0.00363355
-0.0168079
0.14177
0.0623021
0.137145
-0.0312868
0.0732675
-0.0974115
0.252045
0.0146781
-0.135901
-0.0433415
-0.00360379
0.0440644
0.00755358
-0.0879067
-0.0970649
0.0213127
0.0665611
-0.046749
-0.0222113
0.187333
-0.0898556
-0.22046
-0.0815875
-0.0547011
0.104389
-0.109627
0.203653
0.0472433
0.0951555
-0.172203
0.00301524
0.0167432
-0.242539
0.0547716
-0.0540171
0.0561069
-0.0511826
-0.230891
0.153505
-0.0201455
-0.175486
0.0999801
-0.0578082
-0.223432
-0.103294
0.0651971
-0.0221387
0.0969423
0.0221643
-0.132008
0.136843
0.0754928
0.0902543
-0.164823
-0.234019
0.133803
-0.0406562
-0.243099
0.111674
-0.0104563
0.148192
0.177151
-0.145914
0.0539235
-0.120493
0.207658
-0.257056
-0.0589763
0.0409039
0.0431699
0.0169254
-0.122429
0.0718847
0.0666722
-0.0340491
-0.201512
0.157282
-0.189606
0.117966
-0.0320351
-0.065815
-0.0906283
-0.104254
0.0102365
0.103417
0.0716907
0.02191
-0.0406013
-0.0233382
-0.202103
0.0696566
0.170447
0.112989
0.0437903
-0.0425561
0.161707
0.0488907
-0.140022
-0.14093
0.17335
-0.0399921
0.0613546
0.199753
0.110684
0.0881667
0.18923
0.122527
-0.013649
-0.106928
-0.153884
-0.100638
-0.0508232
0.0456957
0.135807
-0.0375197
0.000937237
-0.000172307
0.0600007
0.0862299
-0.0606073
-0.124997
-0.0720868
-0.137506
-0.0683379
0.0747986
0.145207
0.0456144
0.0932475
-0.00162467
-0.0136989
-0.192559
-0.126254
-0.0768357
0.0892944
-0.0781238
-0.162699
-0.0526324
-0.125778
-0.102792
0.2132
-0.118526
0.215254
0.00550271
0.10033
-0.0912965
-0.127281
-0.202066
-0.119619
-0.0758577
0.0552906
0.172633
-0.244253
-0.00663572
0.238302
0.0744292
0.157407
-0.206895
0.0725246
-0.156753
-0.165573
-0.195105
0.125117
-0.104766
0.0561092
0.17209
-0.236468
0.0724036
-0.102585
-0.106155
0.114879
0.184436
0.126949
-0.0542749
-0.0799537
0.0746625
0.0963507
0.0517442
-0.0446415
-0.147552
-0.0562579
-0.113559
-0.0456223
0.135438
0.019252
0.205575
-0.0366721
0.167274
0.0600888
-0.0737938
-0.174509
0.178067
-0.262563
0.0913049
-0.231338
-0.0899028
-0.0260361
-0.0225159
0.0652213
0.017957
0.240957
-0.0458731
0.112267
0.0393718
0.0770992
0.000891723
0.201973
0.0957675
0.070882
0.150733
-0.176496
0.0382323
0.0882142
0.0505533
-0.0746144
0.201956
-0.118952
-0.0930922
0.161151
-0.0947267
-0.072696
-0.148961
-0.0075845
-0.256639
0.0621395
0.0497065
-0.0306131
0.103051
0.136861
-0.00433668
0.0626227
0.210319
-0.0325338
0.0116718
-0.16987
-0.0847125
-0.0318583
-0.00426224
0.0854049
0.0817428
0.0067757
-0.14661
0.138685
0.010628
-0.151338
-0.206657
0.154795
-0.111366
0.0278547
-0.0852101
-0.0961315
-0.0751431
-0.0672021
0.12867
0.062731
0.0353418
-0.0320861
0.234773
-0.0269593
-0.0687474
-0.127501
-0.069702
0.165302
0.0278609
-0.0485732
0.135709
-0.142544
-0.0334319
0.0596059
0.0613598
-0.0672647
0.0779537
0.0669436
0.0678717
0.110453
-0.138799
0.122284
0.0406008
-0.00464373
0.112289
0.116762
-0.159924
-0.160448
0.0902578
0.148689
0.0851238
0.121306
0.200556
0.143523
0.192837
-0.185663
-0.184921
-0.0344546
-0.135447
-0.0495107
0.215142
-0.0962931
0.10844
-0.148286
0.1065
-0.252786
0.123505
0.0429363
0.150599
0.0687266
-0.187197
-0.00536121
0.0983466
-0.028002
-0.0714597
-0.0133826
0.198989
-0.0510676
-0.0572749
0.0112566
0.00587173
-0.105374
0.110873
-0.187699
-0.124669
-0.0753477
0.139012
0.0189551
0.0201024
0.00242327
0.177029
0.130307
0.243214
0.0823938
-0.0108543
-0.0127274
0.182894
-0.135751
-0.12692
0.186385
-0.0214703
0.0908136
0.0691961
0.190027
-0.0425689
0.0531419
-0.209989
-0.0514358
0.0714299
0.0500877
-0.34343
-0.0237724
0.178802
-0.0596307
-0.0255201
-0.045182
0.175738
0.0072144
0.164373
-0.222812
0.0215517
0.041266
-0.0336194
0.125788
-0.0035949
-0.153705
0.0305184
0.000812994
-0.0442365
0.14441
0.132256
-0.177575
0.0177123
0.121354
-0.01468
0.10161
0.112477
0.27725
0.0646955
0.0544186
-0.00205947
-0.136607
0.143991
-0.0263895
0.0845988
-0.178055
0.12904
0.0767492
-0.145251
0.117809
-0.12701
-0.00279316
0.0822934
0.162495
0.143739
0.118515
0.114762
0.00790551
0.107138
-0.0260179
0.0490941
-0.00875465
-0.0219484
0.0308558
0.195213
0.115412
0.200813
-0.039845
0.180238
-0.150651
0.12915
0.101548
0.187783
0.0684191
-0.0113566
-0.253392
0.122005
0.0405325
0.219297
0.225794
0.184455
0.0993218
0.0284238
-0.224407
0.0982045
-0.020622
0.0108162
-0.149281
-0.0820335
-0.0926739
-0.0865946
-0.205477
-0.143998
0.165991
-0.0691966
-0.267112
0.0381849
0.076615
0.0944177
-0.245734
-0.131064
0.150097
-0.142186
-0.110749
-0.0735589
-0.122759
0.225413
-0.177578
-0.0881198
-0.160388
-0.0569335
0.208302
0.0793112
0.233227
-0.135968
0.033809
-0.0132338
-0.0956534
-0.193628
0.0709432
-0.0425343
-0.105346
0.0850935
-0.0193561
0.229154
-0.210117
-0.0400447
-0.0285797
0.15274
0.0850038
0.112459
0.0546657
-0.135554
0.229917
-0.0177119
0.168235
-0.15539
0.0659792
-0.0478343
0.0392224
-0.178001
-0.166632
-0.0375378
0.0306591
0.108337
0.0658261
0.21412
0.102361
-0.0834095
-0.100422
0.0114613
-0.0411638
-0.137337
0.0303424
-0.0885713
0.130671
-0.00183283
-0.0264364
0.131963
0.128664
-0.147046
0.146026
-0.127464
-0.157458
-0.140573
0.0203614
-0.0693106
-0.0950851
0.127908
0.128861
0.312378
0.159723
-0.202848
0.084789
-0.0231331
0.00408634
-0.0764319
0.049718
-0.00674248
-0.140992
-0.0557481
0.129485
0.0648052
0.0517802
0.0763891
-0.018206
-0.134966
-0.175351
0.0729915
0.00563422
-0.113308
-0.16134
-0.071464
0.0528521
0.0547847
-0.0701589
-0.149316
0.0199499
-0.207474
0.0181452
0.102471
0.0530397
0.0849266
-0.115169
0.105376
-0.198242
0.0974838
0.136488
0.106846
-0.171867
-0.061682
0.238861
0.0556302
0.055181
0.0921398
0.0806028
-0.108212
-0.0164563
-0.13022
-0.13612
-0.178413
-0.0956883
-0.212984
-0.166481
-0.245637
-0.190807
0.00646208
-0.153336
-0.172648
0.178016
-0.0531231
-0.211257
-0.153722
-0.112364
0.197713
0.0603435
-0.148015
-0.0867693
-0.0269648
0.156518
-0.0610879
0.178611
-0.205212
-0.141523
0.101019
-0.0926126
0.225899
-0.184436
0.305786
-0.131776
-0.136018
0.0912267
0.160682
0.173915
0.149113
-0.0402813
-0.0492911
-0.132661
0.0556401
-0.0468794
0.0193156
-0.130676
-0.214621
0.0147651
-0.10614
-0.0386752
-0.0270363
-0.0554009
-0.163703
-0.00115487
0.232378
0.0902919
-0.123824
0.070792
-0.0353597
-0.117536
0.100397
0.156788
0.0528326
0.111167
0.121712
-0.0637766
0.0992258
-0.108879
-0.0499706
-0.00692488
0.142378
-0.0725977
0.0199594
0.200949
0.174335
0.134169
0.0833548
-0.221946
0.0278428
-0.0427602
-0.0207948
-0.0938535
-0.048566
-0.0321137
-0.147501
0.137584
0.35501
0.0870972
-0.0737295
0.178065
-0.0686645
-0.183405
-0.15144
0.0165866
-0.076326
-0.0889121
-0.100232
0.105609
0.112343
-0.0475363
0.0669708
0.0802906
-0.0853293
0.137974
-0.101246
0.168506
-0.193922
-0.0506136
0.043458
-0.0556819
0.0682638
0.0709194
0.0702759
-0.0355653
0.171169
0.125371
0.163307
0.0432601
0.00881982
0.105752
-0.0251775
0.132729
-0.106817
-0.0155102
-0.0591326
0.169726
0.112975
0.00955537
-0.115821
0.0493051
-0.0188983
0.0911493
-0.256929
-0.0656714
-0.0805953
-0.0297514
-0.13277
-0.14672
0.17378
0.0117461
0.125973
-0.0764975
0.0544425
0.241627
-0.0223797
0.16665
-0.17503
0.0223291
0.00259717
-0.144202
-0.266046
-0.161899
-0.102172
0.0834981
-0.0752532
-0.143733
-0.20412
0.0548732
0.132436
0.0114888
0.175992
0.057421
0.23315
0.0316542
-0.00422826
-0.148359
-0.0865531
0.036476
-0.112461
0.135051
0.206304
-0.116236
0.0141834
0.0791607
0.0013994
0.0826276
-0.102035
-0.0965765
0.14334
-0.124247
-0.229072
0.140447
-0.115801
0.177031
-0.167544
-0.105144
-0.09221
-0.108335
-0.0443812
0.115363
-0.155217
-0.18909
0.101884
-0.262351
0.141154
0.210215
0.191126
-0.0327387
-0.141519
0.0887338
0.0454492
0.0872249
-0.107603
0.0956671
0.188988
-0.0567322
-0.145903
-0.0590549
0.190477
-0.0737252
0.000464325
0.019601
-0.0561815
0.201657
0.173278
0.102858
-0.0760654
0.112047
-0.201489
-0.0975854
0.102033
-0.00798978
-0.112077
0.00169585
-0.128106
-0.0845931
0.0862233
-0.0179135
0.066998
0.0186866
0.161541
0.100583
0.042103
-0.00351584
0.00434401
-0.0283248
-0.0844713
0.0857429
0.174819
0.00697116
-0.0660518
0.00834105
-0.181062
-0.1654
0.0578097
-0.00430741
-0.0977855
0.175755
-0.130074
-0.0712937
0.19516
0.139069
0.163224
0.106892
0.0322746
0.0601911
0.230934
0.0892173
-0.230062
-0.0988103
-0.157913
-0.161992
0.0767238
0.108401
-0.114646
-0.0446385
-0.173254
0.0296702
0.0399685
0.181932
-0.217742
0.0653825
-0.105005
0.0621384
0.141087
-0.0668772
0.211372
-0.0395128
-0.121123
-0.0474809
0.018811
-0.0848377
0.069993
0.0872275
-0.0825781
0.118043
-0.123115
-0.0588842
0.151686
0.252171
0.052266
-0.0974826
-0.0520822
0.0815025
-0.0125447
0.230253
888888
0.147053
0.104377
-0.0314283
-0.034341
-0.14494
0.0934148
0.162532
0.0318829
0.193707
-0.0270239
0.12899
0.057817
-0.0673228
-0.159021
0.132233
-0.0854636
0.0856323
-0.166347
0.178061
-0.0873101
-0.0484789
0.0203941
-0.168592
0.0607761
0.00934728
0.130421
0.0070567
-0.0146594
0.0102065
-0.106232
-0.00807036
0.0612744
0.0545498
0.050751
0.0553392
0.0618617
0.0470243
0.0530491
0.0521691
0.0547956
0.0477663
0.0488614
0.0536346
0.0434433
0.0545481
0.0474692
0.0531534
0.0542436
0.0433555
0.0622212
0.0464419
0.0472891
0.0403739
0.0495126
0.0522104
0.0511633
0.0553877
0.0472333
0.0572648
0.052921
0.0445047
0.0552874
0.053676
0.0527877
0.0399946
0.042305
0.0468402
0.0490123
0.0421668
0.0554559
0.0455074
0.0569878
0.0435766
0.0416888
0.0426606
0.0458632
0.0472666
0.0548334
0.0557873
0.0488826
0.0543557
0.0372188
0.0479864
0.0484284
0.0505959
0.0559292
0.0486352
0.0470014
0.0530166
0.0554021
0.0604029
0.0490554
0.0463357
0.0511661
0.0591571
0.0484671
0.0485877
0.0388603
0.0496212
0.04348
0.0561189
0.0689746
0.0527629
0.0495207
0.0486542
0.0482483
0.046684
0.0507142
0.0458256
0.0360582
0.0557942
0.0497999
0.044061
0.046057
0.0470353
0.0454389
0.0479517
0.0607661
0.054943
0.048983
0.0477502
0.0564184
0.0512319
0.0436602
0.0446252
0.0463131
0.0547789
0.0451474
0.0471703
0.0493949
0.0421942
0.055781
0.0410811
0.054227
0.0469984
0.0441215
0.0460115
0.0489222
0.0526008
0.0544691
0.0475142
0.0528034
0.0451617
0.0512729
0.0511119
0.0578552
0.046552
0.0538243
0.0456935
0.0429072
0.0475551
0.0544739
0.0399829
0.0611158
0.05132
0.0547994
0.0529018
0.0517513
0.0453556
0.0561539
0.050698
0.0494454
0.0641958
0.0508206
0.0582968
0.0498285
0.0638072
0.0536923
0.0505611
0.0520547
0.0616636
0.0515965
0.0465129
0.0369853
0.0532087
0.0455366
0.0499253
0.0560028
0.0406359
0.0500712
0.0459162
0.0484028
0.056696
0.0587575
0.0427813
0.0453829
0.048551
0.0555974
0.0560644
0.0574066
0.0507863
0.0481679
0.0555953
0.0575395
0.0538614
0.0439646
0.0477242
0.0404191
0.0451302
0.0599979
0.0528353
0.050989
0.0479454
0.0386274
0.0492541
0.0465256
0.0440071
0.0459971
0.0596678
0.0528587
0.0615032
0.0466803
0.0491956
0.0440991
0.0459927
0.0387232
0.0497918
0.0476151
0.0473567
0.0468067
0.057102
0.043212
0.0601318
0.0449157
0.0558856
0.0437465
0.0465853
0.0426543
0.0362472
0.0435383
0.0532594
0.053608
0.0423562
0.0559669
0.060969
0.0455521
0.0524161
0.056682
0.06085
0.0527288
0.0482357
0.0493793
0.0627662
0.0538216
0.0550904
0.0481397
0.0458459
0.0476823
0.0569023
0.0591962
0.0492157
0.0523223
0.0501827
0.0445102
0.0549491
0.0515526
0.0413837
0.0590317
0.0472407
0.046542
0.0490009
0.046179
0.0479975
0.0427311
0.0479537
0.0504693
0.0531559
0.0539877
0.041414
0.0474869
0.0556419
0.0562544
0.0533873
0.0536421
0.0399934
0.0538135
0.0532657
0.0442044
0.0600275
0.0455785
0.0496144
0.049545
0.0597826
0.0604661
0.0519357
0.0429536
0.0465629
0.0473106
0.0521629
0.0455553
0.0575698
0.044564
0.0384906
0.0549697
0.0457439
0.0463173
0.0573938
0.0593262
0.0489582
0.0525672
0.0411454
0.0572008
0.0489795
0.0453703
0.0526727
0.0475974
0.0510901
0.0488731
0.0552821
0.0471229
0.0472909
0.0530449
0.0608029
0.0488262
0.0515312
0.0509008
0.053022
0.0432782
0.0592554
0.0488753
0.0576434
0.0451511
0.0553993
0.0533104
0.0409891
0.049928
0.0459793
0.0457054
0.053615
0.0504866
0.0458708
0.0584865
0.0557599
0.0538984
0.0531665
0.0472369
0.0499767
0.0553433
0.0517328
0.0456125
0.0416711
0.0544005
0.0488799
0.0543946
0.050408
0.0573361
0.0442678
0.0418841
0.0524381
0.0539046
0.0468095
0.0443029
0.0506877
0.0511139
0.0479865
0.0518532
0.0477679
0.0380893
0.0538204
0.0457955
0.0527291
0.0524367
0.048307
0.0537524
0.0587219
0.0467163
0.0532027
0.050698
0.0531753
0.0568955
0.0592775
0.0639678
0.0435796
0.0505171
0.0479462
0.0405763
0.0378335
0.0505064
0.0544899
0.0453705
0.0462079
0.0481814
0.0461279
0.0485479
0.0498173
0.0455053
0.0513173
0.0414375
0.0482362
0.0542163
0.0537739
0.0543216
0.0523849
0.0461537
0.0466481
0.0588694
0.0653344
0.0541435
0.0521225
0.0430554
0.0522043
0.050238
0.0462444
0.0438277
0.0528104
0.0526097
0.047769
0.0508796
0.040371
0.0502181
0.0522434
0.0372396
0.0606886
0.0489554
0.0404576
0.0533961
0.0485127
0.060956
0.0503949
0.0481477
0.0554279
0.0503375
0.0521674
0.0468952
0.0609573
0.0546196
0.0528022
0.0451794
0.0450691
0.0545672
0.0548959
0.0497843
0.0422039
0.0457958
0.0553202
0.0471929
0.0627
0.0486223
0.0584256
0.0573143
0.0563677
0.0576987
0.0465937
0.0511344
0.0451859
0.0423338
0.0471792
0.0588572
0.0520663
0.0524299
0.0479888
0.053608
0.0485703
0.0468734
0.0524456
0.0548995
0.0460697
0.0399052
0.0470211
0.048163
0.0652859
0.0468
0.0559243
0.045231
0.0536092
0.0410271
0.0456852
0.0496092
0.0516734
0.0542266
0.0514893
0.0562991
0.0502271
0.0468891
0.0476951
0.0589216
0.0525859
0.0566879
0.0458091
0.0579906
0.0533965
0.0479071
0.0452508
0.0488803
0.0473148
0.0371172
0.0438023
0.0589768
0.0383357
0.0490186
0.0523083
0.0503064
0.0613864
0.0431771
0.0468656
0.056603
0.0590199
0.0582735
0.0530322
0.0398717
0.0494757
0.0521345
0.0505447
0.0631244
0.0538614
0.049937
0.0486731
0.0546891
0.0561745
0.0442694
0.0469033
0.0530717
0.0521134
0.0559427
0.0510326
0.0413464
0.054887
0.0540436
0.0479453
0.0477571
0.0518835
0.0494733
0.0543514
0.0572598
0.0543701
0.0479829
0.0558631
0.054645
0.0536641
0.0584693
0.0558144
0.0514997
0.0478456
0.0462203
0.0565819
0.0445434
0.044948
0.0534023
0.0482129
0.0434457
0.0452573
0.0480515
0.0515765
0.0411529
0.0539792
0.0465477
0.0621203
0.0578372
0.04465
0.0531204
0.0594148
0.0602656
0.0512184
0.0492006
0.0490549
0.0498632
0.0473506
0.0502804
0.046403
0.0487827
0.0452487
0.0522132
0.0525529
0.0518227
0.0449862
0.0506709
0.0443237
0.0498145
0.0553893
0.0493383
0.0454455
0.0527948
0.051623
0.0400303
0.0629121
0.0528225
0.0505504
0.0458692
0.0521758
0.0489695
0.0518814
0.0533533
0.0452432
0.0405534
0.0496967
0.0439939
0.0483225
0.0554762
0.0467574
0.0520267
0.0516027
0.0581135
0.0485802
0.0477855
0.0431512
0.0530476
0.0461466
0.0477398
0.0465691
0.0492273
0.0483104
0.0473953
0.0522238
0.0453927
0.050029
0.0545215
0.0534228
0.0542907
0.0601734
0.0475474
0.0492098
0.0615179
0.0394857
0.0509158
0.0460269
0.0393358
0.0501593
0.0543016
0.0452401
0.0574004
0.041832
0.0492139
0.0538204
0.045524
0.0516343
0.0539133
0.0456819
0.0457734
0.0509909
0.0543981
0.0589701
0.0484338
0.0567268
0.0520516
0.0490618
0.044479
0.055708
0.0462921
0.0388182
0.0482136
0.0533521
0.0470586
0.0621002
0.0546243
0.0511646
0.0519035
0.0621768
0.0550182
0.0470896
0.0542215
0.0496229
0.0569927
0.050724
0.0474185
0.0457128
0.0512842
0.0536527
0.0436338
0.0436327
0.0545248
0.0498788
0.0522767
0.0557661
0.0439332
0.0450982
0.0382242
0.0433848
0.0525084
0.0586142
0.0523504
0.043686
0.0557089
0.0456542
0.0509736
0.0506918
0.0481051
0.0466318
0.0478764
0.0496578
0.046273
0.0540005
0.0399744
0.0439007
0.0440701
0.0472249
0.0587477
0.053551
0.0478579
0.050607
0.0458507
0.050566
0.0434153
0.0553792
0.0501999
0.0557323
0.045465
0.0581022
0.0442254
0.0572837
0.0486226
0.0587935
0.0538231
0.0485259
0.0505087
0.052814
0.0470594
0.0586616
0.0512291
0.0505967
0.0486025
0.0503601
0.037145
0.0525747
0.04933
0.0469587
0.0478484
0.0464415
0.0454183
0.0564191
0.0440952
0.053597
0.0472122
0.0617906
0.0534155
0.0428603
0.0449308
0.0461787
0.0484673
0.0531655
0.0522555
0.0473707
0.0503877
0.0502698
0.0394221
0.0425112
0.0508932
0.0497121
0.0585077
0.0494273
0.0435061
0.0569741
0.0456238
0.0569296
0.0554137
0.0447569
0.0509392
0.0545541
0.0540388
0.0510816
0.0500761
0.050409
0.0511121
0.0549941
0.0542571
0.0464545
0.0531435
0.0445174
0.0501577
0.0485767
0.0525145
0.0546207
0.0540185
0.0411552
0.0463526
0.0458941
0.050695
0.0473952
0.0520937
0.0512592
0.0517395
0.0452535
0.0521363
0.0479698
0.0494179
0.0529401
0.0585528
0.047667
0.0505686
0.0499053
0.043159
0.0480971
0.0501587
0.0500445
0.0489698
0.0586616
0.0512062
0.0469298
0.0409329
0.0556598
0.0615107
0.0446786
0.0542606
0.047471
0.0576385
0.0584963
0.0455
0.0427922
0.0482858
0.0518223
0.0591981
0.0464745
0.047866
0.050597
0.0501411
0.0465821
0.045544
0.0470465
0.0496227
0.0418365
0.05457
0.0533241
0.063073
0.0527113
0.0578449
0.0517488
0.0456153
0.0530128
0.054185
0.0498145
0.0438061
0.0411524
0.0435285
0.0527656
0.0457597
0.0547227
0.0472269
0.0476768
0.0549768
0.0553669
0.0433174
0.0578578
0.0504922
0.04497
0.0428542
0.038325
0.0461973
0.0525516
0.0518071
0.0613436
0.0443326
0.0472664
0.0438553
0.053642
0.0443898
0.0535331
0.0456089
0.0424884
0.0526605
0.0535832
0.0457079
0.0587659
0.0477408
0.0473442
0.0460681
0.0510209
0.0533592
0.0438161
0.05714
0.0538833
0.051262
0.0517452
0.0473622
0.0471139
0.0463322
0.0528663
0.0450617
0.0440163
0.0556138
0.0571269
0.0530703
0.05865
0.0460625
0.0518965
0.0426229
0.0465705
0.0563026
0.0499851
0.0534126
0.0462709
0.0464678
0.0503883
0.0471544
0.0591001
0.0469099
0.0470621
0.0537202
0.0509413
0.0494486
0.0490943
0.0579666
0.0539472
0.0437289
0.0469449
0.0562732
0.0495344
0.0457557
0.0408672
0.0522012
0.0414472
0.0405312
0.0444849
0.0504351
0.0451317
0.0470268
0.0520893
0.0474468
0.0413918
0.0468264
0.0557361
0.066789
0.0574237
0.0392991
0.0674202
0.054002
0.061163
0.0569948
0.0475662
0.0452851
0.0412245
0.0487826
0.0558986
0.0579918
0.0622783
0.0422996
0.0426953
0.0511742
0.0532854
0.0401677
0.0577367
0.0435364
0.0519117
0.0570774
0.0525129
0.0575503
0.0478802
0.0511098
0.0495753
0.0483192
0.0393931
0.0449766
0.0484251
0.0452619
0.047962
0.0480426
0.0462791
0.037221
0.0506063
0.0503175
0.0490134
0.0491484
0.0550983
0.0439525
0.0403483
0.0495992
0.0555159
0.0496324
0.0520366
0.0486402
0.0477301
0.0455618
0.0474321
0.0670901
0.0508776
0.0490951
0.047124
0.0531949
0.0445715
0.0602574
0.0567026
0.0496579
0.0518687
0.0489281
0.0546185
0.0578019
0.0479204
0.0452994
0.0461803
0.0560072
0.0480511
0.0394516
0.0544715
0.0583196
0.0449698
0.053111
0.0500299
0.04707
0.0592452
0.0476523
0.0532542
0.0479629
0.0538012
0.0516845
0.0517442
0.0510429
0.0533254
0.0549342
0.053396
0.0586061
0.0486667
0.0521678
0.0633811
0.0398105
0.0521339
0.0475297
0.053765
0.0476072
0.0475731
0.0460793
0.0580172
0.0452713
0.0540994
0.0412616
0.0504199
0.0466701
0.0513253
0.0413575
0.061155
0.0422299
0.0526382
0.0525703
0.0496728
0.0430582
0.0531545
0.0467917
0.0522464
0.0471166
0.0488463
0.05247
0.0590695
0.0548412
0.0493438
0.040961
0.0463759
0.0641015
0.0541126
0.0509388
0.041705
0.0500323
0.0518668
0.0458874
0.0495245
0.0584634
0.0456121
0.0493224
0.0518806
0.0441979
0.0506921
0.0541048
0.0481976
0.0511254
0.0533658
0.0553373
0.0613748
0.0549433
0.0487439
0.0613724
0.0562578
0.0567806
0.0542349
0.0438264
0.0539702
0.0486596
0.0453731
0.0566277
0.0474782
0.0488943
0.0520037
0.0540857
0.0605046
0.0456399
0.0505666
0.043316
0.0563955
0.0511225
0.04155
0.0508467
0.0475695
0.0470097
0.0522284
0.0516427
0.0611848
0.0487115
0.0595327
0.0484529
0.0534417
0.0494728
0.0547526
0.0507021
0.0477925
0.0459852
0.0541025
0.0470324
0.0603654
0.0507005
0.0529725
0.0578771
0.0545687
0.0525061
0.0520895
0.0474333
0.0446439
0.0518739
0.0509164
0.0468357
0.047692
0.0436356
0.0554577
0.0528378
0.052207
0.0406147
0.0491481
0.0456373
0.0518678
0.0484292
0.051907
0.0421418
0.0546107
0.0457053
0.0623731
0.0556634
0.0456506
0.0438457
0.0538675
0.0495581
0.0459726
0.0478714
0.0581489
0.0592873
0.0448497
0.0586525
0.0414706
0.0506221
0.0467489
0.0444566
0.0473672
0.0473947
0.0523836
0.0641699
0.0526404
0.0628662
0.0457806
0.0517265
0.0427909
0.0569032
0.0437539
0.0423174
0.052556
0.0497148
0.0500856
0.0510084
0.0462992
0.0469945
0.0493475
0.0552313
0.0575175
0.0473028
0.0509874
0.0502996
0.047063
0.0479687
0.0418963
0.0594746
0.0599126
0.0502028
0.0510425
0.0466595
0.0459311
0.0414951
0.0483712
0.0497274
0.0412573
0.0489433
0.0400731
0.046365
0.0573663
0.0654055
0.0490921
0.0557063
0.0435426
0.0470467
0.0496802
0.0598228
0.0466351
0.0495851
0.0528846
0.0474108
0.0595437
0.0518726
0.057216
0.0508321
0.0477074
0.0597604
0.0491905
0.0475386
0.0459304
0.0510151
0.0520366
0.0522378
0.0418302
0.047715
0.0473008
0.0420705
0.0460461
0.048453
0.0482063
0.0445582
0.041873
0.041858
0.0384159
0.0576528
0.0529721
0.0668186
0.0513429
0.0487824
0.0531932
0.052196
0.0506014
0.0511035
0.0457514
0.0603765
0.0497649
0.0507124
0.0503886
0.0532325
0.0528219
0.0530159
0.0534317
0.0532068
0.0486272
0.0496704
0.0471992
0.049738
0.0500963
0.0457729
0.0493633
0.0485054
0.0543114
0.0469572
0.0400252
0.0496617
0.0529048
0.0507816
0.0422681
0.0500305
0.0523545
0.0443255
0.0422468
0.0463785
0.0465148
0.0475243
0.0430924
0.0467798
0.0575226
0.0605932
0.0468176
0.0545969
0.0393379
0.0553898
0.0490276
0.0517048
0.0544486
0.0528616
0.0439173
0.0441867
0.0420278
0.0594711
0.0462772
0.0556716
0.0504215
0.0502888
0.0440767
0.0498294
0.0483033
0.0616453
0.0454574
0.0470022
0.0490288
0.0564241
0.0444442
0.0582579
0.0458531
0.0438866
0.0548586
0.0610291
0.0551411
0.0514599
0.049688
0.0525091
0.0521411
0.0466266
0.0545457
0.0513513
0.0494425
0.0431149
0.0497114
0.0390831
0.0513589
0.0378488
0.0504004
0.0522671
0.0521228
0.048104
0.0471511
0.055885
0.0557925
0.0501482
0.0435132
0.0593375
0.0494204
0.0564898
0.0527243
0.0544698
0.052476
0.0529282
0.0590419
0.0480994
0.0438932
0.0592453
0.048929
0.0527317
0.0453653
0.0546262
0.0504342
0.0505431
0.0523001
0.0515625
0.0535727
0.0470177
0.0441642
0.0501472
0.053908
0.0452933
0.0576507
0.040631
0.0562269
0.0385572
0.0425431
0.0459222
0.071109
0.0533758
0.0381729
0.0464056
0.0471161
0.0447579
0.0466913
0.042866
0.0481094
0.0571383
0.0545899
0.0551372
0.0547894
0.0556203
0.0404121
0.0527466
0.0438495
0.0435334
0.0514828
0.0495624
0.0448256
0.0413136
0.0503618
0.0410842
0.043006
0.0435178
0.0418738
0.0550845
0.0473461
0.0478316
0.0471587
0.0391605
0.045348
0.0505851
0.0412698
0.0466245
0.0499226
0.048912
0.0472839
0.0660441
0.0553346
0.0476707
0.0608654
0.0454128
0.0490709
0.0494357
0.0504215
0.0509278
0.0537505
0.0498335
0.0502384
0.0614121
0.0436482
0.0474131
0.0475832
0.0445504
0.0485809
0.0606685
0.0520347
0.0468124
0.0397757
0.0410345
0.0505922
0.0435087
0.0552703
0.052307
0.0520844
0.0544809
0.0442198
0.0479677
0.0508601
0.0426935
0.0486338
0.0484935
0.0485053
0.0477671
0.0522851
0.042429
0.0559233
0.048056
0.04749
0.0558347
0.0478848
0.0384068
0.0613025
0.0432276
0.0512803
0.047876
0.05024
0.0490386
0.0502726
0.0590807
0.0394903
0.0440503
0.0583571
0.0488989
0.0547253
0.0499033
0.0422883
0.0464843
0.0476429
0.0623834
0.0541642
0.0533016
0.0487484
0.0540676
0.0434313
0.0532314
0.0532909
0.050867
0.0494428
0.0582186
0.0531807
0.0471852
0.0397868
0.0504724
0.0478566
0.0547121
0.0444996
0.0570882
0.0540359
0.043356
0.0567775
0.0430579
0.048555
0.0589365
0.0415427
0.0633579
0.0520091
0.0404841
0.0484256
0.0510523
0.0471572
0.0524321
0.0513863
0.0489928
0.0495776
0.0550697
0.0554564
0.0468048
0.0443561
0.0573741
0.0531702
0.0492215
0.0512287
0.0522298
0.0548396
0.0535121
0.0523822
0.0598246
0.0456689
0.0413034
0.0575559
0.0654046
0.0459404
0.0522346
0.0603408
0.0464666
0.0452512
0.0509796
0.0611715
0.0531464
0.0458242
0.0486875
0.0466309
0.045266
0.05441
0.0414932
0.0580057
0.0581924
0.0448933
0.0459901
0.0422905
0.0403811
0.0462488
0.0536457
0.0483989
0.0585057
0.0448997
0.0523598
0.0528211
0.0518373
0.0442844
0.0512006
0.0523435
0.0502181
0.0500317
0.0512492
0.0556072
0.0596588
0.0485909
0.0497228
0.0464578
0.0530874
0.051132
0.0370115
0.0498051
0.0494817
0.0506142
0.0497417
0.0395571
0.0434039
0.0484748
0.0496673
0.0453827
0.046196
0.0505234
0.0460411
0.0508003
0.0403277
0.0481824
0.0495661
0.0481698
0.0420737
0.0524482
0.0570477
0.0552787
0.0544473
0.0509968
0.0529937
0.0572692
0.0535106
0.0538725
0.0560633
0.0553551
0.0520691
0.0464914
0.0621943
0.0456148
0.0476494
0.0487445
0.0468845
0.0466304
0.0528593
0.0501206
0.0370842
0.0589794
0.049724
0.0534515
0.0588031
0.0498174
0.0426942
0.0550619
0.0409247
0.0538265
0.0545321
0.057076
0.0505643
0.0419533
0.0510624
0.0516827
0.0534473
0.0553601
0.0551704
0.0506585
0.0544554
0.0331849
0.0518063
0.0475712
0.0617208
0.0561074
0.0436998
0.0506854
0.0505138
0.0540559
0.0506253
0.0587137
0.0520557
0.0677912
0.0492204
0.0499223
0.0542309
0.0448061
0.0446015
0.0558503
0.0504098
0.0530778
0.0481952
0.0539338
0.0410428
0.0562748
0.048648
0.0656049
0.0509364
0.0504325
0.05157
0.0478926
0.0449144
0.0483977
0.0480372
0.0427246
0.0420671
0.0460958
0.0511826
0.0431489
0.0479051
0.0398204
0.0506442
0.0539087
0.0523882
0.0537268
0.045269
0.0552526
0.0471357
0.0473379
0.0466014
0.0484127
0.0517924
0.0462354
0.0608193
0.0529407
0.0426199
0.0430481
0.05445
0.0481344
0.0504433
0.0448888
0.0559567
0.0566216
0.0418329
0.0503359
0.0455251
0.0507028
0.0428855
0.0496782
0.0453388
0.0530463
0.0439533
0.0477991
0.0543856
0.0508272
0.0519717
0.0536456
0.0490532
0.0477409
0.0557198
0.0462458
0.0508865
0.0449098
0.0530241
0.0450728
0.044817
0.0437377
0.0469212
0.0468045
0.0464507
0.0613015
0.0489336
0.0467848
0.0434542
0.0525831
0.045695
0.05
0.05
0.05
0.05
0.05
0.05
0.05
0.05
0.05
0.05
0.05
0.05
0.05
0.05
0.05
0.05
0.05
0.05
0.05
0.05
0.05
0.05
0.05
0.05
0.05
0.05
0.05
0.05
0.05
0.05
0.05
0.05
777777