2.19122
999999
0.0480406
-0.116682
0.0525437
-0.0559073
-0.313876
0.215171
-0.505318
0.220676
0.43924
-0.135585
-0.529053
-0.0726698
-0.0477073
0.0783398
0.191136
0.0249801
-0.053975
0.121247
0.00551849
-0.0370154
-0.0841559
0.105324
0.523818
0.141055
0.156447
0.170246
-0.130549
-0.146507
-0.0836252
-0.0466064
-0.00722481
-0.268019
-0.18921
0.0298738
0.134933
-0.0171697
-0.0703927
-0.0468236
-0.0896703
0.265173
0.0432944
-0.179212
-0.223016
-0.098881
0.0748294
-0.052123
-0.240264
0.073438
0.223235
-0.181556
-0.0515469
0.0587261
0.0145349
-0.0697597
0.139427
-0.156597
0.165247
0.124051
0.114589
0.14272
0.0827218
-0.307616
0.327812
-0.19439
-0.156752
0.0346207
-0.0306121
0.099503
-0.0724394
-0.0188808
0.102877
0.0449627
0.176621
0.156924
0.22118
0.219499
0.24824
-0.114016
-0.132039
-0.120067
0.0382679
-0.28693
0.155363
-0.277705
-0.00787197
0.0484038
-0.115045
-0.169837
-0.0489624
0.0298726
-0.095627
-0.172351
-0.176746
0.138323
0.0537921
0.00565053
-0.0411049
-0.138265
0.0714608
0.180247
-0.210665
0.171739
0.0627555
0.0484925
-0.157946
0.0380212
0.094511
-0.150948
0.0232326
0.0132201
-0.0879963
0.142862
-0.176871
-0.211158
-0.121962
0.2152
0.107415
-0.0363839
0.0634666
0.082225
-0.0729268
-0.130624
-0.112798
-0.0702589
0.0473053
0.0942606
0.03287
0.0763186
-0.179942
-0.039677
-0.0306325
0.0390151
0.061512
0.112349
0.178232
0.067437
0.0798104
0.0591745
-0.128825
-0.194784
0.272465
0.148901
0.00948854
0.179826
0.0081763
0.061934
-0.133604
0.100018
-0.0364035
-0.0627586
0.0781147
0.0483884
-0.114158
-0.0786093
0.0285982
0.181774
0.0805086
-0.044208
-0.14122
0.322326
-0.0227831
-0.0425955
-0.0667717
0.104266
0.293627
-0.154981
0.168242
-0.197153
0.0359939
-0.11157
-0.0202099
-0.0555079
-0.0757906
-0.0260697
0.145519
0.164978
-0.194521
-0.00075985
-0.279921
0.170721
0.00619879
-0.192267
0.213171
0.00974528
-0.180241
-0.0218918
0.118729
0.0411695
-0.171362
0.172265
0.00594258
-0.0682931
-0.0490218
0.0115174
-0.25454
-0.240174
0.0699662
-0.0659372
0.143401
0.334186
0.0639881
-0.041256
-0.0540211
-0.159355
0.0322601
0.195438
-0.141209
-0.0513433
-0.0441092
0.125858
-0.244665
0.0475005
-0.113848
-0.0612054
-0.0567544
-0.061515
0.108033
0.338646
0.186408
-0.267211
-0.178238
0.0616835
-0.21979
0.109855
-0.0876807
0.0347402
0.168724
-0.0187966
0.105311
0.10421
-0.009636
0.169696
-0.158253
0.224651
-0.0980752
-0.237656
-0.0620359
-0.070209
0.120468
-0.178552
0.131749
0.133282
0.0837076
-0.109114
0.0926499
-0.160265
0.231436
-0.0589481
0.0529984
-0.327871
-0.0114066
0.0212823
0.280546
-0.130546
-0.0239378
-0.0399605
0.153686
-0.273323
-0.127365
0.259335
-0.324944
-0.0494561
-0.0320207
-0.203342
-0.225975
-0.22132
-0.09426
0.0750682
-0.0416729
0.115327
-0.179407
-0.227223
-0.273744
0.164927
-0.197204
-0.0604197
-0.0488318
-0.0487456
-0.0341841
0.131391
0.0441171
-0.0737217
-0.0507587
-0.0808159
0.149419
0.0558425
-0.13815
0.0580409
0.15073
-0.0194062
-0.120106
-0.0145335
-0.0523216
-0.0301465
0.0252547
0.121608
-0.122499
0.117749
-0.0194142
-0.0531345
0.0730821
-0.0855217
0.0780198
-0.174764
-0.0616888
0.0636902
-0.0267445
-0.119803
-0.219691
0.171793
-0.099671
-0.0696582
0.0600983
0.0423108
0.0713787
-0.128063
0.175721
0.288095
0.206
-0.0106272
-0.142425
0.0774694
0.0476865
0.21733
-0.149992
0.0895647
-0.183772
-0.230999
0.207292
-0.0362404
0.0986586
0.0230455
-0.182515
-0.0300449
0.235475
-0.0419833
0.166073
0.17351
-0.122496
-0.0384625
0.137982
0.0756416
0.155602
0.0268554
-0.226798
0.0837482
-0.146786
-0.0113876
0.0103848
-0.025963
0.146609
-0.0803869
0.0389767
-0.121999
-0.117498
0.0638439
-0.162786
-0.0190692
0.174889
-0.136697
0.0810751
-0.225649
0.137688
0.0546761
0.0401396
-0.0222305
-0.0660388
0.109029
0.103433
-0.29641
0.0121108
-0.0726875
-0.0119974
0.170693
-0.177904
0.116969
0.00499495
-0.00129981
-0.120709
-0.094786
0.116358
-0.0724895
0.0996255
-0.00459524
-0.184223
-0.116086
0.229607
-0.0454454
-0.0918073
-0.253214
0.0279281
0.152707
0.115139
0.0987794
0.174606
-0.232719
-0.118968
0.141481
-0.00231965
-0.0632234
0.175404
0.117514
0.10928
-0.0445824
-0.184921
0.039585
-0.133837
-0.146095
-0.000492927
-0.0438027
0.17387
0.190748
0.0353895
-0.196211
-0.172367
0.037679
-0.115172
0.117455
-0.0691917
-0.108236
-0.139355
0.0226923
0.127348
-0.138549
0.173659
-0.217304
0.0957019
0.099245
-0.132572
-0.00976927
0.000586158
-0.268494
-0.121807
-0.0137103
0.234613
-0.31523
0.0879992
-0.0735902
0.0493066
0.0574331
-0.0896401
0.257248
0.0950571
-0.282067
0.0090248
-0.135375
-0.13805
-0.0301733
0.219052
-0.0182207
-0.0335619
-0.122784
0.143141
-0.204663
0.0461165
-0.165102
-0.00931198
0.21032
0.00903692
0.0942466
-0.156084
0.0141615
-0.167097
0.151579
0.0746082
0.0484369
-0.132137
0.188538
0.206809
0.000676093
-0.156186
-0.0598248
-0.221081
-0.0206272
0.0785657
0.134507
-0.0638187
0.199912
-0.118539
0.0429783
-0.246466
0.0981582
-0.161412
0.0565313
0.185049
-0.14636
-0.111465
0.124878
0.14429
0.0418384
-0.0668506
-0.0406282
0.0504068
-0.0968478
0.0932513
0.108545
-0.0718918
-0.0769689
-0.0136594
-0.0746805
-0.125726
-0.0346998
-0.125603
-0.0460586
-0.0736267
-0.232371
0.237893
0.15054
0.178561
-0.290984
-0.0446938
0.0733897
-0.0794815
0.152738
0.154974
-0.10962
0.0208624
-0.0965071
-0.138358
0.246058
0.0907701
-0.0902694
0.0654365
-0.19142
-0.159396
-0.197198
-0.0374921
0.0554803
0.127054
-0.0174722
-0.0357353
0.102822
-0.150367
-0.0380066
-0.104619
-0.172496
0.124696
-0.0903214
0.170546
0.0431759
-0.038007
-0.0646115
0.109731
0.14074
0.0010925
0.0706858
-0.109544
0.0624332
0.112499
0.221173
-0.126098
-0.176318
0.132234
0.0638198
0.0878718
0.0108298
-0.0359478
-0.136595
-0.113916
0.0945588
-0.0760685
-0.231809
-0.0240352
-0.0968043
-0.0123003
-0.0861619
-0.0232413
0.147572
0.0416422
-0.144763
0.00127474
0.138148
-0.00347793
0.0821356
-0.080461
0.186515
0.165647
-0.105325
0.0661526
0.0781855
-0.011681
-0.0158941
0.00520399
-0.115388
0.234577
0.213001
0.0563922
-0.225868
0.0843794
-0.189149
-0.100077
0.0870423
-0.188619
-0.00542373
0.0581561
0.0201025
0.0307678
-0.0417968
0.174274
0.103259
-0.0126865
0.202253
0.298492
0.0835827
0.0582723
-0.116487
0.193757
-0.0785021
0.249221
0.0934045
0.0678934
-0.137767
0.0363645
0.0148402
-0.0750246
-0.109131
0.0142133
-0.260915
0.0889035
0.287449
-0.130937
-0.112814
0.116817
-0.168907
0.115838
0.240749
0.0163809
-0.154198
-0.0212179
0.0965473
0.263811
0.265138
-0.0956286
0.0915568
-0.196116
-0.0212183
0.0189612
0.0192385
0.153461
-0.232015
-0.0327039
0.104661
0.204061
0.289288
-0.0484677
-0.0240171
0.186049
-0.103607
-0.178549
0.140763
-0.127265
0.112608
-0.148425
-0.0474682
-0.184776
-0.0363635
-0.0319606
0.114308
0.161126
0.131151
-0.0312979
0.0422588
0.162954
0.11981
0.0798925
0.106152
0.0581992
-0.046122
-0.0798644
-0.126945
0.0113923
-0.0237251
0.139911
0.0566085
-0.28219
-0.0395846
0.116881
0.131599
-0.0510647
-0.0020107
-0.231885
0.276638
-0.0406998
0.115783
-0.10974
0.0329743
0.195124
0.103575
0.0583727
-0.114268
-0.111534
0.161891
0.0851756
-0.0990499
0.159899
0.0146951
0.0655586
-0.205808
-0.179016
0.145584
0.30508
-0.133398
-0.200393
0.181726
0.183715
-0.0995222
0.0346543
-0.0347216
-0.188338
0.0172627
0.104622
0.151677
-0.0382846
-0.0441541
-0.0313376
0.00859788
-0.0419187
-0.0198201
0.235382
-0.0737407
-0.263052
-0.085664
-0.0478506
0.216426
-0.0445705
-0.00998176
0.0931345
-0.0298354
-0.0644742
0.172365
0.0697068
-0.0675857
-0.0260738
0.205622
0.088541
-0.0216839
-0.17255
-0.0190537
-0.00146698
-0.0601526
0.0498965
0.0279179
0.150819
-0.150418
0.265418
-0.0881896
0.182989
0.110705
0.0348998
0.0713558
-0.102076
0.152146
0.0965553
0.0697037
0.0921133
0.180655
0.0616484
0.0972325
-0.00704364
0.105773
0.137128
0.255146
-0.105172
0.103836
0.153653
0.145883
-0.180071
-0.131371
-0.0475284
0.182108
0.126726
0.0935398
0.0644761
-0.193774
0.0761507
0.0532397
0.127607
-0.063208
-0.0599481
0.0117405
0.105982
-0.0773153
-0.154523
0.241681
0.0699402
-0.0930002
-0.21612
0.168689
0.103867
0.0611398
-0.0801541
0.0594463
0.0893177
0.122267
0.044879
0.209322
-0.110968
0.0703592
-0.103081
-0.0388945
0.104177
-0.0723647
0.20432
0.0429258
-0.0503172
0.163279
-0.0848009
0.161612
0.164157
-0.13317
-0.0605422
-0.118206
-0.0894047
-0.0836409
0.231945
-0.1378
-0.00948839
0.212763
-0.0637505
0.035367
0.152454
0.217463
-0.0634076
0.00941062
-0.206356
-0.12856
-0.164937
0.120626
-0.0895572
-0.194823
0.155093
0.0439375
-0.0494558
-0.123079
-0.0608537
0.241199
-0.0535412
-0.0794835
0.0369687
0.0199855
-0.209569
-0.255158
0.00257027
0.0109518
0.148319
0.0453306
0.166083
-0.0395006
0.0902945
-0.125307
0.198222
-0.0565382
-0.138726
-0.03168
0.0158792
0.0410269
-0.00637244
-0.0871681
-0.209885
0.17028
0.0114811
-0.0188142
0.0328316
0.168856
-0.153835
-0.220445
-0.0611046
-0.0648609
0.110813
-0.116463
0.159457
0.00941267
0.0969909
-0.228437
-0.0664717
-0.0152037
-0.24989
-0.00928409
-0.0418235
0.0144502
0.0350711
-0.236991
0.143174
0.0252904
-0.209099
0.0239346
-0.0239531
-0.220558
-0.139179
0.202955
0.0305401
0.0921093
0.0526628
-0.157835
0.174785
0.13164
0.150727
-0.100789
-0.261655
0.222273
-0.000844492
-0.280685
0.0141725
-0.0847264
0.157205
0.16358
-0.19915
-0.00273103
-0.0286313
0.26556
-0.250858
0.00283105
0.0530631
-0.0331543
-0.0424024
-0.142197
0.120847
0.0514759
-0.0306732
-0.168927
0.173605
-0.258567
0.139153
-0.0665011
-0.113534
-0.0822731
-0.117102
-0.0134466
0.173033
0.114445
0.0514728
0.00749502
-0.02635
-0.25532
0.0327775
0.205695
0.116556
0.0291863
-0.0527917
0.205482
0.155242
-0.107509
-0.13135
0.195307
-0.0747114
0.110001
0.0392663
0.0495433
0.103784
0.234971
0.148544
-0.00415186
-0.10706
-0.19803
-0.130128
0.0306096
0.121216
0.117812
0.000109621
0.0369027
-0.0735206
0.0597816
0.190759
-0.0481192
-0.131315
-0.0238107
-0.19827
-0.131297
0.0726282
0.0975956
0.0670137
0.109415
0.115047
0.0584144
-0.201785
-0.165596
-0.11014
0.0748607
-0.0686859
-0.17946
-0.0728306
-0.211816
-0.143606
0.184431
-0.20415
0.237347
-0.00881218
0.0302558
-0.0492214
-0.104807
-0.189146
-0.168555
-0.0708591
0.0313236
0.174488
-0.218951
0.0470352
0.264298
0.077489
0.140877
-0.287375
0.157816
-0.167718
-0.104684
-0.232252
0.110226
-0.140197
0.0210469
0.0984498
-0.13949
-0.0361086
-0.0804083
-0.0884501
0.197706
0.245166
0.139192
-0.0520451
-0.146621
0.0454124
0.161683
0.0626422
-0.0161628
-0.144839
-0.0042135
-0.181851
-0.0984227
0.0868737
-0.031639
0.340408
-0.029581
0.0950777
0.010542
-0.147899
-0.102804
0.238733
-0.314519
0.128819
-0.291317
-0.0774196
-0.00526087
-0.0166019
0.0513169
-0.0204427
0.193821
0.0225295
0.0524504
0.0172303
0.102569
-0.0883937
0.264416
0.11056
0.103619
0.127609
-0.203812
0.0230027
0.165192
-0.0279797
-0.148241
0.213281
-0.123438
-0.114
0.154427
-0.0574578
-0.0566463
-0.255273
0.0394265
-0.324734
0.0503328
0.0183314
0.0578072
0.0829538
0.141548
-0.0520844
0.029618
0.253111
-0.000117671
-0.000995003
-0.128886
-0.123572
-0.0337351
-0.0623275
0.147627
0.101883
0.0617364
-0.102768
0.150151
0.162578
-0.116221
-0.20122
0.118066
-0.0874674
0.0104811
-0.0205393
-0.069374
-0.151112
-0.0560749
0.0824404
0.135305
-0.00995516
-0.0851179
0.217303
-0.0587175
-0.0580875
-0.156623
-0.0559052
0.146265
0.0383631
-0.0677438
0.128089
-0.161109
-0.0439635
0.066184
0.0097887
-0.143814
0.0655782
0.0462378
0.070796
0.115287
-0.12261
0.0983108
0.00731236
-0.0373472
0.215367
0.0807747
-0.10186
-0.164219
0.174835
0.205386
0.10054
0.11007
0.264459
0.145375
0.1712
-0.226874
-0.190757
-0.0368455
-0.150738
0.0154493
0.256567
-0.0644736
0.233735
-0.18722
0.10933
-0.21777
0.12724
0.130259
0.17043
-0.0130484
-0.173564
-0.0812781
0.0952253
-0.0203353
-0.133414
0.0123489
0.273962
0.0302471
-0.0260137
0.0242412
0.00241854
-0.127241
0.129946
-0.240543
-0.148575
-0.0480871
0.0906583
0.00911027
-0.0222753
0.0117335
0.151381
0.194551
0.236553
0.138387
0.0162769
-0.0401813
0.194077
-0.194918
-0.158357
0.170579
-0.043848
0.131851
0.0356936
0.167941
-0.0452751
0.0529419
-0.177408
-0.0288872
0.147191
0.0479248
-0.367027
0.0217287
0.216213
-0.0465228
-0.0575516
-0.0437262
0.20826
-0.0564625
0.022371
-0.269851
0.0366494
0.0598525
-0.0463153
0.131093
-0.0213923
-0.170326
-0.0832493
-0.0480074
0.000466963
0.182173
0.123011
-0.120542
0.101917
0.0304289
-0.0752733
0.178665
0.134707
0.247931
0.233355
0.0522239
-0.0364353
-0.10083
0.12118
0.0412799
0.0326432
-0.28556
0.101835
0.0376853
-0.19364
0.108406
-0.201021
0.0244571
-0.0118887
0.136561
0.137806
0.153448
0.203836
-0.0449288
0.0964115
-0.019728
0.0642385
0.00061237
0.0170948
0.00250428
0.196469
0.100725
0.187494
0.0277556
0.170039
-0.140892
0.188775
0.0834408
0.161092
0.093109
-0.0850919
-0.122192
0.123208
-0.100852
0.195217
0.213043
0.168015
0.119611
-0.025745
-0.283724
0.106284
-0.0198501
0.00152867
-0.220825
-0.0846302
-0.16035
-0.113567
-0.255332
-0.115824
0.0862907
-0.14438
-0.230951
0.0127568
0.133709
0.113507
-0.288864
-0.155294
0.105726
-0.0100805
-0.055906
-0.118197
-0.131577
0.284167
-0.162174
-0.0269328
-0.207907
-0.127253
0.168879
0.103
0.256443
-0.126181
0.00755114
-0.0406589
-0.0665578
-0.198847
0.0969455
-0.0635107
-0.127951
0.0467596
-0.126896
0.180393
-0.195509
0.0168227
-0.0789298
0.178636
0.0938733
0.12314
0.102948
-0.144389
0.203568
-0.0754577
0.239999
-0.208067
0.137201
-0.0923883
0.0190642
-0.104863
-0.148687
-0.0822288
0.0418313
0.126477
0.0512072
0.179818
0.0572273
0.0339241
-0.165971
0.0271441
0.00767198
-0.160568
0.151059
-0.160073
0.126014
0.083291
0.00168312
0.18577
0.116174
-0.121804
0.140409
-0.254857
-0.128531
-0.157962
0.035524
-0.0726385
-0.0571737
0.175929
0.122459
0.37547
0.172507
-0.194837
0.0974437
-0.0644499
0.0100836
-0.0597083
0.0330674
0.0289167
-0.0903524
-0.0808607
0.0898032
0.0496158
0.0986842
0.0680405
-0.0249059
-0.11601
-0.171721
0.0430937
0.0425746
-0.100193
-0.149885
-0.0792836
0.113892
0.116802
-0.0774912
-0.14927
-0.0321758
-0.2756
0.0530595
0.0467507
-0.0513777
0.132093
-0.103219
0.166887
-0.266248
0.116561
0.172055
-0.016995
-0.165452
-0.10679
0.223606
0.0492002
0.0166465
0.0894118
0.101638
-0.172304
-0.107395
-0.171676
-0.126555
-0.161007
-0.0489951
-0.197828
-0.116772
-0.27082
-0.174213
0.0801793
-0.229101
-0.125036
0.162233
0.0257199
-0.189411
-0.183743
-0.0707393
0.231249
0.0529636
-0.057348
-0.155222
-0.0528168
0.182551
-0.111367
0.177663
-0.230834
-0.177866
0.0648514
-0.0659866
0.200441
-0.23714
0.295616
-0.159115
-0.156427
0.0758426
0.174269
0.158183
0.247459
-0.0744423
-0.0808164
-0.159264
0.144327
-0.0525855
0.0601418
-0.148424
-0.146784
0.0834987
-0.0891885
-0.0250051
-0.0943755
-0.0607057
-0.107616
-0.0669962
0.20381
0.00143689
-0.209462
0.112402
-0.0661914
-0.108228
0.159774
0.138311
0.0850748
-0.0123922
0.110157
-0.0991496
0.124206
-0.0185417
-0.0541362
-0.0316309
0.221222
-0.0154437
-0.103967
0.282865
0.246489
0.220268
0.0141169
-0.256096
-0.00372306
0.000595511
-0.0513102
0.0197912
0.0333439
-0.0564977
-0.171626
0.0257085
0.392372
0.106658
-0.0111118
0.188745
-0.123826
-0.242285
-0.211908
-0.00184712
-0.18488
-0.120373
-0.015036
0.179708
0.179566
-0.104287
0.0681608
0.00419528
-0.137971
0.112349
-0.0649365
0.137443
-0.236555
-0.00767453
0.0518785
-0.0454497
0.00919262
0.168909
0.0455989
-0.066182
0.162467
0.115187
0.235777
0.0584595
-0.00270809
0.0433012
-0.00694686
0.207115
-0.130287
-0.00763401
-0.054003
0.217695
0.110443
0.0485515
-0.0713816
0.0743349
0.0226932
-0.0268337
-0.222987
-0.00185151
-0.0284778
-0.0300699
-0.163796
-0.164769
0.169979
0.023523
0.0903205
-0.00778593
0.0480837
0.216183
0.0195231
0.206966
-0.13603
-0.0361259
-0.00830768
-0.130062
-0.265876
-0.111144
-0.139772
0.0785611
-0.0933904
-0.104677
-0.17414
0.0711924
0.0598747
-0.0248728
0.260657
0.0359555
0.26356
0.0167656
-0.00127504
-0.173456
-0.0904206
0.0115749
-0.0980958
0.222696
0.135311
-0.11234
-0.0721156
0.0977486
0.0223627
0.130442
-0.0415683
-0.0801581
0.185956
-0.182261
-0.197526
0.136773
-0.0870996
0.152025
-0.0910509
-0.0750773
-0.100178
-0.165227
-0.0263234
0.0523106
-0.210266
-0.255501
0.0983206
-0.21846
0.119687
0.257672
0.234745
0.0530082
-0.190813
0.172573
0.0620957
0.0966947
-0.187684
0.102191
0.261415
-0.0561545
-0.0814
-0.00586439
0.167754
-0.0374109
-0.0112133
0.0716568
-0.107857
0.300987
0.149034
0.125599
-0.11295
0.0891382
-0.269245
-0.0719132
0.0493316
0.0255586
-0.171479
-0.0312076
-0.170973
-0.0925283
0.134205
-0.0393872
0.0952119
0.113146
0.181286
0.0352417
0.00569675
-0.00657844
-0.0472776
-0.0326354
-0.020501
0.0328719
0.186087
-0.00339512
-0.0562069
-0.0364841
-0.167857
-0.252181
0.0254108
-0.0320957
-0.125087
0.212322
-0.126973
-0.094293
0.226609
0.0883833
0.233082
0.0326698
0.0241627
0.0953857
0.219486
0.170098
-0.30803
-0.090777
-0.13133
-0.26518
0.0878475
0.0729179
-0.075561
-0.0349359
-0.131818
0.0623205
0.0108882
0.201779
-0.237207
0.0760251
-0.234637
0.040538
0.146546
-0.168759
0.250817
0.0119447
-0.0833592
-0.0402304
-0.0115924
-0.141348
0.171537
0.190463
-0.187798
0.0968672
-0.140702
-0.0639954
0.198229
0.250795
0.0385843
-0.173875
0.0269184
0.0567573
-0.0420212
0.182597
888888
0.163308
0.10652
-0.0287342
-0.0370848
-0.133662
0.117907
0.180414
0.0287537
0.215964
-0.0264492
0.133299
0.0612801
-0.0593206
-0.134037
0.122647
-0.0729425
0.0891088
-0.171027
0.163027
-0.0781906
-0.0464474
0.0215412
-0.175249
0.0653491
0.00894457
0.124878
0.00718733
-0.0189014
0.0126646
-0.113296
-0.00801985
0.0607858
0.0530015
0.0497922
0.0494094
0.0588
0.0500764
0.0469151
0.0641352
0.0577869
0.0422577
0.0547469
0.0545592
0.0346308
0.0520102
0.0591726
0.0623635
0.0513906
0.0407023
0.0613476
0.0473933
0.0431859
0.0397077
0.0571849
0.0514506
0.0548437
0.0490464
0.0431651
0.0434426
0.0531255
0.0464186
0.0516701
0.0556439
0.0490236
0.0357903
0.0398686
0.0528436
0.0457329
0.0404271
0.0535458
0.0418069
0.0690132
0.0474404
0.0386181
0.050209
0.0490975
0.045224
0.0603291
0.0554745
0.0502079
0.061218
0.0447631
0.0563212
0.050628
0.0475834
0.0632109
0.0424841
0.0596705
0.0491515
0.0539643
0.0598669
0.0405326
0.0465783
0.0468665
0.0568264
0.0552377
0.0427538
0.0357957
0.0565981
0.0530492
0.0556782
0.0628994
0.048232
0.0556336
0.0428547
0.049163
0.0424342
0.0430427
0.0530452
0.0295225
0.044659
0.0595085
0.0358677
0.0397819
0.0418533
0.0451557
0.0444744
0.051862
0.0563586
0.0486227
0.0597401
0.0611755
0.0575626
0.0440254
0.0470401
0.0512777
0.0587063
0.047618
0.0493458
0.0473753
0.0499891
0.0473296
0.0414376
0.0608801
0.0505686
0.0537511
0.059179
0.0456668
0.0485837
0.0439081
0.0523196
0.0471159
0.0427185
0.0488507
0.0516258
0.0591962
0.0501569
0.049075
0.0368424
0.0412848
0.0414852
0.043495
0.0407114
0.0658207
0.0458822
0.0524043
0.0444683
0.0597666
0.0441891
0.047553
0.0488798
0.054398
0.0568976
0.0456321
0.0659824
0.0464629
0.0626429
0.0453156
0.0525305
0.0566533
0.0508571
0.046672
0.0419271
0.0359039
0.049252
0.0458851
0.0450722
0.0545636
0.0463687
0.0488056
0.0528288
0.0486465
0.063278
0.0644597
0.0427083
0.043471
0.0519698
0.0476092
0.0701246
0.053642
0.0439632
0.0487609
0.0477938
0.0533953
0.0642222
0.0425589
0.0537213
0.0438068
0.0463116
0.072424
0.0594014
0.05406
0.0499762
0.0456224
0.0418575
0.0422656
0.0465231
0.0413043
0.0616544
0.0522051
0.0659349
0.0450658
0.0480304
0.0434368
0.0463964
0.0387299
0.0524439
0.0465729
0.0455571
0.0496428
0.0498091
0.0436592
0.0686657
0.0492164
0.0445429
0.0451827
0.0426316
0.0373397
0.0308465
0.0479304
0.0586828
0.0535901
0.0432486
0.0570338
0.0523866
0.0510133
0.0442258
0.050594
0.0511995
0.0522693
0.0430609
0.0460485
0.0615677
0.0522934
0.0549052
0.0411543
0.0567471
0.0507591
0.0592743
0.0658813
0.0503544
0.0511251
0.0498652
0.0403818
0.0473124
0.0517971
0.050663
0.0651918
0.0551226
0.042219
0.0464778
0.0473479
0.0452993
0.0398022
0.0541187
0.0545714
0.0507105
0.0590514
0.0466216
0.0429889
0.0588903
0.0734352
0.0428159
0.0506068
0.0394883
0.0475898
0.0492551
0.0372103
0.0589316
0.0381674
0.0479173
0.0514897
0.075841
0.0572787
0.0550253
0.0467116
0.0501183
0.0493636
0.0437506
0.0405117
0.0508762
0.0420911
0.0465077
0.0512735
0.0397513
0.0478091
0.0478938
0.0527836
0.0499279
0.0558736
0.0455483
0.0547372
0.0603738
0.0478606
0.0451107
0.0475219
0.0525654
0.0500812
0.0516865
0.0439534
0.0708286
0.0655515
0.0708286
0.05173
0.0613405
0.0521234
0.0464903
0.0460346
0.0588946
0.0490579
0.0534802
0.0485932
0.0586174
0.0495502
0.0385808
0.0463672
0.0474779
0.0464469
0.062805
0.0652359
0.0453552
0.0510405
0.0573982
0.0505682
0.0574654
0.0412345
0.046337
0.0450688
0.0472645
0.0448174
0.0367252
0.0522518
0.0457802
0.0518883
0.052684
0.0605597
0.0388042
0.0436647
0.0539537
0.0460332
0.0514103
0.0494356
0.0403815
0.0512051
0.038198
0.0603107
0.0459016
0.0350102
0.0502637
0.0464236
0.0508651
0.0589698
0.0454021
0.0534664
0.0748973
0.0470283
0.0546338
0.0458467
0.0541897
0.0461671
0.0660838
0.0629954
0.0480819
0.0456815
0.039194
0.0396859
0.0349199
0.0447098
0.0589288
0.0456578
0.053215
0.0448182
0.0519534
0.0492256
0.049425
0.0480641
0.0454312
0.0391514
0.0448554
0.0444182
0.0496771
0.058331
0.0506296
0.0403964
0.0455033
0.0587977
0.0615073
0.0625507
0.0670555
0.0367252
0.0549169
0.0580238
0.0452689
0.0422771
0.0479652
0.0649851
0.0489767
0.0483296
0.0431818
0.0425958
0.0513654
0.0355872
0.0620734
0.0514498
0.0385323
0.0833176
0.0469212
0.0499328
0.0493708
0.0484297
0.0544512
0.0442711
0.0484894
0.050402
0.0546246
0.052095
0.0490922
0.044627
0.0330034
0.0539922
0.0496938
0.0549099
0.0412021
0.0387711
0.0545202
0.0530125
0.0548366
0.0440364
0.0478929
0.0542812
0.0522466
0.0569933
0.0349015
0.0600441
0.0429216
0.0391462
0.0401905
0.0610277
0.0470719
0.0570271
0.0478502
0.0497581
0.0541255
0.0529846
0.0464051
0.0583544
0.0436867
0.0380955
0.0423672
0.0448092
0.0753153
0.0423739
0.0551897
0.0408394
0.0591747
0.0415566
0.0441908
0.0483604
0.0488038
0.0589127
0.054615
0.0571739
0.0471331
0.0432677
0.0447385
0.0466976
0.0522055
0.054548
0.0441606
0.0562089
0.0495806
0.0448198
0.0513013
0.0477425
0.0456865
0.0331698
0.0405443
0.0558522
0.037624
0.0560448
0.0546787
0.047213
0.0619319
0.0432378
0.0501184
0.0764887
0.062435
0.055874
0.0460716
0.0365646
0.0509335
0.0590412
0.0416115
0.0648216
0.0532088
0.037645
0.0487914
0.0496626
0.0558795
0.0408418
0.0494399
0.055832
0.0535238
0.0498047
0.0547382
0.0455062
0.0529577
0.0538863
0.0429089
0.0529801
0.0465088
0.0516101
0.050618
0.0474096
0.0591247
0.0520018
0.0561818
0.0477538
0.0527382
0.0674651
0.0461483
0.0424272
0.0504974
0.0501815
0.0629134
0.0441888
0.0464412
0.0499823
0.0499538
0.0434428
0.0430537
0.0503999
0.051742
0.0439378
0.0582465
0.0443373
0.056214
0.057946
0.0461091
0.0511616
0.0535152
0.0618097
0.0519473
0.0495283
0.0492675
0.0538377
0.0461242
0.05121
0.0500941
0.0540779
0.0567374
0.0569683
0.0472288
0.05988
0.0450375
0.0664136
0.0420067
0.0419589
0.042751
0.0518913
0.0454427
0.0512107
0.0426063
0.0355975
0.0618766
0.0588537
0.0489149
0.0498966
0.0524259
0.0487116
0.0657005
0.0512658
0.044375
0.0446756
0.0447877
0.0520092
0.0429861
0.0540477
0.0472656
0.0554833
0.0545589
0.058462
0.0481596
0.05308
0.0397393
0.0637047
0.0407372
0.0531517
0.0488931
0.0398124
0.0484744
0.0459554
0.0515963
0.0464922
0.0477094
0.054267
0.0590004
0.0675844
0.0650366
0.0430144
0.0369395
0.0625425
0.0409262
0.0478388
0.0546814
0.0406279
0.0504857
0.082102
0.0473676
0.0589507
0.0389111
0.0492226
0.0538016
0.0470578
0.0556888
0.0637578
0.0561924
0.0506572
0.0437648
0.0571684
0.0514144
0.045581
0.07101
0.0495891
0.0466218
0.04437
0.0567949
0.0538637
0.0455784
0.0387997
0.0521294
0.0475833
0.0654587
0.0574224
0.0472737
0.0493168
0.066444
0.0568269
0.0445456
0.0614439
0.0487029
0.0648178
0.0618038
0.0393416
0.0473555
0.0515992
0.0528542
0.035736
0.0506789
0.0565908
0.0496184
0.0501343
0.0585938
0.0419661
0.0508127
0.034304
0.0405543
0.0463552
0.0607204
0.0529566
0.0398712
0.0607474
0.044129
0.0630603
0.0498796
0.0477461
0.0425079
0.0524421
0.046061
0.0483963
0.0498754
0.0480771
0.0400841
0.0427775
0.0410761
0.0540057
0.0593329
0.0646495
0.0495221
0.0499118
0.0506198
0.046427
0.045929
0.0539328
0.0580494
0.0567543
0.0599933
0.0398733
0.0550394
0.0526368
0.0608383
0.0505469
0.0563769
0.0565556
0.0531408
0.0492971
0.0638505
0.0475874
0.0559314
0.0499308
0.0599211
0.0389475
0.0568929
0.0536979
0.0476518
0.0384333
0.0469581
0.0488265
0.0509345
0.0469043
0.0502962
0.0530021
0.0643804
0.0489535
0.0416217
0.0385828
0.054197
0.0534415
0.0507833
0.0484564
0.0493407
0.0452529
0.0461074
0.0331594
0.0406115
0.0527769
0.052583
0.0552044
0.0568625
0.0406122
0.0567174
0.0402599
0.0613251
0.0539645
0.0430663
0.0532868
0.0553928
0.0519771
0.0529106
0.0560937
0.0572674
0.0500833
0.0492607
0.050247
0.0422109
0.0562516
0.049073
0.0562777
0.0472583
0.0562962
0.0633695
0.0567604
0.0387274
0.0489794
0.0410118
0.0539387
0.0479006
0.0567026
0.0450042
0.0509778
0.0487276
0.0479028
0.0506032
0.0429545
0.0614676
0.049138
0.0467347
0.0542025
0.0410409
0.0432725
0.0508732
0.0436988
0.0478734
0.049249
0.0550711
0.0464985
0.0582518
0.0412088
0.0595827
0.0571436
0.0371585
0.0612272
0.0495672
0.0788843
0.0549155
0.0435054
0.0467399
0.0411723
0.0457017
0.0540585
0.0445941
0.0414922
0.0440389
0.0471398
0.0480057
0.0504472
0.057291
0.0585582
0.0419602
0.0617287
0.0494138
0.0511366
0.0514209
0.0515442
0.0566892
0.0504415
0.0549233
0.0572251
0.0499016
0.0427178
0.0397754
0.052102
0.0487019
0.0479813
0.0472344
0.0517804
0.0512922
0.0500156
0.0517406
0.0398709
0.0652089
0.0504
0.0425637
0.050472
0.0379412
0.0482001
0.0494616
0.0499088
0.0581714
0.0525174
0.0485951
0.0410808
0.0522545
0.046565
0.0508012
0.0462128
0.0353108
0.0488708
0.0531516
0.0477926
0.0644808
0.0493617
0.0459761
0.0363398
0.0506611
0.0532245
0.0529566
0.0648643
0.0544728
0.0618392
0.060659
0.0438217
0.040012
0.0484219
0.0530178
0.0471317
0.0509828
0.05171
0.0522665
0.0497195
0.0609563
0.0410418
0.0573721
0.0520265
0.0508846
0.060573
0.0466237
0.0546706
0.039621
0.0453768
0.050264
0.0587924
0.0608078
0.0497925
0.0576944
0.060412
0.0507704
0.0554322
0.0508648
0.0644047
0.0480713
0.0476397
0.0525718
0.0602191
0.0580891
0.047318
0.0402812
0.046441
0.0383576
0.0457805
0.0474957
0.0478837
0.0577075
0.0554043
0.0454984
0.0384997
0.0439292
0.0581777
0.0606057
0.0661758
0.0568234
0.0349049
0.0618258
0.0522761
0.0673437
0.0556544
0.0457188
0.0389624
0.0400247
0.0420028
0.0519429
0.0613855
0.0616024
0.0387605
0.0393677
0.0487334
0.0579277
0.0370445
0.068277
0.0433065
0.0525639
0.0554781
0.053892
0.0657079
0.0450715
0.043808
0.0559909
0.0524322
0.0385566
0.0436304
0.049834
0.0367702
0.0477078
0.0501288
0.0467541
0.0363572
0.0593648
0.0632158
0.0474419
0.0500743
0.0413315
0.0509049
0.031877
0.045298
0.0637499
0.0520057
0.0523794
0.0435338
0.0490725
0.0438181
0.0441196
0.0602742
0.0522668
0.0462648
0.0387827
0.0457467
0.0469179
0.0676661
0.0513167
0.0523217
0.0528944
0.0418514
0.0621542
0.0591843
0.0472868
0.0432101
0.0519451
0.0594571
0.0410258
0.0367283
0.0544913
0.0533317
0.0606147
0.0464731
0.0433937
0.0439973
0.0669619
0.0512491
0.0505824
0.047196
0.0514459
0.0457375
0.0471665
0.0501138
0.0467507
0.0535677
0.0547414
0.0507927
0.0485693
0.0595995
0.0619158
0.0459296
0.0532975
0.0505423
0.0567098
0.0450173
0.057373
0.03486
0.0543022
0.0507245
0.0698067
0.0406102
0.0517004
0.0475197
0.0572024
0.0390853
0.0617703
0.0470864
0.0543571
0.0470519
0.0610051
0.0402282
0.0490078
0.0474642
0.0626005
0.0594419
0.0471722
0.0538555
0.0604465
0.0593084
0.0545255
0.0381141
0.0434914
0.0800748
0.0523088
0.0489498
0.0436607
0.0460033
0.0486304
0.0444719
0.0491816
0.0605497
0.0452162
0.0523768
0.0620735
0.0512887
0.0532829
0.0650861
0.0564965
0.0502087
0.0474169
0.0536747
0.0583553
0.0544242
0.0441495
0.0493401
0.0658532
0.0584695
0.0533077
0.0453241
0.0473253
0.0449226
0.051567
0.0622249
0.0413931
0.0442041
0.0463721
0.0531739
0.0593808
0.0454557
0.0547641
0.0466864
0.0568524
0.0510596
0.0391246
0.0445047
0.0466196
0.0435773
0.0526536
0.0501642
0.0635703
0.0480517
0.0660048
0.0415212
0.0476249
0.0490224
0.0498348
0.0481106
0.0392239
0.0428309
0.0571358
0.045071
0.0554471
0.0584184
0.0536927
0.0481308
0.0541338
0.0478025
0.0552305
0.0505151
0.0368356
0.0478934
0.0530518
0.0422161
0.0469422
0.0503878
0.0555133
0.0572135
0.0608279
0.0369631
0.0586031
0.0528246
0.0483804
0.0576312
0.0512041
0.0496559
0.0498052
0.0406755
0.0640235
0.0588021
0.0505124
0.045137
0.0552086
0.0495817
0.0479275
0.0535828
0.0606121
0.0508797
0.0467631
0.0651058
0.0478855
0.0489291
0.0471449
0.0316874
0.051433
0.0483102
0.0474651
0.0664258
0.0462154
0.0662601
0.0432073
0.0462175
0.0425645
0.0543767
0.037856
0.0448628
0.0511862
0.0520415
0.0385419
0.0485297
0.0447667
0.0421972
0.0542461
0.0493257
0.0648824
0.0559084
0.0555573
0.0620299
0.0494122
0.0565409
0.040898
0.0644816
0.0682374
0.0422707
0.0510514
0.0446247
0.0470841
0.0365685
0.0558464
0.0552197
0.0350449
0.0517549
0.0410964
0.0488372
0.053214
0.0537719
0.0556367
0.0448735
0.0409389
0.0514173
0.0440242
0.0502984
0.0408165
0.0566354
0.0582962
0.044877
0.056996
0.0544318
0.0698536
0.0489586
0.0387514
0.0556307
0.0451033
0.0414259
0.0504284
0.0473555
0.0546981
0.0583378
0.0441639
0.0454857
0.0484955
0.0399779
0.0450441
0.0470935
0.0555826
0.0438842
0.0392125
0.0437775
0.0409868
0.055161
0.043006
0.0715725
0.047537
0.049497
0.0520121
0.0575499
0.0578853
0.0554708
0.0477304
0.053518
0.0480974
0.0500772
0.051508
0.0550528
0.059467
0.0542099
0.041241
0.0539861
0.0445638
0.054778
0.0551048
0.0522451
0.0458286
0.0345416
0.0482926
0.0486802
0.0470961
0.0434156
0.0419127
0.0519137
0.0582846
0.0515898
0.0371723
0.042465
0.0472403
0.0493675
0.0456997
0.0490935
0.0433485
0.0423328
0.0443666
0.0415522
0.0507712
0.057094
0.058255
0.0628538
0.0355122
0.0589792
0.0469746
0.0628871
0.0586963
0.0576077
0.0397548
0.0432491
0.0483588
0.066176
0.0448813
0.0707571
0.0481689
0.0543047
0.0496257
0.0537298
0.0506387
0.0702152
0.054471
0.039898
0.0454305
0.0546473
0.0413149
0.0598085
0.0526217
0.034926
0.0566973
0.0608588
0.0468696
0.0460081
0.0487721
0.0486455
0.0536628
0.0495596
0.0579706
0.0495304
0.0440745
0.0433239
0.0476381
0.0418617
0.0517765
0.0311672
0.0608978
0.0528406
0.0550041
0.0549883
0.0522994
0.0599631
0.048669
0.0605861
0.0464938
0.0555821
0.0493751
0.0715324
0.0650492
0.0537604
0.0533515
0.050606
0.0607391
0.0516986
0.0469484
0.0566806
0.0561042
0.0539856
0.0522045
0.0522027
0.0430178
0.0521324
0.0587113
0.0570408
0.0482675
0.0499031
0.0425383
0.0506045
0.0553485
0.0543785
0.0639298
0.0341556
0.0631395
0.0453652
0.0356965
0.0394367
0.0513701
0.0563743
0.0351884
0.0461714
0.04073
0.0389988
0.0477145
0.0425219
0.0555238
0.0514374
0.0555281
0.0531249
0.0627205
0.0587549
0.0440535
0.0648046
0.0445682
0.0458808
0.0473002
0.0436589
0.0377866
0.0483188
0.051322
0.0408578
0.0387947
0.0413724
0.0476854
0.0572449
0.0473979
0.0515288
0.0456243
0.0411626
0.0481819
0.046709
0.0360789
0.0486249
0.0495451
0.0461313
0.0521171
0.061771
0.0474535
0.0481107
0.0703937
0.0465907
0.0584243
0.0505899
0.0564727
0.0561404
0.0593984
0.0513836
0.049667
0.0530294
0.0406356
0.0501835
0.0488178
0.0458421
0.0543218
0.071349
0.0472537
0.0521689
0.0363872
0.0435648
0.0493499
0.0499892
0.0533853
0.0470674
0.0568255
0.0550217
0.0450202
0.0552117
0.0452665
0.0358083
0.0487133
0.0554954
0.0504499
0.0428929
0.0589348
0.0449099
0.0606806
0.0416373
0.0524829
0.0500127
0.0482991
0.0402024
0.0664127
0.0393545
0.0620993
0.0487573
0.048044
0.0428137
0.0457278
0.05633
0.0385228
0.0427501
0.0609527
0.0519924
0.0567233
0.0523046
0.0495851
0.0441554
0.0448256
0.0592619
0.0625397
0.0558864
0.0506786
0.0682523
0.0306742
0.051502
0.0568157
0.0554657
0.0522524
0.0679363
0.0491889
0.0521483
0.0406107
0.0498187
0.0410259
0.0637755
0.0409586
0.0596928
0.0540756
0.0430278
0.0556786
0.0482947
0.0419465
0.0489016
0.0412616
0.0575399
0.0473849
0.049316
0.0548179
0.0546931
0.0432482
0.0549085
0.0421165
0.043527
0.0526542
0.0558464
0.0583258
0.0377105
0.0440119
0.0466995
0.0484074
0.0551377
0.0559821
0.0510957
0.0542516
0.0478131
0.0470908
0.0568224
0.0479033
0.0398826
0.0509262
0.0646941
0.0441882
0.0553269
0.0630621
0.0472354
0.0436524
0.057956
0.0575981
0.0445118
0.0510007
0.0540851
0.042829
0.0490101
0.0493762
0.0488231
0.0522416
0.0628784
0.046634
0.0470228
0.0468073
0.0435862
0.0537272
0.0692644
0.0460757
0.0574576
0.04179
0.069335
0.0602604
0.0595048
0.0490047
0.0506068
0.0544975
0.0582548
0.0555679
0.0533779
0.0597031
0.0566577
0.0502994
0.0458028
0.0416536
0.0552058
0.0483972
0.0375093
0.0438305
0.0504188
0.050611
0.054187
0.042772
0.0456635
0.0589152
0.0525078
0.0513687
0.0449411
0.041951
0.0470529
0.052516
0.0452781
0.0474914
0.0480494
0.0494473
0.0449802
0.0590746
0.0553079
0.0621221
0.0579599
0.056357
0.0428866
0.0549923
0.0546908
0.0449356
0.0543643
0.0543122
0.0563616
0.052488
0.0581477
0.0510382
0.0518456
0.0462317
0.0449472
0.0430883
0.0532541
0.0565868
0.039069
0.0532631
0.0518083
0.0635929
0.0535109
0.0526506
0.0404578
0.0571693
0.0340119
0.0502712
0.0525198
0.0583617
0.0467895
0.0388328
0.0535325
0.0502894
0.0521456
0.0527964
0.051277
0.0540059
0.0751951
0.0329638
0.0390911
0.0460728
0.0630068
0.0489481
0.039954
0.0604514
0.0499414
0.0538353
0.044684
0.0621242
0.0483482
0.0698535
0.051562
0.0475602
0.0630312
0.0473241
0.044646
0.0636012
0.0474285
0.0514522
0.042283
0.0447986
0.0419444
0.0595958
0.0540128
0.0757026
0.056111
0.0581813
0.0544739
0.0491817
0.0494257
0.0562982
0.0466351
0.0357115
0.0454426
0.0467093
0.0480979
0.0426872
0.0428346
0.0389615
0.0398619
0.0633018
0.050409
0.0551657
0.0451391
0.0555574
0.0447426
0.0449399
0.0483923
0.039729
0.0517891
0.0414724
0.0630298
0.0512821
0.0403193
0.0418148
0.0488343
0.0441467
0.0487522
0.0474104
0.054011
0.0709202
0.0394756
0.054455
0.0359183
0.0473008
0.0431434
0.0516035
0.0445758
0.0556033
0.044393
0.0660957
0.0467978
0.0436988
0.0523584
0.0475809
0.0442205
0.0472728
0.0597075
0.0498654
0.0460031
0.0416338
0.0498871
0.0466742
0.0408467
0.0526876
0.0488415
0.0530829
0.0509956
0.0670661
0.0511403
0.0491113
0.0412584
0.0503912
0.0389985
0.05
0.05
0.05
0.05
0.05
0.05
0.05
0.05
0.05
0.05
0.05
0.05
0.05
0.05
0.05
0.05
0.05
0.05
0.05
0.05
0.05
0.05
0.05
0.05
0.05
0.05
0.05
0.05
0.05
0.05
0.05
0.05
777777