1.72013
999999
0.0285794
-0.0652282
-0.221132
0.0528845
0.05746
0.0922431
-0.0910996
0.104041
-0.125307
0.184955
0.276354
-0.0103594
0.271765
-0.0295118
0.182379
-0.0804102
-0.0587067
0.0369627
-0.0627527
0.120874
0.0181342
0.0365119
-0.132724
-0.0968515
0.0358511
-0.0483111
-0.0523421
0.147347
-0.0989691
-0.077207
0.0978857
0.180842
0.0118721
0.181408
0.197796
-0.209238
-0.208681
0.167746
-0.201771
-0.312471
0.218661
-0.120701
-0.00929442
-0.159886
0.0594017
0.20635
0.24775
-0.110553
0.155479
-0.124684
-0.0719674
-0.0739911
-0.00323869
-0.177246
-0.0430924
0.257845
-0.0879016
0.0274617
-0.124127
-0.00238537
-0.157664
0.213492
-0.146638
-0.0868862
0.195534
-0.244152
-0.00463299
0.00126544
0.227358
0.0780792
-0.135178
-0.183048
-0.0175697
0.185609
-0.041603
-0.041252
-0.13576
-0.156557
0.099324
0.121313
-0.0382412
-0.130873
0.0910251
0.124483
-0.125742
0.247473
0.101146
-0.12709
0.085755
-0.219079
-0.195657
-0.101925
-0.163733
0.000222143
-0.124331
0.0448341
0.194603
0.177881
-0.166425
0.0214163
-0.117697
0.152502
-0.0149242
-0.000722252
0.0916333
-0.144118
-0.0416992
0.0497048
-0.0257472
-0.187198
-0.00962746
-0.127455
-0.125322
0.20907
-0.0466025
0.0636147
0.143916
0.047227
-0.0370255
-0.0959014
-0.145596
-0.106237
-0.14034
0.110504
0.170418
-0.145087
-0.0831807
0.00747094
0.0334158
0.0504223
0.0423362
0.134449
0.23038
-0.160244
0.132035
-0.0158326
-0.0288889
0.126012
0.191586
-0.093298
-0.179487
-0.00833207
0.184455
-0.212107
-0.101994
0.0895478
-0.0812715
0.179966
-0.0299239
-0.0463922
0.0902805
0.16138
0.0825675
-0.0910107
0.0291204
-0.0950119
-0.0485647
0.139618
0.162552
0.135607
0.188609
0.0892238
-0.117039
0.011397
0.124373
0.170466
0.17273
-0.0965599
0.254487
0.0876518
-0.0584981
-0.180647
0.13623
-0.0344886
0.149839
0.0821674
0.212455
-0.0718208
-0.168625
-0.0773357
0.0496374
-0.0205583
-0.0138106
0.0405103
0.0904312
-0.0864928
0.18414
0.141396
-0.197567
0.180222
-0.0765016
0.0921078
-0.100197
-0.135467
0.0488374
0.0756673
0.165938
-0.071355
0.0782065
0.0865581
-0.117512
0.0475228
-0.0565026
0.157671
0.265027
-0.0109382
0.075211
0.11209
-0.122288
0.0740599
0.132693
0.0989474
0.0433139
0.0677464
0.0938596
0.180488
-0.0448661
0.0876283
-0.144517
0.0354215
-0.0818997
0.10321
-0.173404
0.0643787
0.0210299
-0.0235742
0.110993
0.291226
0.0756188
-0.175677
-0.0940526
-0.0801802
0.124844
0.146888
-0.1339
-0.0143302
-0.117505
0.00298645
-0.0720371
-0.0919192
-0.0785698
-0.192507
0.0786554
0.0167028
0.189222
-0.0967639
-0.0771207
-0.0929786
-0.0569196
0.0706994
-0.0180834
-0.0719393
-0.098566
0.0236219
0.195071
-0.135699
0.226288
-0.0467624
0.0588223
0.194888
-0.148106
-0.0409344
-0.111042
0.112165
0.0275689
0.0250408
-0.00362084
-0.20216
0.0778836
-0.0443563
0.131705
0.169894
0.185953
0.00316087
-0.0845067
0.120139
0.0710064
0.108794
-0.0935097
0.160498
-0.216611
-0.065338
-0.0119178
0.164985
0.283625
0.0930379
0.021325
-0.187879
-0.0909936
0.141838
-0.206129
0.191921
0.0160203
-0.0974535
-0.0431491
-0.145753
-0.0479251
0.182723
0.0107696
-0.038463
0.0621999
0.0968058
0.238439
-0.0792026
0.02118
0.0467266
0.129504
-0.0890422
0.104654
-0.216162
-0.0878427
-0.00835075
0.0308524
-0.17072
-0.172389
0.043624
-0.0240927
0.0689546
0.187846
-0.139665
0.115491
0.0161374
0.0561296
-0.165694
-0.214423
0.0370357
0.169154
-0.187904
-0.0343141
-0.0952849
-0.20322
0.035448
-0.134223
-0.0752108
0.095033
0.00905063
-0.0138943
0.0822634
0.216712
-0.0643644
-0.0104775
-0.208657
0.0711094
-0.115131
-0.0462032
0.0849709
0.0565297
0.0924521
0.144603
0.0394319
-0.0102404
-0.0946575
0.0716175
0.0372277
-0.107764
0.194504
-0.00863555
0.0468684
-0.165273
0.084453
0.0234079
-0.0811797
0.201872
0.182855
0.0694209
-0.0301679
-0.206484
0.199574
0.0490617
0.17188
-0.105124
0.0121393
0.0636355
0.199029
-0.126796
-0.1916
0.0804107
0.199399
0.151391
0.0330067
0.230031
-0.22353
0.149112
0.01068
0.087702
0.0981676
0.0606651
-0.194919
-0.141234
-0.0231293
0.039838
0.168668
-0.101309
-0.0796332
0.138298
-0.105304
0.154438
-0.000232486
-0.199665
-0.0630627
0.199661
-0.0696937
0.101779
-0.0555323
-0.0633478
0.00376585
0.129802
0.157347
-0.196258
-0.2123
0.149206
0.0302054
-0.0221017
0.0337479
0.1114
-0.078104
0.0536803
0.0337146
-0.0370947
0.0656059
-0.00540177
-0.123264
0.17406
-0.100339
0.178382
-0.0194907
0.0889172
-0.0862029
0.164927
0.0320534
0.0991061
-0.11522
-0.0404312
-0.110444
-0.145931
-0.0357422
0.151514
0.0227857
-0.0121658
-0.00203251
0.165364
0.05292
0.173647
-0.208399
-0.201158
-0.0219201
-0.0892727
-0.0973073
-0.0599199
0.0753095
-0.208512
0.13458
-0.0791452
0.0887582
-0.0441455
0.045572
0.113689
0.121326
-0.070684
-0.172584
0.0520641
0.0267984
0.115305
-0.219204
-0.0960628
0.113514
-0.0163033
0.0142358
-0.141712
0.0321321
0.0736251
0.0367298
0.0712748
0.0237799
0.121757
-0.115011
-0.0838686
-0.190285
-0.061458
0.0115471
-0.140763
0.0265167
-0.0313544
0.0976947
-0.0119392
-0.0201899
-0.125623
-0.0612644
-0.0219424
0.161806
-0.242696
-0.172817
0.015652
0.132462
-0.370621
0.0895712
0.161479
0.284673
-0.0619404
-0.27276
0.209944
0.111219
0.0952256
-0.054669
0.212978
0.149653
0.0742486
0.106925
-0.0599595
0.0976941
0.218518
0.0712633
0.205162
0.0550093
0.206339
0.00469
-0.0489839
0.1687
-0.191576
0.0539056
0.158391
-0.123676
0.241765
0.0893851
0.136972
0.0739111
-0.0371045
0.0153825
0.0411067
0.160677
0.150823
0.142045
0.0477043
-0.108104
0.0684898
0.0593882
-0.0319105
-0.109694
0.00277239
-0.0384312
-0.0505951
0.0971622
-0.0908982
0.152028
-0.098054
-0.147406
-0.138355
-0.0771837
-0.022719
-0.143211
0.0202376
-0.199465
0.0373813
0.197535
0.00732253
0.040609
-0.0543073
-0.0760863
-0.153158
-0.142816
0.135066
0.105942
0.134222
0.269964
0.0853547
-0.0777109
0.0546563
0.0281203
-0.0730619
0.0951432
-0.23419
0.0976209
0.205994
0.138612
0.220392
-0.0981867
-0.179569
0.0117599
-0.0466627
0.0762421
-0.116043
0.137514
0.0303522
-0.129203
-0.206031
-0.223361
-0.184565
0.240342
-0.14333
0.0336994
0.155712
0.0869885
0.0804342
-0.0211091
0.184322
-0.225137
0.0708038
-0.057014
0.0976679
0.116275
0.0712896
0.0557615
-0.158656
-0.0323508
0.218377
-0.212353
-0.133459
0.120913
0.254618
0.143605
0.140605
0.0662718
0.186227
0.160692
0.133375
-0.0874418
0.0240239
0.110456
0.0485734
0.0984571
0.140736
0.028954
-0.128352
-0.0122121
0.135944
0.0525879
-0.0930147
0.0493227
0.0875719
0.126193
0.141769
-0.187277
-0.0368162
0.126495
-0.0553927
0.00501247
-0.111255
-0.149931
-0.00416797
-0.126447
0.124053
0.18662
0.0974505
-0.101211
-0.206324
0.0512256
0.209207
0.146301
-0.0153657
-0.0303018
-0.0168318
-0.17845
0.229972
0.25591
0.151656
-0.113698
0.188746
0.099203
0.162598
-0.113816
0.0328152
0.0154047
-0.178054
-0.072473
0.0535118
-0.0369731
-0.0619831
-0.0561187
0.0191329
0.000405115
0.039809
-0.0986959
0.108242
0.153314
0.0850417
-0.032044
0.138926
-0.246075
-0.132053
-0.18493
-0.0485816
-0.228505
0.130058
0.0363255
-0.0971445
-0.225878
0.0151263
0.186187
-0.16413
-0.210621
0.134519
0.0707847
-0.122099
-0.0536845
0.00839883
-0.153099
-0.117069
-0.152318
-0.171371
-0.0810468
-0.0351479
-0.211423
-0.159539
-0.170545
0.0512585
0.11582
-0.0755627
0.174977
-0.0719693
0.0833364
-0.0147475
0.102205
0.124227
0.0794938
0.0232236
0.137954
0.0129137
-0.0119087
0.181843
-0.153649
-0.0164902
0.0198743
0.109357
-0.0868018
0.186819
0.166984
-0.0529145
-0.00516979
0.0143214
0.175397
-0.10803
-0.0621761
-0.0762358
0.15637
0.242284
0.188871
0.0487982
-0.103198
0.157461
-0.13676
-0.0602386
0.0118316
-0.130243
0.211118
-0.0614525
0.0106418
0.1888
-0.0461873
0.0392486
-0.10032
0.0984871
-0.0650503
0.0246212
0.00734247
-0.149849
0.178632
-0.0980377
-0.162278
0.144205
0.110349
0.155954
-0.111027
0.131524
0.0321522
-0.110414
-0.0165587
0.16448
0.0190619
-0.10713
-0.0338332
-0.167838
0.125401
-0.240692
-0.282538
-0.00496865
-0.0344921
0.193593
0.206041
0.0362761
0.147368
0.174469
-0.110865
0.0713435
0.256071
0.25187
-0.157829
-0.0023975
-0.269237
-0.0526014
-0.046623
-0.144678
0.236688
0.173025
0.0230461
0.162409
0.0697232
-0.0500445
0.240776
-0.173127
0.0127343
0.0139338
-0.184345
-0.0593742
-0.0951411
-0.12753
-0.0394008
-0.0561346
0.230375
0.0730466
0.021565
0.179415
0.0252299
0.141586
0.00408671
0.11851
0.0735718
-0.183001
0.187307
0.0176915
-0.119321
0.0737815
0.0701139
-0.0390197
-0.0435797
-0.136345
-0.0962628
-0.134898
-0.145324
-0.00532126
-0.136636
0.150546
0.137404
-0.111819
0.159932
0.172037
0.0508036
-0.039198
-0.0779211
0.202027
0.141435
-0.23917
0.0408651
0.218755
0.185625
0.0544717
0.0372088
-0.0816374
0.0114759
-0.0958218
0.21962
-0.0258054
-0.260489
0.0833822
-0.207019
0.00572489
-0.112143
-0.0518012
0.0795884
0.114057
0.127495
-0.0691381
0.114479
0.0431972
-0.0282972
0.208889
0.0921251
-0.0882066
0.0620658
-0.201063
0.0317744
0.0678944
0.134925
0.0866515
-0.0137443
0.146089
-0.0129788
0.122276
-0.172509
-0.270925
-0.154579
-0.0951491
-0.203153
-0.0660941
0.245754
0.107408
0.0866396
0.0259278
0.0120223
0.0673909
-0.0778823
0.194836
0.163363
0.0391279
-0.249162
-0.00537031
-0.154217
0.103781
0.0283859
-0.160271
0.068952
0.188418
-0.196001
-0.0820606
0.0929203
-0.223509
-0.0677745
0.173755
-0.109006
0.138928
-0.0138188
0.037638
-0.152087
0.0377591
-0.0648844
-0.0939561
-0.110594
-0.0107727
0.128321
-0.167157
0.125376
-0.023586
-0.126453
0.00418717
0.209264
0.223393
0.208589
0.115669
0.150365
-0.048895
-0.0578613
0.19923
0.162019
0.127796
0.00182532
0.0640111
-0.205745
0.00895977
-0.0578466
0.0341253
0.171478
0.110462
-0.0342813
0.0532961
-0.143409
0.0971712
0.0127841
0.0876702
-0.239629
0.0217219
-0.0300858
-0.124526
-0.0622478
-0.0157085
0.0573423
-0.15085
-0.0665558
-0.150876
-0.0650218
0.289113
-0.0932599
-0.0365515
-0.0409869
-0.0767502
-0.219818
0.0608012
-0.0957021
-0.0912714
-0.18954
-0.158079
0.14861
-0.245132
0.0454028
0.135887
0.0516959
0.0899921
-0.258572
-0.0690046
0.0457604
-0.107582
-0.0473104
-0.158984
0.0976504
-0.14596
0.0473867
0.207876
-0.197524
-0.0920537
0.0337327
-0.130045
-0.0566496
0.0659867
0.0205687
0.139091
-0.228555
0.109526
0.116289
-0.0146787
-0.039407
0.000329732
-0.015195
0.08891
0.204825
-0.228728
-0.0626222
0.0281633
0.0986464
0.172623
-0.192944
0.220573
-0.18874
0.0745874
0.150376
0.14437
-0.0865435
0.0999237
-0.096352
-0.000104024
0.154991
-0.190061
0.0473031
0.130818
0.0378629
-0.0228269
0.0479797
0.120955
-0.0355492
0.102366
-0.0836612
-0.131903
-0.0491886
-0.165717
-0.0036933
0.0557303
0.0975929
0.128775
-0.0689952
0.0926833
0.0156519
-0.0763394
-0.131755
0.137281
-0.181023
-0.205437
-0.0662148
-0.187024
-0.196757
-0.0851146
0.164951
-0.0157766
-0.211917
-0.074351
-0.135294
-0.112441
-0.119794
-0.0818049
0.154919
0.00988225
-0.162261
-0.259246
-0.0991524
-0.0540352
-0.021022
-0.244354
-0.0593663
0.0480881
0.152658
0.102899
-0.117243
-0.162956
-0.0407505
0.00682213
-0.182186
-0.0311671
-0.0409417
0.0303044
0.199392
0.210303
0.035266
-0.0657862
-0.0755219
0.133911
-0.0448773
-0.0967746
-0.130303
0.0807775
-0.242595
-0.166023
0.00495675
0.0185439
0.120985
0.00162411
-0.127593
-0.18105
-0.0442138
0.221562
0.237099
0.10115
0.0707606
0.0412068
0.0190438
0.0942222
-0.124653
0.00784834
-0.162847
-0.0368044
0.192618
-0.109337
-0.199497
-0.136254
-0.110768
0.23787
0.00607774
0.0872548
0.171417
-0.102878
-0.0684167
-0.0200243
-0.0466474
0.21379
-0.0332797
-0.261817
0.146439
-0.0939827
0.0341925
-0.174825
0.107079
-0.202351
-0.0508816
0.0623105
-0.198969
0.0861335
0.117669
0.112854
-0.126527
0.240536
0.037975
-0.104447
0.0397874
0.0959255
0.0229342
-0.103314
-0.0781763
0.142805
-0.0656787
-0.292236
-0.14628
0.0227698
-0.130695
0.141452
0.162153
0.242569
0.0426892
0.0100156
0.177054
0.156109
-0.0935411
-0.250197
-0.0788876
0.110324
0.113169
0.0892682
-0.0381445
-0.0925683
0.0195955
-0.14594
0.100752
0.0107775
0.0384134
0.0519696
0.0599549
0.0671147
-0.167043
0.0802663
0.130909
-0.122147
0.144866
0.0364799
0.026695
0.0248444
-0.013784
-0.076022
0.0455776
-0.0706011
-0.0222763
0.0766774
0.11226
0.152399
0.101506
-0.00346643
0.0775745
0.0856744
0.181464
-0.117458
-0.0594762
0.151522
0.0615414
-0.162532
-0.0530845
0.216375
0.0136628
0.152035
0.0476614
-0.149501
0.156267
-0.0528236
-0.114001
-0.246485
0.0559945
-0.0924644
0.12366
0.0895689
-0.0416139
0.111393
-0.0783229
-0.0842389
-0.0548722
-0.132777
0.054071
-0.115259
-0.0313374
-0.0935846
-0.0128146
0.0680481
-0.0666384
-0.132336
0.159527
0.0944892
0.0982991
-0.0799924
0.248832
-0.105015
0.176299
0.0127774
-0.0582575
-0.16749
-0.0452596
0.103829
-0.213369
0.0135252
0.0625323
0.14286
0.140914
-0.121481
0.0221763
-0.162957
0.167067
-0.250463
-0.0910934
0.0460153
-0.0672793
-0.0883736
0.0382777
-0.0316254
-0.0820184
0.12258
0.177548
0.03691
0.156984
-0.075459
0.153624
0.0343139
0.0721497
0.0587344
-0.0117336
-0.038196
0.135053
0.137464
-0.134005
-0.226504
-0.120093
-0.112736
-0.0621693
-0.0483544
-0.0880936
-0.0738993
0.077971
0.0586153
-0.12717
-0.0391723
0.206542
0.272032
-0.209465
-0.190366
0.0619546
-0.065834
-0.165047
-0.0471793
0.171054
-0.0303298
0.0353293
-0.00420641
-0.0132659
0.0942164
-0.133484
-0.0444618
-0.0753886
-0.115559
0.227708
0.0918342
0.062806
0.082976
0.0762593
-0.0762991
-0.0595073
0.153386
-0.151179
0.0648983
-0.200532
-0.165772
0.101946
-0.0997077
0.18358
-0.0883653
-0.113384
-0.13
0.00220609
0.14548
0.160417
-0.0374892
0.123129
0.0443069
0.00647221
0.0458305
0.134065
0.0699913
0.025092
-0.17164
0.0358755
0.253342
-0.2582
0.229254
0.0962968
-0.0861729
0.0487144
0.111066
0.153859
-0.0569107
-0.129463
-0.018276
0.182911
0.0384502
-0.170868
0.120409
0.0232873
0.10877
0.214925
0.203938
-0.0588303
0.0755383
-0.0810106
-0.175459
-0.0135546
-0.139519
-0.202656
0.166603
-0.180148
0.110801
-0.0849564
-0.149165
0.165591
0.028099
0.084361
-0.0636083
0.0121062
-0.201456
0.16427
-0.0354943
0.12301
-0.161012
-0.0679889
0.137368
-0.196928
0.121719
0.146319
-0.0275626
-0.00553579
0.0802857
0.0162375
0.19217
0.0262926
-0.0893483
-0.0371472
-0.0930267
-0.0419103
0.0951128
-0.0384507
-0.00337391
-0.00118651
0.121506
-0.00258994
0.263717
-0.0906057
0.159771
-0.15817
-0.0204626
-0.155804
0.126438
-0.00180997
-0.197611
0.0980997
-0.13977
0.102981
-0.184586
0.0598522
-0.0154838
-0.0462671
0.0787497
-0.084662
-0.149313
0.0572799
-0.0191569
-0.0474633
0.193322
-0.114748
-0.026946
0.157204
0.14954
-0.217511
-0.0602187
-0.154429
0.0902515
0.0773591
0.143946
-0.121286
0.195697
0.0409787
0.0895933
0.203864
0.124284
-0.160197
-0.105411
-0.190512
0.118031
0.0749598
0.242218
-0.111907
0.085489
-0.00113058
-0.113082
-0.17074
0.123999
0.0107134
0.0154172
-0.0672687
0.138356
0.156072
0.0173041
-0.0197333
-0.180192
-0.0437814
-0.0660877
-0.0506134
0.102557
-0.13005
-0.0772469
-0.113983
0.15751
0.114683
0.165069
-0.039677
0.139916
0.160171
0.0900956
-0.103566
0.0240723
-0.137486
0.266681
-0.0998098
-0.0117331
-0.117005
0.0314115
-0.0998224
0.0226272
0.0371823
-0.129004
-0.212481
-0.164919
0.025384
0.143589
-0.0226741
0.141839
0.160476
0.1017
-0.000766167
0.136048
-0.177057
0.00819262
0.0181867
0.181223
-0.115175
-0.066452
-0.180439
0.146861
0.183119
0.0864173
0.0881045
-0.0314879
-0.202205
-0.11072
-0.0821115
0.195244
-0.00593347
-0.144291
0.0711306
0.0559142
0.132687
0.176886
0.124331
0.0869755
0.156433
-0.140299
-0.138499
0.046329
0.100382
-0.0821414
-0.0735095
0.145186
-0.165157
0.096368
0.00070456
0.00959737
-0.108615
0.160731
0.14133
0.155407
-0.244974
-0.163088
0.0977026
-0.16512
-0.182703
-0.333753
-0.137623
0.17603
-0.213531
0.0812365
-0.276128
0.0993479
0.195976
0.0426849
0.0735804
-0.0317543
-0.186668
0.00292501
0.0257528
-0.0670299
0.0842166
-0.00199146
-0.105895
0.205047
-0.158519
0.183238
-0.117625
0.0232835
-0.110201
-0.103519
0.0466334
0.0746967
0.170159
-0.150567
0.0960924
0.151706
-0.0373505
0.0827742
0.0280642
0.204337
-0.121989
0.21815
0.0916772
-0.0798419
0.0163123
0.0860202
-0.00953223
-0.0480979
0.251579
0.0307334
-0.0703739
-0.201452
-0.126926
0.159551
-0.0947161
0.0780515
-0.0440467
0.150746
-0.111777
0.111649
0.1943
-0.16552
0.162998
-0.0796862
-0.0514964
0.0013555
-0.110103
0.164923
0.0253471
0.0456344
-0.138049
0.0241211
0.0602571
0.03394
0.245812
-0.0348936
-0.136957
-0.0569658
0.178668
0.105512
0.149799
-0.261375
0.102549
0.115007
-0.255755
0.184641
-0.0577351
-0.083376
0.0173281
0.116276
0.129909
0.1625
0.0632635
0.10294
0.160407
-0.199474
-0.186651
-0.0478933
0.205572
-0.216614
0.19471
0.161974
-0.20016
0.146801
0.0872126
-0.113981
0.0640061
-0.151012
0.032387
0.0271093
0.152645
0.0373232
-0.0396264
-0.0170063
-0.0141483
-0.124718
-0.105013
-0.0643802
-0.0172084
0.140267
-0.0148659
-0.0157693
0.0837084
0.145576
-0.115767
0.152062
0.0012425
0.000444041
-0.100167
-0.1612
0.132561
-0.195614
0.127347
-0.0782873
0.0249874
0.128051
0.0395033
-0.223397
-0.0871781
-0.116192
0.161742
-0.143194
-0.141192
0.189988
0.170065
-0.0800376
0.0817323
-0.15837
-0.0624927
-0.162931
0.00720016
-0.0824814
0.101674
-0.0810471
-0.105587
0.0623655
0.210268
0.175432
0.117661
0.153766
-0.105409
-0.0963777
-0.0109728
-0.127385
-0.112855
888888
0.138506
-0.0860864
-0.0648533
0.190342
0.207612
0.0720812
0.189561
0.0228098
-0.000852275
0.246448
-0.176229
-0.188136
-0.177702
0.17968
-0.0245055
0.0289101
-0.024954
-0.0138362
-0.174667
0.131496
-0.111784
0.0145353
-0.187165
-0.160295
-0.0687636
-0.018027
-0.0790806
0.120411
0.0788411
-0.0882993
-0.198277
-0.193044
0.0446758
0.0433728
0.0490598
0.0521696
0.053713
0.0509926
0.0435212
0.0500215
0.0589372
0.0511664
0.0534267
0.0579972
0.0546751
0.0473767
0.0480284
0.050543
0.0492636
0.0492036
0.0428214
0.0559464
0.0454275
0.062538
0.0517216
0.0478928
0.0472794
0.0618777
0.0365323
0.0524146
0.0589635
0.0371701
0.0572475
0.0507121
0.0605258
0.0536521
0.0432823
0.0517277
0.0579428
0.0518688
0.0460207
0.0471965
0.0564046
0.0493538
0.0457241
0.0572686
0.040121
0.0489119
0.0577318
0.0515309
0.0465342
0.0410595
0.0517729
0.0518264
0.0574526
0.051252
0.0351677
0.0535702
0.05297
0.0457767
0.0442309
0.0525201
0.0463164
0.0446342
0.0438396
0.054813
0.0471072
0.0430367
0.0536155
0.0470857
0.0438477
0.0449293
0.0511527
0.0458757
0.0509366
0.0504756
0.0558639
0.0590391
0.0559557
0.050166
0.049491
0.0532533
0.053369
0.0509045
0.0523965
0.0504948
0.0488197
0.0608883
0.0496686
0.0443837
0.0563177
0.0464375
0.05844
0.0574618
0.0595608
0.0640215
0.0505408
0.0463043
0.054617
0.0483146
0.042722
0.0480937
0.0451281
0.0521113
0.052106
0.0457517
0.0542633
0.0463636
0.0447159
0.0529625
0.0509246
0.0453129
0.0618308
0.0540334
0.0468705
0.0578392
0.0487918
0.0421978
0.0532879
0.0458189
0.0480135
0.0515207
0.0381616
0.051688
0.0560436
0.0509198
0.0475102
0.0417028
0.0432836
0.0537565
0.0530707
0.0453501
0.055955
0.0524531
0.0395217
0.0548056
0.0584751
0.0583041
0.0437135
0.0511077
0.0541035
0.0513242
0.0501023
0.0548052
0.0462028
0.0534104
0.0547597
0.0627494
0.0461851
0.0492012
0.0446469
0.0446677
0.0554541
0.0566487
0.0458384
0.047654
0.0428132
0.0462228
0.0489869
0.0462194
0.0392264
0.0665172
0.04123
0.0489541
0.0530035
0.0641659
0.0515716
0.0566495
0.0603686
0.0531278
0.047081
0.0547673
0.0460585
0.0554002
0.0512316
0.0539318
0.0416208
0.0475724
0.0445608
0.0466055
0.0541865
0.0430917
0.0447811
0.0459868
0.0578244
0.0487663
0.0546044
0.0513006
0.0529514
0.0488138
0.0606919
0.0666579
0.0416509
0.0621155
0.0548042
0.0518327
0.0621122
0.0574524
0.0433757
0.0479544
0.0556137
0.0536839
0.0569384
0.0466639
0.0418551
0.0541243
0.0495832
0.0383932
0.0495057
0.0467413
0.0483406
0.0489598
0.0430464
0.0434796
0.0499884
0.0469176
0.0464519
0.0571319
0.0520959
0.0510277
0.0436785
0.0501859
0.0476926
0.052428
0.0541048
0.0536722
0.0566903
0.0566142
0.0514934
0.0540381
0.0533699
0.0587766
0.0665253
0.056639
0.0483846
0.0489484
0.0528302
0.0471298
0.0519259
0.0484694
0.0452724
0.0555149
0.0459763
0.0518396
0.0567766
0.0586235
0.0494482
0.0493517
0.0489758
0.0591424
0.0441014
0.0523796
0.0543336
0.0390928
0.0520327
0.061366
0.0584834
0.0522868
0.0545116
0.0630281
0.0550729
0.0486351
0.053546
0.048492
0.0537545
0.0521614
0.0459526
0.051495
0.0466886
0.0488465
0.0483184
0.0492251
0.0471613
0.0471194
0.0493965
0.0469019
0.0637632
0.0541713
0.0507869
0.0560461
0.0534524
0.0497531
0.0531913
0.0491155
0.0521241
0.0541683
0.0532522
0.0566426
0.0530351
0.0518576
0.0532883
0.0476783
0.0410304
0.0502004
0.0603125
0.0461006
0.0414136
0.0440367
0.0456012
0.0617812
0.0430582
0.0446903
0.0519826
0.0548185
0.0461491
0.0472255
0.0454801
0.0434207
0.054471
0.0419866
0.049221
0.0405663
0.0539249
0.0523418
0.0414201
0.058212
0.0403127
0.0518793
0.0462833
0.0478685
0.0484683
0.0503571
0.0541022
0.0523067
0.0487116
0.0466535
0.0442008
0.0540069
0.0450752
0.0504457
0.0489549
0.0565555
0.0507967
0.050872
0.0505285
0.0515703
0.050553
0.0473631
0.0458083
0.0474437
0.0517545
0.044685
0.0574583
0.0597017
0.0512409
0.0552366
0.0449421
0.0383559
0.0504684
0.0539611
0.0575326
0.0499396
0.0435257
0.0509088
0.0553098
0.0508869
0.0474387
0.0540704
0.0439862
0.0448849
0.0394331
0.0590601
0.0484516
0.0528925
0.0507733
0.0494295
0.0467747
0.0514962
0.0514448
0.0596201
0.0649571
0.048525
0.0535063
0.0435991
0.0511795
0.0530701
0.0445149
0.0486672
0.0537131
0.0454001
0.0465665
0.0453728
0.0587922
0.0573479
0.0447114
0.0462809
0.0474375
0.0539651
0.048846
0.0501604
0.0515947
0.0503392
0.0481297
0.0475492
0.0579893
0.0570603
0.0533994
0.0482986
0.0539314
0.047541
0.0527417
0.0426774
0.0590014
0.0484866
0.0399647
0.0453564
0.0455225
0.0520483
0.0498897
0.0531794
0.0442953
0.0611332
0.0460752
0.0523309
0.0527787
0.0574709
0.0423749
0.0546419
0.054522
0.058585
0.0476038
0.0439349
0.0474323
0.0423663
0.044558
0.0455494
0.0461576
0.0504963
0.041618
0.0520797
0.0409857
0.0532936
0.0497586
0.0451621
0.0482589
0.0447243
0.0642518
0.0457084
0.0453349
0.0401963
0.04289
0.045218
0.0535097
0.0519793
0.0428054
0.0528553
0.0343704
0.0498055
0.0491465
0.0533787
0.0572141
0.0470094
0.0517238
0.0582278
0.0539142
0.0532315
0.0569452
0.0435491
0.0491568
0.0637312
0.0558363
0.0439493
0.0447533
0.0493271
0.0595876
0.0582206
0.0546143
0.0429919
0.0492402
0.0527548
0.0509327
0.0522412
0.046377
0.0413787
0.0493437
0.0473856
0.0488462
0.0539313
0.0555377
0.0522085
0.0550802
0.0537363
0.0532778
0.0497418
0.0530291
0.0470291
0.0460444
0.057133
0.0467693
0.0475281
0.0533242
0.0570423
0.0522197
0.0498929
0.0630343
0.0480046
0.0577258
0.0514579
0.0407304
0.0658431
0.0425123
0.0476876
0.0441918
0.0587855
0.0567224
0.052326
0.062994
0.0459016
0.0509948
0.0545167
0.0501244
0.0645407
0.0531334
0.0486059
0.0522974
0.0668195
0.0437502
0.0369202
0.0525733
0.0497759
0.0583472
0.0456991
0.0405784
0.0381443
0.0436955
0.0483716
0.051666
0.0495047
0.0553649
0.0596206
0.0480685
0.0466583
0.0443894
0.0537945
0.0422679
0.0461478
0.058163
0.0530838
0.048636
0.0446748
0.0500129
0.0392571
0.0496848
0.0560733
0.0465907
0.0469484
0.0503772
0.0480855
0.0439416
0.0538381
0.0482413
0.053669
0.06123
0.0558919
0.0514681
0.0618785
0.0489049
0.0436735
0.0504053
0.0485106
0.0445036
0.0589014
0.0557268
0.0561303
0.0554558
0.0478424
0.0473309
0.0643891
0.0553383
0.0437908
0.0538354
0.0538504
0.0558803
0.0541868
0.0504172
0.0530721
0.0555182
0.0499935
0.043579
0.0495109
0.0549486
0.0544586
0.042376
0.0463687
0.0439381
0.0413878
0.055001
0.0469925
0.0438505
0.047484
0.0543897
0.0428221
0.0478409
0.0433933
0.05217
0.0519789
0.0514513
0.0405213
0.0539917
0.0479312
0.046551
0.049837
0.0491911
0.0616542
0.0663681
0.043314
0.0430575
0.050148
0.0399976
0.0423487
0.0508
0.04288
0.0559549
0.0425509
0.0437101
0.0564419
0.0557195
0.0511131
0.0458661
0.0510059
0.0457474
0.054931
0.0603016
0.0466496
0.0446197
0.0511964
0.0491833
0.0531882
0.0490661
0.0467825
0.0479914
0.0526498
0.0535335
0.0543622
0.0455876
0.0474571
0.0485945
0.0474
0.0428084
0.0458617
0.0512217
0.0472168
0.0442176
0.0464173
0.0540087
0.0501264
0.0531213
0.044804
0.0662302
0.0495175
0.0490442
0.0561431
0.0403808
0.0427929
0.0415395
0.0465279
0.053199
0.0475835
0.0484753
0.0581052
0.0611284
0.0444794
0.0474992
0.0502624
0.0503253
0.0517171
0.03916
0.0435602
0.0486042
0.0533584
0.0505102
0.0523647
0.0506528
0.0487231
0.0543875
0.0486857
0.0542525
0.0468144
0.0550208
0.04764
0.0512053
0.0524035
0.0582421
0.0598891
0.051139
0.0455672
0.0529054
0.0548321
0.0407259
0.04259
0.0599768
0.0511062
0.0487879
0.0474165
0.0575079
0.0450322
0.052994
0.0558656
0.0419655
0.0515169
0.0475933
0.0547766
0.0415309
0.0492716
0.051796
0.059849
0.0512311
0.053166
0.0466739
0.0452069
0.0373519
0.0476862
0.0551497
0.0459845
0.0545258
0.044685
0.0441039
0.0549015
0.0472116
0.0462885
0.039019
0.050724
0.0525521
0.0493357
0.043906
0.0466209
0.0493949
0.0412724
0.0495334
0.0434643
0.0538834
0.0431181
0.0501302
0.0520648
0.0517661
0.0544366
0.0457268
0.0543124
0.0635795
0.0497533
0.053605
0.0424415
0.0505664
0.0547158
0.0499962
0.0476111
0.0581894
0.0482409
0.0502348
0.0569503
0.0455134
0.0533433
0.0540168
0.0446728
0.0491068
0.0477616
0.0493852
0.0607914
0.0453165
0.0498762
0.0468105
0.0561459
0.0500615
0.0468146
0.0397163
0.0401318
0.0494625
0.0550663
0.0507965
0.0604375
0.051178
0.0506311
0.0421322
0.0502377
0.047149
0.045929
0.0443336
0.052396
0.0473454
0.0525333
0.0446255
0.0555918
0.0489615
0.0585157
0.0417722
0.0443056
0.0509037
0.0489812
0.0413227
0.0474501
0.0486174
0.0441696
0.0472791
0.0467853
0.0432115
0.0636288
0.0551018
0.0533026
0.0528867
0.0466356
0.0544505
0.060252
0.0474072
0.0529784
0.0450671
0.0532524
0.0428026
0.0532316
0.0519841
0.0539163
0.0510792
0.0529369
0.0450811
0.0435011
0.0497748
0.0356447
0.0472261
0.0418823
0.0472916
0.0572515
0.0465301
0.0521864
0.0460875
0.0486277
0.0496378
0.0513138
0.0521244
0.0611209
0.0448487
0.0568872
0.0460913
0.0604909
0.0535983
0.0488755
0.0521719
0.0463895
0.0513173
0.0490189
0.0476443
0.0523536
0.0559083
0.0398085
0.0506599
0.0464419
0.0423518
0.0412781
0.0551651
0.0536467
0.0480112
0.056181
0.0511035
0.0595241
0.0481352
0.0533656
0.0398715
0.0489579
0.0500246
0.0517266
0.048237
0.0454765
0.0483013
0.0527633
0.0575883
0.0581798
0.0539873
0.0574211
0.0615594
0.0576731
0.0479833
0.0638004
0.0559595
0.0492992
0.05645
0.0593818
0.0466114
0.0481259
0.0545452
0.0451061
0.0442115
0.0466314
0.0549924
0.044453
0.0510546
0.0435065
0.0411845
0.0434994
0.0500596
0.0463297
0.0484141
0.0472905
0.0458657
0.0408063
0.047047
0.0564425
0.0465954
0.0438581
0.0526873
0.0424746
0.0518943
0.0451475
0.0413206
0.0386242
0.060516
0.0553347
0.0499117
0.0625134
0.0481185
0.0505247
0.0440484
0.0525857
0.0531887
0.0505513
0.0575996
0.0520238
0.056172
0.0463295
0.0524697
0.0375783
0.0524888
0.0477446
0.0601272
0.0487582
0.0445593
0.0509885
0.0458647
0.0493952
0.051101
0.0482509
0.0497063
0.054303
0.0453001
0.0553998
0.0448431
0.0581557
0.0554827
0.0521972
0.0542871
0.053429
0.047063
0.0427243
0.0604696
0.0415133
0.0638648
0.052173
0.0507425
0.0453239
0.0434385
0.0425146
0.0566767
0.0516413
0.054082
0.0570205
0.0555146
0.0535887
0.0530177
0.0464229
0.0460144
0.0521723
0.0503859
0.0516501
0.048569
0.0498719
0.0507629
0.0611403
0.0450683
0.0579826
0.0442729
0.0541465
0.0454257
0.0480024
0.0503833
0.0469022
0.0516633
0.0518578
0.0420526
0.049236
0.0527181
0.0473213
0.0499358
0.0515307
0.0536513
0.0518217
0.0420654
0.0429307
0.0489753
0.0491327
0.0490393
0.0502551
0.0444729
0.041881
0.0500089
0.0452742
0.0532719
0.0573613
0.0485074
0.0511437
0.0422171
0.0441187
0.0543347
0.0535877
0.0520388
0.048314
0.051991
0.0468062
0.0478432
0.0425441
0.0444386
0.0474941
0.0595403
0.0462503
0.0517296
0.0569671
0.0513792
0.0484879
0.0622217
0.0475681
0.0477885
0.0539463
0.0513811
0.0464655
0.0446656
0.0490102
0.0565559
0.0531391
0.0529905
0.0491095
0.0623241
0.0508634
0.0715764
0.0561917
0.0482877
0.0523413
0.0482702
0.0485176
0.0402826
0.0689406
0.0545458
0.0501296
0.0492618
0.0538387
0.0490171
0.0504676
0.048143
0.049514
0.0502954
0.0517933
0.0542455
0.0518733
0.0583499
0.0532075
0.0544404
0.0561348
0.0532938
0.049014
0.0517915
0.0485423
0.0437478
0.0519444
0.0530145
0.0544162
0.0559969
0.0439723
0.0562259
0.0375284
0.0493107
0.0439404
0.0474641
0.0522504
0.0433504
0.045577
0.0638353
0.0503324
0.0506656
0.0511768
0.0554607
0.0494924
0.0521779
0.0515622
0.0542753
0.0554499
0.0540643
0.0444588
0.0528638
0.0456115
0.0555634
0.0544804
0.0493232
0.0432911
0.0497485
0.0543194
0.0485903
0.0461085
0.0441699
0.0486433
0.0646492
0.0530648
0.0435651
0.0541531
0.0543598
0.0608613
0.0559099
0.0482518
0.0529594
0.0425488
0.051826
0.0425015
0.0454112
0.0474896
0.0436704
0.043115
0.0520048
0.0459724
0.0504834
0.048347
0.0471012
0.0459989
0.0467303
0.0501634
0.0518073
0.0535414
0.0423412
0.0526667
0.0482584
0.0510879
0.0524299
0.0431078
0.0559605
0.0545262
0.0471473
0.0564988
0.0466546
0.0473891
0.0486671
0.0489872
0.0559734
0.0477829
0.0468782
0.0509611
0.0519284
0.0519488
0.0453349
0.0432499
0.0574123
0.0528198
0.0447303
0.0475794
0.0470149
0.0498966
0.0533544
0.0525596
0.0486162
0.0523683
0.0442273
0.0469347
0.0507653
0.0507807
0.0459454
0.0514941
0.0566166
0.0473329
0.0543757
0.0462337
0.0470313
0.0560684
0.0643522
0.0450425
0.0447755
0.048254
0.0490061
0.05048
0.0491771
0.0458221
0.0564473
0.0445844
0.050461
0.0508318
0.0443503
0.0403034
0.0527911
0.0421207
0.0458854
0.0528406
0.0447519
0.0508525
0.0527664
0.0490754
0.0444197
0.0471353
0.0406657
0.0417276
0.0538755
0.0547105
0.0568777
0.0689516
0.0504346
0.0424917
0.0526991
0.0610277
0.0415313
0.0519717
0.0393406
0.0513082
0.0488975
0.0541386
0.0441718
0.0496288
0.0427165
0.0520255
0.058517
0.0532216
0.0463452
0.0518184
0.0463174
0.0544786
0.0443519
0.0446115
0.0402267
0.0550312
0.0484793
0.046629
0.0473768
0.045415
0.0431089
0.0447895
0.0532458
0.0472799
0.0518855
0.0424216
0.0546641
0.054543
0.0563829
0.050633
0.05133
0.0492466
0.0586044
0.0567821
0.0402797
0.0593602
0.040215
0.0560078
0.0439754
0.0364436
0.0499382
0.0484648
0.048498
0.0576131
0.0510466
0.0521554
0.0387724
0.0391844
0.0595325
0.0533381
0.0473613
0.0466299
0.0644179
0.0515471
0.065242
0.0465302
0.0395384
0.0472584
0.0471931
0.0556872
0.047103
0.0480338
0.0524634
0.0516307
0.0617456
0.0507642
0.0539191
0.0439204
0.0400834
0.0655114
0.0406134
0.0566882
0.0474234
0.0544445
0.0555211
0.0510694
0.0536963
0.0587592
0.0442069
0.058643
0.0486881
0.048657
0.0455274
0.0529194
0.0566001
0.0542361
0.0453134
0.0459724
0.0458606
0.0467349
0.0466482
0.0510278
0.0559517
0.0480342
0.0449013
0.0482915
0.0524174
0.0433977
0.0491457
0.0544168
0.0496887
0.0469228
0.0514093
0.0503608
0.049417
0.0452811
0.054604
0.0546769
0.0468506
0.0494419
0.050101
0.0556624
0.0533542
0.0526404
0.0474083
0.0621306
0.051847
0.0574682
0.0525924
0.0631137
0.0539166
0.0473975
0.0418944
0.0494476
0.0489845
0.0466652
0.0520671
0.0489179
0.0446722
0.046598
0.0456904
0.0529998
0.0682109
0.0475771
0.0458839
0.0466089
0.047878
0.0479827
0.05176
0.0407775
0.0584867
0.0554084
0.0433691
0.0498319
0.0496939
0.0597998
0.0533949
0.0471097
0.0500221
0.0422889
0.041959
0.0459648
0.0534455
0.0480491
0.0578615
0.0624178
0.047836
0.0509784
0.0534368
0.0355494
0.0418086
0.0442409
0.0467655
0.0574341
0.0463185
0.0545612
0.0461313
0.056863
0.04233
0.0554579
0.0510722
0.0438932
0.0530561
0.0548691
0.0461912
0.0444092
0.0452356
0.0497522
0.0510089
0.0510961
0.0634405
0.0417612
0.0554371
0.046278
0.045852
0.0506598
0.0427486
0.0488457
0.0391823
0.0548879
0.0389014
0.0455228
0.0462205
0.0487145
0.0602515
0.0457072
0.0545995
0.0409351
0.0477939
0.0456095
0.0448395
0.0547169
0.0527362
0.0538784
0.0427031
0.0454162
0.0441915
0.0554346
0.0477614
0.0429786
0.0465938
0.0566287
0.0450231
0.0479714
0.0545381
0.0471975
0.0479085
0.045753
0.0544095
0.0457087
0.0494085
0.0551566
0.049767
0.0476493
0.048982
0.0448594
0.052668
0.0562407
0.060338
0.0526381
0.0591524
0.054486
0.0483835
0.0511758
0.0560628
0.0539766
0.0597716
0.0508352
0.0477211
0.058159
0.049304
0.0540487
0.0501992
0.0484594
0.0553658
0.05352
0.049767
0.0502273
0.0543767
0.0497482
0.0533012
0.0495052
0.0582316
0.0513518
0.050449
0.0480833
0.0484434
0.0481972
0.0513716
0.0517903
0.0421143
0.0505656
0.0491844
0.051756
0.044698
0.0593229
0.0462138
0.0447235
0.0473615
0.0469472
0.0466907
0.0524331
0.0531759
0.0479289
0.0420958
0.0409133
0.0385455
0.0454019
0.0547999
0.0483077
0.0522416
0.0438812
0.0549109
0.0532875
0.0537008
0.0571993
0.0532809
0.0438618
0.0539704
0.05183
0.0581413
0.0474552
0.0529835
0.0508474
0.0423675
0.047376
0.0545477
0.0553115
0.0527083
0.0576053
0.0549734
0.0543047
0.0444038
0.0612635
0.0614082
0.0545499
0.0468674
0.0590969
0.0586411
0.051689
0.0438044
0.0461808
0.0616706
0.0455016
0.0503404
0.0529381
0.0499576
0.0465668
0.0465558
0.0521295
0.0500935
0.0509363
0.0507001
0.0519533
0.0471646
0.0493754
0.0485548
0.0539744
0.0521097
0.0477654
0.0517322
0.0579024
0.0551164
0.0554265
0.0559877
0.0342107
0.0558794
0.0446905
0.0427899
0.0467698
0.0528476
0.0498848
0.0490262
0.0433591
0.0427422
0.0501374
0.0539719
0.0443274
0.0486903
0.0447197
0.0445906
0.0584841
0.0484323
0.0475467
0.0379528
0.0523345
0.0480636
0.0572497
0.0509123
0.0466951
0.0486595
0.0529286
0.0591664
0.0572467
0.0533576
0.049607
0.0462982
0.0512042
0.0564795
0.0471205
0.0481432
0.0523916
0.0510066
0.0489742
0.0571977
0.0411699
0.0477433
0.0603259
0.0456064
0.0560656
0.0617923
0.0510464
0.0569628
0.0590712
0.0521684
0.0473853
0.0490949
0.0669282
0.0524697
0.0581206
0.0470105
0.0454956
0.0543058
0.0465341
0.0484531
0.0495361
0.0554905
0.0553999
0.0454204
0.0609902
0.0556288
0.0519738
0.0495749
0.0573875
0.0471082
0.0636239
0.059055
0.0464295
0.045457
0.0472337
0.0410977
0.0435205
0.0471625
0.0407629
0.0510408
0.0438303
0.0452797
0.0551581
0.0525431
0.0537919
0.0545687
0.044059
0.0492399
0.0602546
0.049873
0.0437102
0.0542598
0.0481659
0.0499965
0.0567359
0.0483856
0.0550857
0.0486583
0.0493528
0.0428365
0.0470175
0.0488739
0.0393211
0.0503056
0.0497268
0.0439045
0.0413081
0.055934
0.0641821
0.05114
0.0517493
0.044108
0.0426749
0.053538
0.0473022
0.0546801
0.0580751
0.0570607
0.0442784
0.0506222
0.0412573
0.0402391
0.0616109
0.05
0.05
0.05
0.05
0.05
0.05
0.05
0.05
0.05
0.05
0.05
0.05
0.05
0.05
0.05
0.05
0.05
0.05
0.05
0.05
0.05
0.05
0.05
0.05
0.05
0.05
0.05
0.05
0.05
0.05
0.05
0.05
777777