1.69384
999999
-0.19739
-0.196359
-0.167157
0.234293
0.167765
0.0949907
0.130091
0.0746716
-0.123931
0.519248
0.0805853
-0.0896381
0.159336
-0.0313705
0.178366
-0.114316
-0.0264858
0.0281957
-0.0534859
0.0118616
-0.0510506
0.0387296
-0.0435739
0.118836
-0.0459776
-0.0220209
-0.0678563
0.0689591
-0.175651
0.0640636
0.317511
0.504026
-0.0464918
0.168306
0.254734
-0.176683
-0.2105
0.162094
-0.186612
-0.348121
0.261939
-0.158946
0.081192
-0.148437
0.0099128
0.241082
0.233557
-0.0516672
0.161179
-0.192027
-0.127037
-0.145533
0.0126133
-0.173944
-0.0282533
0.282427
-0.12606
0.0849076
-0.241309
-0.0406781
-0.260597
0.230023
-0.172462
-0.151332
0.205216
-0.237954
-0.0240641
-0.0334677
0.223603
0.102367
-0.169836
-0.13834
0.00841178
0.251611
-0.105714
-0.08658
-0.135373
-0.117947
0.0564574
0.0726858
0.0490219
-0.0967997
0.0494839
0.21381
-0.170091
0.276294
0.152671
-0.144568
0.0866403
-0.357748
-0.111217
-0.0829748
-0.0808105
0.0302435
-0.178733
-0.0624432
0.163678
0.127927
-0.201445
-0.00221166
-0.116544
0.0989254
-0.0941306
0.0118311
0.0455891
-0.160644
-0.096271
0.0876392
-0.000335273
-0.289928
0.07774
-0.0809806
-0.13101
0.283751
-0.0882734
0.0276193
0.0640247
0.0921469
-0.0382194
-0.135883
-0.161038
-0.131885
-0.211594
0.107262
0.0788649
-0.0911226
-0.00726685
-0.03382
0.00203078
0.0455797
0.000414877
0.226464
0.186167
-0.24067
0.115437
0.0521691
-0.0651287
0.128407
0.18265
-0.0564927
-0.204765
-0.00522085
0.123544
-0.268677
-0.184467
0.147816
-0.112186
0.138701
0.0569066
-0.00369009
0.110284
0.19398
0.0609754
-0.0543715
0.0150182
-0.163129
-0.0650284
0.101621
0.133854
0.201318
0.178807
0.0785389
0.00923136
0.0551325
0.148364
0.106104
0.204157
-0.0582401
0.208564
0.0669212
-0.0425726
-0.179247
0.213319
0.0305095
0.181978
0.0711179
0.157911
-0.0700618
-0.212436
-0.0383063
0.0408217
-0.00270565
-0.0986969
0.0775685
0.0301605
-0.0614638
0.225396
0.153226
-0.246096
0.16095
-0.0299633
0.0830588
-0.1578
-0.167909
0.0847772
0.0675839
0.185431
-0.0345859
0.157277
0.0976358
-0.13956
0.0564047
-0.01563
0.168504
0.335034
-0.00997515
0.14735
0.0977404
-0.0528982
0.119544
0.109105
0.125624
0.0572265
0.0263274
0.0507277
0.157886
-0.0309153
0.150174
-0.179142
0.0613238
-0.191499
-0.0385944
-0.240539
0.158482
-0.00870035
0.0450301
0.185719
0.194284
0.0441118
-0.225448
-0.0305412
-0.132909
0.208513
0.0840109
-0.15409
-0.0702427
-0.0907926
0.0841423
-0.0934729
-0.0884278
-0.0391304
-0.141063
0.0629161
-0.0238134
0.250841
-0.0687223
-0.0803001
-0.135329
-0.0582975
0.0486828
0.0193142
-0.121129
-0.104758
0.0496719
0.174382
-0.142615
0.203721
-0.0442745
0.0282101
0.230452
-0.0989464
-0.00692644
-0.0777868
0.120023
0.0818157
0.0366941
-0.0574345
-0.134664
-0.00896492
-0.0607538
0.159558
0.215805
0.182399
-0.00228191
-0.053265
0.119468
0.140411
0.0821102
-0.057716
0.167594
-0.270321
-0.101481
0.0851113
0.188546
0.311503
0.164695
0.0267224
-0.234916
-0.158348
0.086333
-0.296205
0.20187
-0.0176994
-0.0874731
-0.0300278
-0.0957773
0.0197902
0.112735
0.0334637
-0.010267
-0.0183713
0.0769236
0.262973
-0.117021
0.0712556
0.0636154
0.192012
-0.0531429
0.124057
-0.176019
-0.0844816
-0.088409
-0.0811651
-0.171566
-0.187049
0.128815
0.0312634
0.0435953
0.259743
-0.147056
0.0643719
-0.00538585
0.0284676
-0.15406
-0.134637
0.0687387
0.202512
-0.243533
-0.0518208
-0.0807453
-0.203039
-0.0312736
-0.103084
-0.0129602
0.0288919
-0.0184722
-0.0170279
0.104114
0.200263
-0.0772925
0.008851
-0.154334
0.151681
-0.0405471
-0.054876
0.21226
0.0609437
0.158034
0.209242
-0.00619573
0.00648039
-0.141232
0.101571
-0.00177096
-0.0846258
0.199918
-0.0114
0.110467
-0.153451
0.186858
0.0557122
-0.1512
0.173541
0.129688
0.128386
-0.0335829
-0.205021
0.240673
0.0880538
0.0967836
-0.0525966
-0.0146877
0.0962995
0.171594
-0.117068
-0.194942
0.00856404
0.194453
0.238456
0.0392611
0.271168
-0.208476
0.114945
-0.0435185
0.102648
0.129354
0.0400922
-0.0871525
-0.105494
-0.0943547
0.0339807
0.210155
-0.110588
-0.0379852
0.131803
-0.122178
0.215082
0.00324467
-0.206491
-0.127748
0.19599
-0.0837423
0.139231
-0.0696684
-0.134129
-0.0473722
0.141315
0.181961
-0.16987
-0.133629
0.0877318
-0.0329743
-0.0133349
0.0532657
0.193277
-0.0770035
0.0751317
0.0760153
-0.0642167
0.0389174
0.0597997
-0.0130723
0.156445
-0.165803
0.0864525
-0.0311141
0.0615535
-0.0548845
0.103436
0.100705
0.158222
-0.123009
-0.0518568
-0.088399
-0.121915
-0.0882949
0.151938
0.0579756
-0.0552838
0.0478712
0.168196
0.0105646
0.265898
-0.221634
-0.188359
-0.0205712
-0.0591448
-0.103101
-0.0479252
0.049482
-0.173215
0.105221
-0.0808796
0.0313364
-0.0707228
0.0205132
0.115531
0.176261
-0.0713253
-0.108509
0.0773559
0.138963
0.0953169
-0.212476
-0.00248171
0.114885
-0.0516047
-0.0205024
-0.10463
0.0134082
0.0186747
0.141626
0.0938604
-0.00129624
0.0871473
-0.0882785
-0.109668
-0.246677
-0.0902133
-0.00474401
-0.0632475
0.0680885
0.0104187
0.065004
-0.069041
-0.0161508
-0.157504
-0.107888
-0.0101237
0.0962959
-0.114984
-0.216621
-0.0278377
0.188166
-0.32434
0.00987602
0.0994909
0.316226
-0.114394
-0.262072
0.252068
0.154818
0.158231
0.0101195
0.214841
0.158976
0.0919409
0.17576
-0.0089733
0.164618
0.201091
0.130939
0.220415
0.13853
0.302237
0.0290094
-0.0361545
0.223566
-0.179316
0.0102904
0.161641
-0.14753
0.227922
0.0562634
0.11641
0.0750348
0.00388227
0.0897869
0.017013
0.266248
0.135095
0.13632
-0.0408641
-0.141797
0.107722
0.195336
-0.075102
-0.112804
0.0328703
-0.0271919
-0.0124633
0.0816467
-0.0713339
0.188912
-0.112245
-0.21803
-0.212287
-0.0858922
-0.0529894
-0.190976
-0.0130284
-0.239519
0.0346487
0.273475
-0.0262103
0.0372328
-0.00358537
-0.0515965
-0.188203
-0.0603169
0.0944113
0.104159
0.12475
0.285372
0.0811562
-0.0297971
0.0785587
-0.062466
-0.0650033
0.0424875
-0.242383
0.0743718
0.185209
0.17526
0.177724
-0.0688533
-0.190986
0.143317
-0.0367838
0.0435961
-0.101824
0.156548
-0.0302048
-0.105317
-0.26588
-0.191812
-0.170418
0.253951
-0.0774718
0.031437
0.171672
0.0393401
-0.0141692
-0.0757804
0.157142
-0.233214
0.0779489
-0.163135
0.074136
0.155593
0.0486249
0.0623094
-0.106431
-0.046374
0.282494
-0.203508
-0.12509
0.160374
0.266442
0.0995782
0.157976
0.118494
0.144614
0.139497
0.18151
-0.0886313
0.0645645
0.139111
0.0289902
0.0437809
0.178693
-0.029697
-0.169643
-0.0395318
0.163832
-0.0085658
-0.100913
0.0506268
0.0603646
0.222676
0.142296
-0.214839
0.00692552
0.0502492
0.0410701
0.00100075
-0.127224
-0.120027
0.0260205
-0.0106295
0.0993042
0.155262
0.0673815
-0.108677
-0.137817
-0.0330605
0.198537
0.208104
-0.0201073
-0.0463674
-0.0764439
-0.121805
0.242736
0.249296
0.190739
-0.104044
0.180115
0.154604
0.161363
-0.139539
0.0368794
0.0227513
-0.153416
-0.0238572
0.124305
0.00190144
0.03592
-0.00251845
0.00471159
-0.061596
-0.00483399
-0.127848
0.0821402
0.191738
0.0851474
0.0129484
0.132336
-0.262092
-0.212056
-0.196937
-0.00137172
-0.258461
0.147415
0.0370821
-0.0823543
-0.224176
0.0406532
0.141589
-0.139993
-0.127609
0.148867
0.113673
-0.154165
-0.12443
-0.042002
-0.178409
-0.134385
-0.176795
-0.161447
-0.0458656
0.0345076
-0.26002
-0.270349
-0.186176
0.0995861
0.124952
-0.00680859
0.171964
-0.0918342
-0.000941434
-0.0202488
0.0844715
0.043323
0.162883
0.0276332
0.141109
0.0498191
0.00115259
0.154373
-0.104364
0.00685165
0.0154836
0.121343
-0.0724947
0.159444
0.199739
-0.11225
0.0510159
0.0703875
0.127552
-0.14416
0.0155329
-0.073042
0.186039
0.128677
0.107988
0.0112041
-0.0350938
0.161183
-0.174262
-0.0284969
0.059761
-0.129559
0.231625
-0.0183872
0.0401728
0.19676
-0.039235
0.0755779
-0.11146
0.153884
-0.115215
0.00346026
-0.0383357
-0.150612
0.150214
-0.0460561
-0.142078
0.221781
0.0939107
0.251726
-0.158272
0.115991
-0.00425341
-0.050748
-0.00647427
0.137184
-0.0229886
-0.247752
-0.0576027
-0.229282
0.197391
-0.265483
-0.355122
-0.0313555
-0.0275501
0.304346
0.20143
0.0162612
0.0651099
0.165723
-0.147894
0.0322755
0.236981
0.266262
-0.0868195
0.0326998
-0.321097
-0.0611921
0.0255399
-0.189517
0.169993
0.163658
-0.0153218
0.129839
0.0662138
0.0105686
0.254103
-0.163363
0.0386631
0.0652625
-0.195664
-0.064598
-0.103355
-0.157357
-0.102136
-0.0116611
0.165952
0.0916601
0.119852
0.208675
-0.0780308
0.128958
0.0259401
0.0573668
0.0878324
-0.185602
0.140005
-0.01335
-0.126227
0.0228425
0.139813
-0.0412476
-0.0493055
-0.132038
-0.183566
-0.118184
-0.192277
0.094462
-0.160465
0.226991
0.0859669
-0.113121
0.186709
0.165746
-0.0247963
-0.115648
-0.1378
0.220683
0.159998
-0.237962
-0.00384482
0.258277
0.214637
0.022668
0.0453236
-0.0337949
0.0249925
-0.020416
0.260527
0.0947509
-0.273185
0.0517518
-0.202182
-0.0227407
-0.150751
-0.114786
0.260134
0.197564
0.0917411
-0.0997087
0.0953032
-0.0235394
-0.0005659
0.260423
0.123772
-0.0614082
0.0516666
-0.235311
-0.0240031
0.145702
0.104303
0.162254
0.00296137
0.203971
-0.0256668
0.190947
-0.150552
-0.261953
-0.0991767
-0.152926
-0.183394
-0.0916899
0.200695
0.150792
0.163073
0.0391565
0.0509892
0.128537
-0.0651206
0.136999
0.1914
-0.0299328
-0.220837
-0.139757
-0.216638
0.216454
0.0186578
-0.0948116
0.113605
0.200799
-0.185287
-0.0699875
0.105902
-0.241111
-0.0760373
0.182406
-0.0961527
0.130937
-0.0197732
0.106084
-0.108313
-0.00160382
-0.0545226
-0.114808
0.00813758
0.0319705
0.227178
-0.113201
0.0731519
-0.0791806
-0.0857819
0.0349177
0.10725
0.193481
0.152481
0.1292
0.207517
-0.0260048
-0.111455
0.200476
0.127543
0.0586613
-0.0287908
-0.0274965
-0.227471
0.0227373
-0.0685108
0.0394537
0.231824
0.00916968
0.0381622
0.145053
-0.138037
0.118983
-0.033139
-0.015469
-0.252331
-0.0288267
-0.0212157
-0.118157
-0.0353556
0.037307
0.0162204
-0.161258
-0.0478029
-0.14948
-0.142869
0.276873
-0.0926119
-0.116121
-0.057594
-0.110781
-0.285731
0.15263
-0.0713549
-0.0496782
-0.246898
-0.146236
0.157325
-0.230591
0.0129896
0.0361103
0.03876
0.0182863
-0.231083
-0.149514
-0.0142247
-0.0923948
-0.0890714
-0.243473
0.0989426
-0.130284
0.105039
0.295313
-0.126761
-0.140465
0.0832709
-0.0546071
-0.0400603
-0.0153836
0.127009
0.129886
-0.290845
0.0886322
0.245691
-0.0312194
0.0759177
0.0122528
-0.023115
0.0463242
0.214975
-0.240546
-0.0608111
0.0842385
0.0620189
0.127105
-0.192012
0.201235
-0.231208
0.0326169
0.0630616
0.108135
0.011194
0.0605085
-0.139095
0.00761306
0.0755351
-0.198243
0.0972384
0.181061
0.00141486
0.0239229
0.0411326
0.178376
-0.00220818
0.100324
-0.0527839
-0.200542
-0.079473
-0.18138
-0.125438
0.0251107
0.179208
0.0779675
-0.0604434
0.095849
0.0345671
-0.0919642
-0.164593
0.119532
-0.158544
-0.201948
-0.106493
-0.343889
-0.182815
-0.131611
0.124083
0.0051633
-0.18327
-0.0931833
-0.102892
-0.0645803
-0.178324
-0.138412
0.176818
0.0345237
-0.156945
-0.214859
-0.021228
-0.107042
-0.0630222
-0.299832
-0.113439
0.0480876
0.102676
0.0257231
-0.0560047
-0.225288
-0.0418926
0.0444832
-0.1696
0.0301322
0.0473242
0.0728974
0.232284
0.186097
0.013106
0.0411402
-0.00811594
0.137715
-0.0179051
-0.0373944
-0.242785
-0.00122084
-0.22328
-0.130701
0.0304693
0.0374819
0.0946584
0.0494128
-0.170551
-0.200574
-0.0287651
0.240866
0.17542
0.164546
-0.0109714
0.0430172
-0.00189723
0.119973
-0.13786
-0.0233056
-0.153075
-0.0019839
0.177001
-0.169624
-0.294291
-0.0887828
-0.148756
0.229319
0.0102877
0.0722488
0.210752
-0.106287
-0.180693
-0.069167
-0.0143372
0.231484
0.0334277
-0.26903
0.185466
-0.0771541
0.0218914
-0.172525
0.131608
-0.197883
-0.00152342
0.107373
-0.280419
0.050473
0.0933365
0.146284
-0.14592
0.185431
0.0143909
-0.157223
0.022521
0.100474
0.0134953
-0.165965
-0.144127
0.146435
-0.0918634
-0.276018
-0.173557
0.0218689
-0.105901
0.129325
0.22508
0.209951
0.01821
0.00463281
0.191209
0.2322
-0.0123303
-0.257295
-0.175204
0.106158
0.136745
0.115919
-0.134754
-0.0606205
0.0345609
-0.138189
0.128563
0.00922897
0.0818839
0.0489365
0.0311197
0.0748573
-0.157951
0.0539003
0.0510777
-0.15146
0.12267
0.075662
0.0945081
-0.00436354
-0.0549375
-0.0427564
0.160634
-0.0175051
0.00774774
0.0464108
0.1328
0.119337
0.119921
-0.0145614
0.0744531
0.0324906
0.156514
-0.0976586
-0.0037717
0.159493
0.0889757
-0.232055
-0.0735052
0.240076
0.0332756
0.1676
0.101613
-0.260236
0.210126
-0.0458601
-0.0635846
-0.326891
0.0492466
-0.0738475
0.151251
0.125375
-0.100606
0.0994844
-0.0987515
-0.120714
-0.110235
-0.0769678
0.0729993
-0.071619
-0.0810958
-0.0918546
-0.0205946
0.0589341
-0.0736196
-0.102008
0.150224
0.181098
0.0738521
-0.0414708
0.189499
-0.066732
0.141573
-0.069699
-0.047337
-0.148277
-0.0607553
0.129681
-0.225247
0.0183668
0.0511696
0.138712
0.168751
-0.114459
0.0383258
-0.193624
0.237037
-0.315263
-0.0327116
0.0316589
-0.0308097
-0.0326339
0.0458983
-0.0197766
-0.129914
0.111721
0.245225
-0.0260961
0.154261
0.0591157
0.118623
0.0599348
0.057292
0.0766781
-0.0671179
0.103686
0.0379117
0.0637664
0.00416779
-0.232968
-0.300045
-0.0664675
-0.0390375
-0.0763738
-0.122854
-0.115882
0.113819
0.084794
-0.2516
-0.0406507
0.318355
0.362957
-0.192702
-0.1545
0.0964158
-0.0471974
-0.116852
-0.0610394
0.180627
0.00173587
0.0329022
-0.106629
-0.070272
0.10734
-0.159013
-0.0441431
-0.0353684
-0.148718
0.347426
0.110021
0.00856981
0.0669259
0.0205763
-0.0558968
-0.110731
0.200832
-0.170968
-0.00668662
-0.187003
-0.20381
0.143129
-0.0369296
0.1438
-0.0772455
-0.0898528
-0.117014
0.0388082
0.308686
0.192164
0.00196189
0.0802678
0.0193372
0.0220476
0.0526026
0.165125
0.126866
0.0396548
-0.178392
0.0237443
0.268865
-0.273458
0.217837
0.170359
-0.0565639
0.136002
0.0407205
0.123267
-0.135689
-0.0198152
-0.195624
0.131968
0.089547
-0.2348
0.116456
0.045817
0.16628
0.168509
0.160023
0.0179935
0.118655
-0.0217523
-0.227913
-0.136553
-0.117993
-0.206289
0.292398
-0.121002
0.127294
-0.0101449
-0.148747
0.178581
0.00269962
0.0883046
-0.0563778
-0.0419246
-0.170633
0.154418
0.00965862
0.0829448
-0.151102
-0.145386
0.182674
-0.190752
0.115305
0.0632205
-0.0705013
0.000735142
0.107344
-0.0128006
0.210467
0.0233769
-0.0221578
-0.00709517
-0.106342
-0.0337517
0.0481207
0.0282849
-0.0600732
0.0366333
0.116552
0.0266282
0.223776
-0.0924467
0.203156
-0.14317
-0.0798654
-0.104455
0.113799
-0.0907022
-0.209338
0.0997716
-0.145536
0.0848871
-0.116203
0.0898619
0.127384
-0.145125
0.00826715
-0.154025
-0.104391
0.0470396
-0.0260977
-0.00668436
0.241403
-0.0400316
-0.070288
0.137919
0.197179
-0.192174
-0.0277229
-0.185652
0.155816
0.129769
0.118717
-0.043998
0.320552
0.0491656
0.0491762
0.205586
0.0814277
-0.155892
-0.124654
-0.266792
0.0227577
0.0974207
0.279399
-0.0880935
0.100522
0.0315752
-0.211712
-0.176178
0.170468
0.0381006
0.00194144
-0.100773
0.192197
0.156783
0.0339622
0.0239112
-0.13541
0.0128326
-0.0889252
-0.0262893
0.119738
-0.217757
-0.0934824
-0.131681
0.140356
0.109217
0.207859
-0.0237485
0.132708
0.210824
0.0526149
-0.0664184
0.0311103
-0.061855
0.330515
-0.0800007
-0.124811
-0.0767774
0.0922664
-0.0857312
-0.0559827
0.125713
-0.11593
-0.159031
-0.192493
0.121897
0.0852361
0.0149767
0.108639
0.220841
0.168753
-0.0847725
0.0525515
-0.137964
0.0167975
0.00699751
0.162487
-0.079609
-0.12134
-0.278001
0.144718
0.23618
0.100669
0.0965184
-0.0722051
-0.232179
-0.149183
-0.131716
0.198509
0.0265146
-0.197015
0.049111
0.137828
0.0866271
0.193558
0.112479
0.0587885
0.2059
-0.0883356
-0.109846
-0.0161524
0.136805
-0.106974
-0.124018
0.271682
-0.23296
0.0528647
-0.00286586
0.085933
-0.21828
0.194574
0.153072
0.141289
-0.195852
-0.11918
0.16241
-0.158525
-0.148928
-0.298013
-0.239406
0.193879
-0.197954
0.137381
-0.309511
0.107688
0.0754208
0.038105
0.0350282
-0.00416938
-0.239868
0.0833107
-0.00852112
-0.063453
0.00948154
0.0315
-0.0929718
0.177988
-0.239992
0.11384
-0.0859076
0.0405104
-0.106066
-0.168819
0.0725235
0.104699
0.113366
-0.101791
0.116945
0.130124
-0.0585303
0.0352242
-0.0206905
0.222159
-0.107184
0.230463
0.156122
-0.0251622
-0.0067945
0.122429
0.015905
0.00113167
0.256761
0.0532504
-0.0738493
-0.182086
-0.19235
0.217874
-0.0861745
0.0516853
-0.068065
0.218357
-0.177272
0.154026
0.149569
-0.210483
0.118906
-0.162705
-0.0392852
0.0301243
-0.18301
0.0944251
-0.0967616
0.0678232
-0.194462
-0.0274259
0.0238793
0.0152254
0.187573
-0.054181
-0.101519
-0.0924492
0.182782
0.0842263
0.208997
-0.244862
0.0843961
0.144652
-0.26479
0.169519
-0.0864217
-0.0432161
-0.042235
0.0769774
0.110158
0.0727079
0.132079
0.0887138
0.0216084
-0.149445
-0.200024
-0.0625081
0.213123
-0.21132
0.175647
0.159223
-0.22296
0.241388
0.101508
-0.126257
0.0574557
-0.148294
-0.114591
-0.026616
0.0493652
0.164573
-0.102235
-0.157327
-0.0399527
-0.089453
-0.147089
-0.0524032
0.0237293
0.164942
0.0581377
0.0304646
0.0470457
0.129364
-0.151226
0.196323
-0.134564
-0.0422853
-0.0919728
-0.146603
0.0396564
-0.167561
0.147479
-0.0513998
0.041356
0.0790995
0.0482172
-0.24733
-0.161747
-0.13731
0.120366
-0.145067
-0.146982
0.256691
0.231847
-0.205245
0.0660051
-0.11312
-0.0362851
-0.231741
-0.0168175
-0.0626261
0.0603245
-0.120008
-0.0454232
0.14995
0.205124
0.18253
0.128934
0.204098
-0.132483
-0.066302
-0.031255
-0.101618
-0.0534196
888888
0.140783
-0.0836864
-0.0773869
0.225643
0.201575
0.0690977
0.189548
0.0209665
-0.000973934
0.294141
-0.186043
-0.165689
-0.2096
0.169347
-0.0271423
0.0231161
-0.0290801
-0.0124707
-0.202663
0.12057
-0.121166
0.0126066
-0.195629
-0.154577
-0.0679554
-0.0202442
-0.0779939
0.131169
0.0749642
-0.0857313
-0.246634
-0.188435
0.0426961
0.0493288
0.0513889
0.0663111
0.0500106
0.0536255
0.0452422
0.0568563
0.0681915
0.0481727
0.0658897
0.0548567
0.05639
0.0461095
0.0546505
0.0528114
0.0557986
0.0591489
0.043542
0.0619742
0.0470236
0.0554805
0.0572003
0.0475796
0.050957
0.0623308
0.0395375
0.0478253
0.0585599
0.0340803
0.0615847
0.0585304
0.0649553
0.0480664
0.0474561
0.0431488
0.0592012
0.0547594
0.0469554
0.0456681
0.0515636
0.0486747
0.0445406
0.0589896
0.03849
0.0453893
0.0540442
0.0537767
0.0485361
0.0373519
0.053392
0.048412
0.0620587
0.052682
0.0333096
0.0568435
0.0660837
0.0527986
0.0457067
0.0542017
0.047475
0.0383152
0.0323387
0.0648488
0.0459198
0.0444316
0.0570286
0.0442199
0.0372403
0.036542
0.0486114
0.0491934
0.036826
0.0522631
0.0521756
0.0559729
0.0510364
0.0543929
0.0602949
0.0520815
0.0432285
0.0506788
0.0521917
0.0532081
0.0515655
0.0502997
0.044276
0.0471693
0.0518241
0.0504872
0.0525681
0.0567963
0.0651261
0.0663986
0.0573566
0.0487197
0.057984
0.0491186
0.040513
0.047187
0.0490371
0.0498116
0.0493118
0.0464118
0.0446195
0.0480455
0.0521878
0.0560158
0.0511986
0.0516468
0.0627734
0.0572649
0.0463435
0.0503552
0.045434
0.0414426
0.054525
0.0526741
0.0524076
0.0476716
0.0420352
0.0509591
0.0568705
0.062342
0.051286
0.0390088
0.0391837
0.0546762
0.045474
0.046181
0.0506441
0.0583154
0.0361423
0.0524111
0.0435403
0.0661754
0.0475481
0.0444689
0.0581238
0.0450585
0.0469086
0.0647384
0.05195
0.0554499
0.0604894
0.0627249
0.0450873
0.045002
0.0489873
0.0409283
0.046768
0.0613994
0.0516448
0.0541936
0.0471501
0.0421061
0.0467238
0.0507981
0.0359622
0.0503662
0.0368298
0.0447384
0.0542409
0.0571084
0.043205
0.0643952
0.0575376
0.0480966
0.0467951
0.0524123
0.0407531
0.0540367
0.0525965
0.0691019
0.0396955
0.0568443
0.0452076
0.0480898
0.0525961
0.0445877
0.0451357
0.0390431
0.062542
0.0461838
0.0512014
0.0535939
0.0519175
0.0542549
0.0777698
0.0700306
0.037329
0.0709898
0.0509606
0.0558248
0.0658009
0.0561308
0.0428666
0.0506396
0.0597964
0.0533603
0.0536373
0.0478515
0.0455977
0.0493748
0.0516932
0.0370663
0.0474387
0.0420524
0.0560677
0.0546982
0.042653
0.0470447
0.0486017
0.0499416
0.0524534
0.0508428
0.0557941
0.0541397
0.0382924
0.0406081
0.0403022
0.0596162
0.0530241
0.050983
0.0664099
0.0513977
0.0524989
0.0493608
0.0489916
0.071868
0.0498069
0.0489204
0.0449699
0.0547852
0.0601089
0.0390686
0.0484937
0.0483176
0.0472639
0.0466928
0.043204
0.0599143
0.0500863
0.0655757
0.0500569
0.048898
0.0504394
0.058585
0.0517705
0.0627522
0.0553495
0.0397482
0.0518024
0.076336
0.0480357
0.057686
0.0635237
0.0520896
0.0520442
0.0504925
0.0501944
0.0445193
0.0574719
0.0577412
0.0435632
0.0519938
0.0433392
0.0489003
0.0501314
0.0430123
0.0381652
0.0376277
0.0474445
0.0418516
0.0604744
0.0443665
0.0684698
0.0488841
0.0517523
0.0445978
0.0515216
0.0373843
0.0543244
0.0555549
0.0527805
0.0487588
0.0500285
0.0459724
0.042719
0.0413975
0.0391563
0.0585759
0.0588981
0.0465569
0.0500753
0.0435016
0.0517778
0.0720038
0.042197
0.0452098
0.0554681
0.0512633
0.0401846
0.0440458
0.0531569
0.0377357
0.04958
0.0433058
0.0423398
0.0484099
0.0604461
0.0553657
0.0420927
0.0609482
0.034894
0.048056
0.042912
0.0608992
0.0379071
0.0541939
0.0542194
0.0479971
0.051164
0.0454734
0.0362955
0.0542291
0.0464405
0.0446257
0.0456136
0.0726551
0.0388996
0.0444294
0.0545634
0.0595782
0.0431582
0.0488131
0.0508713
0.0386018
0.0460183
0.043723
0.0533601
0.0638859
0.0524911
0.0539348
0.0480454
0.0418724
0.0486454
0.054154
0.0494055
0.0560032
0.042651
0.055687
0.055917
0.0518011
0.0511725
0.0532148
0.0417228
0.0476039
0.0379134
0.0619101
0.0482977
0.0559504
0.0467985
0.0531023
0.0400362
0.0488866
0.049482
0.0632742
0.0603408
0.0543383
0.0544913
0.0393704
0.0515683
0.0596934
0.0550114
0.0521752
0.0493643
0.0483187
0.0416622
0.0504256
0.0566426
0.056604
0.0482746
0.0421282
0.0441822
0.050759
0.039876
0.0584481
0.0502398
0.0460929
0.0442042
0.0568891
0.0562933
0.0548142
0.0652561
0.0489718
0.0575328
0.0527168
0.0518951
0.0367128
0.0592571
0.0496336
0.0413267
0.040951
0.0456473
0.0514935
0.0471673
0.0545282
0.0481891
0.0572087
0.0510562
0.0536291
0.0517116
0.0608773
0.0442819
0.0533646
0.0546222
0.0445889
0.0495639
0.0406386
0.0578325
0.0399768
0.0472232
0.0506502
0.0540775
0.0464466
0.0483428
0.0494467
0.0399763
0.051997
0.0468627
0.0428602
0.0452191
0.0470716
0.0757851
0.0441052
0.0402592
0.031797
0.0490155
0.0511437
0.051564
0.0528062
0.0471563
0.0508652
0.0319847
0.0429327
0.0465753
0.0530433
0.050068
0.056079
0.0575238
0.0707784
0.0496587
0.0531804
0.049147
0.0497233
0.0604077
0.0609581
0.0557417
0.037712
0.0387593
0.0491438
0.0631853
0.0712816
0.0480972
0.0396477
0.0588242
0.0573929
0.0581005
0.045471
0.0433616
0.0464842
0.0480687
0.0433372
0.0443047
0.0574426
0.0569696
0.0506802
0.0592933
0.056395
0.0480084
0.0509278
0.0472471
0.043568
0.0438199
0.0707504
0.0427253
0.0516188
0.0575923
0.0598695
0.0508041
0.0494177
0.0737626
0.0467779
0.0597904
0.0573337
0.0356788
0.0578194
0.0428029
0.050796
0.0515815
0.0590583
0.0525818
0.0564662
0.0562122
0.0404726
0.0548722
0.0504532
0.0611581
0.0537079
0.0545833
0.0389829
0.0566077
0.0713198
0.0471251
0.0349117
0.0514365
0.0506054
0.0607076
0.0456121
0.0407712
0.0331651
0.0365958
0.0431042
0.0445073
0.0553864
0.0529361
0.0582856
0.0490411
0.0405471
0.0479564
0.049169
0.0483349
0.0427873
0.0566078
0.0709617
0.0586176
0.0331452
0.0484948
0.04407
0.044071
0.0517945
0.0465554
0.049778
0.0486076
0.0530629
0.0425118
0.0567545
0.0506542
0.0541561
0.0605829
0.0554613
0.0546583
0.0720203
0.0451044
0.0376447
0.0503262
0.0359366
0.0437224
0.0537128
0.0580858
0.0589837
0.0491771
0.0481267
0.0471333
0.0612909
0.0502332
0.045404
0.0509893
0.0520425
0.0536443
0.0533808
0.0543752
0.0517218
0.046175
0.0494903
0.0380439
0.0527688
0.0663799
0.05139
0.0433434
0.0432149
0.0479872
0.0437767
0.044862
0.0453922
0.0400223
0.0505914
0.0609259
0.0407977
0.0459907
0.03918
0.0463387
0.0463273
0.0533834
0.0388234
0.0528391
0.0546557
0.0466719
0.0463209
0.0462629
0.0471634
0.0640335
0.0429558
0.0408984
0.0513473
0.0421269
0.0408948
0.0505453
0.0366171
0.0557441
0.0449835
0.0437875
0.056647
0.0470579
0.0422803
0.048864
0.0516277
0.0463575
0.0465092
0.0548098
0.0484025
0.0390563
0.0501048
0.0514822
0.0501421
0.0507357
0.0336387
0.0514683
0.0487633
0.0523947
0.0766917
0.0474484
0.0451474
0.0491672
0.0452403
0.0387788
0.0453642
0.0481401
0.0506517
0.0469837
0.041665
0.047687
0.054711
0.0637186
0.0463233
0.0603251
0.0510303
0.0460022
0.0582428
0.0364143
0.0435749
0.046541
0.0434201
0.0473288
0.0555312
0.0423678
0.0563991
0.049535
0.0501903
0.0560597
0.0555354
0.048394
0.0405231
0.0390697
0.0472876
0.0513862
0.063026
0.0528724
0.0479608
0.0522794
0.0479738
0.0540086
0.0513997
0.0532592
0.0433671
0.0494367
0.04516
0.0450863
0.0601411
0.0531796
0.0675879
0.0486155
0.0430104
0.0555249
0.0499107
0.0374402
0.0410059
0.063964
0.0511768
0.0407645
0.0461335
0.0532754
0.0413686
0.0545966
0.0489647
0.0412875
0.0530993
0.049113
0.0506465
0.0512341
0.0447663
0.0578742
0.0632578
0.0524943
0.0520545
0.048975
0.0478748
0.0366336
0.0516777
0.067329
0.0516546
0.0543203
0.0548319
0.0510829
0.05535
0.0463517
0.0447226
0.0371076
0.0450388
0.0494684
0.0484849
0.050163
0.0404114
0.0514461
0.0457863
0.0483331
0.0485331
0.053187
0.037107
0.0485295
0.0505482
0.045568
0.068709
0.0496215
0.0551197
0.0720229
0.0484715
0.0578
0.0462307
0.0433704
0.0486933
0.0522836
0.0490965
0.0618887
0.0566259
0.0527862
0.0581662
0.056075
0.0631252
0.0648215
0.037964
0.0500197
0.0572662
0.0524311
0.0598163
0.0480581
0.056503
0.0428949
0.0484223
0.055302
0.0519455
0.0359063
0.0463508
0.0398394
0.0534806
0.0431047
0.0522666
0.0469153
0.0438422
0.0378902
0.0482227
0.0435775
0.0484736
0.0392244
0.0488154
0.047866
0.049332
0.0478801
0.0601887
0.0470263
0.0636639
0.0445875
0.0531808
0.0538069
0.0468005
0.0387215
0.0503248
0.0522367
0.0426184
0.0401133
0.0493749
0.0354152
0.0629965
0.055838
0.0537954
0.0542445
0.0478362
0.0589032
0.0600124
0.0489019
0.0439823
0.0448703
0.0482697
0.0488258
0.0465436
0.0563609
0.0455278
0.0734478
0.0596082
0.0421922
0.0333548
0.0471533
0.0396664
0.0510931
0.0361553
0.046217
0.0676624
0.0524843
0.0562939
0.0470258
0.0517232
0.0492518
0.0521565
0.0624488
0.0721068
0.0527692
0.0560053
0.0480429
0.0569433
0.0538259
0.0402076
0.0693178
0.0519261
0.0452618
0.038055
0.0584314
0.050888
0.0575947
0.0447424
0.0506701
0.047715
0.0531564
0.0479361
0.0502428
0.0516479
0.0555915
0.0610883
0.0405274
0.0506159
0.0467857
0.0533181
0.0348861
0.0508087
0.0493365
0.0578372
0.046661
0.0431632
0.0448823
0.0475635
0.0631677
0.0660786
0.0626077
0.0723649
0.0606229
0.054274
0.0441683
0.0590809
0.053921
0.0464022
0.0532182
0.0611569
0.0414837
0.0426957
0.0529825
0.0433859
0.0406265
0.0445406
0.0623078
0.0504152
0.0447778
0.0431148
0.0506632
0.0433533
0.044272
0.0554941
0.045805
0.0522538
0.0484243
0.0400785
0.0494914
0.0483027
0.0359737
0.0453312
0.047719
0.0473452
0.0658557
0.0417564
0.0343811
0.0307749
0.0565074
0.0500047
0.049899
0.069368
0.0456604
0.0527762
0.0452524
0.0546036
0.0562664
0.0454335
0.0601113
0.0570188
0.066811
0.0489386
0.0536991
0.036963
0.0484719
0.0427136
0.0502993
0.0565214
0.0476484
0.0474625
0.0462619
0.0454279
0.0595701
0.0583339
0.0506612
0.0588089
0.0394504
0.0659981
0.0520055
0.053584
0.0541641
0.0588139
0.055124
0.0522563
0.045816
0.0428029
0.0595704
0.0413549
0.065841
0.0502107
0.0512517
0.040079
0.0454187
0.0421437
0.0583982
0.0557164
0.06704
0.0621763
0.0581401
0.0503577
0.0486139
0.0574954
0.0517461
0.056673
0.0615358
0.0515124
0.0482849
0.0483615
0.0573641
0.0647435
0.0343692
0.0597738
0.0476681
0.0640323
0.0434874
0.0434144
0.0509824
0.0514833
0.0548078
0.046524
0.0451712
0.0477288
0.0554917
0.046879
0.0518482
0.0535054
0.0541808
0.0514379
0.039522
0.0430219
0.0524054
0.0499948
0.0461484
0.0456904
0.0469172
0.041393
0.0553593
0.048496
0.0568296
0.057269
0.0545276
0.0466846
0.0405179
0.0327736
0.0519388
0.0587383
0.0490438
0.0575821
0.0551101
0.0522699
0.0494521
0.0439735
0.0400423
0.0468773
0.0639577
0.0439732
0.0532855
0.065758
0.0561612
0.0477425
0.0621253
0.0461595
0.053958
0.0526704
0.0494114
0.0453421
0.0417074
0.0476078
0.0563581
0.0571106
0.0525357
0.0434354
0.0652261
0.0520924
0.0889015
0.0560327
0.0483825
0.0526698
0.0485782
0.044165
0.0434545
0.082291
0.0475257
0.0493392
0.0525768
0.0499915
0.0547297
0.0448328
0.0507492
0.0530339
0.039703
0.0471758
0.055849
0.0435753
0.0576937
0.0572319
0.0511485
0.0513321
0.0478174
0.0550429
0.0539927
0.0495618
0.0374609
0.0591225
0.0506649
0.060561
0.0646099
0.0414492
0.0507513
0.0348244
0.0376492
0.0418257
0.0432409
0.0568492
0.0461759
0.0455976
0.0621356
0.0513446
0.0578653
0.0460866
0.0508655
0.0518673
0.0531535
0.0518469
0.0487284
0.0550357
0.0559208
0.0401151
0.0491829
0.0392541
0.0569087
0.0671868
0.0472274
0.0490083
0.0481622
0.0502055
0.049421
0.0431126
0.0410948
0.0489436
0.0713059
0.064186
0.0436706
0.0378066
0.0610605
0.0542573
0.0554402
0.0478982
0.0546199
0.0369247
0.0515231
0.0418821
0.0441465
0.0471686
0.0399024
0.0424276
0.0413474
0.0414759
0.0401796
0.0483707
0.0405955
0.0464952
0.0421244
0.053039
0.0589988
0.0488585
0.0455476
0.0667113
0.0440104
0.0551752
0.0571064
0.0402765
0.048452
0.0423652
0.0402839
0.0537488
0.0527402
0.0519432
0.0501912
0.0548914
0.0530972
0.0496545
0.0503254
0.0533415
0.0481379
0.0454442
0.0413249
0.0436877
0.0588339
0.0658099
0.0491934
0.0407788
0.0492444
0.0524544
0.0453042
0.0590276
0.0582649
0.0563702
0.0420466
0.0464448
0.0417888
0.0469805
0.0443968
0.0466195
0.0519605
0.0449873
0.0648417
0.0492083
0.0459329
0.0570826
0.0606554
0.0564784
0.0473771
0.0390564
0.0517274
0.047744
0.0462455
0.0540904
0.0657053
0.0432825
0.0498602
0.052873
0.0457731
0.041388
0.0499279
0.047044
0.0537115
0.052418
0.0594787
0.0486954
0.0505946
0.0476152
0.052109
0.0450386
0.0402729
0.0441071
0.0535727
0.0507897
0.0621466
0.0701433
0.0543507
0.0464246
0.0462168
0.0606388
0.0420318
0.0502713
0.036845
0.0498762
0.0409426
0.041037
0.0521396
0.0560238
0.0470785
0.0526307
0.0574931
0.0491207
0.0460929
0.066537
0.0535359
0.055834
0.0389439
0.0492557
0.047106
0.0547092
0.0485899
0.0415161
0.045038
0.0364815
0.0455441
0.046181
0.0499297
0.0443654
0.047642
0.0376857
0.053843
0.0643456
0.0613559
0.0557907
0.0466172
0.0461129
0.0625213
0.05053
0.0442652
0.0691227
0.0372364
0.0485307
0.0433695
0.0421179
0.052441
0.0570029
0.0514584
0.056849
0.0563742
0.050302
0.035219
0.0443098
0.0555787
0.055996
0.049013
0.0524436
0.0617112
0.0488941
0.0773196
0.0390269
0.0457987
0.0441482
0.0498351
0.0517514
0.0524971
0.0498967
0.0474552
0.0544288
0.069313
0.0605362
0.0598795
0.045821
0.0376441
0.0666737
0.0363172
0.0589462
0.0545463
0.0463255
0.0634094
0.0571123
0.0505316
0.0601606
0.0448981
0.0667713
0.0535625
0.039004
0.0537972
0.0539426
0.0670577
0.0577324
0.048581
0.0379572
0.0436985
0.0427814
0.0457032
0.0583381
0.0566721
0.0468357
0.0444427
0.0477673
0.0493772
0.0316511
0.0423768
0.0511883
0.0413737
0.0471463
0.0494087
0.0523132
0.0434882
0.0517783
0.0541723
0.056089
0.0463938
0.0483107
0.0575913
0.059458
0.0499128
0.0623746
0.0457869
0.0654254
0.0422132
0.0503057
0.0474203
0.0589552
0.0562843
0.0509868
0.0518383
0.0518544
0.0559903
0.0489615
0.0566307
0.0484824
0.0450867
0.0481366
0.0533067
0.0649184
0.0643452
0.054131
0.0432266
0.0497607
0.0416621
0.0542991
0.0472385
0.0472397
0.0489327
0.0655543
0.0399509
0.047675
0.0547473
0.0596658
0.05587
0.0428404
0.0461058
0.0350582
0.0379931
0.0470069
0.0523774
0.0455659
0.0569934
0.0590232
0.0516197
0.047457
0.0544751
0.0327053
0.0411925
0.0388556
0.0486986
0.0665634
0.0548207
0.0504677
0.0489184
0.0472567
0.0416667
0.0583843
0.0506228
0.0399293
0.0556994
0.0543072
0.044163
0.043055
0.0478608
0.0445233
0.0561363
0.0445087
0.0714886
0.0421194
0.0539725
0.049176
0.0411737
0.0468979
0.0524417
0.0425373
0.0384613
0.0622145
0.0367148
0.0519882
0.0502284
0.0386798
0.0700999
0.050256
0.0539497
0.0529397
0.0444037
0.0519435
0.050555
0.063143
0.0559361
0.0608532
0.0335644
0.0460612
0.0555211
0.068819
0.047047
0.0419594
0.0447294
0.05224
0.0518611
0.04469
0.0565936
0.0567093
0.049252
0.040116
0.0535725
0.0501067
0.049428
0.0682737
0.0445302
0.0398214
0.0590854
0.0486042
0.0470482
0.0529232
0.0625228
0.0542043
0.0562795
0.0533949
0.0574322
0.0535816
0.055454
0.0601432
0.0552358
0.0402812
0.0469903
0.0620892
0.051005
0.0563895
0.0585335
0.0599652
0.0488078
0.0550972
0.0403554
0.0470312
0.0582254
0.0484117
0.0512419
0.0523589
0.0611417
0.0510596
0.0500803
0.043222
0.0470246
0.0473698
0.0581326
0.0566041
0.0395766
0.0548951
0.0542549
0.0455878
0.0534477
0.0587441
0.0409445
0.0453952
0.0588882
0.0524765
0.0452358
0.050768
0.0535407
0.0451238
0.0456259
0.0377605
0.0339541
0.0482985
0.0564554
0.0486319
0.0565412
0.0460914
0.0580396
0.0580753
0.0567942
0.0557513
0.0502066
0.0514738
0.0630366
0.0584996
0.0574364
0.0533196
0.0453567
0.0402798
0.0484863
0.0463572
0.0566219
0.0477204
0.053048
0.0559629
0.0633572
0.0489561
0.0449399
0.0612592
0.0630576
0.0550007
0.0417191
0.076864
0.0483212
0.0467309
0.0445287
0.0422599
0.0744902
0.0490532
0.0490974
0.0552914
0.0553432
0.0473446
0.0479437
0.0502286
0.0476622
0.0545322
0.0447794
0.0509548
0.0501354
0.0493639
0.0480543
0.0454481
0.0496533
0.0501134
0.0524441
0.0567419
0.0547563
0.0625281
0.0611701
0.0365694
0.0552457
0.0483308
0.0454136
0.0490715
0.0548097
0.0452163
0.0459191
0.0369732
0.0475249
0.051503
0.0565651
0.045552
0.0417274
0.0441586
0.0466674
0.0620223
0.04924
0.0521272
0.0434729
0.0566684
0.0444914
0.060892
0.0478307
0.0523566
0.0486651
0.0590704
0.0489594
0.0706881
0.0591314
0.0513593
0.0353206
0.0551605
0.0640635
0.0419061
0.0493847
0.0470508
0.058489
0.0500647
0.0507804
0.0362472
0.0509744
0.0661205
0.041983
0.0537539
0.0559075
0.0543169
0.0458013
0.0659342
0.0576998
0.0439855
0.0476909
0.0644886
0.0569469
0.0552352
0.0476438
0.0426404
0.0545173
0.0427487
0.0570019
0.0485032
0.0565481
0.0531727
0.0442367
0.0599851
0.0512969
0.0516676
0.0528879
0.0528872
0.0447702
0.073291
0.0558546
0.0471881
0.0463999
0.0486148
0.032885
0.0424637
0.0412127
0.041697
0.0422468
0.0452578
0.0431484
0.0533622
0.0650569
0.0482456
0.0478343
0.0414887
0.0473672
0.0602339
0.0506664
0.0463279
0.0593014
0.0521872
0.0461888
0.0502163
0.048757
0.0702713
0.0514045
0.0496202
0.0418676
0.0426627
0.0407895
0.0400901
0.057568
0.0578854
0.0488152
0.0421099
0.059693
0.0627103
0.0451257
0.0435564
0.0489489
0.039875
0.0519296
0.0486344
0.0587625
0.0636609
0.0577519
0.0444355
0.0516158
0.0448483
0.0437026
0.0647156
0.05
0.05
0.05
0.05
0.05
0.05
0.05
0.05
0.05
0.05
0.05
0.05
0.05
0.05
0.05
0.05
0.05
0.05
0.05
0.05
0.05
0.05
0.05
0.05
0.05
0.05
0.05
0.05
0.05
0.05
0.05
0.05
777777