1.21234
999999
-0.156466
0.0265921
-0.0532474
-0.196274
-0.18711
0.105836
-0.0529364
0.0404514
-0.136276
0.0605506
0.0441144
-0.198443
0.302433
0.408953
0.136331
0.0883105
-0.00656317
0.268801
0.171759
-0.115429
0.135147
0.0899378
0.136727
-0.346745
0.118027
0.106693
-0.279818
-0.204975
0.107376
0.0883793
-0.0028705
-0.121943
0.0363101
-0.00455649
-0.0641938
-0.0767155
-0.111666
-0.0691879
0.217108
0.243449
-0.0828936
0.0933863
0.144355
-0.109409
0.0108681
-0.00656343
-0.0539051
0.0768579
-0.0419803
-0.145877
-0.208689
0.0788158
0.0762518
0.126303
0.0996105
0.102295
0.0256951
-0.207018
-0.227925
-0.0757333
0.110784
-0.0778105
-0.176339
-0.02349
0.140992
0.0049524
-0.185358
0.108033
-0.0984189
-0.0167087
0.116626
0.0699806
-0.229323
-0.0219263
-0.185563
0.00394781
0.0799846
0.215739
-0.0930216
-0.120867
0.274391
-0.00869561
0.276465
0.000684172
0.152253
0.0293886
0.0523634
0.226562
-0.0893656
0.0695059
0.0269315
-0.084504
0.0465718
-0.217817
-0.0411757
0.171819
0.134853
-0.148393
0.00655763
-0.0793559
-0.0303678
-0.0216994
-0.0207221
0.0428211
-0.140294
-0.175947
0.172812
0.181724
-0.0818315
0.0242344
0.129463
0.155422
0.134554
-0.109404
-0.108731
0.0930569
-0.0820783
0.250325
-0.0180941
-0.102435
0.153597
0.0165407
0.00992498
0.059806
0.113267
-0.00851537
-0.131614
0.191602
0.00886112
0.0828951
0.0237854
0.152795
0.000162089
0.112959
-0.0131503
0.101138
0.0547235
-0.0751296
-0.135199
-0.00710192
-0.0350071
0.0269215
0.139952
-0.0582131
0.0881227
0.102621
0.0602828
0.118973
-0.0557879
-0.202429
-0.227734
-0.0522336
0.23768
0.213296
0.0141214
-0.0743106
-0.182977
-0.109453
-0.141395
-0.159563
-0.0219414
-0.201037
0.198088
-0.212751
0.0514092
-0.12865
-0.142115
-0.159846
0.0608819
0.0911065
0.103552
0.00275932
0.0346864
-0.114635
-0.0112079
-0.0195539
-0.0602623
-0.261744
0.0516411
-0.21091
-0.155293
-0.0169403
-0.00547285
0.174995
-0.0461148
-0.0882083
0.0215015
-0.0348239
-0.137775
-0.223418
0.0697565
0.0327421
0.0147183
-0.0685295
-0.0724691
-0.0658596
0.154895
-0.11375
0.179288
0.187297
0.231674
-0.175203
0.0814719
0.0167776
0.0753966
0.23895
0.114459
0.0726894
-0.157537
0.0566429
-0.13181
0.141639
0.10045
-0.06374
0.0152669
0.176035
-0.011118
0.0763486
0.0405969
-0.0764607
-0.208519
-0.0790705
0.0901781
-0.176459
-0.0295939
-0.0988197
-0.0719526
0.162648
-0.154811
0.103956
0.219193
0.100133
0.185167
0.0323383
0.0356869
-0.107825
0.102708
0.170559
0.0016455
-0.128954
0.0702846
0.0737423
0.231057
-0.0667762
-0.153017
-0.0237667
0.165828
0.22189
0.196717
-0.144883
0.0103795
0.0565146
-0.232233
0.178462
0.0786047
-0.213626
0.0911706
0.0124126
-0.0972318
-0.125306
0.0248917
-0.172989
0.00880861
-0.153568
-0.00893141
-0.133631
0.229116
0.122974
-0.0623141
0.110949
0.0796652
0.284195
-0.0135572
0.20209
-0.0371686
0.0777137
-0.213838
-0.000336036
0.123794
-0.0117426
-0.152678
0.239651
-0.109776
-0.0853801
0.143534
0.284654
-0.0332358
0.0862408
-0.120697
0.13404
0.0312433
0.230126
0.133649
-0.182918
0.0654729
0.111744
-0.0605161
-0.166949
0.00286324
-0.0380952
0.0764226
0.104011
0.112799
-0.191658
-0.0469668
-0.160977
0.115177
0.117283
0.150892
-0.00341135
-0.0213841
0.0157682
0.0930501
0.128353
-0.169686
-0.246621
-0.112723
0.0696098
-0.150774
0.209071
-0.00327552
0.138941
-0.112017
-0.180682
-0.128261
0.209057
0.0820852
0.0111201
0.122977
-0.159493
-0.181645
-0.108078
-0.0220916
-0.167909
0.0522868
0.243845
-0.030907
-0.198405
0.225219
0.0328861
0.0710336
-0.0152511
-0.173452
-0.216665
0.0103056
0.146428
0.00493624
-0.0618211
-0.16486
-0.12245
0.111542
-0.0743682
0.227603
-0.0834657
-0.0733057
-0.0109531
-0.142114
0.222212
0.122029
-0.17364
0.123703
0.23408
0.068876
-0.115108
0.00445535
0.0347253
-0.217463
0.143196
0.214114
0.120588
-0.108253
-0.0872309
0.153548
0.0550083
0.0987348
-0.13795
-0.139943
0.145504
0.112823
-0.0826021
0.066428
0.019277
-0.0862915
-0.039319
-0.119841
0.232861
-0.0730945
-0.115631
0.127782
-0.0596438
0.0889461
-0.0929987
0.156036
0.195271
0.199784
-0.216799
-0.0489864
0.125667
0.219947
0.0857482
0.192975
-0.20605
-0.13498
0.128746
0.0097326
0.0361963
-0.0143238
0.160774
-0.0730538
-0.126522
0.113809
-0.117982
0.146872
-0.0943708
0.0972507
-0.0212952
0.120128
-0.00945421
-0.232544
0.0408514
0.0925961
0.0984919
0.0512539
0.181439
-0.0261319
-0.0568881
0.13472
0.0537649
0.00412561
-0.109316
0.141546
0.0652813
0.106842
0.205294
0.208756
-0.106153
0.236138
0.244228
-0.246451
-0.163609
0.154743
-0.208574
-0.0433484
0.0183096
0.210332
-0.0970039
0.0888065
0.0935073
0.0970433
-0.15689
-0.140919
-0.199214
0.189089
-0.0184556
-0.177015
-0.0170953
0.0638915
0.128411
-0.0532995
-0.250067
-0.145433
0.160433
-0.122341
-0.0103586
0.183363
-0.151979
-0.127971
0.0625797
-0.159971
-0.00962582
-0.218171
-0.0127309
0.159023
-0.00656167
0.0219815
0.139848
-0.109341
0.0762952
0.144231
-0.011784
-0.0805542
-0.11679
0.134719
-0.0950556
0.101942
0.0302023
-0.0284282
-0.0189346
0.0888721
0.17162
-0.184424
-0.184172
0.125446
-0.198112
-0.126399
-0.079739
-0.0380813
-0.095304
-0.108457
0.0647018
-0.146035
0.0979319
0.120748
0.016004
-0.197554
-0.1401
0.0717219
0.0178948
0.00943685
-0.119444
0.131773
-0.0675535
0.0203575
-0.0420947
0.0160343
-0.0530301
0.130454
-0.165312
0.166232
0.0771246
0.143135
-0.17452
-0.0610299
-0.0708695
0.0886158
0.0532531
-0.0119195
-0.0397467
0.205209
-0.00538703
0.00290654
-0.0683629
0.0815597
0.0302029
0.15155
0.158617
-0.122982
0.0647026
-0.216858
0.0481929
-0.046392
0.174433
0.0827771
0.136583
-0.0179428
0.023643
0.09079
0.110144
-0.00661962
-0.142368
-0.0700507
-0.0493054
0.0787484
-0.0714847
0.102297
0.283801
-0.0291818
-0.113472
0.0704701
0.21853
0.0209333
-0.158333
-0.0182757
0.065497
-0.195326
-0.139175
0.0570854
-0.082161
-0.0598898
-0.125184
-0.0614088
-0.198956
0.0791667
0.166393
0.150277
0.034298
0.170419
0.0143558
-0.0991088
0.0572114
0.163749
0.0790402
-0.206262
0.178224
-0.0999453
0.150764
0.020693
0.103681
-0.113214
0.0170113
-0.0871113
-0.112146
0.0890301
0.104621
0.0761906
0.00577301
0.0295465
0.231614
-0.0495877
-0.082556
-0.0843675
-0.0448242
0.0654129
0.223792
-0.160314
-0.113559
0.102561
-0.168498
-0.165701
0.146655
0.0527469
0.0134982
0.133656
-0.252295
0.0292294
-0.0589878
0.138679
-0.158134
-0.12828
0.106272
0.117038
0.100744
-0.132993
0.115615
-0.0309022
0.188883
-0.0469826
0.0373177
0.203711
0.0153424
-0.175683
-0.00679089
0.0437989
0.0345006
-0.0704745
-0.120921
-0.0623676
0.188902
-0.0249829
-0.171861
0.183235
0.0523795
0.158222
0.0830331
-0.0529796
-0.0593144
-0.127007
-0.232139
0.0722378
0.156972
-0.203065
0.203522
-0.00215234
0.106775
-0.206904
0.0438672
-0.00569197
0.0947046
0.150712
-0.149176
0.11249
0.156747
-0.085457
0.0460795
-0.182946
-0.0025795
0.029291
-0.140113
0.0347379
0.107926
0.238714
-0.080997
0.202016
-0.0427711
-0.0294006
-0.146149
-0.12721
0.112853
-0.193442
-0.0890245
-0.143129
-0.232499
-0.130102
0.0533902
0.0889125
-0.145799
0.2277
0.033635
-0.115906
0.0542657
0.0931845
0.110838
0.157874
0.131374
-0.186073
-0.021923
0.0181532
0.0884218
-0.0492882
-0.108052
0.0274592
0.0688614
0.0465739
0.0888209
-0.0680314
0.0797698
0.0922585
0.0226542
0.00338243
-0.145059
-0.0560662
0.128454
0.116677
0.0611434
-0.0496133
0.0893842
0.186751
-0.202832
-0.342483
0.213649
0.00340829
0.158379
-0.12607
0.0211193
0.132467
-0.202855
0.0988005
0.118334
0.0871359
0.278742
-0.0750851
-0.0138839
0.0776799
-0.125572
-0.239737
-0.0672286
-0.0342186
-0.154528
0.271087
-0.0616221
-0.0638631
0.0180215
0.0683316
-0.123758
0.0696512
-0.204435
-0.0600076
-0.0918195
0.0123576
0.172942
-0.190223
-0.112366
0.0985305
0.0272181
-0.0959253
-0.111916
-0.154185
0.0306472
-0.206501
0.0292497
0.0329168
-0.076352
-0.0708945
-0.0445575
-0.218265
-0.178588
-0.0853277
-0.0892381
-0.0915344
0.159256
-0.100478
-0.0765274
0.0263731
-0.198938
0.0105924
-0.0374605
-0.0103083
-0.0403716
0.174707
-0.108136
-0.0198966
0.0468421
-0.22784
-0.0173426
-0.134609
0.0588351
-0.195194
-0.143826
-0.044622
-0.0515088
-0.0652299
-0.170722
0.0804218
0.0536345
-0.000356934
0.0931145
0.0510538
0.0998132
0.00416186
-0.0367388
0.113564
0.0658816
0.117637
0.0219916
0.0178567
-0.0600145
0.124439
0.0759263
-0.0227211
0.0185572
-0.100991
-0.0392065
-0.13728
0.108683
0.0887843
0.0798358
-0.0822621
-0.0567356
0.0217783
-0.14158
-0.0508221
-0.0144201
0.0880759
-0.224854
0.0232486
0.181055
-0.126604
0.0577351
-0.0443271
-0.0514317
-0.137317
-0.0983205
-0.0990153
0.116843
-0.155244
-0.0987097
0.14839
0.0964394
0.0107747
0.17
0.157014
0.0371805
0.0115801
0.0540748
-0.19474
0.23194
0.0875562
-0.00581347
-0.16799
-0.0573714
0.205311
0.0336546
0.127097
0.0392073
0.0606665
-0.110462
0.195896
0.16891
-0.129353
-0.112056
0.181166
-0.0467322
-0.0607463
-0.0115154
0.0181183
-0.0228095
-0.155253
-0.167458
0.144068
-0.168962
0.148668
-0.0979104
-0.0207596
-0.132245
-0.0771216
-0.0681937
-0.128363
-0.166392
-0.217982
0.0678437
0.0597982
-0.157822
-0.00120583
-0.0293185
0.000283618
0.10313
0.271656
0.127948
-0.127581
0.116328
0.00254716
-0.154279
0.0619462
-0.0802602
0.102155
-0.0378089
-0.0329926
-0.0382547
-0.113019
-0.125062
0.163688
-0.116665
-0.0340623
0.179408
0.0136624
0.188952
0.0785159
0.190409
0.0531372
0.138895
0.0969436
-0.161941
-0.0597681
-0.0734115
-0.136481
-0.165716
-0.174192
0.00475395
0.0935876
0.037842
-0.191634
-0.133659
0.235226
-0.0213915
-0.0815534
-0.234951
0.0709878
0.274422
0.215347
-0.080462
-0.163178
-0.133315
-0.12102
-0.07913
0.00761763
-0.0319239
0.0671329
-0.172505
-0.0552965
-0.010834
-0.0301995
-0.0781421
-0.191488
0.0781144
0.165445
0.184742
0.0806333
-0.179289
0.295604
-0.0452491
0.073503
-0.256934
-0.0848536
0.124521
-0.213147
0.225814
0.0576384
-0.0607244
0.11075
0.0496715
-0.0352935
-0.0540859
-0.161871
0.09772
-0.204628
-0.313328
-0.190775
0.189391
0.132581
0.168391
0.152786
-0.0326798
0.038632
0.0663323
0.0862836
-0.105417
-0.149542
0.0319765
0.106461
0.100228
-0.163454
-0.107757
-0.0398501
-0.230966
0.152769
0.0662885
0.146333
-0.133917
0.0443185
-0.107168
-0.0861098
-0.0677884
-0.094594
0.233634
-0.107114
-0.200753
-0.0732516
-0.198466
-0.174286
-0.0330381
0.011729
0.0373586
0.155593
0.115987
0.104326
0.198915
-0.197352
0.0127832
-0.0143974
-0.0716155
-0.16032
0.0546606
0.0619107
-0.0805263
0.120076
0.0829134
0.168928
0.141979
0.223568
0.0795403
-0.146238
-0.0787725
0.131549
0.00942687
0.2003
-0.124675
-0.200791
-0.166052
0.0493462
0.0980735
0.298528
-0.110572
-0.0656583
0.0237261
-0.110172
0.151174
-0.0464963
-0.0299546
-0.00187437
0.133021
0.11763
0.045442
0.0172711
-0.147381
-0.0200977
-0.162213
0.0411123
-0.133119
0.13739
-0.222672
0.106947
0.184243
-0.0804473
-0.00246505
0.0841856
-0.175989
-0.098671
-0.0470971
-0.153728
-0.086991
-0.160044
-0.109495
-0.252401
-0.111211
0.238198
-0.0160144
-0.0258822
0.00572221
0.261289
0.196991
-0.0981946
0.145568
-0.262338
-0.109725
-0.0913511
-0.166164
-0.147135
-0.15003
0.0944401
-0.206421
-0.156781
0.0827508
-0.0939676
-0.00410734
0.137868
0.180253
-0.110095
0.106055
0.0535036
-0.0441512
0.144743
-0.00215196
-0.185052
-0.108249
0.237247
0.110888
-0.11168
-0.0612003
0.0817511
-0.0489841
0.180988
-0.155456
0.104653
0.121459
0.176207
0.0489164
0.0498916
0.104061
0.156971
0.135488
0.0952846
-0.0450796
0.203646
0.153483
0.0065836
0.182007
0.0430898
-0.226355
-0.0889972
0.0984149
-0.169563
-0.172149
-0.165099
0.169155
-0.135853
-0.0767967
-0.0290202
-0.185584
-0.0111134
0.210551
-0.0308286
0.0162679
-0.186645
0.117042
0.0577863
-0.0403591
0.00871596
-0.0588598
0.0935661
0.0883453
-0.0927256
0.0925052
-0.168593
-0.0578367
0.194148
0.152967
0.0556083
0.0606566
0.076095
-0.153392
-0.169736
0.212993
0.16194
-0.0417244
-0.089562
0.107597
0.063406
0.00961595
-0.153576
0.158529
-0.0649146
0.0243283
0.0195486
-0.098917
0.0635214
0.136242
-0.104813
0.073999
0.215482
0.00819065
0.253429
-0.0577212
-0.046226
-0.179356
-0.120744
-0.114871
-0.0330103
-0.0522693
0.0519091
-0.123968
-0.0983512
0.108821
0.213284
-0.00168594
-0.280709
-0.120245
0.0961813
-0.203138
-0.191021
-0.0205248
-0.11803
0.0788144
-0.0207163
-0.163438
-0.139947
0.0931605
0.187473
-0.0034494
-0.143857
0.143397
-0.180458
-0.0449335
-0.0422986
-0.108133
-0.0135688
0.136416
0.128463
0.129046
-0.166799
-0.0483576
-0.0319339
0.147406
-0.0183771
0.163292
-0.0845902
0.109021
-0.216561
0.0802888
0.0928817
0.0039668
-0.151088
0.0237589
-0.19509
-0.0353298
-0.105717
0.0586408
-0.0535219
-0.11631
0.0433246
-0.0238532
0.0517028
0.0927326
0.0311381
-0.0551912
-0.0657018
0.204111
0.00360317
0.240472
-0.139986
0.0157999
-0.0755236
0.0867582
0.101492
-0.206981
0.212555
0.135182
-0.06764
0.0167882
0.028467
-0.127451
-0.00385133
0.0233712
-0.0739186
-0.126539
-0.11353
0.0162233
0.207727
-0.12885
-0.0575785
0.107922
0.140528
-0.151781
-0.00315297
0.0768735
-0.021956
0.161577
-0.143469
-0.0498669
0.119679
0.19997
-0.0648377
0.0375216
0.170606
0.219842
0.107605
-0.215921
0.343034
-0.102274
-0.0886251
-0.0500913
0.242137
-0.0365086
-0.122812
0.121193
-0.10971
-0.198622
0.278215
0.110477
0.0592057
-0.00110989
-0.0594157
-0.197494
0.0889638
3.24711e-06
-0.114401
-0.0905046
0.0387768
0.0467776
0.166892
0.0866601
0.0594134
0.0985414
-0.0664058
0.0598906
0.123757
0.0898343
-0.0755296
-0.227154
-0.0825618
-0.0889956
-0.0414904
0.23296
0.15396
0.212761
-0.119973
-0.0784822
-0.0319481
-0.0497604
0.19029
-0.193115
-0.184602
0.154588
-0.114985
0.000214643
0.110378
-0.14339
0.039411
-0.172738
0.0796966
-0.070615
-0.0135398
0.0463074
-0.117724
0.157251
0.0198019
-0.0824557
0.0885593
0.0581733
-0.0624724
-0.047741
0.236776
0.196362
-0.170539
-0.0217779
-0.0991296
-0.0938759
0.207932
-0.0958388
-0.102749
-0.00572889
0.037367
-0.177461
-0.1697
0.2253
0.16129
0.0295983
-0.049315
-0.0334255
0.113395
0.162736
-0.18529
0.0627645
-0.00897142
0.0132093
-0.225226
-0.0849398
0.0885209
0.117394
0.0155645
-0.155372
0.0102661
-0.00150954
0.0364722
0.135013
-0.105889
-0.0289467
0.106903
-0.059068
-0.0633798
-0.0114399
-0.112721
-0.195803
-0.113883
-0.140272
0.0388559
-0.0122973
0.016517
0.0756739
0.074126
-0.0858938
-0.00310001
-0.181689
-0.177161
-0.098504
-0.0898325
0.157613
-0.000401136
0.244161
0.0244865
-0.0787418
0.195843
-0.0287655
-0.104318
0.165727
-0.0458438
0.111231
0.228336
0.131651
-0.0723193
0.0707017
-0.181719
-0.125158
-0.143578
-0.0441311
-0.141939
0.133808
-0.103949
0.00323455
0.00852017
-0.0887641
0.20466
0.281148
0.102779
-0.257498
-0.0777624
0.112364
0.00632649
-0.15809
0.0272508
-0.105896
0.0406098
-0.148765
-0.274164
-0.0695115
0.183268
-0.0910208
-0.123364
-0.179901
0.0491701
0.0615262
-0.104622
0.149963
0.00713942
-0.216374
0.146193
0.0492477
-0.105204
0.179099
-0.0262335
0.211465
0.00109141
0.0278879
-0.0274584
-0.0682167
0.153778
0.149076
-0.0502221
0.0445953
0.139708
0.0903102
0.188128
0.053155
0.173267
0.180111
-0.0419952
0.122671
0.189882
-0.139724
0.118693
0.124984
-0.0152391
-0.0214962
-0.202358
0.0265166
-0.0245062
0.0373455
0.113396
0.163321
0.0430666
0.0178159
0.091539
-0.0693214
-0.227252
-0.136249
-0.184409
0.01493
-0.0932823
-0.199508
0.096324
-0.0463227
0.0855655
0.0177748
-0.134054
0.134846
-0.0492945
0.0665643
-0.190216
-0.0708635
-0.184642
0.0189827
-0.0303414
-0.137619
-0.15641
-0.241754
0.124677
0.156198
0.154656
0.0775345
0.0945752
-0.126066
-0.0734902
0.140766
-0.0388801
-0.0839781
-0.0447737
-0.0798644
-0.189135
-0.0319455
-0.072305
0.0732024
0.192942
0.0798522
-0.103993
0.0534548
0.00334906
0.0535297
0.0479016
0.280314
-0.0407815
-0.12798
0.18697
-0.0531305
0.240894
-0.0359152
-0.220054
0.146393
-0.103189
0.043455
-0.0947217
0.0584465
0.292692
-0.0804429
0.0977764
0.116383
0.185955
-0.0591197
-0.0131636
0.239481
0.185814
0.149241
-0.0470352
0.0922874
0.0381592
-0.162297
-0.0203326
-0.155054
0.0405474
0.248174
0.18835
-0.252999
-0.0540261
0.0400107
-0.124007
-0.052091
-0.0657907
-0.0532753
-0.285662
-0.123487
0.114304
-0.00211732
0.12264
-0.0681299
-0.225396
-0.026386
-0.0495568
0.0393992
-0.021229
0.198069
0.116861
0.105155
0.10497
0.137246
0.0430645
0.136341
-0.0278789
-0.09177
0.0296112
-0.05438
-0.224411
-0.175705
0.0141465
0.0145048
0.0959309
0.015618
-0.183867
-0.269399
-0.133061
-0.187009
-0.000214271
-0.1249
-0.210102
0.0862317
-0.0256909
-0.0865355
-0.0777255
-0.182868
0.125184
0.110562
0.0375495
0.0357626
0.188849
0.0598313
0.0677667
-0.00377607
-0.20385
-0.0721556
-0.0415067
-0.15741
-0.0163559
-0.0827886
-0.149134
0.0691978
-0.0229403
-0.0639953
-0.113823
0.143022
-0.233307
0.21219
0.150491
0.230122
0.132499
0.021507
-0.125616
-0.0441064
-0.106491
-0.0175055
0.0886996
-0.0424524
-0.102948
-0.195133
0.186332
-0.0282312
0.083543
0.236308
-0.0974399
0.188826
0.0726256
-0.14642
-0.0581678
-0.111935
-0.163905
0.0264362
-0.127741
0.126092
0.0101705
-0.0694166
0.222331
0.0107516
0.0952434
0.115567
-0.0977204
0.099577
-0.0170886
0.311146
-0.0155807
0.0377493
-0.221801
-0.0712954
0.0658212
-0.250857
-0.0348771
-0.0571226
0.133874
0.0703752
0.0326328
0.111574
0.183508
0.0864276
-0.0408768
-0.164459
-0.197529
0.156862
0.207535
-0.0184672
-0.0124566
-0.160623
0.0537744
-0.14184
-0.165081
0.0455198
888888
-0.16955
0.142532
-0.00291912
-0.00441982
-0.0442708
0.0627436
-0.102688
0.0032379
0.128458
0.0760869
-0.116906
0.133782
-0.174821
-0.117614
-0.203958
0.06052
-0.0638258
-0.0774079
0.102923
-0.0692866
-0.0649926
0.174846
-0.111261
0.137819
0.12192
-0.0989656
0.171574
-0.133237
-0.167272
0.0546735
-0.0430999
0.0391846
0.0630211
0.055796
0.0537912
0.0497329
0.0529256
0.0542305
0.0472849
0.0462421
0.0469705
0.0408761
0.0548288
0.0481507
0.0438024
0.042415
0.0541063
0.0502623
0.0489623
0.0499135
0.0444662
0.0615308
0.0479565
0.0408012
0.0533281
0.0485412
0.0421865
0.0531091
0.0477641
0.0609896
0.0471273
0.0571352
0.0504709
0.062279
0.050456
0.0496985
0.0527932
0.0609679
0.0381658
0.0439073
0.0493841
0.0517971
0.0529201
0.0510343
0.0514135
0.0540464
0.0514316
0.0547752
0.0467823
0.0424514
0.0550975
0.0469654
0.0516425
0.0596613
0.042423
0.0432705
0.056786
0.0511257
0.0530937
0.0454563
0.0454473
0.0446668
0.0523899
0.0478222
0.059651
0.0631082
0.0478439
0.0467216
0.048128
0.0488701
0.0469982
0.0576691
0.0516963
0.056861
0.0488198
0.0461919
0.0507452
0.0544644
0.051124
0.0467307
0.0453465
0.0586193
0.0461329
0.0440215
0.0536577
0.0471483
0.0517979
0.0550462
0.0468223
0.0622675
0.0607929
0.0607562
0.0601011
0.056638
0.0485231
0.0476425
0.046493
0.0526707
0.0589037
0.048998
0.0463606
0.0499159
0.05074
0.0443408
0.0511392
0.0561913
0.0454377
0.0579608
0.0550713
0.0527085
0.0494962
0.0598072
0.0465223
0.047469
0.0459816
0.0417879
0.0621674
0.0390994
0.0515897
0.0445406
0.0451491
0.0611926
0.0517255
0.0591139
0.054421
0.0523769
0.0459569
0.0456834
0.0643935
0.0457859
0.0551188
0.0527215
0.0555178
0.0607852
0.0488288
0.0448331
0.0456211
0.0434055
0.0526517
0.0487541
0.0513782
0.0447551
0.0480368
0.0619144
0.0398397
0.05641
0.0581913
0.0517113
0.0516473
0.0613479
0.0557747
0.045999
0.065207
0.0403467
0.0514341
0.0428285
0.0538253
0.0540993
0.0526899
0.0491003
0.0573572
0.0397294
0.0492623
0.0462525
0.0432164
0.0556782
0.0490304
0.0478308
0.0512666
0.0454941
0.0528728
0.0522142
0.0572815
0.0538135
0.0482632
0.0542065
0.0473042
0.0545892
0.04938
0.0501384
0.0510726
0.0552639
0.0545714
0.0529658
0.0606862
0.0486085
0.0445873
0.0454731
0.0529304
0.0524495
0.0471996
0.0539128
0.0473968
0.0482368
0.0423898
0.0491951
0.0496117
0.0361063
0.0506826
0.0521939
0.0412364
0.0530602
0.054918
0.0560351
0.0662046
0.0550258
0.05509
0.0464737
0.0485761
0.0493112
0.0546572
0.0500547
0.04809
0.0525346
0.0601782
0.0508657
0.051482
0.0558035
0.0635667
0.055116
0.0499546
0.0482654
0.0472463
0.0522618
0.0532874
0.0474539
0.0565986
0.04755
0.0531472
0.0544105
0.0539123
0.0578759
0.051072
0.0525445
0.0481508
0.0485224
0.0555136
0.0489813
0.042818
0.0500193
0.0510315
0.0612619
0.0566506
0.0417731
0.0444827
0.0451562
0.0490433
0.0426077
0.0555339
0.0504232
0.0516204
0.0545053
0.0437652
0.0482514
0.0486953
0.0495353
0.0448019
0.0588935
0.0447435
0.0526243
0.0488205
0.0507681
0.0457537
0.0487966
0.0481654
0.0516331
0.0447177
0.040268
0.0473813
0.0533861
0.0551255
0.0573633
0.067889
0.0582349
0.0431309
0.0480181
0.0521
0.0515761
0.0483288
0.0474674
0.0605068
0.0570454
0.0460824
0.0471592
0.0452874
0.0498226
0.0534714
0.0463839
0.0420083
0.0425749
0.0501686
0.0481266
0.0444099
0.0541746
0.0411803
0.0469464
0.0583426
0.0517819
0.0545208
0.0600818
0.0407078
0.047167
0.0536382
0.0426186
0.0560522
0.0491781
0.0489311
0.0510791
0.0513568
0.0564744
0.0486722
0.0386849
0.0602501
0.058799
0.0557827
0.0492617
0.0480496
0.0516933
0.0522987
0.0546858
0.0501353
0.0560132
0.0489351
0.0522129
0.0540343
0.0383447
0.0617573
0.0474028
0.0511795
0.0500772
0.0509443
0.0455707
0.0523947
0.0528317
0.0444624
0.0413751
0.0467588
0.0497759
0.0535882
0.0500481
0.056415
0.0451101
0.0523852
0.041735
0.0390095
0.0521049
0.0485769
0.0528135
0.0514105
0.0514403
0.0433458
0.0375479
0.0596008
0.0527304
0.0488761
0.0592777
0.0495015
0.0444666
0.0484297
0.0523363
0.0532994
0.0536524
0.0488276
0.0447502
0.0647802
0.0497097
0.0457071
0.0470278
0.0527053
0.0597854
0.0489156
0.0517967
0.049476
0.0421656
0.0551137
0.0426707
0.048175
0.0486523
0.0533245
0.0592861
0.0552879
0.0522579
0.0497988
0.0609132
0.0400352
0.0524826
0.0491639
0.0530845
0.0522386
0.0550462
0.0515009
0.0662823
0.0540876
0.048156
0.0490815
0.0617856
0.0571498
0.0467149
0.0470889
0.0541921
0.0546836
0.037988
0.056695
0.0460149
0.0506745
0.0497084
0.0488576
0.0527948
0.0552284
0.0436422
0.0472697
0.0358055
0.054615
0.0553818
0.0457673
0.05133
0.0468968
0.0449043
0.0496248
0.0470076
0.0585929
0.0522975
0.0439662
0.0554595
0.0472028
0.0457539
0.0500509
0.0536212
0.0516836
0.0492796
0.0473243
0.0419005
0.0499961
0.0482695
0.0441259
0.052278
0.0477606
0.0462552
0.0696465
0.0499224
0.042441
0.0536849
0.04893
0.0558481
0.0512886
0.0449915
0.0419014
0.0514152
0.0503955
0.0573932
0.0434174
0.0589485
0.0480414
0.0593744
0.0459472
0.050434
0.0650779
0.0536265
0.0460734
0.0441476
0.0553117
0.064276
0.0496769
0.0480373
0.0507167
0.0575707
0.0436259
0.0552119
0.0477758
0.0467344
0.0497041
0.0520147
0.0455876
0.0534542
0.0466258
0.057897
0.0497691
0.0517944
0.0510847
0.0444681
0.0611602
0.0444688
0.0491321
0.0482712
0.0439239
0.0521982
0.0608606
0.0508673
0.0489346
0.0529923
0.0609667
0.0466791
0.0593489
0.048489
0.0452834
0.0443804
0.0602013
0.0497172
0.0520055
0.0525353
0.0588355
0.0585646
0.0488266
0.0541043
0.0500477
0.0536684
0.0462663
0.05754
0.0535581
0.0524602
0.0488954
0.0561913
0.0534118
0.047081
0.0480727
0.0373916
0.0482808
0.0559037
0.0579548
0.0499618
0.0621107
0.0505395
0.0528628
0.0486046
0.044321
0.0591692
0.0481163
0.0519558
0.0598672
0.050845
0.0497097
0.0459475
0.0491303
0.0549348
0.0553051
0.0501755
0.053544
0.0509921
0.0500529
0.0549235
0.0499881
0.0572273
0.0573595
0.0463336
0.0475552
0.0504297
0.0437377
0.0515431
0.0447155
0.0524986
0.0463707
0.0463577
0.0414348
0.0483267
0.0581983
0.0434246
0.0451787
0.0560065
0.0391778
0.0545064
0.040441
0.0502605
0.0593547
0.0562268
0.0530401
0.0637503
0.0458575
0.0486589
0.0521166
0.0505537
0.0518379
0.0469422
0.0547907
0.0448814
0.0569275
0.0401374
0.0545065
0.0413481
0.0470855
0.0514047
0.0516545
0.0501684
0.0514143
0.0543254
0.050137
0.0488739
0.0510166
0.0492266
0.0507284
0.0461153
0.0491138
0.0551324
0.0529528
0.0551668
0.0445748
0.0547515
0.0381609
0.0518577
0.052271
0.0475475
0.0415227
0.0662185
0.0601755
0.0511743
0.0456426
0.045427
0.0481556
0.0503487
0.0625657
0.0573169
0.0541082
0.0544731
0.0682296
0.0558525
0.0569597
0.0540439
0.0444906
0.0475001
0.0482772
0.0553234
0.0482028
0.0501124
0.0457456
0.0430527
0.0398062
0.0428146
0.0457028
0.0563993
0.0437568
0.0458395
0.0488493
0.0450615
0.0515597
0.0422535
0.0494041
0.0535749
0.0482991
0.0541754
0.052575
0.0475634
0.0483949
0.0578803
0.0524979
0.0497751
0.0512123
0.0597199
0.0506328
0.0522726
0.0622805
0.0526772
0.0465574
0.0500769
0.0406596
0.0475974
0.0547408
0.0421237
0.0481192
0.053162
0.0557053
0.051648
0.0473094
0.0488875
0.0501719
0.0412649
0.0443944
0.043792
0.0470642
0.0690156
0.0464636
0.0617005
0.0558703
0.0451718
0.0553437
0.0480936
0.0591495
0.0385101
0.0630267
0.0504192
0.0570052
0.0615166
0.0511494
0.051625
0.0476324
0.0548778
0.0521578
0.0519597
0.0491377
0.0480304
0.0557952
0.0432939
0.0508929
0.0500434
0.054224
0.0456688
0.0476332
0.0504526
0.05291
0.0597692
0.0513045
0.0450921
0.0569558
0.0468468
0.0470861
0.0458028
0.0498495
0.0484437
0.0558395
0.0535313
0.0531312
0.0525616
0.0578778
0.0494258
0.05271
0.0494302
0.0461599
0.0556606
0.0482446
0.0573785
0.0458932
0.0403605
0.054754
0.0473542
0.0416401
0.0580529
0.0414214
0.0541607
0.0556668
0.0429573
0.0544593
0.0465707
0.0481851
0.0499943
0.0352707
0.0470089
0.053292
0.0415819
0.0589288
0.0449332
0.0413571
0.0489749
0.049648
0.0570747
0.0545166
0.0404258
0.0500134
0.0581996
0.0623358
0.0505495
0.0485481
0.0469439
0.0597188
0.047409
0.0521584
0.0601882
0.0452028
0.0492949
0.0515932
0.0555893
0.0524769
0.0569144
0.0516043
0.0547394
0.0530576
0.0523874
0.0469572
0.0536112
0.0524455
0.0485547
0.0508028
0.0461813
0.0482926
0.0493468
0.0527869
0.0427679
0.0533208
0.0472778
0.0524323
0.0423974
0.0514958
0.0549634
0.0514402
0.0632527
0.0524318
0.0456853
0.0507914
0.0691691
0.0501874
0.0538047
0.0597762
0.0596596
0.0572766
0.0576453
0.0529798
0.0608846
0.0458966
0.0480902
0.0460482
0.0518086
0.0418262
0.0635616
0.0606998
0.0536698
0.04788
0.0485891
0.0515776
0.0436825
0.0480213
0.0480767
0.0480818
0.0441421
0.0432226
0.042672
0.0474975
0.0499505
0.0476495
0.0517563
0.0544587
0.0629235
0.0489965
0.0500195
0.0435261
0.0507059
0.052558
0.0518231
0.0473151
0.0537812
0.0493861
0.054783
0.0488993
0.045741
0.0545197
0.0431202
0.03911
0.0495527
0.0547623
0.0519983
0.06513
0.04615
0.051833
0.0543907
0.0600075
0.0366376
0.0479203
0.042548
0.051211
0.0520984
0.0533052
0.055266
0.049853
0.0419241
0.0524247
0.0570889
0.0472602
0.0510583
0.0483633
0.0591835
0.0460779
0.0571615
0.0497838
0.0631937
0.0483316
0.0445998
0.0479059
0.0489123
0.0491405
0.0514687
0.0532463
0.0542569
0.0520993
0.0501301
0.0624001
0.0504452
0.0558395
0.0502202
0.0469911
0.0497873
0.0512409
0.0412253
0.0489801
0.0478059
0.0499497
0.0453736
0.0478126
0.0460759
0.0543671
0.0438004
0.0535169
0.047752
0.0557377
0.046751
0.0599992
0.0516986
0.0506927
0.0390169
0.0422755
0.0542678
0.0491028
0.0470917
0.051779
0.0511699
0.0510133
0.0474342
0.0538069
0.0714446
0.0567331
0.0490694
0.0501469
0.0473888
0.0572591
0.0560373
0.0545376
0.0518592
0.0432402
0.0515065
0.0489569
0.0486877
0.0499819
0.0507974
0.0440335
0.0575152
0.0421691
0.0555922
0.0643982
0.0512287
0.0487325
0.0483299
0.0503488
0.0528915
0.053875
0.0578692
0.0480918
0.0538787
0.0462347
0.0405683
0.04677
0.0485889
0.0409108
0.0481169
0.0549644
0.0530051
0.0581176
0.051063
0.0452583
0.0459286
0.0448017
0.0574952
0.0518735
0.0494027
0.0434464
0.0466145
0.0404539
0.0547805
0.0495088
0.0479304
0.047333
0.0549652
0.047403
0.0447832
0.047433
0.0582471
0.0557975
0.0629639
0.0529259
0.0488781
0.0481403
0.054496
0.054035
0.054248
0.058143
0.0471293
0.0531527
0.0414827
0.0445031
0.0512322
0.0494075
0.0584288
0.0592162
0.0540062
0.0583219
0.0503311
0.0588764
0.0529052
0.0490829
0.0524163
0.0637496
0.0498365
0.0513807
0.0508974
0.0516633
0.0506584
0.0440785
0.0516892
0.0489815
0.0585801
0.050843
0.0508483
0.0424215
0.044624
0.0498624
0.0376
0.0463291
0.0558549
0.035188
0.0331311
0.0470106
0.0518561
0.0561376
0.0474218
0.0415865
0.0479649
0.0520528
0.0458738
0.0476143
0.040358
0.0508943
0.0508529
0.0479615
0.049613
0.0436197
0.0559123
0.0575906
0.0466463
0.0507161
0.0528922
0.0392767
0.0455789
0.0519532
0.0575926
0.0333518
0.047504
0.0530994
0.0482489
0.0501619
0.0434231
0.0488412
0.0525784
0.0507325
0.0436731
0.057384
0.0491445
0.0440022
0.0543896
0.0503534
0.047559
0.0515721
0.0427253
0.0573149
0.0595306
0.0446545
0.0456243
0.0507874
0.04499
0.0496538
0.0524587
0.0469945
0.0627997
0.0484984
0.0650301
0.0517293
0.0596132
0.0480455
0.0485826
0.0488517
0.0452781
0.0462361
0.053929
0.0511176
0.0526864
0.0574571
0.044361
0.0519372
0.0494484
0.061754
0.0519299
0.0658512
0.0536619
0.0473615
0.0424064
0.0540639
0.0482042
0.0475606
0.0412261
0.0462923
0.0594005
0.0422318
0.0551334
0.0498177
0.0559979
0.0610396
0.0478846
0.0521966
0.0587695
0.0470774
0.045757
0.0481035
0.0535158
0.0489102
0.0441737
0.0554217
0.0500465
0.0503325
0.049185
0.0436021
0.040075
0.0432689
0.0469567
0.0522429
0.0470141
0.0543382
0.0436442
0.0472628
0.0562884
0.0394015
0.0503948
0.0609897
0.0430404
0.0432224
0.04847
0.0543
0.0594496
0.0497686
0.055944
0.0484367
0.0471565
0.0456131
0.0469521
0.0530573
0.0363021
0.0458047
0.0525446
0.0412594
0.0547557
0.0460804
0.0560272
0.0469288
0.0522666
0.0680074
0.0510503
0.0515074
0.0479816
0.0554503
0.0541154
0.0484602
0.0469143
0.0538364
0.0459557
0.0482394
0.0502144
0.0445626
0.0449179
0.0521075
0.0465914
0.0473656
0.0568506
0.0503809
0.047999
0.0515672
0.0575728
0.0565865
0.0402402
0.0489768
0.0485528
0.0490838
0.0517982
0.0423526
0.051091
0.0484275
0.0484679
0.0560379
0.046038
0.050189
0.0486693
0.0554421
0.0630048
0.0481674
0.0488019
0.0502355
0.0468599
0.0475116
0.0523851
0.0448516
0.0551006
0.0568174
0.0667513
0.0491725
0.0450484
0.0508991
0.0434954
0.0586786
0.0550221
0.0629582
0.0569435
0.0447645
0.0615221
0.0516986
0.0490104
0.0482796
0.0455829
0.0437903
0.0540771
0.0472138
0.0534261
0.0538639
0.0536533
0.0566772
0.0535501
0.0502415
0.0572574
0.0453512
0.0551212
0.056834
0.0591503
0.0507632
0.0534192
0.0450673
0.0424653
0.0444588
0.0479902
0.057782
0.0462094
0.0492507
0.0500137
0.0413124
0.0585607
0.0556104
0.0435649
0.0611275
0.0483012
0.0533986
0.0447377
0.0494893
0.0416713
0.053948
0.0565737
0.0539983
0.047249
0.0483776
0.0376185
0.0640218
0.0511272
0.0474459
0.0487598
0.0542151
0.0488766
0.0452439
0.0530517
0.0527519
0.0471677
0.0448361
0.051281
0.0548909
0.0561516
0.0485442
0.0504704
0.06084
0.050257
0.0513905
0.0469388
0.0619477
0.0484221
0.0532525
0.0500304
0.0491619
0.0407683
0.0485991
0.0400631
0.0536533
0.0453023
0.0462937
0.0503741
0.0460321
0.0519837
0.0465772
0.0503005
0.0464615
0.0432927
0.0536663
0.0553486
0.0488946
0.0497121
0.049638
0.039606
0.0437406
0.0507132
0.0486181
0.0471627
0.0628808
0.0551466
0.0442926
0.0361985
0.0464615
0.056861
0.0454359
0.0547069
0.0506305
0.0462424
0.0519333
0.0461533
0.0555061
0.0577054
0.0580736
0.0528792
0.0570761
0.0586378
0.0479259
0.0484442
0.0575073
0.049995
0.0447202
0.0611314
0.0473317
0.0416286
0.0485553
0.0545761
0.0567875
0.0474656
0.0508139
0.052095
0.0451388
0.04603
0.0473802
0.0355346
0.0450961
0.0493718
0.0569396
0.0452272
0.0519985
0.0435129
0.0488951
0.0526353
0.0482658
0.0502932
0.058615
0.0521992
0.0531306
0.0483668
0.0455968
0.045066
0.051635
0.0524872
0.0501323
0.0543848
0.0460381
0.0527372
0.0539119
0.0474501
0.0477803
0.0435427
0.0507324
0.0455662
0.0422533
0.0453507
0.0456794
0.052054
0.0458924
0.050671
0.0437005
0.0536626
0.0528279
0.0483265
0.0543887
0.0542016
0.0449565
0.0504589
0.0472246
0.0532938
0.0599725
0.062017
0.0500951
0.0438251
0.0519851
0.0412984
0.045745
0.0567415
0.044827
0.0510028
0.0475601
0.0455528
0.0478004
0.0557916
0.0574843
0.051943
0.0557271
0.0524214
0.0532292
0.0436896
0.0516742
0.046515
0.0436124
0.0507238
0.0473381
0.0648696
0.0516546
0.0536626
0.0464211
0.0433706
0.0508218
0.0470339
0.051579
0.0435413
0.0504035
0.051475
0.0482059
0.0473723
0.0518247
0.0535882
0.0456287
0.0571945
0.0433899
0.0549357
0.0418157
0.052302
0.0505384
0.0503844
0.0589232
0.0454272
0.0477002
0.0585643
0.049864
0.0499927
0.039612
0.0388907
0.0526689
0.0432795
0.0532071
0.0539653
0.0438117
0.0554347
0.0480464
0.054728
0.0441052
0.0540353
0.0447687
0.0446367
0.0507999
0.0668157
0.0444972
0.052164
0.0421005
0.0580545
0.0441994
0.0433432
0.0443843
0.0420889
0.0428258
0.0460262
0.0520939
0.0492028
0.0527147
0.0569701
0.0496033
0.0423975
0.0547241
0.0466776
0.0618911
0.0495681
0.0496219
0.0492361
0.0530227
0.0418109
0.0497732
0.0375026
0.0559725
0.0517966
0.0493537
0.0509672
0.040523
0.0519684
0.0407653
0.0536743
0.0517164
0.0509211
0.0499052
0.060811
0.0681577
0.0521734
0.0517975
0.049577
0.0570008
0.0497428
0.0584724
0.0514504
0.0544179
0.0495022
0.058617
0.0529046
0.0639705
0.0546197
0.0461302
0.0535889
0.0499923
0.0471782
0.0498579
0.0491275
0.0495665
0.044785
0.056728
0.0607051
0.0527219
0.0508031
0.0528656
0.0520993
0.0516649
0.0526176
0.0493304
0.0419143
0.0521507
0.0589307
0.0535211
0.0463816
0.048409
0.0475984
0.0519704
0.0519889
0.0466817
0.0638417
0.0591033
0.0544817
0.0527229
0.0464328
0.0482054
0.0484594
0.0461324
0.0516519
0.0484734
0.0576786
0.0439567
0.0436028
0.0534343
0.0517027
0.0473079
0.0421777
0.0491557
0.0500663
0.0507182
0.0490782
0.0494632
0.0528105
0.0477203
0.0475814
0.0554189
0.047043
0.052447
0.0509204
0.0513205
0.0447241
0.0493116
0.0533474
0.0462286
0.053052
0.0500869
0.0426078
0.0445867
0.055164
0.046284
0.0537702
0.0535799
0.0548817
0.0472086
0.0585239
0.0455697
0.0488131
0.0547891
0.0444514
0.0489074
0.0531509
0.0515104
0.0486305
0.0499339
0.046551
0.0432575
0.049254
0.0642595
0.0508817
0.0483099
0.0581297
0.0473185
0.0491319
0.0593031
0.0452917
0.0583505
0.0456008
0.050275
0.0431146
0.0534929
0.0533722
0.0442709
0.0563059
0.0512331
0.0483434
0.0512033
0.0567902
0.0456504
0.0479499
0.0496492
0.0492634
0.0374079
0.0551372
0.0504263
0.0490712
0.0475972
0.0509414
0.0493536
0.0399716
0.0403973
0.047261
0.0590491
0.0480291
0.0417863
0.0501759
0.0435655
0.0519483
0.044604
0.0490063
0.0471052
0.0560939
0.048536
0.0459088
0.0522945
0.052297
0.0492775
0.0444475
0.0594314
0.0480732
0.0447332
0.0433501
0.0488949
0.0448515
0.0503998
0.0442697
0.0521964
0.0467581
0.0609583
0.060807
0.0494082
0.0551973
0.0497863
0.0535276
0.0557941
0.0544985
0.043526
0.0513173
0.0480849
0.0424498
0.0598304
0.0484084
0.045758
0.0463514
0.0558849
0.0528069
0.051392
0.0522804
0.0441619
0.0589014
0.0512004
0.0617931
0.0587437
0.0495372
0.0577163
0.0573591
0.05
0.05
0.05
0.05
0.05
0.05
0.05
0.05
0.05
0.05
0.05
0.05
0.05
0.05
0.05
0.05
0.05
0.05
0.05
0.05
0.05
0.05
0.05
0.05
0.05
0.05
0.05
0.05
0.05
0.05
0.05
0.05
777777