1.15358
999999
-0.251394
0.0763161
-0.0543726
-0.196265
-0.287919
0.151927
0.0552355
0.0388401
-0.151574
0.149968
0.102761
-0.132053
0.323139
0.451708
-0.0505479
0.018872
0.0356316
0.392987
0.122151
0.00813171
0.15143
-0.117977
-0.0384033
-0.381834
0.0898992
0.0691047
-0.460721
-0.311927
-0.218071
0.0696734
-0.00314556
-0.161369
0.13226
-0.0760581
-0.0836184
-0.130386
-0.146129
-0.0231589
0.331577
0.230038
-0.0292694
0.0956432
0.120301
-0.0342197
0.041426
0.0044857
0.0142164
0.0854196
-0.0486459
-0.210481
-0.222254
0.133888
0.0640808
0.161676
0.137383
0.218871
0.0749569
-0.232518
-0.272918
-0.0905633
0.0684353
-0.0449918
-0.186177
-0.0657766
0.0372123
-0.0384702
-0.167147
0.0870283
-0.123691
-0.048199
0.0938515
0.0196504
-0.312073
-0.0427909
-0.168826
0.014668
0.0542223
0.230898
-0.0489537
-0.136487
0.356107
-0.063844
0.279617
-0.0693043
0.137199
0.0277941
-0.0401697
0.309271
-0.145554
0.0794739
0.0360027
-0.163623
0.0020893
-0.182574
0.0308186
0.136385
0.130245
-0.201286
0.0375517
-0.0393037
-0.0334228
-0.0937917
-0.10275
0.0216573
-0.168787
-0.142105
0.108067
0.288532
-0.0591065
-0.0228614
0.248602
0.195961
0.179251
-0.0882375
-0.178238
0.0368342
-0.103152
0.36349
0.00515159
-0.208843
0.218197
0.0595326
0.00757639
-0.0939226
0.0362786
0.140486
-0.125418
0.167383
-0.0189834
0.220611
0.0278584
0.110622
0.000800553
0.0552594
-0.105831
0.0667523
0.063732
-0.112779
-0.106075
-0.0129457
-0.0213463
0.194077
0.147446
-0.036475
0.0859951
0.157585
0.129675
0.0141872
0.0126774
-0.180031
-0.205493
-0.0281313
0.361916
0.166276
-0.0162644
-0.0853584
-0.220024
-0.127256
-0.0350037
-0.165893
0.0272337
-0.173955
0.201622
-0.188485
0.0935369
-0.139266
-0.116622
-0.23316
0.0869123
0.117635
0.0523717
0.0182176
-0.0242359
-0.0857306
0.00793948
-0.0878512
-0.121945
-0.251901
0.127487
-0.198499
-0.0768287
-0.0402918
0.0877276
0.191835
-0.109005
-0.120208
0.0293896
-0.0469978
-0.0803446
-0.226286
0.0895483
0.0412222
0.0385453
-0.0706546
-0.122789
-0.116453
0.21661
-0.1372
0.202502
0.215396
0.223517
-0.17541
0.0219372
0.122647
0.0634183
0.280289
0.113019
0.0741023
-0.147076
-0.00641426
-0.10268
0.10686
0.194344
0.00372104
0.044979
0.142436
-0.00327481
0.108149
0.0157346
-0.0845334
-0.319256
-0.0944516
0.163752
-0.0952495
-0.0221686
-0.186014
-0.0912406
0.173551
-0.122988
0.0760697
0.201966
0.0780492
0.159103
-0.0647987
-0.0444008
-0.0817902
0.0744617
0.218496
0.0381774
-0.18615
0.0237426
0.0781562
0.257291
-0.0451751
-0.0800803
-0.0181772
0.143539
0.22422
0.148648
-0.0714947
0.0145192
0.00357231
-0.245423
0.186232
0.0927738
-0.12143
-0.0167959
0.0157898
-0.150218
-0.197966
-0.00770667
-0.264384
0.00244509
-0.16855
-0.0584825
-0.124403
0.287307
0.0316029
-0.00500719
0.188234
0.0437506
0.374593
0.0026031
0.167001
-0.0937311
0.06532
-0.193461
0.00250062
0.121369
-0.0366561
-0.178856
0.267506
-0.0900709
-0.0700394
0.172226
0.25184
-0.0166767
0.0552065
-0.113396
0.0928588
0.12035
0.222183
0.0905093
-0.102498
0.0641259
0.151555
-0.0608274
-0.236381
0.0109322
-0.0529993
0.0686781
0.21354
0.0937093
-0.188799
-0.0657922
-0.19895
0.0521794
0.164309
0.168922
0.000874989
-0.0713742
0.00821321
0.119443
0.0431717
-0.204646
-0.214942
-0.135813
0.00264097
-0.22572
0.18771
0.0789196
0.115284
-0.153539
-0.170108
-0.0853847
0.26757
0.00337538
-0.00637797
0.161646
-0.12271
-0.131112
-0.118804
-0.0704007
-0.157707
-0.0260499
0.209549
0.00514264
-0.170227
0.239149
0.0570565
0.0976031
-0.0705307
-0.20455
-0.223567
0.00644867
0.0744522
0.00938343
-0.00922926
-0.199599
-0.0137621
0.175647
0.00218167
0.194208
-0.0437421
-0.0606638
0.00356437
-0.206457
0.240529
0.105515
-0.179979
0.128211
0.281132
0.0473039
-0.0859765
0.00220831
0.000471961
-0.214531
0.129482
0.186415
0.187066
-0.0563028
-0.0900377
0.158943
0.0358873
0.0628756
-0.250801
-0.169365
0.151244
0.0213476
-0.0245068
0.158199
0.0162078
-0.0658044
-0.111815
-0.189703
0.333593
-0.0948095
-0.0983813
0.165948
-0.00115761
0.0408524
-0.12663
0.091405
0.201295
0.119314
-0.238532
-0.0366436
0.233336
0.182359
0.0474507
0.168182
-0.212213
-0.229471
0.143168
0.05454
0.047725
0.0215438
0.205097
-0.124791
-0.102178
0.108495
-0.172506
0.278253
-0.0782718
0.161596
0.0781518
0.174595
-0.045967
-0.163827
0.0980136
0.133247
0.142917
-0.0283098
0.215778
-0.0321538
-0.0996222
0.0978706
0.0269639
0.0081567
-0.0907612
0.0932672
0.0519079
0.18981
0.108414
0.203219
-0.118331
0.196209
0.327425
-0.287169
-0.142545
0.149981
-0.20287
-0.0151521
-0.000558089
0.185823
-0.0969016
0.134099
0.116827
0.168645
-0.0738255
-0.11956
-0.242311
0.257081
0.020199
-0.172046
-0.0668008
0.134339
0.159258
-0.033983
-0.244522
-0.180206
0.201862
-0.122837
0.0267944
0.312068
-0.152025
-0.14247
0.0643537
-0.188823
-0.0555012
-0.2086
0.051236
0.162298
0.00678037
0.0288339
0.139348
-0.108198
0.161559
0.182437
-0.0623256
-0.107857
-0.131447
0.178447
-0.0897778
0.101706
0.000410556
0.00347602
-0.0715719
0.0916298
0.12894
-0.166297
-0.178056
0.144099
-0.177788
-0.199261
-0.0419975
-0.0368995
-0.158419
-0.136172
0.134827
-0.0369645
0.0603421
0.179284
0.0711471
-0.231638
-0.16205
-0.00485247
0.0701841
0.0217651
-0.0777185
0.0437255
-0.139043
0.0292847
0.00312413
0.0426405
0.0307842
0.105856
-0.111451
0.246606
0.0747583
0.130878
-0.200903
-0.0854498
0.0367555
0.0543932
0.0285397
0.00499924
0.00142091
0.232722
0.0181276
-0.0317548
-0.128139
0.0717785
0.0419739
0.128523
0.130323
-0.0972499
0.107651
-0.219343
0.11847
-0.035456
0.203054
0.0489268
0.134631
0.00605492
0.00704725
0.0565552
0.145047
0.0836748
-0.183744
-0.0844531
0.00454221
0.00926009
-0.0984681
0.0634163
0.282469
-0.0788933
-0.119019
0.00189124
0.123634
0.0238842
-0.187977
-0.0662654
0.0617204
-0.255872
-0.0241119
0.0598739
-0.0305511
-0.108018
-0.0587315
-0.0424877
-0.208808
0.00482724
0.16898
0.141095
0.0290853
0.100156
-0.0158152
-0.0682505
-0.0569119
0.147675
0.0123945
-0.186144
0.199054
-0.0511733
0.127965
0.0547348
0.0571879
-0.126431
0.0551128
-0.176158
-0.134132
0.124329
0.0501623
0.144442
0.0508053
0.0565428
0.145359
-0.0903931
-0.0199104
-0.0920077
-0.0322852
-0.00171281
0.180044
-0.17976
-0.134178
0.147144
-0.13173
-0.190634
0.135387
0.0554411
0.0863277
0.0919358
-0.209665
-0.00678031
-0.0433177
0.187828
-0.063106
-0.0639291
0.194312
0.0405323
0.101919
-0.179112
0.102697
-0.054516
0.231015
-0.0205686
0.0842445
0.322144
-0.0340691
-0.147905
-0.0422752
0.0627563
-0.0559794
-0.070506
-0.1421
-0.100751
0.20926
-0.0458472
-0.12812
0.231813
0.167829
0.17599
0.0384427
-0.0386774
-0.0812082
-0.11806
-0.322657
0.107445
0.311434
-0.193576
0.199771
-0.0224293
0.106225
-0.175097
0.00908499
-0.0642342
-0.0464726
0.181586
-0.174579
0.0648435
0.221846
-0.11137
-0.0157249
-0.135979
-0.0562928
0.0854169
-0.0803649
-0.0236946
0.0650022
0.188437
-0.0877047
0.114822
-0.0834091
0.0662964
-0.129623
-0.154155
0.162978
-0.193813
-0.0452197
-0.160461
-0.250716
-0.101799
0.0764927
0.0791603
-0.15687
0.191352
0.025952
-0.00466182
0.0433247
0.11771
0.0746796
0.200549
0.14002
-0.20155
-0.00178662
0.05938
0.0648798
-0.0102157
-0.157366
0.109205
0.0910575
0.0528804
0.0892133
-0.0684034
0.0733214
0.135928
-0.0109415
-0.088591
-0.168564
-0.0552232
0.0889788
0.0662625
0.130639
-0.0707086
0.124697
0.20221
-0.169049
-0.345231
0.249626
-0.0302104
0.120538
-0.12853
0.0577177
0.148518
-0.174232
0.133452
0.116192
0.075619
0.327231
-0.112826
-0.0276915
0.079048
-0.143558
-0.196057
-0.0785549
0.0586607
-0.0477635
0.224964
-0.131311
-0.0224878
0.0860263
-0.0158291
-0.155452
0.00370382
-0.157592
-0.119133
-0.126458
0.0185519
0.166529
-0.258406
-0.165861
0.084314
-0.0307677
-0.190931
-0.118203
-0.215461
0.0251198
-0.211961
-0.00918593
0.0150516
-0.132651
-0.0487461
-0.132009
-0.215215
-0.280239
-0.163001
-0.0692379
-0.0891544
0.177951
-0.0985932
-0.0751089
0.0470302
-0.183597
0.0567463
-0.0759939
-0.0393775
-0.126119
0.148868
-0.0789473
-0.103132
-0.0212038
-0.162012
0.0801341
-0.165996
0.134098
-0.193453
-0.126838
-0.0042131
0.00148983
-0.0765181
-0.161575
0.112979
0.0583254
0.0193983
0.094041
0.0260158
0.100724
-0.0315738
-0.0546788
0.0700812
0.131015
0.152318
0.0324771
-0.00901106
-0.0900382
0.171775
0.0262335
-0.0489412
0.0359914
-0.0208303
-0.0379952
-0.160191
0.053371
0.0713616
0.0032146
-0.000564526
0.0616216
-0.0388279
-0.251301
-0.0647602
-0.00387615
0.0553614
-0.151345
0.0775732
0.222909
-0.128368
-0.0698103
-0.0746897
-0.0762157
-0.180033
-0.10891
-0.0550138
0.0784282
-0.177183
-0.0273687
0.199507
0.0911571
-0.0275801
0.149777
0.154898
0.106634
0.0680091
-0.0190202
-0.177341
0.14589
0.0323035
-0.0726233
-0.175386
-0.0213366
0.233026
0.0692123
0.174098
0.096345
0.122357
-0.0925308
0.168796
0.107908
-0.102867
-0.0997404
0.116479
-0.0192566
-0.106998
0.000172486
-0.0204296
-0.000684881
-0.126233
-0.0837772
0.106899
-0.177241
0.177799
-0.0955604
-0.0967821
-0.152475
-0.143521
-0.0774273
-0.0675371
-0.125356
-0.219791
0.0920372
0.070168
-0.114975
-0.0690941
-0.0281391
0.0308637
0.16491
0.3373
0.125773
-0.15105
0.107758
-0.102453
-0.183724
0.131231
-0.084926
0.0670132
-0.13202
-0.0527707
-0.0315927
-0.178796
-0.152247
0.22039
-0.10692
-0.015194
0.197652
0.00363121
0.222027
0.109896
0.207303
0.0785737
0.0513311
0.0736376
-0.184266
0.0142646
-0.115243
-0.202527
-0.212354
-0.169784
-0.0617566
0.0169887
-0.0388671
-0.1615
-0.142013
0.317646
-0.00579329
-0.114095
-0.173899
0.0920346
0.250394
0.298817
-0.124936
-0.161105
-0.10782
-0.0955966
-0.11821
-0.0865092
-0.0270477
0.108945
-0.160841
-0.0367047
-0.00311078
-0.0104127
-0.112123
-0.195402
0.107628
0.175044
0.190995
0.0813826
-0.229465
0.312073
-0.0995891
0.142588
-0.256741
0.0243041
0.0812444
-0.15401
0.0832586
0.0500148
-0.0645322
0.0977427
0.0161433
-0.0341887
-0.0111927
-0.188558
0.0992608
-0.238928
-0.343763
-0.194726
0.115521
0.175899
0.21398
0.140974
-0.0446417
0.0176593
0.107816
0.111383
-0.070335
-0.155335
0.00763655
0.095193
0.134464
-0.175395
-0.0485853
-0.0568934
-0.226725
0.17304
0.131591
0.0712822
-0.119579
0.0860115
-0.0939204
-0.131049
-0.0881237
-0.0316494
0.231502
-0.10746
-0.151627
-0.0390193
-0.220101
-0.250561
-0.000585418
0.114018
0.0415489
0.217574
0.111262
0.177132
0.150049
-0.166222
0.0656893
0.0308463
-0.0668411
-0.235893
0.0703816
0.0939144
-0.0175869
0.18505
0.107519
0.282141
0.126703
0.193781
0.0390907
-0.134107
-0.0654247
0.174153
-0.0215593
0.239365
-0.180197
-0.208402
-0.253352
0.0691203
0.0828266
0.202568
-0.159023
-0.0890122
-0.00848918
-0.0934508
0.136796
-0.00557364
-0.0165449
0.0499564
0.158323
0.0212289
0.115127
0.056169
-0.0112112
0.0291126
-0.170995
0.0714244
-0.12703
0.142672
-0.251187
0.0630426
0.0116305
-0.0309222
0.0470178
0.128908
-0.185663
-0.163784
-0.107035
-0.124679
-0.0669411
-0.278707
-0.045308
-0.255744
-0.0582636
0.207584
-0.0555778
0.0118865
-0.0040598
0.246797
0.283348
-0.00271529
0.136508
-0.211973
-0.126173
-0.0411005
-0.0473182
-0.210694
-0.204446
0.0358817
-0.291012
-0.156433
0.164166
-0.0711692
-0.0121837
0.176858
0.199519
-0.168695
0.0543032
-0.026344
-0.0205186
0.188447
0.043942
-0.15605
-0.158482
0.198253
0.152707
-0.132603
-0.0939274
0.0313083
-0.00357649
0.112968
-0.20301
-0.00524605
0.108854
0.091262
0.0149868
0.066592
0.129315
0.0903551
0.162687
0.192206
-0.0963453
0.227914
0.114393
0.0470078
0.122133
-0.106182
-0.215008
0.0023437
0.162976
-0.172365
-0.276012
-0.151452
0.116286
-0.12721
-0.0567612
-0.0425395
-0.126713
-0.0228285
0.168748
-0.0433627
0.0832291
-0.162205
0.133916
0.0628207
0.0143314
-0.0221793
-0.0777112
0.097098
0.0468463
-0.102072
0.128147
-0.176587
-0.0779843
0.20187
0.184175
-0.00718602
0.126924
0.0968238
-0.238688
-0.234591
0.239721
0.277841
-0.0714097
-0.0311597
0.055032
0.0485252
0.0368816
-0.157413
0.205016
-0.0785974
-0.0155298
0.0785771
-0.1101
0.0834666
0.0930815
-0.150234
0.061862
0.295628
-0.0096952
0.27857
-0.127934
-0.0521035
-0.129995
-0.129483
-0.0344728
-0.00730741
-0.0466672
0.110715
-0.100116
-0.042714
0.155668
0.210665
0.0505592
-0.257723
-0.0917558
0.188956
-0.251701
-0.194763
0.037749
-0.0577982
0.109409
0.0138976
-0.204701
-0.129063
0.0713958
0.190854
-0.00868198
-0.157335
0.177099
-0.168513
0.0261883
-0.00782511
-0.0853458
-0.0877223
0.104857
0.111419
0.203076
-0.181054
-0.077213
-0.0745431
0.0666914
0.0854047
0.194796
-0.0896571
0.0565215
-0.222491
0.0110988
0.12866
0.0454648
-0.171501
0.00371125
-0.231079
-0.143314
-0.145399
0.0250158
-0.0388607
-0.138325
0.141522
-0.0816254
0.0986205
0.173472
-0.00500641
0.011246
-0.0171305
0.28824
-0.0288072
0.24649
-0.155312
0.0522572
0.000879916
0.100536
0.0894716
-0.223236
0.208059
0.140992
-0.0874109
0.0256537
-0.00129619
-0.128969
-0.0332253
0.0683725
0.0424368
-0.193233
-0.075729
-0.0597983
0.220803
-0.0558127
-0.0321784
0.0688482
0.146984
-0.106235
-0.00547631
0.140909
0.011946
0.201697
-0.0182237
0.0180195
0.0808004
0.253259
-0.0803981
0.0960178
0.191128
0.284873
0.0740683
-0.14922
0.326466
-0.20667
-0.16305
-0.0980631
0.21608
-0.0337068
-0.154581
0.132686
-0.161977
-0.230378
0.353782
0.117666
0.0140694
0.0276259
-0.0398405
-0.219534
0.0447058
-0.0600558
-0.0841554
-0.0446572
0.0445493
0.0872605
0.238486
0.139906
0.0572964
0.0804439
-0.0162085
0.0226001
0.0983095
0.0256798
-0.203123
-0.227903
-0.027726
-0.079263
-0.0801869
0.206342
0.194419
0.135825
-0.0524045
-0.198452
-0.0667598
-0.0520864
0.202454
-0.154041
-0.207333
0.170866
-0.0913727
0.000482442
0.102635
-0.149101
0.00579534
-0.132118
-0.00511308
-0.129859
-0.0647511
-0.00279817
-0.149591
0.205651
0.0729927
-0.15345
0.130924
0.0931422
-0.0536562
-0.181598
0.229314
0.215834
-0.164929
-0.0539363
-0.11512
-0.125213
0.308449
-0.014457
-0.0867922
-0.0216658
0.0606045
-0.19527
-0.240926
0.18434
0.191443
0.0458133
-0.151306
0.0190057
0.146231
0.227296
-0.141825
0.104611
0.060747
0.0815982
-0.24719
-0.0946275
0.126435
0.179814
-0.0908055
-0.189485
-0.060698
-0.0235131
0.00492836
0.117993
-0.171195
-0.0429584
0.139923
-0.141907
-0.0107745
0.0807234
-0.127007
-0.209388
-0.154068
-0.0381389
0.0435135
-0.03482
0.00510778
0.119883
0.0519368
-0.106369
-9.87758e-05
-0.16246
-0.212997
-0.0912136
-0.125145
0.195216
-0.0554777
0.137489
-0.0394814
-0.0756779
0.10109
-0.0471312
-0.165713
0.170962
-0.0389682
0.0684253
0.26727
0.183435
-0.171868
0.159424
-0.19287
-0.128874
-0.107893
-0.0596119
-0.017148
0.178535
-0.11182
-0.112031
0.0320439
-0.0887461
0.181551
0.355504
0.112213
-0.227521
-0.110706
0.135736
0.00215864
-0.273859
0.024594
-0.101939
-0.0118603
-0.113955
-0.343387
-0.0836077
0.20795
-0.131252
-0.0986869
-0.176501
0.0649819
0.0017228
-0.0673203
0.113799
0.0263961
-0.14909
0.0666411
0.110593
-0.0747618
0.184518
-0.104827
0.239429
-0.0674422
-0.0577416
-0.118287
-0.14175
0.175411
0.21158
-0.0819497
0.142329
0.158226
0.175036
0.240247
0.041229
0.214279
0.170365
-0.0774928
0.113825
0.187158
-0.13794
0.0788714
0.155568
-0.114811
-0.0553471
-0.141743
0.0558249
-0.0180818
0.0224384
0.0915903
0.151241
0.0619148
0.0161737
0.0951284
-0.0465311
-0.246932
-0.158704
-0.176626
0.0309694
-0.102813
-0.227678
0.0799387
-0.047589
0.199398
0.0225191
-0.100895
0.171758
-0.105043
0.00130241
-0.201198
-0.149747
-0.163951
-0.00418541
-0.0214655
-0.0375379
-0.132643
-0.35081
0.0278883
0.273
0.064684
0.139272
0.0997109
-0.107533
-0.0340552
0.148384
0.0902314
-0.0825778
0.0793051
-0.0771675
-0.233971
-0.0376755
-0.135213
0.0644797
0.132789
0.123916
-0.17917
0.0681832
0.0358952
0.075044
0.0218989
0.251059
-0.0452094
-0.0791522
0.231319
0.0710992
0.247212
0.00410453
-0.243326
0.117624
-0.099972
0.0297149
-0.112093
0.0654405
0.404231
-0.12422
0.0930758
0.19164
0.185693
-0.0644281
0.00833957
0.302103
0.236246
0.184462
-0.0095834
0.0698819
0.0336994
-0.281103
0.00205969
-0.107145
0.0728861
0.281386
0.26104
-0.314996
0.00083182
0.0566047
-0.136305
-0.0204459
0.00269869
0.0174665
-0.203963
-0.126148
0.110949
0.0602111
0.135597
-0.0480609
-0.272241
-0.0515548
0.00206175
0.0689785
-0.121919
0.167261
0.0989417
0.0573082
0.127786
0.140896
0.0203436
0.148315
-0.0378282
-0.0610141
0.0524292
-0.168855
-0.196585
-0.0928718
0.00757367
0.0463394
0.0981667
0.0224749
-0.15504
-0.338954
-0.143965
-0.203559
0.0171379
-0.116147
-0.227048
0.00409001
-0.0218413
-0.039119
-0.129398
-0.253977
0.0910487
0.192863
-0.0571392
-0.0375185
0.168885
0.0994417
0.0518498
0.0587486
-0.168677
-0.0713917
-0.0682889
-0.0866742
-0.132492
-0.114386
-0.182894
0.0922553
-0.0421457
-0.0434694
-0.110358
0.175316
-0.18373
0.216248
0.144758
0.156574
0.0586
0.0473801
-0.135061
-0.0520016
-0.140764
-0.0034806
0.107075
0.0018557
-0.0751329
-0.214018
0.207581
-0.128831
0.0452192
0.233772
-0.200732
0.121937
0.0235942
-0.094117
0.0125103
-0.0327423
-0.215749
0.0644004
-0.140975
0.13701
0.0413901
-0.143504
0.249719
-0.00592135
0.101588
0.105307
-0.153218
0.109836
-0.191896
0.299721
-0.027695
0.10463
-0.272963
-0.0199514
-0.0185765
-0.337795
-0.0633157
-0.0267058
0.12082
0.144362
-0.0228341
0.0861704
0.172767
0.0514095
-0.102094
-0.109942
-0.109589
0.116825
0.185634
-0.106097
0.0372108
-0.112852
0.0345476
-0.139434
-0.106035
0.00292368
888888
-0.17219
0.134064
-0.00290045
-0.00431262
-0.0486229
0.0625569
-0.103229
0.00407921
0.118319
0.0844509
-0.109361
0.144877
-0.196854
-0.111458
-0.199265
0.0674044
-0.0669394
-0.0842056
0.124004
-0.0701263
-0.0749824
0.16654
-0.113735
0.161501
0.119592
-0.0930846
0.175304
-0.135448
-0.183933
0.042477
-0.0467074
0.0395767
0.0645199
0.0642659
0.0454625
0.0442849
0.0532101
0.0504825
0.0437773
0.0437998
0.0470228
0.0357806
0.0620104
0.051222
0.0490403
0.0446133
0.0654377
0.0522551
0.0464979
0.0528834
0.0508479
0.0605065
0.0491276
0.0396107
0.0471236
0.0486241
0.0433492
0.0551729
0.0468038
0.053518
0.056335
0.0482204
0.0495125
0.0585723
0.0443463
0.04637
0.0538554
0.0648794
0.0378768
0.0477844
0.0439024
0.0612798
0.0427682
0.0479269
0.046099
0.0549139
0.0530711
0.0648107
0.0443641
0.0420124
0.0502664
0.0461446
0.0468041
0.060935
0.0424461
0.0411832
0.0523356
0.0501359
0.0461519
0.0519183
0.0535283
0.0401033
0.0506624
0.045773
0.0604808
0.0690676
0.0496293
0.0418899
0.0446478
0.0462395
0.0436156
0.0499099
0.0489546
0.0574005
0.0353865
0.043001
0.0552775
0.0660337
0.0430262
0.0455639
0.0472397
0.0476081
0.042626
0.0435358
0.0588812
0.0555701
0.0465408
0.0516209
0.0401307
0.0596911
0.060092
0.0496677
0.059513
0.0624144
0.0427842
0.0502731
0.0458284
0.0568598
0.057903
0.0564314
0.0339501
0.0456356
0.0470643
0.0443665
0.0439955
0.0591618
0.0450051
0.0567471
0.0583686
0.047804
0.0489644
0.049361
0.0510858
0.040751
0.0486146
0.0399996
0.0604285
0.0399798
0.0545152
0.0426937
0.0419523
0.0744828
0.0589212
0.0568178
0.056862
0.055339
0.0418642
0.0377425
0.0702135
0.0482858
0.0581975
0.063158
0.0589401
0.0473375
0.0505555
0.0537091
0.0550027
0.0421064
0.061909
0.0508067
0.0503683
0.0461271
0.0535523
0.0584742
0.0385242
0.0480259
0.0500919
0.0561753
0.0613447
0.0652432
0.0478043
0.0454299
0.0698564
0.0311169
0.0578371
0.0442274
0.0588088
0.0546107
0.0535388
0.0557692
0.060266
0.0283139
0.0429683
0.0433856
0.0443878
0.0637296
0.0451654
0.0482521
0.0530344
0.048131
0.0468089
0.0475767
0.0623087
0.0593275
0.0478901
0.0514867
0.0418605
0.0603867
0.0463614
0.052487
0.0534358
0.0525324
0.0590001
0.0533026
0.0654941
0.0434653
0.0597085
0.0367495
0.0493312
0.0517456
0.0505118
0.0600513
0.0454577
0.050865
0.0553913
0.0535096
0.0574729
0.0340496
0.0488521
0.0477193
0.0505916
0.0532425
0.0476187
0.0592749
0.0621044
0.0512679
0.0461696
0.0468941
0.0431457
0.0453923
0.0557845
0.043692
0.0575851
0.0584647
0.0549987
0.042148
0.0432921
0.0488933
0.0657638
0.056573
0.0472682
0.0453478
0.0418427
0.047502
0.0502825
0.0612339
0.0707607
0.0541552
0.0556095
0.0562236
0.0471996
0.0603756
0.0530986
0.0612485
0.0421407
0.0486145
0.0475896
0.0499835
0.0448862
0.0407576
0.0488646
0.0581658
0.051471
0.0410082
0.0453089
0.0501914
0.0546207
0.0422429
0.0565462
0.0502485
0.0566429
0.0552766
0.0467218
0.0407784
0.0455182
0.0504425
0.038644
0.0657092
0.0496896
0.048005
0.0563063
0.0409234
0.0414378
0.0517691
0.0468158
0.0600834
0.0370439
0.0442393
0.0493281
0.0421921
0.0625511
0.0613467
0.0787857
0.0533314
0.0459242
0.0571404
0.0451681
0.0645257
0.0586452
0.0451223
0.0586953
0.053052
0.044511
0.0499938
0.0496234
0.0504557
0.0507977
0.0416781
0.045918
0.0408443
0.0497297
0.0443134
0.0453577
0.0536181
0.0393406
0.0441814
0.0620471
0.0555247
0.0522498
0.0611679
0.0553912
0.0553264
0.0550113
0.0377131
0.0597008
0.0426485
0.0492612
0.0530471
0.0523079
0.0694841
0.0540435
0.0349573
0.0600609
0.0565102
0.0493934
0.04585
0.0494125
0.0505486
0.057777
0.0510898
0.0437023
0.0557419
0.0400025
0.0439011
0.0612231
0.0372347
0.0685261
0.0526601
0.0483326
0.049106
0.05162
0.0477706
0.052001
0.0544566
0.0503236
0.0484995
0.051956
0.0504226
0.0586746
0.0484208
0.0517102
0.0414931
0.0586342
0.0455422
0.0391976
0.0571113
0.0377929
0.0565108
0.0558097
0.0552657
0.0417401
0.0352907
0.0707116
0.0510081
0.0511657
0.0562365
0.0423613
0.0352621
0.0529757
0.0525318
0.0655752
0.0509568
0.0462728
0.0475139
0.0651998
0.0401577
0.0449364
0.045706
0.0542962
0.0459671
0.0452633
0.0592076
0.0576616
0.0426804
0.0523682
0.0442326
0.0524815
0.0491312
0.0578461
0.0532689
0.0605739
0.044161
0.0576821
0.0641146
0.0403699
0.0537529
0.0494082
0.0522728
0.0553973
0.0535539
0.0411002
0.0578216
0.0651846
0.0453793
0.0474248
0.0697325
0.0548327
0.0382685
0.0452872
0.0468886
0.0589264
0.0417267
0.0474469
0.0410985
0.054223
0.0502968
0.0431572
0.0521034
0.0508766
0.040832
0.040592
0.0360844
0.0500552
0.0513545
0.0449493
0.0591527
0.0499553
0.0461455
0.0453082
0.0428877
0.069481
0.0491722
0.0470207
0.0474933
0.0461131
0.0432694
0.058327
0.0492536
0.0456814
0.0429438
0.0508328
0.051485
0.0562363
0.0474011
0.0437644
0.0628216
0.0432077
0.0530251
0.0559913
0.0501047
0.0456752
0.0435549
0.0504362
0.0562741
0.0502924
0.0465781
0.0447654
0.0532128
0.0591896
0.0552509
0.0484529
0.0619477
0.0516289
0.0636726
0.0471516
0.0516869
0.0581649
0.0519555
0.0439334
0.0490234
0.0538058
0.0588293
0.0528896
0.0497828
0.0503275
0.0530216
0.0455016
0.0506805
0.05588
0.0426917
0.0513958
0.0474199
0.0396528
0.052376
0.0484073
0.0622503
0.0487015
0.0548309
0.0505211
0.0409685
0.0614274
0.0532969
0.039964
0.0548476
0.0412419
0.0483381
0.0581338
0.0396922
0.0537692
0.0526076
0.0725352
0.0418229
0.0467369
0.0504092
0.0517942
0.0466517
0.0726512
0.0501888
0.0541292
0.0602664
0.0644151
0.0549452
0.041871
0.0593161
0.0507547
0.0463135
0.0462089
0.049832
0.0535966
0.0514596
0.0500421
0.0480919
0.0550886
0.0478651
0.0473694
0.0332082
0.0404535
0.0484883
0.0577645
0.0457569
0.0649269
0.0498656
0.0479861
0.0458115
0.0344021
0.0513721
0.0488389
0.0612299
0.0562016
0.0485513
0.0448151
0.0428249
0.038726
0.0511521
0.0480884
0.0611997
0.0442343
0.0593505
0.0509574
0.0504999
0.0455273
0.0677491
0.0561601
0.0475456
0.0475341
0.0436031
0.0430819
0.0515858
0.0383688
0.0620276
0.0461997
0.0496124
0.0443616
0.0461279
0.0500682
0.0449669
0.0469692
0.0475529
0.0362596
0.0489361
0.0393264
0.0415833
0.0583865
0.0499778
0.0529449
0.0722303
0.0452152
0.0572622
0.0543009
0.0547601
0.0551813
0.0451141
0.051264
0.0378783
0.0507739
0.0455404
0.053119
0.035133
0.0463464
0.0514505
0.0557234
0.0464766
0.0553531
0.0693016
0.0524394
0.0427244
0.0528561
0.0458199
0.0575607
0.0498303
0.0476064
0.0597259
0.0490986
0.059043
0.0458121
0.0569265
0.0352968
0.0563371
0.0471339
0.0459725
0.0359654
0.0679966
0.0598842
0.0521673
0.0314447
0.039179
0.0505624
0.0496251
0.0748104
0.0587012
0.0593076
0.0492865
0.0702644
0.0613863
0.0548166
0.0509663
0.0432276
0.0531449
0.0467299
0.0660155
0.0444931
0.0570529
0.0426115
0.0336742
0.0404639
0.0414035
0.0421013
0.0534395
0.0475345
0.0568312
0.0478109
0.0468701
0.0481446
0.0486259
0.0498992
0.0541431
0.0557187
0.0670162
0.0453246
0.0490934
0.0464364
0.0603407
0.0439896
0.043868
0.0483169
0.0577446
0.0495276
0.0569045
0.0559487
0.0478497
0.0508111
0.0664095
0.04378
0.0429012
0.0633399
0.0390187
0.0483965
0.0519089
0.0636758
0.0587107
0.0483692
0.0465892
0.0464497
0.044241
0.0348974
0.0428167
0.0497954
0.0602866
0.0479435
0.0622595
0.0571271
0.0623814
0.0585175
0.0361126
0.054966
0.0343382
0.0605269
0.0536657
0.0644725
0.0621686
0.0439898
0.0581827
0.0497212
0.052689
0.054104
0.0497105
0.0448154
0.0459652
0.0548091
0.0429731
0.0554122
0.0461376
0.0456937
0.0444465
0.0474715
0.0474629
0.0543185
0.0573592
0.051997
0.0517273
0.0545149
0.0407559
0.0577188
0.0469746
0.0399568
0.0476586
0.059917
0.0483869
0.0612422
0.067376
0.0637685
0.0519117
0.0486038
0.0510558
0.0361875
0.0550814
0.0438854
0.0527292
0.0454097
0.0420487
0.0601657
0.0463923
0.040308
0.0571593
0.0421823
0.0520237
0.0525417
0.0505772
0.0521811
0.0530856
0.0496832
0.0468176
0.036612
0.0473026
0.0481785
0.0483297
0.0561906
0.0375949
0.042365
0.0499116
0.0489114
0.0558688
0.0471493
0.036357
0.0448742
0.0649051
0.0660655
0.0482424
0.0481539
0.0523394
0.0550147
0.0409209
0.049561
0.0661916
0.0393615
0.0529652
0.0557477
0.0529345
0.0486855
0.061951
0.0478304
0.0514372
0.0541966
0.0495359
0.0520508
0.0494392
0.0492066
0.0589023
0.0503785
0.0454952
0.040416
0.0498124
0.0513539
0.0397246
0.0505909
0.050467
0.0520826
0.0435701
0.0466336
0.0546514
0.0564022
0.0598849
0.0610152
0.0449375
0.0503588
0.0850859
0.04389
0.0525531
0.0596774
0.0777645
0.0566226
0.0686167
0.0574766
0.0627617
0.0445816
0.0545789
0.049299
0.052787
0.0445791
0.0503527
0.0679342
0.0627368
0.0564807
0.0501561
0.0489436
0.044643
0.0427305
0.0551287
0.0546216
0.0460067
0.0450976
0.046589
0.0464728
0.0550855
0.0576507
0.0550389
0.0475956
0.0512614
0.0473931
0.0508832
0.0447031
0.0499661
0.0471816
0.0539971
0.0470524
0.0490906
0.0544223
0.0545356
0.0520909
0.0488839
0.0583101
0.0359199
0.0371046
0.0620039
0.0609864
0.0481667
0.0687289
0.0398299
0.0650757
0.0604509
0.0479371
0.035871
0.0415046
0.0507341
0.0442173
0.0444498
0.0593538
0.0578434
0.0406033
0.0304692
0.0506923
0.0582803
0.0484455
0.064204
0.0473054
0.0547509
0.0439753
0.0551778
0.0465954
0.0622555
0.0481219
0.0423074
0.0437628
0.0420818
0.0575922
0.0550262
0.0479681
0.057072
0.0558666
0.0408023
0.0613476
0.0650089
0.0536812
0.04774
0.0572201
0.0480873
0.050396
0.0495547
0.0610687
0.0416083
0.0500472
0.0398835
0.0473986
0.0517495
0.06232
0.0463843
0.0520954
0.0441789
0.0523797
0.051187
0.0576338
0.0500438
0.0551757
0.0430207
0.0411415
0.0563628
0.0537826
0.0469
0.05018
0.0512583
0.0579617
0.0537108
0.0547866
0.0833688
0.0602177
0.0533277
0.0510262
0.0423969
0.0524221
0.0582073
0.0576403
0.0457177
0.0390913
0.0430748
0.0441197
0.0411906
0.0407332
0.0467022
0.046058
0.070797
0.0453554
0.0535242
0.0605288
0.0499761
0.0580477
0.0616305
0.0480149
0.0536054
0.059168
0.0695341
0.0484024
0.057214
0.0434486
0.0376698
0.0512333
0.0563034
0.0404617
0.0517886
0.0562319
0.0686456
0.0615164
0.0663048
0.0499444
0.0398951
0.046619
0.0700189
0.047551
0.0475954
0.0441543
0.0509888
0.0371967
0.0534107
0.0423189
0.0440889
0.0510667
0.0456558
0.0443284
0.0513903
0.0478557
0.0592077
0.0522261
0.0564271
0.0456329
0.0444317
0.0534592
0.0500669
0.0454031
0.053989
0.0605416
0.0543821
0.0556986
0.0391039
0.0442178
0.0422974
0.0455994
0.0596659
0.0548505
0.0557228
0.0592371
0.0536505
0.0539779
0.0469374
0.0523917
0.0525233
0.0594453
0.0502777
0.0514487
0.0475919
0.0550997
0.0467402
0.0476523
0.0517466
0.0588419
0.0530352
0.0438709
0.0451808
0.0462352
0.0572993
0.0488004
0.0309797
0.0458757
0.0565962
0.0425131
0.0314729
0.0512318
0.0570703
0.0600991
0.0510225
0.0402422
0.0408455
0.0625417
0.0453515
0.0463517
0.0400609
0.0486106
0.0586974
0.0460349
0.0417186
0.0417778
0.0581223
0.0480657
0.0488504
0.0548305
0.0496505
0.0439539
0.0448684
0.0649277
0.0433927
0.030993
0.0400066
0.0559185
0.0456633
0.050587
0.0406246
0.0485888
0.0566258
0.0481807
0.0489685
0.0575597
0.046771
0.0440358
0.0455271
0.0638261
0.0470545
0.0415963
0.0471573
0.0627323
0.0631312
0.0496698
0.0445405
0.0482396
0.0411664
0.0532667
0.0509237
0.0457485
0.0651973
0.0510226
0.0642097
0.057236
0.0649733
0.049198
0.0493572
0.0536837
0.0423046
0.0452943
0.0612006
0.0513247
0.050622
0.0554151
0.0406138
0.0468108
0.0500303
0.0706479
0.0466216
0.0634971
0.0511382
0.0546163
0.0437082
0.0601911
0.0440312
0.0490155
0.03902
0.05226
0.0707092
0.0473143
0.0552336
0.0473295
0.0589396
0.0564213
0.0492226
0.0532316
0.0693532
0.04327
0.0477361
0.0528396
0.0519805
0.0476274
0.0494935
0.061534
0.0468971
0.0468733
0.0600381
0.0391727
0.0338277
0.039642
0.0483452
0.051799
0.0567939
0.0548816
0.0456615
0.041253
0.0493946
0.0454551
0.0523296
0.0659238
0.04461
0.0522798
0.0493843
0.0689574
0.0585539
0.052625
0.0651287
0.0558468
0.0395368
0.0478096
0.050648
0.0489342
0.034879
0.0426882
0.0548108
0.039709
0.057504
0.0518465
0.0600035
0.051164
0.0505872
0.0557146
0.0410113
0.0407612
0.0566664
0.0585765
0.0538979
0.0551003
0.0508509
0.0582048
0.0481176
0.0478144
0.050989
0.0389889
0.046258
0.0509387
0.0419907
0.0461757
0.0540575
0.0379564
0.0420048
0.0547257
0.059031
0.0548033
0.038579
0.052023
0.0453059
0.045346
0.0640004
0.0335566
0.0562281
0.041685
0.0478234
0.0525896
0.043037
0.05259
0.0495297
0.0552005
0.0587042
0.0541882
0.042647
0.0438605
0.0404875
0.051229
0.0551692
0.0412212
0.0584966
0.0774219
0.0615898
0.0496525
0.0514437
0.0523916
0.044482
0.0636088
0.0410291
0.0691546
0.0583489
0.0441093
0.0685815
0.047497
0.0456127
0.0513497
0.0426324
0.0472697
0.0555653
0.0544128
0.0625361
0.0570852
0.0635846
0.0443731
0.0546257
0.0501875
0.0590582
0.0487024
0.0565487
0.0551966
0.0617714
0.0431917
0.0482805
0.0432054
0.0413044
0.0466992
0.0517367
0.0528085
0.0449405
0.0443789
0.0494297
0.0436219
0.055112
0.0620138
0.0452382
0.0643139
0.0463005
0.0545553
0.049699
0.0498346
0.0439517
0.0474567
0.0598973
0.0524033
0.0493648
0.058591
0.0341523
0.0588888
0.0582813
0.0516319
0.0480718
0.0426502
0.040644
0.0388741
0.058974
0.0448075
0.0509822
0.0453938
0.0567322
0.0435367
0.0513975
0.050123
0.0445626
0.076171
0.0501557
0.053805
0.0440716
0.0661473
0.0450451
0.0584795
0.0521594
0.0457634
0.0454135
0.0547783
0.0452803
0.0536986
0.0470692
0.0476351
0.0443884
0.042783
0.0553031
0.0501042
0.0464883
0.0500403
0.0467049
0.0606402
0.062059
0.0541657
0.0490197
0.0609038
0.044632
0.0437298
0.0653833
0.0506571
0.0610405
0.0583808
0.0518162
0.0387231
0.044039
0.0439425
0.0575745
0.0450922
0.0577698
0.0509243
0.0415484
0.0643722
0.0407724
0.0511443
0.0532984
0.0557862
0.0545791
0.0577474
0.0510027
0.0510815
0.0525584
0.0484988
0.0504963
0.0464398
0.0637187
0.052449
0.0449959
0.0446528
0.0439494
0.0507321
0.0377126
0.0478974
0.0443051
0.0427204
0.0425815
0.0467755
0.0373676
0.0508909
0.0530699
0.0566301
0.0487606
0.0487537
0.0422904
0.0559675
0.0545778
0.0423773
0.0450091
0.0663636
0.066404
0.0544589
0.0570463
0.0546612
0.0468248
0.0571124
0.0468258
0.0578107
0.0533516
0.0491416
0.053221
0.0570984
0.0564686
0.0424044
0.0503754
0.0508444
0.0395246
0.0475049
0.0545432
0.0447731
0.0476842
0.0433845
0.0456946
0.0326989
0.0635285
0.0566228
0.0493643
0.0473905
0.0485273
0.036328
0.0453626
0.0454011
0.0523452
0.0528684
0.0578856
0.0635801
0.0469416
0.0563845
0.0409706
0.0412104
0.0544218
0.0400753
0.053771
0.0422494
0.0440338
0.047844
0.0598614
0.0659113
0.048318
0.0480606
0.0688323
0.0577015
0.0427041
0.0457589
0.0542329
0.0402894
0.0495449
0.0487611
0.0731988
0.0478769
0.0555521
0.0407368
0.0389375
0.0472883
0.0490661
0.050354
0.0416421
0.0488042
0.060466
0.0406948
0.0515845
0.0501714
0.0460941
0.0442013
0.0562372
0.045482
0.0527854
0.0353564
0.0534612
0.0507861
0.0478364
0.058104
0.0488407
0.0509721
0.0517655
0.0460997
0.053121
0.0482119
0.0410767
0.0521946
0.0404723
0.0531667
0.0504718
0.0366067
0.0606876
0.0519692
0.0520614
0.0481746
0.0576311
0.0455838
0.0408397
0.0532354
0.0694387
0.0460973
0.0527483
0.0451758
0.0599776
0.0395688
0.0428788
0.043761
0.0359012
0.0423888
0.0396869
0.0459817
0.0485332
0.0467126
0.0572857
0.0473748
0.0426227
0.053259
0.0408864
0.0552595
0.0424976
0.0580232
0.0388584
0.0487134
0.0357622
0.0632847
0.0428895
0.0571916
0.0587371
0.052501
0.0480094
0.0388647
0.042547
0.041456
0.0488733
0.0471455
0.052948
0.0542289
0.0630817
0.0658761
0.0567401
0.0442262
0.0430222
0.0559769
0.0422834
0.0657485
0.0588958
0.0572456
0.0499208
0.0605362
0.054639
0.0613447
0.0538973
0.0422521
0.052356
0.0528707
0.0463055
0.0505366
0.0467666
0.0491798
0.054764
0.0541267
0.0578546
0.052497
0.0479085
0.0526934
0.0622553
0.0568197
0.0431357
0.0545733
0.0435459
0.0461248
0.0557461
0.052975
0.0486043
0.0614946
0.0377602
0.0503706
0.0577668
0.0465188
0.0589294
0.0661857
0.0571012
0.0447303
0.0457828
0.0571435
0.0457548
0.0513715
0.0604546
0.0502566
0.0511281
0.0494617
0.0455569
0.0674642
0.0532438
0.0431321
0.0446151
0.0480546
0.0396758
0.0531819
0.0544715
0.0481354
0.0488792
0.0614723
0.0458226
0.0502662
0.0423896
0.0499144
0.0652737
0.0575018
0.0396368
0.055274
0.0444426
0.0469286
0.0531609
0.0540192
0.038086
0.0435679
0.0576728
0.0480313
0.052463
0.0470201
0.060109
0.0457922
0.0621996
0.0512671
0.0424184
0.0655392
0.0468958
0.0450485
0.0542916
0.0570219
0.0463579
0.0490876
0.0457978
0.044202
0.055377
0.0585135
0.0473236
0.0467547
0.0606766
0.0427256
0.0400117
0.0617065
0.0416623
0.067567
0.0495987
0.0515954
0.0465104
0.0471916
0.0505989
0.0473789
0.0549049
0.0633894
0.0518864
0.0474617
0.0542591
0.0457977
0.0440186
0.0467868
0.0466074
0.0355816
0.0535899
0.0490336
0.0445751
0.0474891
0.0547498
0.0373266
0.0363223
0.0420059
0.0431634
0.0654081
0.0421591
0.0412191
0.0446077
0.041069
0.0543577
0.0405221
0.0376062
0.0563821
0.050064
0.0510031
0.0495167
0.0576024
0.0459509
0.0507073
0.0487491
0.0628105
0.0502507
0.0391938
0.040245
0.0428535
0.0492121
0.0419952
0.0437402
0.0432446
0.0374829
0.0689658
0.0678583
0.0570651
0.0452087
0.0399186
0.0553395
0.0563358
0.0553423
0.0429026
0.0403802
0.0411957
0.0501264
0.0563296
0.0471942
0.0511274
0.0453299
0.0525057
0.0567539
0.0563302
0.0533917
0.0467693
0.0522972
0.0441492
0.053009
0.052279
0.0410594
0.0606043
0.0610144
0.05
0.05
0.05
0.05
0.05
0.05
0.05
0.05
0.05
0.05
0.05
0.05
0.05
0.05
0.05
0.05
0.05
0.05
0.05
0.05
0.05
0.05
0.05
0.05
0.05
0.05
0.05
0.05
0.05
0.05
0.05
0.05
777777