2.69658
999999
-0.0699424
-0.104782
-0.174463
-0.116035
-0.145136
-0.0769856
0.00736168
0.128072
-0.160215
-0.189166
-0.107883
-0.196842
0.0866167
0.00553476
-0.0737878
-0.176431
-0.153266
-0.0579538
0.0687921
0.0228811
0.0560091
-0.0488433
0.128767
-0.151426
0.159259
-0.163975
0.076101
0.139533
0.10696
0.133812
0.0375041
-0.0753025
0.0874038
-0.00724586
0.0421298
0.187027
-0.192193
-0.156026
0.0450033
0.0342141
0.188031
-0.125482
0.18614
0.184403
-0.199006
-0.146914
-0.0925609
-0.0835296
0.0446104
-0.106824
-0.0777143
0.116607
0.18448
0.0603465
0.1781
-0.135175
-0.155527
-0.19056
0.0129959
0.137093
-0.180284
-0.193069
-0.0199728
-0.0259356
0.0720356
-0.0884625
0.0851523
-0.0242491
-0.0336183
0.0320284
0.0739878
0.0870605
-0.0692235
-0.00472393
-0.168444
0.139877
-0.0551929
-0.022404
0.0302721
-0.119154
0.0912576
0.132264
0.12385
-0.0358375
-0.113104
0.0993857
-0.183635
0.0891487
0.0754822
-0.186097
0.156557
0.12023
-0.157138
-0.1569
-0.049057
-0.110603
-0.0268484
0.0584688
0.135833
0.0530343
-0.0239083
0.135396
0.107026
-0.01797
0.106121
0.11151
-0.139123
0.173777
0.177321
-0.170293
-0.193962
-0.0349268
0.175294
0.142674
-0.00334903
0.0676538
0.0124332
0.0911355
0.132095
0.0632664
-0.0458271
-0.115476
-0.0371538
0.0463789
0.0320809
0.0784545
-0.0719042
0.0278922
-0.11344
-0.0576323
0.125393
0.0771292
-0.0423046
0.157994
0.12665
0.189241
-0.0656242
0.140699
0.0876075
-0.138984
-0.178306
0.0355907
-0.0898355
-0.182976
0.164449
-0.0436385
-0.080808
-0.120494
-0.150606
-0.080892
-0.198069
0.188478
-0.0485264
0.0453441
0.0256129
0.0685583
0.0703635
-0.0373452
0.18506
0.106922
-0.0846698
-0.185698
0.143951
0.115078
-0.110923
-0.115292
0.0631345
-0.00626952
0.0508544
-0.143571
0.170907
-0.0146013
0.0857042
-0.131031
0.137179
0.132068
-0.00676719
0.131053
0.0392722
0.0346411
-0.073816
-0.0749879
0.0239282
-0.0908163
0.0553089
-0.18017
-0.118657
-0.172419
0.197384
-0.0654115
0.00140092
-0.0223251
-0.166742
-0.0961792
0.142222
-0.0517055
-0.0978603
-0.00857248
0.0119035
-0.17295
-0.178191
0.00152398
0.100166
0.0646284
0.19851
-0.0705931
-0.115817
-0.108415
0.110869
0.198607
0.100711
-0.193516
0.119375
-0.125916
-0.0448919
-0.174151
-0.195241
-0.0740205
-0.126003
-0.065966
-0.132704
-0.182009
0.125976
0.116786
-0.150793
0.0443094
0.131292
0.0199595
-0.149741
-0.0743261
-0.117235
0.101101
-0.00942162
0.113307
0.0756713
-0.0998526
-0.181709
0.0324587
0.018173
-0.176165
0.135289
-0.0771898
0.154684
-0.0993689
-0.152661
0.111545
-0.0693513
0.0629796
0.026165
-0.0504341
-0.0814835
0.0230476
0.0827562
0.113263
-0.0276232
0.146605
-0.00213823
-0.169794
0.0157496
0.112546
-0.1911
0.0573072
0.085335
0.0183154
0.0419535
0.0645561
0.0285237
-0.167227
-0.120898
0.0458716
0.142763
-0.127208
-0.0520081
-0.0755512
0.164845
0.0766484
-0.140248
0.183043
0.13193
0.0155767
0.0459484
-0.0540385
-0.016904
-0.17588
-0.190929
0.0290341
0.0761518
-0.0587172
0.196488
-0.126944
-0.00384521
-0.0668924
0.0432973
0.161044
0.0708378
0.0260289
-0.0339009
0.146534
0.119686
-0.00846648
-0.157433
0.142702
0.13757
-0.102847
-0.0835879
-0.0285063
0.101037
0.165853
0.0907927
-0.0147285
-0.191748
0.0571908
0.0973288
-0.0345604
0.143525
0.145982
0.0444344
0.185856
-0.158391
-0.153018
0.168945
0.00630656
-0.0663701
0.128693
0.0294191
-0.0164584
-0.162639
-0.154494
0.0813466
-0.0420801
-0.0925985
-0.0898222
-0.0485967
0.130263
-0.0113619
0.169127
-0.139698
-0.139963
0.0463147
0.140299
-0.186881
-0.148302
0.0990139
0.00072727
0.143013
0.0545537
0.103276
0.0687699
0.154279
0.162927
-0.0375483
-0.0991724
0.0416137
-0.147633
-0.0145361
-0.101244
-0.0142341
0.181154
-0.0231805
0.0679484
-0.0784188
-0.0377719
-0.163811
-0.125656
0.00566576
0.127642
-0.131735
0.140008
-0.0222063
0.0590933
-0.13001
-0.188429
-0.0765867
-0.0399304
0.0770978
0.184796
0.0481032
-0.128643
-0.190575
0.121511
-0.0891906
-0.111343
-0.00805872
-0.0291621
-0.0304854
-0.102534
0.036194
-0.181193
-0.0202865
0.00207254
0.179969
0.103763
-0.188346
-0.0087185
0.121694
-0.140811
-0.0639598
-0.0340207
-0.0989689
-0.101146
0.063858
-0.0669036
-0.0602722
0.113538
-0.0438868
0.105893
0.133143
0.135577
0.122364
-0.00962658
-0.14626
-0.189765
0.114329
-0.121677
0.137311
0.18332
-0.191012
-0.00240334
0.0259462
-0.0417731
-0.153092
-0.0903934
-0.0926186
-0.130027
-0.0151717
-0.0117157
0.18743
0.0631918
0.17054
0.18068
0.0191849
-0.195979
0.111999
0.0669106
-0.124872
-0.041928
-0.0800724
-0.0400451
0.0717234
-0.115605
0.0104251
0.0500503
0.130169
-0.147822
-0.138435
0.141158
0.12893
-0.131352
0.120218
0.0886806
0.0614996
-0.155682
-0.0572927
-0.0379773
0.173012
-0.0365228
-0.12249
0.0565275
-0.0671148
0.154444
0.0163642
0.0381512
-0.128157
0.184376
0.0655567
0.00283924
-0.116031
-0.179913
0.136987
-0.182663
0.0716692
0.120829
-0.125197
0.00587696
-0.142397
0.0235378
-0.018546
0.106471
0.158349
-0.173803
-0.0435283
0.024531
-0.00941417
-0.107314
0.000314619
0.0945925
-0.151602
-0.128202
-0.0391704
0.129087
-0.144232
-0.121373
0.076873
-0.0470387
0.104001
0.114558
-0.137501
0.0397345
0.0103599
-0.0296814
0.0461316
0.0804952
0.195051
0.18325
-0.0696136
-0.134334
0.0064832
-0.117319
0.0296562
-0.0244088
-0.05271
0.188223
0.0442816
0.122226
0.0716357
-0.0402856
-0.140914
-0.163241
0.12756
0.185392
-0.00996425
0.0465691
-0.0925019
-0.111097
-0.0860403
0.0285265
-0.127659
0.160456
-0.0500319
0.169281
-0.0216592
-0.0714932
-0.176745
-0.103455
-0.00636187
-0.134325
-0.199555
0.0666934
0.147848
-0.148504
-0.0897389
0.175763
-0.0876722
-0.0830824
0.159998
-0.195073
-0.106621
-0.0926409
0.0708685
0.114117
0.144416
0.147065
-0.136214
-0.133962
0.0179229
-0.0100041
0.099821
-0.0393782
0.174863
0.0331034
0.0822325
-0.0841228
0.0884033
0.0877801
0.140601
0.0884244
-0.0526582
-0.0760334
-0.1686
-0.180732
-0.0769285
0.169482
0.0385547
-0.0348942
0.185221
0.151182
0.0902008
0.125905
-0.085705
-0.15546
0.0563123
0.0444647
0.188519
0.144572
-0.0307479
-0.0630228
-0.0213468
-0.0330876
-0.0676142
0.17908
-0.164964
-0.000213054
0.0387568
-0.170106
-0.131238
-0.0877718
-0.00765783
-0.0472875
0.136967
0.0546925
0.0684858
-0.00563879
0.0124338
0.0923577
0.188346
-0.0764249
0.098324
-0.162448
0.0924688
0.0748312
-0.0714691
-0.185936
-0.112297
0.0258824
0.0800398
-0.141645
-0.18641
0.0923474
-0.109937
0.0754501
-0.126779
-0.138959
0.133668
0.0945984
0.027304
0.0322903
0.0295618
0.134322
0.171058
0.0340936
-0.12034
-0.0612091
0.176402
0.190368
-0.0427624
0.19792
0.0760592
-0.15902
0.072775
0.0519379
-0.0841995
-0.118429
-0.193007
0.102928
0.158546
-0.0523398
-0.121198
-0.0659385
-0.0343787
-0.163999
-0.105237
-0.124203
-0.0748874
0.0701861
0.172562
-0.193283
0.00283823
-0.0389388
-0.153951
0.117105
-0.0407898
0.0019371
-0.194281
0.13716
-0.126981
-0.164633
0.13314
-0.17008
0.0685624
-0.0756399
0.0994039
-0.118491
0.0221611
0.103201
-0.173269
0.14454
-0.199348
-0.0644039
0.179233
0.0423618
0.00854807
-0.156693
0.166293
0.0141132
0.138975
-0.00850165
-0.0390088
-0.0213594
0.17269
0.136055
0.0727334
0.0328001
-0.0299945
0.149525
0.0725502
-0.0750167
-0.192603
0.0283922
-0.106506
0.147843
-0.0701973
0.092819
0.195711
0.102478
0.198426
0.0224754
-0.0240641
-0.0680012
-0.185699
-0.094496
0.188555
-0.0928911
-0.0767349
0.0670422
0.175054
-0.00183011
0.166633
0.0186576
0.167505
-0.0716364
0.148454
-0.0981811
-0.193959
0.170285
-0.116817
0.15022
-0.177805
0.116302
0.0630154
-0.0877191
0.0900442
-0.153761
0.0811704
-0.0964045
0.124621
-0.111344
-0.142517
-0.0781944
-0.0916926
0.0885977
0.0337674
0.111579
-0.138275
0.0936913
-0.0503244
0.169776
-0.10906
0.070311
0.0814634
0.128769
0.105391
-0.0159616
-0.0899945
-0.0127913
-0.136924
0.171753
0.145706
0.100007
0.0394023
0.12886
0.0802688
0.197763
0.159043
0.0964662
0.188529
-0.193126
-0.106794
-0.088825
-0.155683
0.0378014
-0.0994871
0.0925376
0.151043
0.0137058
-0.119078
0.117424
-0.116275
-0.190648
-0.171697
0.189869
-0.0731462
0.0690289
-0.0958103
0.0375292
0.125235
0.0445758
-0.170681
0.187056
0.00312835
-0.0137367
-0.126572
-0.132792
-0.0270872
0.0939414
0.147552
-0.153775
-0.154295
-0.127874
0.00355346
0.0340458
-0.195401
-0.108861
-0.0464589
0.178521
0.136464
-0.0927944
0.115124
0.138512
0.140742
-0.0121789
0.0471008
0.00937008
0.0407901
0.184279
-0.171501
-0.0453989
0.0520688
0.148963
-0.15686
-0.152518
0.126498
-0.148681
0.170605
0.181695
-0.0732572
-0.0171092
0.0705199
0.0325943
-0.0604744
0.101061
0.0501108
-0.0397422
-0.0400961
0.151339
0.0835827
-0.0653157
0.165594
-0.155579
-0.119608
0.10363
-0.0354846
0.0458269
0.0678258
-0.107138
-0.158675
0.162101
0.15978
0.139611
-0.0294554
-0.0403827
-0.184697
-0.134265
0.0236084
0.0804561
0.0820304
0.148273
0.127689
0.147205
-0.0291485
-0.15042
0.198771
-0.0241667
0.0193487
-0.0828167
0.183436
-0.0883587
0.121516
0.177175
0.159287
-0.115256
0.126615
-0.149506
-0.0915019
0.0948452
0.170223
0.0769434
-0.0907391
-0.120842
0.0243442
0.165988
-0.00583297
0.112841
-0.0674917
-0.156238
-0.198361
-0.012054
-0.00960203
0.0576839
0.0596448
-0.176847
-0.174978
0.0867161
-0.0905998
-0.00892056
-0.0610528
-0.101356
0.0218106
-0.0750999
0.0624377
-0.026583
-0.120776
-0.104215
0.185546
-0.158819
-0.0582348
0.177974
0.0941294
-0.0410953
-0.118542
0.0504537
-0.172168
0.137745
0.0820452
-0.0948054
0.0624026
-0.0998159
0.16733
0.185589
0.143392
-0.18638
-0.00878918
-0.0860505
0.0416861
-0.168975
0.145088
0.0595841
-0.196928
-0.00147016
0.0363591
0.159553
-0.0214461
0.105445
-0.0913846
-0.0590931
0.15547
0.0613933
-0.128101
0.00151125
0.107047
-0.0213086
-0.142892
0.0654106
0.143328
-0.0923676
0.0517676
0.0392357
-0.144521
-0.0652826
0.0601082
0.176661
0.0960706
-0.0016248
0.127899
0.1311
-0.150972
-0.0853319
0.102875
-0.179778
-0.0802552
0.0863914
0.0362365
-0.11546
0.16518
-0.0725848
-0.0666526
-0.0217919
-0.0669099
0.0989221
0.0607056
0.063421
0.000187209
-0.11175
-0.0128745
-0.108008
-0.14746
0.00156256
-0.112705
-0.179968
0.168394
0.138538
-0.137382
0.116443
0.00568011
-0.170914
0.0895013
0.158688
0.0299206
0.192264
-0.193872
0.0782301
0.186413
-0.035353
-0.157779
-0.0873072
-0.175407
0.139611
-0.0881746
-0.197449
0.0565489
-0.103968
-0.122415
-0.168662
0.166858
0.133589
-0.078924
0.104374
0.0128164
-0.0491157
-0.0795581
0.0260565
-0.0839711
0.160118
0.155578
0.0864283
0.135886
0.0419254
-0.00829052
0.064167
-0.127822
0.032538
0.167388
-0.0236543
-0.0546376
0.0539454
-0.138087
0.0677334
0.120256
0.115537
0.028931
-0.0981663
-0.115604
-0.0678389
0.0365928
-0.0628616
0.0918881
0.0574219
-0.0965798
-0.0662853
-0.193708
0.15528
-0.183606
-0.190888
0.00495471
-0.16046
0.0123115
0.170837
0.134039
-0.0695
-0.0677544
-0.179155
0.155421
-0.154777
-0.195937
-0.135075
-0.12176
0.191821
-0.0808203
-0.15418
-0.0826901
0.0372266
-0.0671201
0.198368
0.0206498
0.14761
0.197796
-0.180392
0.106927
-0.154327
-0.162323
-0.0938079
-0.136407
0.127009
0.103946
-0.110336
0.0745296
-0.0980801
-0.136087
0.0547066
0.191055
0.144593
-0.16095
-0.155397
0.0121507
-0.166679
-0.0747138
-0.0701499
0.03745
-0.194165
0.0657989
-0.0834946
-0.0822325
-0.142168
-0.113891
-0.0200568
-0.108835
-0.0356148
0.0767188
0.0422345
-0.0118927
0.0111355
0.0513959
0.0366619
0.0162872
-0.193813
-0.0834477
0.0131234
-0.00538223
0.168445
-0.0398851
0.142144
0.195485
-0.0563667
-0.0313635
0.0508975
-0.109552
-0.163726
0.132219
0.101072
-0.0730568
0.109365
0.197268
0.16918
0.0907407
0.193473
-0.00118456
-0.10458
0.195989
-0.181782
0.0106408
0.134496
0.09851
0.156103
0.0102731
-0.118899
-0.0966356
0.00280607
-0.0691312
-0.158842
0.196627
-0.184688
-0.0794374
0.185274
-0.17141
0.129421
0.0174991
0.151093
-0.148296
0.152602
0.00911971
-0.142343
0.0500663
-0.00469632
0.0577455
-0.195825
0.189889
-0.0669313
-0.0521771
-0.118419
-0.125808
0.138591
-0.156922
-0.17585
-0.0436508
-0.135889
0.148155
-0.148592
-0.0280808
0.171491
0.0456453
-0.198851
0.188977
0.0216951
0.198371
0.00841065
0.155659
-0.0376502
0.147768
-0.140573
-0.151725
-0.0580496
-0.0528714
-0.105533
-0.151719
0.132669
0.167091
0.0724586
0.0976769
-0.181822
-0.187379
-0.0239445
-0.0824245
-0.118028
-0.165171
-0.0171708
-0.153347
0.135537
-0.121544
-0.0691046
-0.163124
0.0784225
0.0852981
-0.142688
-0.00356627
0.175653
0.194696
-0.128561
0.0654311
-0.0937925
0.164941
0.175931
-0.0233788
0.0534439
-0.104605
-0.0112179
-0.00690404
0.130361
-0.00369796
-0.167244
-0.0801314
-0.0413199
0.154256
-0.115528
-0.0139214
0.0559234
0.1479
0.104418
0.0768664
-0.162975
0.122951
0.136411
0.0474632
-0.199873
-0.15504
-0.141964
-0.196289
0.174274
-0.135641
-0.0405774
-0.183059
0.154858
-0.0449173
0.16196
-0.0647001
0.0987222
0.0224621
-0.193715
-0.17972
0.0154697
-0.190472
-0.143376
0.00945703
0.181653
0.122589
0.0369023
0.0867919
-0.128681
0.166844
0.127726
0.036381
0.120572
-0.0517946
-0.150659
0.034874
0.128235
-0.155887
-0.184395
0.0449119
0.141861
0.0616393
0.0501662
0.0393257
0.0261204
0.0358265
0.0596841
-0.0120642
-0.00964806
-0.0798044
-0.0194661
-0.149129
0.107221
-0.0923291
-0.190893
0.178457
-0.0357722
0.188228
-0.102944
-0.170352
0.0386946
0.0216433
0.0958172
-0.147961
0.0651262
-0.11293
0.168436
0.120709
-0.0903531
-0.160102
0.07207
0.119912
0.157497
-0.0203958
-0.165287
0.0240906
-0.196166
-0.0856251
-0.0699109
0.163902
-0.0715917
-0.18262
0.194402
-0.0330421
-0.0851548
-0.19747
-0.0745498
0.00815042
-0.0166328
0.170673
-0.0032947
-0.0560924
0.0318213
0.00966629
0.159952
-0.184629
-0.0678293
-0.147441
0.0530213
-0.0903801
-0.100976
-0.168803
-0.0588267
0.16493
-0.032108
0.0432243
0.183667
0.192205
0.149078
0.177862
0.181629
-0.0520063
0.108091
0.153887
-0.118657
-0.0529285
0.158195
0.148538
0.0100967
-0.0235891
-0.0543269
-0.171849
-0.0384072
0.12105
0.0166068
-0.122425
-0.0302771
0.0317832
-0.18254
0.163907
0.100707
0.0235233
0.0665486
-0.128772
0.185183
-0.194744
0.155286
0.122459
0.151705
-0.0694879
0.0343593
0.0494068
-0.0712923
-0.0577034
-0.0858489
0.0837063
-0.105179
0.0844801
0.0215544
0.156371
0.191802
-0.0465422
0.0209415
0.0445016
-0.00675543
-0.0252122
0.0141159
-0.0495728
0.0585923
0.0875937
-0.114846
0.0858204
-0.146797
-0.169943
-0.111021
-0.0413305
-0.0389118
0.0584565
-0.162962
-0.166291
-0.0408257
-0.00210804
0.123829
0.0299383
0.0587063
-0.00877452
-0.151986
0.0505373
0.00623212
0.0400144
-0.00408018
0.0958833
-0.0376988
0.0586976
-0.0644281
-0.159933
0.0326669
0.129953
-0.00873977
-0.110484
-0.0679449
0.0176159
-0.14452
0.0827195
-0.174186
0.194379
0.0267177
-0.105643
0.18152
-0.176423
-0.0951214
-0.104378
-0.13975
-0.0838382
0.15688
0.00189334
-0.0368368
0.124648
-0.0182247
-0.0754076
0.1716
-0.0529318
0.055475
-0.00729912
-0.0504391
-0.00373187
-0.157355
-0.0305455
0.191452
-0.18887
-0.163152
-0.0833126
0.0169587
-0.0621179
0.165838
-0.0670304
0.144044
-0.151634
-0.16454
-0.125562
0.149369
0.148648
0.174158
-0.0628328
0.11037
0.123674
-0.0362899
0.130531
0.083972
-0.01906
0.0576863
0.117452
0.15456
-0.181197
-0.164814
0.129612
0.106122
0.0455035
-0.0668744
0.172629
0.0881501
0.19506
-0.152945
-0.0660668
-0.0264764
0.00263931
-0.145623
0.0807134
0.0161878
-0.150145
0.0827792
0.0355525
-0.0302091
-0.031696
-0.0701868
0.0266784
0.182322
-0.136989
0.0302288
-0.147787
0.198977
-0.15828
0.174738
0.0328199
-0.0514736
-0.188319
0.0694895
0.183645
-0.197584
-0.0794704
0.049906
0.00527404
-0.147242
-0.124306
0.199274
-0.103908
-0.0402624
-0.0919224
-0.0893989
-0.0815577
-0.0906079
-0.0448662
-0.0918238
-0.17177
-0.19406
0.134282
-0.103963
-0.0811627
-0.149704
0.0626744
-0.0298416
0.115604
0.147622
0.114387
0.163901
-0.139714
-0.18914
0.158051
-0.141646
0.0715269
0.0115014
-0.110719
0.196991
0.138483
0.127856
-0.142064
-0.165829
-0.176731
0.0847799
0.114345
-0.0863687
-0.166587
0.0775673
-0.1898
-0.141116
-0.133709
0.177665
-0.133905
-0.0986437
0.148559
0.194515
0.0137526
-0.0998014
-0.0592362
0.178228
0.00920159
0.127406
0.181095
-0.0539551
-0.177988
-0.175274
-0.0509979
-0.0351591
0.137552
0.0364553
0.136723
-0.13759
-0.0116796
0.15943
0.0604033
-0.0577098
-0.00211805
-0.0181395
-0.0106006
0.107811
0.036141
0.161094
0.115999
-0.18015
-0.0399519
-0.140012
0.0471398
0.175544
0.180218
0.0849571
-0.110994
0.152364
-0.0181
-0.0362424
-0.0584642
0.0841701
-0.147714
-0.0332593
0.0244421
0.16848
-0.111522
0.158634
-0.0905054
-0.187569
0.0382813
-0.0418213
-0.18864
-0.168915
-0.0171517
0.164564
0.0859701
0.0649639
-0.0681417
-0.0944617
-0.0810955
-0.121899
0.181531
-0.0820731
0.0591014
-0.160115
-0.190387
-0.0446466
0.152484
-0.0858306
0.120947
0.152633
-0.0408881
0.0735026
-0.0522636
0.0186287
-0.000139553
0.03204
0.146821
0.0203458
0.164216
-0.00583301
0.139389
-0.128204
-0.115069
-0.0935608
-0.136453
-0.0899932
0.131611
0.0408916
0.085724
-0.0367517
-0.177916
0.0408681
-0.0854526
0.102913
-0.00449995
0.111439
-0.0355418
-0.180475
0.199405
0.101919
-0.154235
0.119799
-0.167446
-0.0199362
-0.0398344
-0.0584821
0.0946616
0.00921263
0.150476
-0.152389
-0.0105289
-0.144053
-0.109676
-0.0447105
0.00558035
-0.193117
-0.149854
0.112902
-0.0579974
-0.104268
0.12704
0.170189
-0.180365
-0.146419
-0.0325324
-0.184714
-0.192631
-0.130026
-0.1364
0.139155
0.148021
0.00229389
888888
0.0532816
-0.00571207
-0.154984
0.0280307
-0.0679616
0.0492434
0.0482991
0.134666
0.189592
0.106055
0.184528
0.0318317
-0.0751432
-0.0387902
0.0133724
0.12839
-0.0319117
0.177846
-0.0798316
-0.120336
-0.0448276
-0.031189
0.183601
-0.00168535
-0.00241247
0.0292632
-0.144114
0.161501
-0.176619
-0.157295
-0.160822
-0.00344184
0.05
0.05
0.05
0.05
0.05
0.05
0.05
0.05
0.05
0.05
0.05
0.05
0.05
0.05
0.05
0.05
0.05
0.05
0.05
0.05
0.05
0.05
0.05
0.05
0.05
0.05
0.05
0.05
0.05
0.05
0.05
0.05
0.05
0.05
0.05
0.05
0.05
0.05
0.05
0.05
0.05
0.05
0.05
0.05
0.05
0.05
0.05
0.05
0.05
0.05
0.05
0.05
0.05
0.05
0.05
0.05
0.05
0.05
0.05
0.05
0.05
0.05
0.05
0.05
0.05
0.05
0.05
0.05
0.05
0.05
0.05
0.05
0.05
0.05
0.05
0.05
0.05
0.05
0.05
0.05
0.05
0.05
0.05
0.05
0.05
0.05
0.05
0.05
0.05
0.05
0.05
0.05
0.05
0.05
0.05
0.05
0.05
0.05
0.05
0.05
0.05
0.05
0.05
0.05
0.05
0.05
0.05
0.05
0.05
0.05
0.05
0.05
0.05
0.05
0.05
0.05
0.05
0.05
0.05
0.05
0.05
0.05
0.05
0.05
0.05
0.05
0.05
0.05
0.05
0.05
0.05
0.05
0.05
0.05
0.05
0.05
0.05
0.05
0.05
0.05
0.05
0.05
0.05
0.05
0.05
0.05
0.05
0.05
0.05
0.05
0.05
0.05
0.05
0.05
0.05
0.05
0.05
0.05
0.05
0.05
0.05
0.05
0.05
0.05
0.05
0.05
0.05
0.05
0.05
0.05
0.05
0.05
0.05
0.05
0.05
0.05
0.05
0.05
0.05
0.05
0.05
0.05
0.05
0.05
0.05
0.05
0.05
0.05
0.05
0.05
0.05
0.05
0.05
0.05
0.05
0.05
0.05
0.05
0.05
0.05
0.05
0.05
0.05
0.05
0.05
0.05
0.05
0.05
0.05
0.05
0.05
0.05
0.05
0.05
0.05
0.05
0.05
0.05
0.05
0.05
0.05
0.05
0.05
0.05
0.05
0.05
0.05
0.05
0.05
0.05
0.05
0.05
0.05
0.05
0.05
0.05
0.05
0.05
0.05
0.05
0.05
0.05
0.05
0.05
0.05
0.05
0.05
0.05
0.05
0.05
0.05
0.05
0.05
0.05
0.05
0.05
0.05
0.05
0.05
0.05
0.05
0.05
0.05
0.05
0.05
0.05
0.05
0.05
0.05
0.05
0.05
0.05
0.05
0.05
0.05
0.05
0.05
0.05
0.05
0.05
0.05
0.05
0.05
0.05
0.05
0.05
0.05
0.05
0.05
0.05
0.05
0.05
0.05
0.05
0.05
0.05
0.05
0.05
0.05
0.05
0.05
0.05
0.05
0.05
0.05
0.05
0.05
0.05
0.05
0.05
0.05
0.05
0.05
0.05
0.05
0.05
0.05
0.05
0.05
0.05
0.05
0.05
0.05
0.05
0.05
0.05
0.05
0.05
0.05
0.05
0.05
0.05
0.05
0.05
0.05
0.05
0.05
0.05
0.05
0.05
0.05
0.05
0.05
0.05
0.05
0.05
0.05
0.05
0.05
0.05
0.05
0.05
0.05
0.05
0.05
0.05
0.05
0.05
0.05
0.05
0.05
0.05
0.05
0.05
0.05
0.05
0.05
0.05
0.05
0.05
0.05
0.05
0.05
0.05
0.05
0.05
0.05
0.05
0.05
0.05
0.05
0.05
0.05
0.05
0.05
0.05
0.05
0.05
0.05
0.05
0.05
0.05
0.05
0.05
0.05
0.05
0.05
0.05
0.05
0.05
0.05
0.05
0.05
0.05
0.05
0.05
0.05
0.05
0.05
0.05
0.05
0.05
0.05
0.05
0.05
0.05
0.05
0.05
0.05
0.05
0.05
0.05
0.05
0.05
0.05
0.05
0.05
0.05
0.05
0.05
0.05
0.05
0.05
0.05
0.05
0.05
0.05
0.05
0.05
0.05
0.05
0.05
0.05
0.05
0.05
0.05
0.05
0.05
0.05
0.05
0.05
0.05
0.05
0.05
0.05
0.05
0.05
0.05
0.05
0.05
0.05
0.05
0.05
0.05
0.05
0.05
0.05
0.05
0.05
0.05
0.05
0.05
0.05
0.05
0.05
0.05
0.05
0.05
0.05
0.05
0.05
0.05
0.05
0.05
0.05
0.05
0.05
0.05
0.05
0.05
0.05
0.05
0.05
0.05
0.05
0.05
0.05
0.05
0.05
0.05
0.05
0.05
0.05
0.05
0.05
0.05
0.05
0.05
0.05
0.05
0.05
0.05
0.05
0.05
0.05
0.05
0.05
0.05
0.05
0.05
0.05
0.05
0.05
0.05
0.05
0.05
0.05
0.05
0.05
0.05
0.05
0.05
0.05
0.05
0.05
0.05
0.05
0.05
0.05
0.05
0.05
0.05
0.05
0.05
0.05
0.05
0.05
0.05
0.05
0.05
0.05
0.05
0.05
0.05
0.05
0.05
0.05
0.05
0.05
0.05
0.05
0.05
0.05
0.05
0.05
0.05
0.05
0.05
0.05
0.05
0.05
0.05
0.05
0.05
0.05
0.05
0.05
0.05
0.05
0.05
0.05
0.05
0.05
0.05
0.05
0.05
0.05
0.05
0.05
0.05
0.05
0.05
0.05
0.05
0.05
0.05
0.05
0.05
0.05
0.05
0.05
0.05
0.05
0.05
0.05
0.05
0.05
0.05
0.05
0.05
0.05
0.05
0.05
0.05
0.05
0.05
0.05
0.05
0.05
0.05
0.05
0.05
0.05
0.05
0.05
0.05
0.05
0.05
0.05
0.05
0.05
0.05
0.05
0.05
0.05
0.05
0.05
0.05
0.05
0.05
0.05
0.05
0.05
0.05
0.05
0.05
0.05
0.05
0.05
0.05
0.05
0.05
0.05
0.05
0.05
0.05
0.05
0.05
0.05
0.05
0.05
0.05
0.05
0.05
0.05
0.05
0.05
0.05
0.05
0.05
0.05
0.05
0.05
0.05
0.05
0.05
0.05
0.05
0.05
0.05
0.05
0.05
0.05
0.05
0.05
0.05
0.05
0.05
0.05
0.05
0.05
0.05
0.05
0.05
0.05
0.05
0.05
0.05
0.05
0.05
0.05
0.05
0.05
0.05
0.05
0.05
0.05
0.05
0.05
0.05
0.05
0.05
0.05
0.05
0.05
0.05
0.05
0.05
0.05
0.05
0.05
0.05
0.05
0.05
0.05
0.05
0.05
0.05
0.05
0.05
0.05
0.05
0.05
0.05
0.05
0.05
0.05
0.05
0.05
0.05
0.05
0.05
0.05
0.05
0.05
0.05
0.05
0.05
0.05
0.05
0.05
0.05
0.05
0.05
0.05
0.05
0.05
0.05
0.05
0.05
0.05
0.05
0.05
0.05
0.05
0.05
0.05
0.05
0.05
0.05
0.05
0.05
0.05
0.05
0.05
0.05
0.05
0.05
0.05
0.05
0.05
0.05
0.05
0.05
0.05
0.05
0.05
0.05
0.05
0.05
0.05
0.05
0.05
0.05
0.05
0.05
0.05
0.05
0.05
0.05
0.05
0.05
0.05
0.05
0.05
0.05
0.05
0.05
0.05
0.05
0.05
0.05
0.05
0.05
0.05
0.05
0.05
0.05
0.05
0.05
0.05
0.05
0.05
0.05
0.05
0.05
0.05
0.05
0.05
0.05
0.05
0.05
0.05
0.05
0.05
0.05
0.05
0.05
0.05
0.05
0.05
0.05
0.05
0.05
0.05
0.05
0.05
0.05
0.05
0.05
0.05
0.05
0.05
0.05
0.05
0.05
0.05
0.05
0.05
0.05
0.05
0.05
0.05
0.05
0.05
0.05
0.05
0.05
0.05
0.05
0.05
0.05
0.05
0.05
0.05
0.05
0.05
0.05
0.05
0.05
0.05
0.05
0.05
0.05
0.05
0.05
0.05
0.05
0.05
0.05
0.05
0.05
0.05
0.05
0.05
0.05
0.05
0.05
0.05
0.05
0.05
0.05
0.05
0.05
0.05
0.05
0.05
0.05
0.05
0.05
0.05
0.05
0.05
0.05
0.05
0.05
0.05
0.05
0.05
0.05
0.05
0.05
0.05
0.05
0.05
0.05
0.05
0.05
0.05
0.05
0.05
0.05
0.05
0.05
0.05
0.05
0.05
0.05
0.05
0.05
0.05
0.05
0.05
0.05
0.05
0.05
0.05
0.05
0.05
0.05
0.05
0.05
0.05
0.05
0.05
0.05
0.05
0.05
0.05
0.05
0.05
0.05
0.05
0.05
0.05
0.05
0.05
0.05
0.05
0.05
0.05
0.05
0.05
0.05
0.05
0.05
0.05
0.05
0.05
0.05
0.05
0.05
0.05
0.05
0.05
0.05
0.05
0.05
0.05
0.05
0.05
0.05
0.05
0.05
0.05
0.05
0.05
0.05
0.05
0.05
0.05
0.05
0.05
0.05
0.05
0.05
0.05
0.05
0.05
0.05
0.05
0.05
0.05
0.05
0.05
0.05
0.05
0.05
0.05
0.05
0.05
0.05
0.05
0.05
0.05
0.05
0.05
0.05
0.05
0.05
0.05
0.05
0.05
0.05
0.05
0.05
0.05
0.05
0.05
0.05
0.05
0.05
0.05
0.05
0.05
0.05
0.05
0.05
0.05
0.05
0.05
0.05
0.05
0.05
0.05
0.05
0.05
0.05
0.05
0.05
0.05
0.05
0.05
0.05
0.05
0.05
0.05
0.05
0.05
0.05
0.05
0.05
0.05
0.05
0.05
0.05
0.05
0.05
0.05
0.05
0.05
0.05
0.05
0.05
0.05
0.05
0.05
0.05
0.05
0.05
0.05
0.05
0.05
0.05
0.05
0.05
0.05
0.05
0.05
0.05
0.05
0.05
0.05
0.05
0.05
0.05
0.05
0.05
0.05
0.05
0.05
0.05
0.05
0.05
0.05
0.05
0.05
0.05
0.05
0.05
0.05
0.05
0.05
0.05
0.05
0.05
0.05
0.05
0.05
0.05
0.05
0.05
0.05
0.05
0.05
0.05
0.05
0.05
0.05
0.05
0.05
0.05
0.05
0.05
0.05
0.05
0.05
0.05
0.05
0.05
0.05
0.05
0.05
0.05
0.05
0.05
0.05
0.05
0.05
0.05
0.05
0.05
0.05
0.05
0.05
0.05
0.05
0.05
0.05
0.05
0.05
0.05
0.05
0.05
0.05
0.05
0.05
0.05
0.05
0.05
0.05
0.05
0.05
0.05
0.05
0.05
0.05
0.05
0.05
0.05
0.05
0.05
0.05
0.05
0.05
0.05
0.05
0.05
0.05
0.05
0.05
0.05
0.05
0.05
0.05
0.05
0.05
0.05
0.05
0.05
0.05
0.05
0.05
0.05
0.05
0.05
0.05
0.05
0.05
0.05
0.05
0.05
0.05
0.05
0.05
0.05
0.05
0.05
0.05
0.05
0.05
0.05
0.05
0.05
0.05
0.05
0.05
0.05
0.05
0.05
0.05
0.05
0.05
0.05
0.05
0.05
0.05
0.05
0.05
0.05
0.05
0.05
0.05
0.05
0.05
0.05
0.05
0.05
0.05
0.05
0.05
0.05
0.05
0.05
0.05
0.05
0.05
0.05
0.05
0.05
0.05
0.05
0.05
0.05
0.05
0.05
0.05
0.05
0.05
0.05
0.05
0.05
0.05
0.05
0.05
0.05
0.05
0.05
0.05
0.05
0.05
0.05
0.05
0.05
0.05
0.05
0.05
0.05
0.05
0.05
0.05
0.05
0.05
0.05
0.05
0.05
0.05
0.05
0.05
0.05
0.05
0.05
0.05
0.05
0.05
0.05
0.05
0.05
0.05
0.05
0.05
0.05
0.05
0.05
0.05
0.05
0.05
0.05
0.05
0.05
0.05
0.05
0.05
0.05
0.05
0.05
0.05
0.05
0.05
0.05
0.05
0.05
0.05
0.05
0.05
0.05
0.05
0.05
0.05
0.05
0.05
0.05
0.05
0.05
0.05
0.05
0.05
0.05
0.05
0.05
0.05
0.05
0.05
0.05
0.05
0.05
0.05
0.05
0.05
0.05
0.05
0.05
0.05
0.05
0.05
0.05
0.05
0.05
0.05
0.05
0.05
0.05
0.05
0.05
0.05
0.05
0.05
0.05
0.05
0.05
0.05
0.05
0.05
0.05
0.05
0.05
0.05
0.05
0.05
0.05
0.05
0.05
0.05
0.05
0.05
0.05
0.05
0.05
0.05
0.05
0.05
0.05
0.05
0.05
0.05
0.05
0.05
0.05
0.05
0.05
0.05
0.05
0.05
0.05
0.05
0.05
0.05
0.05
0.05
0.05
0.05
0.05
0.05
0.05
0.05
0.05
0.05
0.05
0.05
0.05
0.05
0.05
0.05
0.05
0.05
0.05
0.05
0.05
0.05
0.05
0.05
0.05
0.05
0.05
0.05
0.05
0.05
0.05
0.05
0.05
0.05
0.05
0.05
0.05
0.05
0.05
0.05
0.05
0.05
0.05
0.05
0.05
0.05
0.05
0.05
0.05
0.05
0.05
0.05
0.05
0.05
0.05
0.05
0.05
0.05
0.05
0.05
0.05
0.05
0.05
0.05
0.05
0.05
0.05
0.05
0.05
0.05
0.05
0.05
0.05
0.05
0.05
0.05
0.05
0.05
0.05
0.05
0.05
0.05
0.05
0.05
0.05
0.05
0.05
0.05
0.05
0.05
0.05
0.05
0.05
0.05
0.05
0.05
0.05
0.05
0.05
0.05
0.05
0.05
0.05
0.05
0.05
0.05
0.05
0.05
0.05
0.05
0.05
0.05
0.05
0.05
0.05
0.05
0.05
0.05
0.05
0.05
0.05
0.05
0.05
0.05
0.05
0.05
0.05
0.05
0.05
0.05
0.05
0.05
0.05
0.05
0.05
0.05
0.05
0.05
0.05
0.05
0.05
0.05
0.05
0.05
0.05
0.05
0.05
0.05
0.05
0.05
0.05
0.05
0.05
0.05
0.05
0.05
0.05
0.05
0.05
0.05
0.05
0.05
0.05
0.05
0.05
0.05
0.05
0.05
0.05
0.05
0.05
0.05
0.05
0.05
0.05
0.05
0.05
0.05
0.05
0.05
0.05
0.05
0.05
0.05
0.05
0.05
0.05
0.05
0.05
0.05
0.05
0.05
0.05
0.05
0.05
0.05
0.05
0.05
0.05
0.05
0.05
0.05
0.05
0.05
0.05
0.05
0.05
0.05
0.05
0.05
0.05
0.05
0.05
0.05
0.05
0.05
0.05
0.05
0.05
0.05
0.05
0.05
0.05
0.05
0.05
0.05
0.05
0.05
0.05
0.05
0.05
0.05
0.05
0.05
0.05
0.05
0.05
0.05
0.05
0.05
0.05
0.05
0.05
0.05
0.05
0.05
0.05
0.05
0.05
0.05
0.05
0.05
0.05
0.05
0.05
0.05
0.05
0.05
0.05
0.05
0.05
0.05
0.05
777777