2.73437
999999
-0.0168278
-0.108837
0.0399289
-0.135356
-0.177458
-0.105735
0.0949257
0.0862909
-0.551827
-0.214751
0.0592802
-0.194817
0.13896
-0.0615751
-0.0957381
-0.15543
-0.140916
0.348838
0.257578
0.0499804
0.00525
-0.0575182
0.110832
-0.149638
0.161146
-0.156681
-0.0978683
0.291087
0.10962
0.210185
-0.0383202
-0.0779148
0.0672692
0.0349715
0.0633962
0.170244
-0.12988
-0.136368
0.0450955
0.0360146
0.184279
-0.227071
0.14606
0.159955
-0.182999
-0.167496
-0.0439322
-0.162081
0.0332718
-0.102046
-0.0843423
-0.0299709
0.209694
0.112272
0.185455
-0.0520568
-0.1263
-0.12844
0.0109543
0.137746
-0.191289
-0.328787
-0.0256467
-0.117864
0.109416
-0.117948
0.0148844
-0.0427411
-0.0914338
0.0660271
0.103598
-0.0015199
0.00126899
-0.00574032
-0.180432
0.264492
-0.0409384
0.00829731
-0.00765952
-0.0936597
0.0986351
0.219296
0.152472
-0.044262
-0.156245
0.0353415
-0.193974
0.0520944
0.0345215
-0.166043
0.170852
0.175009
-0.142989
-0.201025
-0.0429108
-0.0826445
0.0351248
-0.0113837
0.180467
0.0935371
-0.0499694
0.0892969
0.113641
-0.0246129
0.0139613
0.0589507
-0.186574
0.279865
0.227747
-0.243865
-0.1956
-0.0588466
0.187474
0.196232
0.0258503
0.015094
0.0582241
0.065153
0.0995114
0.0829796
0.0246804
-0.140826
-0.00412696
0.0420465
0.0882145
-0.103151
-0.121644
0.0736613
-0.0735573
-0.0373339
0.160457
0.0899942
-0.081486
0.138713
0.106266
0.15692
-0.0848754
0.137976
0.0938037
-0.114591
-0.0711171
0.123787
-0.0696817
-0.172477
0.243612
0.0177547
-0.0719751
-0.101198
-0.0735333
-0.0745029
-0.146338
0.167141
-0.00486198
0.0828023
0.0763807
0.0466112
0.121
0.020911
0.206012
0.176927
-0.0983086
-0.307391
0.21541
0.0875358
-0.182156
-0.0904737
-0.0251375
-0.047463
0.00232874
-0.182146
0.229989
-0.041889
0.11059
-0.184146
0.0897809
0.146463
0.0023739
0.216234
-0.00375815
0.085455
-0.0603356
-0.0739923
0.00163159
-0.087042
0.0860416
-0.108667
-0.0766798
-0.200107
0.173826
-0.0514714
0.00202894
-0.120451
-0.0855279
-0.0960497
0.131124
-0.180276
-0.0910598
-0.0959384
-0.00298925
-0.157003
-0.197989
-0.00538392
0.0953052
0.0629628
0.111773
-0.088694
-0.182061
-0.0387009
0.0831507
0.242677
0.0430271
-0.261827
0.119275
-0.0938241
-0.0653408
-0.182927
-0.218778
-0.0401246
-0.209881
-0.0694078
-0.102408
-0.141751
0.140091
0.0995107
-0.203158
0.0168927
0.051142
0.071218
-0.0139778
-0.0749573
-0.161349
0.297655
-0.0273075
0.119988
0.0789792
-0.0301575
-0.121644
0.0826197
0.0829556
-0.141488
0.0673718
-0.108819
0.178047
-0.168561
-0.0939518
0.0715723
-0.0260772
0.132181
0.0607683
0.0549576
-0.117919
0.00265759
0.0300831
0.229562
0.0213316
0.205416
-0.0909767
-0.113461
0.00271312
0.0828157
-0.177824
0.0584963
0.083687
0.137391
0.0514671
0.0362292
0.0500392
-0.136686
0.00357711
0.00487135
0.185818
-0.121324
-0.0713329
-0.0720441
0.161972
0.0581909
-0.202269
0.12371
0.115486
-0.0176304
0.0839858
-0.0290481
-0.134905
-0.0869008
-0.17018
0.0748987
0.172343
-0.142604
0.123629
-0.15812
-0.0712891
-0.00440707
-0.0567299
0.156768
0.0253058
0.0188379
0.0233021
0.118785
0.0485044
0.0140753
-0.142197
0.168935
0.0936808
-0.118476
-0.0421098
-0.103947
0.0996558
0.182757
0.0374363
0.0170654
-0.11395
0.0480683
0.153915
-0.0160276
0.163059
0.185
0.0465516
0.144589
-0.135204
-0.155788
0.0906905
0.00857705
0.0322941
0.0108942
0.0290043
0.000613294
-0.200688
-0.18972
0.0795255
-0.0360012
-0.105404
-0.0237857
-0.105367
0.0564699
-0.0279461
0.180955
-0.180118
-0.195133
0.0664063
0.166672
-0.258015
-0.19387
0.0430339
-0.0542007
0.123529
0.0129022
0.0807229
0.0578622
0.121395
0.165198
-0.0359749
0.0128683
-0.0211283
-0.116401
0.0290361
-0.00562898
0.0499105
0.162301
-0.0533631
0.0757428
-0.0702767
-0.0681457
-0.0242705
-0.00581745
0.0199743
0.0611844
-0.0745691
0.163096
-0.0978782
0.0715594
-0.119764
-0.194025
-0.0302476
-0.0365579
0.0130624
0.153092
0.164072
-0.122085
-0.140352
0.1357
-0.0995732
-0.0872807
-0.0653905
0.052075
-0.0239785
-0.10795
0.0812588
-0.174981
0.0394331
0.0533941
0.254137
0.104782
-0.121002
-0.0306846
0.079161
-0.151606
-0.138762
-0.0237202
-0.0436044
-0.101702
0.0170706
-0.0220861
0.0384302
0.117743
0.123071
0.165024
0.224224
0.138599
0.0765893
-0.0975807
-0.111852
-0.122261
0.14355
-0.179939
0.145978
0.314182
-0.169781
0.00936249
0.0737642
-0.0337603
-0.145659
-0.146777
-0.0670418
-0.218444
0.00200387
-0.151802
0.301759
0.112691
0.183745
0.186901
-0.0312126
-0.297209
0.0322064
0.0907125
-0.129064
-0.0334483
-0.209045
-0.0849798
0.145708
-0.0955691
0.00427817
0.145595
0.117393
-0.113159
-0.171762
0.164372
0.168667
-0.163673
0.0774854
0.127833
0.0458749
-0.155649
-0.0701781
-0.129406
0.078273
0.0728338
-0.0146108
0.000399254
-0.0749557
0.188521
0.00680641
0.0532233
-0.127065
0.201561
0.0565473
0.00412273
-0.134777
-0.142469
0.133132
-0.106071
0.040197
0.134803
-0.100084
-0.00396367
-0.194217
0.036388
0.0247757
0.156965
0.14443
-0.216975
0.0333466
0.0125189
0.0728719
-0.156813
0.0217151
0.0887164
-0.202369
-0.169597
-0.00516479
0.151933
-0.122398
-0.145532
0.068833
-0.11075
0.102683
0.0320519
-0.130038
0.028653
0.0325249
-0.0162893
-0.00623574
0.042226
0.186885
0.0925602
-0.0575427
-0.147885
0.0298748
-0.110565
0.0593401
-0.0345877
-0.0473436
0.14698
-0.0441653
0.191365
0.0340367
-0.0623224
-0.139997
-0.0458122
0.0810742
0.168108
0.0250424
0.0394038
-0.125108
-0.147625
-0.126899
0.032758
-0.068062
0.213109
-0.128143
0.171162
-0.0759641
-0.142687
-0.242903
0.00490502
0.0246849
-0.0757747
-0.212948
0.016028
0.145208
-0.21907
-0.022338
0.225794
-0.161282
-0.158333
0.129736
-0.111575
-0.0917398
-0.14262
0.063739
0.162773
0.133067
0.162929
-0.0752067
-0.0703702
0.0475888
0.0428286
0.0905871
-0.0755458
0.149669
-0.0585413
0.0810941
-0.0714085
0.0452727
0.160524
0.201725
-0.00776245
-0.114553
-0.105427
-0.100401
-0.172155
-0.192361
0.149834
0.0885509
-0.079607
0.363955
0.152607
-0.0128759
-0.0410041
-0.147888
-0.0921434
0.0612215
0.0731983
0.185527
0.155077
-0.0323514
-0.0658183
-0.0682144
-0.022205
-0.0867551
0.212077
-0.106074
-0.0246425
0.0189934
-0.209793
-0.112527
-0.0970225
-0.0548842
-0.000585635
0.0573921
0.0870891
-0.00183314
-0.0670246
0.0953644
0.078844
0.122656
-0.0524491
0.0683593
-0.189604
0.238989
0.0970251
-0.146766
-0.149292
-0.140989
0.121743
0.0800386
-0.216485
-0.215987
0.134682
-0.060617
-0.0437751
-0.0852304
-0.139432
0.186838
0.0496422
0.0152641
0.0477428
0.0149958
0.144871
0.221224
0.0815432
-0.218916
-0.0586759
0.160891
0.205889
-0.0532159
0.289581
0.0164254
-0.14126
0.0962281
0.0155235
-0.120583
-0.112864
-0.0683214
0.0727932
0.229094
0.0191937
-0.143672
-0.0534811
-0.149002
-0.186046
-0.0727157
-0.136818
-0.122084
-0.0238301
0.211986
-0.246939
0.0303703
-0.0954331
-0.0865414
0.157649
-0.0621476
0.0719002
-0.200684
0.110286
-0.130721
-0.21417
0.129694
-0.156853
0.0538641
-0.0517081
0.0683785
0.0024465
-0.104338
0.106131
-0.18343
0.186808
-0.15543
-0.0227263
0.182199
-0.0164421
0.0236493
-0.178693
0.185101
0.0815419
0.105511
-0.00882178
-0.105713
-0.0520656
0.105956
0.102349
0.102275
0.04457
-0.0110083
0.248788
0.0497897
0.0472609
-0.170661
-0.0574763
-0.00485054
0.131219
-0.0435821
0.118013
0.103791
0.128509
0.206721
-0.00529542
-0.00601918
0.0468017
-0.169842
-0.0954994
0.23676
-0.159678
-0.0807124
-0.0386597
0.141286
0.0552447
0.118466
-0.0415467
0.189043
-0.107236
0.194174
-0.128756
-0.120248
0.13964
-0.0803146
0.101965
-0.135292
0.128304
0.0452162
-0.169159
0.0680813
-0.131113
0.085095
-0.14661
0.191534
-0.134861
-0.13734
-0.073011
-0.0997445
0.0805599
0.0116745
0.0893724
-0.146015
0.0386471
-0.0643914
0.127107
-0.0233133
0.0148352
0.0365354
0.0983975
0.203459
-0.0602327
-0.174141
-0.0576415
-0.168457
0.171869
0.127606
0.110893
-0.00680309
0.0926293
0.206908
0.244334
0.19131
0.118846
0.157568
-0.0928255
-0.14087
-0.21637
-0.0556152
0.038075
-0.087402
0.119648
0.15042
0.0125214
-0.149655
0.0403348
-0.113661
-0.103624
-0.206963
0.153956
-0.110649
0.0964953
-0.0573319
-0.0707532
0.148358
0.0877695
-0.12967
0.224209
-0.0370481
0.00908516
-0.207011
-0.220728
-0.0171079
0.146046
0.166308
-0.189056
-0.227562
-0.101521
-0.0461102
-0.0289993
-0.183107
-0.0896049
-0.0847736
0.180105
0.0723682
-0.147118
0.0967602
0.140167
0.173471
-0.0418514
0.0267465
-0.0416665
0.0232442
0.163896
-0.13905
0.0591394
0.0295867
0.147106
-0.100234
-0.164779
0.194771
-0.144859
0.101387
0.174003
0.00881093
-0.04554
0.124147
0.0457478
-0.018352
0.107008
0.139717
-0.000395225
0.011349
0.0984868
0.132301
-0.0421789
0.162224
-0.199718
-0.112226
0.0771304
-0.0815751
0.0182518
0.110829
-0.0884596
-0.19643
0.209136
0.227593
0.175182
-0.0500523
-0.00056471
-0.138176
-0.110045
0.0200013
0.0894119
0.120367
0.119824
0.162159
0.165557
-0.00401594
-0.182118
0.116817
-0.0371376
0.0784202
-0.156036
0.252126
-0.0446583
0.08667
0.217715
0.114516
-0.0477667
0.135965
-0.141128
-0.0219607
0.0561149
0.185833
0.0852892
-0.0961132
-0.0502013
0.0170832
0.00596455
-0.0507202
0.15659
-0.134153
-0.151163
-0.170703
-0.0780134
-0.0682117
0.0442632
0.0570702
-0.0811038
-0.20662
-0.0367706
-0.107726
-0.0290434
-0.0575781
-0.126458
-0.0673673
-0.04643
0.0393265
0.0299192
-0.135594
-0.17808
0.301622
-0.149214
0.0697746
0.0662023
0.114127
-0.0012241
-0.118897
0.141435
-0.302433
0.207693
0.105123
-0.0961199
-0.0126265
-0.0278053
0.135066
0.159422
0.200869
-0.162525
-0.0184634
-0.0726044
0.04535
-0.176485
0.115381
0.171749
-0.217086
-0.0709323
0.304491
0.157524
0.0202389
0.115471
-0.110119
-0.119943
0.136689
-0.0130801
-0.166368
0.0263122
0.0735715
0.00389043
-0.134964
0.0886921
0.0791002
-0.0773958
0.0776193
0.0843872
-0.160317
-0.0868387
0.0366107
0.221359
0.144249
0.0117671
0.20077
0.174617
-0.249041
-0.0953576
0.133873
-0.14089
-0.0839703
-0.00906347
0.0831625
-0.00794009
0.0982759
-0.0527828
-0.0630862
-0.0230238
-0.0699825
0.0567136
0.03851
0.0746786
0.0383435
-0.13591
0.0124483
-0.0531522
-0.215519
0.124208
-0.0229084
-0.22214
0.192993
0.126247
-0.169565
0.0720279
0.0213928
-0.145579
0.0990486
0.118472
-0.0373325
0.188711
-0.236735
0.0943267
0.298169
0.0133247
-0.133154
-0.0566024
-0.165458
0.0968422
-0.0784478
-0.204374
0.104461
-0.038382
-0.198815
-0.15931
0.209757
0.0925139
-0.0920021
0.128343
0.0925146
-0.0693014
-0.0574264
-0.0074271
-0.161676
0.214967
0.120999
0.125524
0.241515
0.00817711
0.0418187
0.0855305
-0.11426
-0.0284278
0.0341267
-0.0459093
-0.0958086
0.0219673
-0.121826
0.0673825
0.129474
0.166275
0.0774102
-0.108168
-0.122576
0.0345258
0.0247651
-0.0678008
0.0623034
0.0715874
-0.13505
-0.0315095
-0.19695
0.189767
-0.131571
-0.223344
-0.00665749
-0.174766
0.00675165
0.106759
0.16273
-0.0318683
-0.0801968
-0.161829
0.188564
-0.128769
-0.283826
-0.168175
-0.0915146
0.287762
-0.0089255
-0.118192
-0.131623
-0.0206003
-0.0828925
0.195289
-0.0469259
0.0717917
0.197512
-0.134077
0.188675
-0.140072
-0.132485
-0.119305
-0.105182
0.0709248
0.167676
-0.288225
0.0273425
-0.102518
-0.181153
0.0572761
0.173719
0.186187
-0.149943
-0.129709
0.0747364
-0.18173
-0.068286
-0.113674
0.00866055
-0.182169
0.171145
0.0131495
-0.0685682
-0.132261
-0.146002
-0.0605245
-0.0253197
0.0387441
0.0333167
0.043781
0.0419349
0.0183734
0.0557834
0.0359319
0.0892905
-0.151086
-0.105564
-0.00214353
-0.0505167
0.15089
-0.00759041
0.162628
0.161377
-0.0254855
-0.00647436
0.0952377
-0.12191
-0.228575
0.18262
0.211469
-0.120482
0.0529989
0.170495
0.0820615
0.0564435
0.200586
-0.0476197
-0.0750589
0.232882
-0.258963
0.00940882
0.115321
0.0377806
0.181868
0.00605389
-0.0344283
-0.0176787
-0.0802464
-0.137676
-0.118909
0.150077
-0.126144
-0.0270982
0.18824
-0.13936
0.168024
0.00398349
0.131877
-0.166231
0.216198
0.00785852
-0.170566
0.11102
0.0578091
0.1067
-0.220185
0.222619
-0.0570084
-0.00949359
-0.145282
-0.120088
0.213563
-0.0768287
-0.152202
0.0167749
-0.19899
0.117923
-0.147745
-0.0446336
0.128513
0.0552357
-0.262557
0.144356
0.00457133
0.235297
-0.0210105
0.113404
-0.081088
0.0590385
-0.15846
-0.243622
-0.140886
-0.162061
-0.125979
-0.151363
0.0841635
0.163124
0.00223014
0.0670344
-0.13144
-0.0679951
-0.117548
-0.0716232
-0.170632
-0.0568587
-0.00590533
-0.116613
0.131033
-0.14802
-0.0777461
-0.171204
0.0568595
0.0451195
-0.111115
-0.0748354
0.140557
0.157403
-0.235884
0.0791317
-0.143495
0.189157
0.0884894
-0.110377
0.0825727
-0.08581
-0.0323185
-0.089022
0.0940717
0.0210364
-0.118883
-0.0829895
-0.0293245
0.219951
-0.0123016
-0.0093842
-0.000170037
0.170209
0.175836
0.0654364
-0.215469
0.0385366
0.280714
0.0627887
-0.23421
-0.224169
-0.102033
-0.190436
0.238559
-0.154642
0.0215944
-0.164971
0.188898
-0.0458743
0.0804056
-0.135206
0.10881
0.0297855
-0.265472
-0.112205
0.0423044
-0.129387
-0.134038
-0.00810001
0.212588
0.290668
0.0180164
0.0282006
-0.174237
0.1732
0.137021
-0.00359519
0.241029
-0.0408941
-0.21124
0.0312681
0.132531
-0.173676
-0.13878
0.0742454
0.138628
0.00459636
0.084793
0.000480371
0.10163
0.0110312
0.109719
-0.146956
-0.051086
-0.11237
0.0390012
-0.175185
0.108377
-0.126504
-0.230703
0.188628
0.0266168
0.188375
-0.0476216
-0.104832
0.000235489
0.0505408
0.0339767
-0.213803
0.0723381
-0.0886824
0.0865565
0.150969
-0.120817
-0.141069
0.0251475
0.233421
0.117842
-0.0807372
-0.102303
0.0216014
-0.0563136
-0.126844
-0.0423334
0.126863
-0.110776
-0.170477
0.188907
-0.100925
-0.122502
-0.189201
-0.0492693
-0.0277324
-0.00685804
0.119149
-0.0178077
-0.0954654
0.034836
-0.0441416
0.187245
-0.270672
-0.0464985
-0.180319
0.0769765
-0.0968602
-0.118033
-0.272393
-0.0643956
0.00945824
0.02069
0.0584627
0.177986
0.128827
0.136639
0.243807
0.187284
-0.017281
0.0406696
0.100778
-0.135708
-0.0916328
0.144739
0.168555
0.000152179
-0.0295515
-0.0445847
-0.207719
-0.0728639
0.286806
-0.046477
-0.0951585
-0.0395848
-0.00107369
-0.252495
0.189508
0.178371
0.0863944
0.0825007
-0.105799
0.115889
-0.230469
0.224539
0.105445
0.0962198
-0.0952195
0.0371842
0.120736
-0.136428
-0.131863
-0.0693899
0.12261
-0.104188
0.0781135
0.0831578
0.275811
0.230471
-0.0494697
0.0332408
0.0992602
0.0176223
-0.0198367
-0.0225358
-0.0795563
0.0457001
0.0922519
-0.167867
0.0643682
-0.133865
-0.196249
-0.118616
-0.0364987
-0.0790394
-0.0230061
-0.172408
-0.105948
-0.0257713
-0.0527929
0.0716638
0.00692165
0.137643
-0.0936973
-0.204923
-0.0038236
-0.0337373
0.00325971
0.055399
0.182137
0.0133442
0.115649
0.00508093
-0.148751
-0.0171026
0.0630439
0.010785
-0.113302
-0.0349707
-0.0373519
-0.192352
0.0877383
-0.118469
0.157138
0.0454118
-0.0586573
0.173061
0.0095117
-0.0875278
-0.0817794
-0.183696
-0.0524284
0.115062
0.0189333
-0.125375
0.170338
-0.0826134
-0.00797094
0.0713634
-0.0941861
0.0602627
0.0824301
-0.0372737
0.00322737
-0.110536
-0.0854664
0.236208
-0.189134
-0.125434
-0.103172
0.0259126
-0.103148
0.119636
-0.109152
0.102221
-0.0742878
-0.106058
-0.0609682
0.0691737
0.0899814
0.109617
-0.110188
0.0841295
0.144839
-0.0538698
0.174022
0.121983
0.103263
-0.0206571
0.103879
0.207622
-0.164511
-0.113926
0.13154
0.11232
0.0657826
-0.103358
0.162892
0.0336674
0.15327
-0.18943
-0.107664
-0.0118534
0.0316079
-0.107877
0.129872
-0.000719526
-0.168052
0.0922625
-0.0281508
-0.0785935
-0.0151601
-0.00278794
0.0419445
0.324021
-0.0964155
0.0550696
-0.179362
0.168673
-0.194674
0.195761
0.0488375
-0.0745121
-0.174826
0.163395
0.278584
-0.241447
-0.0875144
0.0382606
-0.0446873
-0.166817
-0.163484
0.150299
-0.115312
-0.0494894
-0.0424884
-0.149192
-0.0607971
-0.066894
-0.151215
-0.0638823
-0.208375
-0.240034
0.148444
-0.152563
-0.0430547
-0.236308
0.120619
-0.0264148
0.104319
0.0894946
0.121596
0.197688
-0.134345
-0.226823
0.236222
-0.198407
0.156457
-0.0084745
-0.124182
0.162705
0.113182
0.155858
-0.0884256
-0.166184
-0.108009
0.0492027
0.119328
-0.0706977
-0.120089
0.114181
-0.19411
-0.10589
-0.0781808
0.157855
-0.16183
-0.0115998
0.151104
0.123794
0.0129694
-0.0635895
-0.0938491
0.213549
0.0620384
0.0446014
0.173509
-0.121099
-0.20862
-0.199229
-0.11318
-0.0406488
0.131016
0.0225689
0.223598
-0.212995
0.0397461
0.22727
0.0541933
-0.0755204
0.0510032
0.00534383
-0.0248434
0.0864007
-0.0180009
0.15458
0.118668
-0.145777
-0.0174593
-0.175171
0.0468974
0.203665
0.151288
0.198412
-0.195637
0.165639
-0.0741295
-0.0812939
-0.108117
0.102859
-0.104723
0.0255021
0.0148052
0.127033
-0.125911
0.170781
-0.0960776
-0.220915
0.0339258
-0.101119
-0.224818
-0.0607437
-0.0177361
0.200697
0.0568209
0.132487
-0.127021
-0.142124
-0.106298
-0.173419
0.0983355
-0.0482924
0.0910462
-0.174405
-0.216367
-0.0336875
0.157254
-0.14799
0.138772
0.179519
-0.0645721
-0.0639659
-0.0755483
0.00332529
0.00177324
0.013759
0.170138
0.023119
0.092557
0.0199775
0.1722
-0.0828138
-0.211872
-0.0357494
-0.047695
-0.142653
0.274203
0.0437507
0.209933
-0.109337
-0.244404
0.0438685
-0.0141105
0.0291545
0.0195276
0.220096
-0.0413122
-0.135134
0.220993
0.0684937
-0.18109
0.106593
-0.299646
0.148704
0.0113433
-0.0572731
0.0155803
0.0554177
0.0785327
-0.137957
-0.0805065
-0.209339
-0.123339
0.00725006
0.0658999
-0.214249
-0.216086
0.0547822
-0.023263
-0.173013
0.0592554
0.118383
-0.168629
-0.113243
-0.116235
-0.223256
-0.214247
-0.140198
-0.164025
0.0832744
0.23752
0.0703588
888888
0.0622109
-0.00571929
-0.170407
0.0321285
-0.0623189
0.047681
0.0464124
0.144157
0.152699
0.109918
0.184821
0.0322734
-0.0778053
-0.0400531
0.0113319
0.152216
-0.0335661
0.196679
-0.0866502
-0.132323
-0.0390195
-0.0343688
0.183111
-0.00162375
-0.00258328
0.0260704
-0.123709
0.163889
-0.17529
-0.146649
-0.191812
-0.00306833
0.0420941
0.0495846
0.0452258
0.0415113
0.0476657
0.0483868
0.0371464
0.0444592
0.0480132
0.056867
0.0523929
0.0564983
0.0414282
0.0584651
0.048547
0.0536866
0.0526622
0.0502908
0.0472628
0.0555358
0.0506405
0.0523735
0.04943
0.0558128
0.0443451
0.0512962
0.0479865
0.0619787
0.0487395
0.0434719
0.0526184
0.0658381
0.0495973
0.043985
0.0496412
0.0545541
0.0472037
0.0487784
0.0496152
0.048732
0.0601475
0.0528895
0.0422604
0.0514337
0.0470501
0.0463028
0.050352
0.0455782
0.045452
0.0605872
0.0442662
0.0573068
0.0455182
0.0472815
0.052839
0.0443109
0.0452897
0.0483211
0.0540397
0.0472775
0.0535939
0.0537136
0.0529069
0.0560441
0.0491372
0.0517035
0.0505116
0.0495304
0.0460597
0.0443205
0.0529258
0.0542785
0.0459
0.0415594
0.0444834
0.0466295
0.0527402
0.0555308
0.0564711
0.0493814
0.0548652
0.0519844
0.0583468
0.0476851
0.0436979
0.0464067
0.0455906
0.0505242
0.0426985
0.0409238
0.0482045
0.048249
0.0460522
0.0591347
0.0450247
0.0445867
0.0426632
0.0469406
0.0424697
0.0366067
0.0408046
0.0502881
0.0489193
0.0450398
0.0487683
0.0467658
0.0476519
0.0477738
0.0433013
0.0471947
0.0479346
0.0437958
0.0499034
0.0486347
0.0499986
0.0584504
0.0460948
0.0452529
0.0586006
0.0541573
0.0601772
0.0564114
0.0426835
0.0473447
0.0483996
0.0513521
0.0441529
0.057084
0.0554426
0.0514227
0.0574586
0.0554729
0.0527741
0.0523672
0.0522525
0.0457272
0.0486934
0.0506709
0.0426072
0.0661164
0.0480999
0.050329
0.0550635
0.0478176
0.0512115
0.0511167
0.0476388
0.0581737
0.0428019
0.0542452
0.0529596
0.0489787
0.0618714
0.0562153
0.0392545
0.0523028
0.0577199
0.0532549
0.0544897
0.0561463
0.0497339
0.0697465
0.0540085
0.0573491
0.0546448
0.0425756
0.0442004
0.0574927
0.0411748
0.0520059
0.0479812
0.0675253
0.0465587
0.0562917
0.0595719
0.0508022
0.0411902
0.0481349
0.0502778
0.0522942
0.0565004
0.0581164
0.0510225
0.0394893
0.0553528
0.0487667
0.0483696
0.0391013
0.0542537
0.0519276
0.0489497
0.0566861
0.0477679
0.0438287
0.0570583
0.0450664
0.0560389
0.0524423
0.053085
0.0599659
0.0477318
0.0476999
0.0402333
0.0539997
0.0453967
0.0506096
0.0505609
0.0428156
0.0533446
0.0615373
0.0539334
0.0664355
0.045876
0.0573522
0.0442594
0.0526776
0.0501336
0.0509838
0.0414106
0.0604634
0.0485237
0.0500149
0.0475954
0.0453841
0.0534653
0.0419455
0.0489843
0.045539
0.0450201
0.0508723
0.0560065
0.0573464
0.0584788
0.0555354
0.0439806
0.0492201
0.0498103
0.056507
0.0617394
0.0636195
0.0418848
0.0446223
0.05421
0.0499121
0.0516838
0.0624341
0.0473235
0.0471225
0.0455807
0.0435036
0.052083
0.0455078
0.0494269
0.050518
0.0449971
0.0705828
0.0558101
0.0505407
0.0458704
0.0477274
0.0507696
0.05727
0.0472958
0.048172
0.0444818
0.0490454
0.0475363
0.0392018
0.0543299
0.0581927
0.0451304
0.0425426
0.0478374
0.0507135
0.0459948
0.0605728
0.0538448
0.0459944
0.0359066
0.0533942
0.060706
0.0490084
0.0497196
0.0489575
0.0481113
0.0514427
0.0464882
0.05385
0.0585306
0.0465495
0.0464756
0.0520542
0.0610435
0.0468354
0.0517698
0.0499994
0.0403231
0.046276
0.0479849
0.055669
0.0536606
0.0526936
0.0463568
0.0529841
0.0495009
0.0539713
0.0556167
0.0526703
0.0537873
0.0546746
0.0488794
0.0589026
0.05703
0.0461688
0.0531809
0.0487652
0.0479732
0.0429782
0.0516528
0.0494164
0.0533562
0.0491626
0.0459769
0.0492918
0.050598
0.0457639
0.0444907
0.0432593
0.0558762
0.0456936
0.047639
0.0525225
0.0439144
0.0421748
0.0458238
0.0473211
0.0447682
0.0463744
0.0590545
0.0502736
0.0513012
0.0453319
0.0458563
0.0558378
0.045125
0.0404186
0.0507161
0.0469316
0.0533528
0.0558678
0.0504337
0.0483408
0.0447421
0.0497437
0.0507367
0.0546692
0.0450702
0.0453174
0.0584031
0.0389721
0.0475788
0.0550734
0.0497121
0.0422259
0.0593939
0.0513001
0.0467865
0.0541783
0.0564124
0.0517985
0.0431358
0.0571284
0.0688909
0.0417959
0.0466367
0.0450704
0.05877
0.050049
0.0571885
0.047822
0.0459312
0.049759
0.0372524
0.0516526
0.0564058
0.0488121
0.0497736
0.0463832
0.0497933
0.0478933
0.0513283
0.0601724
0.039724
0.0566373
0.0491305
0.0560792
0.0478366
0.0430585
0.0595981
0.0507853
0.0511003
0.050458
0.0485401
0.0514648
0.0469343
0.0475984
0.0503967
0.0432545
0.0448098
0.0488281
0.0459816
0.0413457
0.0421422
0.0543063
0.0451558
0.0448814
0.0551993
0.0578237
0.0577505
0.0518053
0.0406213
0.0492733
0.0635674
0.046707
0.0633408
0.0440573
0.040459
0.0416303
0.0503758
0.0508683
0.0505583
0.048684
0.0581143
0.0437088
0.0525417
0.0476327
0.0529418
0.0545924
0.0432694
0.0540611
0.0411976
0.0405202
0.060496
0.0422884
0.0463178
0.057729
0.0508852
0.0496694
0.0406331
0.0489778
0.0495751
0.0441386
0.0517266
0.0498877
0.0504916
0.0462188
0.0505563
0.0491679
0.0551734
0.0511386
0.0528444
0.0576937
0.0408755
0.0556543
0.0532628
0.0546167
0.0444192
0.0469526
0.0429808
0.048222
0.0498656
0.0495064
0.0549586
0.0537123
0.0489554
0.0475098
0.0470703
0.0466235
0.0511734
0.0451782
0.0502042
0.0398672
0.0426258
0.0572819
0.0415448
0.0536052
0.0478423
0.0477216
0.0517949
0.0447686
0.0416099
0.0466798
0.0507245
0.0419524
0.0595893
0.048861
0.0452288
0.0500636
0.0510403
0.0545821
0.0576361
0.0531005
0.0446112
0.0526023
0.0543868
0.0503439
0.0521257
0.0539151
0.0580947
0.0494829
0.0486432
0.0525278
0.043778
0.052792
0.0461068
0.0539903
0.038056
0.0520977
0.0447144
0.0520755
0.0625382
0.0499315
0.0495751
0.0521614
0.0454074
0.0489905
0.047689
0.0497922
0.0404258
0.0489884
0.0476213
0.0474496
0.04851
0.0439808
0.0526998
0.0432679
0.0594654
0.045706
0.0546743
0.0472053
0.055242
0.0494197
0.0646871
0.0544108
0.0534745
0.0479536
0.0476929
0.0537729
0.0506065
0.0524062
0.0426512
0.0414779
0.0398991
0.0541545
0.0518043
0.0476734
0.0477551
0.0587714
0.0583636
0.0443526
0.0509957
0.0457909
0.0476809
0.0487476
0.0513024
0.0516168
0.0510254
0.0568815
0.0431389
0.0472131
0.0479455
0.0536338
0.0543024
0.0563391
0.046357
0.0469708
0.0714347
0.0505692
0.0459726
0.0546215
0.0559547
0.0546136
0.0454504
0.0455755
0.0549535
0.0598672
0.041171
0.0545887
0.054832
0.0505876
0.046918
0.0512005
0.0512784
0.0548382
0.0435947
0.049637
0.0425161
0.0515152
0.0530593
0.0497871
0.0421488
0.047974
0.0449422
0.0574513
0.0530005
0.0491798
0.0507896
0.0499145
0.0508208
0.0486057
0.056515
0.0461888
0.047765
0.0471579
0.0499366
0.0400862
0.0501835
0.0497888
0.0554024
0.0462257
0.0471984
0.0441916
0.0399941
0.0469112
0.0498729
0.0657718
0.0512283
0.0459195
0.0464869
0.0535765
0.05928
0.0488145
0.0436732
0.0491726
0.0521242
0.0457663
0.045995
0.0485345
0.0501707
0.0573762
0.0523274
0.0615903
0.0465198
0.0469051
0.0507248
0.0597472
0.0465941
0.0446491
0.0437079
0.0634404
0.0520376
0.0660003
0.0577211
0.05192
0.0526403
0.0642264
0.0480845
0.0432797
0.047764
0.0448782
0.049387
0.0543257
0.0562538
0.0486722
0.0515106
0.0524031
0.0556124
0.0465859
0.0477966
0.0499647
0.0543703
0.0492334
0.0522588
0.0551038
0.0481473
0.0440806
0.0476125
0.0476756
0.0573015
0.0486281
0.05345
0.0605982
0.0511762
0.0439093
0.061154
0.0432271
0.0497723
0.0553035
0.0487428
0.0537243
0.0459341
0.0501707
0.052883
0.0564068
0.0462092
0.0485887
0.0456307
0.0542813
0.0452364
0.0409861
0.0424055
0.0443933
0.0427242
0.0492835
0.0480536
0.0456553
0.0507652
0.0527809
0.0477106
0.0510489
0.0479135
0.0574115
0.0499839
0.0503944
0.045248
0.0564387
0.0503545
0.0474751
0.0470479
0.0527815
0.0600341
0.0463689
0.056063
0.0471268
0.0492626
0.0485009
0.0491689
0.0522065
0.0581663
0.0532565
0.059943
0.0527116
0.0513532
0.0543675
0.0499984
0.0571431
0.0462819
0.045525
0.0490706
0.0503283
0.0592581
0.0550462
0.0491752
0.0499539
0.043429
0.0615147
0.0523889
0.0536702
0.0552198
0.0412029
0.0467933
0.0482862
0.0610533
0.0419569
0.0466268
0.0444634
0.0502349
0.0487744
0.055784
0.0518515
0.0439548
0.0556786
0.043993
0.0504284
0.0538558
0.0563583
0.0566435
0.0443576
0.0426232
0.0461951
0.0512222
0.0419202
0.0467048
0.0563986
0.0475092
0.0494012
0.0398245
0.0568056
0.045319
0.0531189
0.0498196
0.0440128
0.0585509
0.0491087
0.0456608
0.0425811
0.0548429
0.0550173
0.0503462
0.0479123
0.0558863
0.0495418
0.0531063
0.046123
0.038176
0.0546129
0.0451286
0.0525137
0.0650591
0.0513434
0.0486706
0.0506199
0.0448536
0.062954
0.0514535
0.047962
0.0488185
0.0481341
0.0444242
0.0548245
0.0568828
0.0594947
0.0517489
0.0438058
0.0536512
0.0481413
0.0453842
0.050029
0.04502
0.0473608
0.0546545
0.040668
0.0509554
0.047408
0.0520542
0.0474183
0.0413766
0.0491973
0.0552874
0.0474709
0.0574864
0.053749
0.0553952
0.0490062
0.0521338
0.0404266
0.0449584
0.0489957
0.052362
0.0528291
0.0418786
0.0478827
0.0481826
0.047654
0.0444106
0.0589931
0.0461433
0.0505134
0.046395
0.0456224
0.0438302
0.0479741
0.0534577
0.0498336
0.0569562
0.0585645
0.0560192
0.0579224
0.0455223
0.0543006
0.0539522
0.0490952
0.0553483
0.0441023
0.0538287
0.0390672
0.0528775
0.0454118
0.0505361
0.0489756
0.0506973
0.0485477
0.06196
0.0573046
0.0470573
0.0452865
0.0390791
0.0594429
0.0619607
0.0437829
0.0527151
0.0452899
0.0637621
0.0502778
0.0436278
0.0496426
0.0463745
0.0463289
0.0542063
0.0467719
0.0487866
0.0498419
0.0451044
0.0472143
0.0590084
0.0485042
0.0582425
0.0566123
0.0496098
0.0467232
0.0500862
0.0445862
0.0502827
0.0428026
0.0441432
0.0530877
0.0559226
0.0457378
0.0559779
0.0482748
0.0477194
0.0582319
0.0539888
0.0519231
0.0524025
0.0599214
0.0507759
0.0547591
0.0578093
0.0490851
0.062789
0.0464104
0.051145
0.0488388
0.0475334
0.0492067
0.0547327
0.0478432
0.0499895
0.0481276
0.0542901
0.0433548
0.0464476
0.058705
0.0464335
0.0526432
0.0544635
0.0495585
0.0442903
0.0528544
0.0493906
0.0506356
0.04851
0.0552639
0.049389
0.049465
0.0480168
0.0490087
0.0420968
0.0446172
0.0442464
0.0508331
0.0421052
0.0415821
0.0444178
0.0422758
0.0546181
0.0412835
0.0512003
0.0537924
0.0475666
0.0403487
0.0489074
0.0479342
0.0511249
0.048293
0.0475839
0.0468637
0.0568768
0.0481492
0.0526367
0.0463979
0.0481766
0.0536166
0.0583007
0.0613069
0.0642737
0.0437445
0.043461
0.0494757
0.0529755
0.0468437
0.0520748
0.0595073
0.0474951
0.0510055
0.0456877
0.0426821
0.0518103
0.0412834
0.0473657
0.0441567
0.0441612
0.0576094
0.049435
0.0484919
0.0463713
0.0519477
0.0506394
0.0543448
0.0453948
0.0433985
0.0435337
0.0535925
0.0527616
0.0539537
0.0577764
0.0614155
0.0462585
0.0481955
0.0453616
0.0523639
0.0564679
0.0437961
0.0487511
0.0505698
0.050856
0.0609367
0.0451284
0.0541608
0.0417633
0.048977
0.0546878
0.0546402
0.0535379
0.0528168
0.0551628
0.0487868
0.0425067
0.0481814
0.0574872
0.0546708
0.0472586
0.0507515
0.0515489
0.0400521
0.0490271
0.0452207
0.0607653
0.0543857
0.045835
0.0485107
0.0581949
0.0569925
0.0566151
0.0390909
0.0497834
0.0504445
0.0496024
0.0426815
0.0536705
0.0498337
0.0397856
0.0488442
0.0509395
0.053628
0.0510803
0.048101
0.0473758
0.039159
0.0462634
0.0545249
0.0481319
0.05162
0.0436208
0.0520427
0.0558104
0.0434782
0.0440085
0.0523324
0.0489009
0.0597926
0.0540711
0.0559296
0.0525216
0.0420363
0.0534238
0.045042
0.0472769
0.0545349
0.0477326
0.0554631
0.0565051
0.0470314
0.0543819
0.0582532
0.044965
0.0642533
0.0521113
0.0560626
0.0484869
0.048038
0.0402042
0.0602801
0.0559723
0.0498209
0.0532981
0.0566255
0.061707
0.0486969
0.0507641
0.0522295
0.0567185
0.0483958
0.0551005
0.0555928
0.0432066
0.043508
0.0560561
0.0499053
0.0493111
0.0481425
0.0495306
0.0487063
0.0523865
0.0566573
0.060951
0.0555758
0.0543957
0.047074
0.0562077
0.0511078
0.047054
0.0483814
0.0479635
0.0550301
0.0591098
0.0496388
0.0416692
0.0421739
0.0527065
0.0433335
0.0470181
0.0578219
0.0474158
0.0578591
0.0434667
0.0442697
0.0449019
0.047043
0.0598257
0.039636
0.0561798
0.0458777
0.0497817
0.0488344
0.0512593
0.0416954
0.0513404
0.0519848
0.0524584
0.0520352
0.0522253
0.0567335
0.0486495
0.0483592
0.0607409
0.0543829
0.0499114
0.0442142
0.048999
0.0533478
0.0564697
0.0416143
0.0473659
0.0511164
0.049564
0.0472474
0.0445975
0.0483328
0.0597761
0.0461875
0.0502528
0.0535483
0.0452447
0.0666002
0.0411368
0.0456821
0.0486514
0.0431399
0.0594719
0.0476684
0.0522743
0.0495079
0.0438603
0.0429127
0.0543981
0.0506756
0.055987
0.0512418
0.058045
0.0524044
0.0453834
0.0442131
0.0495652
0.0403679
0.0524394
0.051418
0.0435265
0.0477884
0.0415633
0.0523391
0.0420178
0.0568221
0.0456199
0.0446694
0.0496668
0.0509021
0.0386093
0.056572
0.0548547
0.0546963
0.0444357
0.0472315
0.0577065
0.0522035
0.0494298
0.0546521
0.0492504
0.0433189
0.0492169
0.0557903
0.0495566
0.057344
0.046725
0.0526644
0.0595137
0.0584788
0.0476409
0.0464797
0.0533416
0.0585352
0.0491771
0.0537949
0.0502619
0.0408233
0.0493938
0.0502923
0.0490397
0.0603062
0.0610841
0.0553976
0.0485948
0.0397274
0.0470772
0.0468146
0.0371866
0.0454623
0.0429626
0.0413646
0.0445962
0.0463997
0.04318
0.0430787
0.0643739
0.0533544
0.0428152
0.0590976
0.0511574
0.0529064
0.0569717
0.0496473
0.0474282
0.053217
0.0631594
0.0459866
0.0649452
0.0451267
0.0473065
0.059856
0.0506185
0.0583089
0.0580331
0.0520848
0.0450125
0.052493
0.0460514
0.0490384
0.0641412
0.050147
0.047839
0.0416312
0.045638
0.0533613
0.0545478
0.0445428
0.0480711
0.0502486
0.0484899
0.0432735
0.04953
0.0425403
0.0446869
0.0418029
0.0434085
0.0472794
0.0557652
0.0642622
0.0491278
0.0481717
0.0501001
0.0509198
0.0471794
0.0468109
0.0481801
0.0485747
0.0462235
0.0562926
0.0506074
0.0502653
0.0432043
0.0567312
0.0521074
0.0404556
0.0459403
0.0534109
0.0500254
0.0441196
0.0627234
0.0595293
0.0510525
0.0411707
0.0551487
0.0517678
0.0467888
0.0471538
0.0554379
0.0543664
0.0473065
0.0464416
0.0544568
0.0456217
0.0477837
0.0541992
0.0630096
0.0398485
0.0552873
0.0502458
0.0480376
0.0527752
0.0548485
0.0486004
0.0474578
0.0508726
0.0547689
0.0451397
0.0489446
0.0458476
0.0498363
0.0557627
0.0489344
0.0540777
0.0542382
0.0482165
0.0560437
0.0480306
0.0532476
0.0447742
0.050263
0.0604226
0.0446374
0.0429625
0.0491218
0.0450436
0.0501159
0.0433365
0.0513616
0.050801
0.0543153
0.0503729
0.0472927
0.0477488
0.051349
0.0440793
0.0475254
0.0424292
0.0528287
0.0524087
0.0514975
0.0494533
0.0589707
0.0607976
0.0533885
0.0527832
0.0414736
0.0405864
0.0430532
0.0477191
0.0423884
0.0480812
0.0518567
0.047187
0.0509838
0.0540422
0.0505212
0.0510278
0.0557925
0.0427191
0.0524656
0.0558807
0.044469
0.0632399
0.04784
0.0486536
0.0514215
0.0521925
0.0601962
0.0532255
0.0565334
0.0457594
0.053728
0.0433758
0.0502773
0.0412341
0.0435643
0.0501448
0.0412088
0.0449546
0.0451521
0.0514213
0.0513121
0.0510914
0.0577886
0.0487359
0.0488404
0.045633
0.0490775
0.0469822
0.0546722
0.0580432
0.0554472
0.0501925
0.0488778
0.0486152
0.0473295
0.0435886
0.0471308
0.0499816
0.0575423
0.0517345
0.0592836
0.060523
0.0554724
0.0542515
0.0469714
0.049136
0.0495463
0.0468132
0.0530109
0.0531423
0.0444001
0.0651313
0.0460931
0.049709
0.0544904
0.0552693
0.0524099
0.0582026
0.0562173
0.0522896
0.0472681
0.057552
0.0488029
0.0521971
0.0493686
0.0469685
0.0463827
0.051918
0.057775
0.047946
0.0536113
0.0550541
0.0536628
0.0469171
0.0605081
0.0604754
0.046649
0.0454914
0.0449935
0.0448488
0.0597193
0.045224
0.0491071
0.0478343
0.0457556
0.0468499
0.0654033
0.0545855
0.0444966
0.04861
0.0611484
0.0542911
0.0529497
0.0456857
0.0395849
0.0533328
0.0521415
0.0449829
0.0526853
0.053725
0.0473378
0.0512751
0.0475255
0.0550931
0.0560808
0.0524112
0.0493324
0.0508719
0.0468502
0.0476281
0.0517437
0.0531169
0.0416703
0.0511192
0.0494423
0.0416157
0.0506103
0.0524669
0.0482032
0.0513349
0.0406679
0.0406828
0.0489797
0.0433383
0.0526599
0.0428607
0.044961
0.0500483
0.0487053
0.0542062
0.0590558
0.0534103
0.0526095
0.0472298
0.0582025
0.0435703
0.0484352
0.0492499
0.0489149
0.0546306
0.0609096
0.0628
0.052085
0.0401416
0.0520896
0.0463478
0.0508602
0.0539767
0.0585941
0.0538961
0.0456704
0.0458143
0.0480865
0.0566144
0.0466347
0.0601584
0.0524812
0.0506506
0.0440067
0.0562365
0.0425671
0.0480315
0.0428374
0.0442546
0.0483233
0.0483321
0.0451656
0.0514133
0.049672
0.0425899
0.0550317
0.0523459
0.0516082
0.0542679
0.0497093
0.0602601
0.0491404
0.0585918
0.0509264
0.0459343
0.0463295
0.056004
0.0475244
0.056846
0.0506083
0.0410064
0.0542985
0.0496073
0.0445731
0.0465371
0.05035
0.0495948
0.0480273
0.0498545
0.043891
0.0579629
0.0483985
0.0472655
0.0494058
0.056396
0.0610071
0.0501036
0.0482889
0.0636357
0.042826
0.0590502
0.0526021
0.0484714
0.0484468
0.0544809
0.0611376
0.0509585
0.0556478
0.0466558
0.044714
0.0511805
0.0591381
0.0463875
0.0458636
0.0471902
0.0503334
0.0517314
0.043338
0.0530308
0.055325
0.0435306
0.0460593
0.0474151
0.0443219
0.0620775
0.051914
0.0467177
0.0504587
0.050353
0.0446187
0.0527733
0.0581784
0.0451795
0.0422322
0.0383529
0.0528568
0.0339506
0.0423524
0.0453962
0.0477201
0.0532143
0.0432411
0.0445837
0.0492805
0.0552951
0.0578364
0.0470125
0.0524943
0.0682744
0.0500126
0.0538863
0.0505326
0.0512839
0.05
0.05
0.05
0.05
0.05
0.05
0.05
0.05
0.05
0.05
0.05
0.05
0.05
0.05
0.05
0.05
0.05
0.05
0.05
0.05
0.05
0.05
0.05
0.05
0.05
0.05
0.05
0.05
0.05
0.05
0.05
0.05
777777