2.35648
999999
-0.103184
-0.133858
-0.315462
-0.0511034
-0.395038
-0.0531864
0.091264
-0.151871
-0.264533
0.293253
-0.115392
-0.219017
-0.114409
0.113602
-0.0904795
0.236783
0.231563
0.0518335
-0.123835
0.0570491
-0.00176061
0.196076
0.132557
0.046008
0.162731
0.0938178
0.242067
0.108057
-0.0361583
-0.137115
-0.0799406
-0.326819
0.0908027
0.0669905
-0.178458
-0.146924
-0.11706
0.149407
0.13425
0.00148043
-0.0844399
0.0110941
-0.181082
0.0206325
-0.0700817
-0.13127
-0.159455
-0.159683
-0.0412895
-0.0206783
0.116399
0.035144
-0.0326031
-0.191922
-0.00520601
-0.150441
0.144928
0.139424
0.163934
-0.0947761
0.0310901
-0.0195918
-0.013942
0.0559313
0.233166
0.0294053
-0.112291
-0.063625
0.0308138
0.0844306
-0.192882
0.0806709
0.18296
-0.191588
0.0241104
0.0869231
0.0915821
0.105082
0.147911
0.127974
0.0436937
0.105179
0.221856
-0.122408
-0.0942304
-0.196349
0.140353
0.00976291
-0.0897853
-0.0236027
-0.265217
0.0646529
-0.0452632
0.144966
0.16004
-0.161933
0.0225643
0.0304839
0.000920186
0.153353
-0.0101554
0.0193734
-0.0377936
0.0139457
-0.171843
0.00616433
-0.1741
-0.14608
0.162618
0.0407738
0.137673
0.0612817
-0.0188692
-0.0800368
0.0450887
0.0481075
-0.0642778
0.151312
0.226257
-0.100818
-0.0732028
0.0967029
0.0643692
0.000429479
-0.101783
-0.151826
0.0262316
0.0571879
-0.133104
-0.137096
0.0681705
-0.134085
-0.0987228
0.180171
-0.144815
0.0554038
-0.0716568
-0.0342958
-0.14866
0.0554816
0.191663
0.217322
0.00551198
0.0419832
-0.0438423
-0.183577
-0.0765094
0.068373
0.073473
0.0740523
0.0571865
-0.0950384
-0.023701
0.0259754
0.0955327
-0.0495416
0.102761
-0.051768
0.0917795
-0.00719241
0.0900596
0.149032
0.114029
-0.0817347
-0.0786782
-0.0460202
0.0190666
0.263943
-0.090993
0.0232127
0.044301
0.0181774
-0.0207849
-0.0749058
0.0249574
-0.163753
-0.144074
-0.109403
0.187954
0.0954042
0.101774
0.198123
-0.209087
-0.0318561
-0.152994
-0.189086
0.126584
-0.0842643
-0.212174
0.00146177
-0.0547205
-0.123989
0.160054
-0.18544
-0.00982265
-0.0488886
0.175266
0.114465
0.0138906
-0.0484531
0.00312222
-0.0307921
-0.01797
-0.10239
0.0975197
-0.234897
0.0149862
0.0220634
-0.117827
0.173317
-0.024469
-0.113337
-0.0117848
0.107575
-0.00316507
0.12575
0.077205
-0.0986565
0.127997
0.127217
-0.0635746
0.124283
0.118829
0.125127
-0.130824
-0.105381
0.126077
-0.123724
0.0968545
-0.027148
0.01632
-0.158678
-0.0868211
-0.0595619
0.095686
0.14946
-0.091476
-0.0348801
0.0179255
-0.0713456
0.103045
-0.00292729
0.225133
0.223282
0.0487169
0.143307
-0.0314705
-0.0231459
-0.0456489
0.0681101
0.202854
0.144711
0.0718924
0.177444
0.179598
0.106888
-0.0431452
0.0104058
0.0353374
0.0240907
0.157336
-0.11432
-0.0333315
0.0267135
-0.173924
0.0936607
0.112926
-0.206809
0.0158964
0.132883
-0.284736
0.191328
-0.0862609
0.0594872
-0.0254218
-0.228109
-0.149099
0.281084
0.16101
-0.169307
0.172142
-0.0875919
0.206958
-0.0548895
0.16125
0.0730497
-0.0518251
0.0101663
-0.259452
-0.119336
0.110328
-0.106635
0.196539
0.230479
-0.092173
0.0254106
-0.163623
0.0158044
-0.106197
-0.11778
-0.0241733
0.108653
-0.112262
-0.0348296
0.151034
-0.170393
-0.10437
0.0971191
-0.167954
-0.112109
0.0101921
0.00703246
0.233305
0.0590391
0.107138
0.0159124
0.139984
0.119367
0.106257
0.147387
-0.0827393
-0.102206
0.00940025
-0.126755
-0.122019
0.0851626
0.121704
0.141414
0.138805
0.0306245
-0.145865
-0.081357
-0.104254
-0.0110017
0.0724939
0.0595772
0.129821
-0.117712
-0.158238
0.107585
0.132267
-0.00980745
-0.104394
0.142181
0.0543353
-0.193748
0.0497183
-0.0843548
-0.0509578
-0.116121
-0.10304
-0.132735
0.0599916
0.203038
-0.0784578
0.0389559
-0.00524475
-0.126173
0.133906
-0.0381617
0.16341
-0.0151323
0.0577329
0.0913484
0.0831058
-0.0931599
0.112201
-0.0173547
-0.0185184
0.174746
-0.138071
-0.116722
-0.00270205
0.129733
0.172838
0.14141
0.253993
0.0859941
-0.113544
0.0360825
0.106337
0.127771
-0.117227
-0.00790081
0.197291
-0.145788
0.0661017
-0.157746
-0.0507046
0.0059803
0.0188666
0.156176
0.181209
0.142021
-0.177689
0.0707533
0.185949
-0.179237
-0.0571789
-0.192784
-0.0633854
0.297257
-0.133922
0.0526451
0.0991474
-0.0548996
-0.0565137
0.0826098
0.0203241
0.0585908
-0.0484077
0.0638122
0.163594
-0.0374893
-0.187265
-0.0142983
-0.0726837
0.12283
0.128355
-0.0985774
0.200776
-0.224051
0.245542
0.0977633
-0.102262
-0.192928
0.202067
0.202011
-0.00655721
0.0594137
-0.0254345
-0.284607
-0.142495
-0.0598307
-0.0275419
0.00962093
0.133252
-0.00413775
0.13738
0.0161571
-0.107649
0.109246
-0.0804085
0.0741026
0.106683
0.0513293
-0.0746124
0.132767
0.00876087
0.187286
-0.0874673
-0.0400671
-0.0101057
0.274248
-0.00800796
0.0526945
-0.153785
-0.0783875
-0.1479
0.244081
0.0210298
0.164697
-0.159357
0.104397
0.20375
0.0882617
0.0820261
0.0214792
0.150389
-0.0509551
0.0792392
0.170614
0.216994
0.0809268
0.169044
-0.0856383
-0.21438
0.00585362
0.0970515
0.0713885
0.144621
0.044959
0.156203
-0.146734
0.198358
0.0410671
-0.0137069
0.00127263
0.0328718
0.000626464
0.0246049
0.139654
0.138023
0.0137168
0.0895711
0.0150178
-0.0954362
-0.017901
0.189239
-0.23893
-0.249371
0.211498
0.0178685
-0.211534
0.050378
-0.000656687
0.0350475
-0.141447
0.169613
-0.198651
-0.164915
0.0147314
-0.0192867
-0.244079
0.119667
-0.0803666
-0.214147
0.145578
-0.234452
-0.0425993
-0.035638
-0.149225
-0.120839
0.119518
0.185041
0.0879882
-0.00660771
0.149933
-0.0319596
0.0704744
0.109491
0.10165
0.0914131
-0.213292
-0.101704
0.0455082
0.121169
0.0539583
-0.116678
-0.13359
0.0201479
0.190349
-0.0386466
0.0806432
-0.133695
0.161962
0.0207122
-0.161434
-0.0266585
-0.0369505
0.150096
0.122546
0.136187
0.0939711
-0.088771
0.0601733
0.0635441
0.191579
-0.227709
-0.135117
0.138099
0.202642
0.0793224
-0.170651
0.0725852
0.108331
-0.0165093
-0.129582
0.181192
-0.0558917
-0.0615868
-0.107712
0.150418
0.0207366
0.121303
0.160615
0.0576072
0.0596413
-0.128893
-0.0667673
-0.031056
0.0925557
0.120549
-0.0242648
0.202244
0.0879057
-0.110323
0.158776
0.0944687
-0.162624
0.025356
0.120926
-0.0906374
0.181479
0.123358
-0.0603983
-0.0109302
-0.00508561
-0.00371181
-0.0233194
0.0688915
-0.258178
-0.0929586
-0.0210821
-0.0581613
0.0266727
0.166353
0.0666223
-0.205695
-9.08708e-05
0.127941
0.0904714
-0.122255
0.0196716
-0.00877239
-0.210731
0.0113029
0.00943838
0.0676058
-0.035605
0.0454367
0.027515
0.0561579
0.110036
-0.0207252
0.00416613
-0.0945306
-0.0177986
0.14915
-0.0325078
-0.190851
-0.148669
-0.0898117
-0.214533
0.0697497
-0.0792757
-0.184111
-0.026711
-0.26202
0.140159
-0.130152
-0.254904
0.0193968
0.191653
-0.120041
-0.19833
0.048848
-0.123973
-0.0763682
0.0549242
-0.084162
-0.0590583
-0.0402201
0.00325564
-0.232799
0.10301
-0.173799
-0.189607
0.209088
0.0404579
0.184447
0.0195574
0.114601
-0.127229
0.251076
-0.163854
-0.0668415
-0.0128943
0.00327179
-0.0947017
0.0837625
0.0131667
-0.169957
0.00689353
0.0755956
0.261606
0.00584803
0.0333787
0.0680027
-0.00564353
0.103987
-0.150879
-0.168409
0.229594
0.160023
0.0310029
0.0551909
-0.156678
-0.0461914
0.224517
0.0133173
-0.216459
0.0807503
-0.0815031
0.119704
0.0503641
0.102348
-0.0559734
0.2997
-0.236533
-0.165873
0.197083
0.143903
-0.0637912
-0.0254062
0.134329
-0.146098
0.103494
0.244823
0.145331
0.12852
0.0729537
0.0948678
0.263865
-0.0698659
-0.0727486
-0.234805
-0.0364181
0.0669484
0.0223122
-0.128942
-0.261714
-0.0921067
-0.254883
-0.181132
-0.167992
-0.157895
-0.213647
-0.163763
0.127299
-0.135124
-0.0278096
-0.0693514
0.08802
-0.205608
0.0669393
-0.0646704
0.248737
0.129233
0.0274397
0.140645
0.0890356
0.027204
0.1027
0.217298
-0.11852
-0.194929
-0.182993
0.107601
0.0982446
0.111236
0.0203762
0.219389
0.0140853
-0.158376
0.0482563
-0.14735
-0.167957
0.0319922
0.272111
-0.101486
0.0304315
-0.0362365
0.007138
-0.136467
-0.0339067
-0.0398131
-0.166924
0.138127
-0.0690994
-0.083404
0.128792
-0.150909
0.137703
-0.130344
-0.0664023
-0.115043
-0.0640411
-0.0457
0.022965
-0.108622
-0.165299
-0.148987
0.151201
0.162795
0.0219656
0.174386
-0.132135
0.197031
0.039864
0.127341
-0.128305
-0.14855
-0.104895
0.144097
0.0486108
0.0184654
0.161536
0.184405
-0.128191
-0.176393
-0.138352
-0.167437
0.089247
0.0598069
-0.0142231
0.032816
-0.121318
0.0836169
-0.00493233
0.00472974
-0.175348
-0.0214897
-0.179248
-0.0443763
0.0759816
0.0813909
-0.0822147
-0.100537
-0.0996214
-0.137653
-0.143392
0.224037
-0.251003
0.0566283
-0.112291
-0.0190822
-0.029537
0.0159982
-0.160468
0.171391
0.183678
-0.0302438
-0.0940166
-0.187396
-0.105705
0.0625149
-0.144315
-0.0956589
0.153347
-0.202231
-0.139387
-0.178453
-0.105463
-0.0975087
0.149267
0.167621
0.0235623
-0.0929862
-0.0536511
0.0266933
0.168951
0.0312568
-0.117317
-0.0843068
-0.0963613
-0.163543
0.176707
-0.00533908
-0.16365
-0.221018
0.0442287
0.126007
0.219641
0.132742
-0.204845
0.138075
0.277729
-0.0569973
-0.124444
0.0152767
0.269662
-0.0291045
-0.019962
0.0231733
-0.0160673
-0.254581
-0.188871
-0.0622894
-0.137027
0.040116
-0.0889213
-0.142437
-0.0158213
0.166497
0.0409579
-0.160017
0.00792419
0.114536
-0.129601
-0.114488
-0.00329685
0.169147
-0.0964749
-0.12291
-0.00546847
0.0509531
-0.242333
-0.182726
-0.152512
0.175866
-0.0516273
-0.0458382
0.182802
0.213299
-0.18045
-0.0259659
0.19421
0.0744576
0.12725
-0.093655
0.162448
-0.157201
-0.0110484
-0.105736
0.154196
0.0913293
0.042768
0.0636639
0.0143892
0.0296386
0.0600846
0.0870574
-0.192442
0.0220269
0.161066
0.0934061
-0.111295
-0.0419137
0.19312
-0.146297
-0.0125103
-0.034026
-0.00373046
-0.0114367
-0.155754
0.189373
-0.181016
-0.163793
0.0556779
-0.24641
0.140856
-0.00794557
-0.0140162
0.0208109
-0.0987289
0.114013
-0.0951546
0.152261
0.0319854
0.0838236
-0.0655126
0.148265
0.00744721
-0.163141
0.0117455
-0.0650333
-0.0528548
-0.0652726
0.0800211
0.111988
0.109952
0.195373
-0.116757
0.179194
-0.090706
-0.173138
-0.143751
0.0320102
0.0471879
0.0707133
0.186211
0.15009
-0.140117
0.0313655
0.121569
-0.205122
-0.191094
0.0693038
0.208258
0.0301364
-0.053543
0.105049
-0.379036
0.00775921
-0.181105
-0.21766
-0.14316
-0.0886431
0.144518
-0.206551
0.0619981
0.00478899
-0.125561
0.195404
0.0301239
-0.0627747
-0.128918
-0.0955785
0.035993
0.175023
0.000811999
0.000645652
0.04259
0.00890501
-0.200323
-0.0673139
-0.00732894
-0.196728
0.0580906
-0.189518
0.195647
-0.00988386
0.19077
0.0494369
-0.162876
0.0704641
0.0429463
-0.236732
0.131454
-0.0653426
-0.0129482
0.0343998
0.0816474
-0.189655
-0.0616234
0.16945
-0.0182733
-0.130686
0.116482
-0.172248
0.164054
0.0534593
0.0488225
0.113827
0.0399114
-0.125908
-0.00730777
0.131056
0.0766561
0.0430379
0.129651
0.147605
-0.0438851
-0.042412
-0.00186924
-0.0930659
0.0296946
0.101543
0.137166
0.0765035
0.0870558
0.17331
0.0295623
-0.0168125
-0.0461618
-0.07619
-0.184805
0.00740321
0.16172
-0.118546
-0.0792226
-0.106161
-0.158059
0.0124031
-0.105814
-0.202661
-0.10565
-0.165256
-0.239224
-0.170587
-0.213918
-0.164192
-0.124208
-0.115584
0.0385164
-0.112839
-0.18125
-0.199001
0.104597
-0.19903
0.0734922
0.0610839
0.076783
-0.164803
-0.172306
0.0412337
0.164735
0.137934
-0.039145
-0.0410244
-0.0349969
0.231449
0.0273104
-0.0632269
-0.143749
-0.0367198
-0.0484073
0.0387591
-0.0512535
0.201758
0.106828
-0.0372813
-0.116916
0.0829309
-0.0473377
0.103189
0.0784816
0.0486822
-0.228303
-0.198583
0.00184393
0.0698356
-0.141033
-0.0475013
0.0422223
0.00476759
0.0580462
0.199133
-0.258487
-0.107794
0.0879379
0.254826
0.0566976
-0.0352831
0.0461269
-0.0976279
0.155903
-0.0696054
-0.02094
0.14922
-0.0521723
0.116457
0.0252613
-0.125599
0.109246
-0.194065
-0.0400717
0.0718821
0.163086
0.113034
0.10041
0.0402554
-0.118714
-0.122191
0.132936
0.238534
-0.0992294
-0.0942586
0.0918641
-0.052116
-0.150139
-0.175145
-0.0753544
-0.141064
0.0686742
-0.0832135
0.161049
0.0230201
-0.153235
-0.123711
-0.138885
0.0980597
0.0674129
0.0544253
0.0788001
0.0668123
-0.0811181
0.239559
-0.194585
0.0818632
-0.0886746
0.0413165
-0.0363727
-0.034038
0.113322
0.237527
0.0121457
-0.067339
0.044756
-0.16469
-0.0984699
0.0142638
0.0475526
-0.138939
-0.232308
0.0687995
0.259514
0.00565627
0.106954
0.132163
0.249071
-0.0998958
-0.115987
0.217638
-0.0501078
-0.231637
0.0642971
-0.0278809
-0.0945903
-0.180306
-0.180853
-0.0148319
-0.121021
-0.0512401
-0.068596
-0.10364
-0.0524402
0.203
-0.0368738
-0.0315875
0.068108
0.25611
0.122312
0.150226
0.0928304
0.0458807
-0.155248
-0.173416
-0.0868508
0.113971
-0.0464355
0.00249842
-0.0205219
-0.110103
0.119208
0.0700156
-0.0682739
0.0712156
-0.123632
-0.108006
-0.168991
0.0483711
-0.109216
-0.0208484
-0.080392
0.0619895
-0.151053
-0.0346581
-0.223446
0.0590038
-0.039352
-0.14354
-0.00420014
0.0337953
-0.0233634
-0.00811756
0.107288
-0.0201679
0.00584718
-0.0314451
0.0539267
-0.0948984
0.00790923
0.0986006
-0.143172
-0.105425
-0.0860173
-0.130069
-0.0623928
0.0787191
0.122537
0.0757134
0.056965
-0.101802
-0.164131
-0.235677
-0.0219897
0.00624377
0.0301077
0.136501
0.0515062
-0.20642
0.041693
-0.12908
-0.016971
0.0444969
0.207041
-0.00770417
-0.0430995
0.24555
-0.207774
0.0435597
0.0477426
-0.218284
0.0048483
-0.00794025
-0.161192
-0.0307657
0.121354
-0.180039
0.0233975
0.301252
0.0506215
-0.0458941
-0.0929272
0.0473877
0.0995962
0.128651
0.0969138
-0.134564
0.130321
-0.0801721
-0.0176287
-0.131998
0.0877637
0.172855
-0.0269176
-0.0585294
0.20181
-0.0930849
0.117427
0.181948
-0.157305
-0.0479756
-0.116667
-0.0244529
0.101204
-0.0373355
0.161947
-0.0463286
0.101126
0.161404
-0.138729
-0.0638107
0.0700793
0.00278456
-0.15213
-0.00792481
0.259414
-0.0280186
-0.132114
0.0537513
-0.0395935
-0.100063
0.272013
-0.0721343
-0.0642114
-0.188817
-0.138019
-0.168479
0.150939
-0.210468
0.00395128
-0.0605557
0.00633529
-0.162706
-0.17228
-0.208662
-0.182613
0.160634
0.102355
0.149387
0.101976
-0.18628
-0.0534802
0.150315
0.0579541
-0.0681292
-0.117857
-0.163209
-0.055088
-0.0626122
-0.133834
0.106168
0.274786
0.0866322
-0.0861341
0.117206
0.126855
-0.194655
-0.120424
0.137995
0.0891478
-0.0695067
0.100259
0.236084
0.0770005
0.218042
-0.091007
-0.333142
0.136191
0.0652932
-0.116818
0.0316362
0.0108079
-0.152456
0.172573
-0.0586307
-0.138603
-0.0519825
0.0825712
0.0165036
0.0948679
-0.0501899
-0.0616367
-0.160339
-0.0899532
-0.0616463
0.0190701
-0.0759099
0.0845086
-0.248865
-0.239745
-0.234166
-0.121634
-0.0389928
-0.135821
0.02162
0.085891
0.00430309
0.131964
-0.0255731
0.136544
-0.0889234
-0.13552
-0.132903
0.123346
0.12288
0.190925
-0.06199
-0.0836323
-0.123378
-0.220527
0.00326883
0.206266
-0.0158713
0.0626812
0.112116
-0.023238
0.0589655
-0.0585257
-0.187113
0.0182424
0.15896
0.119315
0.0941978
-0.0106035
-0.0247243
-0.0376367
0.0989298
-0.0258482
-0.258325
-0.0949161
0.0607536
-0.0784814
-0.0893857
0.162982
0.162925
-0.140408
-6.67675e-05
0.118757
-0.0287646
0.14484
0.055517
0.0013761
0.0400544
0.016611
0.235382
0.0589148
0.0921446
0.196524
-0.15088
0.195288
-0.0610309
-0.0587773
0.226973
-0.0767048
-0.141388
-0.00154642
0.035979
0.163517
-0.222334
0.0238866
0.181753
-0.162103
-0.0126916
0.170597
0.193227
-0.125834
-0.202868
0.0238261
-0.229063
-0.0286878
0.131573
0.0993321
-0.102607
0.0920749
0.0987988
-0.147912
0.11251
0.1541
-0.116188
0.147221
-0.0274462
-0.0266306
0.0455611
-0.0994567
0.0352192
-0.080783
0.109412
-0.157984
-0.0664514
0.293552
-0.0957994
0.141088
-0.211207
-0.0645006
-0.0501795
0.00856272
0.0117201
-0.050588
0.112835
-0.0515152
-0.0997876
0.130231
-0.0668999
-0.0376738
0.0560894
-0.16221
-0.116854
0.162457
-0.162022
0.00281244
-0.115731
0.16494
-0.194993
0.122107
0.106965
-0.0659322
0.132556
-0.16626
0.134654
0.0572402
0.148597
-0.0108423
0.0568267
0.0438614
-0.151446
-0.0759777
0.0497361
0.158032
-0.0153718
0.097003
0.0664722
0.0438481
-0.140119
0.113377
-0.122078
-0.11349
0.102591
0.16723
-0.000778751
-0.026405
-0.157704
-0.187477
-0.0316132
-0.0102366
-0.105386
0.142839
-0.171597
0.0168828
-0.20032
-0.0750464
-0.023086
-0.305778
0.00613812
-0.0815922
0.180793
-0.0238873
0.257051
-0.117034
0.148095
-0.14715
0.113356
-0.209022
-0.146968
0.193144
-0.162654
0.0774511
0.014074
-0.0818792
0.0775329
-0.0189061
0.0476793
-0.115425
0.0869203
-0.285634
0.0399999
0.144956
-0.0803114
0.0809505
-0.0129851
-0.111541
-0.0383706
-0.0630635
-0.0722286
-0.0242126
0.089701
-0.0442131
0.203098
-0.00234374
-0.17032
-0.184237
0.00874599
-0.252995
-0.0511121
-0.0600928
-0.102399
-0.041804
-0.0169821
-0.213368
0.0174982
0.0461648
0.0789649
0.0389659
-0.0891407
0.227563
-0.118819
0.152082
-0.0529174
0.114717
0.103762
-0.0974437
0.187799
-0.22946
-0.113388
-0.0430564
-0.131
0.156419
0.118343
-0.110066
-0.0180794
0.140911
-0.0114911
0.160421
-0.0735057
0.270692
0.0636204
-0.0850882
0.127551
-0.106721
0.149061
0.0525259
0.0604736
0.192988
-0.0341075
-0.10186
-0.144074
-0.0386303
0.11668
0.0723287
0.0601291
-0.125921
-0.107049
-0.0124845
-0.1295
0.0379509
-0.0502652
-0.117458
-0.0976746
0.0309711
-0.182254
0.0586948
0.0461583
-0.149411
-0.0995028
-0.168823
-0.125123
-0.0526404
0.152227
-0.0592802
-0.0355266
0.100254
0.171387
-0.00738568
-0.0578022
0.263965
-0.108178
0.12991
0.168088
0.11848
-0.00766806
0.0608371
-0.050884
-0.184956
0.0707861
-0.0963264
-0.163219
0.00776387
888888
0.0581697
0.122675
-0.174017
0.0321159
0.17429
-0.0400816
0.0346451
-0.0574464
0.0908669
-0.152711
0.10268
-0.0971822
0.176861
0.121709
-0.0125314
0.176799
-0.174308
0.00372315
0.0409277
0.0813966
0.0211425
0.10647
0.0564823
-0.196868
-0.134893
0.00585874
-0.161817
-0.121664
-0.0569243
-0.00976339
0.128429
-0.129457
0.0538521
0.0471086
0.0529086
0.0475983
0.0515296
0.0448937
0.0482969
0.0441302
0.0495707
0.0623514
0.0547183
0.0453426
0.0481778
0.0600144
0.0571449
0.0491228
0.0489278
0.0477438
0.0525845
0.0423901
0.0569477
0.0472484
0.0543076
0.0499758
0.050203
0.0517313
0.04609
0.0572162
0.0541376
0.0503857
0.0501319
0.0450569
0.0549075
0.0470633
0.0483091
0.0578535
0.0629043
0.0548947
0.0443559
0.0478364
0.0568404
0.0572716
0.0466942
0.0473364
0.0540641
0.0493339
0.0595622
0.0543801
0.0472023
0.0406794
0.0468681
0.0588119
0.0520916
0.0586973
0.0540949
0.0423794
0.0538527
0.0446033
0.0428813
0.0518327
0.0441772
0.0487645
0.0547135
0.0532641
0.0537161
0.0434564
0.0486412
0.0439019
0.0430698
0.0458006
0.0548606
0.057929
0.0481976
0.0507111
0.048176
0.0578008
0.0479115
0.050892
0.0470427
0.0517729
0.0445346
0.0581279
0.0419218
0.0599157
0.0543139
0.0439603
0.0479335
0.0606045
0.0458329
0.0582423
0.0541146
0.0540362
0.0410055
0.0495764
0.0458892
0.056226
0.054856
0.0456869
0.0467397
0.0517155
0.0563709
0.0450717
0.0525936
0.0492949
0.050025
0.0581351
0.0458952
0.0512452
0.0522522
0.0542803
0.0498203
0.0530578
0.0464866
0.0499832
0.0523134
0.0530765
0.0433815
0.0582111
0.0500857
0.0423003
0.0560231
0.0396891
0.0453289
0.0487885
0.0537269
0.0598473
0.0416871
0.0436501
0.049644
0.0500213
0.049013
0.050657
0.0514394
0.0548109
0.0511917
0.0450638
0.0446321
0.0538628
0.0509299
0.0462711
0.0452078
0.0575692
0.0487632
0.0534342
0.05143
0.0443299
0.0543814
0.0560163
0.0513605
0.0535424
0.0508334
0.0430575
0.0557457
0.067343
0.0554703
0.0504199
0.0579979
0.043919
0.0531697
0.0405307
0.0516303
0.0399132
0.0476924
0.0487128
0.0457645
0.0469518
0.050463
0.0550292
0.0495397
0.0502814
0.0493257
0.0511929
0.0467296
0.0409597
0.0474334
0.0531044
0.0488972
0.0493922
0.0427681
0.0503109
0.0521452
0.0610199
0.0507828
0.0564085
0.0578126
0.0493589
0.047798
0.0389584
0.0498365
0.0660255
0.0552353
0.044976
0.0422856
0.0427246
0.0516909
0.0447982
0.0502971
0.0503093
0.0408247
0.0539226
0.0538424
0.049528
0.0563899
0.0561338
0.0586798
0.0543159
0.0529449
0.0541748
0.0594049
0.0444507
0.0409756
0.0489088
0.0507965
0.0541112
0.0496873
0.0478245
0.0521962
0.040311
0.036657
0.0619012
0.0550095
0.0467253
0.0451039
0.0461064
0.0516218
0.0506546
0.0529774
0.0506924
0.0588991
0.054192
0.044142
0.045843
0.0464832
0.0491296
0.0451251
0.0480798
0.0511664
0.0433633
0.0466303
0.0629864
0.0523246
0.0489526
0.0520799
0.0488707
0.0422255
0.0571468
0.0543176
0.0499334
0.0448751
0.0455746
0.0534065
0.04881
0.0464484
0.0469186
0.0547281
0.0678417
0.0459567
0.051613
0.0466026
0.0531461
0.0485702
0.0424452
0.0451952
0.0608448
0.0457927
0.0489491
0.0464711
0.0612792
0.0419542
0.0423046
0.0499384
0.0471471
0.0534301
0.0568943
0.0555311
0.0445489
0.0549551
0.0495226
0.0480221
0.0421066
0.0440556
0.0449772
0.0488645
0.0402615
0.0464118
0.0491003
0.0563338
0.0447621
0.0489813
0.0516347
0.0457655
0.0518404
0.0471951
0.04548
0.0503291
0.0468225
0.0410381
0.0437916
0.0617585
0.0479254
0.0533713
0.0461998
0.0421434
0.0425182
0.0398496
0.0505725
0.0562077
0.045171
0.0446123
0.0433703
0.0499661
0.0541938
0.0448693
0.0490011
0.0561218
0.0492586
0.049508
0.0516275
0.0444239
0.0465378
0.0561401
0.0497307
0.0496878
0.0413149
0.0545638
0.0518202
0.0428927
0.0498262
0.0459716
0.0471197
0.0466887
0.0530549
0.0422035
0.053372
0.0588713
0.0440018
0.0473979
0.0495928
0.0526073
0.0491582
0.0460719
0.0561091
0.0498767
0.0506305
0.0541355
0.0483183
0.0567354
0.05645
0.045358
0.054971
0.0523219
0.057293
0.0503187
0.0545585
0.0407027
0.0461068
0.0521038
0.0595773
0.0530346
0.0527845
0.0516051
0.04763
0.0554091
0.0575962
0.0515122
0.0420591
0.0527653
0.0457877
0.0571721
0.0563236
0.051943
0.0520167
0.0507852
0.0513949
0.0478446
0.0530727
0.0498766
0.0464167
0.0621804
0.0496504
0.0531797
0.0510874
0.0556349
0.0472907
0.0536697
0.0489271
0.0417616
0.0447901
0.0527126
0.0500292
0.0439559
0.0462981
0.0501214
0.0512817
0.0512253
0.0522664
0.0532398
0.0471161
0.057591
0.0407829
0.0521253
0.0423734
0.0509437
0.0456468
0.0551165
0.0553996
0.0495854
0.0564343
0.0533166
0.0435748
0.0473113
0.0484643
0.0513579
0.054869
0.0533286
0.0481411
0.0467705
0.0545647
0.0436981
0.0440812
0.0575725
0.0561072
0.0461258
0.0515555
0.0557072
0.0473766
0.0466148
0.0485532
0.0467259
0.0450398
0.0569419
0.0547038
0.0486756
0.060418
0.0523533
0.0517549
0.0469694
0.0500333
0.045419
0.0519076
0.0471011
0.0465691
0.0514526
0.0478511
0.0467362
0.0459302
0.0496745
0.0582729
0.048404
0.0515497
0.0422643
0.05527
0.0574569
0.046438
0.0561469
0.0475014
0.0529844
0.0572498
0.0514332
0.0542004
0.0495348
0.0448012
0.0564584
0.0485696
0.0535679
0.0452153
0.0539093
0.0528563
0.0538011
0.0520138
0.0537159
0.0560021
0.0598993
0.053299
0.0526736
0.0602958
0.0566596
0.0462484
0.0538142
0.0457234
0.0517893
0.0484503
0.049075
0.0481426
0.0608661
0.0408943
0.0529682
0.0431559
0.0438755
0.0525619
0.0580011
0.0488452
0.051629
0.0503409
0.0411734
0.0477253
0.0477369
0.050234
0.0405783
0.0442282
0.0541853
0.0476113
0.0527657
0.046147
0.0499738
0.048542
0.0479497
0.0535196
0.0482047
0.0490253
0.0430014
0.0508549
0.0482087
0.0495155
0.0438313
0.0424119
0.0457351
0.0422543
0.0533413
0.0518587
0.0455417
0.0452774
0.0604383
0.0496004
0.0568619
0.0591663
0.0544193
0.0549608
0.057405
0.0388096
0.0477759
0.0575012
0.0524919
0.0536504
0.0487687
0.0596397
0.0491174
0.0454101
0.0519014
0.0427141
0.0444421
0.055712
0.0533679
0.0493136
0.0536995
0.0454518
0.0443399
0.0464522
0.0433034
0.0499148
0.0482906
0.0544241
0.0454568
0.0477727
0.0496292
0.0492082
0.0473181
0.0664427
0.0457122
0.0564384
0.0532207
0.0595243
0.0470895
0.0550612
0.0458472
0.0430215
0.0442019
0.0498535
0.0427612
0.0519671
0.0492201
0.0497034
0.0425433
0.0509508
0.05583
0.0495549
0.0591059
0.0539693
0.0460962
0.0492165
0.0632276
0.0466744
0.0502336
0.0624455
0.0433139
0.0469804
0.0501147
0.0428305
0.0471694
0.0543745
0.0449433
0.054087
0.0535503
0.0405157
0.0474917
0.0473735
0.0460846
0.0609734
0.0524153
0.0491614
0.0460611
0.0449495
0.0477121
0.0473334
0.0519546
0.0623729
0.0514574
0.0537467
0.0439825
0.056318
0.0467461
0.0493923
0.0583768
0.046247
0.0571411
0.0603648
0.0568776
0.0567665
0.0430924
0.0519447
0.0544654
0.040851
0.0536803
0.0495366
0.0481241
0.0481407
0.0457793
0.044141
0.0475886
0.0594621
0.0432051
0.0511867
0.0562081
0.0399479
0.0579351
0.0540388
0.0427168
0.0415646
0.0636468
0.0522291
0.0448797
0.0530114
0.0462606
0.0473461
0.0493855
0.0492651
0.0486796
0.0608647
0.0557222
0.0463028
0.0536115
0.0472556
0.0603747
0.0518134
0.0500449
0.0504506
0.0502401
0.0523209
0.046936
0.0528745
0.0409329
0.0514655
0.0510495
0.0431231
0.0502292
0.0476708
0.0512498
0.0488979
0.040785
0.0523773
0.0505974
0.046363
0.0485563
0.0502151
0.0532745
0.0495485
0.053751
0.0491411
0.0635148
0.0432743
0.0456408
0.0522374
0.053101
0.0447324
0.0492518
0.0453982
0.0479154
0.0498146
0.0428554
0.0552829
0.0472909
0.0464038
0.0488587
0.0526204
0.05295
0.04524
0.0471924
0.0519416
0.0524526
0.0490767
0.04629
0.042148
0.0601619
0.0475279
0.0468885
0.0568908
0.0517909
0.0407707
0.0503234
0.0566434
0.0442441
0.0406138
0.0492108
0.0519048
0.0623553
0.051345
0.052019
0.0520997
0.0451571
0.0470342
0.0509242
0.0445163
0.0584191
0.0625661
0.0499924
0.0548181
0.0496181
0.0519064
0.046006
0.0438757
0.0456101
0.0446759
0.0420175
0.0529201
0.0533303
0.0499505
0.049736
0.052576
0.0528903
0.0489974
0.0484287
0.0503426
0.051541
0.0512761
0.0457364
0.0481993
0.0460131
0.0467051
0.0503632
0.0458617
0.0558298
0.0414571
0.0577794
0.0522935
0.0635
0.0481244
0.051043
0.0537818
0.0577089
0.0542095
0.0443288
0.0462757
0.0459847
0.046131
0.046849
0.0460565
0.042605
0.0510926
0.0491146
0.0438445
0.0487487
0.0615329
0.058423
0.0501014
0.0579126
0.0464387
0.0436005
0.0469164
0.0521501
0.0499285
0.0429108
0.0529071
0.039264
0.0595279
0.0519552
0.0409464
0.0494535
0.0511438
0.0483996
0.0626413
0.0493633
0.0541491
0.0497142
0.0508051
0.0624226
0.049791
0.0506651
0.0540305
0.0492369
0.0413233
0.0446887
0.0519686
0.0508971
0.0524519
0.0480075
0.0516483
0.0511098
0.0504067
0.0526975
0.0562316
0.0542119
0.0524912
0.0623052
0.0527061
0.0443404
0.0630501
0.0578736
0.0473183
0.046543
0.0563399
0.0592206
0.0516231
0.0525514
0.0502044
0.0628491
0.0534977
0.0585715
0.0492726
0.0483206
0.0563472
0.05262
0.0498563
0.042414
0.0553038
0.0624652
0.0559481
0.0406508
0.0505326
0.0548356
0.0626001
0.0564179
0.0416767
0.052339
0.0515013
0.0511474
0.0493271
0.0538289
0.0403973
0.0595165
0.0580596
0.0494964
0.0594807
0.0500103
0.0410559
0.0517631
0.0493176
0.0523683
0.0474827
0.0454339
0.0617498
0.0431196
0.0540488
0.0480883
0.0525017
0.0470314
0.0492949
0.0523298
0.054002
0.0543481
0.0595425
0.0418035
0.0522746
0.0548313
0.0531709
0.0469026
0.046876
0.0518053
0.0419852
0.0496679
0.0523748
0.0492766
0.0470872
0.0446651
0.0550802
0.0617668
0.0520385
0.0411768
0.0521676
0.0531787
0.0542809
0.0528452
0.0436323
0.0469617
0.0379636
0.0558331
0.0578526
0.0449759
0.0503199
0.0533962
0.0507315
0.050842
0.0510114
0.0542437
0.0430303
0.0505757
0.0393009
0.0431615
0.0583927
0.0437437
0.0438944
0.0590896
0.0539195
0.0454968
0.0494733
0.0518322
0.0517134
0.0412261
0.0542872
0.0549754
0.0539759
0.0527081
0.0510687
0.0518452
0.0431708
0.047466
0.0571601
0.060518
0.0488533
0.0550509
0.0505613
0.0503215
0.052691
0.0435515
0.0519329
0.0365279
0.0425214
0.0538146
0.043288
0.0546525
0.0509893
0.0449783
0.0455731
0.0492441
0.0519003
0.0524998
0.0641917
0.0538009
0.0447132
0.0566308
0.0515206
0.0404074
0.0530648
0.0494514
0.0500788
0.0442539
0.0455499
0.0505767
0.0597126
0.0494243
0.0519903
0.0504806
0.0459449
0.0474595
0.0473122
0.0387342
0.0492495
0.0447658
0.0462863
0.0540216
0.0473755
0.0587079
0.0450439
0.0521979
0.044917
0.0461994
0.0470923
0.0469498
0.0608489
0.0492252
0.0605072
0.0517542
0.0400265
0.0585226
0.0396887
0.0455965
0.0561648
0.0441378
0.055141
0.0387069
0.0569597
0.0588779
0.0499381
0.0609966
0.059786
0.0505259
0.0598894
0.0577389
0.0493565
0.0451773
0.0630054
0.054277
0.0483569
0.0455754
0.059226
0.0558247
0.0550377
0.0514644
0.0476372
0.042394
0.0502214
0.053396
0.0487996
0.0589207
0.0498309
0.0559392
0.0341892
0.0437504
0.0573468
0.0494238
0.0550138
0.0446975
0.0397525
0.044643
0.0438593
0.0396793
0.0578495
0.0519419
0.0431468
0.0463364
0.0448791
0.0485303
0.0506775
0.0584995
0.053757
0.0556942
0.0428428
0.0559725
0.0512772
0.0428199
0.0497129
0.0554907
0.058572
0.0509822
0.0504033
0.040935
0.0486709
0.0620047
0.0483124
0.0441998
0.0421762
0.0466888
0.0462102
0.047161
0.0559402
0.0548018
0.0506843
0.0562934
0.044169
0.0590155
0.0503309
0.0501922
0.0555723
0.0559316
0.0519486
0.0590828
0.0430458
0.0568165
0.0547164
0.045452
0.0492506
0.0510805
0.0527612
0.0502717
0.0497145
0.0542151
0.0526321
0.0449763
0.0419543
0.0547226
0.041085
0.0464798
0.049121
0.0557252
0.0482665
0.0624907
0.046805
0.054618
0.0469119
0.0537246
0.0524067
0.0518619
0.046775
0.0559804
0.0519939
0.0579799
0.0535183
0.0494492
0.0511748
0.0422218
0.0600954
0.0453097
0.0442845
0.0515907
0.0476551
0.042848
0.0595205
0.0487766
0.0523476
0.0433482
0.0446641
0.0421141
0.0454778
0.0458985
0.0636879
0.0561439
0.0626396
0.0438251
0.04679
0.0478982
0.0418485
0.0428795
0.0431435
0.0451908
0.0447313
0.0517316
0.0453817
0.0503393
0.0421777
0.0475212
0.0531703
0.0479717
0.0473644
0.0561685
0.0525684
0.0567155
0.0605397
0.067012
0.0533842
0.0492446
0.0508665
0.0442134
0.0424468
0.0469228
0.0507469
0.0547117
0.041982
0.0479807
0.0546293
0.0546243
0.0428104
0.0456997
0.0407766
0.051461
0.0459971
0.0502897
0.043091
0.0542692
0.0408416
0.0427297
0.0523285
0.0457077
0.0533454
0.0480316
0.0540719
0.0647224
0.0477232
0.0550489
0.0515462
0.0586527
0.0445018
0.0457744
0.0382658
0.0500403
0.0504815
0.050402
0.0508593
0.0547535
0.0541802
0.0530969
0.0496117
0.0429261
0.0561929
0.0521034
0.0508306
0.039991
0.0544422
0.0431526
0.0492354
0.0515393
0.0488495
0.0545629
0.0538269
0.0421949
0.0436663
0.0509766
0.0441596
0.0440007
0.0498938
0.0462735
0.056021
0.0480712
0.0460117
0.0514966
0.0498219
0.0527955
0.0456958
0.0604523
0.0443281
0.0439714
0.0484998
0.0427387
0.0530582
0.0624497
0.0480405
0.0452525
0.0467721
0.0554741
0.0392773
0.0428201
0.0485928
0.0582249
0.0483528
0.0622502
0.0524631
0.0696978
0.0529416
0.0553166
0.0435569
0.0536788
0.0480415
0.053625
0.0518756
0.0414304
0.0474439
0.0489519
0.0510496
0.0498964
0.0598472
0.0474357
0.0529863
0.0447411
0.0415729
0.0444639
0.0372616
0.0488998
0.0550605
0.0468355
0.0489102
0.0487064
0.056673
0.056049
0.0439021
0.0481301
0.0583227
0.0642366
0.0551702
0.0572052
0.0507766
0.0511564
0.0573195
0.047454
0.0528688
0.0465285
0.0486746
0.0477301
0.0585148
0.0474158
0.0488131
0.0493792
0.0464565
0.0494948
0.0432324
0.0553469
0.0453925
0.0545501
0.0521777
0.0429075
0.0580966
0.042793
0.0510151
0.0452679
0.0436732
0.0538213
0.0538147
0.0439709
0.0567035
0.0528999
0.0491018
0.0677266
0.0384073
0.0437613
0.0526596
0.0573311
0.0504874
0.042971
0.0472125
0.0512587
0.0468057
0.0574158
0.0491598
0.0492482
0.0493229
0.0465347
0.0430939
0.0618658
0.0598065
0.0572489
0.0508573
0.0496333
0.0466552
0.0475021
0.0571515
0.0493032
0.0607525
0.0574686
0.0526312
0.0642772
0.0520976
0.0454557
0.0478191
0.0590873
0.0487345
0.0481982
0.0538763
0.0542961
0.0483696
0.0584036
0.0492335
0.0609715
0.0521202
0.0457485
0.0544292
0.0539928
0.0542844
0.0486009
0.0452167
0.0542926
0.0398964
0.0440948
0.0548697
0.049722
0.0492246
0.0450301
0.047946
0.0604024
0.0522919
0.0470438
0.0461832
0.0568636
0.0401178
0.0431524
0.0520659
0.049376
0.0606023
0.0374792
0.0506586
0.0451494
0.0465956
0.0500731
0.0493954
0.0519643
0.0399986
0.0476255
0.0558399
0.0461408
0.040302
0.0480752
0.0400383
0.0535264
0.052752
0.0530007
0.0606064
0.0517761
0.0419149
0.0546603
0.0647924
0.0459994
0.0510207
0.0484296
0.0523159
0.0482803
0.052235
0.051245
0.0495233
0.0585229
0.0496055
0.0451176
0.0514675
0.057714
0.0434177
0.0533973
0.0610143
0.039288
0.0521281
0.0501615
0.0564049
0.0461873
0.0464258
0.0459174
0.0475166
0.0487983
0.0560348
0.0496007
0.0523359
0.0531947
0.0557255
0.0509092
0.0513632
0.0463587
0.0494423
0.0501948
0.0531495
0.0505014
0.0475361
0.0439483
0.0454545
0.0405414
0.0433375
0.0404591
0.0601732
0.0492461
0.0539711
0.0494658
0.0486801
0.0427375
0.049015
0.0433138
0.044446
0.0438662
0.0556056
0.0562996
0.0476932
0.0438634
0.058446
0.0478726
0.0605894
0.0437595
0.0491729
0.0533827
0.0412953
0.046639
0.0526314
0.0599892
0.0558846
0.0581009
0.0491753
0.0576097
0.0438776
0.0493201
0.0543016
0.0568598
0.0531574
0.0442311
0.0524202
0.0537959
0.055207
0.0428535
0.0515431
0.0472657
0.0492027
0.0552067
0.0473584
0.053144
0.046315
0.0510661
0.0562208
0.0421043
0.0387342
0.0485216
0.0546366
0.0449806
0.0524438
0.0444403
0.0568166
0.0522588
0.0513523
0.0521129
0.0538241
0.0533311
0.0505214
0.0471395
0.0510607
0.0506485
0.0473773
0.0478016
0.0461919
0.0564051
0.052467
0.0493601
0.0414472
0.0448758
0.0555355
0.0422163
0.0534213
0.0513228
0.0427102
0.0605221
0.0522836
0.0577562
0.0490764
0.0466237
0.046179
0.0470843
0.048445
0.0483591
0.0447962
0.0458329
0.0489566
0.0472006
0.0499693
0.0482413
0.0463052
0.0527208
0.0411994
0.0601985
0.0498686
0.0549118
0.0515516
0.0487064
0.0404793
0.0558206
0.0546346
0.0554894
0.0451208
0.0458232
0.0604477
0.0505228
0.053021
0.0411152
0.0492346
0.0602431
0.0448336
0.0553399
0.0523398
0.0532891
0.0405595
0.0452035
0.0458646
0.0498391
0.0477028
0.0463812
0.0437236
0.0431029
0.0478828
0.0465292
0.0600396
0.0503667
0.0514109
0.0531211
0.0423691
0.06471
0.0475297
0.0365034
0.054745
0.0552567
0.0540276
0.0486371
0.0402089
0.0480653
0.0575874
0.0406735
0.0471297
0.0523885
0.0522005
0.0476884
0.0500834
0.049579
0.0484841
0.0499621
0.0514459
0.0418278
0.052318
0.0470379
0.0612371
0.0479689
0.0508053
0.0612457
0.0443596
0.0456412
0.0549482
0.0554195
0.054451
0.0446514
0.0440742
0.0549479
0.0519286
0.0481564
0.0537193
0.0509082
0.0457898
0.0453895
0.0596161
0.0433263
0.0575332
0.0484178
0.0414595
0.0535309
0.0547185
0.0479739
0.0567743
0.0554093
0.0463888
0.0540895
0.0519597
0.0497966
0.0636319
0.0524801
0.0556633
0.0465014
0.0532353
0.0553996
0.0548984
0.0488902
0.0524227
0.0530199
0.0477792
0.0477719
0.0520743
0.0430654
0.0448159
0.0525663
0.052513
0.0527394
0.0538141
0.0431565
0.0512318
0.0478683
0.0527563
0.0483694
0.0495306
0.0419879
0.0478674
0.0454812
0.0601445
0.0457
0.0435797
0.0519164
0.0446636
0.0446197
0.049254
0.0464405
0.0483649
0.0515502
0.0482955
0.0515358
0.0545724
0.0461395
0.047387
0.052337
0.0486804
0.0661579
0.055966
0.0453441
0.0539871
0.0558958
0.0408812
0.0591893
0.054835
0.05
0.05
0.05
0.05
0.05
0.05
0.05
0.05
0.05
0.05
0.05
0.05
0.05
0.05
0.05
0.05
0.05
0.05
0.05
0.05
0.05
0.05
0.05
0.05
0.05
0.05
0.05
0.05
0.05
0.05
0.05
0.05
777777