2.07654
999999
-0.0402633
0.0809666
-0.0145633
-0.0674089
0.00370429
-0.0389843
-0.101668
0.224677
-0.0230106
-0.0736648
-0.044042
0.0478663
0.119467
0.106453
-0.0639653
-0.0122383
-0.414185
-0.0961515
0.0233
-0.21173
-0.195517
0.160504
0.0493459
0.133431
0.165085
0.22267
-0.124543
-0.179499
-0.0539447
-0.148012
0.0134882
-0.164965
-0.200951
-0.0469294
-0.0372613
-0.0751868
-0.0600072
0.0323863
-0.0507892
0.13701
0.161122
-0.150726
-0.16732
-0.113685
-0.00428331
-0.0312664
-0.171737
0.0535103
0.196883
-0.177487
-0.129819
0.0938265
-0.00278567
-0.0212044
0.255017
-0.129036
0.10629
0.0892545
0.0772938
0.133151
-0.134102
-0.126449
0.0571447
-0.196791
-0.145341
0.0316902
0.0249258
0.0282969
-0.0149358
0.117395
0.140263
0.0735177
0.136312
0.244369
0.177613
0.184285
0.144558
0.0432109
0.0374497
-0.165353
0.0418487
-0.160808
-0.053901
-0.0439203
-0.0184789
0.00178801
-0.0499645
-0.0724063
-0.226166
0.0339396
-0.0071666
-0.0484518
-0.235115
0.128542
0.0954249
0.111731
0.0523464
-0.302847
0.112842
0.168464
-0.308378
0.0858335
0.125624
0.026006
-0.0299091
0.00229991
0.175077
-0.140694
0.00259502
0.0954983
0.00981973
0.173087
-0.303446
-0.125949
-0.056927
0.157994
0.0624186
0.0175244
-0.0773539
0.0663145
-0.132787
-0.0466848
-0.116943
-0.256699
0.136401
-0.0398115
0.074111
0.184235
-0.192873
-0.0691092
-0.0631951
-0.114132
-0.055645
0.0448432
0.155349
0.107334
-0.0215094
-0.159803
-0.164311
-0.146961
0.0679578
0.250835
-0.214731
0.0786635
0.133008
0.121197
-0.00585274
0.0100793
0.0129216
-0.0789102
0.0834172
-0.0191862
-0.0965321
-0.120976
0.091252
-0.0178611
0.0280762
0.058637
-0.132104
0.1637
0.0806103
0.0229162
-0.080894
0.0492249
0.206948
-0.0868655
0.0768573
-0.130813
0.0450472
-0.0141388
-0.0314065
0.0851892
-0.0898354
-0.0318308
0.0640664
0.0869842
-0.0997299
-0.0720217
-0.239184
0.224468
0.0129847
-0.0249676
0.293966
-0.016309
-0.0947525
-0.132942
-0.0329137
-0.0481286
-0.197519
0.164326
-0.10404
-0.112118
0.0853474
0.014755
-0.102205
-0.238558
0.0388066
-0.102608
0.0848341
0.144148
0.12424
-0.110956
-0.182364
-0.154088
0.0665947
0.129544
-0.243955
-0.0345508
-0.0209885
-0.0217493
-0.222614
0.0915703
-0.0540922
-0.0553468
-0.0409212
-0.127233
0.133302
0.239884
0.0426219
-0.194803
-0.110029
0.0119996
-0.082922
0.200373
-0.058869
-0.0113102
0.147258
-0.0307089
0.145521
0.0322997
-0.116178
0.236535
-0.0288913
0.260203
0.0192423
-0.148296
-0.054618
0.0277493
0.0149266
-0.00705436
0.107881
0.223151
0.14442
-0.0503951
0.12971
-0.0628948
0.149593
0.0730761
0.266868
0.0633763
0.107584
0.129726
0.152124
-0.16361
-0.0422216
-0.0735515
0.00449464
-0.0519745
-0.174676
0.139978
-0.142085
-0.111829
0.0290393
-0.204954
-0.253312
-0.0606061
-0.0815102
0.0919262
-0.00827682
0.128507
-0.0861878
0.0499376
-0.226721
0.101422
-0.225066
-0.0233408
-0.100507
-0.126329
-0.102228
-0.0112464
0.137746
-0.121246
-0.0221295
-0.104475
0.125224
0.0724988
0.0890189
-0.123106
0.100164
-0.00025414
-0.0350149
-0.0420995
0.158365
-0.14494
-0.111064
0.0625005
-0.144847
0.087377
-0.050566
-0.147582
0.0236126
-0.17162
0.0687913
-0.210562
0.0130737
0.166673
0.00968575
-0.17298
-0.210431
0.140744
-0.216745
0.0630352
0.0294845
0.0872817
0.12852
-0.0324687
0.198368
0.219994
0.0470182
0.0788403
-0.152349
-0.0637651
-0.0158037
0.136191
-0.1687
0.0952711
-0.210173
-0.181449
0.0449671
0.10672
0.0663382
0.0968607
-0.198411
-0.156588
0.127449
-0.195012
0.046715
0.129438
-0.0499054
-0.0546086
0.132181
-0.0411482
0.157609
0.15177
-0.131544
0.1347
-0.0808205
-0.0244127
0.17855
-0.0565446
0.0843009
-0.0266958
0.159346
-0.162217
-0.139946
0.0433753
-0.176446
0.0331189
0.227613
-0.112936
0.103734
-0.125143
0.149264
-0.119235
-0.072318
0.0168606
0.00473377
0.0158128
0.196448
-0.12144
0.0167146
-0.0964944
-0.0474624
0.204014
-0.1405
-0.0124951
-0.0577646
-0.00450134
0.000847325
-0.148394
-0.0360524
-0.0500519
0.151498
-0.142689
-0.204362
-0.0476284
0.0670105
-0.0441693
0.099174
-0.255968
0.0586907
0.24033
0.0907051
0.17684
0.0759126
-0.154896
-0.044846
0.161699
0.0640948
0.0176718
-0.00323409
0.246501
0.173281
-0.154389
-0.187934
0.275446
0.00614664
-0.0960195
0.0745954
-0.1338
0.0283149
0.273111
0.156613
-0.11238
-0.219607
-0.0794506
-0.241565
0.159652
0.0640718
0.107946
-0.157376
0.137332
0.222074
-0.0902336
0.131387
-0.160397
-0.00512569
0.230233
-0.194994
0.0132875
-0.161756
-0.157922
-0.134108
0.0619852
0.176387
-0.176294
0.142982
-0.150382
0.196415
-0.108377
-0.150134
0.14607
0.0334399
-0.173656
0.0469785
-0.105341
-0.1017
-0.134654
0.0519453
-0.1014
0.00618776
-0.0238595
0.089762
0.012466
0.235568
-0.0539028
0.0361841
0.234251
0.0163357
0.0836228
-0.0366847
-0.0135986
-0.198483
0.0939476
0.0579419
0.0299495
-0.0997332
0.0992342
0.269459
0.11459
-0.191452
0.0381683
-0.0959587
-0.226112
0.169314
0.0698246
-0.0526236
0.0848714
-0.0454395
-0.0899023
-0.202141
0.14044
-0.192728
0.207311
0.0475184
-0.122864
-0.162357
0.172938
0.0916737
0.103904
-0.123432
0.0405314
-0.0852764
-6.84682e-05
-0.0610566
0.198342
-0.0389893
-0.100042
0.0134943
-0.125614
0.0024895
-0.0546752
-0.220407
-0.0738627
-0.194722
-0.262966
0.210157
0.18064
0.163015
-0.0985273
-0.0448823
0.131814
-0.0516674
0.226641
0.113423
-0.0860881
0.00442781
0.00893002
-0.133189
0.113149
0.170082
-0.192876
0.0127633
-0.149344
-0.183653
-0.194741
-0.034185
0.0408944
0.0479306
-0.113816
-0.170194
0.169625
-0.227807
0.00365291
-0.174453
-0.112751
0.130787
-0.120311
0.187758
0.061687
-0.125451
-0.0943519
0.0478105
0.0567568
0.114425
0.214054
0.10363
0.0703667
0.171792
0.191153
-0.214058
-0.0985985
0.079915
0.0799176
-0.024978
0.0699165
-0.129109
-0.144683
-0.167078
0.17827
-0.249926
-0.135815
-0.116862
-0.128697
-0.15395
-0.152629
-0.139817
0.0273586
0.119024
-0.147082
-0.0583088
0.0808468
0.0585605
0.017464
-0.0604132
0.0936304
0.0944415
-0.0642742
0.110033
0.0383283
0.0778687
0.0589487
-0.126224
-0.112676
0.243512
0.0428982
0.227337
-0.175052
-0.00799923
-0.152594
-0.073687
-0.0787501
-0.170738
-0.0298714
0.0795684
0.069986
0.21573
-0.16175
0.00572763
0.0950557
-0.0261954
0.104334
0.153714
-0.0578158
0.119832
-0.10997
0.171682
-0.0755981
0.144898
0.172577
0.0685211
-0.121981
0.047607
-0.196261
-0.169118
-0.198615
0.0532394
-0.133288
-0.0528099
0.196463
0.0085602
-0.189538
0.146612
-0.188504
0.0675815
0.129842
0.0831264
-0.144892
-0.132339
0.190281
0.0144385
0.285929
-0.0617501
0.0364447
-0.210727
-0.225686
0.0872761
-0.044236
0.202508
-0.111126
0.0154642
0.184742
0.130365
0.127464
-0.00022895
-0.101359
0.0894912
0.0781664
-0.12637
0.110726
-0.141018
0.100316
-0.144679
-0.0659583
-0.0328449
-0.0671868
0.0125618
0.0982745
0.14097
0.169864
0.0717128
-0.0236017
0.219406
0.0682462
-0.0130917
-0.0137654
-0.0440464
0.0742304
-0.114775
-0.144952
0.0370777
-0.0446875
0.0754214
0.293804
-0.266573
-0.163258
0.105087
0.077937
-0.0638837
0.0349501
-0.170315
0.186666
0.00798652
0.0661671
-0.0550775
-7.86084e-05
0.109732
-0.15149
0.0137373
-0.0631354
-0.12286
0.12675
0.159098
-0.11295
0.0341794
0.00981178
0.0528344
-0.148902
-0.119188
0.162747
0.132313
-0.0578926
-0.199676
0.113397
0.0896981
-0.134205
0.288602
-0.0259698
-0.0661259
0.0528515
0.100787
0.10802
0.112069
-0.0999322
-0.0783049
0.073672
-0.0854906
-0.0320033
0.239126
0.0337493
-0.197966
-0.0670183
-0.0494873
0.187531
0.000483595
-0.0325891
0.197261
0.14773
-0.0260899
0.154825
0.105442
-0.0816873
-0.0743155
0.106718
-0.0407174
0.0930408
-0.208652
-0.0393008
-0.00858634
0.00199256
0.0719214
-0.0163956
0.1649
0.015365
0.247363
-0.0109287
0.18538
0.223161
0.0411045
-0.0134847
-0.023529
0.191529
0.111479
0.0664218
0.171221
0.0996704
-0.15158
0.0991924
-0.181957
0.131074
0.122598
0.168668
-0.0636702
-0.00201343
0.111443
0.0398784
-0.126276
-0.159235
-0.119853
0.235286
0.0494508
0.10445
0.0842976
-0.108889
0.0241649
-0.0425216
0.0806285
-0.0459655
-0.0430409
-0.0530727
0.144957
-0.326245
-0.173809
0.206454
0.0791208
-0.052647
-0.113141
0.101635
0.011515
0.162447
-0.162363
0.112277
0.0531231
0.254553
0.121459
0.0102954
-0.0142944
0.0462526
-0.121535
-0.0421342
0.077393
-0.148873
0.118705
0.27779
-0.107514
0.179146
-0.0795009
0.124031
0.213398
-0.0399182
-0.0304819
-0.107796
-0.099358
-0.112143
0.211316
-0.150402
-0.0628445
0.179667
-0.0540913
-0.0502906
0.233735
0.092393
0.0950232
0.164356
-0.25228
-0.0648364
-0.27957
0.150643
-0.142697
-0.178165
0.0489506
0.0774345
-0.0206858
-0.00891893
-0.0358377
0.135543
0.0667727
-0.224963
0.123377
0.0573536
-0.0700165
-0.197393
-0.0106083
0.0723895
0.0876233
0.0612023
0.103282
-0.0288746
0.247713
-0.130678
0.160574
0.0233164
-0.00431901
-0.165172
-0.0494821
0.113272
-0.0526684
0.122617
0.0151195
-0.0404399
-0.00459276
-0.0497432
-0.0691064
0.0908786
-0.122433
-0.229732
-0.0433531
-0.0204559
0.116982
-0.0763582
0.114423
0.0334312
0.11101
-0.245113
-0.0465913
0.0678397
-0.235054
0.0194108
0.0954098
0.127644
-0.0192419
-0.114687
0.0562192
-0.155081
-0.192982
0.00953645
-0.122405
-0.168015
-0.15927
0.0444688
-0.123253
0.140323
0.0373432
-0.0807075
0.0326388
0.0862777
0.128842
-0.135043
-0.0438998
0.134259
-0.00200689
-0.199746
0.16759
-0.0126738
0.0975736
0.205294
-0.137691
0.0740037
-0.202997
0.235749
-0.175094
0.0370417
0.0373864
0.0842151
0.0212959
0.0156739
0.0706775
0.0761746
-0.0773471
-0.238842
0.0601706
-0.117218
0.191781
-0.063964
-0.0223948
0.019032
0.00991514
-0.0554562
0.0600515
0.0285227
0.155991
-0.132372
0.0435632
-0.167638
0.133821
0.188678
0.0286412
0.126446
0.0438607
0.00773906
0.0430215
-0.145819
-0.146719
0.0876077
-0.135975
0.0089637
0.0785422
0.0656823
0.139188
0.1552
0.0945557
-0.0662167
-0.0507693
-0.0183769
-0.116304
0.0883425
0.19495
0.210883
-0.0136071
0.0273896
-0.0745854
-0.118135
0.0710913
-0.0281244
-0.0860261
-0.0790555
-0.131313
-0.0396398
0.13957
0.0959122
0.124652
0.0501813
-0.100559
-0.085794
-0.155595
-0.224206
-0.127995
0.228403
-0.0862881
-0.126655
-0.0218697
0.0267587
-0.0903752
0.113979
-0.0769472
0.198257
0.0334536
0.119621
-0.0375943
-0.0121424
-0.206185
-0.17168
-0.108668
0.104398
0.193298
-0.157189
0.0723303
0.121613
0.0388002
0.152685
-0.187901
0.111722
-0.178489
-0.140642
-0.086969
0.0274654
-0.0601359
0.103432
0.0619445
-0.140992
0.128061
-0.126957
-0.220544
0.0307732
0.261357
0.0945945
0.0619139
-0.0648355
-0.0216865
0.0774219
0.0237175
0.0175858
-0.187971
0.0600777
-0.120071
-0.0534742
0.142507
-0.0232482
0.158031
-0.014728
0.214406
0.170598
-0.00672016
-0.119247
0.101823
-0.173775
0.00841975
-0.196158
0.0206451
-0.142041
-0.0570821
0.0316555
0.172521
0.0850337
-0.187368
0.0482033
-0.0410085
0.220826
-0.0303743
0.0778301
-0.0480773
0.0559396
0.226066
-0.0946624
-0.0428677
0.112983
0.0576174
-0.0644519
0.170323
-0.146071
0.0114853
0.135675
-0.12992
0.0305661
-0.160314
0.0154784
-0.100083
0.174366
0.131032
0.0369182
0.17955
0.0954651
-0.0917454
0.0698158
0.238912
-0.0977827
-0.0794368
-0.168402
-0.0711472
-0.0513383
-0.0998608
0.231206
-0.00447743
-0.0129128
-0.220311
0.167337
0.0341947
-0.168274
-0.128542
0.0960919
-0.160089
-0.0058229
0.0499757
-0.153139
-0.0580765
0.0320808
0.110357
-0.0965782
0.152003
0.0258229
0.174127
0.061317
-0.0607843
-0.0539659
-0.0512756
0.142582
-0.0489891
-0.00300587
0.123963
-0.155405
-0.0989248
0.105201
-0.0299047
-0.0949168
0.0593508
0.0153052
0.138463
0.228823
-0.111178
0.246218
-0.09462
-0.0306894
0.163009
0.0352343
-0.0992486
-0.121585
0.184293
0.109346
0.135067
0.0840813
0.104111
0.200456
0.187735
-0.172952
-0.0756799
-0.0969586
-0.0783439
0.0220528
0.0857742
-0.151294
0.143684
-0.00385657
0.0829365
-0.161686
0.155365
0.0776013
0.0949252
0.0509185
-0.178097
-0.088833
0.11379
0.0255816
0.0583359
0.0130532
0.150459
-0.151944
-0.076345
-0.156012
-0.0868328
-0.153358
0.0921306
-0.100391
-0.121367
-0.0441762
-0.00236443
0.0150041
0.0107692
-0.00141028
0.309981
0.171746
0.127946
0.0850012
0.00754315
0.0711264
0.179893
-0.13887
-0.11174
0.14357
-0.0520027
0.16919
-0.00885299
0.209739
-0.139408
-0.0334938
-0.231051
-0.0356675
0.0251047
0.114484
-0.106997
-0.0298838
0.139016
-0.10466
-0.106486
-0.0275864
0.0908838
-0.0454002
0.110416
-0.111999
-0.0217869
0.124858
0.0484846
0.157259
-0.0389211
-0.185469
0.0394015
-0.0417937
-0.0643525
0.154148
0.169494
-0.176512
-0.0534513
0.0142662
-0.0285642
0.137109
0.188443
0.136805
0.0922627
0.0347778
-0.078847
-0.161775
0.0646332
-0.179016
0.0357851
-0.0978731
0.120228
0.148988
-0.0817848
0.0531473
-0.0787712
-0.00705687
0.0576652
0.111866
0.120201
0.0803806
0.117986
0.0198506
0.000822162
-0.121314
0.131703
-0.2025
-0.0867379
-0.0466116
0.128357
0.155347
0.140181
0.00191715
0.132389
-0.0696966
0.128672
0.0795169
0.137883
0.0951053
0.0626285
-0.176297
0.152898
0.0440614
0.205378
0.231655
0.214321
0.208388
0.00716461
-0.18041
0.0231399
0.0536757
-0.0318118
-0.090834
-0.0544307
-0.225676
-0.133181
-0.08646
-0.236496
0.215934
0.0295552
-0.119292
0.0956479
0.0208741
0.0631794
-0.10018
-0.124061
0.191903
-0.140997
-0.0654752
-0.0583327
-0.146919
0.269399
-0.163415
0.0070106
-0.22793
0.035363
0.181381
0.160402
0.194021
-0.0821525
-0.0143235
-0.0451406
0.0420534
-0.139715
0.0948335
-0.0792327
-0.114965
0.15846
0.106472
0.150769
-0.131283
0.0473978
0.0891842
0.02989
0.196962
0.155756
0.0929806
0.0310597
0.113316
0.0311499
0.161251
-0.232789
-0.0511687
-0.0569378
0.0662938
-0.233841
-0.216961
-0.0211329
0.0320971
0.1689
0.0789489
0.182823
0.176465
-0.0825157
-0.0428839
-0.00208117
-0.0924428
-0.212188
-0.068173
-0.0615391
0.145087
0.00454379
-0.0189463
0.13745
0.175326
-0.00819246
0.155591
-0.0672645
-0.212493
-0.205552
-0.0379712
-0.177338
-0.141124
0.0650431
0.166975
0.257402
0.112775
-0.115746
0.132013
-0.0613599
0.0460852
-0.0783795
0.0130794
0.0216158
-0.208795
-0.115086
0.0416077
-0.0493984
0.130989
-0.103164
-0.0783985
-0.106695
-0.199316
0.0704493
-0.086328
-0.053004
-0.0514542
-0.139802
0.108269
0.114362
-0.0847787
-0.180483
0.0923793
-0.267742
-0.00716356
0.0715677
0.059256
0.00922913
-0.0508057
0.0834013
-0.126843
0.141844
0.183999
0.0898722
-0.138321
0.0102096
0.0884109
0.242248
-0.0246244
0.121182
0.124205
-0.19925
-0.0605082
-0.118222
-0.0908762
-0.189908
-0.132305
-0.169501
-0.18755
-0.199258
-0.0247288
0.069643
-0.0712194
-0.232961
0.162282
0.0219531
-0.123013
-0.0996584
-0.187464
0.277345
-0.0331366
-0.0989918
-0.106087
0.0128799
0.160678
-0.0339618
0.0925489
-0.145315
-0.230195
0.204175
-0.0970472
0.236179
-0.0443398
0.210411
-0.124134
-0.0465504
-0.0151913
0.205238
0.144343
0.123136
-0.0760422
0.0338144
-0.130875
0.010486
-0.0500119
-0.0151134
-0.149166
-0.266723
0.0590447
-0.125127
-0.0406391
0.085843
-0.110719
-0.272515
0.0379091
0.126407
0.165574
-0.168904
0.0308683
0.0858903
-0.118501
0.229582
0.122672
0.117626
0.180247
0.208205
-0.111748
0.273883
-0.181946
-0.0145537
-0.0569031
0.0883967
0.0521266
-0.210256
0.204637
0.161982
0.193796
0.174169
-0.125556
0.083137
-0.0608695
-0.113399
-0.185898
-0.0926427
0.00858108
-0.193638
0.186777
0.228296
0.173968
-0.130325
0.0654467
-0.0970929
-0.0831985
-0.037133
0.113734
-0.0501151
-0.14589
-0.125181
0.167234
0.0235126
0.0116622
0.0945449
0.0879922
-0.0759219
0.167413
-0.233042
0.254753
-0.156699
-0.102449
-0.00548636
0.00706505
0.153336
0.0464704
0.146774
-0.0930808
0.221657
0.105611
0.122068
0.125315
-0.0179713
0.163767
-0.0203144
0.0336117
0.0232218
0.134617
-0.03137
0.0176747
0.165957
0.135461
-0.0835707
0.0791656
-0.013236
0.0734719
-0.144253
-0.151946
-0.0231167
0.0363927
-0.125376
-0.208132
0.0998931
-0.0828886
0.171152
-0.022978
0.00161081
0.240054
-0.112279
0.104788
-0.265496
0.0124833
0.103035
-0.131042
-0.15547
-0.153257
-0.057789
0.12526
-0.0737085
-0.167898
-0.181735
0.170384
0.142578
-0.0228943
0.116364
0.0775094
0.218329
0.0896251
0.0333338
-0.026603
-0.171532
0.0810782
-0.144362
0.122041
0.292388
-0.0159699
0.111531
0.110286
0.0277773
0.0777087
-0.0414613
-0.0337365
0.125379
-0.157979
-0.25596
0.141797
-0.0069464
0.177422
0.0212182
-0.144444
-0.111809
-0.138451
-0.171309
0.104476
-0.124997
-0.124201
0.0573349
-0.202879
0.108856
0.139086
0.290393
0.107466
-0.170164
0.117888
-0.0378044
0.0448045
-0.17904
0.0227157
0.141002
-0.00270265
-0.110225
-0.0634824
0.147701
-0.141865
-0.0801264
0.00108995
0.162685
0.17406
0.0672096
0.12061
-0.0718838
0.0828701
-0.130547
-0.0521067
-0.0262602
0.0174238
-0.137701
0.0539942
-0.0464394
-0.00954523
0.0994891
-0.0449101
0.101022
0.0891697
0.0994491
0.0472438
0.113575
-0.037475
0.066619
0.0097249
-0.093968
0.0915397
0.063234
0.000239242
-0.0469182
0.0779431
-0.156196
-0.101363
0.0693682
0.0703723
-0.136812
0.201287
-0.178152
-0.0988551
0.0770599
0.108489
0.124079
-0.0218962
0.00394409
0.0172169
0.112548
0.155705
-0.107847
-0.0917555
-0.170367
-0.175034
0.0923358
0.18161
-0.13681
-0.0124695
-0.132148
0.0185429
0.0646289
0.182684
-0.17238
0.0628853
-0.0421472
0.00930997
0.043775
-0.134357
0.201438
0.0371714
-0.0776117
-0.115372
-0.0508864
-0.0751183
0.115027
0.081804
-0.0434832
0.232505
-0.107935
-0.0404972
-0.0233122
0.252688
0.0115888
-0.153598
-0.0451528
-0.095875
-0.039016
0.227233
888888
0.186764
0.116158
-0.0377496
-0.0399756
-0.146817
0.130388
0.15037
0.0421106
0.179008
-0.0219333
0.147314
0.0539417
-0.0843942
-0.183523
0.117433
-0.114951
0.0962014
-0.221333
0.148352
-0.109286
-0.0412126
0.017917
-0.175625
0.0593054
0.00920506
0.118311
0.00788286
-0.0166653
0.011519
-0.0888571
-0.00846291
0.0772106
0.0519612
0.0493643
0.0574244
0.0539654
0.0504344
0.0419335
0.0443563
0.0501139
0.0413192
0.0492321
0.0422108
0.0438241
0.0470354
0.0548727
0.041258
0.052665
0.0523729
0.0535139
0.0458304
0.050556
0.0488269
0.0485237
0.0579424
0.0508297
0.0461238
0.047706
0.0521788
0.0466939
0.0648443
0.0504267
0.0520615
0.0630803
0.0530439
0.0540119
0.0530874
0.0532217
0.0543903
0.0507019
0.0426995
0.0454913
0.0476336
0.0544037
0.0474642
0.0493575
0.0487723
0.054203
0.0543522
0.058542
0.050755
0.0464365
0.0457165
0.0521406
0.0468723
0.0516598
0.0543864
0.0482837
0.0486003
0.0474428
0.0498662
0.0550435
0.0511489
0.0436351
0.0482401
0.0493442
0.0498812
0.0469184
0.040329
0.0377973
0.0568036
0.0571407
0.0523459
0.0590164
0.0544215
0.0412711
0.0433764
0.0513223
0.0320814
0.0502658
0.0571928
0.0480866
0.0512051
0.0522306
0.0522563
0.0409409
0.0506854
0.0515843
0.0450402
0.0646597
0.0563215
0.047308
0.0446945
0.0471895
0.0477749
0.0631567
0.0471031
0.0539691
0.0488387
0.0584758
0.0488163
0.0571022
0.043894
0.0409485
0.0463038
0.0493695
0.0521658
0.0573828
0.039701
0.0621055
0.0500051
0.0452916
0.046564
0.0518695
0.0528434
0.0476852
0.0536461
0.0477941
0.0442024
0.0466702
0.058474
0.0459157
0.0520644
0.0501923
0.0560191
0.0540794
0.0563481
0.0436435
0.0425262
0.0519892
0.0514189
0.0500278
0.0530176
0.0483621
0.0488903
0.0366355
0.0638059
0.0451228
0.0515905
0.0452524
0.0556473
0.0403638
0.0468935
0.047976
0.0470399
0.0551631
0.0426088
0.0435136
0.0577355
0.0475069
0.0511424
0.0539187
0.0473269
0.0479177
0.0473619
0.0452559
0.0551762
0.0577195
0.0483313
0.0453817
0.0518925
0.0543621
0.054272
0.0544998
0.0471133
0.045885
0.0525524
0.0431314
0.0510807
0.0491134
0.0495294
0.0620695
0.050071
0.0503382
0.0482356
0.0496697
0.0445544
0.0507059
0.0657912
0.0459166
0.0395116
0.0514954
0.0435437
0.0461808
0.0475112
0.0528315
0.0491641
0.0505261
0.0465507
0.0472318
0.0491406
0.0558659
0.0543064
0.0482264
0.0510417
0.0485053
0.0525769
0.0583944
0.0554788
0.050727
0.0492822
0.0502528
0.0496928
0.0467865
0.050149
0.0520045
0.0534219
0.0391042
0.0469094
0.0537041
0.0436638
0.0502185
0.0541732
0.0467272
0.0530621
0.0554631
0.051223
0.0482679
0.0527296
0.0522817
0.0476911
0.0576902
0.0463655
0.0512821
0.0464992
0.045777
0.0510024
0.0505832
0.0398684
0.0449533
0.0552253
0.0509711
0.0530839
0.045533
0.0491202
0.0435483
0.0439492
0.046745
0.0565314
0.056247
0.0521745
0.0462232
0.0485577
0.0458389
0.0468554
0.0496704
0.0470791
0.0518686
0.0579796
0.0535594
0.036134
0.0460438
0.0568359
0.0516197
0.0509008
0.0514841
0.0434237
0.050503
0.0450028
0.0489153
0.0561152
0.0479579
0.0524216
0.0470935
0.05036
0.0477129
0.0441552
0.0527239
0.0547136
0.0420734
0.049256
0.0489616
0.0497517
0.046468
0.0506531
0.0571728
0.043126
0.050408
0.0502714
0.0475705
0.0497585
0.0525512
0.048666
0.0527092
0.043985
0.0597377
0.0495637
0.0504157
0.0421971
0.0560444
0.0556269
0.0529961
0.0474424
0.0651681
0.0489334
0.0499338
0.04823
0.0407543
0.0530432
0.0446462
0.0481218
0.0523476
0.0424658
0.0475931
0.0398462
0.049708
0.0407301
0.050445
0.0493209
0.0469313
0.0580621
0.0523822
0.0483756
0.0463893
0.0525893
0.0567317
0.0539567
0.0599475
0.0521521
0.0551206
0.0421854
0.0517311
0.0640511
0.0499031
0.0443098
0.0545181
0.0489777
0.0417336
0.0455884
0.0509327
0.0413236
0.0512439
0.0474448
0.0418356
0.043645
0.0413903
0.0476941
0.0519838
0.0461292
0.0480081
0.0446734
0.0415386
0.0454699
0.051827
0.0558214
0.0515477
0.0492255
0.0431641
0.0407554
0.055695
0.0450615
0.0456193
0.0477941
0.0514149
0.0600981
0.0520116
0.0500843
0.0595442
0.0601655
0.0566484
0.0572943
0.057862
0.0496235
0.0478299
0.0557852
0.0526233
0.0466257
0.0468276
0.0467461
0.0400372
0.0568599
0.0476789
0.0402919
0.0541081
0.0490762
0.0622384
0.0567221
0.0501625
0.0463107
0.0431689
0.0464331
0.0567823
0.047152
0.0434938
0.0506899
0.0463099
0.0529841
0.0476017
0.0443539
0.0449437
0.0457166
0.0487803
0.043155
0.0428855
0.0463151
0.0614024
0.0437489
0.053623
0.0604412
0.0534593
0.0541903
0.0521673
0.0419599
0.0603594
0.0527833
0.0560053
0.0517149
0.0515522
0.0583028
0.0470197
0.0531816
0.0424007
0.0483587
0.0480813
0.0473983
0.0488391
0.0509765
0.0453345
0.0536078
0.0560567
0.0528802
0.0421064
0.0522612
0.0443056
0.0587238
0.0454064
0.0500657
0.0383393
0.0541298
0.0412573
0.0455877
0.0674044
0.051338
0.0545388
0.0436312
0.0513328
0.0418211
0.0448231
0.0503186
0.0515856
0.0475584
0.0602716
0.0418359
0.0480166
0.0574809
0.0473487
0.0441423
0.0551215
0.0436779
0.0621728
0.0490766
0.0521326
0.0593068
0.0565376
0.0466225
0.04765
0.0546449
0.050176
0.0424805
0.0455858
0.0442152
0.0500501
0.0430833
0.0483857
0.0558557
0.0570659
0.0584847
0.0476835
0.0489518
0.0524224
0.0455359
0.0489045
0.0415521
0.0565432
0.0519069
0.0556672
0.0495349
0.0480209
0.0491864
0.0480281
0.0529068
0.054527
0.0520613
0.0511656
0.0498872
0.0455904
0.0411589
0.0389748
0.0532712
0.047925
0.0665341
0.0421917
0.0463028
0.0514055
0.0478964
0.0576045
0.0524434
0.0416703
0.0346454
0.0495284
0.0464112
0.0500907
0.0476854
0.0504942
0.0486154
0.0513698
0.0439619
0.0589564
0.0567076
0.0510754
0.0423263
0.055326
0.0547189
0.0475491
0.0496778
0.0439741
0.0452636
0.0554928
0.0521699
0.0479148
0.0544607
0.0408078
0.0492203
0.0556252
0.0506807
0.0445488
0.0537828
0.0427629
0.0602439
0.0489267
0.0471838
0.0527289
0.0470914
0.0560112
0.0506523
0.0517616
0.048508
0.0426071
0.0608472
0.0551871
0.0437654
0.0499712
0.0540303
0.0562418
0.0399896
0.0466044
0.0486466
0.0581765
0.045392
0.0558981
0.0585365
0.0429502
0.0489853
0.0446167
0.046752
0.0506908
0.0521247
0.0482819
0.050999
0.0427362
0.058074
0.0547845
0.0425944
0.0511211
0.0548524
0.0508308
0.0622394
0.0459122
0.0529997
0.0468559
0.0500945
0.0493086
0.0570189
0.0515617
0.0509488
0.0537484
0.052695
0.0532619
0.0452934
0.0422709
0.0476894
0.0457055
0.0525259
0.053579
0.0560837
0.0577315
0.0509931
0.0538415
0.0522203
0.0562435
0.0516104
0.0473921
0.0548526
0.051189
0.0537722
0.053308
0.0403617
0.0405227
0.0677592
0.0404818
0.055225
0.0520851
0.0518501
0.0546522
0.0524086
0.0490998
0.0422103
0.0469899
0.0566054
0.0474452
0.0579452
0.0491142
0.0438364
0.0529877
0.0492265
0.0506486
0.0421642
0.0494798
0.0518836
0.0496686
0.0441256
0.0393666
0.0438771
0.0482837
0.0410051
0.0580348
0.0534149
0.0431587
0.0509607
0.053827
0.0481079
0.0487571
0.0377629
0.0456218
0.0492842
0.0511442
0.0403184
0.0625269
0.0565144
0.0461571
0.053855
0.0445663
0.046467
0.0473361
0.0570923
0.0526764
0.0544816
0.0490594
0.0557308
0.0418361
0.0485362
0.0504869
0.0508859
0.0517194
0.0488981
0.0516831
0.0477011
0.0617472
0.0459855
0.0544345
0.0480027
0.0563381
0.0481112
0.0514861
0.0592948
0.0564982
0.0561321
0.0473651
0.045561
0.0469939
0.0529141
0.0532035
0.0526571
0.0495552
0.0459807
0.0435272
0.0541047
0.0507481
0.042267
0.0461413
0.0424445
0.0655449
0.0535409
0.0469392
0.0458266
0.0538147
0.0592956
0.0463592
0.0482485
0.0482526
0.0481149
0.0447935
0.0561455
0.0576937
0.0489461
0.0492154
0.0440984
0.0513549
0.047881
0.0535328
0.0539269
0.0580825
0.0493596
0.047739
0.0458923
0.0486107
0.0502752
0.0439326
0.0496023
0.0509201
0.0498798
0.0446849
0.0470368
0.0466943
0.0492938
0.0585432
0.0507307
0.0418855
0.0445065
0.0546893
0.0476488
0.0509845
0.0443747
0.0517878
0.0525036
0.0555528
0.0529293
0.0493294
0.0473388
0.0567786
0.049024
0.0578595
0.0538284
0.0516571
0.0460387
0.0455531
0.0383387
0.0491039
0.0485768
0.0548837
0.0462869
0.0627354
0.0522368
0.0510402
0.0493529
0.0547385
0.0478273
0.0568965
0.0530797
0.0482476
0.042868
0.0598787
0.0446181
0.0483075
0.051271
0.0509106
0.055189
0.0480213
0.0512764
0.0482215
0.0545737
0.0532355
0.0508211
0.0482912
0.0443096
0.044623
0.0469432
0.0448581
0.0450849
0.0445953
0.0592493
0.0544486
0.0465246
0.0567811
0.0489865
0.0528534
0.0506372
0.0465084
0.0465022
0.054464
0.0510505
0.0440161
0.0516381
0.0444678
0.0475615
0.0588665
0.0540764
0.0502693
0.0426486
0.0550645
0.0582775
0.0525773
0.0594429
0.0514773
0.0512804
0.0571662
0.0490822
0.0522944
0.0379742
0.054787
0.0590342
0.0561217
0.0550853
0.0511043
0.0551989
0.0453159
0.0525955
0.051043
0.0505456
0.0382818
0.040639
0.0474604
0.0447799
0.043498
0.0574762
0.0488525
0.0463502
0.0525746
0.04879
0.0409956
0.0475327
0.0442117
0.0522103
0.0537344
0.049059
0.0508495
0.0519961
0.0444114
0.0508257
0.0473667
0.0520625
0.0432738
0.0564497
0.0430454
0.0488012
0.0704115
0.04778
0.0526193
0.0476355
0.0464686
0.0423628
0.0455391
0.0523186
0.0488277
0.0534215
0.0553974
0.0442241
0.0489783
0.0614713
0.0495573
0.049652
0.0480968
0.0496393
0.048019
0.0555031
0.0524381
0.0484608
0.0584715
0.0616344
0.0601266
0.0469959
0.0470778
0.0499368
0.0519433
0.0533518
0.0477602
0.0571071
0.0545538
0.0451286
0.0462
0.05234
0.0502877
0.0552869
0.0553484
0.045398
0.049338
0.0530937
0.0462575
0.0561153
0.0527393
0.0404509
0.0482652
0.0499802
0.0497242
0.0475399
0.049235
0.0435212
0.0550394
0.0489804
0.0495486
0.0646374
0.0450655
0.0627856
0.0494732
0.0536311
0.0494156
0.045878
0.0519587
0.0517107
0.0536831
0.0511921
0.0429383
0.0502145
0.0471631
0.0445951
0.0502498
0.0433519
0.0525889
0.0542563
0.0439906
0.0514126
0.0531943
0.0453963
0.0485985
0.0509283
0.0537759
0.0432768
0.0492113
0.0548026
0.0483557
0.0504871
0.0545115
0.0507088
0.0505728
0.0526412
0.0417997
0.0458661
0.0428398
0.0450305
0.0491785
0.0586227
0.0468787
0.0496021
0.0513166
0.0502938
0.0502248
0.0454016
0.0489592
0.0509896
0.0543405
0.0565552
0.0581968
0.0412418
0.0546044
0.0493494
0.0652226
0.0474219
0.0510168
0.046048
0.0464384
0.0443528
0.0550812
0.0442939
0.0568843
0.0578857
0.045691
0.0472151
0.0413269
0.0540113
0.0507484
0.0425772
0.0534233
0.0406348
0.0439508
0.0610018
0.059896
0.0456774
0.0461124
0.0476627
0.0459313
0.0541069
0.0543463
0.049923
0.0517687
0.0440753
0.0475069
0.054271
0.0548178
0.052535
0.0498748
0.0496356
0.0494436
0.0512549
0.0525232
0.0575075
0.0556743
0.0468187
0.0662732
0.0468495
0.0496226
0.0523255
0.0502436
0.0457301
0.0458338
0.0496949
0.0448811
0.0444537
0.0527536
0.0500427
0.0501138
0.0539212
0.0597934
0.0542763
0.0432548
0.0539224
0.0431914
0.0535127
0.0541954
0.0534048
0.0515195
0.0498722
0.051631
0.0521031
0.0564998
0.047512
0.0500383
0.0423562
0.0433062
0.0447262
0.0402392
0.0563872
0.0568876
0.0564172
0.0500615
0.0511937
0.0525223
0.0461574
0.0624063
0.0569855
0.0502512
0.0654214
0.0566193
0.0579312
0.0561377
0.0482289
0.0486319
0.0517393
0.0467183
0.0488164
0.0419396
0.0497035
0.0549635
0.0506912
0.0592139
0.0674663
0.0521242
0.0468907
0.0476879
0.0505884
0.0492822
0.055108
0.042615
0.0561047
0.050154
0.0525704
0.0582586
0.0449215
0.0526116
0.0459104
0.0565999
0.0426817
0.0599237
0.0565715
0.0520936
0.059443
0.0519203
0.05177
0.0508807
0.0421612
0.0426339
0.0508246
0.0594262
0.0469803
0.0484916
0.0515272
0.0631653
0.0513744
0.0521331
0.0570363
0.0712252
0.0562494
0.0471565
0.0476713
0.0456027
0.0507116
0.052216
0.04113
0.0551038
0.0573554
0.0521414
0.0517556
0.0449452
0.0525322
0.0520494
0.0476711
0.0448081
0.0509326
0.0537018
0.0430132
0.0463443
0.062864
0.0485842
0.0537248
0.0515711
0.0560958
0.0531138
0.0532619
0.0529418
0.0554569
0.0444681
0.051945
0.0456461
0.0528018
0.0598531
0.0446948
0.0448059
0.0408494
0.0472136
0.0505677
0.0693152
0.0486969
0.0549636
0.058521
0.0450233
0.043366
0.0432235
0.050722
0.0522303
0.057945
0.0514457
0.060298
0.0591789
0.0431035
0.0427011
0.0416555
0.0506037
0.0519787
0.0494255
0.0591069
0.0500608
0.0488324
0.055095
0.046766
0.0450263
0.0453812
0.0455666
0.0511532
0.0543838
0.0480482
0.0592298
0.0557661
0.0518429
0.0468735
0.0520902
0.0441493
0.0450903
0.0548232
0.0462454
0.0573401
0.0433639
0.0586108
0.0421164
0.0466808
0.0390055
0.0486566
0.0641482
0.0415067
0.0416858
0.0458714
0.0578928
0.0434926
0.0559962
0.0505541
0.0493597
0.0579503
0.0497144
0.0426068
0.0483711
0.0520166
0.0557586
0.0559873
0.0540027
0.0412012
0.0528555
0.04106
0.0435997
0.0466811
0.0471826
0.0490455
0.0483633
0.0449476
0.0567736
0.0514671
0.055643
0.0412525
0.0431679
0.0497135
0.0494495
0.0461614
0.0588966
0.0421718
0.0548115
0.0420389
0.0483355
0.0584232
0.0514867
0.0460298
0.063538
0.0595436
0.0600045
0.0533126
0.0471076
0.0564763
0.0475595
0.0485536
0.0515272
0.0446225
0.0418482
0.0448379
0.0537654
0.0563616
0.0486199
0.0534941
0.0489352
0.0443009
0.0410088
0.0499993
0.050375
0.0576961
0.0465668
0.062306
0.0492879
0.0567455
0.0535842
0.0458914
0.0539069
0.0485884
0.0659479
0.0508619
0.0534535
0.0508416
0.0511495
0.0471198
0.0495607
0.0588799
0.0530605
0.0495919
0.0464437
0.040334
0.0469293
0.0521419
0.0456405
0.0442451
0.0538423
0.0588556
0.0568809
0.0590203
0.0492225
0.0437062
0.0437126
0.0505771
0.0488832
0.0491476
0.0542663
0.0497844
0.047484
0.0436588
0.0494623
0.0559393
0.0428028
0.051639
0.0577873
0.0474063
0.0486646
0.0482835
0.0508108
0.0465557
0.051151
0.0590392
0.0483049
0.0576878
0.0556046
0.0448755
0.0362248
0.049698
0.0601121
0.0512857
0.0536521
0.0561688
0.0429522
0.0498305
0.0466813
0.0559
0.0534173
0.0530568
0.0615983
0.0490621
0.0467674
0.0555543
0.0396686
0.0543457
0.0486589
0.0447574
0.0570059
0.0527422
0.0651023
0.0539791
0.0648158
0.0507652
0.0532548
0.0458384
0.0465241
0.0519106
0.0436988
0.0552929
0.0545185
0.0509667
0.0576508
0.044133
0.0652616
0.0434896
0.0468285
0.0575436
0.0479917
0.0437719
0.0504786
0.0551363
0.0395694
0.0512896
0.0422962
0.0407269
0.0537566
0.0396979
0.0458234
0.0544973
0.0534679
0.0430741
0.0501949
0.0579338
0.0493679
0.0450692
0.042713
0.0536737
0.0513403
0.0502814
0.0538225
0.0509861
0.0594352
0.0604624
0.0474712
0.0508874
0.0461155
0.0424653
0.0468371
0.0485625
0.044879
0.0477126
0.0557169
0.0459595
0.0632031
0.0578526
0.0533159
0.046692
0.0480867
0.0485095
0.0502763
0.0557479
0.0448524
0.0587143
0.0460897
0.0458006
0.0602434
0.0559919
0.0477923
0.0446025
0.0533036
0.0448102
0.0441977
0.0528014
0.0604918
0.0566517
0.048596
0.0529768
0.0551191
0.0671602
0.0564554
0.0503497
0.0403447
0.0467572
0.0495833
0.0503169
0.0433628
0.0464686
0.0499674
0.0584349
0.0460556
0.0406147
0.0501207
0.0484256
0.0492596
0.0518213
0.0461572
0.0549061
0.057299
0.0514249
0.0465037
0.046201
0.0502176
0.0553432
0.052508
0.0496552
0.0464755
0.0516661
0.0545119
0.0467978
0.0501164
0.048893
0.0529369
0.0566837
0.0560863
0.0491383
0.056162
0.0541904
0.0487542
0.0487302
0.0522594
0.0516932
0.0597276
0.0470621
0.0480059
0.061388
0.0470514
0.0551062
0.038368
0.0491347
0.0449086
0.052045
0.0547774
0.046047
0.0578567
0.0572562
0.0561079
0.044989
0.0584118
0.0478994
0.0495227
0.0499209
0.0490321
0.050142
0.0542835
0.0508547
0.0459248
0.0518785
0.0594526
0.0461057
0.0491074
0.0518104
0.0503435
0.0468951
0.0492422
0.0414059
0.0601284
0.0444473
0.0407963
0.0611358
0.0520165
0.0381002
0.0572923
0.0580529
0.0548978
0.0588221
0.046088
0.0487448
0.049266
0.047666
0.054436
0.0489169
0.0435773
0.0567138
0.0436738
0.046361
0.0540738
0.0469972
0.0554333
0.0487089
0.0533174
0.0605055
0.053477
0.0469204
0.0531992
0.0565355
0.0518673
0.0495865
0.048981
0.0398613
0.0581541
0.0484785
0.0553865
0.0470353
0.0471186
0.0558427
0.0518741
0.0502304
0.0413383
0.0466688
0.0444621
0.0541572
0.0427916
0.0539129
0.0559708
0.0576986
0.0484359
0.045402
0.0451154
0.0461668
0.0434225
0.0514024
0.0588586
0.0455008
0.0403861
0.0443819
0.043695
0.0481477
0.0509057
0.0645978
0.0474152
0.0382609
0.049152
0.050577
0.0528957
0.0420998
0.051108
0.0413293
0.042698
0.0489194
0.0536666
0.0439896
0.0479658
0.0493104
0.0428231
0.0500735
0.0551214
0.0442087
0.0407286
0.0410167
0.045637
0.0532662
0.0514363
0.0577055
0.052081
0.049364
0.0517182
0.0468444
0.0524966
0.0462137
0.0526187
0.0423106
0.0567838
0.0477302
0.0565658
0.0543666
0.0614832
0.0456249
0.0558739
0.0580245
0.043496
0.051179
0.0533173
0.0526242
0.0604081
0.0487707
0.0542317
0.0453885
0.0451351
0.0527139
0.0560932
0.0449069
0.0485481
0.0567637
0.0485349
0.0475473
0.0442555
0.0658091
0.0475896
0.0620513
0.0421954
0.0566755
0.0532317
0.0573623
0.0445244
0.0536937
0.0522393
0.0547425
0.0434997
0.0475253
0.045269
0.0437351
0.0508217
0.0471296
0.0562793
0.0603089
0.0455953
0.0539898
0.0477065
0.0534506
0.0518296
0.0489595
0.0435834
0.0496978
0.0609786
0.0496407
0.0456756
0.052513
0.0439619
0.0438786
0.048908
0.0391405
0.0524458
0.0540824
0.0490139
0.0526065
0.0492259
0.0489566
0.0503817
0.0564515
0.0428427
0.0446321
0.0406246
0.0579478
0.0546823
0.0465472
0.0454092
0.0521775
0.0468904
0.045462
0.049066
0.0684533
0.0395644
0.0454028
0.0561601
0.0443713
0.0540257
0.0454329
0.0410554
0.0504772
0.0456959
0.0455812
0.0551841
0.0473285
0.0510599
0.0565435
0.0546058
0.0604253
0.0439136
0.0497303
0.0464735
0.0506012
0.0575208
0.0398748
0.0569542
0.05
0.05
0.05
0.05
0.05
0.05
0.05
0.05
0.05
0.05
0.05
0.05
0.05
0.05
0.05
0.05
0.05
0.05
0.05
0.05
0.05
0.05
0.05
0.05
0.05
0.05
0.05
0.05
0.05
0.05
0.05
0.05
777777