2.78368
999999
-0.211834
-0.168211
0.214984
0.165201
-0.178377
0.117447
-0.0622471
0.192898
0.193426
-0.0178642
-0.0151308
-0.143097
0.0625255
-0.00265324
0.149229
-0.31447
-0.0535558
0.196509
0.461449
-0.0641908
-0.106284
-0.0432659
-0.0582965
-0.180324
0.149047
0.211227
-0.203792
0.181248
0.105852
0.187792
0.136814
-0.260111
-0.102024
0.0628782
0.192492
0.095584
0.117528
-0.12929
0.233332
-0.218765
-0.158423
0.00272328
-0.230735
-0.055911
0.0693318
0.0732349
-0.221964
-0.0269763
0.0680416
-0.232103
0.00439201
0.00675351
0.152868
0.0610101
-0.114804
0.1524
0.0168515
-0.123297
-0.183082
-0.0236238
0.176221
-0.061258
-0.00238435
0.163451
0.148766
0.0196177
-0.0046632
-0.164659
0.00974554
-0.043434
0.0389909
0.116735
-0.0232864
-0.04652
0.0410325
0.201053
0.00655809
-0.137539
0.0112706
-0.0271518
-0.0206454
0.136137
0.193953
-0.00509168
-0.141901
0.10708
-0.219805
0.119911
-0.163475
-0.0517419
0.154359
-0.134249
0.0685434
-0.174794
-0.269898
-0.0113553
-0.0863079
-0.128281
-0.22172
-0.129743
0.168726
-0.0347823
-0.1681
-0.0951242
-0.150773
0.194942
0.0781066
0.0239577
0.125531
-0.0189669
0.135208
0.0812639
0.194571
0.138889
0.129457
-0.10892
0.141651
0.0941435
0.220894
-0.115439
0.0270732
0.129833
0.151952
0.0961686
-0.18204
-0.0220984
0.0832919
0.123859
-0.1901
-0.186409
-0.007375
0.254658
-0.164752
-0.00790993
0.0907221
0.10613
-0.0903953
-0.167742
0.165484
0.176917
-0.160313
0.0912725
-0.149883
0.0302619
0.187832
0.148219
0.137407
0.0913122
-0.074347
-0.170613
0.0318458
0.0278956
-0.17907
-0.0119151
0.16943
0.00125363
-0.070862
0.16981
-0.166389
0.15219
0.0416022
-0.0808541
-0.153544
-0.0949472
-0.09485
0.0452199
0.0913251
-0.208901
-0.00540311
-0.184616
0.205589
-0.0320108
-0.257103
0.216016
-0.100414
-0.165951
-0.0121778
-0.167954
0.105539
-0.0740524
-0.200559
0.0838165
-0.0257611
-0.0814822
-0.0158171
0.0444914
-0.0696123
0.0208718
0.0426587
-0.167009
-0.0485679
-0.228148
-0.0235872
0.093881
-0.107334
0.118121
0.168417
0.0367079
-0.155646
-0.233567
0.0812803
-0.0679551
-0.172532
-0.167254
0.0859879
0.191405
-0.110582
0.114085
0.224829
0.00149715
-0.179679
0.169593
0.00689486
0.167923
0.156497
-0.113635
-0.155464
-0.20927
-0.0182251
0.110174
0.0218594
0.105617
0.121135
0.0955268
0.00495807
0.124612
0.036973
0.227619
0.204117
-0.12556
0.139525
0.155608
0.110003
0.0951243
0.0501119
-0.0516372
-0.0396011
0.0878719
0.208011
-0.0821651
-0.150741
0.0768971
-0.12059
-0.277839
0.0154241
-0.227432
-0.0249791
0.0870531
0.0944202
-0.0217723
-0.0551973
-0.00147101
-0.137185
0.151655
-0.0608888
-0.147359
-0.226362
0.106384
-0.00931469
0.026414
0.166261
-0.211013
-0.0908396
-0.05962
0.0689478
-0.165117
0.00209262
0.0491831
0.202656
0.238207
0.0650466
0.0922848
0.0314753
-0.183756
-0.241625
0.0325211
0.0819303
-0.121772
-0.110857
-0.146826
0.0139625
0.264516
-0.102771
-0.140269
0.178214
-0.259993
0.198935
0.0383288
-0.0388217
0.0141111
0.203819
-0.0569431
-0.100854
-0.0906506
0.0495714
-0.185548
-0.113258
-0.129734
0.066281
-0.147093
-0.189278
-0.0773886
0.0546337
0.0154464
-0.0766224
0.0274147
-0.0124319
0.181332
-0.146642
0.097885
-0.203114
0.00474797
-0.0288295
0.0901152
0.121155
0.0780535
0.130877
-0.143618
0.167844
-0.0887545
-0.0877995
0.136257
-0.268124
0.0974723
-0.237645
-0.14053
0.0277958
-0.130058
-0.173614
-0.0915395
0.0109827
0.0381501
-0.181885
0.141241
0.108049
-0.109984
-0.02622
-0.106655
0.10771
-0.140745
0.0880083
0.0804533
0.0331047
0.17129
-0.0613872
0.193822
-0.162553
0.0116756
-0.0373838
0.119099
0.132381
-0.211704
-0.139066
0.230929
0.0291874
-0.215547
0.100026
0.0186678
-0.134402
-0.0944519
0.160831
0.109265
0.0696666
0.163225
-0.0916558
-0.036027
0.180211
0.209255
0.0302141
-0.0406236
0.0591625
0.0106799
0.137601
-0.144715
-0.0852969
-0.248085
-0.0116981
0.0889148
0.191596
-0.0380634
-0.0711161
0.0632964
-0.233188
-0.0637815
0.100393
0.0462044
-0.0159938
-0.144518
-0.234872
-0.0807943
0.195765
0.0194539
-0.177974
-0.26965
-0.112926
-0.164775
-0.0336214
0.177406
0.0562352
-0.0606223
0.144095
-0.222982
-0.0377076
-0.197582
-0.0903904
0.122442
-0.0188698
-0.126234
-0.0622683
-0.00542895
0.0995399
-0.00909993
0.0388969
0.185321
0.122425
-0.0779021
-0.14721
-0.0911021
-0.104236
0.00967761
0.110919
-0.0423906
-0.0715441
0.187574
0.119132
0.124169
-0.17128
-0.108134
-0.00235309
-0.140312
0.0253866
0.0273008
0.0734428
-0.197807
-0.0879362
-0.0984203
-0.232947
-0.0149257
-0.141029
-0.040096
-0.113699
-0.0329564
0.167054
0.149088
0.150826
-0.00783328
-0.264301
0.125741
-0.190516
0.11587
0.172636
0.173417
-0.121402
0.148351
-0.0664376
-0.234443
0.115819
0.0329894
-0.132176
0.193178
-0.0793572
-0.166047
-0.0290657
-0.187207
-0.0904099
0.185695
-0.145919
-0.233141
-0.164427
-0.0515087
0.126736
0.243068
0.0578047
-0.148657
-0.176673
0.0541253
-0.0431684
0.0323498
-0.0153759
0.0768183
-0.169847
0.141906
-0.20764
0.177794
-0.0110525
-0.0917813
0.135605
-0.220429
-0.0318625
-0.121504
0.0075654
0.0157935
0.144902
0.0844553
0.0414402
0.132223
-0.0689126
0.0075711
-0.144363
-0.0669652
0.00697754
-0.0722385
-0.092827
-0.217911
-0.0210733
0.028908
-0.114002
0.156099
0.0359692
-0.0147934
0.16641
-0.0636086
-0.082951
-0.015893
-0.0773717
0.0841328
0.0562721
-0.136482
0.01155
0.00890506
-0.0705411
-0.0111703
-0.189184
0.0443864
-0.206295
-0.136212
-0.0404863
-0.0148985
-0.084094
0.000499589
0.15782
0.0883755
-0.081659
0.0279806
0.0498242
0.0617627
0.025472
-0.0925572
0.0609378
-0.129417
-0.0463597
0.0554335
-0.172913
0.0911318
0.17763
-0.167991
0.212539
-0.142668
0.163847
-0.231042
-0.0550691
0.199579
0.0143301
0.083499
0.0609757
0.184486
0.0100468
-0.0448187
0.0962595
-0.12108
-0.1398
0.0131496
0.0672823
-0.0588217
-0.105202
-0.0171808
0.0476469
0.0450699
0.0160459
-0.0473363
0.0535851
0.0368176
0.0142775
0.1789
-0.129263
-0.0116502
-0.0989684
0.0062779
0.0850061
0.0876806
0.131246
0.156555
0.177713
-0.110378
0.0428836
-0.0984695
0.0613768
-0.0377773
-0.140933
0.229085
0.00610272
-0.280592
-0.126598
0.00522357
-0.117591
0.103447
-0.10985
-0.178458
0.246523
0.0580483
0.199229
-0.143942
-0.185742
-0.0414674
0.141336
0.138546
-0.0318093
-0.00216297
0.220081
-0.184565
0.0980413
-0.132505
0.0609471
-0.118117
-0.168862
-0.0999184
0.12676
0.246578
0.00727202
-0.0694393
0.0507488
0.0484968
-0.0378461
-0.127287
0.032578
-0.100156
0.117012
0.0725128
0.000895585
0.0208553
0.0157029
0.0476549
-0.0395808
0.0153362
-0.007421
0.0225216
-0.126598
-0.0625791
-0.20166
-0.121593
0.163828
-0.0905356
-0.0984749
-0.185594
-0.134469
-0.149685
-0.12335
-0.0166674
-0.0179371
-0.128898
0.140351
0.213254
0.0300961
0.0767874
0.163685
-0.211146
-0.115362
-0.18536
0.00607733
0.0439198
0.0379033
0.0214855
0.154632
0.146938
0.135236
-0.17067
-0.182566
0.0945443
-0.0305332
0.156389
0.0247774
-0.059147
0.00747911
0.135678
0.194337
0.0767513
0.10692
-0.0588653
0.167192
0.107623
-0.130893
0.102018
0.0967586
0.168019
-0.230912
-0.115237
0.101859
-0.0843427
-0.0519523
-0.148084
-0.0840121
-0.148659
-0.0843984
-0.0505004
-0.0883122
0.234396
-0.103396
0.00235603
0.0368047
0.0418053
0.0846346
0.124684
0.0414725
0.0582825
-0.122944
0.00249213
-0.050186
-0.143574
0.0526864
0.0434749
0.184774
0.263685
-0.126912
-0.110377
-0.209969
0.0654852
0.158799
-0.0691861
-0.147006
0.0970567
-0.0818835
-0.0476998
0.196507
0.107855
0.10493
-0.00327743
-0.150622
0.162335
0.0798355
0.0120294
0.114431
0.0676468
0.138126
0.124869
0.108281
-0.0732925
0.0112663
0.0245299
-0.201754
0.0865493
0.017673
0.110251
-0.0274293
0.0213924
-0.280412
-0.0936191
0.0618044
0.132288
-0.00379028
-0.167641
-0.0784895
0.101966
-0.178908
0.204173
-0.0965412
0.137766
-0.0388562
0.119458
-0.0531723
-0.0909398
0.13232
0.0876372
-0.114627
-0.0611094
0.0387608
-0.0811202
0.0181531
0.0454963
0.13016
0.140655
-0.0311021
0.1035
-0.0510024
-0.0594521
-0.121185
0.191231
0.0104148
-0.217673
-0.0423466
-0.170212
-0.0747447
0.0303514
0.183304
0.0609592
-0.0661696
-0.141762
0.0164665
-0.0313005
-0.0848523
0.167645
-0.0577516
-0.125264
0.132301
0.12003
0.000959762
-0.145486
-0.0405564
-0.0794278
0.109
-0.135757
-0.154877
0.109118
-0.00200868
-0.0756245
-0.149918
0.14625
-0.0389038
-0.115014
0.00665856
-0.144176
0.152053
-0.153855
0.0563182
0.111082
0.0782487
-0.0637007
0.118463
0.0172341
0.0523852
0.0589505
-0.289427
-0.0225031
0.0554113
0.165845
-0.0886158
-0.00995426
0.15499
0.128251
0.0367359
-0.174819
0.274405
0.21274
0.129987
0.141899
-0.177256
-0.245847
-0.0665984
0.085831
0.00916039
0.0474436
0.153088
-0.244874
0.179293
-0.0721809
0.0931663
0.0188888
0.113409
0.0708692
-0.120625
0.0122805
0.0886271
0.0268308
-0.141078
-0.0896357
0.128022
0.242567
0.099757
-0.0435869
0.224066
0.0785101
-0.162417
-0.140696
0.259144
-0.0310658
-0.118055
0.00714069
0.124728
0.0291367
0.179833
-0.0792112
-0.1199
0.0772272
0.0119573
0.105559
0.0300008
0.157634
-0.0153255
0.173191
-0.122274
0.0103188
-0.0932518
0.0973487
-0.184858
-0.0295731
0.259927
-0.13432
-0.103863
-0.177808
-0.078978
0.141133
-0.0273426
0.186001
-0.121598
0.11369
0.0986268
-0.0475385
-0.0445218
0.0156646
0.063165
0.135695
-0.00761329
0.168975
-0.0325884
-0.161538
0.0822949
-0.147737
-0.107734
-0.0453726
-0.161471
-0.0843209
-0.0449047
0.0108093
-0.141806
0.0740873
0.0461244
0.02201
0.210315
-0.00983563
-0.0311416
0.0333459
-0.164236
-0.115726
-0.111883
0.0129573
0.00188997
0.154737
-0.0156484
-0.140207
-0.116284
-0.131117
-0.159076
0.0511693
0.146834
-0.0893622
0.115957
0.117539
-0.141658
-0.0890273
-0.159325
-0.136084
-0.227664
0.205112
-0.192008
-0.145872
0.0650039
-0.182206
-0.168623
-0.178962
0.122344
0.0664497
0.116425
-0.0910217
0.0620716
0.206281
-0.0299962
-0.280502
0.0164918
0.0404746
0.185772
-0.0582845
0.0455616
-0.0881863
0.0749216
-0.0592862
-0.158025
-0.191495
0.175365
-0.022721
0.134552
0.081375
0.00398131
0.0516407
0.133971
-0.104031
-0.0495145
-0.0622335
0.0862111
0.203996
-0.228851
-0.159046
0.0689836
0.0340866
0.0572254
-0.00862592
0.0808766
0.0640718
0.0171986
0.156328
0.12857
-0.129124
0.109489
0.0339725
-0.0309928
0.0241839
0.0228143
0.198302
-0.150806
0.035285
0.122872
-0.000494396
-0.00946811
0.0245278
0.0803923
0.0828423
0.0954752
-0.160571
0.195146
-0.0790927
0.149034
0.0292926
0.06503
0.178696
0.0835152
-0.189598
-0.0350551
-0.0267983
-0.0219475
0.0222107
-0.0735377
0.14703
-0.119841
0.0325479
0.0576842
0.0687156
0.0970966
-0.0075736
-0.169363
0.210715
-0.0987137
-0.0538176
-0.0504451
0.0485818
-0.199637
0.0472941
-0.00591599
0.0414693
-0.0659344
0.0972653
-0.0258504
-0.274435
-0.0016651
0.138473
-0.0104756
0.0732315
-0.101263
0.160786
-0.00723532
0.179151
-0.207282
-0.0458179
-0.154859
0.206678
-0.231685
0.076539
0.0989129
0.109199
0.123017
0.242855
-0.0924383
0.127446
0.162748
0.169239
0.109787
-0.107796
0.196748
0.135346
0.0287964
0.0743803
-0.126781
0.0255642
-0.0940463
-0.0168027
-0.0990053
0.140164
-0.0352554
-0.190978
-0.224945
-0.176584
-0.0489814
0.193053
0.142914
-0.0491018
-0.0604842
0.030897
-0.121283
0.112866
0.144693
0.273117
0.0363709
0.103258
-0.224863
-0.102784
0.0976417
-0.103314
0.183201
0.0769304
0.0283628
0.0989427
0.166286
0.0384847
0.0265841
0.0627281
-0.155869
-0.220555
0.0637226
0.0119368
-0.0809968
-0.0603348
-0.169661
-0.131119
0.125925
0.00207256
7.50132e-05
-0.0384255
0.171891
-0.186123
0.0636589
0.00711624
-0.179779
0.0817869
-0.169659
-0.205763
0.104175
-0.10901
0.0160777
-0.0867755
0.0825172
0.0843682
-0.174482
0.0350981
0.168909
0.00353856
-0.272554
0.106932
-0.0572616
-0.117765
-0.0602458
-0.0479667
-0.125265
-0.277856
-0.0688509
-0.323953
-0.168103
0.0737501
-0.0547675
0.0989009
-0.0534189
0.0423229
-0.170873
-0.223213
0.0607625
-0.134735
0.126822
0.144368
0.0674621
-0.122195
0.118
0.132545
-0.0601136
0.153167
-0.00949292
0.0816201
-0.0838977
-0.134416
0.098201
0.109232
0.0793584
0.00506402
0.0260469
0.0347
-0.185153
0.0281592
0.0957654
-0.0140362
0.193508
-0.0937975
-0.0719525
-0.143193
-0.0473355
-0.0232388
-0.157302
0.0817596
-0.0138803
-0.00261335
-0.0104267
-0.0725096
-0.119088
-0.0631995
0.00173694
-0.130021
0.0598934
0.0852418
0.141689
0.146576
0.0536829
0.150034
0.297779
0.172095
0.182836
0.00429977
-0.118538
0.0123287
-0.0651868
-0.0045514
0.248254
-0.171587
0.00581063
-0.173255
-0.031608
0.294963
-0.081513
-0.176127
0.205309
-0.0654817
-0.141153
-0.184171
-0.142137
0.0750656
-0.170063
-0.0328178
0.261091
0.010123
-0.0613778
0.0119569
0.0266105
0.0464413
0.00716995
-0.0039327
-0.125498
0.00983118
-0.0979029
-0.0841956
-0.0364197
0.0711629
0.162531
0.199111
-0.00551814
0.120278
-0.172234
-0.0247566
-0.0196708
0.0698541
-0.0186917
-0.175833
0.0178906
-0.163008
0.0937223
0.164553
-0.137718
-0.036636
0.0473813
0.0201436
-0.203203
0.0558492
-0.116616
-0.0678359
-0.106298
0.000159132
-0.209728
-0.0691521
-0.0880994
0.0125303
0.0180052
-0.0113042
-0.173388
0.170379
-0.0537637
-0.0265348
-0.0892312
0.0809986
-0.101279
0.100805
0.0267897
0.0921243
-0.0429855
0.0587856
0.131869
0.217945
-0.119516
-0.139767
0.183016
-0.154362
-0.0539364
-0.0540153
0.106851
0.0995429
0.102803
-0.0700082
-0.0159438
0.244794
-0.174455
0.130212
-0.175745
-0.129504
-0.119129
-0.175447
0.0151216
-0.17462
0.0271021
-0.012005
0.0581117
0.224801
0.12588
0.0438366
0.00342265
0.0796846
0.180924
0.137292
0.0228759
0.102915
-0.242122
0.0951273
-0.170716
-0.0956297
-0.217021
-0.0624144
0.195861
-0.117506
0.0315118
-0.18864
0.0642492
-0.11463
-0.190112
-0.152807
0.0814082
-0.152084
-0.0996617
-0.0997991
-0.0544198
-0.173813
0.181826
0.210479
-0.164348
0.239708
-0.0556957
0.0117811
-0.0219529
-0.0320245
-0.0325679
-0.128573
0.00724965
0.150217
0.127384
-0.0630546
-0.0206749
0.00371177
-0.110699
-0.176931
-0.143385
0.244994
0.117165
0.144545
-0.0385025
-0.131081
-0.108469
-0.0750882
0.00700527
0.0302954
-0.0592783
0.00687974
0.0626085
0.119264
-0.00936916
-0.0715833
-0.0777367
-0.0742759
-0.0345918
-0.237472
-0.0835245
0.0474554
-0.172007
-0.0302351
-0.101049
0.0724745
0.136249
0.0611846
0.0639017
0.256553
0.133347
-0.010571
-0.0288964
0.201835
-0.0579609
0.127201
0.150337
-0.208692
-0.00826602
-0.207005
-0.155537
0.217717
0.115905
-0.212209
0.145558
-0.086449
-0.120493
0.169423
-0.100944
-0.144907
0.195124
0.0918642
-0.244504
0.0650631
0.0250666
0.045393
-0.247514
-0.0131535
0.0685098
-0.138283
-0.126732
-0.09444
0.187787
0.0586193
0.164652
0.0246857
0.156251
-0.110842
-0.0942977
0.165141
0.0114841
-0.122146
-0.0415307
0.0354586
0.0746245
0.0537985
0.092847
-0.0728559
-0.139972
-0.220829
-0.0435891
0.167305
0.190308
0.122188
-0.143172
-0.0552391
0.19135
0.0791783
0.167412
-0.166689
0.0654686
0.091325
-0.0653126
0.0821484
-0.145907
0.0974638
0.0472172
-0.250447
-0.00207166
-0.209393
0.0185853
0.0781317
-0.0258566
0.217261
-0.15763
-0.089908
-0.144666
-0.140996
-0.028833
0.0519741
0.0677685
0.07922
0.0775287
0.155832
0.0636372
-0.114454
-0.0647857
0.0980483
0.218348
0.0708112
-0.0267652
0.0364085
0.0466023
-0.057883
-0.0558796
-0.0023623
0.165342
0.234537
-0.0612815
0.235193
0.0184484
0.0827387
-0.196286
-0.0614927
0.133816
-0.142897
0.208765
-0.0250057
0.0432826
-0.187358
0.121172
0.190446
-0.214886
-0.0200128
0.0567188
0.215109
0.0886225
-0.121355
-0.150724
0.105032
-0.0581591
-0.0484705
-0.0647404
-0.0417335
0.136476
0.0700175
0.0582738
0.109702
0.0398249
-0.0496902
-0.0574565
-0.102311
0.0227476
0.0623275
-0.0497749
-0.160185
0.10382
-0.192974
-0.223111
0.132689
-0.0557166
-0.196038
-0.207896
0.114958
-0.134638
0.258519
0.152048
0.122479
0.0777348
0.048297
0.0428056
-0.162546
0.0822657
0.114066
-0.00287223
0.163456
-0.02446
0.151308
0.00725494
0.0777511
-0.0714142
0.157419
-0.0288949
-0.12121
-0.101641
0.00157465
-0.0048316
-0.126339
-0.128309
-0.216537
0.0669725
0.081376
-0.186766
-0.0469272
-0.0961291
-0.0852685
-0.0637131
0.105726
-0.0640666
-0.143734
0.138618
-0.246396
0.1019
0.0371969
0.0182801
-0.182613
-0.17203
0.155252
-0.0332955
-0.0939404
0.134375
-0.176663
0.0028274
0.194071
0.130519
0.11409
-0.025901
0.0907826
0.039768
0.206073
0.0116583
-0.243177
0.130702
-0.0776332
-0.171213
-0.045768
0.183226
0.067622
-0.0887705
-0.166393
-0.175467
-0.0627247
-0.115483
0.110269
0.00861736
0.220508
-0.00654857
0.0675752
-0.0973479
0.214071
0.28034
-0.0732217
0.13472
0.1348
0.0571448
0.0653481
0.0753715
-0.102747
0.215148
0.122856
-0.0475084
-0.057854
0.0445293
-0.143828
-0.0267265
0.167994
0.0403713
-0.0748931
-0.219906
0.0592611
-0.100571
0.199699
0.0823629
0.00172564
0.00829927
-0.0418285
-0.0155699
0.115888
0.0689305
-0.118111
0.0956707
0.0581508
0.056281
-0.266919
0.17333
0.027989
-0.043467
0.197478
0.0236691
0.0264141
0.026541
0.102329
-0.0764504
-0.227195
-0.038664
0.0901775
-0.0787298
-0.205408
0.136504
-0.034605
0.0724262
-0.0158729
-0.242927
0.139364
0.0588198
-0.0846367
-0.0182432
-0.102284
-0.212727
0.0487379
-0.113032
-0.0572464
0.0297914
-0.0128216
-0.0389823
-0.0842191
0.0786027
-0.0398524
-0.0905468
0.076097
0.0259508
-0.0891683
0.00393736
-0.0203662
-0.0988921
-0.0835892
-0.144281
0.00845201
0.0729718
-0.0194674
-0.0515326
0.135288
-0.0889157
0.178357
-0.0579871
0.0563141
0.0136931
0.0323173
-0.0727523
-0.151995
0.038182
-0.0478372
888888
-0.158932
-0.0339234
-0.128537
-0.122467
0.0586938
-0.0521755
-0.00819413
0.0495169
-0.0982275
-0.039036
-0.0566197
-0.0801584
-0.0913843
0.154592
-0.0589132
-0.16771
0.189472
0.095363
0.122994
-0.00842321
-0.21211
0.0632857
-0.169808
0.14206
0.0121102
0.175287
0.111087
0.0994185
-0.0906501
-0.0013763
0.148887
-0.217912
0.0498975
0.0489747
0.060175
0.067113
0.0498295
0.0539289
0.0399955
0.0447598
0.0539429
0.0458576
0.0489915
0.0410687
0.0518778
0.0358168
0.0522666
0.054964
0.0503163
0.0411084
0.0450853
0.0503894
0.0541927
0.038868
0.0477239
0.0483741
0.0416437
0.0508226
0.0468095
0.0520065
0.04677
0.0524478
0.0407547
0.0520474
0.0535632
0.0506704
0.0467591
0.0477059
0.0432848
0.0605448
0.0591927
0.0465181
0.0519386
0.0374674
0.0454055
0.0548084
0.0534069
0.0640719
0.0525654
0.0522242
0.0454184
0.0533974
0.0524936
0.0575651
0.0562927
0.0564619
0.0501231
0.0413202
0.0498434
0.0560431
0.0553795
0.0425339
0.0466568
0.0550553
0.0549841
0.0518137
0.0473383
0.0502255
0.0466792
0.0429134
0.0523597
0.0539314
0.0490677
0.0628183
0.0488199
0.0443122
0.0504519
0.0629108
0.0510244
0.0521814
0.0490662
0.0549976
0.0441951
0.0484947
0.0506926
0.0451638
0.0538452
0.0536922
0.0433989
0.0483434
0.0482112
0.0422492
0.046659
0.0458527
0.0527824
0.0480996
0.0594786
0.0482447
0.0544735
0.0552501
0.0530656
0.0476383
0.0456014
0.047073
0.0530505
0.046668
0.0542902
0.0432864
0.0475432
0.0503412
0.0451593
0.0586126
0.0557143
0.0529011
0.048309
0.0486241
0.0467069
0.0472077
0.0489082
0.0540716
0.0527546
0.0468683
0.0478693
0.0530681
0.0468696
0.0417438
0.0444519
0.0538954
0.0549382
0.0503496
0.0488469
0.0447926
0.0570097
0.0404648
0.0461193
0.0398935
0.05289
0.0509844
0.059792
0.0541134
0.0553401
0.0482224
0.0530355
0.046343
0.0511179
0.0471459
0.0601806
0.0528638
0.0544407
0.0455533
0.052506
0.0482423
0.0523724
0.0423202
0.0583874
0.0455241
0.0467174
0.0385603
0.0559027
0.0443424
0.0481798
0.0518475
0.0555776
0.0484008
0.0509622
0.055042
0.0436882
0.064287
0.051893
0.0547579
0.055659
0.053698
0.0524392
0.0480129
0.0572371
0.0392881
0.0544173
0.0427932
0.0501859
0.0469662
0.052567
0.0662647
0.0571792
0.0410733
0.0543089
0.0484186
0.045948
0.0531435
0.0450422
0.051286
0.0638532
0.0460429
0.0357367
0.0529877
0.0555772
0.0482788
0.0419222
0.0502822
0.0492037
0.0469159
0.0457427
0.0507603
0.0584913
0.0425849
0.049363
0.0410194
0.0549799
0.0368128
0.0421121
0.0504196
0.0534138
0.0513702
0.0592097
0.0489768
0.0598165
0.0498799
0.0515258
0.0481355
0.0442391
0.0487486
0.0426065
0.0464106
0.0566082
0.0496946
0.0440581
0.0559947
0.0556662
0.0491133
0.0413677
0.0475152
0.0378887
0.0485399
0.0547077
0.0521271
0.048863
0.0527548
0.0429468
0.0465025
0.0465079
0.0522431
0.0505569
0.0487618
0.0415107
0.044361
0.0528774
0.0586266
0.0630157
0.0487075
0.0475407
0.0563673
0.0435252
0.0581254
0.0547905
0.0448815
0.0561186
0.0482332
0.0538574
0.0524111
0.0485866
0.053252
0.0448357
0.0535208
0.0437958
0.0484453
0.0574722
0.0476507
0.0484311
0.0593941
0.0513176
0.0561495
0.0637796
0.056843
0.0471164
0.0532704
0.059109
0.0480698
0.0479604
0.0513649
0.0453559
0.0611859
0.0478527
0.0574493
0.043289
0.0416787
0.0577611
0.0669123
0.0459477
0.0507132
0.0537812
0.0532613
0.0498478
0.0551252
0.0484502
0.0497086
0.0485855
0.0420236
0.0651348
0.0494926
0.0451457
0.0498768
0.0484431
0.0453856
0.0490992
0.0461916
0.054622
0.0610712
0.0615606
0.0593478
0.0476022
0.0601771
0.0520698
0.0456397
0.0422238
0.0436987
0.0460681
0.0534756
0.0443725
0.0526657
0.0515026
0.0426092
0.0501165
0.0557905
0.049566
0.047059
0.0481457
0.0465829
0.0502702
0.0409395
0.0517056
0.0460485
0.0549985
0.0572792
0.0535716
0.050286
0.0463217
0.0467725
0.0511513
0.0463639
0.0511134
0.0488133
0.0488045
0.0501247
0.0556325
0.0433309
0.0504161
0.0493923
0.0468594
0.058027
0.0492394
0.0428301
0.0487967
0.0502521
0.0549873
0.0463333
0.0512038
0.0483227
0.0411853
0.0454913
0.054296
0.0504125
0.0424344
0.0543956
0.0532023
0.0498504
0.0431933
0.0502759
0.0509323
0.0518731
0.0562108
0.0469293
0.0453282
0.0506918
0.0512416
0.0433139
0.0580285
0.0442737
0.0496376
0.043652
0.0503402
0.0568122
0.0471165
0.0515962
0.0477117
0.0413061
0.0483591
0.0469545
0.0531003
0.055275
0.0548114
0.044565
0.0482902
0.0642355
0.0582204
0.0485892
0.0497751
0.0473103
0.0470162
0.0592901
0.0535213
0.0542236
0.0563791
0.0459623
0.0463165
0.050243
0.0505255
0.0490554
0.0471659
0.0571968
0.0616939
0.0436241
0.0477924
0.0557581
0.0506572
0.0505047
0.0454635
0.0461005
0.0563651
0.0499603
0.053446
0.0611327
0.0445828
0.0477954
0.0563154
0.0451336
0.0491154
0.0516531
0.0569073
0.0516836
0.0473847
0.0479763
0.0476955
0.053442
0.0531755
0.0476463
0.054752
0.0504787
0.053093
0.0381612
0.0437533
0.0588724
0.0571329
0.0374794
0.0522346
0.0506159
0.0617982
0.0520427
0.0461494
0.0592289
0.0550259
0.0497964
0.0487944
0.0479234
0.0452816
0.0554078
0.0564638
0.0577094
0.0570305
0.0525151
0.046179
0.0523003
0.0517489
0.0434442
0.0456091
0.042869
0.0484922
0.0375331
0.0477302
0.0459059
0.0475539
0.0437441
0.0531853
0.0526548
0.047484
0.0506871
0.0519794
0.048256
0.0508505
0.0447582
0.0557514
0.0523007
0.0560713
0.046973
0.049825
0.0583037
0.0418983
0.0465838
0.0404066
0.0467198
0.0426277
0.0583394
0.0441725
0.0425093
0.0455749
0.0448375
0.0486481
0.0432168
0.0453396
0.054931
0.0459192
0.0411678
0.0623599
0.0467765
0.0458775
0.0606567
0.0480477
0.0520693
0.0575704
0.0564526
0.042857
0.0550157
0.0418063
0.0510555
0.0442593
0.0540055
0.0492723
0.0522107
0.0457598
0.0496211
0.050414
0.052209
0.0367738
0.0512225
0.039309
0.0403795
0.0578185
0.0474775
0.0495367
0.0652326
0.0526374
0.0507967
0.0527567
0.0607718
0.049529
0.0487023
0.0455464
0.0578319
0.0526729
0.0443877
0.0469492
0.0438073
0.0527388
0.0513296
0.0586831
0.0586052
0.0562498
0.0529332
0.0429825
0.0600323
0.0424609
0.0563955
0.0456543
0.0457573
0.0366769
0.0517282
0.0508922
0.060167
0.0451428
0.0471417
0.0474129
0.0559913
0.0501109
0.0516733
0.0546594
0.0547097
0.0508988
0.0464115
0.0440081
0.0403864
0.0530884
0.0580097
0.0444329
0.0539297
0.0546852
0.0479407
0.043368
0.0476485
0.0583674
0.0479818
0.0499056
0.0538563
0.0515839
0.0439856
0.0458272
0.0516722
0.0522044
0.0500075
0.039747
0.051149
0.0448509
0.0484396
0.063436
0.0547356
0.0501352
0.0512458
0.0490461
0.0535538
0.0581769
0.0554125
0.046283
0.0476073
0.0556024
0.0473827
0.0497643
0.0431116
0.0428659
0.0551502
0.0521314
0.0529349
0.0505261
0.0454889
0.0439595
0.0473639
0.0605418
0.0366362
0.0525962
0.0460477
0.0371743
0.0452578
0.0482453
0.0542938
0.0466481
0.0505133
0.0513597
0.0456028
0.0431496
0.0489329
0.0526752
0.0521619
0.0477867
0.0455231
0.0586845
0.0638869
0.0537094
0.042768
0.0561997
0.0464772
0.0430067
0.0499758
0.0477359
0.0428063
0.0444601
0.0519243
0.0475455
0.0500155
0.0580095
0.0518838
0.0421323
0.0476004
0.0485777
0.0507739
0.0353947
0.0562134
0.0447003
0.0533984
0.0518146
0.0547113
0.0563084
0.0440324
0.0476276
0.0409429
0.0524106
0.0561429
0.0604615
0.0480597
0.0461514
0.0540103
0.049648
0.052683
0.0525082
0.0514414
0.0502162
0.0486799
0.0494804
0.0571975
0.045014
0.0445582
0.0516411
0.0445831
0.0600802
0.0503934
0.064633
0.045439
0.0524309
0.0593404
0.0501667
0.0431705
0.0459209
0.0518664
0.0556841
0.0558589
0.0536272
0.0503644
0.0530747
0.0607968
0.0499671
0.0418178
0.0547237
0.0457531
0.0543078
0.0623021
0.0524609
0.0559404
0.047915
0.0548895
0.0476747
0.0567211
0.0558842
0.0515168
0.0455692
0.0499677
0.051169
0.0559016
0.0430281
0.0459685
0.0586512
0.0465475
0.040123
0.0543197
0.0541649
0.0561413
0.0453568
0.0571518
0.0470409
0.0575522
0.0616548
0.0562294
0.0480233
0.0531217
0.0384065
0.0520669
0.0440924
0.0445866
0.0561835
0.0467565
0.0482087
0.0497477
0.0477122
0.0410627
0.0453182
0.0472097
0.0511046
0.0535636
0.0467907
0.0562757
0.0463062
0.0508133
0.0470942
0.0513195
0.0428161
0.0441922
0.0416899
0.0549971
0.044857
0.0366781
0.0549455
0.0475542
0.0524802
0.0476214
0.0486518
0.0505448
0.0483623
0.0508914
0.0440773
0.0446433
0.0472795
0.0441999
0.0446078
0.0545065
0.049927
0.0551846
0.0384909
0.0448091
0.0585989
0.0525577
0.0507354
0.0413424
0.0574754
0.0516551
0.0537713
0.0566678
0.0435952
0.0468996
0.0527247
0.0438255
0.0576874
0.0586948
0.045521
0.0501357
0.0642715
0.0503281
0.0463688
0.0496456
0.04086
0.0487067
0.0506491
0.0547
0.0510329
0.0405413
0.0487764
0.0425499
0.055704
0.0418916
0.0477805
0.0496649
0.0664319
0.0488001
0.0399441
0.0493141
0.0550615
0.0404539
0.0519319
0.0484413
0.0606477
0.0501892
0.0642629
0.0453534
0.0467581
0.0428802
0.0550506
0.0487998
0.0458068
0.0557154
0.0524639
0.0521388
0.0406189
0.0534196
0.0511844
0.0534749
0.0506729
0.0576785
0.059265
0.0569481
0.0502352
0.0632282
0.0497558
0.0535426
0.0506127
0.0558331
0.0571961
0.0571336
0.0524558
0.0470253
0.0404612
0.060554
0.0562078
0.0510012
0.053499
0.0502746
0.044889
0.0454
0.0494368
0.0438621
0.0571845
0.0539126
0.0510068
0.0535425
0.0524594
0.0472658
0.0444102
0.0575647
0.0496369
0.047881
0.0374958
0.0468375
0.0493554
0.0524553
0.0585618
0.0538299
0.056505
0.039477
0.0437757
0.0507138
0.0534863
0.0498678
0.0513066
0.0515892
0.0544665
0.0520474
0.0453758
0.0482943
0.0549796
0.0488759
0.0558605
0.0530533
0.0456408
0.0521786
0.0407784
0.0434396
0.0482088
0.0466176
0.0395841
0.0537949
0.0552679
0.0515489
0.0461546
0.0441806
0.0445694
0.0404869
0.0534318
0.0504874
0.0549495
0.0486847
0.0583921
0.0491647
0.0526311
0.0487269
0.0455116
0.052612
0.0540376
0.043184
0.0426208
0.0515303
0.0471008
0.0438848
0.0549513
0.043169
0.0433276
0.0467695
0.0515281
0.0512194
0.0443078
0.0512221
0.0509369
0.0472863
0.0475729
0.0471594
0.0463102
0.0585454
0.0462444
0.0494084
0.0475625
0.0435221
0.0460685
0.0320846
0.048273
0.0468833
0.0593654
0.0540119
0.0484782
0.0619903
0.0491795
0.0523241
0.0456102
0.0494571
0.0477433
0.047867
0.0461835
0.0408247
0.0595829
0.0531299
0.0470144
0.0518422
0.0528184
0.0456894
0.0397054
0.0414432
0.0372278
0.0427639
0.0542796
0.0521405
0.0467641
0.0467953
0.0583555
0.0391856
0.0441171
0.0501489
0.0523005
0.0390972
0.0463332
0.0559535
0.0516521
0.04265
0.0447631
0.0486762
0.0556523
0.0558929
0.0457304
0.0425974
0.04576
0.0482684
0.0494616
0.050603
0.0535771
0.0407739
0.0467399
0.0431979
0.0477132
0.045167
0.0478926
0.0406853
0.0484887
0.0496191
0.0459786
0.0586664
0.045846
0.0444342
0.0500337
0.0470631
0.049004
0.0537073
0.0404484
0.0489707
0.047486
0.0455835
0.0461313
0.0494436
0.0488868
0.0613802
0.0441319
0.0572296
0.0441881
0.0381994
0.044721
0.0576062
0.0504127
0.0546056
0.0540093
0.048907
0.0390571
0.0600794
0.054407
0.0511945
0.0456394
0.0419102
0.0471356
0.04866
0.0538859
0.0460225
0.0492052
0.0563386
0.044962
0.0475688
0.0459741
0.0458098
0.0442875
0.0588483
0.0545913
0.0476121
0.0518363
0.0534124
0.0468828
0.0543308
0.0564287
0.0460892
0.0513615
0.044947
0.0363762
0.0427092
0.0508218
0.0547559
0.0481922
0.050764
0.0504304
0.0578234
0.0547501
0.0509167
0.0428064
0.0509989
0.0533272
0.0580624
0.0607319
0.0443146
0.0450628
0.0417653
0.0394712
0.0554028
0.0499891
0.0482261
0.0512427
0.0511748
0.0480163
0.0658972
0.0492353
0.046886
0.0548515
0.0501309
0.0436
0.0587119
0.0395885
0.0518553
0.0433964
0.0530737
0.0636485
0.0472207
0.0531496
0.054867
0.0491816
0.0503862
0.0435209
0.0446837
0.0514434
0.0498043
0.0560321
0.0456717
0.0456025
0.0521557
0.0535937
0.0510635
0.0467107
0.048761
0.0459098
0.0459922
0.0536354
0.0482853
0.0587047
0.0486607
0.051553
0.0504654
0.0589295
0.0459371
0.0500079
0.0485426
0.0525752
0.0410319
0.0408204
0.0471084
0.0545123
0.0425596
0.0570598
0.0667552
0.0499997
0.054972
0.051354
0.0501887
0.0555712
0.0573454
0.0496379
0.0598243
0.0514525
0.0569328
0.0551167
0.0582517
0.0496987
0.0495779
0.0494233
0.0470231
0.0459801
0.046266
0.0464388
0.0506711
0.0609209
0.0438677
0.0459168
0.0596837
0.0550115
0.0478608
0.046872
0.0551725
0.0481689
0.0541808
0.0521148
0.0524127
0.0480855
0.0558353
0.0479921
0.0580943
0.0525479
0.0455233
0.0519033
0.0529778
0.0552568
0.0535788
0.0460119
0.0447626
0.0454389
0.0516243
0.0507904
0.05013
0.0534802
0.0553052
0.0482281
0.0511713
0.0468154
0.0589356
0.0541015
0.053677
0.0654571
0.0442768
0.0409011
0.057862
0.0537466
0.0531131
0.0437496
0.0563746
0.0443204
0.0557591
0.0490202
0.0584241
0.0515227
0.0544818
0.0555088
0.0571183
0.0535334
0.0509928
0.0499369
0.0393175
0.0522652
0.0430821
0.0473768
0.0413949
0.055293
0.0552897
0.0541937
0.0501966
0.0449191
0.0442484
0.0570676
0.0526864
0.055616
0.0449023
0.0436184
0.044123
0.0471876
0.0621734
0.0538287
0.0576344
0.0390409
0.0464806
0.0439373
0.055466
0.0511116
0.0415868
0.0490322
0.045998
0.0512817
0.055513
0.0451257
0.0552493
0.0454539
0.0505826
0.0572191
0.0579018
0.0481379
0.0488464
0.0564577
0.0402575
0.0402583
0.0543962
0.0536044
0.0369193
0.0481302
0.0495114
0.0521463
0.0527099
0.0554535
0.0494534
0.0414878
0.0485972
0.0452704
0.0421974
0.0550497
0.0472676
0.0502932
0.0471936
0.0461915
0.0487734
0.0519189
0.0553991
0.0502862
0.0569249
0.0455128
0.0499685
0.0541309
0.0595122
0.0441022
0.0590457
0.0464424
0.0578608
0.0500306
0.0486336
0.0538358
0.049182
0.0501467
0.0502308
0.0572486
0.0488399
0.0525079
0.0408368
0.047793
0.0518382
0.056279
0.0440967
0.0417098
0.0414285
0.0392381
0.0362494
0.0432674
0.0547144
0.0425486
0.0548948
0.0395776
0.0632776
0.0477938
0.0437076
0.0585511
0.0515438
0.0503287
0.0518916
0.0501896
0.0446291
0.0595973
0.0437965
0.0498724
0.0440759
0.0407405
0.0431356
0.0434155
0.0499311
0.0498026
0.0527124
0.0552405
0.055751
0.0447766
0.0551077
0.0498626
0.0534474
0.0502513
0.0464152
0.0472009
0.0400309
0.0488289
0.0511455
0.0608952
0.0439727
0.057915
0.0523776
0.0519731
0.0512813
0.0525344
0.0555803
0.0473273
0.0488397
0.05747
0.0451528
0.0587042
0.0449288
0.0484053
0.0531166
0.0499931
0.0547998
0.0453072
0.0498984
0.0460523
0.0628629
0.0472634
0.0555553
0.0489632
0.0397753
0.0548877
0.0445234
0.0430551
0.0565663
0.0429472
0.0494362
0.0514621
0.0604777
0.0487549
0.047529
0.0495934
0.0455252
0.0435055
0.0522666
0.0520245
0.0421289
0.0460759
0.0462319
0.0506819
0.055255
0.0477814
0.0492981
0.0483218
0.0518187
0.0476243
0.0780383
0.0536846
0.0541357
0.0417443
0.0445826
0.0545845
0.054506
0.0545281
0.0443796
0.0415484
0.0489742
0.0502239
0.0518725
0.0477948
0.0473602
0.046166
0.0432931
0.0589264
0.0492189
0.0493352
0.0536269
0.039761
0.039945
0.0456641
0.0369304
0.0504528
0.0600185
0.0462836
0.0477869
0.0527343
0.0472759
0.0554369
0.0417809
0.0423334
0.0577168
0.0568276
0.0483075
0.0517462
0.0502551
0.0447848
0.0495648
0.045214
0.0537127
0.0530618
0.0458511
0.0507319
0.038256
0.0665042
0.0504818
0.0446517
0.0561812
0.0550864
0.0488091
0.0559728
0.0511638
0.0539501
0.0527494
0.0541042
0.0460849
0.0492528
0.0528418
0.0581631
0.0492528
0.0566514
0.0498714
0.0391947
0.0567636
0.0479802
0.0442868
0.0479286
0.0493303
0.0442461
0.0580772
0.0511722
0.0516371
0.0604857
0.0626288
0.0491099
0.0445058
0.0565492
0.0440539
0.0552044
0.0479434
0.0513674
0.0512947
0.0545037
0.0535757
0.0574051
0.0467036
0.0490173
0.0664614
0.0456948
0.0340196
0.0510455
0.049873
0.0481864
0.0606861
0.0461939
0.0567748
0.0575841
0.0431852
0.0530961
0.0559035
0.0567287
0.0478538
0.0549441
0.0564832
0.0443438
0.0491311
0.0554243
0.0457721
0.050763
0.0482694
0.0446628
0.0458521
0.0530828
0.0466877
0.048341
0.0508004
0.0488372
0.0573738
0.0551947
0.0447236
0.0488662
0.0460981
0.0513652
0.0541672
0.0603391
0.0567623
0.0645928
0.0505055
0.0504289
0.0525802
0.0477814
0.0482576
0.054984
0.0518864
0.0488764
0.048029
0.0572535
0.0457634
0.0506585
0.0500834
0.0488005
0.0514376
0.0381624
0.047418
0.0468213
0.0540792
0.0451364
0.0570185
0.046613
0.059243
0.0535205
0.0528947
0.0581962
0.0439349
0.0506809
0.0492856
0.042931
0.0429679
0.0500257
0.0554593
0.0591966
0.0504469
0.0521502
0.0485055
0.0534591
0.0583439
0.0489062
0.0530439
0.0470878
0.0428017
0.0446373
0.0505911
0.0453723
0.0460299
0.0573099
0.0560405
0.057212
0.0510333
0.0562878
0.0534346
0.0477417
0.0385085
0.051705
0.0476146
0.0498831
0.0459346
0.0467029
0.0466422
0.0557374
0.0384338
0.0575992
0.0476045
0.0466583
0.0512688
0.0492308
0.0579671
0.0407564
0.054916
0.0571879
0.0527295
0.0430914
0.0517889
0.054938
0.0574098
0.0569743
0.0494976
0.0496448
0.0431513
0.0555401
0.0483839
0.0508274
0.0479351
0.0486151
0.0529219
0.0544974
0.0547674
0.047177
0.0465424
0.0580662
0.055523
0.0550041
0.0427602
0.0415134
0.041767
0.0493345
0.0518086
0.0513024
0.0480848
0.053509
0.0381009
0.055213
0.0491107
0.0440304
0.0489541
0.0507928
0.0490566
0.0554649
0.0511802
0.0469693
0.0530467
0.046076
0.0467907
0.0630601
0.047366
0.0433711
0.0460233
0.05124
0.0529357
0.0425397
0.0523253
0.0589053
0.0513853
0.053363
0.0611946
0.0471998
0.0599406
0.0467561
0.0519793
0.051075
0.042558
0.0465975
0.0538491
0.0550958
0.0576758
0.0497178
0.0535951
0.0464799
0.0472861
0.0505363
0.0558786
0.0462701
0.0473397
0.0500274
0.0490024
0.046087
0.0459912
0.0500749
0.0421898
0.0442951
0.0505327
0.0555552
0.0555348
0.0471167
0.0488738
0.05
0.05
0.05
0.05
0.05
0.05
0.05
0.05
0.05
0.05
0.05
0.05
0.05
0.05
0.05
0.05
0.05
0.05
0.05
0.05
0.05
0.05
0.05
0.05
0.05
0.05
0.05
0.05
0.05
0.05
0.05
0.05
777777