2.71346
999999
0.0591847
-0.194369
0.236444
0.244791
-0.20502
0.103438
-0.0628078
0.188383
0.119872
-0.0558305
-0.0606337
-0.252481
-0.0379772
0.113142
0.165812
-0.226724
-0.19342
0.184702
0.702468
-0.0576555
-0.263874
-0.0213471
-0.0172489
-0.035336
0.15916
0.291032
-0.0649387
0.171596
0.014376
0.189818
-0.114774
-0.278862
-0.102055
0.0292001
0.159753
0.0803004
0.110098
-0.163667
0.188863
-0.168286
-0.171334
-0.0968777
-0.344466
-0.0991529
0.0708845
0.0845653
-0.164174
0.107786
0.107702
-0.202115
0.0951095
0.00121322
0.0100828
0.104557
-0.0978903
0.244399
-0.0190452
-0.13722
-0.156625
0.0153388
0.156969
0.00053085
0.00129741
0.241559
0.115276
0.0606303
0.0176562
-0.176153
0.0719729
-0.0311409
0.136401
0.192503
-0.122568
-0.0312656
0.0477649
0.249569
-0.00140881
-0.239786
-0.0171961
-0.072557
0.0289299
0.190193
0.163421
0.0118911
-0.167969
0.0600628
-0.234684
0.0155182
-0.150736
-0.0785414
0.10137
-0.115025
0.0306466
-0.215973
-0.27024
0.022521
-0.045223
-0.148134
-0.289095
-0.175007
0.104549
-0.075455
-0.254004
-0.0785537
-0.149507
0.175215
0.136533
0.0496457
0.132988
-0.0725683
0.0495291
0.0722419
0.156552
0.100354
0.125518
-0.17089
0.0865369
0.0307498
0.293519
-0.0965873
0.0531292
0.19122
0.174921
0.104352
-0.13864
-0.0316753
0.0394785
0.0810553
-0.153268
-0.121464
-0.0768354
0.225735
-0.212143
0.0111058
0.019098
-0.00293937
-0.0834958
-0.104193
0.13739
0.158924
-0.12252
0.113483
-0.168337
0.0759042
0.253054
0.134702
0.149348
-0.00747654
-0.0873615
-0.181533
0.108149
0.0133405
-0.16741
-0.0669875
0.083447
0.0377211
-0.105787
0.184578
-0.191528
0.236443
0.109126
-0.0303011
-0.148997
-0.0933331
-0.167307
0.0636933
0.192375
-0.16947
0.083873
-0.163238
0.143504
-0.11372
-0.302708
0.204449
-0.0670607
-0.200457
0.035394
-0.140841
-0.012526
-0.113282
-0.291093
0.140794
0.0656478
-0.0434455
0.0704504
0.0305476
-0.0656802
-0.0424927
0.108358
-0.192961
0.0121358
-0.28233
-0.0200433
-0.0132492
-0.0956533
0.0682075
0.15168
-0.028844
-0.196318
-0.264521
0.11931
-0.0439598
-0.109619
-0.205551
-0.0613762
0.170784
-0.151551
0.0569493
0.205531
0.103561
-0.224223
0.239895
0.191012
0.196693
0.160604
-0.172781
-0.191095
-0.286379
0.0368523
0.111212
-0.113058
0.0791851
0.097397
0.0858011
-0.0454153
0.0857323
0.118536
0.257465
0.160423
-0.0900709
0.16292
0.145816
0.17885
0.0767272
0.0300291
-0.0336808
-0.0510561
0.133481
0.118669
-0.149216
-0.14301
0.146789
-0.0184398
-0.303204
-0.0574401
-0.22781
-0.0190495
0.0190533
0.085656
0.000501924
0.0633318
-0.00645582
-0.139688
0.117103
-0.0232173
-0.129966
-0.208626
0.00209469
-0.00405042
0.0452337
0.146959
-0.156262
-0.086402
-0.0983845
0.113167
-0.233556
-0.00596326
-0.00439694
0.188761
0.165867
0.0399373
0.153702
0.0352653
-0.206184
-0.257516
-0.0177977
0.168809
-0.169738
-0.0757877
-0.0994214
-0.0432124
0.297806
-0.0856515
-0.0803858
0.196058
-0.311072
0.223873
0.0274827
-0.0601961
0.0661815
0.181728
-0.0495852
-0.0591737
-0.100588
0.00835598
-0.28049
0.0061862
-0.11289
-0.0346376
-0.185714
-0.123228
-0.0650856
-0.00216484
0.00848928
0.0239605
-0.0183083
-0.00741128
0.176572
-0.189356
0.05115
-0.2671
-0.0719038
0.038548
0.0534324
0.0737151
0.0319607
0.148401
-0.115364
0.141325
-0.100876
-0.140624
0.189025
-0.270015
0.120784
-0.245779
-0.189387
0.0751294
-0.0621394
-0.115795
-0.165182
-0.0126848
-0.00525011
-0.187499
0.153856
0.0818775
-0.14204
-0.0203154
-0.0843965
0.0599266
-0.0217446
0.0893525
0.11948
0.0623071
0.182958
-0.0960329
0.264112
-0.111697
-0.0165465
-0.0471229
0.120408
0.0749638
-0.229846
-0.133523
0.228499
0.00316439
-0.272929
0.103532
0.0425503
-0.192498
-0.132992
0.107114
0.200755
-0.0593596
0.262367
-0.0849455
-0.0173831
0.128401
0.188682
0.00965833
-0.0612379
0.0751773
-0.101436
0.209605
-0.126111
-0.102982
-0.283162
-0.0323847
0.0600087
0.157043
-0.0209772
-0.103426
0.0900503
-0.20467
-0.0306015
0.0904841
0.0426158
-0.00558793
-0.100942
-0.235449
-0.0513037
0.141702
0.05996
-0.18655
-0.369751
-0.153968
-0.081575
-0.0670879
0.205501
0.101668
-0.0249932
0.183423
-0.201041
-0.00858256
-0.234949
-0.0381597
0.054576
-0.0544848
-0.0820815
-0.12582
0.0108875
0.102966
-0.0186305
-0.0128324
0.212542
0.0917656
-0.107192
-0.109101
-0.120309
-0.00906504
0.0120271
0.0815697
-0.0912658
-0.105338
0.193937
0.0942448
0.0965329
-0.224133
-0.0858574
-0.063218
-0.0865036
-0.027383
-0.0155825
0.0550384
-0.207093
-0.00921121
-0.0804058
-0.25266
-0.0380964
-0.0996535
-0.0758359
-0.185835
-0.0636081
0.0734896
0.174702
0.114624
-0.0336408
-0.226721
0.146038
-0.151754
0.0967861
0.160286
0.147805
-0.104594
0.106439
-0.0826263
-0.205659
0.0836933
-0.0459658
-0.245748
0.204553
-0.0382809
-0.100805
-0.0552186
-0.246594
-0.0910548
0.233633
-0.174765
-0.215755
-0.140312
-0.110814
0.14996
0.266573
0.0101288
-0.0795912
-0.189212
-0.0185673
-0.0322205
0.0658634
-0.0116121
0.132067
-0.150345
0.122943
-0.166801
0.109867
-0.0646413
-0.038711
0.143397
-0.208885
0.00242031
-0.0651558
0.0384083
0.0871352
0.109524
0.0995623
-0.0175799
0.113237
-0.00895618
0.0381895
-0.153682
-0.0953818
0.00718076
0.0518501
-0.0475417
-0.200221
0.0099548
0.0801703
-0.110676
0.0843252
0.0268787
0.0248729
0.18576
-0.0434418
-0.0839517
0.0169435
-0.157031
0.121078
-0.0132245
-0.0906566
-0.0704884
0.0301792
-0.0179505
0.0012307
-0.139833
0.0604587
-0.158617
-0.125412
0.0280873
-0.0456568
-0.0953485
0.0127742
0.240331
0.188303
0.000956421
0.032786
0.0147676
0.0681593
-0.00647803
-0.00183036
0.102874
-0.157247
0.0380572
0.0367289
-0.145483
0.016938
0.247252
-0.097509
0.18568
-0.219137
0.191011
-0.207896
-0.0224859
0.17402
0.0403347
0.0974184
0.0739602
0.150957
0.0602503
-0.0826925
0.0709423
-0.0815674
-0.219448
0.0428312
0.0142135
-0.0414288
-0.169846
-0.0521562
0.0267806
-0.0468354
0.0236019
-0.0118905
-0.0305888
0.117482
-0.0599081
0.0892411
-0.0822805
0.00179203
-0.139899
-0.0469784
0.0882151
0.113064
0.113799
0.165687
0.187605
-0.202941
0.108224
-0.0683456
0.0650134
0.0304984
-0.146377
0.201342
0.00329176
-0.246135
-0.15195
-0.00535404
-0.105196
0.0785805
-0.116126
-0.103856
0.264388
0.0600376
0.17977
-0.122218
-0.208448
-0.0278381
0.147621
0.0933338
-0.0595489
0.0414622
0.230167
-0.203768
0.0951797
-0.100116
0.0169551
-0.143244
-0.239006
-0.0323795
0.0981752
0.276869
-0.0402692
-0.0764884
0.0818564
0.0233133
-0.0337771
-0.0898687
-0.057166
-0.124315
0.15784
0.012886
-0.00241711
0.0721012
-0.0172676
0.046342
0.0255095
0.0117456
-0.0697526
0.099961
-0.140476
-0.0579864
-0.196638
-0.104351
0.190418
-0.101366
-0.0570548
-0.209573
-0.222241
-0.181199
-0.0964599
-0.0273312
0.0244841
-0.0977866
0.112299
0.190545
0.109108
0.106345
0.158846
-0.283244
-0.139494
-0.211048
-0.0539206
0.0717845
0.0616414
0.00296722
0.0938149
0.104885
0.181399
-0.179258
-0.232919
0.121557
-0.0379645
0.128467
0.0797612
-0.0780266
0.16413
0.210999
0.149152
0.0286923
0.105751
-0.0591821
0.124007
0.101989
-0.153951
0.0904788
0.116695
0.104849
-0.30269
-0.150001
0.116253
-0.0227911
-0.069804
-0.159709
-0.0963535
-0.0647726
0.0215872
-0.0554261
-0.0661655
0.136924
-0.166933
0.00941528
-0.0650096
0.10118
0.0587017
0.162651
0.110296
0.0106185
-0.201241
0.021621
0.0316221
-0.159364
0.053627
0.147002
0.305365
0.301438
-0.107782
-0.235181
-0.314014
0.125208
0.208845
-0.0757179
-0.13049
0.0379587
-0.0347027
-0.0871022
0.198308
0.141934
-0.0103982
-0.0341086
-0.150835
0.147855
0.0860679
0.103833
0.108642
0.0920135
0.228625
0.0811566
0.135108
-0.128855
0.0358636
0.00598003
-0.190335
0.134957
-0.0484705
0.238471
-0.0166666
0.0872139
-0.270575
-0.11865
0.0587245
0.123603
0.0351848
-0.138588
-0.0905251
0.104296
-0.166627
0.251861
-0.215051
0.0823854
-0.0184024
0.0807278
-0.0391765
-0.00334248
0.101285
0.112816
-0.216825
-0.0888867
0.00889917
-0.0832665
0.0102765
0.126765
0.129138
0.188672
-0.00462932
0.0627485
-0.102619
-0.0400901
-0.0753883
0.26643
0.0266317
-0.294253
0.0209001
-0.188032
-0.128373
0.152632
0.228332
0.000775852
-0.0121673
-0.164284
0.0203106
0.0123466
-0.0500926
0.14069
0.00807086
-0.158817
0.210361
0.133714
0.0096202
-0.147943
-0.0440674
-0.121773
0.0499085
-0.120802
-0.186501
0.0205994
0.0507638
-0.0520315
-0.102402
0.111927
-0.0708404
-0.135628
0.0623456
-0.12542
0.135784
-0.202244
0.0481534
0.115197
-0.0100468
-0.134327
0.138368
0.0726565
0.150324
-0.00156909
-0.333496
-0.0312206
0.116093
0.0945308
-0.109357
-0.0475356
0.150784
0.177309
0.0710896
-0.162545
0.33207
0.158366
0.0724689
0.181572
-0.225122
-0.213731
-0.0416415
0.0582244
0.0685012
0.0282749
0.173003
-0.25304
0.153031
-0.0780045
0.215448
0.0408094
0.0143668
0.0843585
-0.176972
-0.0591935
0.0979819
0.0335025
-0.0653301
-0.108927
0.144861
0.266471
0.163642
0.0297208
0.186504
0.0932073
-0.108201
-0.0698606
0.235128
0.0380507
-0.0806109
-0.0898214
0.174349
-0.0493033
0.206134
-0.218283
-0.0995272
0.0390627
0.066963
0.0967399
0.0693187
0.0854832
0.0187578
0.206833
-0.0926836
-0.00422765
0.0141214
0.123975
-0.22118
0.0514347
0.273705
-0.0880413
-0.194954
-0.147293
-0.0824743
0.161719
-0.0515213
0.229604
-0.132885
0.109097
0.0516618
-0.0880129
-0.103256
-0.0230381
0.0320904
0.157005
0.0291573
0.201936
-0.0259882
-0.195073
0.167778
-0.169797
-0.0559495
-0.0306135
-0.133402
-0.0624055
-0.0539414
0.00359852
-0.14079
-0.0252093
-0.00434368
-0.108154
0.175158
0.0218094
-0.045985
0.0707896
-0.246337
-0.172909
-0.0018053
-0.0326113
0.0428287
0.15579
0.0319198
-0.109935
-0.10978
-0.125029
-0.0720758
-0.00354926
0.238735
-0.149421
0.154163
0.197935
-0.166412
-0.0801935
-0.116047
-0.0624251
-0.236334
0.232277
-0.203486
-0.0399587
0.0791513
-0.183191
-0.180059
-0.201873
0.0917051
-0.000714445
0.142153
-0.187314
0.0707338
0.1795
0.0939646
-0.246992
0.0200717
0.0512305
0.18583
-0.0313185
0.0112402
-0.0234935
0.122341
0.015086
-0.262797
-0.235475
0.221846
-0.0133968
0.152671
-0.0109723
-0.0408002
0.0434732
0.225186
-0.147771
0.0171061
-0.0598652
0.110609
0.217641
-0.083451
-0.188015
0.111105
-0.0410755
0.00351826
0.023359
0.120634
0.0448393
0.037776
0.130267
0.221029
-0.0863437
0.147846
0.184576
0.011239
-0.0350566
0.0141203
0.238482
-0.227371
0.0549613
0.0775684
0.036755
0.00993837
0.042028
0.0224234
0.123198
0.0973995
-0.265057
0.202309
-0.143004
0.276282
0.0329922
0.019397
0.165112
0.12162
-0.183947
-0.0379775
0.0134302
-0.062374
0.108734
-0.118527
0.0850598
-0.0981002
0.0212971
0.110402
0.101612
0.10349
0.00350534
-0.13182
0.179291
4.43718e-05
-8.15903e-05
-0.00217782
0.123444
-0.12575
0.0634787
-0.106293
0.0486616
-0.0649987
0.199957
0.0450649
-0.328755
0.0332415
0.108853
-0.0306259
0.0949833
-0.110813
0.1537
-0.0102909
0.0573708
-0.227291
-0.0903927
-0.100547
0.17151
-0.22755
-0.0279479
0.0325451
0.117746
0.216406
0.183855
-0.0560084
0.148882
0.116806
0.190992
0.0800593
-0.060484
0.189675
0.203287
0.0628338
0.0689509
-0.139423
-0.109413
-0.0872642
-0.0105107
-0.171659
0.0728397
-0.0607156
-0.168953
-0.231004
-0.108782
-0.132749
0.239822
0.0269934
-0.0457169
-0.111862
-0.0169095
-0.119282
0.0193089
0.137881
0.30979
0.0839816
0.0991613
-0.208567
-0.130425
0.00700267
-0.0849826
0.205055
0.0972574
-0.0259361
0.163932
0.212973
0.113939
-0.0605571
0.151356
-0.0850574
-0.248175
0.110775
0.0113417
-0.0690517
-0.0668521
-0.204893
-0.126007
0.213133
-0.079269
0.090045
-0.002842
0.142361
-0.284032
0.160719
-0.0597789
-0.180778
0.0925669
-0.146972
-0.199838
0.103356
-0.121008
0.0171517
-0.0344215
-0.0560405
0.0557442
-0.270027
0.11743
0.218371
-0.0964421
-0.312507
0.0548645
0.0340426
-0.169561
-0.075141
-0.045637
-0.074973
-0.196401
0.00868723
-0.306878
-0.351801
0.0902373
-0.105111
0.0340922
-0.132381
0.0703897
-0.201367
-0.257453
-0.0262777
-0.143945
0.127799
0.159529
0.00111247
-0.11788
0.104216
0.141934
-0.023239
0.214838
0.0151719
0.157606
-0.0296867
-0.142519
0.11959
0.0403026
0.0715805
0.0124721
0.0320713
-0.0367569
-0.150889
0.0243146
0.0956152
0.053724
0.191935
-0.111791
0.00873573
-0.221699
-0.140802
0.0333289
-0.144856
-0.00109857
0.104772
0.0150202
-0.0292926
-0.128618
-0.0824058
-0.0754064
0.0412436
-0.199971
-0.0309555
0.153564
0.124748
0.082536
0.0488152
0.228467
0.311503
0.214958
0.178534
-0.0321451
-0.152734
0.0533452
-0.091625
0.0754413
0.23563
-0.16908
-0.0610527
-0.201838
-0.0935064
0.202764
-0.0705919
-0.208769
0.213062
-0.0619984
-0.0911779
-0.26479
-0.155477
0.068036
-0.195787
-0.0248694
0.286377
0.020608
-0.103212
-0.0490027
0.0359414
0.0321689
-0.019281
-0.0265459
-0.0709409
0.000317437
-0.0692654
-0.134446
0.0749636
0.0451676
0.150114
0.109745
-0.0704583
0.121819
-0.184043
-0.0656879
-0.0337036
0.0596813
-0.016192
-0.175484
0.0296558
-0.149703
0.13544
0.14133
-0.269811
0.0148557
0.0238379
0.0934563
-0.228233
0.0599479
-0.160033
-0.0158885
0.021286
-0.0090118
-0.214961
-0.0436643
-0.0879955
-0.0397434
-0.0301813
0.0286457
-0.177733
0.176318
-0.0870307
0.0429625
-0.0705238
0.101061
-0.123063
0.131454
0.0285112
0.118714
0.0301395
0.146202
0.153478
0.196485
-0.112266
-0.144043
0.167499
-0.142957
-0.0893186
-0.0704123
0.211877
0.0703807
0.173553
-0.0371639
0.0351943
0.152135
-0.196958
0.133877
-0.153701
-0.175746
-0.0912561
-0.228354
-0.0158649
-0.126818
0.0516103
-0.0357042
0.0561034
0.311955
0.0951065
0.0751111
-0.0196767
0.0143219
0.178126
0.17543
-0.010491
0.0350682
-0.26167
0.0798549
-0.196315
-0.135161
-0.23699
-0.0234047
0.259887
-0.0551346
0.0407763
-0.162283
0.0877801
-0.251599
-0.257312
-0.175589
0.0271224
-0.198739
-0.0643806
-0.0961563
-0.0834798
-0.23483
0.0804266
0.14992
-0.25898
0.261512
-0.11002
0.0304754
-0.00915647
0.0441829
-0.0550403
-0.16171
-0.0328972
0.162306
0.0939095
-0.0605366
-0.0363767
0.0230219
-0.1816
-0.189224
-0.176594
0.240813
0.139417
0.246709
-0.0890286
-0.164316
-0.129182
-0.137728
0.0378125
0.0725179
0.0114668
-0.0366833
0.0369188
0.116459
-0.0191892
-0.0484114
-0.0480152
-0.0398396
-0.0515724
-0.211319
-0.135531
-0.0153707
-0.207024
-0.0827466
-0.138533
-0.000830392
0.104498
0.18863
0.0558064
0.245925
0.0976918
0.0117644
-0.0846834
0.183951
-0.00151749
0.16776
0.148844
-0.216358
-0.0436566
-0.251566
-0.167168
0.181262
0.141664
-0.246103
0.105441
-0.0675921
-0.132086
0.150594
-0.104548
-0.178543
0.128141
0.139114
-0.302237
0.0720026
0.0275883
0.0659361
-0.228363
-0.0583475
0.0468677
-0.179972
-0.145082
-0.179827
0.281979
0.0667679
0.191491
-0.0146168
0.108385
-0.00963803
-0.129077
0.14661
0.0103204
-0.113538
0.00887459
0.0391747
0.0692898
0.022927
0.152175
-0.148843
-0.134243
-0.211761
-0.133874
0.133254
0.290551
0.0714524
-0.129081
-0.0996354
0.244611
0.0784919
0.183514
-0.159692
0.0928296
0.133568
-0.00977658
-0.0139461
-0.0803691
0.102786
0.007205
-0.241788
-0.000741528
-0.369611
-0.00241825
-0.0111241
0.0504718
0.273209
-0.18872
-0.0596142
-0.175545
-0.160551
-0.0217177
0.00206483
0.105744
0.082508
0.138879
0.119968
0.0756544
-0.0497269
-0.00207121
0.10099
0.304711
0.110516
-0.0628231
0.121984
0.040159
-0.0790326
-0.0489345
0.0118599
0.161376
0.124068
-0.0950373
0.325704
-0.0801492
0.0864361
-0.239988
-0.0784563
0.165669
-0.0967907
0.219073
-0.079627
0.0286933
-0.257601
0.0489249
0.1939
-0.215307
0.0554844
0.106669
0.313518
0.10174
-0.15467
-0.154964
0.180675
-0.0818962
0.0118899
-0.0396372
-0.0308251
0.0877693
0.0553195
0.0864415
0.149816
0.06289
-0.0017439
0.00503508
-0.15781
0.0515945
0.0740925
-0.0594557
-0.177377
0.11375
-0.199269
-0.219101
0.175384
-0.132147
-0.230168
-0.229166
0.0658007
-0.0822836
0.23555
0.204199
0.0467079
0.0337274
0.0229421
-0.0441782
-0.255688
0.132124
0.163899
-0.0179971
0.219307
-0.0797261
0.159489
0.0633345
0.0640002
0.0480618
0.234446
0.0114348
-0.118103
-0.090389
0.0262428
0.0444591
-0.0285315
-0.122544
-0.274335
0.110757
0.0871695
-0.245355
-0.146482
-0.0740739
-0.078013
-0.0468364
0.136921
-0.072153
-0.0521662
0.159012
-0.220905
0.0971435
-0.0653908
-0.0565782
-0.140281
-0.135711
0.019567
-0.0416129
-0.0881423
0.144516
-0.17864
0.00946781
0.241816
0.0447326
0.116844
-0.00770211
0.060276
0.013334
0.208181
0.0668769
-0.259241
0.171474
-0.0461203
-0.127929
-0.0590564
0.19486
0.0426188
-0.0321325
-0.135136
-0.201801
-0.0430109
-0.0724373
0.0824148
0.016011
0.26227
-0.0416284
0.10749
-0.16788
0.264802
0.248178
-0.0502993
0.101169
0.112972
0.164048
0.0643446
0.110554
-0.178998
0.167374
0.0689996
-0.0244923
-0.0301757
-0.00741131
-0.283306
-0.049738
0.0938317
-0.000250274
-0.0449536
-0.250388
0.0967771
-0.0150156
0.238097
0.0688426
0.0729604
0.0553863
-0.0746089
-0.0390282
0.166471
0.0751262
-0.17502
0.0807223
0.0800744
0.0013836
-0.270666
0.0645326
0.0332339
-0.143789
0.209242
0.0411712
0.0503032
0.158227
0.15002
-0.0471674
-0.24297
-0.0720223
0.10928
-0.0227199
-0.219916
0.14752
-0.0959148
0.136805
-0.0387445
-0.273745
0.191031
0.0621396
-0.0481491
-0.0522381
-0.153441
-0.251989
0.060518
-0.096058
-0.0228325
-0.00275796
0.029804
0.0306042
-0.124673
-0.0383595
-0.0785214
-0.0863797
0.135092
0.0204116
-0.0644413
0.0242983
0.0340206
-0.0951679
-0.0876807
-0.137753
0.0559572
0.0707622
0.0115597
-0.0691513
0.130625
0.00670535
0.200535
-0.078482
0.00425908
-0.00107961
0.0764906
0.00314273
-0.206637
0.037781
-0.0531436
888888
-0.154393
-0.0372035
-0.105378
-0.123713
0.0560242
-0.0450352
-0.00683417
0.0476631
-0.0945162
-0.0429971
-0.0556268
-0.0706815
-0.10774
0.193811
-0.058868
-0.197765
0.20251
0.086057
0.115528
-0.00912127
-0.196328
0.0718404
-0.151317
0.149677
0.0123128
0.179879
0.112871
0.0884725
-0.0926025
-0.00156536
0.134789
-0.215996
0.0467861
0.0436897
0.0638102
0.0632909
0.0515273
0.0605107
0.0403892
0.0433719
0.0501514
0.0429498
0.0563676
0.0468011
0.0576435
0.0335717
0.0564931
0.0454522
0.0528584
0.0377104
0.0444628
0.0511397
0.0548925
0.0413187
0.0552408
0.0461252
0.0406452
0.0565562
0.0395126
0.05268
0.0362312
0.0418287
0.0316911
0.045286
0.0567638
0.0392348
0.0527655
0.0464217
0.0367857
0.06112
0.0611973
0.0477632
0.0444263
0.0363799
0.0551245
0.0524319
0.0571881
0.0620203
0.0561497
0.0605884
0.0386778
0.0622497
0.0515725
0.0683489
0.0551054
0.0526276
0.0466706
0.0447143
0.0446621
0.0606767
0.0597231
0.0399324
0.0402567
0.055042
0.0615371
0.0469124
0.0517324
0.0497329
0.048399
0.042064
0.0419348
0.0515287
0.0595262
0.0606904
0.0459905
0.0419196
0.0445954
0.0642484
0.0542693
0.0575177
0.0610019
0.0563705
0.0479775
0.0479412
0.0494639
0.0438481
0.0552988
0.0564088
0.0444305
0.0478257
0.0418415
0.0406542
0.0546925
0.0461615
0.0575484
0.0414899
0.0519951
0.0553799
0.0523446
0.0492361
0.0529879
0.0528918
0.0429119
0.0458348
0.051153
0.0512061
0.0576865
0.0414901
0.0416016
0.0590463
0.0405467
0.0546958
0.0521287
0.0489873
0.0556333
0.0414321
0.0483139
0.0573999
0.0447679
0.0480251
0.0533887
0.049931
0.0540611
0.0537513
0.0526921
0.0430527
0.0416448
0.0684162
0.0440188
0.0547222
0.0430313
0.0394561
0.0453761
0.0414251
0.0559538
0.033516
0.0550424
0.0507245
0.0574944
0.0489376
0.0455638
0.0485059
0.0569234
0.0473771
0.0475772
0.0510639
0.0545768
0.0478994
0.0533222
0.0536903
0.0738635
0.0551684
0.0614545
0.0466384
0.0555076
0.0541361
0.0471112
0.0426046
0.066293
0.0485258
0.0477629
0.0574032
0.0601092
0.0502971
0.0468432
0.0540418
0.0417857
0.0763139
0.0626643
0.0530529
0.0536678
0.0433661
0.0435689
0.0528532
0.0678835
0.0364209
0.0481364
0.0458092
0.0425794
0.0550144
0.052118
0.0558761
0.0696225
0.0361199
0.0569263
0.0491089
0.0424061
0.0497718
0.0416652
0.0470899
0.0646829
0.0469046
0.0368616
0.045911
0.0530643
0.0525922
0.0382899
0.0506085
0.0402251
0.0488613
0.0561746
0.0521537
0.0594418
0.0428842
0.0552106
0.0453686
0.0474153
0.0413282
0.038271
0.0511192
0.0521725
0.0540763
0.0530083
0.0507199
0.0523038
0.0529157
0.0467699
0.0479624
0.0464267
0.0448569
0.0450636
0.0443669
0.0648721
0.0573983
0.0388233
0.066796
0.0565258
0.0478045
0.0435796
0.0436553
0.0383936
0.0428286
0.0533021
0.0621072
0.0538627
0.0405485
0.040029
0.0366402
0.0475273
0.0517001
0.0550556
0.0471896
0.0475588
0.0425773
0.0582523
0.0558433
0.0705038
0.0390024
0.0415975
0.0603996
0.0498411
0.053125
0.0560924
0.047533
0.0559397
0.0513229
0.0585625
0.0438004
0.0428055
0.0569303
0.0416083
0.0688189
0.0385269
0.0564449
0.0575772
0.0430493
0.044277
0.0639639
0.0569752
0.0536781
0.0640602
0.0556889
0.0429117
0.0530639
0.0553412
0.0461658
0.0452199
0.0508055
0.0435074
0.0621729
0.0421622
0.0539519
0.0594639
0.0468252
0.0669537
0.0554272
0.0522652
0.0529007
0.0556418
0.0498553
0.0498809
0.047872
0.0577128
0.0455709
0.0430892
0.0412782
0.0649144
0.051224
0.0561713
0.0440371
0.0374732
0.040615
0.0491415
0.0384927
0.052058
0.0568085
0.057664
0.0565125
0.0598886
0.0696956
0.0453307
0.0451731
0.0433706
0.036681
0.0426388
0.0553102
0.0436913
0.0606572
0.0485078
0.0471675
0.0529727
0.0487885
0.0524444
0.0394736
0.0435423
0.0457645
0.0444717
0.0373501
0.0517835
0.0523151
0.0648144
0.0661171
0.0579058
0.0466107
0.049763
0.0446786
0.0672478
0.0426323
0.0469787
0.0442635
0.0505485
0.0642001
0.0625171
0.0435105
0.0467861
0.0482091
0.041885
0.0643442
0.0512121
0.0334219
0.0470289
0.0573378
0.0565357
0.0464336
0.0529743
0.0546493
0.0386213
0.0437781
0.0540516
0.0500021
0.040092
0.0543636
0.0528714
0.052824
0.0401845
0.0635064
0.0538913
0.0447099
0.0578714
0.0462906
0.0429621
0.063655
0.0470063
0.0409978
0.0609186
0.0492422
0.0471432
0.0446628
0.0597456
0.0439196
0.0418018
0.0504334
0.0440267
0.03698
0.0608518
0.0456006
0.0439264
0.0547409
0.0428844
0.0364369
0.036057
0.0697894
0.0646662
0.054011
0.0487532
0.0460494
0.0463406
0.0625706
0.0522844
0.0638074
0.0537872
0.0481513
0.0397473
0.0532953
0.0442069
0.052034
0.0564243
0.0580292
0.0637002
0.0429717
0.0488134
0.0598337
0.0535778
0.0484096
0.0447502
0.049519
0.0532459
0.0529937
0.0582859
0.050917
0.041305
0.0462657
0.0571228
0.0514079
0.0436953
0.049247
0.0636502
0.0486014
0.0518613
0.0502475
0.0503942
0.041261
0.0472331
0.0474876
0.0478339
0.0484402
0.0503283
0.0363589
0.0390571
0.0505962
0.0536458
0.0380287
0.057809
0.0482237
0.062247
0.0475592
0.0428768
0.0598963
0.0487225
0.047145
0.0487883
0.0504141
0.0504251
0.0599595
0.065133
0.0648848
0.0592373
0.0537276
0.0427811
0.0475533
0.0499737
0.0480945
0.0414598
0.0353926
0.0412694
0.036929
0.0523128
0.0465072
0.0489946
0.0425965
0.042312
0.0557239
0.0463279
0.0433836
0.0512361
0.0502759
0.0555134
0.0506511
0.0495257
0.0523176
0.0619983
0.0348104
0.047241
0.0671941
0.0423381
0.0531655
0.0304428
0.0414376
0.0451884
0.0622555
0.0467791
0.0418324
0.0466419
0.0421908
0.0460495
0.0469937
0.037767
0.0676634
0.0490579
0.0420258
0.0583989
0.0484768
0.0519013
0.0743162
0.0432658
0.0456093
0.0569563
0.0501545
0.0427441
0.0569175
0.0413902
0.0499219
0.0372316
0.0522431
0.0571753
0.0544207
0.0462367
0.0562477
0.0427231
0.0514061
0.0341347
0.0509937
0.0339341
0.0372949
0.0588314
0.0494096
0.0481131
0.068246
0.0546435
0.0465302
0.0521325
0.0575549
0.049216
0.0544553
0.0458632
0.0552629
0.0409092
0.0388959
0.0481704
0.0399135
0.0491844
0.0495123
0.0535049
0.0569462
0.0480686
0.0381767
0.0424647
0.0673055
0.0403857
0.0524727
0.0483291
0.049389
0.0428668
0.058164
0.0537078
0.054475
0.0470793
0.0430678
0.0492919
0.0602978
0.0395621
0.0508674
0.0542823
0.0514976
0.0451877
0.0443089
0.0415382
0.0406925
0.0576454
0.0544103
0.0409512
0.0482659
0.0619733
0.0497404
0.0395219
0.0370505
0.0540857
0.0505453
0.0452754
0.0517818
0.0508423
0.0378583
0.0422977
0.0450395
0.0513759
0.0520129
0.0417152
0.0573959
0.0420741
0.0489738
0.0597775
0.0550159
0.0572398
0.0467226
0.0551837
0.0423127
0.0572295
0.0555014
0.0384367
0.0451497
0.0477602
0.0399684
0.0636775
0.0405953
0.0515324
0.0571974
0.0494948
0.0509423
0.0598448
0.0393596
0.0434142
0.0533938
0.0707633
0.0354546
0.0565407
0.0434214
0.0378561
0.0375713
0.045883
0.047894
0.0476781
0.0468824
0.0515776
0.0490475
0.0354614
0.0436637
0.0588499
0.0518525
0.0429901
0.0408759
0.0511885
0.0581622
0.0680193
0.0538643
0.0554588
0.0524965
0.0283301
0.0511828
0.0456159
0.0420677
0.043513
0.0620027
0.0509439
0.0434156
0.0658339
0.0598263
0.0447309
0.0447859
0.0471088
0.0457626
0.0306337
0.058905
0.0478335
0.0619572
0.0554398
0.0615817
0.0445195
0.0417287
0.0428422
0.0387649
0.0550932
0.0507094
0.0573865
0.0539877
0.0409051
0.053041
0.0531664
0.0612559
0.0569021
0.0529843
0.0500693
0.0494677
0.0477552
0.0573621
0.0441944
0.0513196
0.0556524
0.0507184
0.0606991
0.0488579
0.0606213
0.0479389
0.0527387
0.06569
0.0520762
0.0460307
0.0452598
0.0498762
0.0587123
0.0714445
0.0541937
0.0541543
0.0449941
0.0622354
0.0491261
0.0405434
0.0507625
0.039323
0.0566605
0.0715922
0.0524205
0.0489202
0.0606715
0.0545397
0.0433089
0.0509109
0.0511393
0.0451421
0.0422916
0.0468621
0.0445628
0.0582363
0.0394144
0.0476261
0.05907
0.0434366
0.0394956
0.0649586
0.0604099
0.0512807
0.0355637
0.0550321
0.0508803
0.067212
0.0605295
0.0542828
0.0543166
0.0454401
0.0307132
0.0494309
0.0440288
0.0493613
0.0511076
0.0462395
0.0455397
0.0501921
0.049791
0.0476432
0.0460134
0.044335
0.046101
0.0489165
0.049467
0.0536048
0.0385649
0.0445853
0.0407355
0.055713
0.0431036
0.0448229
0.0442676
0.050566
0.0382514
0.0332935
0.0594063
0.0445763
0.0470933
0.0499121
0.0432769
0.0610271
0.052311
0.057106
0.0498083
0.0412803
0.0370819
0.0419344
0.042113
0.0548178
0.0466547
0.057972
0.0384355
0.0489141
0.0608329
0.0484395
0.0542693
0.0431462
0.0560972
0.045889
0.0529035
0.0572167
0.0390219
0.0525556
0.0547211
0.0406604
0.0696938
0.0581462
0.0385499
0.0535316
0.0702415
0.0588313
0.0472561
0.0448329
0.0409636
0.0592365
0.0466904
0.0419819
0.0496486
0.0379675
0.0541535
0.0449471
0.0656331
0.0468356
0.0471824
0.0501121
0.0749909
0.0524053
0.0513082
0.0499088
0.0570595
0.0486122
0.047446
0.0449471
0.0498641
0.0481933
0.0562841
0.0402099
0.0418057
0.0388158
0.0613171
0.0404852
0.0517257
0.0587232
0.0501137
0.0491346
0.0477478
0.0437625
0.0518349
0.0573046
0.0333179
0.0581719
0.0585001
0.0580609
0.0447595
0.062513
0.0648349
0.0542164
0.0396142
0.0552595
0.0675726
0.0585591
0.0603233
0.0423019
0.038984
0.065488
0.0507471
0.0531974
0.0518804
0.0509538
0.0422072
0.0451227
0.054132
0.0381316
0.0560759
0.0560735
0.0580883
0.0517434
0.0510538
0.0411507
0.0455928
0.0579801
0.046221
0.0450649
0.0349399
0.0481278
0.0582159
0.0542965
0.0604414
0.0574378
0.0498908
0.0453846
0.0425792
0.0523104
0.0508239
0.047414
0.0517533
0.0537162
0.0586588
0.052118
0.0404653
0.0398277
0.0471048
0.0509852
0.052744
0.067933
0.0522453
0.0512057
0.0355626
0.0410083
0.0428051
0.0524962
0.0406978
0.0591231
0.0677703
0.0591703
0.0483555
0.0396272
0.0446813
0.0432983
0.0462834
0.0527075
0.0579093
0.0513669
0.0514142
0.0510411
0.0486829
0.0447447
0.0370391
0.0459634
0.063972
0.0548434
0.0469381
0.0461763
0.0549133
0.0495146
0.0538044
0.0449
0.0389841
0.0529067
0.0460233
0.0588632
0.0374484
0.0450322
0.0476689
0.0494841
0.0428328
0.0414291
0.0424657
0.0617437
0.0454078
0.0410797
0.0409723
0.0446191
0.0375057
0.0372334
0.0512831
0.0415872
0.0501214
0.043599
0.0425333
0.0528842
0.0443688
0.0532608
0.0434035
0.0408051
0.0425801
0.0492183
0.0491498
0.0407658
0.0641661
0.0486861
0.0444366
0.0487012
0.0680064
0.03806
0.0375077
0.039947
0.0323386
0.0456197
0.0639119
0.0661032
0.0543953
0.0505541
0.0487528
0.0515018
0.0456812
0.0498523
0.0468888
0.0349241
0.0446443
0.0479079
0.0534442
0.0325498
0.0457615
0.0438562
0.0610721
0.0573268
0.0485114
0.0349877
0.0451274
0.0445775
0.0439569
0.0445596
0.0524309
0.039834
0.0406898
0.0384382
0.0362888
0.0517731
0.0457959
0.0421953
0.0441376
0.0451096
0.0477366
0.0544863
0.0463154
0.0474292
0.040636
0.0454161
0.0524782
0.0611261
0.051684
0.0523067
0.0532536
0.0427197
0.045859
0.0486858
0.0447122
0.0594548
0.0521237
0.0598385
0.0492841
0.0409373
0.055408
0.06439
0.0466633
0.0652407
0.057797
0.0500299
0.0374701
0.0611013
0.0598751
0.0507865
0.0425304
0.0468126
0.0476769
0.0545528
0.0519164
0.0423795
0.050813
0.0565859
0.044791
0.0460696
0.0406602
0.0418216
0.0392638
0.0620293
0.0509305
0.0426148
0.0372807
0.0569363
0.0416528
0.0603399
0.0515425
0.0464265
0.0484673
0.04606
0.0427836
0.0431369
0.0547926
0.050772
0.0471112
0.0438729
0.0473973
0.0573539
0.059683
0.0531078
0.0399345
0.0533664
0.0556267
0.0653851
0.0586929
0.0458846
0.0512706
0.0433029
0.0433847
0.0486621
0.056974
0.0534747
0.0580393
0.0581931
0.0562976
0.067462
0.0471521
0.0475751
0.0542355
0.0540653
0.0379977
0.0557317
0.0368939
0.0467732
0.045612
0.0584901
0.062972
0.0592981
0.0551327
0.0644138
0.0479389
0.0418645
0.0504234
0.045205
0.0514173
0.0391514
0.0583915
0.0465723
0.049954
0.0557755
0.0531858
0.0479028
0.0478622
0.0538758
0.0468831
0.0526567
0.0614847
0.0510925
0.0575444
0.049609
0.0503665
0.0499359
0.0641903
0.048509
0.0506849
0.0492229
0.0586675
0.0342496
0.0382437
0.0531568
0.0605878
0.0441822
0.0466273
0.0627216
0.0495128
0.0411938
0.0508885
0.0569502
0.0487645
0.0608598
0.0426568
0.0484485
0.0526741
0.0532276
0.0567543
0.0432035
0.043961
0.0534144
0.0480229
0.0490986
0.039564
0.0427404
0.0453173
0.0488326
0.0604206
0.0445258
0.0438317
0.0633349
0.047038
0.0538879
0.0511957
0.0557612
0.0515156
0.0524273
0.0590545
0.0552316
0.0494907
0.0478319
0.0455572
0.0593003
0.0563532
0.0405219
0.0585457
0.052499
0.0541398
0.0507882
0.0548612
0.0478799
0.0460467
0.0538826
0.0486614
0.0571177
0.0642933
0.0606195
0.0436943
0.0528233
0.0410523
0.0633179
0.0547891
0.0622929
0.090306
0.0533582
0.0374249
0.0669775
0.0477279
0.0469827
0.0480631
0.0447953
0.0404873
0.0583273
0.0479795
0.0560334
0.0490082
0.0431481
0.0594347
0.0484455
0.0525477
0.0601803
0.053672
0.0469239
0.0435307
0.0487798
0.0471077
0.039954
0.0578423
0.0538588
0.0513963
0.0444511
0.0478491
0.0425702
0.0545506
0.05097
0.0546151
0.04145
0.0474128
0.0504565
0.0467925
0.0563539
0.0564412
0.0525676
0.0387205
0.0431519
0.0401782
0.0586087
0.0506901
0.0362393
0.0379787
0.047067
0.0525127
0.0630271
0.0443049
0.0470966
0.0392746
0.0592313
0.0598884
0.0528798
0.0563967
0.0447529
0.0598944
0.0490196
0.0399945
0.0524832
0.0455484
0.0425736
0.0540068
0.0449115
0.0606322
0.0483898
0.0619909
0.060526
0.0462394
0.04278
0.0462818
0.039936
0.0530861
0.0471329
0.0490835
0.0413894
0.0516587
0.0405345
0.0532859
0.0541878
0.062177
0.0529635
0.0373262
0.0469191
0.0434987
0.0504919
0.0486162
0.0464159
0.0507728
0.0549338
0.048089
0.0444452
0.0493004
0.0525971
0.0518295
0.0481866
0.0471741
0.0457465
0.048897
0.0457879
0.0461842
0.0475594
0.0523558
0.0430398
0.0408353
0.0476844
0.0388536
0.0333164
0.0431929
0.0568482
0.0394321
0.0422024
0.0353266
0.0574612
0.0554034
0.0370084
0.0576523
0.0516001
0.0472771
0.0518523
0.0449297
0.0376369
0.067488
0.0467326
0.0533958
0.033127
0.0393299
0.0426647
0.0509751
0.0496791
0.0604913
0.0425526
0.0507821
0.0532541
0.0416983
0.0591815
0.0529926
0.0478973
0.0513745
0.050993
0.0411382
0.0452313
0.0477746
0.0598472
0.0556944
0.0481018
0.058196
0.0502408
0.0468415
0.0594718
0.0593195
0.0576873
0.0542663
0.0532694
0.0516909
0.0526426
0.0551804
0.0467947
0.0544596
0.0487351
0.0530553
0.0675863
0.0477982
0.0557771
0.044821
0.0579829
0.0622742
0.048172
0.0491444
0.0397117
0.0437826
0.0490404
0.0456536
0.0527073
0.0424304
0.0431965
0.0483907
0.0533354
0.054648
0.0415662
0.0429338
0.0357343
0.0446177
0.0474475
0.0429675
0.0476023
0.0465315
0.0559317
0.0455293
0.057613
0.0500521
0.052245
0.0457709
0.051511
0.0447039
0.079642
0.051639
0.0619044
0.0397804
0.0454872
0.0619769
0.0546456
0.0484275
0.0450587
0.0344994
0.0447672
0.0446
0.0436763
0.0531635
0.0456102
0.0478606
0.038559
0.0541685
0.0461016
0.0444562
0.0503177
0.0329604
0.0420368
0.0466062
0.0316685
0.0508615
0.0528329
0.0451803
0.0432244
0.0531775
0.0470621
0.0567957
0.0385394
0.0369806
0.0608789
0.0626253
0.0549054
0.0513907
0.0513518
0.0418206
0.0521161
0.0411934
0.0578694
0.0478838
0.054575
0.050658
0.0402429
0.0690644
0.0521256
0.0462379
0.055172
0.0519327
0.0436199
0.050005
0.0462318
0.0615194
0.0607649
0.0511158
0.042476
0.0438227
0.057738
0.0691647
0.0454017
0.0513924
0.0547347
0.0355666
0.0620127
0.0493557
0.044496
0.0497492
0.0538759
0.0416433
0.0538987
0.0604334
0.0501504
0.0631991
0.0659662
0.0457363
0.0478369
0.0566536
0.0480175
0.0586172
0.0414206
0.0545978
0.0496885
0.0543556
0.054424
0.0542263
0.0531898
0.0506459
0.0712904
0.0364715
0.0354989
0.0487879
0.0526621
0.049491
0.0520179
0.0404558
0.0557023
0.0631614
0.0444511
0.0539574
0.0550582
0.0575083
0.0445145
0.0579493
0.059249
0.0526116
0.0465158
0.059886
0.0473458
0.0517786
0.0499479
0.0402662
0.0515293
0.0551672
0.0574951
0.0501693
0.046503
0.0387181
0.050131
0.0543487
0.0448329
0.0503228
0.048875
0.0531571
0.058704
0.0564109
0.0640318
0.0736529
0.0493479
0.0586161
0.0509847
0.0622658
0.0475808
0.0557213
0.0545242
0.0491025
0.046891
0.0679535
0.0391142
0.0553645
0.0552471
0.0532208
0.0542176
0.0402187
0.0444228
0.0413638
0.0593979
0.0483089
0.0554483
0.0482398
0.0557349
0.0389189
0.0493923
0.0635818
0.0497738
0.0602066
0.0458093
0.0427619
0.0468994
0.0502659
0.052635
0.0667961
0.0489849
0.0571086
0.0636328
0.0583213
0.0601601
0.0449958
0.0711026
0.0445011
0.039008
0.0441193
0.0646009
0.0549878
0.0471057
0.056715
0.0569712
0.0598087
0.0578857
0.0556617
0.0658411
0.0489267
0.0393936
0.059365
0.0505574
0.0510234
0.0444054
0.0476239
0.0468082
0.0588299
0.042098
0.05698
0.0420637
0.0538689
0.0475369
0.0529519
0.0561976
0.0463022
0.0691519
0.0553121
0.0663486
0.04672
0.0512576
0.0599144
0.0549332
0.051418
0.0678999
0.0472836
0.043379
0.053936
0.0475486
0.0522197
0.0418698
0.0436248
0.0513225
0.0477776
0.0505691
0.0464603
0.0521571
0.047991
0.0506745
0.05561
0.0427029
0.0447053
0.0449007
0.0454746
0.0478688
0.0701996
0.0627059
0.0464734
0.0343522
0.0594925
0.0487448
0.0518995
0.056673
0.0580589
0.0486354
0.0554436
0.0465886
0.0459195
0.0589689
0.0489759
0.0382788
0.0585852
0.0350133
0.0423987
0.0436295
0.0501772
0.0502351
0.0464794
0.0555784
0.0536301
0.0549951
0.0496234
0.0543992
0.0489477
0.0528072
0.0435488
0.0448011
0.0527252
0.0425183
0.055547
0.0652347
0.0621086
0.0568879
0.0478368
0.0548897
0.0455724
0.0495151
0.0552181
0.0554996
0.0543946
0.0522667
0.040688
0.0502907
0.0446584
0.0460929
0.05487
0.0399224
0.0471265
0.0446787
0.0573406
0.057869
0.0427329
0.0519177
0.05
0.05
0.05
0.05
0.05
0.05
0.05
0.05
0.05
0.05
0.05
0.05
0.05
0.05
0.05
0.05
0.05
0.05
0.05
0.05
0.05
0.05
0.05
0.05
0.05
0.05
0.05
0.05
0.05
0.05
0.05
0.05
777777